iteration logLik intercept1 intercept1_p intercept1_a pcov2 pcov2_p pcov2_a pcov3 pcov3_p pcov3_a pcov4 pcov4_p pcov4_a intercept2 intercept2_p intercept2_a intercept3 intercept3_p intercept3_a intercept4 intercept4_p intercept4_a pcov pcov_p pcov_a data_p data_a
0 -13110.2 0 0 0 -2.97883 0 0 -1.77113 0 0 0 0 0 4.22714 0 0 0 0 0 0 0 0 0 0 0 0 0
100 -188.697 0 0 0 1.53604 100 43 3.68482 100 33 0 0 0 -2.90537 100 28 0 0 0 0 0 0 0 0 0 0 0
200 -189.234 0 0 0 0.503074 100 36 0.308383 100 36 0 0 0 -2.5572 100 18 0 0 0 0 0 0 0 0 0 0 0
300 -189.422 0 0 0 0.516427 100 37 -0.452669 100 31 0 0 0 -2.49853 100 23 0 0 0 0 0 0 0 0 0 0 0
400 -189.161 0 0 0 0.912997 100 33 5.03119 100 30 0 0 0 -2.87747 100 28 0 0 0 0 0 0 0 0 0 0 0
500 -188.354 0 0 0 1.31886 100 38 2.64792 100 19 0 0 0 -2.64647 100 27 0 0 0 0 0 0 0 0 0 0 0
600 -188.967 0 0 0 0.524156 100 36 3.82154 100 26 0 0 0 -2.66978 100 22 0 0 0 0 0 0 0 0 0 0 0
700 -188.426 0 0 0 1.17703 100 38 1.44358 100 27 0 0 0 -2.67274 100 25 0 0 0 0 0 0 0 0 0 0 0
800 -189.145 0 0 0 0.407251 100 36 3.50671 100 29 0 0 0 -2.62966 100 26 0 0 0 0 0 0 0 0 0 0 0
900 -189.412 0 0 0 0.923575 100 32 0.353569 100 19 0 0 0 -2.2231 100 28 0 0 0 0 0 0 0 0 0 0 0
1000 -188.316 0 0 0 1.26608 100 35 3.72257 100 34 0 0 0 -2.6503 100 29 0 0 0 0 0 0 0 0 0 0 0
1100 -189.209 0 0 0 0.150195 100 41 2.80667 100 35 0 0 0 -2.31362 100 32 0 0 0 0 0 0 0 0 0 0 0
1200 -188.055 0 0 0 0.987522 100 36 2.23811 100 20 0 0 0 -2.43491 100 28 0 0 0 0 0 0 0 0 0 0 0
1300 -187.913 0 0 0 0.54167 100 42 2.55513 100 28 0 0 0 -2.46266 100 17 0 0 0 0 0 0 0 0 0 0 0
1400 -187.946 0 0 0 0.706685 100 28 1.14542 100 28 0 0 0 -2.31488 100 25 0 0 0 0 0 0 0 0 0 0 0
1500 -188.657 0 0 0 0.266321 100 37 0.00294652 100 25 0 0 0 -2.11601 100 30 0 0 0 0 0 0 0 0 0 0 0
1600 -188.677 0 0 0 0.317604 100 40 -0.385122 100 28 0 0 0 -2.27063 100 25 0 0 0 0 0 0 0 0 0 0 0
1700 -188.464 0 0 0 0.770501 100 36 2.98421 100 21 0 0 0 -2.75108 100 26 0 0 0 0 0 0 0 0 0 0 0
1800 -190.855 0 0 0 -0.159438 100 39 -1.70947 100 27 0 0 0 -2.17189 100 24 0 0 0 0 0 0 0 0 0 0 0
1900 -187.734 0 0 0 0.988278 100 31 2.13377 100 22 0 0 0 -2.54407 100 27 0 0 0 0 0 0 0 0 0 0 0
2000 -188.292 0 0 0 0.388788 100 28 0.137584 100 30 0 0 0 -2.22502 100 23 0 0 0 0 0 0 0 0 0 0 0
2100 -189.222 0 0 0 0.691014 100 31 0.590894 100 35 0 0 0 -2.12427 100 20 0 0 0 0 0 0 0 0 0 0 0
2200 -192.08 0 0 0 1.04237 100 32 3.95939 100 21 0 0 0 -3.22142 100 19 0 0 0 0 0 0 0 0 0 0 0
2300 -189.531 0 0 0 1.61032 100 34 3.97998 100 27 0 0 0 -3.11823 100 16 0 0 0 0 0 0 0 0 0 0 0
2400 -188.361 0 0 0 1.29289 100 31 2.15149 100 21 0 0 0 -2.72115 100 19 0 0 0 0 0 0 0 0 0 0 0
2500 -189.064 0 0 0 0.300646 100 26 3.38976 100 37 0 0 0 -2.40035 100 26 0 0 0 0 0 0 0 0 0 0 0
2600 -188.522 0 0 0 0.181244 100 41 1.46062 100 27 0 0 0 -2.29054 100 27 0 0 0 0 0 0 0 0 0 0 0
2700 -189.148 0 0 0 0.967961 100 38 3.65106 100 26 0 0 0 -2.399 100 28 0 0 0 0 0 0 0 0 0 0 0
2800 -188.44 0 0 0 1.36022 100 32 3.52953 100 27 0 0 0 -2.68326 100 22 0 0 0 0 0 0 0 0 0 0 0
2900 -187.946 0 0 0 0.834233 100 32 2.27211 100 32 0 0 0 -2.6558 100 31 0 0 0 0 0 0 0 0 0 0 0
3000 -191.912 0 0 0 -0.0826204 100 28 -2.51635 100 26 0 0 0 -1.76046 100 21 0 0 0 0 0 0 0 0 0 0 0
3100 -188.961 0 0 0 1.30456 100 34 1.40434 100 33 0 0 0 -2.76213 100 32 0 0 0 0 0 0 0 0 0 0 0
3200 -190.216 0 0 0 0.345323 100 41 1.77263 100 38 0 0 0 -2.01151 100 22 0 0 0 0 0 0 0 0 0 0 0
3300 -188.733 0 0 0 0.14953 100 34 0.00377098 100 25 0 0 0 -2.17069 100 18 0 0 0 0 0 0 0 0 0 0 0
3400 -191.141 0 0 0 0.666792 100 47 6.12851 100 29 0 0 0 -2.79292 100 26 0 0 0 0 0 0 0 0 0 0 0
3500 -189.59 0 0 0 0.424695 100 28 -0.0569846 100 36 0 0 0 -2.00098 100 28 0 0 0 0 0 0 0 0 0 0 0
3600 -188.518 0 0 0 0.76819 100 25 2.69363 100 23 0 0 0 -2.31294 100 23 0 0 0 0 0 0 0 0 0 0 0
3700 -187.72 0 0 0 1.00239 100 37 3.11369 100 32 0 0 0 -2.62335 100 26 0 0 0 0 0 0 0 0 0 0 0
3800 -188.049 0 0 0 1.25604 100 40 3.31112 100 24 0 0 0 -2.78162 100 26 0 0 0 0 0 0 0 0 0 0 0
3900 -190.33 0 0 0 1.51835 100 35 1.93263 100 25 0 0 0 -3.02759 100 28 0 0 0 0 0 0 0 0 0 0 0
4000 -188.798 0 0 0 1.44489 100 41 3.06953 100 27 0 0 0 -2.93101 100 22 0 0 0 0 0 0 0 0 0 0 0
4100 -188.98 0 0 0 0.948709 100 34 2.93387 100 30 0 0 0 -2.34158 100 35 0 0 0 0 0 0 0 0 0 0 0
4200 -188.193 0 0 0 0.568043 100 37 2.22049 100 29 0 0 0 -2.58247 100 22 0 0 0 0 0 0 0 0 0 0 0
4300 -189.252 0 0 0 1.3658 100 27 5.38871 100 34 0 0 0 -3.07419 100 26 0 0 0 0 0 0 0 0 0 0 0
4400 -189.355 0 0 0 0.636813 100 40 4.65059 100 20 0 0 0 -2.75196 100 35 0 0 0 0 0 0 0 0 0 0 0
4500 -187.641 0 0 0 0.726104 100 43 2.02213 100 26 0 0 0 -2.48293 100 24 0 0 0 0 0 0 0 0 0 0 0
4600 -192.006 0 0 0 1.53506 100 42 7.85687 100 24 0 0 0 -3.32827 100 25 0 0 0 0 0 0 0 0 0 0 0
4700 -189.339 0 0 0 1.17738 100 30 0.479554 100 25 0 0 0 -2.42544 100 22 0 0 0 0 0 0 0 0 0 0 0
4800 -188.337 0 0 0 0.417012 100 42 2.89236 100 26 0 0 0 -2.4583 100 26 0 0 0 0 0 0 0 0 0 0 0
4900 -188.291 0 0 0 1.38376 100 32 3.35188 100 29 0 0 0 -2.81057 100 15 0 0 0 0 0 0 0 0 0 0 0
5000 -188.966 0 0 0 0.18929 100 29 2.71824 100 23 0 0 0 -2.34474 100 23 0 0 0 0 0 0 0 0 0 0 0
5100 -188.249 0 0 0 0.583619 100 34 0.0466062 100 23 0 0 0 -2.34508 100 22 0 0 0 0 0 0 0 0 0 0 0
5200 -188.116 0 0 0 1.26659 100 28 3.05321 100 30 0 0 0 -2.78929 100 26 0 0 0 0 0 0 0 0 0 0 0
5300 -193.194 0 0 0 0.650045 100 36 -4.45453 100 28 0 0 0 -2.26488 100 26 0 0 0 0 0 0 0 0 0 0 0
5400 -190.265 0 0 0 0.434522 100 49 0.26665 100 25 0 0 0 -1.95124 100 29 0 0 0 0 0 0 0 0 0 0 0
5500 -188.388 0 0 0 0.448965 100 32 1.45627 100 29 0 0 0 -2.18478 100 25 0 0 0 0 0 0 0 0 0 0 0
5600 -188.27 0 0 0 0.391713 100 33 0.175089 100 22 0 0 0 -2.23147 100 33 0 0 0 0 0 0 0 0 0 0 0
5700 -190.043 0 0 0 0.80948 100 41 2.26791 100 24 0 0 0 -2.163 100 31 0 0 0 0 0 0 0 0 0 0 0
5800 -187.996 0 0 0 0.765684 100 36 1.05775 100 25 0 0 0 -2.33123 100 28 0 0 0 0 0 0 0 0 0 0 0
5900 -188.094 0 0 0 0.869511 100 31 1.02485 100 28 0 0 0 -2.55695 100 28 0 0 0 0 0 0 0 0 0 0 0
6000 -187.87 0 0 0 0.94805 100 32 1.49292 100 26 0 0 0 -2.48153 100 29 0 0 0 0 0 0 0 0 0 0 0
6100 -188.349 0 0 0 0.773402 100 47 0.949926 100 28 0 0 0 -2.5891 100 28 0 0 0 0 0 0 0 0 0 0 0
6200 -189.59 0 0 0 1.23121 100 34 5.56126 100 32 0 0 0 -2.72375 100 27 0 0 0 0 0 0 0 0 0 0 0
6300 -190.308 0 0 0 0.830555 100 31 -1.84862 100 26 0 0 0 -2.24717 100 31 0 0 0 0 0 0 0 0 0 0 0
6400 -189.429 0 0 0 1.28012 100 35 1.66372 100 27 0 0 0 -2.88979 100 24 0 0 0 0 0 0 0 0 0 0 0
6500 -188.336 0 0 0 0.285554 100 31 1.57392 100 21 0 0 0 -2.37722 100 19 0 0 0 0 0 0 0 0 0 0 0
6600 -188.193 0 0 0 0.366675 100 37 2.23477 100 32 0 0 0 -2.39654 100 26 0 0 0 0 0 0 0 0 0 0 0
6700 -188.38 0 0 0 1.172 100 40 4.57644 100 21 0 0 0 -2.86414 100 25 0 0 0 0 0 0 0 0 0 0 0
6800 -193.042 0 0 0 0.974349 100 34 2.55631 100 43 0 0 0 -3.18549 100 26 0 0 0 0 0 0 0 0 0 0 0
6900 -190.272 0 0 0 1.49872 100 35 6.62671 100 36 0 0 0 -2.97429 100 26 0 0 0 0 0 0 0 0 0 0 0
7000 -189.839 0 0 0 0.0277749 100 33 2.83656 100 26 0 0 0 -2.41801 100 27 0 0 0 0 0 0 0 0 0 0 0
7100 -187.904 0 0 0 1.13172 100 35 3.65576 100 30 0 0 0 -2.69849 100 20 0 0 0 0 0 0 0 0 0 0 0
7200 -190.275 0 0 0 0.496606 100 39 3.20611 100 23 0 0 0 -2.16428 100 21 0 0 0 0 0 0 0 0 0 0 0
7300 -188.308 0 0 0 0.284365 100 35 0.756054 100 27 0 0 0 -2.305 100 25 0 0 0 0 0 0 0 0 0 0 0
7400 -189.471 0 0 0 0.26094 100 39 2.51352 100 29 0 0 0 -2.15124 100 27 0 0 0 0 0 0 0 0 0 0 0
7500 -191.149 0 0 0 1.67145 100 38 3.90773 100 25 0 0 0 -2.62787 100 24 0 0 0 0 0 0 0 0 0 0 0
7600 -188.889 0 0 0 1.39726 100 39 4.54716 100 30 0 0 0 -3.03253 100 27 0 0 0 0 0 0 0 0 0 0 0
7700 -189.415 0 0 0 -0.0666685 100 40 1.17589 100 20 0 0 0 -2.12639 100 28 0 0 0 0 0 0 0 0 0 0 0
7800 -191.201 0 0 0 0.148219 100 31 4.48355 100 43 0 0 0 -2.38924 100 25 0 0 0 0 0 0 0 0 0 0 0
7900 -191.957 0 0 0 2.29951 100 33 5.67759 100 37 0 0 0 -3.43023 100 20 0 0 0 0 0 0 0 0 0 0 0
8000 -188.486 0 0 0 0.561616 100 42 2.99624 100 23 0 0 0 -2.64294 100 23 0 0 0 0 0 0 0 0 0 0 0
8100 -189.35 0 0 0 0.450223 100 35 3.71734 100 37 0 0 0 -2.33716 100 20 0 0 0 0 0 0 0 0 0 0 0
8200 -188.535 0 0 0 1.23245 100 41 4.87412 100 35 0 0 0 -2.78511 100 28 0 0 0 0 0 0 0 0 0 0 0
8300 -188.353 0 0 0 0.342498 100 38 0.175128 100 27 0 0 0 -2.19746 100 29 0 0 0 0 0 0 0 0 0 0 0
8400 -187.706 0 0 0 0.723385 100 33 2.35361 100 28 0 0 0 -2.42957 100 21 0 0 0 0 0 0 0 0 0 0 0
8500 -189.251 0 0 0 1.38898 100 38 4.59034 100 30 0 0 0 -2.67111 100 24 0 0 0 0 0 0 0 0 0 0 0
8600 -190.249 0 0 0 1.62131 100 38 1.94986 100 19 0 0 0 -2.99489 100 36 0 0 0 0 0 0 0 0 0 0 0
8700 -187.899 0 0 0 0.553961 100 43 0.881076 100 32 0 0 0 -2.31973 100 26 0 0 0 0 0 0 0 0 0 0 0
8800 -187.863 0 0 0 0.584031 100 46 2.64688 100 33 0 0 0 -2.47073 100 18 0 0 0 0 0 0 0 0 0 0 0
8900 -191.512 0 0 0 0.901975 100 39 6.09483 100 24 0 0 0 -3.12561 100 19 0 0 0 0 0 0 0 0 0 0 0
9000 -188.284 0 0 0 0.289891 100 29 1.75921 100 31 0 0 0 -2.28204 100 25 0 0 0 0 0 0 0 0 0 0 0
9100 -191.168 0 0 0 0.63815 100 33 3.7906 100 26 0 0 0 -2.98837 100 24 0 0 0 0 0 0 0 0 0 0 0
9200 -189.45 0 0 0 1.16722 100 37 2.03466 100 27 0 0 0 -2.92091 100 25 0 0 0 0 0 0 0 0 0 0 0
9300 -189.992 0 0 0 0.663845 100 39 -1.90392 100 25 0 0 0 -2.34436 100 30 0 0 0 0 0 0 0 0 0 0 0
9400 -188.181 0 0 0 1.1335 100 44 4.29294 100 29 0 0 0 -2.70977 100 30 0 0 0 0 0 0 0 0 0 0 0
9500 -190.07 0 0 0 0.73417 100 33 4.55768 100 29 0 0 0 -2.93692 100 26 0 0 0 0 0 0 0 0 0 0 0
9600 -188.227 0 0 0 1.19405 100 36 4.24032 100 27 0 0 0 -2.84915 100 27 0 0 0 0 0 0 0 0 0 0 0
9700 -188.285 0 0 0 0.520276 100 37 0.379418 100 23 0 0 0 -2.41537 100 29 0 0 0 0 0 0 0 0 0 0 0
9800 -191.274 0 0 0 0.24055 100 39 2.8952 100 32 0 0 0 -2.77615 100 29 0 0 0 0 0 0 0 0 0 0 0
9900 -187.722 0 0 0 0.654541 100 28 2.40565 100 25 0 0 0 -2.49089 100 19 0 0 0 0 0 0 0 0 0 0 0
10000 -188.975 0 0 0 0.359277 100 35 3.19756 100 34 0 0 0 -2.57194 100 26 0 0 0 0 0 0 0 0 0 0 0
10100 -189.307 0 0 0 1.46375 100 36 5.11233 100 21 0 0 0 -2.77585 100 24 0 0 0 0 0 0 0 0 0 0 0
10200 -188.045 0 0 0 0.578702 100 34 2.35148 100 26 0 0 0 -2.56028 100 25 0 0 0 0 0 0 0 0 0 0 0
10300 -188.829 0 0 0 0.385213 100 33 0.858982 100 35 0 0 0 -2.50259 100 29 0 0 0 0 0 0 0 0 0 0 0
10400 -190.357 0 0 0 0.259371 100 27 3.54851 100 40 0 0 0 -2.69648 100 27 0 0 0 0 0 0 0 0 0 0 0
10500 -188.888 0 0 0 1.15441 100 44 0.715136 100 29 0 0 0 -2.47071 100 27 0 0 0 0 0 0 0 0 0 0 0
10600 -188.478 0 0 0 0.584644 100 45 0.947893 100 28 0 0 0 -2.54948 100 19 0 0 0 0 0 0 0 0 0 0 0
10700 -187.994 0 0 0 1.04632 100 28 3.96242 100 26 0 0 0 -2.67443 100 29 0 0 0 0 0 0 0 0 0 0 0
10800 -189.033 0 0 0 0.94659 100 37 1.8857 100 30 0 0 0 -2.81694 100 29 0 0 0 0 0 0 0 0 0 0 0
10900 -190.024 0 0 0 0.00303227 100 40 -0.967129 100 34 0 0 0 -1.92103 100 28 0 0 0 0 0 0 0 0 0 0 0
11000 -187.998 0 0 0 0.525297 100 37 0.734817 100 27 0 0 0 -2.37927 100 24 0 0 0 0 0 0 0 0 0 0 0
11100 -191.87 0 0 0 1.83976 100 42 6.45672 100 38 0 0 0 -2.90501 100 22 0 0 0 0 0 0 0 0 0 0 0
11200 -191.532 0 0 0 1.75631 100 38 7.16224 100 32 0 0 0 -3.43767 100 18 0 0 0 0 0 0 0 0 0 0 0
11300 -188.692 0 0 0 1.25007 100 43 3.03446 100 21 0 0 0 -2.91853 100 22 0 0 0 0 0 0 0 0 0 0 0
11400 -188.64 0 0 0 0.563657 100 36 -0.560795 100 30 0 0 0 -2.32428 100 23 0 0 0 0 0 0 0 0 0 0 0
11500 -190.819 0 0 0 0.932305 100 41 6.49793 100 29 0 0 0 -2.90243 100 24 0 0 0 0 0 0 0 0 0 0 0
11600 -189.963 0 0 0 0.610889 100 33 5.02732 100 26 0 0 0 -2.54224 100 24 0 0 0 0 0 0 0 0 0 0 0
11700 -188.54 0 0 0 0.682316 100 33 4.16461 100 25 0 0 0 -2.607 100 28 0 0 0 0 0 0 0 0 0 0 0
11800 -190.071 0 0 0 0.0405506 100 33 -1.78306 100 29 0 0 0 -2.14823 100 22 0 0 0 0 0 0 0 0 0 0 0
11900 -187.773 0 0 0 1.01265 100 32 2.6311 100 28 0 0 0 -2.66867 100 22 0 0 0 0 0 0 0 0 0 0 0
12000 -188.283 0 0 0 0.262804 100 34 1.07837 100 29 0 0 0 -2.28468 100 19 0 0 0 0 0 0 0 0 0 0 0
12100 -189.242 0 0 0 0.689707 100 32 3.97407 100 21 0 0 0 -2.38186 100 20 0 0 0 0 0 0 0 0 0 0 0
12200 -188.282 0 0 0 1.19627 100 41 1.76283 100 21 0 0 0 -2.57784 100 24 0 0 0 0 0 0 0 0 0 0 0
12300 -189.535 0 0 0 1.18152 100 35 3.85749 100 24 0 0 0 -3.05226 100 10 0 0 0 0 0 0 0 0 0 0 0
12400 -188.037 0 0 0 1.19495 100 40 3.71524 100 25 0 0 0 -2.80102 100 26 0 0 0 0 0 0 0 0 0 0 0
12500 -187.749 0 0 0 0.965965 100 44 3.12998 100 28 0 0 0 -2.66489 100 30 0 0 0 0 0 0 0 0 0 0 0
12600 -187.966 0 0 0 0.962161 100 34 1.25527 100 29 0 0 0 -2.51734 100 34 0 0 0 0 0 0 0 0 0 0 0
12700 -188.643 0 0 0 0.264828 100 36 1.21861 100 28 0 0 0 -2.1358 100 18 0 0 0 0 0 0 0 0 0 0 0
12800 -189.028 0 0 0 1.12299 100 33 2.47097 100 35 0 0 0 -2.3903 100 22 0 0 0 0 0 0 0 0 0 0 0
12900 -189.246 0 0 0 0.833572 100 33 3.37505 100 37 0 0 0 -2.88635 100 22 0 0 0 0 0 0 0 0 0 0 0
13000 -187.701 0 0 0 1.00319 100 29 2.43517 100 35 0 0 0 -2.59114 100 23 0 0 0 0 0 0 0 0 0 0 0
13100 -188.011 0 0 0 0.589749 100 38 0.673778 100 29 0 0 0 -2.40737 100 20 0 0 0 0 0 0 0 0 0 0 0
13200 -188.162 0 0 0 1.20503 100 38 1.9969 100 36 0 0 0 -2.6367 100 26 0 0 0 0 0 0 0 0 0 0 0
13300 -190.328 0 0 0 0.0448687 100 30 2.82294 100 24 0 0 0 -2.54122 100 30 0 0 0 0 0 0 0 0 0 0 0
13400 -188.414 0 0 0 0.799324 100 37 1.29287 100 25 0 0 0 -2.64489 100 25 0 0 0 0 0 0 0 0 0 0 0
13500 -190.986 0 0 0 1.67767 100 41 6.50748 100 31 0 0 0 -3.37457 100 25 0 0 0 0 0 0 0 0 0 0 0
13600 -188.108 0 0 0 0.764867 100 34 1.41352 100 28 0 0 0 -2.59429 100 31 0 0 0 0 0 0 0 0 0 0 0
13700 -188.541 0 0 0 1.35741 100 40 2.27478 100 20 0 0 0 -2.66689 100 19 0 0 0 0 0 0 0 0 0 0 0
13800 -187.906 0 0 0 0.517542 100 32 0.915386 100 31 0 0 0 -2.32266 100 31 0 0 0 0 0 0 0 0 0 0 0
13900 -188.059 0 0 0 0.855799 100 34 1.50551 100 31 0 0 0 -2.61607 100 30 0 0 0 0 0 0 0 0 0 0 0
14000 -187.859 0 0 0 0.897791 100 32 3.11242 100 27 0 0 0 -2.50308 100 31 0 0 0 0 0 0 0 0 0 0 0
14100 -189.83 0 0 0 0.361525 100 44 0.0824214 100 28 0 0 0 -1.96574 100 27 0 0 0 0 0 0 0 0 0 0 0
14200 -188.274 0 0 0 0.388281 100 31 2.2821 100 29 0 0 0 -2.29635 100 24 0 0 0 0 0 0 0 0 0 0 0
14300 -188.825 0 0 0 0.686052 100 31 -0.623024 100 24 0 0 0 -2.39094 100 20 0 0 0 0 0 0 0 0 0 0 0
14400 -188.373 0 0 0 1.18319 100 33 2.40806 100 31 0 0 0 -2.51133 100 15 0 0 0 0 0 0 0 0 0 0 0
14500 -188.081 0 0 0 0.535124 100 41 0.987199 100 24 0 0 0 -2.23777 100 21 0 0 0 0 0 0 0 0 0 0 0
14600 -193.82 0 0 0 2.25328 100 39 3.68828 100 25 0 0 0 -3.51527 100 29 0 0 0 0 0 0 0 0 0 0 0
14700 -188.219 0 0 0 0.82158 100 24 3.89952 100 29 0 0 0 -2.71059 100 31 0 0 0 0 0 0 0 0 0 0 0
14800 -188.44 0 0 0 0.668691 100 26 1.79466 100 30 0 0 0 -2.64745 100 25 0 0 0 0 0 0 0 0 0 0 0
14900 -191.376 0 0 0 1.13823 100 35 2.57506 100 29 0 0 0 -3.12391 100 23 0 0 0 0 0 0 0 0 0 0 0
15000 -188.294 0 0 0 1.10552 100 36 4.42056 100 30 0 0 0 -2.6895 100 28 0 0 0 0 0 0 0 0 0 0 0
15100 -187.947 0 0 0 0.550455 100 28 0.738221 100 26 0 0 0 -2.30746 100 33 0 0 0 0 0 0 0 0 0 0 0
15200 -188.191 0 0 0 1.30762 100 36 2.9553 100 31 0 0 0 -2.78552 100 18 0 0 0 0 0 0 0 0 0 0 0
15300 -188.144 0 0 0 0.670162 100 37 0.522942 100 26 0 0 0 -2.45254 100 28 0 0 0 0 0 0 0 0 0 0 0
15400 -188.224 0 0 0 0.586931 100 30 0.0696506 100 27 0 0 0 -2.29435 100 28 0 0 0 0 0 0 0 0 0 0 0
15500 -188.132 0 0 0 1.20975 100 38 2.11951 100 25 0 0 0 -2.63509 100 20 0 0 0 0 0 0 0 0 0 0 0
15600 -187.783 0 0 0 0.877874 100 33 2.90662 100 29 0 0 0 -2.49389 100 25 0 0 0 0 0 0 0 0 0 0 0
15700 -188.995 0 0 0 0.710879 100 35 0.679244 100 33 0 0 0 -2.63718 100 18 0 0 0 0 0 0 0 0 0 0 0
15800 -188.444 0 0 0 0.628272 100 42 -0.277739 100 21 0 0 0 -2.29834 100 28 0 0 0 0 0 0 0 0 0 0 0
15900 -189.595 0 0 0 1.69155 100 30 5.01872 100 20 0 0 0 -3.17239 100 18 0 0 0 0 0 0 0 0 0 0 0
16000 -189.265 0 0 0 0.20821 100 39 0.982189 100 25 0 0 0 -2.47189 100 20 0 0 0 0 0 0 0 0 0 0 0
16100 -189.581 0 0 0 0.983097 100 39 3.12718 100 22 0 0 0 -2.96422 100 19 0 0 0 0 0 0 0 0 0 0 0
16200 -188.163 0 0 0 1.22756 100 37 2.43637 100 17 0 0 0 -2.60419 100 26 0 0 0 0 0 0 0 0 0 0 0
16300 -188.187 0 0 0 0.715145 100 38 3.10608 100 21 0 0 0 -2.6777 100 33 0 0 0 0 0 0 0 0 0 0 0
16400 -192.242 0 0 0 1.61791 100 38 8.175 100 24 0 0 0 -3.26425 100 29 0 0 0 0 0 0 0 0 0 0 0
16500 -188.582 0 0 0 0.810041 100 42 -0.198109 100 29 0 0 0 -2.39064 100 31 0 0 0 0 0 0 0 0 0 0 0
16600 -188.928 0 0 0 0.565796 100 33 -0.839585 100 27 0 0 0 -2.18638 100 21 0 0 0 0 0 0 0 0 0 0 0
16700 -189.967 0 0 0 0.495285 100 43 2.21667 100 33 0 0 0 -2.76534 100 21 0 0 0 0 0 0 0 0 0 0 0
16800 -188.663 0 0 0 1.51592 100 33 3.49459 100 29 0 0 0 -2.88943 100 29 0 0 0 0 0 0 0 0 0 0 0
16900 -190.533 0 0 0 1.18101 100 33 -0.0675464 100 29 0 0 0 -2.79706 100 25 0 0 0 0 0 0 0 0 0 0 0
17000 -190.699 0 0 0 1.12059 100 36 0.735338 100 34 0 0 0 -2.90927 100 30 0 0 0 0 0 0 0 0 0 0 0
17100 -188.814 0 0 0 0.538391 100 30 3.46856 100 22 0 0 0 -2.67471 100 25 0 0 0 0 0 0 0 0 0 0 0
17200 -191.423 0 0 0 0.600804 100 30 -1.3967 100 33 0 0 0 -2.62277 100 32 0 0 0 0 0 0 0 0 0 0 0
17300 -188.653 0 0 0 0.297477 100 35 -0.384492 100 29 0 0 0 -2.23827 100 30 0 0 0 0 0 0 0 0 0 0 0
17400 -188.597 0 0 0 0.212146 100 35 1.87975 100 36 0 0 0 -2.3763 100 34 0 0 0 0 0 0 0 0 0 0 0
17500 -189.508 0 0 0 0.448329 100 35 3.28678 100 31 0 0 0 -2.24165 100 24 0 0 0 0 0 0 0 0 0 0 0
17600 -189.357 0 0 0 0.758138 100 21 2.19092 100 27 0 0 0 -2.19186 100 23 0 0 0 0 0 0 0 0 0 0 0
17700 -187.786 0 0 0 0.864296 100 32 1.40443 100 31 0 0 0 -2.46897 100 25 0 0 0 0 0 0 0 0 0 0 0
17800 -187.967 0 0 0 0.452289 100 33 2.12091 100 29 0 0 0 -2.40569 100 30 0 0 0 0 0 0 0 0 0 0 0
17900 -190.789 0 0 0 0.348504 100 30 1.53283 100 34 0 0 0 -2.73292 100 30 0 0 0 0 0 0 0 0 0 0 0
18000 -187.669 0 0 0 0.832291 100 32 2.43498 100 24 0 0 0 -2.47541 100 23 0 0 0 0 0 0 0 0 0 0 0
18100 -188.471 0 0 0 0.908462 100 37 0.978279 100 28 0 0 0 -2.63866 100 28 0 0 0 0 0 0 0 0 0 0 0
18200 -191.844 0 0 0 0.143603 100 40 5.04476 100 33 0 0 0 -2.52743 100 20 0 0 0 0 0 0 0 0 0 0 0
18300 -188.262 0 0 0 0.465725 100 34 0.422814 100 28 0 0 0 -2.19671 100 20 0 0 0 0 0 0 0 0 0 0 0
18400 -188.82 0 0 0 0.479859 100 40 -0.761938 100 26 0 0 0 -2.31191 100 23 0 0 0 0 0 0 0 0 0 0 0
18500 -188.687 0 0 0 0.967611 100 42 3.07292 100 32 0 0 0 -2.85851 100 29 0 0 0 0 0 0 0 0 0 0 0
18600 -187.795 0 0 0 0.602687 100 49 2.47222 100 27 0 0 0 -2.43533 100 23 0 0 0 0 0 0 0 0 0 0 0
18700 -190.473 0 0 0 0.845616 100 34 6.11768 100 19 0 0 0 -2.82034 100 26 0 0 0 0 0 0 0 0 0 0 0
18800 -187.937 0 0 0 0.454139 100 34 1.334 100 27 0 0 0 -2.37961 100 18 0 0 0 0 0 0 0 0 0 0 0
18900 -188.545 0 0 0 1.05826 100 44 1.30188 100 28 0 0 0 -2.39928 100 31 0 0 0 0 0 0 0 0 0 0 0
19000 -189.699 0 0 0 0.575317 100 43 4.9576 100 27 0 0 0 -2.65293 100 27 0 0 0 0 0 0 0 0 0 0 0
19100 -189.264 0 0 0 1.0531 100 35 3.49369 100 31 0 0 0 -2.4025 100 24 0 0 0 0 0 0 0 0 0 0 0
19200 -187.807 0 0 0 0.884725 100 39 2.17345 100 30 0 0 0 -2.62793 100 28 0 0 0 0 0 0 0 0 0 0 0
19300 -187.645 0 0 0 0.801204 100 34 2.4819 100 28 0 0 0 -2.48835 100 13 0 0 0 0 0 0 0 0 0 0 0
19400 -187.704 0 0 0 0.738698 100 33 2.09478 100 20 0 0 0 -2.41118 100 20 0 0 0 0 0 0 0 0 0 0 0
19500 -190.664 0 0 0 0.407938 100 29 -2.60732 100 33 0 0 0 -2.27638 100 18 0 0 0 0 0 0 0 0 0 0 0
19600 -189.314 0 0 0 0.530202 100 32 0.438238 100 26 0 0 0 -2.58986 100 23 0 0 0 0 0 0 0 0 0 0 0
19700 -188.042 0 0 0 1.21493 100 37 3.69319 100 34 0 0 0 -2.80081 100 18 0 0 0 0 0 0 0 0 0 0 0
19800 -188.638 0 0 0 0.340334 100 30 -0.316873 100 24 0 0 0 -2.28983 100 23 0 0 0 0 0 0 0 0 0 0 0
19900 -188.094 0 0 0 0.447525 100 30 0.645682 100 21 0 0 0 -2.24264 100 19 0 0 0 0 0 0 0 0 0 0 0
20000 -187.988 0 0 0 0.536315 100 39 0.75156 100 35 0 0 0 -2.38496 100 30 0 0 0 0 0 0 0 0 0 0 0
20100 -189.372 0 0 0 1.7553 100 30 4.65023 100 29 0 0 0 -3.02796 100 26 0 0 0 0 0 0 0 0 0 0 0
20200 -189.753 0 0 0 1.62406 100 30 5.36712 100 27 0 0 0 -3.20584 100 27 0 0 0 0 0 0 0 0 0 0 0
20300 -188.178 0 0 0 0.841416 100 32 3.6522 100 31 0 0 0 -2.73204 100 29 0 0 0 0 0 0 0 0 0 0 0
20400 -187.839 0 0 0 0.822449 100 33 3.38077 100 32 0 0 0 -2.60822 100 32 0 0 0 0 0 0 0 0 0 0 0
20500 -188.361 0 0 0 0.63884 100 41 3.19517 100 23 0 0 0 -2.66588 100 24 0 0 0 0 0 0 0 0 0 0 0
20600 -188.016 0 0 0 1.02633 100 31 2.82059 100 25 0 0 0 -2.49181 100 22 0 0 0 0 0 0 0 0 0 0 0
20700 -187.734 0 0 0 0.965539 100 39 2.03728 100 23 0 0 0 -2.52266 100 13 0 0 0 0 0 0 0 0 0 0 0
20800 -188.062 0 0 0 0.565028 100 39 0.568129 100 32 0 0 0 -2.3957 100 24 0 0 0 0 0 0 0 0 0 0 0
20900 -188.46 0 0 0 0.747217 100 39 0.211875 100 25 0 0 0 -2.26592 100 20 0 0 0 0 0 0 0 0 0 0 0
21000 -190.612 0 0 0 1.36198 100 40 4.07165 100 28 0 0 0 -3.21063 100 19 0 0 0 0 0 0 0 0 0 0 0
21100 -188.481 0 0 0 0.228675 100 43 1.91806 100 32 0 0 0 -2.33811 100 24 0 0 0 0 0 0 0 0 0 0 0
21200 -192.572 0 0 0 -0.530942 100 40 -2.64853 100 26 0 0 0 -1.93885 100 30 0 0 0 0 0 0 0 0 0 0 0
21300 -189.419 0 0 0 1.44923 100 37 3.4292 100 27 0 0 0 -2.59902 100 25 0 0 0 0 0 0 0 0 0 0 0
21400 -189.25 0 0 0 1.66477 100 30 5.32836 100 26 0 0 0 -3.02998 100 33 0 0 0 0 0 0 0 0 0 0 0
21500 -191.302 0 0 0 1.22259 100 37 4.12382 100 30 0 0 0 -2.38461 100 25 0 0 0 0 0 0 0 0 0 0 0
21600 -189.087 0 0 0 0.81975 100 41 0.673984 100 34 0 0 0 -2.19496 100 23 0 0 0 0 0 0 0 0 0 0 0
21700 -188.392 0 0 0 0.383008 100 30 0.344989 100 31 0 0 0 -2.16141 100 30 0 0 0 0 0 0 0 0 0 0 0
21800 -192.008 0 0 0 1.17191 100 31 7.37593 100 29 0 0 0 -2.92903 100 24 0 0 0 0 0 0 0 0 0 0 0
21900 -188.36 0 0 0 0.354129 100 33 2.49671 100 24 0 0 0 -2.33449 100 22 0 0 0 0 0 0 0 0 0 0 0
22000 -188 0 0 0 1.01472 100 34 3.78939 100 32 0 0 0 -2.60972 100 22 0 0 0 0 0 0 0 0 0 0 0
22100 -187.64 0 0 0 0.734165 100 33 1.89476 100 24 0 0 0 -2.45978 100 30 0 0 0 0 0 0 0 0 0 0 0
22200 -188.442 0 0 0 0.918935 100 34 1.99515 100 23 0 0 0 -2.7439 100 24 0 0 0 0 0 0 0 0 0 0 0
22300 -190.023 0 0 0 1.3296 100 46 0.867631 100 28 0 0 0 -2.44516 100 24 0 0 0 0 0 0 0 0 0 0 0
22400 -188.816 0 0 0 0.249066 100 26 -0.500855 100 25 0 0 0 -2.23826 100 32 0 0 0 0 0 0 0 0 0 0 0
22500 -188.428 0 0 0 0.204598 100 35 0.899515 100 31 0 0 0 -2.23251 100 31 0 0 0 0 0 0 0 0 0 0 0
22600 -189.505 0 0 0 1.09147 100 40 5.01616 100 25 0 0 0 -3.03141 100 16 0 0 0 0 0 0 0 0 0 0 0
22700 -188.924 0 0 0 1.43803 100 39 3.38715 100 25 0 0 0 -2.98664 100 25 0 0 0 0 0 0 0 0 0 0 0
22800 -187.771 0 0 0 0.64957 100 39 2.3088 100 38 0 0 0 -2.39777 100 30 0 0 0 0 0 0 0 0 0 0 0
22900 -188.413 0 0 0 0.233613 100 26 1.73478 100 31 0 0 0 -2.31522 100 30 0 0 0 0 0 0 0 0 0 0 0
23000 -189.935 0 0 0 1.15187 100 40 3.78084 100 27 0 0 0 -3.0801 100 23 0 0 0 0 0 0 0 0 0 0 0
23100 -190.959 0 0 0 0.236819 100 26 -1.38485 100 32 0 0 0 -2.45276 100 26 0 0 0 0 0 0 0 0 0 0 0
23200 -187.869 0 0 0 0.535433 100 33 2.20178 100 36 0 0 0 -2.4634 100 27 0 0 0 0 0 0 0 0 0 0 0
23300 -187.823 0 0 0 0.625014 100 33 1.95168 100 31 0 0 0 -2.34615 100 32 0 0 0 0 0 0 0 0 0 0 0
23400 -188.581 0 0 0 1.34992 100 37 4.90835 100 21 0 0 0 -2.85039 100 33 0 0 0 0 0 0 0 0 0 0 0
23500 -189.302 0 0 0 1.36375 100 42 0.993563 100 20 0 0 0 -2.63974 100 20 0 0 0 0 0 0 0 0 0 0 0
23600 -189.335 0 0 0 0.409235 100 34 3.26864 100 28 0 0 0 -2.26194 100 28 0 0 0 0 0 0 0 0 0 0 0
23700 -190.411 0 0 0 1.02314 100 40 -1.35333 100 28 0 0 0 -2.3253 100 37 0 0 0 0 0 0 0 0 0 0 0
23800 -188.695 0 0 0 0.872725 100 33 2.76337 100 34 0 0 0 -2.32978 100 28 0 0 0 0 0 0 0 0 0 0 0
23900 -188.66 0 0 0 0.2903 100 34 0.748563 100 22 0 0 0 -2.40981 100 28 0 0 0 0 0 0 0 0 0 0 0
24000 -188.692 0 0 0 0.421954 100 43 3.11418 100 32 0 0 0 -2.57247 100 25 0 0 0 0 0 0 0 0 0 0 0
24100 -188.79 0 0 0 1.14728 100 39 3.76615 100 30 0 0 0 -2.51608 100 33 0 0 0 0 0 0 0 0 0 0 0
24200 -188.533 0 0 0 1.19427 100 37 3.07501 100 29 0 0 0 -2.51804 100 25 0 0 0 0 0 0 0 0 0 0 0
24300 -189.027 0 0 0 0.473571 100 35 2.31607 100 29 0 0 0 -2.65989 100 23 0 0 0 0 0 0 0 0 0 0 0
24400 -188.653 0 0 0 1.11557 100 32 1.79955 100 29 0 0 0 -2.7884 100 23 0 0 0 0 0 0 0 0 0 0 0
24500 -187.917 0 0 0 0.459399 100 37 1.8563 100 27 0 0 0 -2.39619 100 27 0 0 0 0 0 0 0 0 0 0 0
24600 -188.783 0 0 0 0.964395 100 34 2.6719 100 25 0 0 0 -2.34854 100 16 0 0 0 0 0 0 0 0 0 0 0
24700 -190.655 0 0 0 0.294937 100 28 0.68203 100 29 0 0 0 -2.64183 100 26 0 0 0 0 0 0 0 0 0 0 0
24800 -188.985 0 0 0 0.657927 100 28 -0.804534 100 25 0 0 0 -2.3901 100 23 0 0 0 0 0 0 0 0 0 0 0
24900 -190.388 0 0 0 0.434622 100 33 -2.04379 100 25 0 0 0 -2.00177 100 17 0 0 0 0 0 0 0 0 0 0 0
25000 -190.111 0 0 0 0.146646 100 38 0.646235 100 34 0 0 0 -1.93338 100 34 0 0 0 0 0 0 0 0 0 0 0
25100 -190.869 0 0 0 1.56319 100 38 3.64964 100 36 0 0 0 -2.56085 100 17 0 0 0 0 0 0 0 0 0 0 0
25200 -188.907 0 0 0 1.52413 100 40 2.70077 100 34 0 0 0 -2.801 100 25 0 0 0 0 0 0 0 0 0 0 0
25300 -191.145 0 0 0 -0.418742 100 36 0.227257 100 28 0 0 0 -2.18003 100 30 0 0 0 0 0 0 0 0 0 0 0
25400 -188.48 0 0 0 1.1409 100 39 2.76052 100 19 0 0 0 -2.47681 100 21 0 0 0 0 0 0 0 0 0 0 0
25500 -188.601 0 0 0 0.657149 100 45 1.21325 100 28 0 0 0 -2.61982 100 24 0 0 0 0 0 0 0 0 0 0 0
25600 -188.314 0 0 0 0.875498 100 26 0.39298 100 35 0 0 0 -2.39395 100 26 0 0 0 0 0 0 0 0 0 0 0
25700 -189.429 0 0 0 1.51456 100 32 3.08805 100 24 0 0 0 -3.03534 100 22 0 0 0 0 0 0 0 0 0 0 0
25800 -187.939 0 0 0 0.646578 100 29 0.72961 100 29 0 0 0 -2.40246 100 28 0 0 0 0 0 0 0 0 0 0 0
25900 -188.248 0 0 0 1.23266 100 38 4.30511 100 31 0 0 0 -2.85468 100 17 0 0 0 0 0 0 0 0 0 0 0
26000 -190.864 0 0 0 1.04661 100 36 5.47268 100 29 0 0 0 -2.53395 100 25 0 0 0 0 0 0 0 0 0 0 0
26100 -189.24 0 0 0 0.249942 100 35 3.05176 100 30 0 0 0 -2.53114 100 27 0 0 0 0 0 0 0 0 0 0 0
26200 -188.533 0 0 0 1.42516 100 37 3.14762 100 40 0 0 0 -2.72014 100 26 0 0 0 0 0 0 0 0 0 0 0
26300 -188.689 0 0 0 0.847912 100 39 0.69951 100 29 0 0 0 -2.25766 100 21 0 0 0 0 0 0 0 0 0 0 0
26400 -188.303 0 0 0 0.252085 100 28 1.22129 100 28 0 0 0 -2.26377 100 21 0 0 0 0 0 0 0 0 0 0 0
26500 -188.131 0 0 0 0.447276 100 31 0.676167 100 33 0 0 0 -2.37398 100 21 0 0 0 0 0 0 0 0 0 0 0
26600 -188.606 0 0 0 0.435157 100 40 -0.554719 100 32 0 0 0 -2.24481 100 25 0 0 0 0 0 0 0 0 0 0 0
26700 -189.627 0 0 0 1.00211 100 40 3.79897 100 35 0 0 0 -3.00272 100 24 0 0 0 0 0 0 0 0 0 0 0
26800 -187.747 0 0 0 0.812051 100 36 2.81056 100 26 0 0 0 -2.47915 100 31 0 0 0 0 0 0 0 0 0 0 0
26900 -190.446 0 0 0 1.09099 100 32 4.17115 100 29 0 0 0 -3.12157 100 29 0 0 0 0 0 0 0 0 0 0 0
27000 -189.413 0 0 0 1.75208 100 42 4.76951 100 33 0 0 0 -3.08453 100 25 0 0 0 0 0 0 0 0 0 0 0
27100 -187.753 0 0 0 0.836836 100 36 3.18135 100 24 0 0 0 -2.56436 100 20 0 0 0 0 0 0 0 0 0 0 0
27200 -188.121 0 0 0 0.461024 100 44 1.84761 100 35 0 0 0 -2.26378 100 23 0 0 0 0 0 0 0 0 0 0 0
27300 -189.448 0 0 0 0.574805 100 40 -1.27819 100 25 0 0 0 -2.13252 100 26 0 0 0 0 0 0 0 0 0 0 0
27400 -187.964 0 0 0 0.574327 100 34 0.719431 100 32 0 0 0 -2.29837 100 23 0 0 0 0 0 0 0 0 0 0 0
27500 -188.854 0 0 0 0.116944 100 37 1.23156 100 22 0 0 0 -2.14209 100 19 0 0 0 0 0 0 0 0 0 0 0
27600 -189.74 0 0 0 -0.142341 100 47 0.686497 100 27 0 0 0 -2.23317 100 23 0 0 0 0 0 0 0 0 0 0 0
27700 -189.004 0 0 0 0.189695 100 35 0.961216 100 35 0 0 0 -2.4187 100 29 0 0 0 0 0 0 0 0 0 0 0
27800 -192.924 0 0 0 0.147391 100 38 -3.92867 100 31 0 0 0 -1.79686 100 27 0 0 0 0 0 0 0 0 0 0 0
27900 -188.198 0 0 0 0.810023 100 39 3.45402 100 28 0 0 0 -2.7266 100 25 0 0 0 0 0 0 0 0 0 0 0
28000 -192.324 0 0 0 0.267701 100 36 -1.60376 100 27 0 0 0 -2.56348 100 23 0 0 0 0 0 0 0 0 0 0 0
28100 -189.105 0 0 0 0.112907 100 26 -0.232145 100 24 0 0 0 -2.04731 100 25 0 0 0 0 0 0 0 0 0 0 0
28200 -190.755 0 0 0 1.53093 100 37 6.11371 100 31 0 0 0 -2.79791 100 35 0 0 0 0 0 0 0 0 0 0 0
28300 -190.037 0 0 0 0.662828 100 34 -1.17867 100 22 0 0 0 -2.07842 100 27 0 0 0 0 0 0 0 0 0 0 0
28400 -187.803 0 0 0 0.845784 100 41 3.02162 100 27 0 0 0 -2.49546 100 31 0 0 0 0 0 0 0 0 0 0 0
28500 -190.604 0 0 0 1.28647 100 26 2.96313 100 22 0 0 0 -3.12609 100 27 0 0 0 0 0 0 0 0 0 0 0
28600 -188.746 0 0 0 0.900737 100 37 0.304415 100 28 0 0 0 -2.30217 100 19 0 0 0 0 0 0 0 0 0 0 0
28700 -190.678 0 0 0 0.459142 100 34 2.80537 100 41 0 0 0 -2.08669 100 28 0 0 0 0 0 0 0 0 0 0 0
28800 -189.266 0 0 0 0.736995 100 26 0.0901135 100 30 0 0 0 -2.1444 100 19 0 0 0 0 0 0 0 0 0 0 0
28900 -188.036 0 0 0 0.685389 100 36 1.45809 100 22 0 0 0 -2.55768 100 19 0 0 0 0 0 0 0 0 0 0 0
29000 -189.511 0 0 0 0.105132 100 38 2.99369 100 27 0 0 0 -2.39519 100 25 0 0 0 0 0 0 0 0 0 0 0
29100 -188.992 0 0 0 1.1981 100 26 0.967805 100 27 0 0 0 -2.72305 100 34 0 0 0 0 0 0 0 0 0 0 0
29200 -188.421 0 0 0 0.983121 100 34 0.567978 100 28 0 0 0 -2.43619 100 21 0 0 0 0 0 0 0 0 0 0 0
29300 -188.81 0 0 0 1.10658 100 27 1.26541 100 38 0 0 0 -2.39572 100 26 0 0 0 0 0 0 0 0 0 0 0
29400 -187.694 0 0 0 0.977531 100 34 2.75078 100 31 0 0 0 -2.63293 100 20 0 0 0 0 0 0 0 0 0 0 0
29500 -190.51 0 0 0 1.92026 100 38 3.3831 100 41 0 0 0 -2.98996 100 25 0 0 0 0 0 0 0 0 0 0 0
29600 -187.76 0 0 0 0.914696 100 31 1.76464 100 27 0 0 0 -2.55908 100 24 0 0 0 0 0 0 0 0 0 0 0
29700 -190.108 0 0 0 1.68819 100 31 2.03568 100 38 0 0 0 -2.80773 100 24 0 0 0 0 0 0 0 0 0 0 0
29800 -189.664 0 0 0 1.13336 100 27 0.546351 100 36 0 0 0 -2.33371 100 23 0 0 0 0 0 0 0 0 0 0 0
29900 -188.121 0 0 0 0.458888 100 35 1.48806 100 23 0 0 0 -2.46361 100 27 0 0 0 0 0 0 0 0 0 0 0
30000 -187.776 0 0 0 0.802762 100 33 2.09942 100 22 0 0 0 -2.59055 100 31 0 0 0 0 0 0 0 0 0 0 0
30100 -188.211 0 0 0 0.678364 100 35 3.68324 100 32 0 0 0 -2.6023 100 32 0 0 0 0 0 0 0 0 0 0 0
30200 -190.431 0 0 0 0.33515 100 39 -2.18529 100 35 0 0 0 -2.30632 100 19 0 0 0 0 0 0 0 0 0 0 0
30300 -189.331 0 0 0 0.593875 100 38 4.70142 100 35 0 0 0 -2.61013 100 23 0 0 0 0 0 0 0 0 0 0 0
30400 -190.792 0 0 0 0.496828 100 45 -0.843135 100 31 0 0 0 -2.59613 100 24 0 0 0 0 0 0 0 0 0 0 0
30500 -188.96 0 0 0 1.36595 100 37 5.40128 100 26 0 0 0 -2.86448 100 32 0 0 0 0 0 0 0 0 0 0 0
30600 -188.388 0 0 0 1.11027 100 38 2.60237 100 31 0 0 0 -2.8218 100 29 0 0 0 0 0 0 0 0 0 0 0
30700 -188.276 0 0 0 1.25884 100 34 4.46656 100 32 0 0 0 -2.80446 100 29 0 0 0 0 0 0 0 0 0 0 0
30800 -187.93 0 0 0 0.89847 100 38 3.16666 100 22 0 0 0 -2.70762 100 25 0 0 0 0 0 0 0 0 0 0 0
30900 -189.018 0 0 0 0.541408 100 38 2.32561 100 28 0 0 0 -2.69376 100 23 0 0 0 0 0 0 0 0 0 0 0
31000 -187.733 0 0 0 0.717896 100 34 1.5966 100 35 0 0 0 -2.49427 100 28 0 0 0 0 0 0 0 0 0 0 0
31100 -190.521 0 0 0 1.15765 100 32 6.0416 100 30 0 0 0 -2.70163 100 27 0 0 0 0 0 0 0 0 0 0 0
31200 -188.335 0 0 0 1.31213 100 32 2.87215 100 28 0 0 0 -2.82962 100 30 0 0 0 0 0 0 0 0 0 0 0
31300 -188.717 0 0 0 0.287106 100 38 -0.304736 100 23 0 0 0 -2.28083 100 23 0 0 0 0 0 0 0 0 0 0 0
31400 -188.094 0 0 0 0.598655 100 36 1.63965 100 22 0 0 0 -2.54785 100 32 0 0 0 0 0 0 0 0 0 0 0
31500 -189.274 0 0 0 0.732919 100 31 4.27018 100 27 0 0 0 -2.84325 100 29 0 0 0 0 0 0 0 0 0 0 0
31600 -189.094 0 0 0 0.136397 100 25 -0.0285829 100 23 0 0 0 -2.03899 100 25 0 0 0 0 0 0 0 0 0 0 0
31700 -190.627 0 0 0 -0.272102 100 34 0.152759 100 28 0 0 0 -2.24566 100 27 0 0 0 0 0 0 0 0 0 0 0
31800 -188.974 0 0 0 0.763608 100 34 0.311578 100 27 0 0 0 -2.18594 100 27 0 0 0 0 0 0 0 0 0 0 0
31900 -189.502 0 0 0 1.32366 100 41 2.2781 100 16 0 0 0 -2.96693 100 21 0 0 0 0 0 0 0 0 0 0 0
32000 -189.051 0 0 0 1.02313 100 37 4.39063 100 36 0 0 0 -2.9528 100 30 0 0 0 0 0 0 0 0 0 0 0
32100 -190.041 0 0 0 1.06311 100 37 -0.0787941 100 27 0 0 0 -2.26859 100 27 0 0 0 0 0 0 0 0 0 0 0
32200 -188.666 0 0 0 0.401873 100 41 2.20462 100 29 0 0 0 -2.56347 100 21 0 0 0 0 0 0 0 0 0 0 0
32300 -188.542 0 0 0 0.947537 100 47 4.09189 100 24 0 0 0 -2.84543 100 27 0 0 0 0 0 0 0 0 0 0 0
32400 -188.562 0 0 0 0.728951 100 35 2.31037 100 19 0 0 0 -2.2668 100 23 0 0 0 0 0 0 0 0 0 0 0
32500 -191.369 0 0 0 1.53401 100 38 3.76459 100 23 0 0 0 -3.29225 100 23 0 0 0 0 0 0 0 0 0 0 0
32600 -189.308 0 0 0 0.268985 100 33 0.381499 100 33 0 0 0 -2.00922 100 24 0 0 0 0 0 0 0 0 0 0 0
32700 -188.639 0 0 0 0.28581 100 29 2.42749 100 31 0 0 0 -2.27079 100 28 0 0 0 0 0 0 0 0 0 0 0
32800 -188.529 0 0 0 0.407948 100 31 0.102518 100 21 0 0 0 -2.13979 100 23 0 0 0 0 0 0 0 0 0 0 0
32900 -188.166 0 0 0 1.28554 100 39 4.05184 100 27 0 0 0 -2.77131 100 27 0 0 0 0 0 0 0 0 0 0 0
33000 -191.79 0 0 0 1.99882 100 45 2.31961 100 37 0 0 0 -3.09044 100 21 0 0 0 0 0 0 0 0 0 0 0
33100 -189.986 0 0 0 0.089888 100 33 2.56847 100 32 0 0 0 -2.13272 100 23 0 0 0 0 0 0 0 0 0 0 0
33200 -188.745 0 0 0 1.26468 100 34 5.24013 100 31 0 0 0 -2.87471 100 24 0 0 0 0 0 0 0 0 0 0 0
33300 -191.065 0 0 0 0.714035 100 31 3.11097 100 36 0 0 0 -2.98991 100 22 0 0 0 0 0 0 0 0 0 0 0
33400 -188.77 0 0 0 0.183461 100 46 1.46932 100 24 0 0 0 -2.39358 100 19 0 0 0 0 0 0 0 0 0 0 0
33500 -187.79 0 0 0 0.566072 100 40 1.64243 100 23 0 0 0 -2.43616 100 22 0 0 0 0 0 0 0 0 0 0 0
33600 -188.483 0 0 0 0.83098 100 27 1.54216 100 37 0 0 0 -2.27521 100 30 0 0 0 0 0 0 0 0 0 0 0
33700 -188.29 0 0 0 1.15549 100 39 4.57235 100 29 0 0 0 -2.79033 100 32 0 0 0 0 0 0 0 0 0 0 0
33800 -188.052 0 0 0 0.48231 100 36 0.575436 100 19 0 0 0 -2.3392 100 19 0 0 0 0 0 0 0 0 0 0 0
33900 -188.107 0 0 0 1.17231 100 47 3.00177 100 35 0 0 0 -2.80038 100 21 0 0 0 0 0 0 0 0 0 0 0
34000 -188.869 0 0 0 1.08788 100 40 3.27527 100 29 0 0 0 -2.4364 100 29 0 0 0 0 0 0 0 0 0 0 0
34100 -188.095 0 0 0 0.836279 100 34 2.33455 100 33 0 0 0 -2.68962 100 18 0 0 0 0 0 0 0 0 0 0 0
34200 -189.252 0 0 0 0.138747 100 35 0.0623009 100 25 0 0 0 -2.34851 100 19 0 0 0 0 0 0 0 0 0 0 0
34300 -193.478 0 0 0 -0.546477 100 30 0.669656 100 33 0 0 0 -2.39591 100 19 0 0 0 0 0 0 0 0 0 0 0
34400 -190.828 0 0 0 -0.335183 100 42 0.644018 100 26 0 0 0 -1.96034 100 23 0 0 0 0 0 0 0 0 0 0 0
34500 -188.167 0 0 0 1.13844 100 37 2.23993 100 32 0 0 0 -2.51657 100 29 0 0 0 0 0 0 0 0 0 0 0
34600 -190.613 0 0 0 0.200872 100 38 -1.63378 100 25 0 0 0 -2.36673 100 26 0 0 0 0 0 0 0 0 0 0 0
34700 -188.408 0 0 0 0.77526 100 40 0.00728471 100 27 0 0 0 -2.41446 100 28 0 0 0 0 0 0 0 0 0 0 0
34800 -188.266 0 0 0 0.554808 100 36 0.405676 100 39 0 0 0 -2.42919 100 27 0 0 0 0 0 0 0 0 0 0 0
34900 -187.914 0 0 0 0.830935 100 29 3.53223 100 30 0 0 0 -2.56488 100 28 0 0 0 0 0 0 0 0 0 0 0
35000 -189.926 0 0 0 1.36864 100 36 0.710757 100 25 0 0 0 -2.80737 100 27 0 0 0 0 0 0 0 0 0 0 0
35100 -188.402 0 0 0 0.803137 100 35 4.28695 100 29 0 0 0 -2.66924 100 22 0 0 0 0 0 0 0 0 0 0 0
35200 -187.741 0 0 0 0.951599 100 34 1.8905 100 31 0 0 0 -2.55471 100 22 0 0 0 0 0 0 0 0 0 0 0
35300 -187.876 0 0 0 0.547248 100 30 2.41539 100 23 0 0 0 -2.46768 100 32 0 0 0 0 0 0 0 0 0 0 0
35400 -190.28 0 0 0 0.596107 100 33 3.67571 100 28 0 0 0 -2.8888 100 18 0 0 0 0 0 0 0 0 0 0 0
35500 -188.009 0 0 0 0.555508 100 42 2.06093 100 28 0 0 0 -2.52858 100 30 0 0 0 0 0 0 0 0 0 0 0
35600 -188.34 0 0 0 0.584009 100 35 0.773896 100 26 0 0 0 -2.50701 100 26 0 0 0 0 0 0 0 0 0 0 0
35700 -187.648 0 0 0 0.712268 100 33 2.0852 100 34 0 0 0 -2.48516 100 29 0 0 0 0 0 0 0 0 0 0 0
35800 -189.22 0 0 0 0.55698 100 31 -1.04458 100 22 0 0 0 -2.37761 100 27 0 0 0 0 0 0 0 0 0 0 0
35900 -188.815 0 0 0 0.861521 100 40 4.0219 100 23 0 0 0 -2.45908 100 36 0 0 0 0 0 0 0 0 0 0 0
36000 -188.13 0 0 0 0.599229 100 30 0.240646 100 30 0 0 0 -2.32016 100 22 0 0 0 0 0 0 0 0 0 0 0
36100 -190.528 0 0 0 0.691502 100 43 -2.34182 100 30 0 0 0 -2.18357 100 24 0 0 0 0 0 0 0 0 0 0 0
36200 -187.848 0 0 0 0.896652 100 32 3.53381 100 30 0 0 0 -2.64137 100 29 0 0 0 0 0 0 0 0 0 0 0
36300 -187.965 0 0 0 1.04994 100 36 2.2476 100 33 0 0 0 -2.49573 100 20 0 0 0 0 0 0 0 0 0 0 0
36400 -191.185 0 0 0 0.681644 100 45 2.27988 100 31 0 0 0 -2.05583 100 27 0 0 0 0 0 0 0 0 0 0 0
36500 -188.381 0 0 0 0.419006 100 34 -0.0448293 100 31 0 0 0 -2.30584 100 21 0 0 0 0 0 0 0 0 0 0 0
36600 -189.029 0 0 0 0.95255 100 27 3.77938 100 26 0 0 0 -2.42091 100 25 0 0 0 0 0 0 0 0 0 0 0
36700 -189.329 0 0 0 0.644204 100 39 4.8332 100 22 0 0 0 -2.63313 100 24 0 0 0 0 0 0 0 0 0 0 0
36800 -189.791 0 0 0 0.844088 100 37 -0.820054 100 33 0 0 0 -2.19158 100 35 0 0 0 0 0 0 0 0 0 0 0
36900 -188.375 0 0 0 1.20843 100 43 1.57078 100 32 0 0 0 -2.64713 100 31 0 0 0 0 0 0 0 0 0 0 0
37000 -188.315 0 0 0 0.674692 100 35 2.35857 100 33 0 0 0 -2.66348 100 23 0 0 0 0 0 0 0 0 0 0 0
37100 -190.654 0 0 0 0.915679 100 32 5.94071 100 34 0 0 0 -2.65175 100 21 0 0 0 0 0 0 0 0 0 0 0
37200 -187.684 0 0 0 0.751008 100 32 2.12057 100 30 0 0 0 -2.53702 100 19 0 0 0 0 0 0 0 0 0 0 0
37300 -188.369 0 0 0 0.600452 100 50 3.28741 100 21 0 0 0 -2.39529 100 24 0 0 0 0 0 0 0 0 0 0 0
37400 -190.092 0 0 0 0.656479 100 40 2.42772 100 24 0 0 0 -2.85611 100 27 0 0 0 0 0 0 0 0 0 0 0
37500 -190.724 0 0 0 0.64532 100 38 -2.24032 100 28 0 0 0 -2.08386 100 23 0 0 0 0 0 0 0 0 0 0 0
37600 -188.454 0 0 0 1.45545 100 38 3.61907 100 35 0 0 0 -2.84935 100 24 0 0 0 0 0 0 0 0 0 0 0
37700 -188.44 0 0 0 0.51264 100 40 -0.302929 100 22 0 0 0 -2.24701 100 23 0 0 0 0 0 0 0 0 0 0 0
37800 -188.067 0 0 0 1.26241 100 38 3.28902 100 28 0 0 0 -2.78705 100 27 0 0 0 0 0 0 0 0 0 0 0
37900 -188.491 0 0 0 0.575581 100 39 1.53285 100 30 0 0 0 -2.59714 100 30 0 0 0 0 0 0 0 0 0 0 0
38000 -189.089 0 0 0 0.0619157 100 38 1.10067 100 31 0 0 0 -2.10294 100 27 0 0 0 0 0 0 0 0 0 0 0
38100 -188.752 0 0 0 1.52284 100 31 3.2856 100 30 0 0 0 -2.79554 100 28 0 0 0 0 0 0 0 0 0 0 0
38200 -187.872 0 0 0 0.947839 100 38 3.4098 100 25 0 0 0 -2.5604 100 16 0 0 0 0 0 0 0 0 0 0 0
38300 -187.982 0 0 0 0.44021 100 33 1.71119 100 26 0 0 0 -2.41255 100 22 0 0 0 0 0 0 0 0 0 0 0
38400 -189.717 0 0 0 0.426765 100 34 1.64859 100 27 0 0 0 -2.05114 100 26 0 0 0 0 0 0 0 0 0 0 0
38500 -187.675 0 0 0 0.92212 100 30 2.57516 100 27 0 0 0 -2.52338 100 27 0 0 0 0 0 0 0 0 0 0 0
38600 -188.342 0 0 0 0.860995 100 41 0.774758 100 20 0 0 0 -2.57766 100 21 0 0 0 0 0 0 0 0 0 0 0
38700 -189.629 0 0 0 0.312245 100 37 1.58847 100 33 0 0 0 -2.61054 100 23 0 0 0 0 0 0 0 0 0 0 0
38800 -188.803 0 0 0 1.05697 100 35 2.49655 100 24 0 0 0 -2.37946 100 18 0 0 0 0 0 0 0 0 0 0 0
38900 -189.279 0 0 0 0.00342286 100 44 1.89367 100 24 0 0 0 -2.28126 100 20 0 0 0 0 0 0 0 0 0 0 0
39000 -188.228 0 0 0 1.08017 100 37 1.26958 100 31 0 0 0 -2.60338 100 23 0 0 0 0 0 0 0 0 0 0 0
39100 -187.787 0 0 0 0.587383 100 34 2.37089 100 34 0 0 0 -2.44861 100 23 0 0 0 0 0 0 0 0 0 0 0
39200 -187.681 0 0 0 0.897183 100 41 2.22314 100 31 0 0 0 -2.48933 100 21 0 0 0 0 0 0 0 0 0 0 0
39300 -187.934 0 0 0 1.0179 100 28 1.56616 100 20 0 0 0 -2.52996 100 27 0 0 0 0 0 0 0 0 0 0 0
39400 -190.03 0 0 0 0.882625 100 34 -0.896883 100 33 0 0 0 -2.59207 100 25 0 0 0 0 0 0 0 0 0 0 0
39500 -188.795 0 0 0 0.55674 100 40 3.92243 100 30 0 0 0 -2.46552 100 16 0 0 0 0 0 0 0 0 0 0 0
39600 -192.606 0 0 0 -0.159912 100 26 -0.0532616 100 22 0 0 0 -2.52251 100 30 0 0 0 0 0 0 0 0 0 0 0
39700 -189.902 0 0 0 0.999104 100 40 -0.428383 100 34 0 0 0 -2.25937 100 38 0 0 0 0 0 0 0 0 0 0 0
39800 -188.338 0 0 0 1.21102 100 30 2.74302 100 21 0 0 0 -2.83161 100 24 0 0 0 0 0 0 0 0 0 0 0
39900 -188.447 0 0 0 0.426913 100 30 2.45177 100 24 0 0 0 -2.54354 100 23 0 0 0 0 0 0 0 0 0 0 0
40000 -187.938 0 0 0 0.61754 100 48 0.702971 100 27 0 0 0 -2.3806 100 30 0 0 0 0 0 0 0 0 0 0 0
40100 -189.232 0 0 0 0.570806 100 31 2.11981 100 24 0 0 0 -2.15014 100 28 0 0 0 0 0 0 0 0 0 0 0
40200 -191.024 0 0 0 1.21571 100 37 6.77825 100 25 0 0 0 -2.85038 100 27 0 0 0 0 0 0 0 0 0 0 0
40300 -190.559 0 0 0 0.371257 100 43 4.21346 100 36 0 0 0 -2.77807 100 27 0 0 0 0 0 0 0 0 0 0 0
40400 -188.747 0 0 0 0.814946 100 33 1.91779 100 31 0 0 0 -2.74858 100 26 0 0 0 0 0 0 0 0 0 0 0
40500 -188.466 0 0 0 1.06204 100 32 4.78147 100 25 0 0 0 -2.76954 100 26 0 0 0 0 0 0 0 0 0 0 0
40600 -187.846 0 0 0 1.0232 100 34 3.51219 100 26 0 0 0 -2.62133 100 23 0 0 0 0 0 0 0 0 0 0 0
40700 -188.023 0 0 0 0.787402 100 41 0.711485 100 37 0 0 0 -2.45662 100 24 0 0 0 0 0 0 0 0 0 0 0
40800 -189.891 0 0 0 -0.00016649 100 35 2.84994 100 33 0 0 0 -2.3724 100 28 0 0 0 0 0 0 0 0 0 0 0
40900 -191.185 0 0 0 1.33299 100 33 0.698167 100 34 0 0 0 -2.34145 100 24 0 0 0 0 0 0 0 0 0 0 0
41000 -188.299 0 0 0 1.00782 100 34 3.75181 100 27 0 0 0 -2.52928 100 29 0 0 0 0 0 0 0 0 0 0 0
41100 -187.876 0 0 0 0.980259 100 39 2.05323 100 31 0 0 0 -2.46941 100 26 0 0 0 0 0 0 0 0 0 0 0
41200 -189.118 0 0 0 0.534439 100 28 1.62969 100 29 0 0 0 -2.66495 100 29 0 0 0 0 0 0 0 0 0 0 0
41300 -188.018 0 0 0 0.783493 100 35 2.1508 100 26 0 0 0 -2.64542 100 25 0 0 0 0 0 0 0 0 0 0 0
41400 -188.126 0 0 0 1.29311 100 30 3.28959 100 26 0 0 0 -2.70173 100 27 0 0 0 0 0 0 0 0 0 0 0
41500 -188.532 0 0 0 1.17576 100 37 3.3166 100 28 0 0 0 -2.90133 100 32 0 0 0 0 0 0 0 0 0 0 0
41600 -189.604 0 0 0 1.57857 100 43 6.1362 100 24 0 0 0 -3.06783 100 20 0 0 0 0 0 0 0 0 0 0 0
41700 -188.038 0 0 0 0.521969 100 35 1.79138 100 27 0 0 0 -2.5023 100 18 0 0 0 0 0 0 0 0 0 0 0
41800 -190.433 0 0 0 0.478498 100 40 0.245127 100 44 0 0 0 -2.66409 100 22 0 0 0 0 0 0 0 0 0 0 0
41900 -188.372 0 0 0 0.949699 100 39 3.34088 100 30 0 0 0 -2.44795 100 15 0 0 0 0 0 0 0 0 0 0 0
42000 -189.9 0 0 0 1.2605 100 37 4.09206 100 25 0 0 0 -3.12019 100 20 0 0 0 0 0 0 0 0 0 0 0
42100 -188.937 0 0 0 0.481936 100 33 0.843883 100 35 0 0 0 -2.56192 100 27 0 0 0 0 0 0 0 0 0 0 0
42200 -189.413 0 0 0 -0.0224069 100 26 -0.265456 100 26 0 0 0 -2.03065 100 33 0 0 0 0 0 0 0 0 0 0 0
42300 -188.112 0 0 0 0.905881 100 30 3.66339 100 30 0 0 0 -2.52675 100 23 0 0 0 0 0 0 0 0 0 0 0
42400 -191.262 0 0 0 0.838832 100 33 6.29533 100 28 0 0 0 -3.02293 100 30 0 0 0 0 0 0 0 0 0 0 0
42500 -188.236 0 0 0 0.293216 100 40 0.955683 100 30 0 0 0 -2.29886 100 19 0 0 0 0 0 0 0 0 0 0 0
42600 -188.693 0 0 0 0.122762 100 36 0.462541 100 23 0 0 0 -2.18012 100 31 0 0 0 0 0 0 0 0 0 0 0
42700 -188.918 0 0 0 0.723433 100 42 1.2182 100 28 0 0 0 -2.17576 100 35 0 0 0 0 0 0 0 0 0 0 0
42800 -189.553 0 0 0 1.42 100 34 0.977038 100 28 0 0 0 -2.70908 100 25 0 0 0 0 0 0 0 0 0 0 0
42900 -190.35 0 0 0 1.47157 100 36 0.69173 100 38 0 0 0 -2.83905 100 16 0 0 0 0 0 0 0 0 0 0 0
43000 -188.165 0 0 0 1.01866 100 41 4.27615 100 26 0 0 0 -2.68834 100 21 0 0 0 0 0 0 0 0 0 0 0
43100 -187.864 0 0 0 0.945552 100 43 3.42496 100 33 0 0 0 -2.56571 100 24 0 0 0 0 0 0 0 0 0 0 0
43200 -190.459 0 0 0 0.186771 100 42 1.32611 100 36 0 0 0 -1.94796 100 22 0 0 0 0 0 0 0 0 0 0 0
43300 -188.577 0 0 0 1.30941 100 39 1.76078 100 28 0 0 0 -2.66958 100 23 0 0 0 0 0 0 0 0 0 0 0
43400 -189.659 0 0 0 0.0727445 100 38 -1.38442 100 31 0 0 0 -2.02499 100 19 0 0 0 0 0 0 0 0 0 0 0
43500 -189.149 0 0 0 0.315491 100 41 2.81766 100 29 0 0 0 -2.58354 100 24 0 0 0 0 0 0 0 0 0 0 0
43600 -188.424 0 0 0 0.730736 100 38 1.39019 100 27 0 0 0 -2.23912 100 25 0 0 0 0 0 0 0 0 0 0 0
43700 -188.858 0 0 0 0.904351 100 47 -0.319905 100 31 0 0 0 -2.42328 100 22 0 0 0 0 0 0 0 0 0 0 0
43800 -188.843 0 0 0 0.143458 100 34 1.90747 100 30 0 0 0 -2.2162 100 28 0 0 0 0 0 0 0 0 0 0 0
43900 -188.752 0 0 0 0.34812 100 45 0.207321 100 34 0 0 0 -2.08885 100 28 0 0 0 0 0 0 0 0 0 0 0
44000 -188.243 0 0 0 1.34218 100 41 4.00164 100 26 0 0 0 -2.78526 100 29 0 0 0 0 0 0 0 0 0 0 0
44100 -189.755 0 0 0 0.944733 100 35 0.076717 100 26 0 0 0 -2.70865 100 20 0 0 0 0 0 0 0 0 0 0 0
44200 -188.476 0 0 0 0.281816 100 40 0.232377 100 29 0 0 0 -2.29327 100 25 0 0 0 0 0 0 0 0 0 0 0
44300 -187.861 0 0 0 0.543158 100 33 1.22044 100 27 0 0 0 -2.40769 100 25 0 0 0 0 0 0 0 0 0 0 0
44400 -188.623 0 0 0 0.207987 100 36 1.0674 100 24 0 0 0 -2.14519 100 24 0 0 0 0 0 0 0 0 0 0 0
44500 -188.462 0 0 0 1.29137 100 34 2.76878 100 28 0 0 0 -2.85514 100 26 0 0 0 0 0 0 0 0 0 0 0
44600 -188.693 0 0 0 0.297847 100 48 -0.504424 100 25 0 0 0 -2.20993 100 24 0 0 0 0 0 0 0 0 0 0 0
44700 -188.552 0 0 0 0.508527 100 42 0.64184 100 24 0 0 0 -2.49836 100 21 0 0 0 0 0 0 0 0 0 0 0
44800 -187.786 0 0 0 0.842957 100 28 3.21427 100 29 0 0 0 -2.62354 100 23 0 0 0 0 0 0 0 0 0 0 0
44900 -189.091 0 0 0 1.36326 100 32 1.29977 100 26 0 0 0 -2.72015 100 18 0 0 0 0 0 0 0 0 0 0 0
45000 -188.431 0 0 0 0.544948 100 28 3.31127 100 32 0 0 0 -2.60498 100 17 0 0 0 0 0 0 0 0 0 0 0
45100 -190.118 0 0 0 0.0178235 100 36 -0.143511 100 35 0 0 0 -2.37629 100 30 0 0 0 0 0 0 0 0 0 0 0
45200 -189.002 0 0 0 0.773517 100 38 4.0352 100 26 0 0 0 -2.42667 100 21 0 0 0 0 0 0 0 0 0 0 0
45300 -188.876 0 0 0 1.01222 100 33 3.95816 100 27 0 0 0 -2.9241 100 33 0 0 0 0 0 0 0 0 0 0 0
45400 -189.63 0 0 0 1.6211 100 40 3.26146 100 25 0 0 0 -3.06887 100 28 0 0 0 0 0 0 0 0 0 0 0
45500 -188.107 0 0 0 1.0311 100 32 2.02745 100 28 0 0 0 -2.44827 100 25 0 0 0 0 0 0 0 0 0 0 0
45600 -188.08 0 0 0 0.434472 100 35 1.23033 100 31 0 0 0 -2.23996 100 24 0 0 0 0 0 0 0 0 0 0 0
45700 -187.763 0 0 0 0.702412 100 34 1.53685 100 24 0 0 0 -2.36566 100 23 0 0 0 0 0 0 0 0 0 0 0
45800 -188.5 0 0 0 1.29107 100 32 2.09143 100 29 0 0 0 -2.77304 100 24 0 0 0 0 0 0 0 0 0 0 0
45900 -188.875 0 0 0 0.98625 100 38 1.43833 100 25 0 0 0 -2.30586 100 24 0 0 0 0 0 0 0 0 0 0 0
46000 -189.217 0 0 0 0.00653456 100 36 1.34489 100 31 0 0 0 -2.30512 100 19 0 0 0 0 0 0 0 0 0 0 0
46100 -190.46 0 0 0 1.55099 100 39 3.86907 100 29 0 0 0 -3.22032 100 26 0 0 0 0 0 0 0 0 0 0 0
46200 -188.782 0 0 0 0.622485 100 33 0.00630374 100 29 0 0 0 -2.49855 100 20 0 0 0 0 0 0 0 0 0 0 0
46300 -189.269 0 0 0 1.27067 100 33 1.02497 100 26 0 0 0 -2.48648 100 25 0 0 0 0 0 0 0 0 0 0 0
46400 -188.198 0 0 0 0.460902 100 42 0.545066 100 32 0 0 0 -2.38522 100 24 0 0 0 0 0 0 0 0 0 0 0
46500 -188.644 0 0 0 1.51049 100 43 4.45734 100 24 0 0 0 -2.91872 100 20 0 0 0 0 0 0 0 0 0 0 0
46600 -189.558 0 0 0 1.73845 100 32 5.65505 100 32 0 0 0 -3.08754 100 27 0 0 0 0 0 0 0 0 0 0 0
46700 -191.09 0 0 0 0.381532 100 30 1.17732 100 40 0 0 0 -2.74956 100 25 0 0 0 0 0 0 0 0 0 0 0
46800 -187.806 0 0 0 0.785101 100 40 1.41789 100 36 0 0 0 -2.38587 100 20 0 0 0 0 0 0 0 0 0 0 0
46900 -189.43 0 0 0 1.14399 100 32 -0.172682 100 24 0 0 0 -2.51324 100 25 0 0 0 0 0 0 0 0 0 0 0
47000 -188.433 0 0 0 0.259222 100 38 2.00718 100 28 0 0 0 -2.36719 100 19 0 0 0 0 0 0 0 0 0 0 0
47100 -189.054 0 0 0 0.12558 100 38 -0.389325 100 30 0 0 0 -2.06691 100 22 0 0 0 0 0 0 0 0 0 0 0
47200 -188.304 0 0 0 0.979149 100 33 3.82957 100 35 0 0 0 -2.81924 100 26 0 0 0 0 0 0 0 0 0 0 0
47300 -188.469 0 0 0 0.79664 100 35 4.29397 100 31 0 0 0 -2.70717 100 26 0 0 0 0 0 0 0 0 0 0 0
47400 -188.373 0 0 0 0.769324 100 40 4.03354 100 32 0 0 0 -2.54523 100 27 0 0 0 0 0 0 0 0 0 0 0
47500 -188.883 0 0 0 1.3537 100 38 5.08504 100 28 0 0 0 -3.00916 100 20 0 0 0 0 0 0 0 0 0 0 0
47600 -189.08 0 0 0 0.209297 100 37 -0.199113 100 30 0 0 0 -2.33406 100 32 0 0 0 0 0 0 0 0 0 0 0
47700 -190.689 0 0 0 0.224994 100 37 4.59242 100 32 0 0 0 -2.5307 100 27 0 0 0 0 0 0 0 0 0 0 0
47800 -188.725 0 0 0 0.863388 100 33 1.56393 100 19 0 0 0 -2.73119 100 25 0 0 0 0 0 0 0 0 0 0 0
47900 -188.292 0 0 0 1.03937 100 32 4.5211 100 33 0 0 0 -2.74504 100 37 0 0 0 0 0 0 0 0 0 0 0
48000 -190.437 0 0 0 0.661259 100 37 -1.55788 100 32 0 0 0 -2.50929 100 17 0 0 0 0 0 0 0 0 0 0 0
48100 -187.728 0 0 0 0.964599 100 36 2.10689 100 22 0 0 0 -2.59024 100 30 0 0 0 0 0 0 0 0 0 0 0
48200 -189.528 0 0 0 1.44954 100 41 2.82304 100 26 0 0 0 -3.02659 100 25 0 0 0 0 0 0 0 0 0 0 0
48300 -191.705 0 0 0 -0.426674 100 39 -1.17031 100 22 0 0 0 -1.80665 100 23 0 0 0 0 0 0 0 0 0 0 0
48400 -190.059 0 0 0 0.788491 100 30 4.51941 100 34 0 0 0 -2.39863 100 40 0 0 0 0 0 0 0 0 0 0 0
48500 -190.331 0 0 0 1.79893 100 40 2.64817 100 33 0 0 0 -3.01873 100 25 0 0 0 0 0 0 0 0 0 0 0
48600 -187.725 0 0 0 0.615568 100 34 2.16256 100 30 0 0 0 -2.45581 100 21 0 0 0 0 0 0 0 0 0 0 0
48700 -189.414 0 0 0 0.768141 100 38 3.79 100 34 0 0 0 -2.34388 100 23 0 0 0 0 0 0 0 0 0 0 0
48800 -188.738 0 0 0 0.58749 100 31 3.82266 100 31 0 0 0 -2.67277 100 24 0 0 0 0 0 0 0 0 0 0 0
48900 -189.013 0 0 0 0.741909 100 33 -0.572812 100 20 0 0 0 -2.46214 100 26 0 0 0 0 0 0 0 0 0 0 0
49000 -188.732 0 0 0 0.440856 100 34 0.725489 100 31 0 0 0 -2.50415 100 20 0 0 0 0 0 0 0 0 0 0 0
49100 -188.489 0 0 0 1.28152 100 33 2.44406 100 26 0 0 0 -2.8262 100 27 0 0 0 0 0 0 0 0 0 0 0
49200 -189.895 0 0 0 1.62913 100 39 4.98373 100 33 0 0 0 -2.78704 100 29 0 0 0 0 0 0 0 0 0 0 0
49300 -189.118 0 0 0 1.6002 100 36 3.11333 100 29 0 0 0 -2.80715 100 26 0 0 0 0 0 0 0 0 0 0 0
49400 -188.557 0 0 0 1.20166 100 39 1.48829 100 26 0 0 0 -2.52124 100 24 0 0 0 0 0 0 0 0 0 0 0
49500 -188.153 0 0 0 0.870306 100 37 3.86042 100 29 0 0 0 -2.55359 100 23 0 0 0 0 0 0 0 0 0 0 0
49600 -189.562 0 0 0 0.846357 100 39 5.25898 100 24 0 0 0 -2.88161 100 29 0 0 0 0 0 0 0 0 0 0 0
49700 -188.702 0 0 0 0.201727 100 38 -0.0539253 100 26 0 0 0 -2.24627 100 26 0 0 0 0 0 0 0 0 0 0 0
49800 -187.954 0 0 0 1.03232 100 35 3.69055 100 31 0 0 0 -2.74901 100 29 0 0 0 0 0 0 0 0 0 0 0
49900 -189.916 0 0 0 0.884468 100 32 1.39671 100 29 0 0 0 -2.84916 100 34 0 0 0 0 0 0 0 0 0 0 0
50000 -189.12 0 0 0 1.50389 100 35 3.49038 100 32 0 0 0 -3.0233 100 22 0 0 0 0 0 0 0 0 0 0 0
50100 -188.464 0 0 0 0.746419 100 38 1.08317 100 25 0 0 0 -2.61628 100 28 0 0 0 0 0 0 0 0 0 0 0
50200 -188.46 0 0 0 1.2315 100 34 4.68269 100 33 0 0 0 -2.89512 100 24 0 0 0 0 0 0 0 0 0 0 0
50300 -188.234 0 0 0 1.05494 100 40 4.01516 100 26 0 0 0 -2.82714 100 22 0 0 0 0 0 0 0 0 0 0 0
50400 -188.719 0 0 0 0.659806 100 32 1.43889 100 21 0 0 0 -2.18224 100 25 0 0 0 0 0 0 0 0 0 0 0
50500 -188.271 0 0 0 0.732278 100 33 3.34143 100 21 0 0 0 -2.70141 100 22 0 0 0 0 0 0 0 0 0 0 0
50600 -188.568 0 0 0 0.694065 100 35 0.265274 100 31 0 0 0 -2.517 100 21 0 0 0 0 0 0 0 0 0 0 0
50700 -188.955 0 0 0 0.476152 100 35 2.41538 100 28 0 0 0 -2.6555 100 27 0 0 0 0 0 0 0 0 0 0 0
50800 -188.412 0 0 0 0.337098 100 43 0.714018 100 32 0 0 0 -2.38463 100 26 0 0 0 0 0 0 0 0 0 0 0
50900 -188.458 0 0 0 0.801901 100 40 3.31752 100 27 0 0 0 -2.3949 100 23 0 0 0 0 0 0 0 0 0 0 0
51000 -189.842 0 0 0 1.02003 100 40 3.49723 100 30 0 0 0 -3.0181 100 27 0 0 0 0 0 0 0 0 0 0 0
51100 -188.155 0 0 0 0.375572 100 30 0.996229 100 29 0 0 0 -2.22336 100 26 0 0 0 0 0 0 0 0 0 0 0
51200 -189.65 0 0 0 1.52294 100 40 2.61725 100 35 0 0 0 -3.01723 100 26 0 0 0 0 0 0 0 0 0 0 0
51300 -188.403 0 0 0 0.705601 100 39 2.83519 100 27 0 0 0 -2.70818 100 22 0 0 0 0 0 0 0 0 0 0 0
51400 -187.716 0 0 0 0.823804 100 28 1.53495 100 24 0 0 0 -2.4709 100 21 0 0 0 0 0 0 0 0 0 0 0
51500 -190.432 0 0 0 0.928348 100 32 -1.10999 100 26 0 0 0 -2.61444 100 25 0 0 0 0 0 0 0 0 0 0 0
51600 -189.316 0 0 0 1.35985 100 37 3.63736 100 30 0 0 0 -3.0555 100 25 0 0 0 0 0 0 0 0 0 0 0
51700 -188.562 0 0 0 0.624703 100 40 2.90818 100 25 0 0 0 -2.30504 100 22 0 0 0 0 0 0 0 0 0 0 0
51800 -189.055 0 0 0 1.14913 100 32 4.46775 100 24 0 0 0 -2.99958 100 26 0 0 0 0 0 0 0 0 0 0 0
51900 -190.346 0 0 0 1.55574 100 36 3.16786 100 29 0 0 0 -3.15633 100 30 0 0 0 0 0 0 0 0 0 0 0
52000 -187.713 0 0 0 0.932235 100 38 3.01737 100 33 0 0 0 -2.56022 100 26 0 0 0 0 0 0 0 0 0 0 0
52100 -192.375 0 0 0 1.34733 100 41 0.0671454 100 25 0 0 0 -2.28468 100 26 0 0 0 0 0 0 0 0 0 0 0
52200 -189.054 0 0 0 0.503551 100 36 -0.979867 100 33 0 0 0 -2.33563 100 25 0 0 0 0 0 0 0 0 0 0 0
52300 -187.818 0 0 0 0.698042 100 43 2.88955 100 26 0 0 0 -2.46805 100 29 0 0 0 0 0 0 0 0 0 0 0
52400 -188.342 0 0 0 1.0907 100 32 2.15472 100 28 0 0 0 -2.77203 100 29 0 0 0 0 0 0 0 0 0 0 0
52500 -188.621 0 0 0 1.138 100 40 0.8136 100 28 0 0 0 -2.57882 100 29 0 0 0 0 0 0 0 0 0 0 0
52600 -187.721 0 0 0 0.841748 100 28 1.5608 100 22 0 0 0 -2.47647 100 27 0 0 0 0 0 0 0 0 0 0 0
52700 -189.376 0 0 0 1.51808 100 44 3.94097 100 32 0 0 0 -3.09516 100 19 0 0 0 0 0 0 0 0 0 0 0
52800 -187.667 0 0 0 0.66443 100 30 1.92153 100 31 0 0 0 -2.43782 100 25 0 0 0 0 0 0 0 0 0 0 0
52900 -188.126 0 0 0 0.641842 100 36 1.8316 100 28 0 0 0 -2.27397 100 32 0 0 0 0 0 0 0 0 0 0 0
53000 -189.659 0 0 0 1.0503 100 40 -0.677414 100 34 0 0 0 -2.52865 100 18 0 0 0 0 0 0 0 0 0 0 0
53100 -188.086 0 0 0 1.23264 100 31 2.4251 100 28 0 0 0 -2.67878 100 29 0 0 0 0 0 0 0 0 0 0 0
53200 -189.849 0 0 0 1.27611 100 29 1.9419 100 26 0 0 0 -2.39698 100 28 0 0 0 0 0 0 0 0 0 0 0
53300 -188.311 0 0 0 0.361125 100 39 1.54574 100 28 0 0 0 -2.20975 100 29 0 0 0 0 0 0 0 0 0 0 0
53400 -188.263 0 0 0 0.511871 100 35 2.40245 100 19 0 0 0 -2.28809 100 23 0 0 0 0 0 0 0 0 0 0 0
53500 -187.785 0 0 0 1.09308 100 38 3.1028 100 15 0 0 0 -2.67617 100 22 0 0 0 0 0 0 0 0 0 0 0
53600 -188.243 0 0 0 1.08901 100 38 2.17443 100 25 0 0 0 -2.46297 100 25 0 0 0 0 0 0 0 0 0 0 0
53700 -188.363 0 0 0 0.784064 100 33 2.02034 100 30 0 0 0 -2.28952 100 31 0 0 0 0 0 0 0 0 0 0 0
53800 -187.93 0 0 0 0.565052 100 31 2.12365 100 34 0 0 0 -2.51494 100 27 0 0 0 0 0 0 0 0 0 0 0
53900 -191.112 0 0 0 0.89309 100 41 6.21457 100 27 0 0 0 -3.05435 100 26 0 0 0 0 0 0 0 0 0 0 0
54000 -188.257 0 0 0 0.58387 100 30 3.48252 100 19 0 0 0 -2.52667 100 16 0 0 0 0 0 0 0 0 0 0 0
54100 -188.921 0 0 0 0.835764 100 38 4.09279 100 37 0 0 0 -2.45336 100 32 0 0 0 0 0 0 0 0 0 0 0
54200 -189.521 0 0 0 0.146582 100 46 -1.25955 100 27 0 0 0 -2.02244 100 26 0 0 0 0 0 0 0 0 0 0 0
54300 -188.188 0 0 0 0.369138 100 41 1.91816 100 24 0 0 0 -2.42192 100 27 0 0 0 0 0 0 0 0 0 0 0
54400 -188.667 0 0 0 0.244494 100 33 0.843278 100 29 0 0 0 -2.11559 100 23 0 0 0 0 0 0 0 0 0 0 0
54500 -190.664 0 0 0 0.129554 100 28 -2.30967 100 29 0 0 0 -1.91438 100 27 0 0 0 0 0 0 0 0 0 0 0
54600 -189.077 0 0 0 0.158716 100 52 2.61213 100 29 0 0 0 -2.40704 100 20 0 0 0 0 0 0 0 0 0 0 0
54700 -188.428 0 0 0 0.739756 100 31 1.13642 100 29 0 0 0 -2.23809 100 25 0 0 0 0 0 0 0 0 0 0 0
54800 -188.861 0 0 0 0.753123 100 38 0.338244 100 27 0 0 0 -2.1944 100 27 0 0 0 0 0 0 0 0 0 0 0
54900 -189.089 0 0 0 1.55052 100 36 4.7463 100 33 0 0 0 -3.07725 100 22 0 0 0 0 0 0 0 0 0 0 0
55000 -190.158 0 0 0 -0.05343 100 43 0.628164 100 29 0 0 0 -1.94054 100 26 0 0 0 0 0 0 0 0 0 0 0
55100 -187.84 0 0 0 0.834752 100 41 1.88318 100 31 0 0 0 -2.39415 100 19 0 0 0 0 0 0 0 0 0 0 0
55200 -188.117 0 0 0 1.14776 100 37 3.71669 100 33 0 0 0 -2.62178 100 26 0 0 0 0 0 0 0 0 0 0 0
55300 -188.372 0 0 0 0.704036 100 39 3.97244 100 27 0 0 0 -2.55641 100 22 0 0 0 0 0 0 0 0 0 0 0
55400 -188.391 0 0 0 0.795264 100 40 3.80218 100 23 0 0 0 -2.48103 100 29 0 0 0 0 0 0 0 0 0 0 0
55500 -187.97 0 0 0 0.931879 100 40 3.14676 100 17 0 0 0 -2.48987 100 25 0 0 0 0 0 0 0 0 0 0 0
55600 -191.593 0 0 0 2.00544 100 40 3.53442 100 27 0 0 0 -3.29204 100 27 0 0 0 0 0 0 0 0 0 0 0
55700 -187.802 0 0 0 0.756138 100 39 3.08272 100 29 0 0 0 -2.57975 100 32 0 0 0 0 0 0 0 0 0 0 0
55800 -189.165 0 0 0 1.31477 100 43 5.27976 100 26 0 0 0 -2.7569 100 33 0 0 0 0 0 0 0 0 0 0 0
55900 -188.604 0 0 0 1.28847 100 35 2.87493 100 34 0 0 0 -2.89313 100 22 0 0 0 0 0 0 0 0 0 0 0
56000 -188.549 0 0 0 0.476234 100 36 2.69412 100 30 0 0 0 -2.27828 100 27 0 0 0 0 0 0 0 0 0 0 0
56100 -188.126 0 0 0 0.854018 100 41 3.86026 100 30 0 0 0 -2.70571 100 17 0 0 0 0 0 0 0 0 0 0 0
56200 -188.023 0 0 0 0.508415 100 34 1.11843 100 39 0 0 0 -2.25095 100 19 0 0 0 0 0 0 0 0 0 0 0
56300 -188.779 0 0 0 0.727532 100 34 4.21735 100 30 0 0 0 -2.75572 100 20 0 0 0 0 0 0 0 0 0 0 0
56400 -192.811 0 0 0 1.86027 100 29 1.30872 100 31 0 0 0 -2.6906 100 28 0 0 0 0 0 0 0 0 0 0 0
56500 -189.708 0 0 0 1.36853 100 49 3.1199 100 22 0 0 0 -3.06701 100 27 0 0 0 0 0 0 0 0 0 0 0
56600 -189.578 0 0 0 1.00023 100 33 -0.322009 100 33 0 0 0 -2.62299 100 22 0 0 0 0 0 0 0 0 0 0 0
56700 -189.327 0 0 0 1.32443 100 34 5.31115 100 23 0 0 0 -3.08059 100 17 0 0 0 0 0 0 0 0 0 0 0
56800 -187.809 0 0 0 0.822007 100 32 3.28698 100 34 0 0 0 -2.55386 100 16 0 0 0 0 0 0 0 0 0 0 0
56900 -188.923 0 0 0 0.632406 100 34 -0.887666 100 32 0 0 0 -2.33103 100 28 0 0 0 0 0 0 0 0 0 0 0
57000 -191.558 0 0 0 0.920237 100 37 6.42987 100 36 0 0 0 -2.68437 100 25 0 0 0 0 0 0 0 0 0 0 0
57100 -188.213 0 0 0 0.721935 100 42 0.902997 100 31 0 0 0 -2.26652 100 24 0 0 0 0 0 0 0 0 0 0 0
57200 -188.137 0 0 0 1.01653 100 43 2.49335 100 25 0 0 0 -2.75438 100 30 0 0 0 0 0 0 0 0 0 0 0
57300 -187.96 0 0 0 0.960589 100 38 1.48232 100 27 0 0 0 -2.4495 100 23 0 0 0 0 0 0 0 0 0 0 0
57400 -193.447 0 0 0 1.48617 100 46 6.19939 100 28 0 0 0 -2.60884 100 23 0 0 0 0 0 0 0 0 0 0 0
57500 -188.109 0 0 0 0.365723 100 38 1.92252 100 23 0 0 0 -2.36219 100 26 0 0 0 0 0 0 0 0 0 0 0
57600 -190.943 0 0 0 1.53621 100 43 0.197227 100 20 0 0 0 -2.77844 100 22 0 0 0 0 0 0 0 0 0 0 0
57700 -188.41 0 0 0 0.676364 100 33 3.98222 100 28 0 0 0 -2.60647 100 31 0 0 0 0 0 0 0 0 0 0 0
57800 -191.71 0 0 0 1.64026 100 34 1.2949 100 30 0 0 0 -3.09339 100 31 0 0 0 0 0 0 0 0 0 0 0
57900 -189.844 0 0 0 1.61948 100 30 5.44464 100 34 0 0 0 -3.22002 100 25 0 0 0 0 0 0 0 0 0 0 0
58000 -189.007 0 0 0 0.665854 100 43 4.59753 100 27 0 0 0 -2.67026 100 21 0 0 0 0 0 0 0 0 0 0 0
58100 -190.932 0 0 0 0.958839 100 31 4.48575 100 26 0 0 0 -2.35923 100 27 0 0 0 0 0 0 0 0 0 0 0
58200 -187.623 0 0 0 0.76714 100 32 2.13417 100 30 0 0 0 -2.48608 100 30 0 0 0 0 0 0 0 0 0 0 0
58300 -189.931 0 0 0 -0.150829 100 30 -0.574012 100 23 0 0 0 -2.14914 100 21 0 0 0 0 0 0 0 0 0 0 0
58400 -187.83 0 0 0 0.890357 100 36 1.37622 100 30 0 0 0 -2.5112 100 26 0 0 0 0 0 0 0 0 0 0 0
58500 -188.266 0 0 0 0.323801 100 40 2.04737 100 34 0 0 0 -2.38696 100 22 0 0 0 0 0 0 0 0 0 0 0
58600 -188.163 0 0 0 0.62326 100 35 0.218972 100 24 0 0 0 -2.30193 100 21 0 0 0 0 0 0 0 0 0 0 0
58700 -190.72 0 0 0 2.04271 100 35 4.63439 100 31 0 0 0 -3.22976 100 19 0 0 0 0 0 0 0 0 0 0 0
58800 -191.161 0 0 0 2.02117 100 30 6.55805 100 14 0 0 0 -3.12995 100 32 0 0 0 0 0 0 0 0 0 0 0
58900 -187.71 0 0 0 0.770876 100 38 2.76856 100 27 0 0 0 -2.4896 100 34 0 0 0 0 0 0 0 0 0 0 0
59000 -191.301 0 0 0 2.09463 100 29 3.95483 100 35 0 0 0 -3.07652 100 29 0 0 0 0 0 0 0 0 0 0 0
59100 -189.489 0 0 0 1.17403 100 38 3.85424 100 31 0 0 0 -3.04515 100 30 0 0 0 0 0 0 0 0 0 0 0
59200 -187.881 0 0 0 0.86206 100 35 1.22415 100 21 0 0 0 -2.51368 100 24 0 0 0 0 0 0 0 0 0 0 0
59300 -188.157 0 0 0 0.675983 100 40 3.07935 100 31 0 0 0 -2.64805 100 27 0 0 0 0 0 0 0 0 0 0 0
59400 -190.413 0 0 0 1.43489 100 37 4.70439 100 26 0 0 0 -3.23728 100 24 0 0 0 0 0 0 0 0 0 0 0
59500 -190.139 0 0 0 0.180196 100 34 -0.313153 100 39 0 0 0 -2.45466 100 26 0 0 0 0 0 0 0 0 0 0 0
59600 -189.536 0 0 0 -0.104751 100 35 0.496505 100 22 0 0 0 -2.06482 100 25 0 0 0 0 0 0 0 0 0 0 0
59700 -189.473 0 0 0 0.0505933 100 42 -0.85765 100 28 0 0 0 -2.01564 100 36 0 0 0 0 0 0 0 0 0 0 0
59800 -187.989 0 0 0 0.470127 100 37 0.787086 100 24 0 0 0 -2.33653 100 23 0 0 0 0 0 0 0 0 0 0 0
59900 -187.652 0 0 0 0.886397 100 39 2.74778 100 23 0 0 0 -2.58639 100 26 0 0 0 0 0 0 0 0 0 0 0
60000 -189.04 0 0 0 1.47028 100 39 2.33887 100 31 0 0 0 -2.6751 100 33 0 0 0 0 0 0 0 0 0 0 0
60100 -189.903 0 0 0 1.25786 100 37 5.22873 100 25 0 0 0 -3.14161 100 18 0 0 0 0 0 0 0 0 0 0 0
60200 -188.571 0 0 0 0.857488 100 36 0.311859 100 26 0 0 0 -2.30486 100 21 0 0 0 0 0 0 0 0 0 0 0
60300 -189.091 0 0 0 0.648191 100 42 3.91045 100 26 0 0 0 -2.38901 100 22 0 0 0 0 0 0 0 0 0 0 0
60400 -189.247 0 0 0 1.6275 100 35 4.108 100 38 0 0 0 -3.07208 100 30 0 0 0 0 0 0 0 0 0 0 0
60500 -188.092 0 0 0 1.01672 100 41 1.69964 100 28 0 0 0 -2.6629 100 24 0 0 0 0 0 0 0 0 0 0 0
60600 -188.199 0 0 0 0.571958 100 35 3.23088 100 24 0 0 0 -2.56228 100 18 0 0 0 0 0 0 0 0 0 0 0
60700 -188.898 0 0 0 1.1027 100 35 0.347283 100 23 0 0 0 -2.57849 100 32 0 0 0 0 0 0 0 0 0 0 0
60800 -190.705 0 0 0 0.203872 100 36 1.59275 100 28 0 0 0 -2.65849 100 24 0 0 0 0 0 0 0 0 0 0 0
60900 -191.154 0 0 0 1.50726 100 33 4.61332 100 30 0 0 0 -2.57166 100 23 0 0 0 0 0 0 0 0 0 0 0
61000 -188.054 0 0 0 1.13072 100 39 1.95987 100 26 0 0 0 -2.6646 100 30 0 0 0 0 0 0 0 0 0 0 0
61100 -188.829 0 0 0 1.46152 100 32 2.34132 100 32 0 0 0 -2.75432 100 25 0 0 0 0 0 0 0 0 0 0 0
61200 -188.851 0 0 0 0.838517 100 40 0.93622 100 34 0 0 0 -2.22905 100 22 0 0 0 0 0 0 0 0 0 0 0
61300 -188.192 0 0 0 0.640201 100 36 1.81039 100 31 0 0 0 -2.5974 100 23 0 0 0 0 0 0 0 0 0 0 0
61400 -188.781 0 0 0 1.20181 100 42 0.866243 100 26 0 0 0 -2.5744 100 19 0 0 0 0 0 0 0 0 0 0 0
61500 -193.281 0 0 0 0.690881 100 36 -3.45521 100 27 0 0 0 -2.53336 100 27 0 0 0 0 0 0 0 0 0 0 0
61600 -189.189 0 0 0 0.807013 100 40 4.26541 100 26 0 0 0 -2.44662 100 26 0 0 0 0 0 0 0 0 0 0 0
61700 -187.768 0 0 0 1.07659 100 32 2.9506 100 31 0 0 0 -2.67087 100 24 0 0 0 0 0 0 0 0 0 0 0
61800 -191.049 0 0 0 0.401168 100 34 2.79562 100 28 0 0 0 -2.05563 100 27 0 0 0 0 0 0 0 0 0 0 0
61900 -191.255 0 0 0 0.0064715 100 30 4.05115 100 24 0 0 0 -2.53842 100 26 0 0 0 0 0 0 0 0 0 0 0
62000 -191.071 0 0 0 1.64962 100 30 4.51198 100 27 0 0 0 -3.33122 100 25 0 0 0 0 0 0 0 0 0 0 0
62100 -188.119 0 0 0 0.797768 100 38 0.669359 100 28 0 0 0 -2.34623 100 24 0 0 0 0 0 0 0 0 0 0 0
62200 -187.995 0 0 0 1.06394 100 28 3.86347 100 32 0 0 0 -2.76016 100 24 0 0 0 0 0 0 0 0 0 0 0
62300 -187.808 0 0 0 0.534521 100 30 1.36363 100 28 0 0 0 -2.35669 100 26 0 0 0 0 0 0 0 0 0 0 0
62400 -188.809 0 0 0 0.518928 100 50 3.9764 100 35 0 0 0 -2.55509 100 25 0 0 0 0 0 0 0 0 0 0 0
62500 -190.956 0 0 0 0.0779872 100 42 2.70623 100 36 0 0 0 -2.64456 100 18 0 0 0 0 0 0 0 0 0 0 0
62600 -190.858 0 0 0 0.882807 100 42 -0.319092 100 27 0 0 0 -2.76521 100 24 0 0 0 0 0 0 0 0 0 0 0
62700 -188.366 0 0 0 1.03061 100 26 1.14913 100 24 0 0 0 -2.42052 100 32 0 0 0 0 0 0 0 0 0 0 0
62800 -189.011 0 0 0 0.779388 100 40 1.17619 100 27 0 0 0 -2.70781 100 29 0 0 0 0 0 0 0 0 0 0 0
62900 -188.62 0 0 0 0.653735 100 41 -0.442239 100 32 0 0 0 -2.36805 100 24 0 0 0 0 0 0 0 0 0 0 0
63000 -191.212 0 0 0 -0.189234 100 37 3.13688 100 37 0 0 0 -2.24561 100 23 0 0 0 0 0 0 0 0 0 0 0
63100 -188.111 0 0 0 0.945597 100 40 2.41228 100 36 0 0 0 -2.72892 100 26 0 0 0 0 0 0 0 0 0 0 0
63200 -188.635 0 0 0 1.51937 100 26 3.66061 100 21 0 0 0 -2.88131 100 25 0 0 0 0 0 0 0 0 0 0 0
63300 -188.615 0 0 0 1.02698 100 35 4.91637 100 23 0 0 0 -2.75282 100 20 0 0 0 0 0 0 0 0 0 0 0
63400 -190.881 0 0 0 0.20547 100 42 -1.25958 100 26 0 0 0 -1.84673 100 35 0 0 0 0 0 0 0 0 0 0 0
63500 -191.454 0 0 0 0.58945 100 34 -0.838433 100 24 0 0 0 -1.91614 100 22 0 0 0 0 0 0 0 0 0 0 0
63600 -187.999 0 0 0 0.584274 100 46 2.63252 100 31 0 0 0 -2.55113 100 19 0 0 0 0 0 0 0 0 0 0 0
63700 -188.516 0 0 0 0.373525 100 41 2.33762 100 35 0 0 0 -2.25028 100 27 0 0 0 0 0 0 0 0 0 0 0
63800 -187.848 0 0 0 0.68844 100 25 0.991583 100 25 0 0 0 -2.36084 100 20 0 0 0 0 0 0 0 0 0 0 0
63900 -189.29 0 0 0 0.515316 100 36 2.62241 100 25 0 0 0 -2.72298 100 25 0 0 0 0 0 0 0 0 0 0 0
64000 -190.926 0 0 0 0.722836 100 31 1.9211 100 29 0 0 0 -2.91858 100 23 0 0 0 0 0 0 0 0 0 0 0
64100 -188.923 0 0 0 0.272129 100 38 0.209444 100 24 0 0 0 -2.05758 100 27 0 0 0 0 0 0 0 0 0 0 0
64200 -188.111 0 0 0 0.508069 100 35 1.02686 100 32 0 0 0 -2.22722 100 21 0 0 0 0 0 0 0 0 0 0 0
64300 -189.578 0 0 0 1.60682 100 37 4.94479 100 32 0 0 0 -3.17176 100 30 0 0 0 0 0 0 0 0 0 0 0
64400 -189.215 0 0 0 0.0820676 100 43 0.312742 100 20 0 0 0 -2.03043 100 26 0 0 0 0 0 0 0 0 0 0 0
64500 -187.712 0 0 0 0.674468 100 30 2.1844 100 27 0 0 0 -2.40976 100 29 0 0 0 0 0 0 0 0 0 0 0
64600 -187.65 0 0 0 0.801047 100 32 2.65053 100 17 0 0 0 -2.54529 100 33 0 0 0 0 0 0 0 0 0 0 0
64700 -188.313 0 0 0 0.291507 100 30 1.97986 100 31 0 0 0 -2.35422 100 21 0 0 0 0 0 0 0 0 0 0 0
64800 -187.863 0 0 0 0.593262 100 27 2.18703 100 35 0 0 0 -2.51478 100 29 0 0 0 0 0 0 0 0 0 0 0
64900 -187.696 0 0 0 0.817448 100 34 1.60741 100 24 0 0 0 -2.46651 100 21 0 0 0 0 0 0 0 0 0 0 0
65000 -188.967 0 0 0 0.139222 100 36 -0.266761 100 20 0 0 0 -2.23907 100 26 0 0 0 0 0 0 0 0 0 0 0
65100 -188.594 0 0 0 0.35294 100 33 3.0302 100 29 0 0 0 -2.41971 100 26 0 0 0 0 0 0 0 0 0 0 0
65200 -190.118 0 0 0 0.888103 100 32 -0.869634 100 38 0 0 0 -2.18419 100 18 0 0 0 0 0 0 0 0 0 0 0
65300 -188.435 0 0 0 0.378955 100 29 2.19575 100 27 0 0 0 -2.50263 100 21 0 0 0 0 0 0 0 0 0 0 0
65400 -187.633 0 0 0 0.863592 100 37 2.51402 100 17 0 0 0 -2.52124 100 19 0 0 0 0 0 0 0 0 0 0 0
65500 -189.354 0 0 0 1.29039 100 34 5.40397 100 28 0 0 0 -2.7425 100 21 0 0 0 0 0 0 0 0 0 0 0
65600 -190.527 0 0 0 1.89458 100 37 3.83534 100 32 0 0 0 -2.89961 100 25 0 0 0 0 0 0 0 0 0 0 0
65700 -188.576 0 0 0 1.14543 100 33 3.67444 100 29 0 0 0 -2.53318 100 22 0 0 0 0 0 0 0 0 0 0 0
65800 -187.676 0 0 0 0.889672 100 33 2.72729 100 27 0 0 0 -2.60932 100 17 0 0 0 0 0 0 0 0 0 0 0
65900 -188.78 0 0 0 0.338914 100 39 3.06574 100 21 0 0 0 -2.50904 100 28 0 0 0 0 0 0 0 0 0 0 0
66000 -189.251 0 0 0 1.10974 100 36 4.92782 100 26 0 0 0 -3.00573 100 25 0 0 0 0 0 0 0 0 0 0 0
66100 -189.324 0 0 0 0.588276 100 37 -1.4341 100 35 0 0 0 -2.24949 100 25 0 0 0 0 0 0 0 0 0 0 0
66200 -188.041 0 0 0 0.845887 100 41 1.128 100 26 0 0 0 -2.55804 100 24 0 0 0 0 0 0 0 0 0 0 0
66300 -190.058 0 0 0 1.88372 100 41 3.90582 100 34 0 0 0 -3.07537 100 20 0 0 0 0 0 0 0 0 0 0 0
66400 -190.505 0 0 0 0.0572466 100 44 -2.42196 100 16 0 0 0 -1.98003 100 30 0 0 0 0 0 0 0 0 0 0 0
66500 -189.108 0 0 0 0.991347 100 40 -0.110227 100 25 0 0 0 -2.57049 100 21 0 0 0 0 0 0 0 0 0 0 0
66600 -188.097 0 0 0 0.475126 100 38 1.30582 100 20 0 0 0 -2.23497 100 24 0 0 0 0 0 0 0 0 0 0 0
66700 -188.565 0 0 0 1.46631 100 37 3.81285 100 40 0 0 0 -2.92447 100 21 0 0 0 0 0 0 0 0 0 0 0
66800 -188.638 0 0 0 0.489439 100 34 3.54455 100 25 0 0 0 -2.57876 100 18 0 0 0 0 0 0 0 0 0 0 0
66900 -191.108 0 0 0 0.187829 100 42 3.47555 100 29 0 0 0 -2.14452 100 35 0 0 0 0 0 0 0 0 0 0 0
67000 -187.947 0 0 0 0.924097 100 33 3.79956 100 36 0 0 0 -2.66559 100 27 0 0 0 0 0 0 0 0 0 0 0
67100 -188.395 0 0 0 0.268634 100 28 1.32381 100 25 0 0 0 -2.20009 100 16 0 0 0 0 0 0 0 0 0 0 0
67200 -187.834 0 0 0 0.942367 100 32 1.97845 100 22 0 0 0 -2.62403 100 20 0 0 0 0 0 0 0 0 0 0 0
67300 -190.201 0 0 0 0.416103 100 38 2.38238 100 30 0 0 0 -2.07264 100 29 0 0 0 0 0 0 0 0 0 0 0
67400 -192.45 0 0 0 1.2642 100 36 -1.91582 100 25 0 0 0 -2.36221 100 27 0 0 0 0 0 0 0 0 0 0 0
67500 -188.945 0 0 0 0.658228 100 35 -0.893567 100 31 0 0 0 -2.26338 100 22 0 0 0 0 0 0 0 0 0 0 0
67600 -188.201 0 0 0 0.593589 100 38 0.589111 100 32 0 0 0 -2.23116 100 32 0 0 0 0 0 0 0 0 0 0 0
67700 -188.655 0 0 0 1.50881 100 32 4.24268 100 26 0 0 0 -2.94993 100 17 0 0 0 0 0 0 0 0 0 0 0
67800 -188.61 0 0 0 0.578193 100 38 0.614918 100 27 0 0 0 -2.53298 100 25 0 0 0 0 0 0 0 0 0 0 0
67900 -187.869 0 0 0 0.875058 100 40 1.33313 100 29 0 0 0 -2.42709 100 25 0 0 0 0 0 0 0 0 0 0 0
68000 -187.81 0 0 0 1.11308 100 31 3.09011 100 29 0 0 0 -2.6468 100 27 0 0 0 0 0 0 0 0 0 0 0
68100 -187.913 0 0 0 0.627306 100 40 1.99958 100 28 0 0 0 -2.3247 100 20 0 0 0 0 0 0 0 0 0 0 0
68200 -190.46 0 0 0 1.02405 100 31 0.162113 100 28 0 0 0 -2.80777 100 16 0 0 0 0 0 0 0 0 0 0 0
68300 -188.617 0 0 0 1.05289 100 31 3.10138 100 28 0 0 0 -2.43498 100 25 0 0 0 0 0 0 0 0 0 0 0
68400 -188.065 0 0 0 0.601188 100 41 0.781547 100 30 0 0 0 -2.4512 100 32 0 0 0 0 0 0 0 0 0 0 0
68500 -188.399 0 0 0 0.551354 100 40 3.3734 100 25 0 0 0 -2.42111 100 23 0 0 0 0 0 0 0 0 0 0 0
68600 -189.275 0 0 0 0.152851 100 35 2.90416 100 29 0 0 0 -2.42031 100 26 0 0 0 0 0 0 0 0 0 0 0
68700 -187.99 0 0 0 0.451747 100 40 0.818099 100 33 0 0 0 -2.30806 100 21 0 0 0 0 0 0 0 0 0 0 0
68800 -189.049 0 0 0 0.481078 100 35 1.48201 100 24 0 0 0 -2.62339 100 26 0 0 0 0 0 0 0 0 0 0 0
68900 -189.89 0 0 0 1.52142 100 39 5.6236 100 28 0 0 0 -2.80734 100 26 0 0 0 0 0 0 0 0 0 0 0
69000 -188.502 0 0 0 0.442314 100 46 0.373951 100 29 0 0 0 -2.42751 100 30 0 0 0 0 0 0 0 0 0 0 0
69100 -188.822 0 0 0 1.06576 100 32 4.4905 100 22 0 0 0 -2.93368 100 20 0 0 0 0 0 0 0 0 0 0 0
69200 -189.145 0 0 0 1.50799 100 45 2.14211 100 26 0 0 0 -2.82176 100 23 0 0 0 0 0 0 0 0 0 0 0
69300 -189.344 0 0 0 1.03076 100 42 5.06165 100 35 0 0 0 -2.60884 100 20 0 0 0 0 0 0 0 0 0 0 0
69400 -188.038 0 0 0 1.24027 100 33 3.12111 100 28 0 0 0 -2.66725 100 29 0 0 0 0 0 0 0 0 0 0 0
69500 -189.674 0 0 0 -0.0527284 100 40 -0.227489 100 25 0 0 0 -1.98109 100 20 0 0 0 0 0 0 0 0 0 0 0
69600 -191.212 0 0 0 1.71735 100 43 0.991975 100 29 0 0 0 -2.90335 100 27 0 0 0 0 0 0 0 0 0 0 0
69700 -187.995 0 0 0 0.879295 100 34 3.63376 100 32 0 0 0 -2.69991 100 33 0 0 0 0 0 0 0 0 0 0 0
69800 -189.835 0 0 0 1.26694 100 33 5.75386 100 29 0 0 0 -2.74151 100 26 0 0 0 0 0 0 0 0 0 0 0
69900 -188.243 0 0 0 1.14547 100 39 4.09884 100 31 0 0 0 -2.64763 100 25 0 0 0 0 0 0 0 0 0 0 0
70000 -188.496 0 0 0 0.285767 100 37 0.0826814 100 31 0 0 0 -2.27571 100 34 0 0 0 0 0 0 0 0 0 0 0
70100 -189.129 0 0 0 1.27186 100 40 1.66433 100 34 0 0 0 -2.47421 100 23 0 0 0 0 0 0 0 0 0 0 0
70200 -187.979 0 0 0 0.990943 100 32 1.38056 100 36 0 0 0 -2.56007 100 22 0 0 0 0 0 0 0 0 0 0 0
70300 -189.328 0 0 0 1.70392 100 44 4.18486 100 27 0 0 0 -2.89394 100 28 0 0 0 0 0 0 0 0 0 0 0
70400 -190.849 0 0 0 0.79048 100 40 -0.578112 100 29 0 0 0 -2.04519 100 22 0 0 0 0 0 0 0 0 0 0 0
70500 -187.973 0 0 0 0.923806 100 34 3.59348 100 21 0 0 0 -2.71939 100 21 0 0 0 0 0 0 0 0 0 0 0
70600 -188.407 0 0 0 1.04678 100 24 4.27966 100 32 0 0 0 -2.60852 100 24 0 0 0 0 0 0 0 0 0 0 0
70700 -189.665 0 0 0 -0.0191185 100 30 2.25392 100 29 0 0 0 -2.19617 100 23 0 0 0 0 0 0 0 0 0 0 0
70800 -188.017 0 0 0 0.514124 100 43 0.971696 100 24 0 0 0 -2.25397 100 19 0 0 0 0 0 0 0 0 0 0 0
70900 -188.259 0 0 0 1.05326 100 33 2.69478 100 32 0 0 0 -2.79757 100 28 0 0 0 0 0 0 0 0 0 0 0
71000 -187.97 0 0 0 0.72854 100 39 1.26971 100 26 0 0 0 -2.53623 100 25 0 0 0 0 0 0 0 0 0 0 0
71100 -188.414 0 0 0 1.09496 100 34 4.44175 100 32 0 0 0 -2.65489 100 21 0 0 0 0 0 0 0 0 0 0 0
71200 -189.367 0 0 0 0.399295 100 38 3.06267 100 39 0 0 0 -2.2265 100 25 0 0 0 0 0 0 0 0 0 0 0
71300 -190.296 0 0 0 0.135888 100 37 -1.19459 100 31 0 0 0 -2.35267 100 23 0 0 0 0 0 0 0 0 0 0 0
71400 -191.865 0 0 0 1.10784 100 33 7.22614 100 30 0 0 0 -3.15379 100 26 0 0 0 0 0 0 0 0 0 0 0
71500 -189.267 0 0 0 0.190159 100 36 2.63519 100 27 0 0 0 -2.21772 100 22 0 0 0 0 0 0 0 0 0 0 0
71600 -188.239 0 0 0 0.279574 100 31 1.28639 100 16 0 0 0 -2.27374 100 25 0 0 0 0 0 0 0 0 0 0 0
71700 -188.369 0 0 0 0.846746 100 32 4.26862 100 34 0 0 0 -2.72068 100 27 0 0 0 0 0 0 0 0 0 0 0
71800 -189.121 0 0 0 0.473338 100 33 4.10353 100 37 0 0 0 -2.59983 100 31 0 0 0 0 0 0 0 0 0 0 0
71900 -187.729 0 0 0 0.89827 100 42 2.36616 100 26 0 0 0 -2.47309 100 23 0 0 0 0 0 0 0 0 0 0 0
72000 -188.495 0 0 0 0.288627 100 38 2.38325 100 36 0 0 0 -2.31221 100 24 0 0 0 0 0 0 0 0 0 0 0
72100 -189.746 0 0 0 1.4792 100 31 1.0993 100 32 0 0 0 -2.68913 100 22 0 0 0 0 0 0 0 0 0 0 0
72200 -188.587 0 0 0 0.587767 100 46 3.24567 100 40 0 0 0 -2.67464 100 20 0 0 0 0 0 0 0 0 0 0 0
72300 -189.435 0 0 0 1.61956 100 27 2.9524 100 35 0 0 0 -2.75622 100 23 0 0 0 0 0 0 0 0 0 0 0
72400 -189.424 0 0 0 0.344959 100 38 0.839856 100 33 0 0 0 -2.02053 100 28 0 0 0 0 0 0 0 0 0 0 0
72500 -189.951 0 0 0 0.964241 100 36 4.45873 100 27 0 0 0 -3.03412 100 24 0 0 0 0 0 0 0 0 0 0 0
72600 -189.73 0 0 0 1.27031 100 37 0.73921 100 24 0 0 0 -2.80456 100 23 0 0 0 0 0 0 0 0 0 0 0
72700 -188.955 0 0 0 0.386359 100 37 3.35217 100 23 0 0 0 -2.58106 100 30 0 0 0 0 0 0 0 0 0 0 0
72800 -188.324 0 0 0 1.14492 100 30 4.62757 100 31 0 0 0 -2.78563 100 19 0 0 0 0 0 0 0 0 0 0 0
72900 -189.32 0 0 0 -0.0142494 100 41 0.724548 100 27 0 0 0 -2.2866 100 34 0 0 0 0 0 0 0 0 0 0 0
73000 -189.622 0 0 0 -0.119756 100 31 1.02047 100 29 0 0 0 -2.2387 100 25 0 0 0 0 0 0 0 0 0 0 0
73100 -192.447 0 0 0 0.335395 100 34 3.25528 100 26 0 0 0 -2.02213 100 25 0 0 0 0 0 0 0 0 0 0 0
73200 -188.023 0 0 0 1.0268 100 31 3.22249 100 32 0 0 0 -2.77189 100 27 0 0 0 0 0 0 0 0 0 0 0
73300 -189.629 0 0 0 -0.0579126 100 40 1.68394 100 30 0 0 0 -2.33034 100 29 0 0 0 0 0 0 0 0 0 0 0
73400 -188.088 0 0 0 0.62622 100 46 0.346687 100 30 0 0 0 -2.32117 100 24 0 0 0 0 0 0 0 0 0 0 0
73500 -188.569 0 0 0 0.7221 100 30 -0.265372 100 37 0 0 0 -2.29095 100 36 0 0 0 0 0 0 0 0 0 0 0
73600 -188.284 0 0 0 0.65918 100 41 -0.000125517 100 22 0 0 0 -2.32809 100 28 0 0 0 0 0 0 0 0 0 0 0
73700 -188.636 0 0 0 1.18529 100 28 4.33521 100 33 0 0 0 -2.94529 100 23 0 0 0 0 0 0 0 0 0 0 0
73800 -190.085 0 0 0 1.65169 100 34 1.83226 100 34 0 0 0 -2.77276 100 20 0 0 0 0 0 0 0 0 0 0 0
73900 -188.683 0 0 0 1.01778 100 38 0.562611 100 32 0 0 0 -2.38957 100 25 0 0 0 0 0 0 0 0 0 0 0
74000 -189.377 0 0 0 0.82327 100 30 5.06034 100 24 0 0 0 -2.85447 100 25 0 0 0 0 0 0 0 0 0 0 0
74100 -188.288 0 0 0 1.19277 100 29 4.06361 100 28 0 0 0 -2.87638 100 22 0 0 0 0 0 0 0 0 0 0 0
74200 -190.209 0 0 0 -0.143552 100 28 1.89016 100 24 0 0 0 -2.10094 100 25 0 0 0 0 0 0 0 0 0 0 0
74300 -188.265 0 0 0 0.745047 100 37 0.163147 100 28 0 0 0 -2.34828 100 31 0 0 0 0 0 0 0 0 0 0 0
74400 -190.938 0 0 0 1.5842 100 37 0.463073 100 24 0 0 0 -2.69604 100 29 0 0 0 0 0 0 0 0 0 0 0
74500 -189.502 0 0 0 1.20097 100 35 5.42344 100 22 0 0 0 -2.69832 100 27 0 0 0 0 0 0 0 0 0 0 0
74600 -187.864 0 0 0 0.6599 100 36 1.2309 100 32 0 0 0 -2.47545 100 31 0 0 0 0 0 0 0 0 0 0 0
74700 -187.757 0 0 0 0.672204 100 39 2.50804 100 27 0 0 0 -2.42978 100 22 0 0 0 0 0 0 0 0 0 0 0
74800 -188.847 0 0 0 0.599775 100 45 2.31312 100 30 0 0 0 -2.70038 100 23 0 0 0 0 0 0 0 0 0 0 0
74900 -187.968 0 0 0 0.796415 100 41 2.00587 100 37 0 0 0 -2.35409 100 27 0 0 0 0 0 0 0 0 0 0 0
75000 -190.167 0 0 0 1.33292 100 33 0.476474 100 27 0 0 0 -2.81693 100 26 0 0 0 0 0 0 0 0 0 0 0
75100 -190.975 0 0 0 1.25202 100 26 1.64799 100 28 0 0 0 -3.04446 100 28 0 0 0 0 0 0 0 0 0 0 0
75200 -188.546 0 0 0 0.76342 100 39 3.76526 100 32 0 0 0 -2.44461 100 27 0 0 0 0 0 0 0 0 0 0 0
75300 -189.054 0 0 0 0.662482 100 43 -0.362382 100 29 0 0 0 -2.49894 100 32 0 0 0 0 0 0 0 0 0 0 0
75400 -189.508 0 0 0 0.238525 100 41 2.02679 100 33 0 0 0 -2.57251 100 26 0 0 0 0 0 0 0 0 0 0 0
75500 -190.512 0 0 0 -0.312803 100 39 -0.751435 100 26 0 0 0 -2.02313 100 28 0 0 0 0 0 0 0 0 0 0 0
75600 -189.73 0 0 0 0.221911 100 36 2.67731 100 27 0 0 0 -2.14956 100 29 0 0 0 0 0 0 0 0 0 0 0
75700 -188.427 0 0 0 0.718688 100 47 -0.052735 100 30 0 0 0 -2.41643 100 27 0 0 0 0 0 0 0 0 0 0 0
75800 -189.493 0 0 0 0.802128 100 39 3.20227 100 30 0 0 0 -2.89367 100 27 0 0 0 0 0 0 0 0 0 0 0
75900 -188.656 0 0 0 0.194376 100 39 0.788863 100 23 0 0 0 -2.12889 100 25 0 0 0 0 0 0 0 0 0 0 0
76000 -188.061 0 0 0 1.2715 100 37 3.13037 100 26 0 0 0 -2.75899 100 15 0 0 0 0 0 0 0 0 0 0 0
76100 -189.297 0 0 0 0.144189 100 32 -0.945106 100 31 0 0 0 -2.21082 100 30 0 0 0 0 0 0 0 0 0 0 0
76200 -188.033 0 0 0 0.959205 100 35 4.00167 100 31 0 0 0 -2.69912 100 25 0 0 0 0 0 0 0 0 0 0 0
76300 -189.783 0 0 0 1.1967 100 41 -0.100935 100 30 0 0 0 -2.43957 100 27 0 0 0 0 0 0 0 0 0 0 0
76400 -188.036 0 0 0 0.627249 100 39 1.96686 100 33 0 0 0 -2.29586 100 26 0 0 0 0 0 0 0 0 0 0 0
76500 -190.929 0 0 0 0.91191 100 49 -1.87385 100 24 0 0 0 -2.20461 100 19 0 0 0 0 0 0 0 0 0 0 0
76600 -190.709 0 0 0 -0.321947 100 39 -0.4382 100 28 0 0 0 -2.15326 100 28 0 0 0 0 0 0 0 0 0 0 0
76700 -188.823 0 0 0 1.51146 100 36 3.66961 100 26 0 0 0 -2.97469 100 23 0 0 0 0 0 0 0 0 0 0 0
76800 -191.707 0 0 0 1.86489 100 41 2.43553 100 30 0 0 0 -2.74721 100 33 0 0 0 0 0 0 0 0 0 0 0
76900 -190.01 0 0 0 1.70134 100 33 6.13334 100 28 0 0 0 -3.23262 100 27 0 0 0 0 0 0 0 0 0 0 0
77000 -188.196 0 0 0 0.978071 100 37 0.96336 100 29 0 0 0 -2.55979 100 24 0 0 0 0 0 0 0 0 0 0 0
77100 -188.172 0 0 0 0.845362 100 28 3.55514 100 23 0 0 0 -2.73652 100 27 0 0 0 0 0 0 0 0 0 0 0
77200 -189.034 0 0 0 1.04646 100 34 3.68866 100 31 0 0 0 -2.44073 100 27 0 0 0 0 0 0 0 0 0 0 0
77300 -187.639 0 0 0 0.72133 100 43 2.12573 100 36 0 0 0 -2.46001 100 31 0 0 0 0 0 0 0 0 0 0 0
77400 -189.716 0 0 0 1.2003 100 28 -0.0428075 100 33 0 0 0 -2.4498 100 20 0 0 0 0 0 0 0 0 0 0 0
77500 -188.41 0 0 0 0.442456 100 34 0.93677 100 31 0 0 0 -2.47095 100 28 0 0 0 0 0 0 0 0 0 0 0
77600 -188.212 0 0 0 1.02688 100 41 2.31298 100 27 0 0 0 -2.43203 100 24 0 0 0 0 0 0 0 0 0 0 0
77700 -188.771 0 0 0 1.23852 100 31 1.09203 100 34 0 0 0 -2.65357 100 24 0 0 0 0 0 0 0 0 0 0 0
77800 -190.588 0 0 0 1.16943 100 29 1.474 100 36 0 0 0 -2.98073 100 28 0 0 0 0 0 0 0 0 0 0 0
77900 -188.262 0 0 0 0.85425 100 30 1.43502 100 30 0 0 0 -2.64776 100 33 0 0 0 0 0 0 0 0 0 0 0
78000 -189.482 0 0 0 1.32027 100 30 5.1518 100 30 0 0 0 -2.68864 100 24 0 0 0 0 0 0 0 0 0 0 0
78100 -188.644 0 0 0 1.10663 100 38 2.63369 100 28 0 0 0 -2.86203 100 27 0 0 0 0 0 0 0 0 0 0 0
78200 -188.676 0 0 0 1.09323 100 35 0.678593 100 31 0 0 0 -2.46182 100 26 0 0 0 0 0 0 0 0 0 0 0
78300 -192.082 0 0 0 0.408243 100 36 3.54426 100 28 0 0 0 -2.08334 100 27 0 0 0 0 0 0 0 0 0 0 0
78400 -188.183 0 0 0 0.709885 100 43 1.21394 100 29 0 0 0 -2.57098 100 14 0 0 0 0 0 0 0 0 0 0 0
78500 -188.204 0 0 0 0.629806 100 37 2.97284 100 30 0 0 0 -2.63082 100 23 0 0 0 0 0 0 0 0 0 0 0
78600 -188.472 0 0 0 0.1911 100 39 1.33707 100 30 0 0 0 -2.2728 100 23 0 0 0 0 0 0 0 0 0 0 0
78700 -189.498 0 0 0 0.890455 100 40 5.0881 100 28 0 0 0 -2.92262 100 22 0 0 0 0 0 0 0 0 0 0 0
78800 -187.819 0 0 0 0.662858 100 39 1.0915 100 28 0 0 0 -2.42811 100 26 0 0 0 0 0 0 0 0 0 0 0
78900 -189.943 0 0 0 -0.130011 100 30 1.55633 100 33 0 0 0 -2.09255 100 27 0 0 0 0 0 0 0 0 0 0 0
79000 -189.429 0 0 0 1.18111 100 39 0.0162033 100 22 0 0 0 -2.59277 100 27 0 0 0 0 0 0 0 0 0 0 0
79100 -190.962 0 0 0 1.10683 100 29 -0.416824 100 31 0 0 0 -2.79464 100 19 0 0 0 0 0 0 0 0 0 0 0
79200 -188.092 0 0 0 1.10833 100 28 2.82257 100 31 0 0 0 -2.78146 100 24 0 0 0 0 0 0 0 0 0 0 0
79300 -188.446 0 0 0 0.366694 100 36 0.137782 100 24 0 0 0 -2.15756 100 17 0 0 0 0 0 0 0 0 0 0 0
79400 -189.39 0 0 0 0.861466 100 32 -1.00746 100 24 0 0 0 -2.40544 100 28 0 0 0 0 0 0 0 0 0 0 0
79500 -189.072 0 0 0 0.885783 100 35 0.757152 100 31 0 0 0 -2.23015 100 31 0 0 0 0 0 0 0 0 0 0 0
79600 -187.994 0 0 0 0.846081 100 33 2.27381 100 33 0 0 0 -2.38096 100 32 0 0 0 0 0 0 0 0 0 0 0
79700 -191.793 0 0 0 0.873602 100 39 0.162885 100 25 0 0 0 -2.88949 100 27 0 0 0 0 0 0 0 0 0 0 0
79800 -187.957 0 0 0 0.848455 100 36 2.69776 100 27 0 0 0 -2.6852 100 26 0 0 0 0 0 0 0 0 0 0 0
79900 -189.016 0 0 0 0.783292 100 35 2.76005 100 26 0 0 0 -2.27062 100 33 0 0 0 0 0 0 0 0 0 0 0
80000 -188.825 0 0 0 0.343887 100 33 3.17877 100 32 0 0 0 -2.51386 100 26 0 0 0 0 0 0 0 0 0 0 0
80100 -188.412 0 0 0 0.581247 100 42 3.16381 100 30 0 0 0 -2.63814 100 31 0 0 0 0 0 0 0 0 0 0 0
80200 -188.29 0 0 0 1.08168 100 32 4.00428 100 23 0 0 0 -2.84997 100 24 0 0 0 0 0 0 0 0 0 0 0
80300 -191.163 0 0 0 0.240815 100 29 -2.30174 100 35 0 0 0 -2.35534 100 30 0 0 0 0 0 0 0 0 0 0 0
80400 -189.458 0 0 0 1.66083 100 41 5.76918 100 24 0 0 0 -3.08041 100 27 0 0 0 0 0 0 0 0 0 0 0
80500 -189.366 0 0 0 0.617379 100 39 3.40601 100 31 0 0 0 -2.80091 100 32 0 0 0 0 0 0 0 0 0 0 0
80600 -190.738 0 0 0 0.665235 100 40 -1.84891 100 26 0 0 0 -2.50115 100 28 0 0 0 0 0 0 0 0 0 0 0
80700 -188.201 0 0 0 0.958651 100 34 0.936428 100 29 0 0 0 -2.42275 100 23 0 0 0 0 0 0 0 0 0 0 0
80800 -188.855 0 0 0 1.01203 100 43 1.55041 100 22 0 0 0 -2.77872 100 23 0 0 0 0 0 0 0 0 0 0 0
80900 -191.095 0 0 0 0.927335 100 30 5.88046 100 18 0 0 0 -3.10647 100 27 0 0 0 0 0 0 0 0 0 0 0
81000 -188.627 0 0 0 0.249071 100 36 0.114232 100 27 0 0 0 -2.1228 100 28 0 0 0 0 0 0 0 0 0 0 0
81100 -188.31 0 0 0 0.664403 100 39 3.60675 100 19 0 0 0 -2.46933 100 19 0 0 0 0 0 0 0 0 0 0 0
81200 -188.26 0 0 0 0.342784 100 35 1.88442 100 32 0 0 0 -2.26408 100 23 0 0 0 0 0 0 0 0 0 0 0
81300 -190.021 0 0 0 0.128058 100 36 -1.08594 100 28 0 0 0 -2.32456 100 21 0 0 0 0 0 0 0 0 0 0 0
81400 -188.535 0 0 0 0.335413 100 41 0.381727 100 34 0 0 0 -2.12739 100 27 0 0 0 0 0 0 0 0 0 0 0
81500 -190.314 0 0 0 1.07184 100 29 6.229 100 19 0 0 0 -3.03751 100 25 0 0 0 0 0 0 0 0 0 0 0
81600 -187.767 0 0 0 0.722822 100 40 1.28644 100 33 0 0 0 -2.3866 100 26 0 0 0 0 0 0 0 0 0 0 0
81700 -188.404 0 0 0 0.535328 100 40 3.17814 100 25 0 0 0 -2.37885 100 22 0 0 0 0 0 0 0 0 0 0 0
81800 -187.922 0 0 0 0.654301 100 44 1.6291 100 33 0 0 0 -2.30719 100 32 0 0 0 0 0 0 0 0 0 0 0
81900 -188.151 0 0 0 0.987847 100 42 3.64424 100 29 0 0 0 -2.53546 100 25 0 0 0 0 0 0 0 0 0 0 0
82000 -192.864 0 0 0 -0.670841 100 40 0.597202 100 19 0 0 0 -2.19848 100 24 0 0 0 0 0 0 0 0 0 0 0
82100 -190.233 0 0 0 -0.0844546 100 45 1.07467 100 27 0 0 0 -1.97092 100 38 0 0 0 0 0 0 0 0 0 0 0
82200 -188.397 0 0 0 0.545971 100 32 2.37224 100 30 0 0 0 -2.61146 100 24 0 0 0 0 0 0 0 0 0 0 0
82300 -189.282 0 0 0 0.958927 100 42 0.173785 100 28 0 0 0 -2.26917 100 34 0 0 0 0 0 0 0 0 0 0 0
82400 -190.144 0 0 0 -0.19277 100 44 0.698234 100 25 0 0 0 -2.27019 100 26 0 0 0 0 0 0 0 0 0 0 0
82500 -188.894 0 0 0 0.993802 100 33 4.22853 100 37 0 0 0 -2.50821 100 23 0 0 0 0 0 0 0 0 0 0 0
82600 -188.044 0 0 0 1.25377 100 37 2.89057 100 41 0 0 0 -2.73052 100 25 0 0 0 0 0 0 0 0 0 0 0
82700 -188.418 0 0 0 0.999819 100 37 4.07592 100 35 0 0 0 -2.845 100 28 0 0 0 0 0 0 0 0 0 0 0
82800 -188.107 0 0 0 0.933387 100 34 0.946623 100 41 0 0 0 -2.53147 100 23 0 0 0 0 0 0 0 0 0 0 0
82900 -193.762 0 0 0 1.54289 100 34 3.13403 100 37 0 0 0 -2.36426 100 36 0 0 0 0 0 0 0 0 0 0 0
83000 -188.563 0 0 0 0.469756 100 42 3.27976 100 24 0 0 0 -2.57062 100 24 0 0 0 0 0 0 0 0 0 0 0
83100 -188.417 0 0 0 0.687482 100 30 0.961242 100 27 0 0 0 -2.57795 100 25 0 0 0 0 0 0 0 0 0 0 0
83200 -187.978 0 0 0 0.588548 100 37 1.69293 100 27 0 0 0 -2.5207 100 22 0 0 0 0 0 0 0 0 0 0 0
83300 -187.738 0 0 0 0.777035 100 34 1.56433 100 32 0 0 0 -2.50916 100 22 0 0 0 0 0 0 0 0 0 0 0
83400 -189.274 0 0 0 0.379611 100 31 3.8357 100 28 0 0 0 -2.58904 100 23 0 0 0 0 0 0 0 0 0 0 0
83500 -190.046 0 0 0 -0.127061 100 35 -0.58118 100 37 0 0 0 -2.20742 100 23 0 0 0 0 0 0 0 0 0 0 0
83600 -187.754 0 0 0 0.91783 100 41 2.46816 100 29 0 0 0 -2.47974 100 25 0 0 0 0 0 0 0 0 0 0 0
83700 -189.023 0 0 0 0.799145 100 32 -0.768082 100 28 0 0 0 -2.35193 100 27 0 0 0 0 0 0 0 0 0 0 0
83800 -187.773 0 0 0 0.722212 100 38 1.57849 100 29 0 0 0 -2.36732 100 24 0 0 0 0 0 0 0 0 0 0 0
83900 -190.921 0 0 0 -0.400986 100 29 0.983366 100 26 0 0 0 -2.14546 100 24 0 0 0 0 0 0 0 0 0 0 0
84000 -188.255 0 0 0 0.46466 100 31 2.48174 100 36 0 0 0 -2.30685 100 20 0 0 0 0 0 0 0 0 0 0 0
84100 -188.139 0 0 0 0.777693 100 42 0.922584 100 33 0 0 0 -2.54252 100 26 0 0 0 0 0 0 0 0 0 0 0
84200 -187.858 0 0 0 1.09927 100 36 2.26481 100 28 0 0 0 -2.60345 100 27 0 0 0 0 0 0 0 0 0 0 0
84300 -189.674 0 0 0 1.70627 100 37 4.64025 100 31 0 0 0 -2.84878 100 24 0 0 0 0 0 0 0 0 0 0 0
84400 -187.762 0 0 0 0.672165 100 41 2.25302 100 27 0 0 0 -2.53313 100 26 0 0 0 0 0 0 0 0 0 0 0
84500 -188.71 0 0 0 1.38538 100 37 3.4876 100 29 0 0 0 -2.95816 100 21 0 0 0 0 0 0 0 0 0 0 0
84600 -188.108 0 0 0 1.12906 100 33 2.07811 100 33 0 0 0 -2.52683 100 30 0 0 0 0 0 0 0 0 0 0 0
84700 -187.65 0 0 0 0.874103 100 30 2.67006 100 42 0 0 0 -2.58527 100 22 0 0 0 0 0 0 0 0 0 0 0
84800 -190.652 0 0 0 -0.169156 100 36 2.5734 100 28 0 0 0 -2.36913 100 25 0 0 0 0 0 0 0 0 0 0 0
84900 -188.388 0 0 0 1.25569 100 37 1.80227 100 30 0 0 0 -2.64409 100 24 0 0 0 0 0 0 0 0 0 0 0
85000 -189.546 0 0 0 0.684322 100 39 2.18966 100 22 0 0 0 -2.15549 100 28 0 0 0 0 0 0 0 0 0 0 0
85100 -190.574 0 0 0 0.498456 100 51 1.39009 100 26 0 0 0 -2.77127 100 27 0 0 0 0 0 0 0 0 0 0 0
85200 -188.066 0 0 0 0.585906 100 43 1.81497 100 29 0 0 0 -2.27451 100 24 0 0 0 0 0 0 0 0 0 0 0
85300 -188.487 0 0 0 0.720456 100 37 4.05852 100 22 0 0 0 -2.53116 100 19 0 0 0 0 0 0 0 0 0 0 0
85400 -189.522 0 0 0 1.27374 100 38 6.06247 100 29 0 0 0 -2.96109 100 19 0 0 0 0 0 0 0 0 0 0 0
85500 -188.201 0 0 0 1.24315 100 31 3.20243 100 30 0 0 0 -2.83508 100 21 0 0 0 0 0 0 0 0 0 0 0
85600 -187.738 0 0 0 0.673486 100 31 2.59934 100 27 0 0 0 -2.50813 100 22 0 0 0 0 0 0 0 0 0 0 0
85700 -188.178 0 0 0 0.367434 100 37 2.22287 100 29 0 0 0 -2.36145 100 28 0 0 0 0 0 0 0 0 0 0 0
85800 -190.537 0 0 0 0.107504 100 34 -2.25858 100 30 0 0 0 -1.93 100 22 0 0 0 0 0 0 0 0 0 0 0
85900 -188.522 0 0 0 0.472516 100 35 1.07935 100 25 0 0 0 -2.15031 100 32 0 0 0 0 0 0 0 0 0 0 0
86000 -188.197 0 0 0 0.429907 100 46 0.838051 100 32 0 0 0 -2.20203 100 19 0 0 0 0 0 0 0 0 0 0 0
86100 -188.677 0 0 0 1.52302 100 34 4.3903 100 31 0 0 0 -2.88229 100 23 0 0 0 0 0 0 0 0 0 0 0
86200 -189.57 0 0 0 1.68473 100 41 5.16013 100 28 0 0 0 -3.16983 100 27 0 0 0 0 0 0 0 0 0 0 0
86300 -190.894 0 0 0 1.09947 100 27 -1.07349 100 27 0 0 0 -2.2797 100 28 0 0 0 0 0 0 0 0 0 0 0
86400 -188.126 0 0 0 0.881321 100 32 1.82888 100 13 0 0 0 -2.35614 100 26 0 0 0 0 0 0 0 0 0 0 0
86500 -189.972 0 0 0 0.5546 100 35 -1.98281 100 19 0 0 0 -2.13178 100 23 0 0 0 0 0 0 0 0 0 0 0
86600 -188.999 0 0 0 0.157616 100 40 2.4288 100 27 0 0 0 -2.40169 100 18 0 0 0 0 0 0 0 0 0 0 0
86700 -188.17 0 0 0 1.03746 100 38 4.22262 100 29 0 0 0 -2.66345 100 30 0 0 0 0 0 0 0 0 0 0 0
86800 -188.522 0 0 0 0.765346 100 41 3.80515 100 26 0 0 0 -2.45611 100 25 0 0 0 0 0 0 0 0 0 0 0
86900 -187.868 0 0 0 1.02606 100 29 3.0455 100 27 0 0 0 -2.72513 100 32 0 0 0 0 0 0 0 0 0 0 0
87000 -189.488 0 0 0 0.238109 100 44 3.0175 100 27 0 0 0 -2.5709 100 24 0 0 0 0 0 0 0 0 0 0 0
87100 -192.425 0 0 0 2.00845 100 26 1.76435 100 24 0 0 0 -3.09121 100 21 0 0 0 0 0 0 0 0 0 0 0
87200 -188.808 0 0 0 0.189637 100 36 1.16142 100 28 0 0 0 -2.39413 100 36 0 0 0 0 0 0 0 0 0 0 0
87300 -189.53 0 0 0 0.0205734 100 34 2.24882 100 33 0 0 0 -2.19238 100 20 0 0 0 0 0 0 0 0 0 0 0
87400 -188.96 0 0 0 1.144 100 32 1.62498 100 34 0 0 0 -2.39621 100 21 0 0 0 0 0 0 0 0 0 0 0
87500 -187.717 0 0 0 1.03063 100 26 2.77859 100 39 0 0 0 -2.60021 100 26 0 0 0 0 0 0 0 0 0 0 0
87600 -188.907 0 0 0 1.16728 100 35 1.50118 100 40 0 0 0 -2.79432 100 15 0 0 0 0 0 0 0 0 0 0 0
87700 -189.049 0 0 0 0.750591 100 40 -0.0569507 100 26 0 0 0 -2.56351 100 30 0 0 0 0 0 0 0 0 0 0 0
87800 -188.558 0 0 0 0.880123 100 40 3.23404 100 35 0 0 0 -2.39083 100 20 0 0 0 0 0 0 0 0 0 0 0
87900 -188.54 0 0 0 1.35557 100 38 4.81219 100 31 0 0 0 -2.91238 100 25 0 0 0 0 0 0 0 0 0 0 0
88000 -188.534 0 0 0 0.649997 100 35 -0.0698057 100 24 0 0 0 -2.22278 100 29 0 0 0 0 0 0 0 0 0 0 0
88100 -189.89 0 0 0 1.18404 100 44 0.686283 100 26 0 0 0 -2.82434 100 21 0 0 0 0 0 0 0 0 0 0 0
88200 -188.245 0 0 0 1.20123 100 31 1.78116 100 27 0 0 0 -2.64352 100 29 0 0 0 0 0 0 0 0 0 0 0
88300 -188.18 0 0 0 1.02816 100 34 3.58515 100 34 0 0 0 -2.8127 100 24 0 0 0 0 0 0 0 0 0 0 0
88400 -193.228 0 0 0 2.1497 100 41 6.92263 100 35 0 0 0 -3.69765 100 32 0 0 0 0 0 0 0 0 0 0 0
88500 -187.764 0 0 0 1.07807 100 31 3.00126 100 29 0 0 0 -2.66401 100 24 0 0 0 0 0 0 0 0 0 0 0
88600 -189.083 0 0 0 1.24594 100 29 2.11374 100 22 0 0 0 -2.45452 100 25 0 0 0 0 0 0 0 0 0 0 0
88700 -189.662 0 0 0 1.64125 100 34 2.32013 100 27 0 0 0 -2.90208 100 19 0 0 0 0 0 0 0 0 0 0 0
88800 -188.115 0 0 0 0.564402 100 38 1.64806 100 25 0 0 0 -2.25289 100 31 0 0 0 0 0 0 0 0 0 0 0
88900 -187.711 0 0 0 0.871322 100 33 3.071 100 23 0 0 0 -2.60264 100 18 0 0 0 0 0 0 0 0 0 0 0
89000 -187.792 0 0 0 0.965051 100 33 3.26455 100 30 0 0 0 -2.57346 100 30 0 0 0 0 0 0 0 0 0 0 0
89100 -188.101 0 0 0 0.730289 100 36 0.999 100 23 0 0 0 -2.53372 100 23 0 0 0 0 0 0 0 0 0 0 0
89200 -188.14 0 0 0 0.385434 100 35 1.36237 100 30 0 0 0 -2.40321 100 24 0 0 0 0 0 0 0 0 0 0 0
89300 -188.65 0 0 0 1.30004 100 43 1.65895 100 28 0 0 0 -2.71882 100 24 0 0 0 0 0 0 0 0 0 0 0
89400 -187.744 0 0 0 0.630743 100 34 1.44194 100 32 0 0 0 -2.43155 100 29 0 0 0 0 0 0 0 0 0 0 0
89500 -188.85 0 0 0 1.23727 100 37 2.251 100 24 0 0 0 -2.47817 100 29 0 0 0 0 0 0 0 0 0 0 0
89600 -188.406 0 0 0 0.821766 100 36 0.503445 100 29 0 0 0 -2.54302 100 24 0 0 0 0 0 0 0 0 0 0 0
89700 -189.422 0 0 0 1.66747 100 41 5.49907 100 31 0 0 0 -2.9775 100 25 0 0 0 0 0 0 0 0 0 0 0
89800 -189.183 0 0 0 0.370143 100 33 0.472997 100 23 0 0 0 -2.50922 100 24 0 0 0 0 0 0 0 0 0 0 0
89900 -188.465 0 0 0 0.473501 100 29 -0.299228 100 20 0 0 0 -2.29978 100 28 0 0 0 0 0 0 0 0 0 0 0
90000 -189.027 0 0 0 0.533741 100 36 4.05093 100 24 0 0 0 -2.456 100 27 0 0 0 0 0 0 0 0 0 0 0
90100 -188.856 0 0 0 1.54012 100 35 3.19291 100 34 0 0 0 -2.78802 100 25 0 0 0 0 0 0 0 0 0 0 0
90200 -188.248 0 0 0 0.51101 100 43 3.16015 100 25 0 0 0 -2.44963 100 23 0 0 0 0 0 0 0 0 0 0 0
90300 -188.214 0 0 0 0.477638 100 30 1.3285 100 29 0 0 0 -2.21072 100 26 0 0 0 0 0 0 0 0 0 0 0
90400 -188.067 0 0 0 0.920538 100 35 1.20187 100 37 0 0 0 -2.57979 100 32 0 0 0 0 0 0 0 0 0 0 0
90500 -189.857 0 0 0 0.0480419 100 39 2.5346 100 25 0 0 0 -2.16233 100 28 0 0 0 0 0 0 0 0 0 0 0
90600 -189.072 0 0 0 0.610922 100 38 2.96363 100 34 0 0 0 -2.25107 100 32 0 0 0 0 0 0 0 0 0 0 0
90700 -191.715 0 0 0 0.479913 100 37 4.69957 100 34 0 0 0 -2.95702 100 24 0 0 0 0 0 0 0 0 0 0 0
90800 -189.92 0 0 0 0.237981 100 34 -0.705023 100 34 0 0 0 -1.93429 100 24 0 0 0 0 0 0 0 0 0 0 0
90900 -189.343 0 0 0 1.69601 100 39 3.67276 100 27 0 0 0 -3.01305 100 27 0 0 0 0 0 0 0 0 0 0 0
91000 -190.047 0 0 0 0.517397 100 24 -2.22979 100 23 0 0 0 -2.18827 100 25 0 0 0 0 0 0 0 0 0 0 0
91100 -188.526 0 0 0 1.21602 100 30 4.48749 100 27 0 0 0 -2.927 100 33 0 0 0 0 0 0 0 0 0 0 0
91200 -193.218 0 0 0 1.16438 100 32 0.831504 100 27 0 0 0 -2.10803 100 29 0 0 0 0 0 0 0 0 0 0 0
91300 -188.012 0 0 0 0.955641 100 32 2.96561 100 25 0 0 0 -2.74227 100 24 0 0 0 0 0 0 0 0 0 0 0
91400 -188.219 0 0 0 0.776494 100 40 0.719597 100 29 0 0 0 -2.52973 100 27 0 0 0 0 0 0 0 0 0 0 0
91500 -189.435 0 0 0 1.18169 100 34 2.40474 100 31 0 0 0 -2.38309 100 29 0 0 0 0 0 0 0 0 0 0 0
91600 -188.263 0 0 0 0.7362 100 32 0.354278 100 25 0 0 0 -2.29666 100 31 0 0 0 0 0 0 0 0 0 0 0
91700 -191.934 0 0 0 -0.402939 100 35 -2.38855 100 35 0 0 0 -1.82752 100 31 0 0 0 0 0 0 0 0 0 0 0
91800 -189.799 0 0 0 0.38535 100 44 2.42476 100 29 0 0 0 -2.10573 100 23 0 0 0 0 0 0 0 0 0 0 0
91900 -188.145 0 0 0 1.32423 100 30 3.39312 100 28 0 0 0 -2.76347 100 27 0 0 0 0 0 0 0 0 0 0 0
92000 -189.299 0 0 0 -0.0110502 100 37 1.13173 100 30 0 0 0 -2.30289 100 28 0 0 0 0 0 0 0 0 0 0 0
92100 -187.831 0 0 0 0.520686 100 37 2.04811 100 30 0 0 0 -2.40926 100 24 0 0 0 0 0 0 0 0 0 0 0
92200 -188.925 0 0 0 0.993124 100 37 0.947072 100 34 0 0 0 -2.71745 100 24 0 0 0 0 0 0 0 0 0 0 0
92300 -189.437 0 0 0 0.185561 100 35 -1.10832 100 28 0 0 0 -2.01977 100 29 0 0 0 0 0 0 0 0 0 0 0
92400 -190.092 0 0 0 0.992253 100 46 1.36992 100 27 0 0 0 -2.89045 100 33 0 0 0 0 0 0 0 0 0 0 0
92500 -188.985 0 0 0 1.156 100 33 2.02422 100 27 0 0 0 -2.4027 100 21 0 0 0 0 0 0 0 0 0 0 0
92600 -188.42 0 0 0 0.225864 100 29 0.567661 100 30 0 0 0 -2.23667 100 29 0 0 0 0 0 0 0 0 0 0 0
92700 -188.36 0 0 0 1.22008 100 38 2.12012 100 29 0 0 0 -2.54982 100 29 0 0 0 0 0 0 0 0 0 0 0
92800 -191.488 0 0 0 0.459578 100 40 5.75973 100 25 0 0 0 -2.77688 100 31 0 0 0 0 0 0 0 0 0 0 0
92900 -189.768 0 0 0 1.14472 100 34 -0.520063 100 27 0 0 0 -2.5006 100 25 0 0 0 0 0 0 0 0 0 0 0
93000 -190.743 0 0 0 1.32109 100 31 4.35984 100 29 0 0 0 -3.22467 100 26 0 0 0 0 0 0 0 0 0 0 0
93100 -188.321 0 0 0 0.66245 100 29 3.04265 100 25 0 0 0 -2.36147 100 26 0 0 0 0 0 0 0 0 0 0 0
93200 -188.991 0 0 0 1.57185 100 34 5.06914 100 34 0 0 0 -2.93243 100 35 0 0 0 0 0 0 0 0 0 0 0
93300 -189.02 0 0 0 1.62073 100 30 3.46997 100 36 0 0 0 -2.88053 100 33 0 0 0 0 0 0 0 0 0 0 0
93400 -189.542 0 0 0 1.25234 100 42 2.50485 100 25 0 0 0 -2.98445 100 31 0 0 0 0 0 0 0 0 0 0 0
93500 -188.076 0 0 0 1.23459 100 36 2.63011 100 26 0 0 0 -2.64423 100 19 0 0 0 0 0 0 0 0 0 0 0
93600 -189.257 0 0 0 0.89801 100 33 4.39799 100 24 0 0 0 -2.92515 100 18 0 0 0 0 0 0 0 0 0 0 0
93700 -188.366 0 0 0 0.48777 100 29 0.158406 100 27 0 0 0 -2.385 100 21 0 0 0 0 0 0 0 0 0 0 0
93800 -188.204 0 0 0 0.620554 100 41 2.81582 100 29 0 0 0 -2.34976 100 24 0 0 0 0 0 0 0 0 0 0 0
93900 -188.115 0 0 0 0.814325 100 33 1.33246 100 29 0 0 0 -2.32155 100 23 0 0 0 0 0 0 0 0 0 0 0
94000 -190.314 0 0 0 1.79101 100 38 4.93506 100 23 0 0 0 -2.85813 100 30 0 0 0 0 0 0 0 0 0 0 0
94100 -189.591 0 0 0 1.52259 100 33 2.57053 100 25 0 0 0 -3.00273 100 24 0 0 0 0 0 0 0 0 0 0 0
94200 -188.43 0 0 0 0.969596 100 29 2.09311 100 28 0 0 0 -2.36251 100 24 0 0 0 0 0 0 0 0 0 0 0
94300 -189.099 0 0 0 1.50795 100 35 5.33155 100 27 0 0 0 -2.88939 100 22 0 0 0 0 0 0 0 0 0 0 0
94400 -188.496 0 0 0 1.47269 100 37 3.9638 100 27 0 0 0 -2.87633 100 26 0 0 0 0 0 0 0 0 0 0 0
94500 -188.162 0 0 0 0.655831 100 38 0.759582 100 33 0 0 0 -2.4934 100 24 0 0 0 0 0 0 0 0 0 0 0
94600 -188.163 0 0 0 0.626698 100 38 0.190129 100 34 0 0 0 -2.34436 100 29 0 0 0 0 0 0 0 0 0 0 0
94700 -190.364 0 0 0 1.50539 100 37 6.19848 100 27 0 0 0 -3.25602 100 26 0 0 0 0 0 0 0 0 0 0 0
94800 -191.52 0 0 0 0.74479 100 33 -2.67084 100 27 0 0 0 -2.46258 100 30 0 0 0 0 0 0 0 0 0 0 0
94900 -189.047 0 0 0 1.00613 100 44 5.34181 100 22 0 0 0 -2.81027 100 28 0 0 0 0 0 0 0 0 0 0 0
95000 -191.038 0 0 0 0.545211 100 34 -0.866241 100 24 0 0 0 -2.63187 100 27 0 0 0 0 0 0 0 0 0 0 0
95100 -188.837 0 0 0 0.875422 100 30 0.359572 100 26 0 0 0 -2.61013 100 29 0 0 0 0 0 0 0 0 0 0 0
95200 -190.019 0 0 0 0.896971 100 33 2.1064 100 27 0 0 0 -2.18787 100 18 0 0 0 0 0 0 0 0 0 0 0
95300 -187.813 0 0 0 0.913366 100 41 2.46109 100 26 0 0 0 -2.65773 100 29 0 0 0 0 0 0 0 0 0 0 0
95400 -190.088 0 0 0 1.55816 100 36 3.2877 100 24 0 0 0 -2.60799 100 23 0 0 0 0 0 0 0 0 0 0 0
95500 -189.408 0 0 0 1.66301 100 41 4.96982 100 34 0 0 0 -2.88789 100 24 0 0 0 0 0 0 0 0 0 0 0
95600 -188.629 0 0 0 1.36074 100 35 2.98183 100 33 0 0 0 -2.6233 100 32 0 0 0 0 0 0 0 0 0 0 0
95700 -188.721 0 0 0 0.969357 100 33 4.96105 100 33 0 0 0 -2.74908 100 27 0 0 0 0 0 0 0 0 0 0 0
95800 -188.041 0 0 0 1.11773 100 34 3.71628 100 27 0 0 0 -2.6266 100 31 0 0 0 0 0 0 0 0 0 0 0
95900 -188.749 0 0 0 0.898843 100 38 2.97082 100 27 0 0 0 -2.34991 100 29 0 0 0 0 0 0 0 0 0 0 0
96000 -188.488 0 0 0 0.75614 100 40 2.33881 100 32 0 0 0 -2.72187 100 25 0 0 0 0 0 0 0 0 0 0 0
96100 -187.97 0 0 0 0.584407 100 35 0.977452 100 29 0 0 0 -2.27718 100 27 0 0 0 0 0 0 0 0 0 0 0
96200 -189.833 0 0 0 -0.157459 100 36 -0.349973 100 24 0 0 0 -2.01705 100 27 0 0 0 0 0 0 0 0 0 0 0
96300 -189.073 0 0 0 1.47761 100 38 3.13937 100 32 0 0 0 -2.65864 100 26 0 0 0 0 0 0 0 0 0 0 0
96400 -189.449 0 0 0 0.297714 100 27 2.82605 100 28 0 0 0 -2.19276 100 21 0 0 0 0 0 0 0 0 0 0 0
96500 -189.045 0 0 0 0.964719 100 34 5.04514 100 37 0 0 0 -2.65322 100 32 0 0 0 0 0 0 0 0 0 0 0
96600 -187.977 0 0 0 0.67291 100 29 1.06674 100 30 0 0 0 -2.29621 100 21 0 0 0 0 0 0 0 0 0 0 0
96700 -188.512 0 0 0 0.265812 100 40 0.737818 100 24 0 0 0 -2.14221 100 29 0 0 0 0 0 0 0 0 0 0 0
96800 -191.78 0 0 0 -0.567556 100 41 0.649508 100 29 0 0 0 -2.08175 100 32 0 0 0 0 0 0 0 0 0 0 0
96900 -190.032 0 0 0 -0.111392 100 42 1.99266 100 27 0 0 0 -2.34825 100 25 0 0 0 0 0 0 0 0 0 0 0
97000 -187.811 0 0 0 0.568316 100 28 2.33483 100 32 0 0 0 -2.45108 100 20 0 0 0 0 0 0 0 0 0 0 0
97100 -188.964 0 0 0 0.34326 100 36 -0.0897094 100 18 0 0 0 -2.05899 100 22 0 0 0 0 0 0 0 0 0 0 0
97200 -188.94 0 0 0 0.438981 100 45 2.78525 100 31 0 0 0 -2.2365 100 23 0 0 0 0 0 0 0 0 0 0 0
97300 -189.542 0 0 0 0.619412 100 40 -1.33393 100 31 0 0 0 -2.39479 100 31 0 0 0 0 0 0 0 0 0 0 0
97400 -190.215 0 0 0 0.779499 100 46 2.82141 100 36 0 0 0 -2.18211 100 23 0 0 0 0 0 0 0 0 0 0 0
97500 -190.938 0 0 0 0.41305 100 35 2.44564 100 37 0 0 0 -2.02875 100 35 0 0 0 0 0 0 0 0 0 0 0
97600 -189.044 0 0 0 0.623223 100 36 -1.03515 100 31 0 0 0 -2.23445 100 22 0 0 0 0 0 0 0 0 0 0 0
97700 -189.307 0 0 0 1.31698 100 32 1.63982 100 28 0 0 0 -2.49057 100 27 0 0 0 0 0 0 0 0 0 0 0
97800 -188.017 0 0 0 1.03546 100 42 3.11604 100 35 0 0 0 -2.76911 100 15 0 0 0 0 0 0 0 0 0 0 0
97900 -188.467 0 0 0 0.437231 100 37 2.45494 100 31 0 0 0 -2.26401 100 19 0 0 0 0 0 0 0 0 0 0 0
98000 -188.452 0 0 0 0.293153 100 34 0.193466 100 37 0 0 0 -2.28711 100 25 0 0 0 0 0 0 0 0 0 0 0
98100 -187.99 0 0 0 0.463832 100 33 2.32839 100 35 0 0 0 -2.39668 100 28 0 0 0 0 0 0 0 0 0 0 0
98200 -191.8 0 0 0 1.62754 100 33 3.26125 100 31 0 0 0 -3.30487 100 28 0 0 0 0 0 0 0 0 0 0 0
98300 -188.137 0 0 0 0.675678 100 36 1.32188 100 26 0 0 0 -2.26238 100 16 0 0 0 0 0 0 0 0 0 0 0
98400 -187.628 0 0 0 0.77109 100 35 2.01181 100 34 0 0 0 -2.47068 100 25 0 0 0 0 0 0 0 0 0 0 0
98500 -188.185 0 0 0 0.718558 100 31 0.390884 100 30 0 0 0 -2.44512 100 22 0 0 0 0 0 0 0 0 0 0 0
98600 -188.5 0 0 0 0.920884 100 46 0.535304 100 27 0 0 0 -2.57269 100 28 0 0 0 0 0 0 0 0 0 0 0
98700 -187.971 0 0 0 0.983655 100 32 2.04153 100 28 0 0 0 -2.44641 100 30 0 0 0 0 0 0 0 0 0 0 0
98800 -189.467 0 0 0 1.52021 100 50 3.82185 100 33 0 0 0 -3.10041 100 27 0 0 0 0 0 0 0 0 0 0 0
98900 -188.649 0 0 0 0.708499 100 35 4.30697 100 32 0 0 0 -2.67765 100 19 0 0 0 0 0 0 0 0 0 0 0
99000 -188.301 0 0 0 0.622781 100 30 0.557314 100 20 0 0 0 -2.22034 100 27 0 0 0 0 0 0 0 0 0 0 0
99100 -193.255 0 0 0 0.458395 100 31 2.85913 100 32 0 0 0 -1.95468 100 25 0 0 0 0 0 0 0 0 0 0 0
99200 -187.831 0 0 0 0.948612 100 38 2.21011 100 39 0 0 0 -2.64902 100 32 0 0 0 0 0 0 0 0 0 0 0
99300 -189.743 0 0 0 0.417815 100 30 2.67177 100 26 0 0 0 -2.13889 100 29 0 0 0 0 0 0 0 0 0 0 0
99400 -190.556 0 0 0 1.62277 100 30 6.02776 100 35 0 0 0 -2.84716 100 23 0 0 0 0 0 0 0 0 0 0 0
99500 -189.18 0 0 0 0.309468 100 27 1.80686 100 29 0 0 0 -2.56659 100 31 0 0 0 0 0 0 0 0 0 0 0
99600 -189.364 0 0 0 0.722128 100 31 3.76713 100 26 0 0 0 -2.85645 100 23 0 0 0 0 0 0 0 0 0 0 0
99700 -187.908 0 0 0 0.957201 100 29 1.80473 100 25 0 0 0 -2.62569 100 20 0 0 0 0 0 0 0 0 0 0 0
99800 -188.674 0 0 0 0.703449 100 22 2.33922 100 31 0 0 0 -2.72538 100 28 0 0 0 0 0 0 0 0 0 0 0
99900 -189.15 0 0 0 0.929036 100 41 4.49637 100 31 0 0 0 -2.50767 100 33 0 0 0 0 0 0 0 0 0 0 0
100000 -190.822 0 0 0 1.10699 100 36 6.47583 100 29 0 0 0 -2.7822 100 30 0 0 0 0 0 0 0 0 0 0 0
