iteration logLik intercept1 intercept1_p intercept1_a pcov2 pcov2_p pcov2_a pcov3 pcov3_p pcov3_a pcov4 pcov4_p pcov4_a intercept2 intercept2_p intercept2_a intercept3 intercept3_p intercept3_a intercept4 intercept4_p intercept4_a pcov pcov_p pcov_a data_p data_a
0 -2.58e+06 0 0 0 -15.2305 0 0 0.703465 0 0 0 0 0 9.13091 0 0 0 0 0 0 0 0 0 0 0 0 0
100 -227.889 0 0 0 0.47364 100 36 -3.37018 100 46 0 0 0 -2.20545 100 34 0 0 0 0 0 0 0 0 0 0 0
200 -232.981 0 0 0 1.17442 100 29 4.42322 100 35 0 0 0 -2.76469 100 19 0 0 0 0 0 0 0 0 0 0 0
300 -228.126 0 0 0 0.450025 100 29 -1.26026 100 40 0 0 0 -2.43601 100 21 0 0 0 0 0 0 0 0 0 0 0
400 -228.524 0 0 0 0.581544 100 36 -0.241158 100 34 0 0 0 -2.5652 100 16 0 0 0 0 0 0 0 0 0 0 0
500 -229.554 0 0 0 0.850915 100 32 -1.8141 100 38 0 0 0 -2.7809 100 32 0 0 0 0 0 0 0 0 0 0 0
600 -227.975 0 0 0 0.627252 100 30 -2.24662 100 31 0 0 0 -2.49688 100 19 0 0 0 0 0 0 0 0 0 0 0
700 -229.66 0 0 0 0.473319 100 35 -2.68258 100 36 0 0 0 -2.01731 100 25 0 0 0 0 0 0 0 0 0 0 0
800 -228.116 0 0 0 0.925301 100 24 -1.86832 100 42 0 0 0 -2.57804 100 25 0 0 0 0 0 0 0 0 0 0 0
900 -229.158 0 0 0 0.041332 100 26 -1.50515 100 28 0 0 0 -2.24636 100 28 0 0 0 0 0 0 0 0 0 0 0
1000 -232.007 0 0 0 1.70951 100 23 2.44072 100 32 0 0 0 -3.28365 100 34 0 0 0 0 0 0 0 0 0 0 0
1100 -228.749 0 0 0 1.14874 100 33 0.419122 100 37 0 0 0 -2.76743 100 22 0 0 0 0 0 0 0 0 0 0 0
1200 -229.543 0 0 0 -0.192796 100 27 -5.3293 100 33 0 0 0 -1.91684 100 31 0 0 0 0 0 0 0 0 0 0 0
1300 -228.108 0 0 0 0.209856 100 33 -2.49028 100 41 0 0 0 -2.20217 100 19 0 0 0 0 0 0 0 0 0 0 0
1400 -228.484 0 0 0 0.282781 100 28 -1.46539 100 27 0 0 0 -2.37909 100 23 0 0 0 0 0 0 0 0 0 0 0
1500 -228.14 0 0 0 0.571868 100 27 -4.42489 100 29 0 0 0 -2.29513 100 27 0 0 0 0 0 0 0 0 0 0 0
1600 -228.2 0 0 0 0.726318 100 16 -1.98531 100 39 0 0 0 -2.29439 100 19 0 0 0 0 0 0 0 0 0 0 0
1700 -227.874 0 0 0 0.596425 100 33 -1.05171 100 43 0 0 0 -2.45487 100 28 0 0 0 0 0 0 0 0 0 0 0
1800 -231.787 0 0 0 0.518471 100 29 -4.7058 100 40 0 0 0 -1.88979 100 21 0 0 0 0 0 0 0 0 0 0 0
1900 -228.187 0 0 0 0.147146 100 38 -3.26041 100 41 0 0 0 -2.15223 100 21 0 0 0 0 0 0 0 0 0 0 0
2000 -229.176 0 0 0 0.55128 100 30 -3.70202 100 31 0 0 0 -2.55509 100 25 0 0 0 0 0 0 0 0 0 0 0
2100 -230.293 0 0 0 1.06961 100 33 -4.22842 100 39 0 0 0 -2.74131 100 18 0 0 0 0 0 0 0 0 0 0 0
2200 -229.247 0 0 0 1.17312 100 33 0.624732 100 37 0 0 0 -2.88171 100 24 0 0 0 0 0 0 0 0 0 0 0
2300 -228.045 0 0 0 0.695677 100 37 -2.03165 100 40 0 0 0 -2.29978 100 23 0 0 0 0 0 0 0 0 0 0 0
2400 -229.892 0 0 0 1.11416 100 40 2.16837 100 45 0 0 0 -2.65821 100 26 0 0 0 0 0 0 0 0 0 0 0
2500 -229.38 0 0 0 0.423472 100 28 0.625526 100 35 0 0 0 -2.51745 100 28 0 0 0 0 0 0 0 0 0 0 0
2600 -229.3 0 0 0 0.854088 100 32 -1.13797 100 35 0 0 0 -2.28221 100 24 0 0 0 0 0 0 0 0 0 0 0
2700 -229.591 0 0 0 0.0847745 100 29 -6.43312 100 32 0 0 0 -2.18559 100 24 0 0 0 0 0 0 0 0 0 0 0
2800 -229.291 0 0 0 -0.0374428 100 30 -3.80307 100 35 0 0 0 -2.22147 100 20 0 0 0 0 0 0 0 0 0 0 0
2900 -230.033 0 0 0 0.42041 100 31 0.303773 100 23 0 0 0 -2.18195 100 22 0 0 0 0 0 0 0 0 0 0 0
3000 -228.385 0 0 0 0.480203 100 26 -2.70285 100 28 0 0 0 -2.48189 100 24 0 0 0 0 0 0 0 0 0 0 0
3100 -228.8 0 0 0 1.14159 100 34 -0.0249301 100 28 0 0 0 -2.79538 100 17 0 0 0 0 0 0 0 0 0 0 0
3200 -231.185 0 0 0 0.448116 100 30 -0.0572948 100 35 0 0 0 -2.75582 100 26 0 0 0 0 0 0 0 0 0 0 0
3300 -227.988 0 0 0 0.618328 100 24 -1.80741 100 40 0 0 0 -2.50859 100 20 0 0 0 0 0 0 0 0 0 0 0
3400 -227.838 0 0 0 0.805949 100 33 -1.65908 100 35 0 0 0 -2.5016 100 30 0 0 0 0 0 0 0 0 0 0 0
3500 -229.939 0 0 0 0.202901 100 28 -2.56117 100 33 0 0 0 -1.92155 100 23 0 0 0 0 0 0 0 0 0 0 0
3600 -228.855 0 0 0 -0.0282345 100 33 -3.04228 100 32 0 0 0 -2.14642 100 26 0 0 0 0 0 0 0 0 0 0 0
3700 -227.691 0 0 0 0.61999 100 31 -2.49001 100 36 0 0 0 -2.36891 100 17 0 0 0 0 0 0 0 0 0 0 0
3800 -229.462 0 0 0 1.32282 100 33 0.245099 100 34 0 0 0 -2.91131 100 23 0 0 0 0 0 0 0 0 0 0 0
3900 -229.945 0 0 0 1.40774 100 32 1.32988 100 41 0 0 0 -2.99631 100 13 0 0 0 0 0 0 0 0 0 0 0
4000 -229.08 0 0 0 0.157662 100 29 -3.85298 100 32 0 0 0 -1.93964 100 27 0 0 0 0 0 0 0 0 0 0 0
4100 -228.118 0 0 0 0.32075 100 41 -3.95818 100 29 0 0 0 -2.11036 100 24 0 0 0 0 0 0 0 0 0 0 0
4200 -228.392 0 0 0 0.555879 100 35 -4.44732 100 37 0 0 0 -2.18148 100 30 0 0 0 0 0 0 0 0 0 0 0
4300 -228.529 0 0 0 0.907841 100 26 -3.35959 100 35 0 0 0 -2.42235 100 13 0 0 0 0 0 0 0 0 0 0 0
4400 -228.784 0 0 0 0.966643 100 32 0.811106 100 34 0 0 0 -2.74703 100 19 0 0 0 0 0 0 0 0 0 0 0
4500 -228.451 0 0 0 0.0579045 100 22 -3.20483 100 37 0 0 0 -2.12082 100 19 0 0 0 0 0 0 0 0 0 0 0
4600 -230.579 0 0 0 0.0921777 100 35 -1.12211 100 33 0 0 0 -2.48453 100 29 0 0 0 0 0 0 0 0 0 0 0
4700 -227.744 0 0 0 0.50154 100 31 -2.65382 100 34 0 0 0 -2.26111 100 20 0 0 0 0 0 0 0 0 0 0 0
4800 -230.056 0 0 0 0.806149 100 37 2.18972 100 35 0 0 0 -2.75944 100 19 0 0 0 0 0 0 0 0 0 0 0
4900 -229.199 0 0 0 0.777951 100 29 -0.115538 100 32 0 0 0 -2.31084 100 21 0 0 0 0 0 0 0 0 0 0 0
5000 -228.691 0 0 0 0.645506 100 29 -4.37758 100 41 0 0 0 -2.1915 100 27 0 0 0 0 0 0 0 0 0 0 0
5100 -228.478 0 0 0 0.253291 100 36 -3.22666 100 37 0 0 0 -2.0418 100 24 0 0 0 0 0 0 0 0 0 0 0
5200 -229.227 0 0 0 1.11334 100 27 -0.574605 100 29 0 0 0 -2.85383 100 23 0 0 0 0 0 0 0 0 0 0 0
5300 -227.757 0 0 0 0.661387 100 30 -1.98405 100 32 0 0 0 -2.45788 100 27 0 0 0 0 0 0 0 0 0 0 0
5400 -229.158 0 0 0 1.03358 100 34 1.67785 100 35 0 0 0 -2.69054 100 32 0 0 0 0 0 0 0 0 0 0 0
5500 -230.107 0 0 0 1.38321 100 40 -1.84276 100 28 0 0 0 -2.67749 100 22 0 0 0 0 0 0 0 0 0 0 0
5600 -231.718 0 0 0 1.68412 100 33 0.342814 100 36 0 0 0 -3.19103 100 22 0 0 0 0 0 0 0 0 0 0 0
5700 -230.362 0 0 0 0.532622 100 32 -5.76732 100 39 0 0 0 -1.99349 100 26 0 0 0 0 0 0 0 0 0 0 0
5800 -229.168 0 0 0 1.1354 100 29 -1.98741 100 44 0 0 0 -2.77311 100 18 0 0 0 0 0 0 0 0 0 0 0
5900 -229.346 0 0 0 0.726906 100 27 1.62834 100 32 0 0 0 -2.58321 100 18 0 0 0 0 0 0 0 0 0 0 0
6000 -229.429 0 0 0 0.269866 100 34 -3.80986 100 38 0 0 0 -1.93563 100 22 0 0 0 0 0 0 0 0 0 0 0
6100 -228.485 0 0 0 0.406284 100 30 -0.867667 100 36 0 0 0 -2.2224 100 22 0 0 0 0 0 0 0 0 0 0 0
6200 -228.559 0 0 0 0.986311 100 30 0.752605 100 38 0 0 0 -2.65867 100 27 0 0 0 0 0 0 0 0 0 0 0
6300 -227.97 0 0 0 0.291712 100 30 -2.5534 100 31 0 0 0 -2.27818 100 20 0 0 0 0 0 0 0 0 0 0 0
6400 -229.564 0 0 0 0.357539 100 25 -7.07725 100 35 0 0 0 -2.22787 100 27 0 0 0 0 0 0 0 0 0 0 0
6500 -228.134 0 0 0 0.415528 100 31 -2.56655 100 39 0 0 0 -2.41428 100 22 0 0 0 0 0 0 0 0 0 0 0
6600 -228.4 0 0 0 1.05303 100 30 0.0120325 100 39 0 0 0 -2.66114 100 22 0 0 0 0 0 0 0 0 0 0 0
6700 -228.668 0 0 0 0.579474 100 41 0.0263184 100 38 0 0 0 -2.57452 100 21 0 0 0 0 0 0 0 0 0 0 0
6800 -231.869 0 0 0 1.61386 100 40 2.72877 100 40 0 0 0 -3.26052 100 30 0 0 0 0 0 0 0 0 0 0 0
6900 -229.119 0 0 0 1.12852 100 31 -2.36421 100 41 0 0 0 -2.7319 100 27 0 0 0 0 0 0 0 0 0 0 0
7000 -229.508 0 0 0 1.36756 100 37 1.04207 100 30 0 0 0 -2.8069 100 29 0 0 0 0 0 0 0 0 0 0 0
7100 -228.959 0 0 0 0.66577 100 25 0.874333 100 32 0 0 0 -2.43373 100 25 0 0 0 0 0 0 0 0 0 0 0
7200 -228.186 0 0 0 0.906715 100 33 -2.33452 100 32 0 0 0 -2.45176 100 27 0 0 0 0 0 0 0 0 0 0 0
7300 -229.795 0 0 0 1.1647 100 32 1.42232 100 27 0 0 0 -2.94762 100 22 0 0 0 0 0 0 0 0 0 0 0
7400 -228.581 0 0 0 0.364545 100 32 -0.329754 100 36 0 0 0 -2.34665 100 19 0 0 0 0 0 0 0 0 0 0 0
7500 -229.087 0 0 0 0.803114 100 31 -0.458038 100 35 0 0 0 -2.30844 100 20 0 0 0 0 0 0 0 0 0 0 0
7600 -228.428 0 0 0 0.963458 100 39 -2.73672 100 32 0 0 0 -2.57171 100 21 0 0 0 0 0 0 0 0 0 0 0
7700 -228.551 0 0 0 0.406792 100 26 -4.80511 100 32 0 0 0 -2.085 100 22 0 0 0 0 0 0 0 0 0 0 0
7800 -228.647 0 0 0 1.11376 100 27 -1.77771 100 30 0 0 0 -2.66235 100 25 0 0 0 0 0 0 0 0 0 0 0
7900 -230.717 0 0 0 -0.212091 100 36 -1.76565 100 38 0 0 0 -2.23368 100 30 0 0 0 0 0 0 0 0 0 0 0
8000 -228.171 0 0 0 0.321966 100 29 -4.33716 100 36 0 0 0 -2.11032 100 23 0 0 0 0 0 0 0 0 0 0 0
8100 -228.672 0 0 0 0.942634 100 23 -0.60005 100 34 0 0 0 -2.74589 100 36 0 0 0 0 0 0 0 0 0 0 0
8200 -227.994 0 0 0 0.544238 100 23 -1.55738 100 36 0 0 0 -2.26378 100 18 0 0 0 0 0 0 0 0 0 0 0
8300 -232.258 0 0 0 -0.340294 100 24 -7.75177 100 34 0 0 0 -1.62806 100 26 0 0 0 0 0 0 0 0 0 0 0
8400 -227.888 0 0 0 0.713279 100 27 -2.44721 100 39 0 0 0 -2.48801 100 25 0 0 0 0 0 0 0 0 0 0 0
8500 -234.257 0 0 0 -0.199949 100 32 -9.36157 100 37 0 0 0 -1.54974 100 18 0 0 0 0 0 0 0 0 0 0 0
8600 -230.675 0 0 0 0.623055 100 29 1.40089 100 35 0 0 0 -2.30046 100 24 0 0 0 0 0 0 0 0 0 0 0
8700 -229.265 0 0 0 0.73591 100 28 -2.6665 100 34 0 0 0 -2.17553 100 38 0 0 0 0 0 0 0 0 0 0 0
8800 -230.792 0 0 0 0.829581 100 34 2.32125 100 44 0 0 0 -2.47484 100 16 0 0 0 0 0 0 0 0 0 0 0
8900 -230.049 0 0 0 1.23986 100 28 -3.24885 100 39 0 0 0 -2.56107 100 15 0 0 0 0 0 0 0 0 0 0 0
9000 -227.995 0 0 0 0.884563 100 34 -1.99498 100 31 0 0 0 -2.51391 100 26 0 0 0 0 0 0 0 0 0 0 0
9100 -232.366 0 0 0 0.263913 100 31 -9.26356 100 36 0 0 0 -2.31787 100 24 0 0 0 0 0 0 0 0 0 0 0
9200 -228.153 0 0 0 0.537624 100 37 -1.1582 100 40 0 0 0 -2.26519 100 26 0 0 0 0 0 0 0 0 0 0 0
9300 -228.221 0 0 0 0.456045 100 28 -3.0062 100 26 0 0 0 -2.43408 100 26 0 0 0 0 0 0 0 0 0 0 0
9400 -227.967 0 0 0 0.526947 100 27 -2.18399 100 43 0 0 0 -2.45391 100 21 0 0 0 0 0 0 0 0 0 0 0
9500 -229.182 0 0 0 0.662051 100 25 -3.93522 100 29 0 0 0 -2.57967 100 20 0 0 0 0 0 0 0 0 0 0 0
9600 -230.775 0 0 0 1.24546 100 32 -3.83384 100 40 0 0 0 -2.82141 100 27 0 0 0 0 0 0 0 0 0 0 0
9700 -228.518 0 0 0 0.537202 100 39 -4.32974 100 42 0 0 0 -2.42708 100 20 0 0 0 0 0 0 0 0 0 0 0
9800 -228.358 0 0 0 0.938611 100 31 -0.545735 100 37 0 0 0 -2.69106 100 28 0 0 0 0 0 0 0 0 0 0 0
9900 -227.809 0 0 0 0.586927 100 35 -1.48436 100 34 0 0 0 -2.33136 100 33 0 0 0 0 0 0 0 0 0 0 0
10000 -229.08 0 0 0 0.542531 100 30 -6.12235 100 35 0 0 0 -2.3056 100 20 0 0 0 0 0 0 0 0 0 0 0
10100 -228.732 0 0 0 0.642813 100 29 -1.47858 100 34 0 0 0 -2.20876 100 26 0 0 0 0 0 0 0 0 0 0 0
10200 -230.336 0 0 0 0.580654 100 30 -3.25301 100 40 0 0 0 -2.68663 100 23 0 0 0 0 0 0 0 0 0 0 0
10300 -231.084 0 0 0 0.53107 100 37 -0.269423 100 46 0 0 0 -2.07836 100 17 0 0 0 0 0 0 0 0 0 0 0
10400 -231.2 0 0 0 0.387936 100 27 0.457434 100 36 0 0 0 -2.71518 100 20 0 0 0 0 0 0 0 0 0 0 0
10500 -229.823 0 0 0 -0.273023 100 32 -4.70192 100 36 0 0 0 -1.90629 100 20 0 0 0 0 0 0 0 0 0 0 0
10600 -227.932 0 0 0 0.856485 100 30 -1.38558 100 39 0 0 0 -2.47733 100 21 0 0 0 0 0 0 0 0 0 0 0
10700 -228.03 0 0 0 0.383742 100 26 -2.61373 100 37 0 0 0 -2.3733 100 16 0 0 0 0 0 0 0 0 0 0 0
10800 -228.06 0 0 0 0.338579 100 35 -1.49517 100 39 0 0 0 -2.28083 100 23 0 0 0 0 0 0 0 0 0 0 0
10900 -229.673 0 0 0 0.0134941 100 34 -0.826549 100 37 0 0 0 -2.23972 100 20 0 0 0 0 0 0 0 0 0 0 0
11000 -228.369 0 0 0 0.561444 100 35 0.0161525 100 31 0 0 0 -2.47364 100 25 0 0 0 0 0 0 0 0 0 0 0
11100 -229.326 0 0 0 1.25298 100 39 -1.40352 100 35 0 0 0 -2.61334 100 25 0 0 0 0 0 0 0 0 0 0 0
11200 -228.164 0 0 0 0.197476 100 34 -3.64306 100 38 0 0 0 -2.09448 100 21 0 0 0 0 0 0 0 0 0 0 0
11300 -230.16 0 0 0 0.879361 100 24 -6.2876 100 34 0 0 0 -2.38348 100 23 0 0 0 0 0 0 0 0 0 0 0
11400 -228.522 0 0 0 0.956259 100 24 0.664343 100 38 0 0 0 -2.67314 100 15 0 0 0 0 0 0 0 0 0 0 0
11500 -229.846 0 0 0 0.650962 100 24 1.89449 100 43 0 0 0 -2.53681 100 24 0 0 0 0 0 0 0 0 0 0 0
11600 -229.099 0 0 0 0.23339 100 25 -1.13981 100 29 0 0 0 -2.42875 100 19 0 0 0 0 0 0 0 0 0 0 0
11700 -229.417 0 0 0 0.859017 100 38 -2.09083 100 40 0 0 0 -2.2487 100 19 0 0 0 0 0 0 0 0 0 0 0
11800 -231.647 0 0 0 -0.216477 100 35 -8.18205 100 39 0 0 0 -1.70341 100 17 0 0 0 0 0 0 0 0 0 0 0
11900 -230.202 0 0 0 0.00660878 100 24 -7.19554 100 38 0 0 0 -1.84208 100 25 0 0 0 0 0 0 0 0 0 0 0
12000 -228.969 0 0 0 1.12654 100 30 0.121771 100 35 0 0 0 -2.83084 100 24 0 0 0 0 0 0 0 0 0 0 0
12100 -229.016 0 0 0 0.815724 100 29 1.41724 100 35 0 0 0 -2.61763 100 22 0 0 0 0 0 0 0 0 0 0 0
12200 -231.12 0 0 0 0.315031 100 32 -7.15603 100 34 0 0 0 -1.8611 100 19 0 0 0 0 0 0 0 0 0 0 0
12300 -230.495 0 0 0 -0.246946 100 31 -1.72842 100 40 0 0 0 -2.09947 100 25 0 0 0 0 0 0 0 0 0 0 0
12400 -228.656 0 0 0 0.672694 100 34 -2.1449 100 36 0 0 0 -2.20516 100 20 0 0 0 0 0 0 0 0 0 0 0
12500 -228.057 0 0 0 0.391564 100 39 -1.2165 100 32 0 0 0 -2.33923 100 27 0 0 0 0 0 0 0 0 0 0 0
12600 -229.22 0 0 0 0.932503 100 27 -3.2017 100 34 0 0 0 -2.69065 100 23 0 0 0 0 0 0 0 0 0 0 0
12700 -232.304 0 0 0 -0.548017 100 24 -4.10208 100 38 0 0 0 -1.7039 100 20 0 0 0 0 0 0 0 0 0 0 0
12800 -229.3 0 0 0 1.10982 100 17 -1.70267 100 33 0 0 0 -2.45773 100 24 0 0 0 0 0 0 0 0 0 0 0
12900 -228.397 0 0 0 0.314995 100 34 -1.61302 100 34 0 0 0 -2.15514 100 24 0 0 0 0 0 0 0 0 0 0 0
13000 -227.816 0 0 0 0.625661 100 36 -1.08259 100 31 0 0 0 -2.44284 100 22 0 0 0 0 0 0 0 0 0 0 0
13100 -227.948 0 0 0 0.473342 100 29 -2.9839 100 37 0 0 0 -2.39327 100 16 0 0 0 0 0 0 0 0 0 0 0
13200 -228.716 0 0 0 -0.0171983 100 30 -3.32673 100 33 0 0 0 -2.06084 100 26 0 0 0 0 0 0 0 0 0 0 0
13300 -229.153 0 0 0 0.707646 100 21 -4.36442 100 32 0 0 0 -2.17817 100 24 0 0 0 0 0 0 0 0 0 0 0
13400 -228.097 0 0 0 0.539962 100 37 -0.559653 100 36 0 0 0 -2.36989 100 18 0 0 0 0 0 0 0 0 0 0 0
13500 -229.022 0 0 0 0.42002 100 30 -4.55173 100 31 0 0 0 -2.02563 100 24 0 0 0 0 0 0 0 0 0 0 0
13600 -228.298 0 0 0 0.17748 100 26 -2.15317 100 37 0 0 0 -2.23078 100 30 0 0 0 0 0 0 0 0 0 0 0
13700 -228.445 0 0 0 0.895304 100 33 0.518104 100 45 0 0 0 -2.55559 100 22 0 0 0 0 0 0 0 0 0 0 0
13800 -229.369 0 0 0 0.496407 100 27 0.714635 100 39 0 0 0 -2.57622 100 20 0 0 0 0 0 0 0 0 0 0 0
13900 -229.137 0 0 0 1.04622 100 29 -3.53295 100 39 0 0 0 -2.48403 100 27 0 0 0 0 0 0 0 0 0 0 0
14000 -231.284 0 0 0 1.0264 100 28 -6.44165 100 33 0 0 0 -2.6136 100 25 0 0 0 0 0 0 0 0 0 0 0
14100 -234.696 0 0 0 2.10882 100 27 1.62072 100 36 0 0 0 -3.07552 100 20 0 0 0 0 0 0 0 0 0 0 0
14200 -228.574 0 0 0 1.05158 100 30 0.528331 100 44 0 0 0 -2.63873 100 25 0 0 0 0 0 0 0 0 0 0 0
14300 -227.795 0 0 0 0.701511 100 23 -2.71984 100 45 0 0 0 -2.40855 100 24 0 0 0 0 0 0 0 0 0 0 0
14400 -228.237 0 0 0 0.431581 100 29 -1.90057 100 32 0 0 0 -2.17014 100 13 0 0 0 0 0 0 0 0 0 0 0
14500 -227.688 0 0 0 0.631065 100 21 -2.17379 100 32 0 0 0 -2.366 100 20 0 0 0 0 0 0 0 0 0 0 0
14600 -231.183 0 0 0 0.256239 100 27 0.899589 100 40 0 0 0 -2.59907 100 19 0 0 0 0 0 0 0 0 0 0 0
14700 -227.815 0 0 0 0.453948 100 34 -3.07567 100 38 0 0 0 -2.21754 100 28 0 0 0 0 0 0 0 0 0 0 0
14800 -228.288 0 0 0 0.454025 100 25 -4.17078 100 44 0 0 0 -2.1297 100 19 0 0 0 0 0 0 0 0 0 0 0
14900 -228.104 0 0 0 0.546482 100 34 -4.32746 100 40 0 0 0 -2.2488 100 25 0 0 0 0 0 0 0 0 0 0 0
15000 -228.275 0 0 0 0.74724 100 26 -3.72337 100 32 0 0 0 -2.32474 100 24 0 0 0 0 0 0 0 0 0 0 0
15100 -228.188 0 0 0 0.654142 100 33 -3.97078 100 35 0 0 0 -2.27561 100 20 0 0 0 0 0 0 0 0 0 0 0
15200 -230.123 0 0 0 1.33908 100 23 -2.15803 100 34 0 0 0 -2.8677 100 20 0 0 0 0 0 0 0 0 0 0 0
15300 -228.565 0 0 0 0.787925 100 44 -0.209533 100 26 0 0 0 -2.67983 100 30 0 0 0 0 0 0 0 0 0 0 0
15400 -228.212 0 0 0 0.607948 100 29 -2.96722 100 45 0 0 0 -2.20885 100 28 0 0 0 0 0 0 0 0 0 0 0
15500 -229.87 0 0 0 0.580394 100 30 1.64799 100 43 0 0 0 -2.45532 100 20 0 0 0 0 0 0 0 0 0 0 0
15600 -228.341 0 0 0 0.297053 100 33 -4.95262 100 35 0 0 0 -2.098 100 16 0 0 0 0 0 0 0 0 0 0 0
15700 -228.562 0 0 0 0.741858 100 31 -4.09428 100 29 0 0 0 -2.27865 100 20 0 0 0 0 0 0 0 0 0 0 0
15800 -228.085 0 0 0 0.398108 100 33 -3.21043 100 31 0 0 0 -2.37064 100 25 0 0 0 0 0 0 0 0 0 0 0
15900 -228.017 0 0 0 0.826695 100 27 -2.33537 100 29 0 0 0 -2.53375 100 30 0 0 0 0 0 0 0 0 0 0 0
16000 -229.31 0 0 0 0.88195 100 31 -2.90073 100 29 0 0 0 -2.7132 100 28 0 0 0 0 0 0 0 0 0 0 0
16100 -229.618 0 0 0 -0.089283 100 29 -1.7445 100 38 0 0 0 -2.17724 100 29 0 0 0 0 0 0 0 0 0 0 0
16200 -227.832 0 0 0 0.67964 100 28 -2.13725 100 32 0 0 0 -2.48291 100 18 0 0 0 0 0 0 0 0 0 0 0
16300 -231.548 0 0 0 -0.391129 100 31 -3.65087 100 40 0 0 0 -1.74559 100 19 0 0 0 0 0 0 0 0 0 0 0
16400 -228.037 0 0 0 0.3895 100 40 -4.1458 100 35 0 0 0 -2.15995 100 20 0 0 0 0 0 0 0 0 0 0 0
16500 -228.657 0 0 0 0.852102 100 29 -4.15851 100 42 0 0 0 -2.46971 100 22 0 0 0 0 0 0 0 0 0 0 0
16600 -229.257 0 0 0 0.70679 100 28 0.386585 100 38 0 0 0 -2.72097 100 14 0 0 0 0 0 0 0 0 0 0 0
16700 -228.597 0 0 0 1.09249 100 25 -1.79736 100 41 0 0 0 -2.57407 100 19 0 0 0 0 0 0 0 0 0 0 0
16800 -230.657 0 0 0 1.46232 100 42 -2.18329 100 40 0 0 0 -2.89202 100 20 0 0 0 0 0 0 0 0 0 0 0
16900 -229.315 0 0 0 0.15654 100 27 -6.55306 100 29 0 0 0 -1.96916 100 25 0 0 0 0 0 0 0 0 0 0 0
17000 -231.169 0 0 0 0.167986 100 26 -4.27293 100 38 0 0 0 -1.78338 100 21 0 0 0 0 0 0 0 0 0 0 0
17100 -228.501 0 0 0 0.346953 100 29 -2.57043 100 33 0 0 0 -2.42903 100 22 0 0 0 0 0 0 0 0 0 0 0
17200 -228.868 0 0 0 1.07822 100 30 -2.0575 100 38 0 0 0 -2.72207 100 20 0 0 0 0 0 0 0 0 0 0 0
17300 -228.459 0 0 0 0.485869 100 38 -4.82438 100 32 0 0 0 -2.35091 100 16 0 0 0 0 0 0 0 0 0 0 0
17400 -228.06 0 0 0 0.489451 100 23 -4.37837 100 28 0 0 0 -2.23351 100 24 0 0 0 0 0 0 0 0 0 0 0
17500 -229.696 0 0 0 0.505991 100 30 -1.46981 100 35 0 0 0 -2.66051 100 23 0 0 0 0 0 0 0 0 0 0 0
17600 -228.273 0 0 0 0.603448 100 31 -2.86368 100 30 0 0 0 -2.51133 100 19 0 0 0 0 0 0 0 0 0 0 0
17700 -228.191 0 0 0 0.761791 100 31 -0.375923 100 37 0 0 0 -2.41492 100 25 0 0 0 0 0 0 0 0 0 0 0
17800 -228.324 0 0 0 0.64114 100 28 -4.44382 100 27 0 0 0 -2.38496 100 27 0 0 0 0 0 0 0 0 0 0 0
17900 -228.97 0 0 0 0.492983 100 26 -5.98391 100 44 0 0 0 -2.30279 100 22 0 0 0 0 0 0 0 0 0 0 0
18000 -229.414 0 0 0 0.832522 100 19 -5.51503 100 32 0 0 0 -2.43921 100 33 0 0 0 0 0 0 0 0 0 0 0
18100 -229.527 0 0 0 0.0234602 100 18 -4.22153 100 33 0 0 0 -2.2853 100 23 0 0 0 0 0 0 0 0 0 0 0
18200 -228.917 0 0 0 1.0051 100 30 1.15042 100 31 0 0 0 -2.7595 100 20 0 0 0 0 0 0 0 0 0 0 0
18300 -228.352 0 0 0 0.39081 100 22 -4.52665 100 28 0 0 0 -2.10141 100 23 0 0 0 0 0 0 0 0 0 0 0
18400 -228.651 0 0 0 0.538649 100 22 -5.07932 100 34 0 0 0 -2.37328 100 36 0 0 0 0 0 0 0 0 0 0 0
18500 -231.93 0 0 0 1.80493 100 28 -0.0235414 100 41 0 0 0 -3.00304 100 22 0 0 0 0 0 0 0 0 0 0 0
18600 -229.001 0 0 0 0.674347 100 32 -1.63638 100 39 0 0 0 -2.19156 100 24 0 0 0 0 0 0 0 0 0 0 0
18700 -228.572 0 0 0 0.699495 100 27 0.668628 100 34 0 0 0 -2.53756 100 18 0 0 0 0 0 0 0 0 0 0 0
18800 -229.348 0 0 0 0.365207 100 30 -6.83455 100 40 0 0 0 -2.21823 100 20 0 0 0 0 0 0 0 0 0 0 0
18900 -229.708 0 0 0 0.996819 100 39 -1.91894 100 39 0 0 0 -2.32358 100 30 0 0 0 0 0 0 0 0 0 0 0
19000 -228.68 0 0 0 0.943372 100 30 -3.62082 100 37 0 0 0 -2.51097 100 17 0 0 0 0 0 0 0 0 0 0 0
19100 -228.169 0 0 0 0.448795 100 32 -1.35196 100 34 0 0 0 -2.44788 100 21 0 0 0 0 0 0 0 0 0 0 0
19200 -227.852 0 0 0 0.654706 100 29 -3.19629 100 31 0 0 0 -2.33826 100 18 0 0 0 0 0 0 0 0 0 0 0
19300 -230.167 0 0 0 1.05859 100 34 -3.87445 100 30 0 0 0 -2.75879 100 24 0 0 0 0 0 0 0 0 0 0 0
19400 -229.256 0 0 0 0.468303 100 22 -0.278882 100 37 0 0 0 -2.59736 100 22 0 0 0 0 0 0 0 0 0 0 0
19500 -229.224 0 0 0 -0.11029 100 29 -2.84621 100 31 0 0 0 -2.10872 100 24 0 0 0 0 0 0 0 0 0 0 0
19600 -228.14 0 0 0 0.769588 100 25 -0.1428 100 35 0 0 0 -2.46855 100 27 0 0 0 0 0 0 0 0 0 0 0
19700 -229.939 0 0 0 0.0952811 100 39 -3.81781 100 35 0 0 0 -2.39032 100 25 0 0 0 0 0 0 0 0 0 0 0
19800 -228.023 0 0 0 0.734021 100 27 -0.757513 100 32 0 0 0 -2.56187 100 29 0 0 0 0 0 0 0 0 0 0 0
19900 -229.614 0 0 0 0.2825 100 26 -6.451 100 37 0 0 0 -2.29395 100 25 0 0 0 0 0 0 0 0 0 0 0
20000 -228.376 0 0 0 0.266451 100 32 -1.63522 100 35 0 0 0 -2.34603 100 30 0 0 0 0 0 0 0 0 0 0 0
20100 -229.067 0 0 0 0.368181 100 31 -4.9278 100 37 0 0 0 -2.3918 100 23 0 0 0 0 0 0 0 0 0 0 0
20200 -229.467 0 0 0 0.65772 100 25 -3.84046 100 41 0 0 0 -2.1076 100 25 0 0 0 0 0 0 0 0 0 0 0
20300 -228.713 0 0 0 0.988846 100 30 -0.469082 100 38 0 0 0 -2.46027 100 25 0 0 0 0 0 0 0 0 0 0 0
20400 -230.051 0 0 0 0.830445 100 38 0.480433 100 40 0 0 0 -2.86033 100 26 0 0 0 0 0 0 0 0 0 0 0
20500 -228.035 0 0 0 0.794883 100 38 -0.466737 100 37 0 0 0 -2.57096 100 24 0 0 0 0 0 0 0 0 0 0 0
20600 -228.688 0 0 0 0.882339 100 27 -1.60549 100 40 0 0 0 -2.70579 100 21 0 0 0 0 0 0 0 0 0 0 0
20700 -230.093 0 0 0 0.71663 100 23 0.517028 100 34 0 0 0 -2.80972 100 18 0 0 0 0 0 0 0 0 0 0 0
20800 -228.34 0 0 0 0.677845 100 33 -1.41884 100 39 0 0 0 -2.27142 100 23 0 0 0 0 0 0 0 0 0 0 0
20900 -230.9 0 0 0 0.341826 100 26 1.14801 100 34 0 0 0 -2.2273 100 26 0 0 0 0 0 0 0 0 0 0 0
21000 -229.89 0 0 0 0.56554 100 26 1.54171 100 38 0 0 0 -2.62386 100 30 0 0 0 0 0 0 0 0 0 0 0
21100 -229.755 0 0 0 0.492567 100 25 1.31877 100 35 0 0 0 -2.55227 100 23 0 0 0 0 0 0 0 0 0 0 0
21200 -231.513 0 0 0 -0.520888 100 27 -4.22308 100 40 0 0 0 -1.79013 100 16 0 0 0 0 0 0 0 0 0 0 0
21300 -229.044 0 0 0 0.465388 100 35 0.121434 100 27 0 0 0 -2.54764 100 18 0 0 0 0 0 0 0 0 0 0 0
21400 -228.689 0 0 0 0.544026 100 19 -3.55342 100 29 0 0 0 -2.50727 100 24 0 0 0 0 0 0 0 0 0 0 0
21500 -230.671 0 0 0 -0.131665 100 22 -8.18576 100 37 0 0 0 -1.86191 100 28 0 0 0 0 0 0 0 0 0 0 0
21600 -231.19 0 0 0 0.841406 100 38 0.999849 100 36 0 0 0 -2.95603 100 19 0 0 0 0 0 0 0 0 0 0 0
21700 -228.263 0 0 0 0.45216 100 34 -4.79799 100 34 0 0 0 -2.17486 100 27 0 0 0 0 0 0 0 0 0 0 0
21800 -227.808 0 0 0 0.369766 100 31 -2.3444 100 34 0 0 0 -2.26245 100 21 0 0 0 0 0 0 0 0 0 0 0
21900 -228.543 0 0 0 0.196153 100 35 -2.43182 100 33 0 0 0 -2.06716 100 20 0 0 0 0 0 0 0 0 0 0 0
22000 -229.443 0 0 0 0.197677 100 34 -2.85017 100 38 0 0 0 -2.43721 100 19 0 0 0 0 0 0 0 0 0 0 0
22100 -227.977 0 0 0 0.245578 100 30 -3.11436 100 34 0 0 0 -2.1721 100 20 0 0 0 0 0 0 0 0 0 0 0
22200 -231.97 0 0 0 0.920332 100 26 -1.72451 100 37 0 0 0 -2.14318 100 19 0 0 0 0 0 0 0 0 0 0 0
22300 -228.983 0 0 0 0.470993 100 32 -2.80645 100 37 0 0 0 -2.06456 100 20 0 0 0 0 0 0 0 0 0 0 0
22400 -228.256 0 0 0 0.874562 100 26 0.197379 100 44 0 0 0 -2.55443 100 21 0 0 0 0 0 0 0 0 0 0 0
22500 -228.261 0 0 0 0.525477 100 33 -4.64791 100 25 0 0 0 -2.20997 100 22 0 0 0 0 0 0 0 0 0 0 0
22600 -228.02 0 0 0 0.754449 100 32 -3.04928 100 34 0 0 0 -2.47227 100 25 0 0 0 0 0 0 0 0 0 0 0
22700 -228.528 0 0 0 1.01235 100 40 0.466239 100 38 0 0 0 -2.70839 100 27 0 0 0 0 0 0 0 0 0 0 0
22800 -227.775 0 0 0 0.606779 100 24 -1.69245 100 42 0 0 0 -2.4487 100 20 0 0 0 0 0 0 0 0 0 0 0
22900 -228.469 0 0 0 0.173519 100 25 -4.97661 100 39 0 0 0 -2.16919 100 22 0 0 0 0 0 0 0 0 0 0 0
23000 -229.609 0 0 0 0.527915 100 29 -0.783839 100 30 0 0 0 -2.67223 100 21 0 0 0 0 0 0 0 0 0 0 0
23100 -229.958 0 0 0 0.438614 100 32 1.42009 100 29 0 0 0 -2.47095 100 22 0 0 0 0 0 0 0 0 0 0 0
23200 -229.984 0 0 0 0.700318 100 29 1.65865 100 40 0 0 0 -2.42568 100 28 0 0 0 0 0 0 0 0 0 0 0
23300 -228.912 0 0 0 0.978253 100 34 -3.83675 100 41 0 0 0 -2.51079 100 19 0 0 0 0 0 0 0 0 0 0 0
23400 -228.528 0 0 0 0.202399 100 28 -3.21665 100 37 0 0 0 -2.3191 100 21 0 0 0 0 0 0 0 0 0 0 0
23500 -231.044 0 0 0 0.0252032 100 24 0.387888 100 38 0 0 0 -2.16065 100 22 0 0 0 0 0 0 0 0 0 0 0
23600 -229.287 0 0 0 0.257356 100 28 -4.05391 100 44 0 0 0 -1.94025 100 27 0 0 0 0 0 0 0 0 0 0 0
23700 -231.496 0 0 0 0.0301727 100 35 -9.40232 100 53 0 0 0 -2.0766 100 19 0 0 0 0 0 0 0 0 0 0 0
23800 -231.609 0 0 0 0.298315 100 34 -1.05553 100 36 0 0 0 -1.93163 100 34 0 0 0 0 0 0 0 0 0 0 0
23900 -230.094 0 0 0 1.04736 100 32 -5.13645 100 32 0 0 0 -2.47242 100 26 0 0 0 0 0 0 0 0 0 0 0
24000 -229.067 0 0 0 0.33913 100 32 -6.43148 100 37 0 0 0 -2.08435 100 27 0 0 0 0 0 0 0 0 0 0 0
24100 -228.175 0 0 0 0.868257 100 34 -2.72393 100 35 0 0 0 -2.42699 100 19 0 0 0 0 0 0 0 0 0 0 0
24200 -228.975 0 0 0 0.154793 100 26 -1.54038 100 37 0 0 0 -2.08621 100 23 0 0 0 0 0 0 0 0 0 0 0
24300 -228.225 0 0 0 0.407632 100 35 -4.71771 100 35 0 0 0 -2.27563 100 21 0 0 0 0 0 0 0 0 0 0 0
24400 -229.32 0 0 0 1.0849 100 32 0.230062 100 34 0 0 0 -2.4965 100 19 0 0 0 0 0 0 0 0 0 0 0
24500 -228.537 0 0 0 0.267723 100 29 -1.54864 100 32 0 0 0 -2.14034 100 20 0 0 0 0 0 0 0 0 0 0 0
24600 -227.797 0 0 0 0.719406 100 19 -2.59456 100 36 0 0 0 -2.40621 100 21 0 0 0 0 0 0 0 0 0 0 0
24700 -228.478 0 0 0 0.250864 100 33 -1.98985 100 41 0 0 0 -2.36288 100 22 0 0 0 0 0 0 0 0 0 0 0
24800 -229.651 0 0 0 1.30308 100 35 1.77372 100 33 0 0 0 -2.91909 100 31 0 0 0 0 0 0 0 0 0 0 0
24900 -229.034 0 0 0 0.297277 100 35 -2.20115 100 33 0 0 0 -2.03216 100 22 0 0 0 0 0 0 0 0 0 0 0
25000 -228.211 0 0 0 0.711049 100 28 -1.47296 100 34 0 0 0 -2.59128 100 20 0 0 0 0 0 0 0 0 0 0 0
25100 -228.732 0 0 0 0.541676 100 25 -5.5611 100 37 0 0 0 -2.314 100 18 0 0 0 0 0 0 0 0 0 0 0
25200 -228.108 0 0 0 0.61227 100 41 -0.350559 100 38 0 0 0 -2.40629 100 19 0 0 0 0 0 0 0 0 0 0 0
25300 -231.175 0 0 0 0.927348 100 32 -6.00896 100 39 0 0 0 -2.6679 100 20 0 0 0 0 0 0 0 0 0 0 0
25400 -228.377 0 0 0 0.147449 100 32 -4.20906 100 33 0 0 0 -2.04393 100 22 0 0 0 0 0 0 0 0 0 0 0
25500 -228.995 0 0 0 0.337803 100 31 -4.69442 100 37 0 0 0 -1.99522 100 25 0 0 0 0 0 0 0 0 0 0 0
25600 -229.667 0 0 0 -0.233091 100 31 -3.63315 100 24 0 0 0 -1.95865 100 18 0 0 0 0 0 0 0 0 0 0 0
25700 -228.007 0 0 0 0.504923 100 28 -3.62898 100 29 0 0 0 -2.37636 100 21 0 0 0 0 0 0 0 0 0 0 0
25800 -228.067 0 0 0 0.773631 100 27 -0.251174 100 29 0 0 0 -2.48226 100 17 0 0 0 0 0 0 0 0 0 0 0
25900 -229.264 0 0 0 0.451061 100 27 -4.8676 100 30 0 0 0 -2.02155 100 26 0 0 0 0 0 0 0 0 0 0 0
26000 -228.764 0 0 0 0.50409 100 37 -4.86835 100 34 0 0 0 -2.40765 100 26 0 0 0 0 0 0 0 0 0 0 0
26100 -228.054 0 0 0 0.227756 100 32 -3.04679 100 39 0 0 0 -2.14064 100 24 0 0 0 0 0 0 0 0 0 0 0
26200 -229.11 0 0 0 0.833224 100 25 -1.4292 100 28 0 0 0 -2.27518 100 27 0 0 0 0 0 0 0 0 0 0 0
26300 -228.735 0 0 0 0.763728 100 34 -4.06104 100 36 0 0 0 -2.2661 100 30 0 0 0 0 0 0 0 0 0 0 0
26400 -228.306 0 0 0 0.711918 100 29 -1.01309 100 36 0 0 0 -2.61229 100 24 0 0 0 0 0 0 0 0 0 0 0
26500 -229.746 0 0 0 0.963936 100 30 2.01027 100 31 0 0 0 -2.82803 100 21 0 0 0 0 0 0 0 0 0 0 0
26600 -229.431 0 0 0 1.28265 100 23 -1.12845 100 37 0 0 0 -2.62848 100 29 0 0 0 0 0 0 0 0 0 0 0
26700 -228.414 0 0 0 0.642389 100 31 -1.16613 100 42 0 0 0 -2.26107 100 16 0 0 0 0 0 0 0 0 0 0 0
26800 -228.822 0 0 0 0.377158 100 25 -3.498 100 41 0 0 0 -2.02949 100 22 0 0 0 0 0 0 0 0 0 0 0
26900 -229.611 0 0 0 0.504694 100 43 -4.49894 100 34 0 0 0 -2.01444 100 22 0 0 0 0 0 0 0 0 0 0 0
27000 -228.253 0 0 0 0.75272 100 34 -3.50772 100 30 0 0 0 -2.31986 100 24 0 0 0 0 0 0 0 0 0 0 0
27100 -227.92 0 0 0 0.628995 100 31 -3.2617 100 38 0 0 0 -2.28598 100 27 0 0 0 0 0 0 0 0 0 0 0
27200 -229.393 0 0 0 0.00827584 100 33 -3.26706 100 43 0 0 0 -2.28818 100 28 0 0 0 0 0 0 0 0 0 0 0
27300 -228.282 0 0 0 0.113899 100 35 -3.8086 100 22 0 0 0 -2.10639 100 22 0 0 0 0 0 0 0 0 0 0 0
27400 -229.872 0 0 0 0.444955 100 22 0.772793 100 43 0 0 0 -2.26891 100 23 0 0 0 0 0 0 0 0 0 0 0
27500 -228.588 0 0 0 0.396603 100 26 -4.83815 100 38 0 0 0 -2.34277 100 22 0 0 0 0 0 0 0 0 0 0 0
27600 -228.718 0 0 0 0.526952 100 32 -5.26155 100 40 0 0 0 -2.36168 100 26 0 0 0 0 0 0 0 0 0 0 0
27700 -228.578 0 0 0 0.843606 100 31 -1.00471 100 37 0 0 0 -2.69855 100 17 0 0 0 0 0 0 0 0 0 0 0
27800 -230.254 0 0 0 0.978654 100 20 -5.84364 100 35 0 0 0 -2.5028 100 19 0 0 0 0 0 0 0 0 0 0 0
27900 -229.153 0 0 0 1.12285 100 30 -0.310805 100 36 0 0 0 -2.51588 100 21 0 0 0 0 0 0 0 0 0 0 0
28000 -230.237 0 0 0 0.219178 100 37 0.0893066 100 30 0 0 0 -2.51024 100 26 0 0 0 0 0 0 0 0 0 0 0
28100 -230.459 0 0 0 1.30953 100 19 -3.35516 100 36 0 0 0 -2.79715 100 19 0 0 0 0 0 0 0 0 0 0 0
28200 -230.114 0 0 0 0.0350519 100 22 -0.178386 100 36 0 0 0 -2.21227 100 16 0 0 0 0 0 0 0 0 0 0 0
28300 -228.515 0 0 0 0.60067 100 31 -0.596802 100 41 0 0 0 -2.27862 100 26 0 0 0 0 0 0 0 0 0 0 0
28400 -228.248 0 0 0 0.216094 100 34 -2.58431 100 37 0 0 0 -2.11157 100 22 0 0 0 0 0 0 0 0 0 0 0
28500 -227.937 0 0 0 0.477459 100 29 -2.119 100 28 0 0 0 -2.2209 100 26 0 0 0 0 0 0 0 0 0 0 0
28600 -228.19 0 0 0 0.661426 100 34 -0.0461916 100 38 0 0 0 -2.50385 100 18 0 0 0 0 0 0 0 0 0 0 0
28700 -228.129 0 0 0 0.959779 100 24 -0.798373 100 33 0 0 0 -2.61579 100 24 0 0 0 0 0 0 0 0 0 0 0
28800 -229.129 0 0 0 0.688793 100 31 -2.87433 100 38 0 0 0 -2.64242 100 25 0 0 0 0 0 0 0 0 0 0 0
28900 -227.968 0 0 0 0.760777 100 25 -1.83289 100 29 0 0 0 -2.36322 100 18 0 0 0 0 0 0 0 0 0 0 0
29000 -228.782 0 0 0 0.446978 100 28 -4.81951 100 31 0 0 0 -2.07172 100 25 0 0 0 0 0 0 0 0 0 0 0
29100 -228.495 0 0 0 0.512329 100 31 -4.77705 100 43 0 0 0 -2.37132 100 29 0 0 0 0 0 0 0 0 0 0 0
29200 -229.172 0 0 0 0.510503 100 27 -2.20202 100 33 0 0 0 -2.08405 100 22 0 0 0 0 0 0 0 0 0 0 0
29300 -228.24 0 0 0 0.454389 100 29 -4.3255 100 32 0 0 0 -2.34697 100 26 0 0 0 0 0 0 0 0 0 0 0
29400 -230.489 0 0 0 0.721401 100 25 2.40584 100 35 0 0 0 -2.53103 100 22 0 0 0 0 0 0 0 0 0 0 0
29500 -229.26 0 0 0 0.853037 100 36 -4.45739 100 40 0 0 0 -2.29224 100 23 0 0 0 0 0 0 0 0 0 0 0
29600 -227.75 0 0 0 0.649507 100 28 -2.02493 100 37 0 0 0 -2.45047 100 26 0 0 0 0 0 0 0 0 0 0 0
29700 -228.411 0 0 0 1.04604 100 25 -0.713029 100 32 0 0 0 -2.55765 100 29 0 0 0 0 0 0 0 0 0 0 0
29800 -227.812 0 0 0 0.425898 100 36 -1.93056 100 26 0 0 0 -2.3356 100 22 0 0 0 0 0 0 0 0 0 0 0
29900 -229.557 0 0 0 0.976534 100 28 -3.15996 100 39 0 0 0 -2.32342 100 32 0 0 0 0 0 0 0 0 0 0 0
30000 -230.17 0 0 0 0.0428437 100 27 -0.0712477 100 27 0 0 0 -2.22695 100 22 0 0 0 0 0 0 0 0 0 0 0
30100 -228.571 0 0 0 0.326515 100 31 -4.81989 100 39 0 0 0 -2.30907 100 21 0 0 0 0 0 0 0 0 0 0 0
30200 -229.943 0 0 0 0.750353 100 28 1.64549 100 50 0 0 0 -2.43532 100 19 0 0 0 0 0 0 0 0 0 0 0
30300 -229.771 0 0 0 0.00542399 100 34 -1.49394 100 37 0 0 0 -2.01465 100 18 0 0 0 0 0 0 0 0 0 0 0
30400 -229.826 0 0 0 -0.034741 100 41 -4.29665 100 37 0 0 0 -1.83648 100 25 0 0 0 0 0 0 0 0 0 0 0
30500 -230.549 0 0 0 -0.215496 100 31 -7.30072 100 33 0 0 0 -1.80661 100 23 0 0 0 0 0 0 0 0 0 0 0
30600 -228.564 0 0 0 0.804075 100 36 0.436527 100 31 0 0 0 -2.66026 100 31 0 0 0 0 0 0 0 0 0 0 0
30700 -229.329 0 0 0 0.782036 100 21 -1.80825 100 38 0 0 0 -2.21538 100 27 0 0 0 0 0 0 0 0 0 0 0
30800 -228.27 0 0 0 0.129661 100 23 -2.85266 100 31 0 0 0 -2.15328 100 25 0 0 0 0 0 0 0 0 0 0 0
30900 -228.019 0 0 0 0.864769 100 29 -1.74711 100 31 0 0 0 -2.44307 100 18 0 0 0 0 0 0 0 0 0 0 0
31000 -228.618 0 0 0 0.501587 100 33 -5.14604 100 30 0 0 0 -2.14707 100 24 0 0 0 0 0 0 0 0 0 0 0
31100 -228.04 0 0 0 0.918281 100 29 -1.1542 100 33 0 0 0 -2.51492 100 22 0 0 0 0 0 0 0 0 0 0 0
31200 -228.531 0 0 0 0.141099 100 27 -2.2924 100 30 0 0 0 -2.09201 100 22 0 0 0 0 0 0 0 0 0 0 0
31300 -227.685 0 0 0 0.59275 100 29 -1.86673 100 31 0 0 0 -2.38641 100 25 0 0 0 0 0 0 0 0 0 0 0
31400 -228.007 0 0 0 0.467037 100 28 -1.20365 100 41 0 0 0 -2.41268 100 16 0 0 0 0 0 0 0 0 0 0 0
31500 -228.52 0 0 0 0.676158 100 31 -0.565661 100 40 0 0 0 -2.30609 100 17 0 0 0 0 0 0 0 0 0 0 0
31600 -228.459 0 0 0 1.09209 100 28 -1.27861 100 42 0 0 0 -2.62026 100 23 0 0 0 0 0 0 0 0 0 0 0
31700 -227.976 0 0 0 0.508416 100 30 -4.14709 100 32 0 0 0 -2.27057 100 23 0 0 0 0 0 0 0 0 0 0 0
31800 -229.354 0 0 0 0.881213 100 28 -3.01195 100 35 0 0 0 -2.26394 100 23 0 0 0 0 0 0 0 0 0 0 0
31900 -229.213 0 0 0 0.290504 100 29 -0.242709 100 49 0 0 0 -2.44807 100 33 0 0 0 0 0 0 0 0 0 0 0
32000 -229.442 0 0 0 0.351333 100 23 -2.67443 100 36 0 0 0 -2.53041 100 26 0 0 0 0 0 0 0 0 0 0 0
32100 -228.236 0 0 0 0.774423 100 37 -3.39533 100 31 0 0 0 -2.3397 100 20 0 0 0 0 0 0 0 0 0 0 0
32200 -228.028 0 0 0 0.586164 100 28 -0.789133 100 36 0 0 0 -2.48527 100 24 0 0 0 0 0 0 0 0 0 0 0
32300 -229.243 0 0 0 1.24895 100 34 -1.60457 100 36 0 0 0 -2.63592 100 17 0 0 0 0 0 0 0 0 0 0 0
32400 -228.49 0 0 0 0.788905 100 24 -0.823252 100 32 0 0 0 -2.67081 100 15 0 0 0 0 0 0 0 0 0 0 0
32500 -228.247 0 0 0 0.788523 100 25 -3.00207 100 28 0 0 0 -2.53939 100 22 0 0 0 0 0 0 0 0 0 0 0
32600 -229.676 0 0 0 0.346545 100 24 -7.12213 100 31 0 0 0 -2.03498 100 16 0 0 0 0 0 0 0 0 0 0 0
32700 -230.747 0 0 0 1.42096 100 25 2.61852 100 31 0 0 0 -2.80626 100 20 0 0 0 0 0 0 0 0 0 0 0
32800 -230.593 0 0 0 1.52919 100 33 1.89456 100 45 0 0 0 -3.09112 100 25 0 0 0 0 0 0 0 0 0 0 0
32900 -228.091 0 0 0 0.232347 100 33 -4.14796 100 35 0 0 0 -2.16625 100 28 0 0 0 0 0 0 0 0 0 0 0
33000 -228.144 0 0 0 0.435454 100 26 -4.22948 100 39 0 0 0 -2.15277 100 28 0 0 0 0 0 0 0 0 0 0 0
33100 -228.223 0 0 0 0.312123 100 35 -4.34525 100 36 0 0 0 -2.09471 100 17 0 0 0 0 0 0 0 0 0 0 0
33200 -229.029 0 0 0 0.209212 100 29 -3.54857 100 28 0 0 0 -1.96117 100 17 0 0 0 0 0 0 0 0 0 0 0
33300 -229.295 0 0 0 0.58868 100 32 0.530984 100 30 0 0 0 -2.31018 100 23 0 0 0 0 0 0 0 0 0 0 0
33400 -227.831 0 0 0 0.342007 100 23 -2.55699 100 40 0 0 0 -2.2594 100 27 0 0 0 0 0 0 0 0 0 0 0
33500 -227.82 0 0 0 0.433799 100 28 -3.60727 100 32 0 0 0 -2.2402 100 19 0 0 0 0 0 0 0 0 0 0 0
33600 -228.945 0 0 0 0.563666 100 31 -1.01581 100 39 0 0 0 -2.18507 100 14 0 0 0 0 0 0 0 0 0 0 0
33700 -230.764 0 0 0 1.13359 100 32 2.19111 100 36 0 0 0 -2.56782 100 29 0 0 0 0 0 0 0 0 0 0 0
33800 -228.207 0 0 0 1.00083 100 21 -1.40142 100 41 0 0 0 -2.59474 100 21 0 0 0 0 0 0 0 0 0 0 0
33900 -230.444 0 0 0 -0.249963 100 34 -2.39408 100 29 0 0 0 -1.92608 100 20 0 0 0 0 0 0 0 0 0 0 0
34000 -230.854 0 0 0 1.5766 100 25 -0.270221 100 17 0 0 0 -2.79291 100 25 0 0 0 0 0 0 0 0 0 0 0
34100 -230.037 0 0 0 1.07432 100 43 -4.91039 100 34 0 0 0 -2.50536 100 21 0 0 0 0 0 0 0 0 0 0 0
34200 -232.011 0 0 0 0.227012 100 24 0.811584 100 31 0 0 0 -2.66028 100 19 0 0 0 0 0 0 0 0 0 0 0
34300 -228.634 0 0 0 0.348854 100 29 -5.81976 100 32 0 0 0 -2.16586 100 26 0 0 0 0 0 0 0 0 0 0 0
34400 -230.242 0 0 0 0.846825 100 28 -2.96744 100 35 0 0 0 -2.17158 100 29 0 0 0 0 0 0 0 0 0 0 0
34500 -231.414 0 0 0 0.585102 100 26 -0.437594 100 36 0 0 0 -2.84151 100 22 0 0 0 0 0 0 0 0 0 0 0
34600 -228.52 0 0 0 0.510415 100 28 -2.15428 100 34 0 0 0 -2.53098 100 23 0 0 0 0 0 0 0 0 0 0 0
34700 -228.453 0 0 0 0.370538 100 33 -5.45262 100 37 0 0 0 -2.17972 100 34 0 0 0 0 0 0 0 0 0 0 0
34800 -229.523 0 0 0 0.889925 100 29 -5.25137 100 32 0 0 0 -2.50532 100 20 0 0 0 0 0 0 0 0 0 0 0
34900 -228.715 0 0 0 0.0193921 100 19 -4.07803 100 38 0 0 0 -1.99222 100 23 0 0 0 0 0 0 0 0 0 0 0
35000 -228.583 0 0 0 1.14794 100 31 -0.59127 100 44 0 0 0 -2.68679 100 21 0 0 0 0 0 0 0 0 0 0 0
35100 -228.128 0 0 0 0.924454 100 25 -0.707524 100 38 0 0 0 -2.62754 100 21 0 0 0 0 0 0 0 0 0 0 0
35200 -228.131 0 0 0 0.373571 100 28 -1.42753 100 34 0 0 0 -2.22985 100 19 0 0 0 0 0 0 0 0 0 0 0
35300 -231.205 0 0 0 -0.50364 100 32 -4.05122 100 33 0 0 0 -1.87271 100 20 0 0 0 0 0 0 0 0 0 0 0
35400 -230.63 0 0 0 0.416913 100 29 0.640826 100 43 0 0 0 -2.67909 100 18 0 0 0 0 0 0 0 0 0 0 0
35500 -227.902 0 0 0 0.434943 100 25 -3.86123 100 31 0 0 0 -2.2115 100 36 0 0 0 0 0 0 0 0 0 0 0
35600 -229.479 0 0 0 0.855211 100 29 1.23183 100 36 0 0 0 -2.79323 100 22 0 0 0 0 0 0 0 0 0 0 0
35700 -232.047 0 0 0 0.61996 100 29 -6.86711 100 36 0 0 0 -2.61328 100 20 0 0 0 0 0 0 0 0 0 0 0
35800 -229.724 0 0 0 0.960618 100 36 -4.81068 100 33 0 0 0 -2.36671 100 19 0 0 0 0 0 0 0 0 0 0 0
35900 -228.97 0 0 0 0.314056 100 20 -6.39753 100 27 0 0 0 -2.10685 100 24 0 0 0 0 0 0 0 0 0 0 0
36000 -229.763 0 0 0 0.982616 100 34 -0.409637 100 43 0 0 0 -2.35434 100 33 0 0 0 0 0 0 0 0 0 0 0
36100 -227.884 0 0 0 0.300147 100 27 -3.0491 100 31 0 0 0 -2.23527 100 30 0 0 0 0 0 0 0 0 0 0 0
36200 -228.097 0 0 0 0.594403 100 30 -1.79595 100 25 0 0 0 -2.51853 100 25 0 0 0 0 0 0 0 0 0 0 0
36300 -228.892 0 0 0 0.510825 100 33 0.359815 100 33 0 0 0 -2.53347 100 25 0 0 0 0 0 0 0 0 0 0 0
36400 -228.669 0 0 0 1.10185 100 24 -0.666028 100 41 0 0 0 -2.75827 100 18 0 0 0 0 0 0 0 0 0 0 0
36500 -228.762 0 0 0 0.178327 100 28 -2.20719 100 29 0 0 0 -2.05138 100 31 0 0 0 0 0 0 0 0 0 0 0
36600 -231.495 0 0 0 1.04209 100 39 -6.44266 100 37 0 0 0 -2.64495 100 26 0 0 0 0 0 0 0 0 0 0 0
36700 -228.853 0 0 0 1.06893 100 27 -0.719668 100 41 0 0 0 -2.49385 100 17 0 0 0 0 0 0 0 0 0 0 0
36800 -229.198 0 0 0 1.02624 100 33 -1.73373 100 43 0 0 0 -2.39518 100 18 0 0 0 0 0 0 0 0 0 0 0
36900 -228.854 0 0 0 0.766928 100 34 -3.8968 100 39 0 0 0 -2.24491 100 29 0 0 0 0 0 0 0 0 0 0 0
37000 -229.561 0 0 0 0.139532 100 24 -6.68515 100 32 0 0 0 -1.92987 100 26 0 0 0 0 0 0 0 0 0 0 0
37100 -231.595 0 0 0 1.18303 100 32 -4.46162 100 36 0 0 0 -2.86308 100 21 0 0 0 0 0 0 0 0 0 0 0
37200 -228.17 0 0 0 0.582138 100 28 -0.432222 100 30 0 0 0 -2.36255 100 26 0 0 0 0 0 0 0 0 0 0 0
37300 -228.105 0 0 0 0.620699 100 29 -0.766002 100 33 0 0 0 -2.33671 100 23 0 0 0 0 0 0 0 0 0 0 0
37400 -228.568 0 0 0 0.363443 100 35 -1.4547 100 36 0 0 0 -2.45827 100 13 0 0 0 0 0 0 0 0 0 0 0
37500 -228.689 0 0 0 1.00549 100 24 -2.65042 100 39 0 0 0 -2.64559 100 22 0 0 0 0 0 0 0 0 0 0 0
37600 -229.509 0 0 0 0.455219 100 29 1.06581 100 29 0 0 0 -2.42718 100 27 0 0 0 0 0 0 0 0 0 0 0
37700 -228.837 0 0 0 0.560396 100 25 -4.72025 100 30 0 0 0 -2.44877 100 25 0 0 0 0 0 0 0 0 0 0 0
37800 -228.551 0 0 0 1.05736 100 27 -2.25611 100 29 0 0 0 -2.59532 100 22 0 0 0 0 0 0 0 0 0 0 0
37900 -229.649 0 0 0 0.75278 100 30 -0.191764 100 38 0 0 0 -2.78872 100 27 0 0 0 0 0 0 0 0 0 0 0
38000 -229.701 0 0 0 0.68056 100 20 1.85797 100 44 0 0 0 -2.56682 100 20 0 0 0 0 0 0 0 0 0 0 0
38100 -229.153 0 0 0 1.02508 100 31 -0.343836 100 32 0 0 0 -2.43966 100 25 0 0 0 0 0 0 0 0 0 0 0
38200 -230.126 0 0 0 1.17371 100 32 0.118525 100 31 0 0 0 -2.4783 100 21 0 0 0 0 0 0 0 0 0 0 0
38300 -227.908 0 0 0 0.397489 100 32 -1.83637 100 40 0 0 0 -2.34819 100 21 0 0 0 0 0 0 0 0 0 0 0
38400 -228.057 0 0 0 0.407325 100 23 -1.73147 100 29 0 0 0 -2.21202 100 21 0 0 0 0 0 0 0 0 0 0 0
38500 -228.384 0 0 0 0.103102 100 24 -4.42633 100 35 0 0 0 -2.106 100 21 0 0 0 0 0 0 0 0 0 0 0
38600 -228.183 0 0 0 0.770102 100 24 -3.59492 100 40 0 0 0 -2.4415 100 24 0 0 0 0 0 0 0 0 0 0 0
38700 -230.329 0 0 0 0.38513 100 34 -7.88315 100 35 0 0 0 -2.25995 100 19 0 0 0 0 0 0 0 0 0 0 0
38800 -228.653 0 0 0 1.11822 100 31 -0.25973 100 36 0 0 0 -2.75975 100 29 0 0 0 0 0 0 0 0 0 0 0
38900 -228.402 0 0 0 0.59308 100 31 -2.50997 100 39 0 0 0 -2.18291 100 22 0 0 0 0 0 0 0 0 0 0 0
39000 -228.939 0 0 0 0.10865 100 31 -5.75738 100 32 0 0 0 -1.97855 100 29 0 0 0 0 0 0 0 0 0 0 0
39100 -229.124 0 0 0 1.10022 100 32 0.775055 100 36 0 0 0 -2.84782 100 16 0 0 0 0 0 0 0 0 0 0 0
39200 -228.19 0 0 0 0.428578 100 22 -0.734677 100 39 0 0 0 -2.33599 100 20 0 0 0 0 0 0 0 0 0 0 0
39300 -229.716 0 0 0 1.2346 100 32 2.2386 100 43 0 0 0 -2.85918 100 16 0 0 0 0 0 0 0 0 0 0 0
39400 -228.247 0 0 0 0.756546 100 35 -1.94508 100 31 0 0 0 -2.59758 100 27 0 0 0 0 0 0 0 0 0 0 0
39500 -229.051 0 0 0 -0.0626069 100 35 -5.23116 100 28 0 0 0 -2.05484 100 21 0 0 0 0 0 0 0 0 0 0 0
39600 -230.442 0 0 0 -0.379664 100 34 -5.5674 100 42 0 0 0 -1.91921 100 23 0 0 0 0 0 0 0 0 0 0 0
39700 -230.297 0 0 0 1.39413 100 30 0.0734821 100 32 0 0 0 -3.02912 100 26 0 0 0 0 0 0 0 0 0 0 0
39800 -229.528 0 0 0 1.10469 100 31 -2.6883 100 38 0 0 0 -2.77611 100 24 0 0 0 0 0 0 0 0 0 0 0
39900 -228.623 0 0 0 0.810431 100 39 0.523483 100 31 0 0 0 -2.46699 100 22 0 0 0 0 0 0 0 0 0 0 0
40000 -229.051 0 0 0 1.19385 100 25 -1.56598 100 40 0 0 0 -2.76582 100 26 0 0 0 0 0 0 0 0 0 0 0
40100 -229.237 0 0 0 0.967503 100 26 0.923944 100 40 0 0 0 -2.82244 100 22 0 0 0 0 0 0 0 0 0 0 0
40200 -228.029 0 0 0 0.857911 100 20 -2.45293 100 37 0 0 0 -2.50489 100 27 0 0 0 0 0 0 0 0 0 0 0
40300 -227.804 0 0 0 0.392108 100 29 -2.27572 100 33 0 0 0 -2.30837 100 26 0 0 0 0 0 0 0 0 0 0 0
40400 -229.082 0 0 0 -0.0259083 100 32 -2.09808 100 33 0 0 0 -2.15543 100 22 0 0 0 0 0 0 0 0 0 0 0
40500 -231.71 0 0 0 0.671165 100 23 1.99306 100 34 0 0 0 -2.31403 100 21 0 0 0 0 0 0 0 0 0 0 0
40600 -228.523 0 0 0 0.586521 100 38 -1.71486 100 38 0 0 0 -2.57779 100 28 0 0 0 0 0 0 0 0 0 0 0
40700 -228.098 0 0 0 0.520539 100 24 -4.4431 100 37 0 0 0 -2.25693 100 25 0 0 0 0 0 0 0 0 0 0 0
40800 -229.057 0 0 0 0.569184 100 36 -6.06903 100 35 0 0 0 -2.30205 100 26 0 0 0 0 0 0 0 0 0 0 0
40900 -229.872 0 0 0 -0.223108 100 32 -3.82623 100 42 0 0 0 -1.87995 100 21 0 0 0 0 0 0 0 0 0 0 0
41000 -228.144 0 0 0 0.374606 100 24 -4.71668 100 33 0 0 0 -2.21326 100 21 0 0 0 0 0 0 0 0 0 0 0
41100 -229.495 0 0 0 1.18054 100 23 0.278647 100 37 0 0 0 -2.55182 100 14 0 0 0 0 0 0 0 0 0 0 0
41200 -230.625 0 0 0 1.31893 100 36 0.107277 100 37 0 0 0 -2.55008 100 25 0 0 0 0 0 0 0 0 0 0 0
41300 -228.517 0 0 0 0.0539655 100 26 -3.2006 100 32 0 0 0 -2.16379 100 21 0 0 0 0 0 0 0 0 0 0 0
41400 -228.449 0 0 0 0.376268 100 31 -0.502936 100 31 0 0 0 -2.32078 100 21 0 0 0 0 0 0 0 0 0 0 0
41500 -228.59 0 0 0 0.338251 100 26 -0.678576 100 38 0 0 0 -2.24036 100 25 0 0 0 0 0 0 0 0 0 0 0
41600 -228.213 0 0 0 0.958213 100 27 -1.31927 100 33 0 0 0 -2.4932 100 24 0 0 0 0 0 0 0 0 0 0 0
41700 -228.117 0 0 0 0.572992 100 28 -2.35689 100 34 0 0 0 -2.21493 100 26 0 0 0 0 0 0 0 0 0 0 0
41800 -229.223 0 0 0 1.32937 100 32 0.0594257 100 38 0 0 0 -2.7781 100 26 0 0 0 0 0 0 0 0 0 0 0
41900 -229.282 0 0 0 -0.0806432 100 30 -3.66479 100 42 0 0 0 -1.92665 100 20 0 0 0 0 0 0 0 0 0 0 0
42000 -228.523 0 0 0 0.206623 100 29 -1.59755 100 29 0 0 0 -2.1532 100 23 0 0 0 0 0 0 0 0 0 0 0
42100 -228.439 0 0 0 1.04611 100 28 -0.693771 100 31 0 0 0 -2.55048 100 27 0 0 0 0 0 0 0 0 0 0 0
42200 -228.064 0 0 0 0.666648 100 27 -3.06458 100 32 0 0 0 -2.27156 100 24 0 0 0 0 0 0 0 0 0 0 0
42300 -227.979 0 0 0 0.367537 100 35 -1.58699 100 34 0 0 0 -2.27261 100 26 0 0 0 0 0 0 0 0 0 0 0
42400 -228.002 0 0 0 0.290516 100 30 -2.12612 100 34 0 0 0 -2.21801 100 20 0 0 0 0 0 0 0 0 0 0 0
42500 -228.929 0 0 0 0.873607 100 33 1.36916 100 36 0 0 0 -2.63156 100 27 0 0 0 0 0 0 0 0 0 0 0
42600 -228.236 0 0 0 1.00524 100 30 -1.47642 100 35 0 0 0 -2.55929 100 15 0 0 0 0 0 0 0 0 0 0 0
42700 -229.919 0 0 0 1.20486 100 27 0.103048 100 34 0 0 0 -2.51885 100 25 0 0 0 0 0 0 0 0 0 0 0
42800 -227.957 0 0 0 0.716966 100 26 -3.08665 100 44 0 0 0 -2.34531 100 22 0 0 0 0 0 0 0 0 0 0 0
42900 -227.814 0 0 0 0.602913 100 28 -2.98233 100 41 0 0 0 -2.29096 100 16 0 0 0 0 0 0 0 0 0 0 0
43000 -228.888 0 0 0 0.291482 100 29 -5.86886 100 37 0 0 0 -2.03782 100 24 0 0 0 0 0 0 0 0 0 0 0
43100 -232.713 0 0 0 -0.509572 100 30 -8.83917 100 51 0 0 0 -1.8769 100 21 0 0 0 0 0 0 0 0 0 0 0
43200 -229.888 0 0 0 0.142284 100 32 -6.56519 100 34 0 0 0 -2.24969 100 20 0 0 0 0 0 0 0 0 0 0 0
43300 -228.896 0 0 0 -0.073544 100 38 -3.83163 100 28 0 0 0 -2.07264 100 23 0 0 0 0 0 0 0 0 0 0 0
43400 -228.811 0 0 0 1.11513 100 27 -2.03447 100 43 0 0 0 -2.55399 100 25 0 0 0 0 0 0 0 0 0 0 0
43500 -229.034 0 0 0 0.230328 100 37 -1.55087 100 24 0 0 0 -2.07054 100 22 0 0 0 0 0 0 0 0 0 0 0
43600 -228.432 0 0 0 0.659144 100 33 -3.59694 100 34 0 0 0 -2.21422 100 20 0 0 0 0 0 0 0 0 0 0 0
43700 -228.344 0 0 0 0.784196 100 26 0.2915 100 41 0 0 0 -2.60088 100 20 0 0 0 0 0 0 0 0 0 0 0
43800 -230.962 0 0 0 -0.304472 100 33 -7.80696 100 36 0 0 0 -1.90116 100 26 0 0 0 0 0 0 0 0 0 0 0
43900 -227.938 0 0 0 0.668745 100 25 -3.48567 100 30 0 0 0 -2.37773 100 29 0 0 0 0 0 0 0 0 0 0 0
44000 -228.373 0 0 0 0.231834 100 35 -2.23091 100 37 0 0 0 -2.32815 100 21 0 0 0 0 0 0 0 0 0 0 0
44100 -229.056 0 0 0 0.354029 100 21 -6.47526 100 29 0 0 0 -2.10817 100 27 0 0 0 0 0 0 0 0 0 0 0
44200 -230.111 0 0 0 1.50314 100 28 -0.513337 100 34 0 0 0 -2.89463 100 29 0 0 0 0 0 0 0 0 0 0 0
44300 -230.997 0 0 0 0.541182 100 26 -6.35903 100 34 0 0 0 -2.54194 100 21 0 0 0 0 0 0 0 0 0 0 0
44400 -232.839 0 0 0 0.468451 100 32 -10.016 100 41 0 0 0 -1.98052 100 24 0 0 0 0 0 0 0 0 0 0 0
44500 -228.857 0 0 0 0.197183 100 28 -2.66736 100 29 0 0 0 -2.01084 100 25 0 0 0 0 0 0 0 0 0 0 0
44600 -228.915 0 0 0 0.760236 100 25 0.269706 100 45 0 0 0 -2.36933 100 26 0 0 0 0 0 0 0 0 0 0 0
44700 -227.86 0 0 0 0.362348 100 35 -3.66394 100 36 0 0 0 -2.21536 100 18 0 0 0 0 0 0 0 0 0 0 0
44800 -227.948 0 0 0 0.699231 100 30 -3.15226 100 37 0 0 0 -2.44053 100 27 0 0 0 0 0 0 0 0 0 0 0
44900 -232.113 0 0 0 -0.13158 100 33 0.611982 100 32 0 0 0 -2.26848 100 18 0 0 0 0 0 0 0 0 0 0 0
45000 -230.118 0 0 0 0.906645 100 33 -2.8755 100 30 0 0 0 -2.79728 100 26 0 0 0 0 0 0 0 0 0 0 0
45100 -228.201 0 0 0 0.836406 100 28 -0.00802606 100 32 0 0 0 -2.50473 100 26 0 0 0 0 0 0 0 0 0 0 0
45200 -228.91 0 0 0 0.652604 100 22 0.994028 100 35 0 0 0 -2.49973 100 29 0 0 0 0 0 0 0 0 0 0 0
45300 -228.141 0 0 0 0.91387 100 23 -1.91003 100 37 0 0 0 -2.5901 100 20 0 0 0 0 0 0 0 0 0 0 0
45400 -229.868 0 0 0 -0.068083 100 27 -3.66136 100 45 0 0 0 -1.852 100 23 0 0 0 0 0 0 0 0 0 0 0
45500 -229.529 0 0 0 -0.0603094 100 31 -6.57612 100 41 0 0 0 -1.9387 100 19 0 0 0 0 0 0 0 0 0 0 0
45600 -228.737 0 0 0 -0.0097206 100 31 -4.09054 100 34 0 0 0 -2.00309 100 23 0 0 0 0 0 0 0 0 0 0 0
45700 -228.593 0 0 0 0.496499 100 25 -1.53619 100 35 0 0 0 -2.16501 100 17 0 0 0 0 0 0 0 0 0 0 0
45800 -228.187 0 0 0 0.589823 100 26 -2.58038 100 39 0 0 0 -2.20733 100 25 0 0 0 0 0 0 0 0 0 0 0
45900 -229.021 0 0 0 0.00609481 100 35 -2.67387 100 32 0 0 0 -2.00618 100 21 0 0 0 0 0 0 0 0 0 0 0
46000 -229.588 0 0 0 0.0755873 100 31 -2.26517 100 34 0 0 0 -1.95369 100 20 0 0 0 0 0 0 0 0 0 0 0
46100 -228.4 0 0 0 0.725724 100 24 -3.58502 100 41 0 0 0 -2.26873 100 24 0 0 0 0 0 0 0 0 0 0 0
46200 -228.7 0 0 0 0.15921 100 30 -5.4784 100 36 0 0 0 -2.01969 100 27 0 0 0 0 0 0 0 0 0 0 0
46300 -231.433 0 0 0 0.137664 100 28 -3.34329 100 33 0 0 0 -1.78546 100 20 0 0 0 0 0 0 0 0 0 0 0
46400 -229.079 0 0 0 0.194297 100 29 -5.53628 100 32 0 0 0 -2.25784 100 30 0 0 0 0 0 0 0 0 0 0 0
46500 -229.532 0 0 0 1.00117 100 30 -4.23598 100 31 0 0 0 -2.6328 100 21 0 0 0 0 0 0 0 0 0 0 0
46600 -230.666 0 0 0 1.63222 100 27 0.792233 100 30 0 0 0 -3.03931 100 25 0 0 0 0 0 0 0 0 0 0 0
46700 -230.31 0 0 0 -0.197071 100 24 -7.22264 100 43 0 0 0 -1.97704 100 25 0 0 0 0 0 0 0 0 0 0 0
46800 -228.13 0 0 0 0.841351 100 26 -2.33876 100 38 0 0 0 -2.5659 100 23 0 0 0 0 0 0 0 0 0 0 0
46900 -228.398 0 0 0 0.192523 100 34 -5.01145 100 36 0 0 0 -2.08082 100 30 0 0 0 0 0 0 0 0 0 0 0
47000 -228.977 0 0 0 1.20129 100 30 -1.03769 100 35 0 0 0 -2.7855 100 31 0 0 0 0 0 0 0 0 0 0 0
47100 -229.573 0 0 0 0.611412 100 37 1.5531 100 43 0 0 0 -2.49843 100 21 0 0 0 0 0 0 0 0 0 0 0
47200 -228.243 0 0 0 0.72731 100 25 0.10427 100 34 0 0 0 -2.47077 100 18 0 0 0 0 0 0 0 0 0 0 0
47300 -229.09 0 0 0 1.19566 100 34 0.22046 100 36 0 0 0 -2.85465 100 18 0 0 0 0 0 0 0 0 0 0 0
47400 -229.379 0 0 0 0.248271 100 33 -6.43465 100 30 0 0 0 -1.97565 100 36 0 0 0 0 0 0 0 0 0 0 0
47500 -228.888 0 0 0 0.56235 100 33 0.719897 100 29 0 0 0 -2.51329 100 26 0 0 0 0 0 0 0 0 0 0 0
47600 -229.134 0 0 0 0.0184996 100 33 -5.4491 100 36 0 0 0 -2.15069 100 17 0 0 0 0 0 0 0 0 0 0 0
47700 -228.195 0 0 0 0.19496 100 28 -3.7736 100 33 0 0 0 -2.21739 100 32 0 0 0 0 0 0 0 0 0 0 0
47800 -229.48 0 0 0 0.311079 100 26 0.484258 100 41 0 0 0 -2.32539 100 24 0 0 0 0 0 0 0 0 0 0 0
47900 -227.971 0 0 0 0.281097 100 34 -3.35713 100 38 0 0 0 -2.24806 100 25 0 0 0 0 0 0 0 0 0 0 0
48000 -228.798 0 0 0 0.703591 100 25 0.723383 100 37 0 0 0 -2.62563 100 18 0 0 0 0 0 0 0 0 0 0 0
48100 -228.097 0 0 0 0.545303 100 29 -0.490904 100 33 0 0 0 -2.39717 100 17 0 0 0 0 0 0 0 0 0 0 0
48200 -228.239 0 0 0 0.948233 100 29 -1.36255 100 29 0 0 0 -2.47425 100 26 0 0 0 0 0 0 0 0 0 0 0
48300 -228.162 0 0 0 0.511725 100 29 -4.54403 100 46 0 0 0 -2.3054 100 22 0 0 0 0 0 0 0 0 0 0 0
48400 -228.387 0 0 0 0.532185 100 26 -5.00417 100 35 0 0 0 -2.30366 100 16 0 0 0 0 0 0 0 0 0 0 0
48500 -230.798 0 0 0 1.18621 100 26 1.58899 100 40 0 0 0 -2.53164 100 21 0 0 0 0 0 0 0 0 0 0 0
48600 -233.468 0 0 0 -0.807574 100 24 -4.52329 100 37 0 0 0 -1.77762 100 20 0 0 0 0 0 0 0 0 0 0 0
48700 -231.448 0 0 0 1.15494 100 30 -4.9759 100 35 0 0 0 -2.80002 100 27 0 0 0 0 0 0 0 0 0 0 0
48800 -229.834 0 0 0 -0.175563 100 29 -2.46262 100 43 0 0 0 -2.15456 100 21 0 0 0 0 0 0 0 0 0 0 0
48900 -229.947 0 0 0 0.125409 100 35 -0.76503 100 36 0 0 0 -2.05882 100 29 0 0 0 0 0 0 0 0 0 0 0
49000 -228.243 0 0 0 0.825811 100 24 0.138777 100 31 0 0 0 -2.60056 100 27 0 0 0 0 0 0 0 0 0 0 0
49100 -231.175 0 0 0 -0.112933 100 30 -8.93286 100 43 0 0 0 -1.97964 100 18 0 0 0 0 0 0 0 0 0 0 0
49200 -229.118 0 0 0 0.587798 100 35 -3.8035 100 41 0 0 0 -2.5569 100 25 0 0 0 0 0 0 0 0 0 0 0
49300 -229.245 0 0 0 0.893342 100 25 -3.63874 100 25 0 0 0 -2.65602 100 20 0 0 0 0 0 0 0 0 0 0 0
49400 -229.82 0 0 0 1.27066 100 40 -2.88035 100 34 0 0 0 -2.6405 100 21 0 0 0 0 0 0 0 0 0 0 0
49500 -227.764 0 0 0 0.712937 100 37 -2.41548 100 20 0 0 0 -2.40459 100 19 0 0 0 0 0 0 0 0 0 0 0
49600 -229.027 0 0 0 0.748774 100 29 -5.36294 100 34 0 0 0 -2.33205 100 22 0 0 0 0 0 0 0 0 0 0 0
49700 -230.558 0 0 0 -0.0482832 100 37 -8.39689 100 38 0 0 0 -1.95702 100 26 0 0 0 0 0 0 0 0 0 0 0
49800 -230.114 0 0 0 0.392326 100 38 -4.83678 100 37 0 0 0 -2.51203 100 25 0 0 0 0 0 0 0 0 0 0 0
49900 -228.926 0 0 0 0.543338 100 36 -3.01898 100 48 0 0 0 -2.09625 100 22 0 0 0 0 0 0 0 0 0 0 0
50000 -228.374 0 0 0 0.239046 100 32 -4.99468 100 31 0 0 0 -2.08264 100 20 0 0 0 0 0 0 0 0 0 0 0
50100 -230.225 0 0 0 -0.193166 100 31 -6.29184 100 36 0 0 0 -2.07836 100 26 0 0 0 0 0 0 0 0 0 0 0
50200 -230.181 0 0 0 0.588285 100 31 -5.16877 100 40 0 0 0 -2.5716 100 24 0 0 0 0 0 0 0 0 0 0 0
50300 -228.412 0 0 0 1.05767 100 30 -0.229254 100 29 0 0 0 -2.60566 100 26 0 0 0 0 0 0 0 0 0 0 0
50400 -228.665 0 0 0 0.178206 100 33 -3.29525 100 36 0 0 0 -2.3201 100 20 0 0 0 0 0 0 0 0 0 0 0
50500 -227.836 0 0 0 0.568012 100 30 -1.89442 100 39 0 0 0 -2.44892 100 19 0 0 0 0 0 0 0 0 0 0 0
50600 -229.351 0 0 0 0.247659 100 26 -5.77858 100 32 0 0 0 -2.30439 100 21 0 0 0 0 0 0 0 0 0 0 0
50700 -228.339 0 0 0 0.62424 100 21 -1.84906 100 29 0 0 0 -2.56741 100 22 0 0 0 0 0 0 0 0 0 0 0
50800 -228.829 0 0 0 0.550925 100 30 -4.77788 100 41 0 0 0 -2.43977 100 26 0 0 0 0 0 0 0 0 0 0 0
50900 -228.634 0 0 0 0.995874 100 32 -3.09831 100 33 0 0 0 -2.54786 100 16 0 0 0 0 0 0 0 0 0 0 0
51000 -230.131 0 0 0 0.92165 100 34 2.30432 100 40 0 0 0 -2.83716 100 20 0 0 0 0 0 0 0 0 0 0 0
51100 -228.3 0 0 0 0.34948 100 35 -2.89157 100 37 0 0 0 -2.39233 100 30 0 0 0 0 0 0 0 0 0 0 0
51200 -228.706 0 0 0 0.851637 100 24 -4.25684 100 38 0 0 0 -2.40443 100 26 0 0 0 0 0 0 0 0 0 0 0
51300 -228.655 0 0 0 0.361103 100 26 -3.65245 100 32 0 0 0 -2.03936 100 18 0 0 0 0 0 0 0 0 0 0 0
51400 -232.099 0 0 0 0.839478 100 30 -2.11133 100 37 0 0 0 -2.94758 100 26 0 0 0 0 0 0 0 0 0 0 0
51500 -228.511 0 0 0 0.527016 100 33 -1.57627 100 33 0 0 0 -2.18144 100 22 0 0 0 0 0 0 0 0 0 0 0
51600 -228.924 0 0 0 0.196147 100 26 -2.44831 100 37 0 0 0 -2.38632 100 21 0 0 0 0 0 0 0 0 0 0 0
51700 -229.561 0 0 0 -0.213584 100 36 -3.48809 100 41 0 0 0 -1.99061 100 20 0 0 0 0 0 0 0 0 0 0 0
51800 -229.772 0 0 0 -0.228441 100 24 -3.0396 100 36 0 0 0 -2.06403 100 24 0 0 0 0 0 0 0 0 0 0 0
51900 -229.747 0 0 0 1.17876 100 30 -3.70301 100 32 0 0 0 -2.61929 100 23 0 0 0 0 0 0 0 0 0 0 0
52000 -229.233 0 0 0 -0.00641471 100 30 -2.96068 100 43 0 0 0 -2.25737 100 28 0 0 0 0 0 0 0 0 0 0 0
52100 -229.419 0 0 0 0.0618052 100 33 -3.73703 100 35 0 0 0 -2.31873 100 23 0 0 0 0 0 0 0 0 0 0 0
52200 -230.032 0 0 0 0.177859 100 36 -6.19272 100 29 0 0 0 -1.86441 100 23 0 0 0 0 0 0 0 0 0 0 0
52300 -228.11 0 0 0 0.699059 100 35 -2.32234 100 37 0 0 0 -2.28458 100 27 0 0 0 0 0 0 0 0 0 0 0
52400 -228.084 0 0 0 0.814775 100 29 -1.64577 100 35 0 0 0 -2.38355 100 21 0 0 0 0 0 0 0 0 0 0 0
52500 -229.569 0 0 0 0.872612 100 25 -5.56032 100 33 0 0 0 -2.43552 100 27 0 0 0 0 0 0 0 0 0 0 0
52600 -228.207 0 0 0 0.690505 100 27 -2.68225 100 36 0 0 0 -2.53801 100 15 0 0 0 0 0 0 0 0 0 0 0
52700 -228.37 0 0 0 0.259724 100 33 -4.09685 100 40 0 0 0 -2.29027 100 18 0 0 0 0 0 0 0 0 0 0 0
52800 -228.302 0 0 0 0.208432 100 30 -2.85921 100 37 0 0 0 -2.08342 100 24 0 0 0 0 0 0 0 0 0 0 0
52900 -228.865 0 0 0 0.460024 100 24 0.145068 100 34 0 0 0 -2.50545 100 17 0 0 0 0 0 0 0 0 0 0 0
53000 -228.377 0 0 0 0.933316 100 28 0.381679 100 30 0 0 0 -2.58165 100 28 0 0 0 0 0 0 0 0 0 0 0
53100 -230.455 0 0 0 0.642723 100 30 -2.06012 100 53 0 0 0 -2.0618 100 23 0 0 0 0 0 0 0 0 0 0 0
53200 -229.79 0 0 0 0.116928 100 31 -6.14894 100 37 0 0 0 -2.25858 100 25 0 0 0 0 0 0 0 0 0 0 0
53300 -228.844 0 0 0 0.840503 100 31 -0.352335 100 37 0 0 0 -2.73962 100 24 0 0 0 0 0 0 0 0 0 0 0
53400 -228.531 0 0 0 0.13529 100 22 -2.66603 100 24 0 0 0 -2.27099 100 24 0 0 0 0 0 0 0 0 0 0 0
53500 -229.059 0 0 0 0.645985 100 37 0.907677 100 39 0 0 0 -2.61812 100 19 0 0 0 0 0 0 0 0 0 0 0
53600 -228.357 0 0 0 0.935118 100 22 0.273762 100 36 0 0 0 -2.5665 100 22 0 0 0 0 0 0 0 0 0 0 0
53700 -229.701 0 0 0 0.843256 100 33 -1.93954 100 30 0 0 0 -2.22034 100 22 0 0 0 0 0 0 0 0 0 0 0
53800 -228.204 0 0 0 0.195972 100 28 -4.33367 100 38 0 0 0 -2.16561 100 21 0 0 0 0 0 0 0 0 0 0 0
53900 -228.901 0 0 0 0.466593 100 29 -2.03551 100 34 0 0 0 -2.55498 100 23 0 0 0 0 0 0 0 0 0 0 0
54000 -229.783 0 0 0 -0.234595 100 36 -3.2339 100 38 0 0 0 -2.06997 100 22 0 0 0 0 0 0 0 0 0 0 0
54100 -230.441 0 0 0 0.0137381 100 30 -5.35103 100 34 0 0 0 -1.77892 100 27 0 0 0 0 0 0 0 0 0 0 0
54200 -228.546 0 0 0 0.786241 100 33 0.757565 100 35 0 0 0 -2.57286 100 24 0 0 0 0 0 0 0 0 0 0 0
54300 -227.79 0 0 0 0.620183 100 27 -1.91264 100 38 0 0 0 -2.31944 100 17 0 0 0 0 0 0 0 0 0 0 0
54400 -228.051 0 0 0 0.215738 100 24 -2.87581 100 34 0 0 0 -2.16877 100 17 0 0 0 0 0 0 0 0 0 0 0
54500 -228.939 0 0 0 1.15421 100 32 0.89898 100 35 0 0 0 -2.67906 100 27 0 0 0 0 0 0 0 0 0 0 0
54600 -228.345 0 0 0 0.458437 100 31 -0.568584 100 37 0 0 0 -2.45239 100 13 0 0 0 0 0 0 0 0 0 0 0
54700 -228.931 0 0 0 1.15458 100 28 -0.930811 100 35 0 0 0 -2.79498 100 20 0 0 0 0 0 0 0 0 0 0 0
54800 -229.775 0 0 0 -0.02046 100 29 -2.1206 100 43 0 0 0 -1.95399 100 17 0 0 0 0 0 0 0 0 0 0 0
54900 -228.134 0 0 0 0.806265 100 26 -1.3386 100 27 0 0 0 -2.60937 100 24 0 0 0 0 0 0 0 0 0 0 0
55000 -227.884 0 0 0 0.707362 100 31 -3.0891 100 37 0 0 0 -2.40301 100 28 0 0 0 0 0 0 0 0 0 0 0
55100 -227.961 0 0 0 0.780383 100 27 -1.47 100 39 0 0 0 -2.56125 100 28 0 0 0 0 0 0 0 0 0 0 0
55200 -230.945 0 0 0 0.286568 100 32 -8.16975 100 31 0 0 0 -1.91364 100 14 0 0 0 0 0 0 0 0 0 0 0
55300 -233.646 0 0 0 -0.363129 100 24 -10.9887 100 30 0 0 0 -1.87666 100 38 0 0 0 0 0 0 0 0 0 0 0
55400 -230.973 0 0 0 0.903016 100 30 -7.15752 100 41 0 0 0 -2.41671 100 30 0 0 0 0 0 0 0 0 0 0 0
55500 -229.446 0 0 0 0.939363 100 23 0.867819 100 35 0 0 0 -2.84046 100 13 0 0 0 0 0 0 0 0 0 0 0
55600 -229.606 0 0 0 0.248728 100 31 -0.723496 100 27 0 0 0 -2.49443 100 14 0 0 0 0 0 0 0 0 0 0 0
55700 -229.073 0 0 0 0.283489 100 25 -6.10009 100 28 0 0 0 -2.24474 100 17 0 0 0 0 0 0 0 0 0 0 0
55800 -228.271 0 0 0 0.990111 100 36 -0.361673 100 32 0 0 0 -2.66404 100 24 0 0 0 0 0 0 0 0 0 0 0
55900 -231.732 0 0 0 1.18257 100 16 -0.730302 100 34 0 0 0 -3.08694 100 22 0 0 0 0 0 0 0 0 0 0 0
56000 -232.271 0 0 0 1.54207 100 37 0.705917 100 42 0 0 0 -3.25671 100 26 0 0 0 0 0 0 0 0 0 0 0
56100 -233.768 0 0 0 1.9215 100 31 3.4598 100 30 0 0 0 -3.48507 100 19 0 0 0 0 0 0 0 0 0 0 0
56200 -229.999 0 0 0 1.44646 100 26 -1.20474 100 43 0 0 0 -2.83775 100 21 0 0 0 0 0 0 0 0 0 0 0
56300 -228.013 0 0 0 0.382978 100 40 -3.69502 100 39 0 0 0 -2.14628 100 31 0 0 0 0 0 0 0 0 0 0 0
56400 -228.597 0 0 0 0.723898 100 27 -0.871777 100 38 0 0 0 -2.29394 100 26 0 0 0 0 0 0 0 0 0 0 0
56500 -227.697 0 0 0 0.661749 100 23 -1.93575 100 40 0 0 0 -2.41727 100 24 0 0 0 0 0 0 0 0 0 0 0
56600 -229.795 0 0 0 0.345801 100 27 -7.62399 100 23 0 0 0 -2.13799 100 17 0 0 0 0 0 0 0 0 0 0 0
56700 -228.34 0 0 0 0.156827 100 36 -3.54839 100 37 0 0 0 -2.05463 100 22 0 0 0 0 0 0 0 0 0 0 0
56800 -230.278 0 0 0 -0.1256 100 28 -2.78188 100 37 0 0 0 -2.28591 100 21 0 0 0 0 0 0 0 0 0 0 0
56900 -228.819 0 0 0 0.89427 100 35 -2.50695 100 35 0 0 0 -2.32744 100 25 0 0 0 0 0 0 0 0 0 0 0
57000 -229.403 0 0 0 -0.155022 100 27 -4.96065 100 33 0 0 0 -2.05974 100 34 0 0 0 0 0 0 0 0 0 0 0
57100 -230.609 0 0 0 0.336245 100 40 -1.443 100 30 0 0 0 -1.9704 100 25 0 0 0 0 0 0 0 0 0 0 0
57200 -228.17 0 0 0 0.362404 100 38 -2.63643 100 44 0 0 0 -2.12756 100 31 0 0 0 0 0 0 0 0 0 0 0
57300 -227.95 0 0 0 0.532135 100 36 -2.8779 100 37 0 0 0 -2.42604 100 30 0 0 0 0 0 0 0 0 0 0 0
57400 -229.688 0 0 0 -0.243161 100 27 -3.88972 100 30 0 0 0 -2.03305 100 22 0 0 0 0 0 0 0 0 0 0 0
57500 -228.36 0 0 0 0.290688 100 27 -5.20297 100 35 0 0 0 -2.13351 100 21 0 0 0 0 0 0 0 0 0 0 0
57600 -230.032 0 0 0 0.127862 100 28 -7.90775 100 44 0 0 0 -1.98187 100 20 0 0 0 0 0 0 0 0 0 0 0
57700 -229.993 0 0 0 0.215434 100 25 -0.269381 100 29 0 0 0 -2.49665 100 20 0 0 0 0 0 0 0 0 0 0 0
57800 -228.526 0 0 0 0.161216 100 33 -2.94909 100 35 0 0 0 -2.04068 100 25 0 0 0 0 0 0 0 0 0 0 0
57900 -232.644 0 0 0 1.84486 100 28 2.59436 100 40 0 0 0 -2.98616 100 29 0 0 0 0 0 0 0 0 0 0 0
58000 -230.296 0 0 0 0.150627 100 34 -8.28033 100 42 0 0 0 -1.98412 100 23 0 0 0 0 0 0 0 0 0 0 0
58100 -228.637 0 0 0 0.439507 100 26 -5.55037 100 37 0 0 0 -2.14354 100 26 0 0 0 0 0 0 0 0 0 0 0
58200 -228.337 0 0 0 0.499389 100 26 -2.44609 100 42 0 0 0 -2.49348 100 28 0 0 0 0 0 0 0 0 0 0 0
58300 -227.814 0 0 0 0.455207 100 34 -3.58424 100 41 0 0 0 -2.28092 100 30 0 0 0 0 0 0 0 0 0 0 0
58400 -228.108 0 0 0 0.636116 100 37 -2.06305 100 42 0 0 0 -2.53116 100 25 0 0 0 0 0 0 0 0 0 0 0
58500 -229.439 0 0 0 0.762662 100 26 1.77459 100 24 0 0 0 -2.63209 100 27 0 0 0 0 0 0 0 0 0 0 0
58600 -228.563 0 0 0 0.642733 100 31 0.157395 100 27 0 0 0 -2.37464 100 28 0 0 0 0 0 0 0 0 0 0 0
58700 -228.469 0 0 0 0.554957 100 22 -2.31066 100 31 0 0 0 -2.16339 100 23 0 0 0 0 0 0 0 0 0 0 0
58800 -228.341 0 0 0 0.586936 100 31 -3.57473 100 29 0 0 0 -2.47306 100 29 0 0 0 0 0 0 0 0 0 0 0
58900 -228.522 0 0 0 0.356431 100 27 -5.13009 100 37 0 0 0 -2.28146 100 22 0 0 0 0 0 0 0 0 0 0 0
59000 -228.249 0 0 0 0.815383 100 28 -3.49163 100 34 0 0 0 -2.40614 100 26 0 0 0 0 0 0 0 0 0 0 0
59100 -228.619 0 0 0 0.209203 100 31 -5.45792 100 38 0 0 0 -2.04488 100 26 0 0 0 0 0 0 0 0 0 0 0
59200 -231.809 0 0 0 0.279733 100 26 -0.247889 100 32 0 0 0 -2.70155 100 22 0 0 0 0 0 0 0 0 0 0 0
59300 -228.59 0 0 0 0.274788 100 29 -0.762367 100 31 0 0 0 -2.31144 100 21 0 0 0 0 0 0 0 0 0 0 0
59400 -229.5 0 0 0 0.0865278 100 33 -2.36053 100 30 0 0 0 -2.37466 100 20 0 0 0 0 0 0 0 0 0 0 0
59500 -227.777 0 0 0 0.695477 100 28 -1.18426 100 35 0 0 0 -2.44516 100 21 0 0 0 0 0 0 0 0 0 0 0
59600 -228.453 0 0 0 0.986637 100 23 -2.66202 100 41 0 0 0 -2.56929 100 22 0 0 0 0 0 0 0 0 0 0 0
59700 -229.624 0 0 0 -0.19408 100 20 -5.67713 100 42 0 0 0 -1.9901 100 23 0 0 0 0 0 0 0 0 0 0 0
59800 -229.255 0 0 0 0.0275511 100 31 -3.6834 100 38 0 0 0 -2.27508 100 31 0 0 0 0 0 0 0 0 0 0 0
59900 -227.72 0 0 0 0.60605 100 31 -1.69796 100 30 0 0 0 -2.3586 100 27 0 0 0 0 0 0 0 0 0 0 0
60000 -230.056 0 0 0 0.456357 100 39 -7.06944 100 27 0 0 0 -2.34866 100 30 0 0 0 0 0 0 0 0 0 0 0
60100 -228.183 0 0 0 0.799244 100 33 -0.143668 100 30 0 0 0 -2.46663 100 22 0 0 0 0 0 0 0 0 0 0 0
60200 -228.35 0 0 0 0.323759 100 32 -1.44394 100 45 0 0 0 -2.18189 100 20 0 0 0 0 0 0 0 0 0 0 0
60300 -228.372 0 0 0 0.463022 100 34 -1.54221 100 38 0 0 0 -2.49451 100 21 0 0 0 0 0 0 0 0 0 0 0
60400 -227.821 0 0 0 0.517508 100 29 -3.52163 100 39 0 0 0 -2.32178 100 20 0 0 0 0 0 0 0 0 0 0 0
60500 -229.466 0 0 0 1.03675 100 40 -4.2871 100 37 0 0 0 -2.58046 100 24 0 0 0 0 0 0 0 0 0 0 0
60600 -228.407 0 0 0 0.448936 100 35 -1.07734 100 35 0 0 0 -2.21444 100 28 0 0 0 0 0 0 0 0 0 0 0
60700 -228.395 0 0 0 0.532605 100 34 -3.57208 100 38 0 0 0 -2.14348 100 24 0 0 0 0 0 0 0 0 0 0 0
60800 -229.067 0 0 0 0.0200984 100 22 -4.27895 100 32 0 0 0 -1.92399 100 26 0 0 0 0 0 0 0 0 0 0 0
60900 -229.153 0 0 0 0.0601741 100 31 -3.75238 100 36 0 0 0 -1.92421 100 29 0 0 0 0 0 0 0 0 0 0 0
61000 -228.084 0 0 0 0.245662 100 29 -2.38491 100 34 0 0 0 -2.26164 100 14 0 0 0 0 0 0 0 0 0 0 0
61100 -228.148 0 0 0 0.378973 100 32 -1.84399 100 38 0 0 0 -2.40038 100 19 0 0 0 0 0 0 0 0 0 0 0
61200 -229.076 0 0 0 0.248899 100 29 -3.77535 100 34 0 0 0 -2.39835 100 26 0 0 0 0 0 0 0 0 0 0 0
61300 -229.889 0 0 0 1.2575 100 27 -2.12464 100 35 0 0 0 -2.85684 100 20 0 0 0 0 0 0 0 0 0 0 0
61400 -231.44 0 0 0 0.468942 100 18 2.53697 100 36 0 0 0 -2.58725 100 21 0 0 0 0 0 0 0 0 0 0 0
61500 -228.09 0 0 0 0.529136 100 37 -1.58308 100 32 0 0 0 -2.48619 100 25 0 0 0 0 0 0 0 0 0 0 0
61600 -228.237 0 0 0 0.15722 100 35 -3.33907 100 39 0 0 0 -2.09092 100 24 0 0 0 0 0 0 0 0 0 0 0
61700 -230.318 0 0 0 -0.322685 100 33 -3.08485 100 42 0 0 0 -1.94749 100 18 0 0 0 0 0 0 0 0 0 0 0
61800 -229.979 0 0 0 1.12474 100 34 2.18313 100 25 0 0 0 -2.65224 100 23 0 0 0 0 0 0 0 0 0 0 0
61900 -228.253 0 0 0 0.789641 100 29 -3.54357 100 29 0 0 0 -2.4754 100 23 0 0 0 0 0 0 0 0 0 0 0
62000 -229.044 0 0 0 0.473955 100 29 -5.48402 100 38 0 0 0 -2.3815 100 16 0 0 0 0 0 0 0 0 0 0 0
62100 -228.506 0 0 0 0.697095 100 20 0.339859 100 39 0 0 0 -2.59264 100 19 0 0 0 0 0 0 0 0 0 0 0
62200 -228.546 0 0 0 0.533348 100 35 -3.18588 100 39 0 0 0 -2.50512 100 19 0 0 0 0 0 0 0 0 0 0 0
62300 -227.888 0 0 0 0.490535 100 30 -3.68467 100 32 0 0 0 -2.22804 100 17 0 0 0 0 0 0 0 0 0 0 0
62400 -228.079 0 0 0 0.823491 100 24 -0.219764 100 35 0 0 0 -2.56788 100 17 0 0 0 0 0 0 0 0 0 0 0
62500 -228.304 0 0 0 0.827948 100 27 -3.48917 100 29 0 0 0 -2.39798 100 26 0 0 0 0 0 0 0 0 0 0 0
62600 -228.298 0 0 0 0.236921 100 24 -4.74071 100 29 0 0 0 -2.08633 100 20 0 0 0 0 0 0 0 0 0 0 0
62700 -227.851 0 0 0 0.566741 100 34 -2.54431 100 40 0 0 0 -2.25715 100 17 0 0 0 0 0 0 0 0 0 0 0
62800 -227.951 0 0 0 0.790875 100 27 -1.38699 100 40 0 0 0 -2.40631 100 26 0 0 0 0 0 0 0 0 0 0 0
62900 -230.483 0 0 0 1.09276 100 26 -1.73781 100 32 0 0 0 -2.92939 100 24 0 0 0 0 0 0 0 0 0 0 0
63000 -229.037 0 0 0 0.454576 100 36 -4.97181 100 27 0 0 0 -2.4201 100 27 0 0 0 0 0 0 0 0 0 0 0
63100 -230.425 0 0 0 1.44878 100 29 0.678192 100 27 0 0 0 -2.70925 100 15 0 0 0 0 0 0 0 0 0 0 0
63200 -228.462 0 0 0 0.810914 100 29 -1.67509 100 38 0 0 0 -2.65466 100 24 0 0 0 0 0 0 0 0 0 0 0
63300 -228.236 0 0 0 0.986169 100 30 -1.64763 100 27 0 0 0 -2.52545 100 19 0 0 0 0 0 0 0 0 0 0 0
63400 -227.991 0 0 0 0.29943 100 30 -3.40859 100 42 0 0 0 -2.27038 100 25 0 0 0 0 0 0 0 0 0 0 0
63500 -228.948 0 0 0 0.649093 100 33 -4.08799 100 35 0 0 0 -2.53858 100 27 0 0 0 0 0 0 0 0 0 0 0
63600 -227.793 0 0 0 0.696303 100 31 -1.7738 100 43 0 0 0 -2.48551 100 27 0 0 0 0 0 0 0 0 0 0 0
63700 -232.1 0 0 0 1.41804 100 33 -3.0762 100 39 0 0 0 -2.53343 100 17 0 0 0 0 0 0 0 0 0 0 0
63800 -230.005 0 0 0 0.830989 100 40 -6.24715 100 42 0 0 0 -2.45502 100 21 0 0 0 0 0 0 0 0 0 0 0
63900 -228.926 0 0 0 0.978589 100 36 -2.05532 100 39 0 0 0 -2.73272 100 20 0 0 0 0 0 0 0 0 0 0 0
64000 -228.13 0 0 0 0.367685 100 31 -3.95813 100 37 0 0 0 -2.11969 100 26 0 0 0 0 0 0 0 0 0 0 0
64100 -228.722 0 0 0 0.0494433 100 31 -2.31591 100 44 0 0 0 -2.19601 100 18 0 0 0 0 0 0 0 0 0 0 0
64200 -228.605 0 0 0 0.729638 100 37 -0.0547174 100 37 0 0 0 -2.65601 100 15 0 0 0 0 0 0 0 0 0 0 0
64300 -227.821 0 0 0 0.428402 100 27 -1.8029 100 37 0 0 0 -2.29034 100 33 0 0 0 0 0 0 0 0 0 0 0
64400 -228.679 0 0 0 0.344846 100 32 -2.74842 100 26 0 0 0 -2.05312 100 25 0 0 0 0 0 0 0 0 0 0 0
64500 -228.014 0 0 0 0.81854 100 26 -0.553074 100 35 0 0 0 -2.57334 100 19 0 0 0 0 0 0 0 0 0 0 0
64600 -230.282 0 0 0 0.859061 100 28 1.58675 100 40 0 0 0 -2.41959 100 25 0 0 0 0 0 0 0 0 0 0 0
64700 -228.345 0 0 0 0.161586 100 22 -4.69504 100 40 0 0 0 -2.08047 100 21 0 0 0 0 0 0 0 0 0 0 0
64800 -229.156 0 0 0 0.301297 100 34 -6.64278 100 43 0 0 0 -2.1777 100 18 0 0 0 0 0 0 0 0 0 0 0
64900 -228.095 0 0 0 0.654308 100 37 -3.10338 100 38 0 0 0 -2.48134 100 15 0 0 0 0 0 0 0 0 0 0 0
65000 -227.927 0 0 0 0.603967 100 32 -0.815582 100 42 0 0 0 -2.38458 100 21 0 0 0 0 0 0 0 0 0 0 0
65100 -229.453 0 0 0 -0.153337 100 24 -5.60898 100 30 0 0 0 -1.92682 100 31 0 0 0 0 0 0 0 0 0 0 0
65200 -228.686 0 0 0 1.1725 100 28 -0.00864725 100 37 0 0 0 -2.70339 100 22 0 0 0 0 0 0 0 0 0 0 0
65300 -228.164 0 0 0 0.549217 100 28 -0.35001 100 31 0 0 0 -2.40018 100 17 0 0 0 0 0 0 0 0 0 0 0
65400 -228.548 0 0 0 0.955882 100 24 0.775168 100 44 0 0 0 -2.64448 100 23 0 0 0 0 0 0 0 0 0 0 0
65500 -232.094 0 0 0 1.37942 100 30 -4.61909 100 36 0 0 0 -2.57641 100 19 0 0 0 0 0 0 0 0 0 0 0
65600 -228.807 0 0 0 0.234428 100 33 -5.97657 100 35 0 0 0 -2.05431 100 19 0 0 0 0 0 0 0 0 0 0 0
65700 -230.903 0 0 0 0.0739389 100 24 -2.95709 100 40 0 0 0 -1.81681 100 23 0 0 0 0 0 0 0 0 0 0 0
65800 -228.482 0 0 0 1.09864 100 31 -0.411356 100 45 0 0 0 -2.7039 100 33 0 0 0 0 0 0 0 0 0 0 0
65900 -228.491 0 0 0 0.725847 100 24 -1.34472 100 39 0 0 0 -2.6399 100 29 0 0 0 0 0 0 0 0 0 0 0
66000 -229.237 0 0 0 1.22565 100 25 0.808218 100 28 0 0 0 -2.87907 100 18 0 0 0 0 0 0 0 0 0 0 0
66100 -227.873 0 0 0 0.632141 100 27 -2.57105 100 37 0 0 0 -2.2873 100 29 0 0 0 0 0 0 0 0 0 0 0
66200 -230.511 0 0 0 0.106283 100 33 -4.41053 100 40 0 0 0 -2.42183 100 21 0 0 0 0 0 0 0 0 0 0 0
66300 -230.205 0 0 0 1.48232 100 34 1.9408 100 39 0 0 0 -3.00901 100 33 0 0 0 0 0 0 0 0 0 0 0
66400 -229.387 0 0 0 0.798507 100 24 -5.52155 100 27 0 0 0 -2.3126 100 24 0 0 0 0 0 0 0 0 0 0 0
66500 -229.054 0 0 0 0.969104 100 26 -4.12106 100 40 0 0 0 -2.46729 100 21 0 0 0 0 0 0 0 0 0 0 0
66600 -228.582 0 0 0 0.839747 100 28 -2.43771 100 28 0 0 0 -2.31411 100 19 0 0 0 0 0 0 0 0 0 0 0
66700 -228.232 0 0 0 0.198393 100 43 -3.79981 100 32 0 0 0 -2.07307 100 24 0 0 0 0 0 0 0 0 0 0 0
66800 -227.966 0 0 0 0.324072 100 28 -3.22309 100 38 0 0 0 -2.14734 100 25 0 0 0 0 0 0 0 0 0 0 0
66900 -228.04 0 0 0 0.327449 100 32 -2.55469 100 39 0 0 0 -2.33551 100 25 0 0 0 0 0 0 0 0 0 0 0
67000 -233.224 0 0 0 -0.382768 100 33 -9.36036 100 38 0 0 0 -2.02318 100 25 0 0 0 0 0 0 0 0 0 0 0
67100 -227.733 0 0 0 0.540851 100 26 -1.71337 100 34 0 0 0 -2.33498 100 18 0 0 0 0 0 0 0 0 0 0 0
67200 -228.111 0 0 0 0.808663 100 31 -3.18727 100 36 0 0 0 -2.42367 100 21 0 0 0 0 0 0 0 0 0 0 0
67300 -227.902 0 0 0 0.58724 100 31 -3.35149 100 38 0 0 0 -2.39596 100 20 0 0 0 0 0 0 0 0 0 0 0
67400 -228.772 0 0 0 0.18878 100 29 -4.61828 100 44 0 0 0 -2.27832 100 25 0 0 0 0 0 0 0 0 0 0 0
67500 -228.9 0 0 0 0.417048 100 31 0.0348579 100 26 0 0 0 -2.48378 100 25 0 0 0 0 0 0 0 0 0 0 0
67600 -228.242 0 0 0 0.700388 100 30 -0.50166 100 44 0 0 0 -2.36451 100 21 0 0 0 0 0 0 0 0 0 0 0
67700 -231.189 0 0 0 0.275419 100 27 -0.212568 100 38 0 0 0 -2.02157 100 19 0 0 0 0 0 0 0 0 0 0 0
67800 -228.49 0 0 0 0.752674 100 25 -1.70471 100 38 0 0 0 -2.63999 100 19 0 0 0 0 0 0 0 0 0 0 0
67900 -228.676 0 0 0 1.0999 100 33 -0.0962324 100 42 0 0 0 -2.5842 100 20 0 0 0 0 0 0 0 0 0 0 0
68000 -234.367 0 0 0 1.16994 100 34 1.77297 100 35 0 0 0 -3.3001 100 19 0 0 0 0 0 0 0 0 0 0 0
68100 -228.622 0 0 0 0.0455964 100 33 -4.89426 100 39 0 0 0 -2.07239 100 24 0 0 0 0 0 0 0 0 0 0 0
68200 -232.802 0 0 0 1.74465 100 24 -2.46995 100 41 0 0 0 -3.03727 100 27 0 0 0 0 0 0 0 0 0 0 0
68300 -228.048 0 0 0 0.652117 100 32 -3.34904 100 33 0 0 0 -2.44971 100 26 0 0 0 0 0 0 0 0 0 0 0
68400 -230.472 0 0 0 1.50925 100 29 2.41785 100 26 0 0 0 -2.92884 100 28 0 0 0 0 0 0 0 0 0 0 0
68500 -228.666 0 0 0 0.126685 100 23 -4.04203 100 28 0 0 0 -1.98547 100 17 0 0 0 0 0 0 0 0 0 0 0
68600 -228.702 0 0 0 0.713108 100 30 -1.48074 100 44 0 0 0 -2.65803 100 26 0 0 0 0 0 0 0 0 0 0 0
68700 -228.97 0 0 0 0.0849273 100 34 -6.01509 100 35 0 0 0 -2.00344 100 24 0 0 0 0 0 0 0 0 0 0 0
68800 -227.826 0 0 0 0.471231 100 28 -2.12739 100 38 0 0 0 -2.38762 100 15 0 0 0 0 0 0 0 0 0 0 0
68900 -227.778 0 0 0 0.664404 100 35 -2.55588 100 40 0 0 0 -2.43463 100 23 0 0 0 0 0 0 0 0 0 0 0
69000 -230.038 0 0 0 1.36336 100 31 2.41287 100 45 0 0 0 -2.91442 100 19 0 0 0 0 0 0 0 0 0 0 0
69100 -229.813 0 0 0 0.749311 100 24 0.762913 100 40 0 0 0 -2.79545 100 20 0 0 0 0 0 0 0 0 0 0 0
69200 -229.629 0 0 0 1.27925 100 30 0.492471 100 30 0 0 0 -2.63287 100 25 0 0 0 0 0 0 0 0 0 0 0
69300 -230.228 0 0 0 -0.230083 100 29 -6.66128 100 37 0 0 0 -1.83231 100 21 0 0 0 0 0 0 0 0 0 0 0
69400 -228.128 0 0 0 0.675863 100 29 -2.93224 100 49 0 0 0 -2.2641 100 25 0 0 0 0 0 0 0 0 0 0 0
69500 -230.745 0 0 0 0.721523 100 29 2.62268 100 41 0 0 0 -2.55303 100 22 0 0 0 0 0 0 0 0 0 0 0
69600 -228.649 0 0 0 0.312715 100 36 -5.45488 100 33 0 0 0 -2.24983 100 24 0 0 0 0 0 0 0 0 0 0 0
69700 -227.803 0 0 0 0.522812 100 23 -3.50983 100 34 0 0 0 -2.29643 100 24 0 0 0 0 0 0 0 0 0 0 0
69800 -235.144 0 0 0 -0.66752 100 33 -11.2265 100 40 0 0 0 -1.64786 100 21 0 0 0 0 0 0 0 0 0 0 0
69900 -227.897 0 0 0 0.728229 100 28 -2.14229 100 31 0 0 0 -2.51058 100 21 0 0 0 0 0 0 0 0 0 0 0
70000 -228.812 0 0 0 0.273819 100 26 -6.04855 100 37 0 0 0 -2.07611 100 26 0 0 0 0 0 0 0 0 0 0 0
70100 -230.692 0 0 0 -0.259684 100 42 -5.31705 100 49 0 0 0 -1.74389 100 26 0 0 0 0 0 0 0 0 0 0 0
70200 -229.014 0 0 0 0.469142 100 27 -0.405193 100 39 0 0 0 -2.57134 100 22 0 0 0 0 0 0 0 0 0 0 0
70300 -231.434 0 0 0 0.90175 100 27 -3.69617 100 34 0 0 0 -2.1366 100 21 0 0 0 0 0 0 0 0 0 0 0
70400 -228.58 0 0 0 0.538796 100 34 -5.42391 100 31 0 0 0 -2.25172 100 26 0 0 0 0 0 0 0 0 0 0 0
70500 -229.874 0 0 0 0.795679 100 40 -2.81683 100 36 0 0 0 -2.16474 100 24 0 0 0 0 0 0 0 0 0 0 0
70600 -228.07 0 0 0 0.760855 100 31 -3.19993 100 34 0 0 0 -2.3626 100 22 0 0 0 0 0 0 0 0 0 0 0
70700 -229.256 0 0 0 1.2049 100 35 1.09257 100 34 0 0 0 -2.87444 100 20 0 0 0 0 0 0 0 0 0 0 0
70800 -230.235 0 0 0 -0.226418 100 22 -6.02519 100 35 0 0 0 -2.06902 100 25 0 0 0 0 0 0 0 0 0 0 0
70900 -230.177 0 0 0 -0.226245 100 39 -5.37329 100 33 0 0 0 -1.79848 100 31 0 0 0 0 0 0 0 0 0 0 0
71000 -232.198 0 0 0 -0.406539 100 32 -2.75884 100 33 0 0 0 -1.75572 100 26 0 0 0 0 0 0 0 0 0 0 0
71100 -229.249 0 0 0 1.0822 100 26 -0.205543 100 30 0 0 0 -2.47754 100 19 0 0 0 0 0 0 0 0 0 0 0
71200 -228.226 0 0 0 0.967218 100 33 -2.08761 100 32 0 0 0 -2.5653 100 25 0 0 0 0 0 0 0 0 0 0 0
71300 -232.046 0 0 0 -0.556064 100 29 -4.56939 100 34 0 0 0 -1.71393 100 18 0 0 0 0 0 0 0 0 0 0 0
71400 -228.085 0 0 0 0.381083 100 26 -3.42135 100 45 0 0 0 -2.12831 100 26 0 0 0 0 0 0 0 0 0 0 0
71500 -229.322 0 0 0 1.07984 100 30 1.78194 100 36 0 0 0 -2.80683 100 20 0 0 0 0 0 0 0 0 0 0 0
71600 -228.692 0 0 0 0.930543 100 34 -3.40545 100 33 0 0 0 -2.57973 100 21 0 0 0 0 0 0 0 0 0 0 0
71700 -229.272 0 0 0 0.436899 100 30 -2.29895 100 41 0 0 0 -2.04546 100 28 0 0 0 0 0 0 0 0 0 0 0
71800 -228.663 0 0 0 0.793186 100 20 -4.40169 100 28 0 0 0 -2.34396 100 11 0 0 0 0 0 0 0 0 0 0 0
71900 -228.55 0 0 0 0.506676 100 26 -1.65327 100 46 0 0 0 -2.54268 100 21 0 0 0 0 0 0 0 0 0 0 0
72000 -233.048 0 0 0 0.770992 100 25 -5.51284 100 38 0 0 0 -1.98215 100 28 0 0 0 0 0 0 0 0 0 0 0
72100 -228.997 0 0 0 1.15167 100 27 -1.3761 100 36 0 0 0 -2.54372 100 25 0 0 0 0 0 0 0 0 0 0 0
72200 -228.538 0 0 0 0.584588 100 29 -3.18277 100 40 0 0 0 -2.15347 100 26 0 0 0 0 0 0 0 0 0 0 0
72300 -229.822 0 0 0 0.370129 100 30 0.514572 100 39 0 0 0 -2.55717 100 24 0 0 0 0 0 0 0 0 0 0 0
72400 -228.945 0 0 0 0.860295 100 23 -2.24818 100 36 0 0 0 -2.28935 100 26 0 0 0 0 0 0 0 0 0 0 0
72500 -228.804 0 0 0 1.16436 100 16 -1.71488 100 33 0 0 0 -2.64674 100 25 0 0 0 0 0 0 0 0 0 0 0
72600 -228.03 0 0 0 0.375682 100 30 -1.54125 100 34 0 0 0 -2.35299 100 32 0 0 0 0 0 0 0 0 0 0 0
72700 -228.319 0 0 0 0.640672 100 24 -1.35029 100 40 0 0 0 -2.58098 100 25 0 0 0 0 0 0 0 0 0 0 0
72800 -228.919 0 0 0 0.139982 100 29 -4.4034 100 42 0 0 0 -2.28102 100 14 0 0 0 0 0 0 0 0 0 0 0
72900 -228.711 0 0 0 0.345777 100 29 -1.32112 100 36 0 0 0 -2.13689 100 40 0 0 0 0 0 0 0 0 0 0 0
73000 -228.192 0 0 0 0.985527 100 30 -0.860294 100 38 0 0 0 -2.55187 100 28 0 0 0 0 0 0 0 0 0 0 0
73100 -228.123 0 0 0 0.812071 100 32 -3.03958 100 41 0 0 0 -2.49452 100 25 0 0 0 0 0 0 0 0 0 0 0
73200 -229.045 0 0 0 1.22271 100 22 0.90751 100 34 0 0 0 -2.73279 100 22 0 0 0 0 0 0 0 0 0 0 0
73300 -229.565 0 0 0 1.01027 100 32 -3.66633 100 40 0 0 0 -2.70043 100 28 0 0 0 0 0 0 0 0 0 0 0
73400 -229.823 0 0 0 -0.235636 100 20 -3.41703 100 46 0 0 0 -1.92922 100 23 0 0 0 0 0 0 0 0 0 0 0
73500 -228.406 0 0 0 0.0810776 100 31 -3.13354 100 44 0 0 0 -2.09648 100 32 0 0 0 0 0 0 0 0 0 0 0
73600 -229.752 0 0 0 0.802258 100 31 -4.35932 100 38 0 0 0 -2.18931 100 29 0 0 0 0 0 0 0 0 0 0 0
73700 -228.444 0 0 0 0.641527 100 22 -4.05803 100 40 0 0 0 -2.21399 100 16 0 0 0 0 0 0 0 0 0 0 0
73800 -228.568 0 0 0 0.639668 100 32 -5.0013 100 29 0 0 0 -2.27154 100 20 0 0 0 0 0 0 0 0 0 0 0
73900 -228.156 0 0 0 0.345261 100 32 -1.33405 100 39 0 0 0 -2.24781 100 22 0 0 0 0 0 0 0 0 0 0 0
74000 -229.937 0 0 0 0.779313 100 21 2.14976 100 37 0 0 0 -2.71513 100 17 0 0 0 0 0 0 0 0 0 0 0
74100 -229.315 0 0 0 0.639016 100 21 1.19698 100 38 0 0 0 -2.62707 100 19 0 0 0 0 0 0 0 0 0 0 0
74200 -228.885 0 0 0 0.23062 100 25 -5.38484 100 36 0 0 0 -2.26107 100 27 0 0 0 0 0 0 0 0 0 0 0
74300 -228.61 0 0 0 1.01428 100 26 0.680501 100 36 0 0 0 -2.71564 100 26 0 0 0 0 0 0 0 0 0 0 0
74400 -228.421 0 0 0 0.913832 100 28 -0.170266 100 40 0 0 0 -2.69673 100 21 0 0 0 0 0 0 0 0 0 0 0
74500 -228.014 0 0 0 0.2377 100 23 -3.64604 100 32 0 0 0 -2.18938 100 28 0 0 0 0 0 0 0 0 0 0 0
74600 -229.334 0 0 0 0.214858 100 29 -5.95158 100 34 0 0 0 -2.26982 100 33 0 0 0 0 0 0 0 0 0 0 0
74700 -227.885 0 0 0 0.693886 100 30 -0.739227 100 32 0 0 0 -2.44905 100 19 0 0 0 0 0 0 0 0 0 0 0
74800 -228.04 0 0 0 0.342475 100 27 -1.55671 100 36 0 0 0 -2.26444 100 20 0 0 0 0 0 0 0 0 0 0 0
74900 -228.221 0 0 0 0.411582 100 28 -4.73655 100 38 0 0 0 -2.15923 100 20 0 0 0 0 0 0 0 0 0 0 0
75000 -228.333 0 0 0 0.130313 100 31 -2.58663 100 32 0 0 0 -2.19422 100 22 0 0 0 0 0 0 0 0 0 0 0
75100 -228.838 0 0 0 0.273892 100 32 -1.34078 100 36 0 0 0 -2.42915 100 21 0 0 0 0 0 0 0 0 0 0 0
75200 -228.897 0 0 0 1.01877 100 32 -3.18415 100 34 0 0 0 -2.62657 100 29 0 0 0 0 0 0 0 0 0 0 0
75300 -228.199 0 0 0 0.5021 100 26 -0.433164 100 24 0 0 0 -2.37838 100 30 0 0 0 0 0 0 0 0 0 0 0
75400 -229.224 0 0 0 0.378994 100 33 -6.4454 100 36 0 0 0 -2.06783 100 21 0 0 0 0 0 0 0 0 0 0 0
75500 -229.265 0 0 0 0.11683 100 32 -4.48058 100 33 0 0 0 -1.90496 100 25 0 0 0 0 0 0 0 0 0 0 0
75600 -229.957 0 0 0 0.602953 100 32 -3.14315 100 35 0 0 0 -2.04634 100 23 0 0 0 0 0 0 0 0 0 0 0
75700 -229.483 0 0 0 1.02589 100 24 1.7745 100 32 0 0 0 -2.61202 100 14 0 0 0 0 0 0 0 0 0 0 0
75800 -228.189 0 0 0 0.795436 100 19 -3.34748 100 41 0 0 0 -2.4804 100 24 0 0 0 0 0 0 0 0 0 0 0
75900 -233.481 0 0 0 -0.532235 100 29 -9.39559 100 36 0 0 0 -1.91167 100 21 0 0 0 0 0 0 0 0 0 0 0
76000 -228.064 0 0 0 0.715258 100 31 -3.50169 100 34 0 0 0 -2.43264 100 24 0 0 0 0 0 0 0 0 0 0 0
76100 -229.313 0 0 0 0.115415 100 37 -4.86963 100 33 0 0 0 -1.89871 100 23 0 0 0 0 0 0 0 0 0 0 0
76200 -227.848 0 0 0 0.764418 100 30 -2.46859 100 38 0 0 0 -2.41926 100 19 0 0 0 0 0 0 0 0 0 0 0
76300 -227.931 0 0 0 0.712885 100 31 -1.5752 100 38 0 0 0 -2.34976 100 27 0 0 0 0 0 0 0 0 0 0 0
76400 -228.861 0 0 0 0.780775 100 34 -1.59249 100 37 0 0 0 -2.69728 100 25 0 0 0 0 0 0 0 0 0 0 0
76500 -232.289 0 0 0 0.698675 100 24 -0.921139 100 40 0 0 0 -2.93888 100 19 0 0 0 0 0 0 0 0 0 0 0
76600 -228.34 0 0 0 0.536987 100 31 -1.57033 100 44 0 0 0 -2.20587 100 23 0 0 0 0 0 0 0 0 0 0 0
76700 -228.439 0 0 0 0.676106 100 24 -2.82703 100 40 0 0 0 -2.56105 100 21 0 0 0 0 0 0 0 0 0 0 0
76800 -229.802 0 0 0 -0.0601546 100 32 -5.13486 100 33 0 0 0 -2.21163 100 20 0 0 0 0 0 0 0 0 0 0 0
76900 -230.63 0 0 0 0.696379 100 36 -0.920644 100 40 0 0 0 -2.83182 100 29 0 0 0 0 0 0 0 0 0 0 0
77000 -229.199 0 0 0 0.16552 100 29 -2.0574 100 38 0 0 0 -2.40039 100 17 0 0 0 0 0 0 0 0 0 0 0
77100 -229.093 0 0 0 0.584146 100 35 -0.553741 100 41 0 0 0 -2.21271 100 23 0 0 0 0 0 0 0 0 0 0 0
77200 -227.97 0 0 0 0.525244 100 23 -0.904392 100 39 0 0 0 -2.35113 100 19 0 0 0 0 0 0 0 0 0 0 0
77300 -228.507 0 0 0 0.74008 100 29 -1.1443 100 32 0 0 0 -2.65111 100 25 0 0 0 0 0 0 0 0 0 0 0
77400 -232.767 0 0 0 -0.195025 100 25 -7.0607 100 38 0 0 0 -1.5936 100 19 0 0 0 0 0 0 0 0 0 0 0
77500 -232.554 0 0 0 1.79791 100 25 -0.842352 100 42 0 0 0 -2.9077 100 20 0 0 0 0 0 0 0 0 0 0 0
77600 -229.267 0 0 0 0.039343 100 31 -2.37565 100 35 0 0 0 -1.98422 100 25 0 0 0 0 0 0 0 0 0 0 0
77700 -229.162 0 0 0 0.88895 100 29 -0.495698 100 39 0 0 0 -2.79212 100 33 0 0 0 0 0 0 0 0 0 0 0
77800 -230.484 0 0 0 1.25689 100 29 -1.32327 100 32 0 0 0 -2.97792 100 19 0 0 0 0 0 0 0 0 0 0 0
77900 -228.919 0 0 0 0.441145 100 26 -4.58842 100 40 0 0 0 -2.42886 100 25 0 0 0 0 0 0 0 0 0 0 0
78000 -228.459 0 0 0 0.489989 100 28 -1.67008 100 34 0 0 0 -2.17023 100 27 0 0 0 0 0 0 0 0 0 0 0
78100 -228.866 0 0 0 0.0885325 100 31 -1.57071 100 33 0 0 0 -2.23748 100 31 0 0 0 0 0 0 0 0 0 0 0
78200 -228.825 0 0 0 1.04692 100 34 -1.09949 100 38 0 0 0 -2.77165 100 26 0 0 0 0 0 0 0 0 0 0 0
78300 -228.282 0 0 0 0.59257 100 27 -4.6807 100 29 0 0 0 -2.307 100 26 0 0 0 0 0 0 0 0 0 0 0
78400 -228.648 0 0 0 0.184127 100 30 -5.55357 100 35 0 0 0 -2.15166 100 33 0 0 0 0 0 0 0 0 0 0 0
78500 -230.58 0 0 0 0.969777 100 29 2.72295 100 35 0 0 0 -2.61317 100 26 0 0 0 0 0 0 0 0 0 0 0
78600 -228.508 0 0 0 0.605243 100 28 -4.92465 100 41 0 0 0 -2.2383 100 18 0 0 0 0 0 0 0 0 0 0 0
78700 -230.209 0 0 0 0.189963 100 31 -7.74258 100 37 0 0 0 -2.18945 100 25 0 0 0 0 0 0 0 0 0 0 0
78800 -230.017 0 0 0 0.623579 100 32 -6.38845 100 40 0 0 0 -2.11454 100 21 0 0 0 0 0 0 0 0 0 0 0
78900 -231.258 0 0 0 -0.452897 100 35 -4.99406 100 33 0 0 0 -1.74386 100 28 0 0 0 0 0 0 0 0 0 0 0
79000 -228.709 0 0 0 0.468387 100 29 -0.237894 100 42 0 0 0 -2.51634 100 20 0 0 0 0 0 0 0 0 0 0 0
79100 -228.635 0 0 0 1.10163 100 37 0.380757 100 35 0 0 0 -2.7419 100 18 0 0 0 0 0 0 0 0 0 0 0
79200 -230.306 0 0 0 0.0581181 100 37 -2.07757 100 38 0 0 0 -1.90466 100 24 0 0 0 0 0 0 0 0 0 0 0
79300 -228.806 0 0 0 0.970849 100 33 -0.881861 100 41 0 0 0 -2.76498 100 32 0 0 0 0 0 0 0 0 0 0 0
79400 -227.891 0 0 0 0.43469 100 37 -1.45692 100 42 0 0 0 -2.3151 100 18 0 0 0 0 0 0 0 0 0 0 0
79500 -228.049 0 0 0 0.68819 100 25 -1.27902 100 23 0 0 0 -2.55584 100 21 0 0 0 0 0 0 0 0 0 0 0
79600 -230.513 0 0 0 0.983444 100 32 2.29984 100 37 0 0 0 -2.92728 100 23 0 0 0 0 0 0 0 0 0 0 0
79700 -229.212 0 0 0 1.10086 100 25 1.72239 100 31 0 0 0 -2.73985 100 24 0 0 0 0 0 0 0 0 0 0 0
79800 -228.532 0 0 0 0.837821 100 26 0.598203 100 35 0 0 0 -2.65089 100 27 0 0 0 0 0 0 0 0 0 0 0
79900 -229.064 0 0 0 0.370818 100 34 -5.14527 100 38 0 0 0 -2.37611 100 23 0 0 0 0 0 0 0 0 0 0 0
80000 -229.876 0 0 0 0.889814 100 35 -2.74122 100 45 0 0 0 -2.77894 100 16 0 0 0 0 0 0 0 0 0 0 0
80100 -227.732 0 0 0 0.579833 100 32 -2.34178 100 35 0 0 0 -2.30415 100 32 0 0 0 0 0 0 0 0 0 0 0
80200 -228.163 0 0 0 0.865623 100 25 -2.706 100 33 0 0 0 -2.42639 100 14 0 0 0 0 0 0 0 0 0 0 0
80300 -230.041 0 0 0 -0.141332 100 29 -5.78965 100 33 0 0 0 -1.80598 100 23 0 0 0 0 0 0 0 0 0 0 0
80400 -229.068 0 0 0 1.24655 100 29 -0.8825 100 31 0 0 0 -2.79583 100 23 0 0 0 0 0 0 0 0 0 0 0
80500 -231.159 0 0 0 1.17277 100 22 -2.74798 100 43 0 0 0 -2.94686 100 20 0 0 0 0 0 0 0 0 0 0 0
80600 -229.041 0 0 0 1.13195 100 30 1.3295 100 38 0 0 0 -2.70963 100 25 0 0 0 0 0 0 0 0 0 0 0
80700 -227.905 0 0 0 0.55648 100 22 -2.66141 100 33 0 0 0 -2.23803 100 16 0 0 0 0 0 0 0 0 0 0 0
80800 -230.13 0 0 0 1.27847 100 24 -3.24639 100 34 0 0 0 -2.75802 100 21 0 0 0 0 0 0 0 0 0 0 0
80900 -228.09 0 0 0 0.299961 100 27 -1.96641 100 34 0 0 0 -2.31557 100 20 0 0 0 0 0 0 0 0 0 0 0
81000 -229.102 0 0 0 1.18301 100 29 -0.609662 100 42 0 0 0 -2.5688 100 20 0 0 0 0 0 0 0 0 0 0 0
81100 -228.238 0 0 0 0.241538 100 34 -4.74859 100 43 0 0 0 -2.12113 100 17 0 0 0 0 0 0 0 0 0 0 0
81200 -230.855 0 0 0 1.54835 100 34 -1.70989 100 38 0 0 0 -2.90888 100 15 0 0 0 0 0 0 0 0 0 0 0
81300 -228.946 0 0 0 0.348894 100 39 -0.597701 100 27 0 0 0 -2.48034 100 28 0 0 0 0 0 0 0 0 0 0 0
81400 -228.962 0 0 0 0.901943 100 24 1.2013 100 41 0 0 0 -2.55254 100 23 0 0 0 0 0 0 0 0 0 0 0
81500 -228.753 0 0 0 0.642177 100 34 -3.08159 100 39 0 0 0 -2.576 100 28 0 0 0 0 0 0 0 0 0 0 0
81600 -228.141 0 0 0 0.417418 100 27 -1.02097 100 42 0 0 0 -2.39187 100 23 0 0 0 0 0 0 0 0 0 0 0
81700 -229.945 0 0 0 0.0108974 100 29 -2.88894 100 34 0 0 0 -1.88141 100 26 0 0 0 0 0 0 0 0 0 0 0
81800 -228.861 0 0 0 0.0641592 100 32 -3.53079 100 43 0 0 0 -2.25258 100 27 0 0 0 0 0 0 0 0 0 0 0
81900 -229.411 0 0 0 -0.123039 100 36 -2.55668 100 29 0 0 0 -2.13156 100 17 0 0 0 0 0 0 0 0 0 0 0
82000 -230.076 0 0 0 1.20091 100 36 0.262927 100 28 0 0 0 -2.98669 100 21 0 0 0 0 0 0 0 0 0 0 0
82100 -229.18 0 0 0 1.07273 100 25 -2.17993 100 39 0 0 0 -2.43941 100 25 0 0 0 0 0 0 0 0 0 0 0
82200 -231.09 0 0 0 0.517923 100 24 -7.45314 100 36 0 0 0 -2.45043 100 28 0 0 0 0 0 0 0 0 0 0 0
82300 -229.557 0 0 0 0.974112 100 33 1.61112 100 33 0 0 0 -2.54747 100 21 0 0 0 0 0 0 0 0 0 0 0
82400 -228.001 0 0 0 0.723471 100 25 -3.39661 100 27 0 0 0 -2.40725 100 20 0 0 0 0 0 0 0 0 0 0 0
82500 -228.896 0 0 0 0.809113 100 31 -4.81309 100 41 0 0 0 -2.44468 100 20 0 0 0 0 0 0 0 0 0 0 0
82600 -228.409 0 0 0 1.02889 100 17 -1.05528 100 34 0 0 0 -2.52652 100 21 0 0 0 0 0 0 0 0 0 0 0
82700 -228.512 0 0 0 0.475283 100 25 -1.01163 100 38 0 0 0 -2.20967 100 33 0 0 0 0 0 0 0 0 0 0 0
82800 -228.603 0 0 0 0.612753 100 32 -3.304 100 33 0 0 0 -2.53566 100 24 0 0 0 0 0 0 0 0 0 0 0
82900 -227.969 0 0 0 0.386621 100 27 -2.20718 100 30 0 0 0 -2.36663 100 13 0 0 0 0 0 0 0 0 0 0 0
83000 -230.479 0 0 0 1.00203 100 33 1.76941 100 33 0 0 0 -2.9571 100 22 0 0 0 0 0 0 0 0 0 0 0
83100 -228.487 0 0 0 0.564865 100 23 -4.63258 100 34 0 0 0 -2.18044 100 23 0 0 0 0 0 0 0 0 0 0 0
83200 -228.931 0 0 0 0.521709 100 28 -1.0983 100 39 0 0 0 -2.60004 100 20 0 0 0 0 0 0 0 0 0 0 0
83300 -228.809 0 0 0 0.414618 100 27 0.0365908 100 37 0 0 0 -2.45584 100 22 0 0 0 0 0 0 0 0 0 0 0
83400 -228.623 0 0 0 0.517369 100 34 -3.05037 100 36 0 0 0 -2.11281 100 32 0 0 0 0 0 0 0 0 0 0 0
83500 -227.886 0 0 0 0.691715 100 24 -1.25019 100 33 0 0 0 -2.51705 100 25 0 0 0 0 0 0 0 0 0 0 0
83600 -227.846 0 0 0 0.501105 100 26 -1.33671 100 42 0 0 0 -2.3334 100 20 0 0 0 0 0 0 0 0 0 0 0
83700 -228.975 0 0 0 0.152359 100 19 -5.21833 100 35 0 0 0 -2.24246 100 22 0 0 0 0 0 0 0 0 0 0 0
83800 -228.344 0 0 0 0.285699 100 21 -5.17412 100 35 0 0 0 -2.15182 100 24 0 0 0 0 0 0 0 0 0 0 0
83900 -228.932 0 0 0 1.07702 100 33 -2.43278 100 40 0 0 0 -2.70162 100 25 0 0 0 0 0 0 0 0 0 0 0
84000 -230.026 0 0 0 1.10422 100 26 2.15969 100 38 0 0 0 -2.92524 100 17 0 0 0 0 0 0 0 0 0 0 0
84100 -228.175 0 0 0 0.389803 100 30 -0.980183 100 37 0 0 0 -2.36043 100 20 0 0 0 0 0 0 0 0 0 0 0
84200 -229.787 0 0 0 0.819251 100 25 1.47083 100 45 0 0 0 -2.44134 100 19 0 0 0 0 0 0 0 0 0 0 0
84300 -228.116 0 0 0 0.272452 100 27 -2.91306 100 37 0 0 0 -2.30235 100 27 0 0 0 0 0 0 0 0 0 0 0
84400 -230.74 0 0 0 -0.364103 100 34 -3.75707 100 32 0 0 0 -2.09179 100 26 0 0 0 0 0 0 0 0 0 0 0
84500 -228.958 0 0 0 1.02879 100 29 -3.52254 100 33 0 0 0 -2.55977 100 17 0 0 0 0 0 0 0 0 0 0 0
84600 -230.236 0 0 0 1.19355 100 28 2.89145 100 34 0 0 0 -2.86762 100 19 0 0 0 0 0 0 0 0 0 0 0
84700 -228.406 0 0 0 0.830005 100 30 -3.75613 100 31 0 0 0 -2.47124 100 25 0 0 0 0 0 0 0 0 0 0 0
84800 -229.587 0 0 0 1.18761 100 30 -2.89004 100 31 0 0 0 -2.74726 100 20 0 0 0 0 0 0 0 0 0 0 0
84900 -230.736 0 0 0 -0.181227 100 28 -8.19048 100 33 0 0 0 -1.89519 100 16 0 0 0 0 0 0 0 0 0 0 0
85000 -228.741 0 0 0 0.518526 100 34 -1.07319 100 27 0 0 0 -2.57621 100 25 0 0 0 0 0 0 0 0 0 0 0
85100 -228.325 0 0 0 0.546587 100 30 -4.78736 100 31 0 0 0 -2.22511 100 27 0 0 0 0 0 0 0 0 0 0 0
85200 -228.368 0 0 0 0.441738 100 26 -4.54613 100 34 0 0 0 -2.34736 100 30 0 0 0 0 0 0 0 0 0 0 0
85300 -228.566 0 0 0 0.0506917 100 32 -3.08089 100 34 0 0 0 -2.177 100 24 0 0 0 0 0 0 0 0 0 0 0
85400 -228.925 0 0 0 0.727405 100 29 -4.05142 100 36 0 0 0 -2.5566 100 18 0 0 0 0 0 0 0 0 0 0 0
85500 -227.825 0 0 0 0.796158 100 33 -1.77867 100 36 0 0 0 -2.49004 100 19 0 0 0 0 0 0 0 0 0 0 0
85600 -228.419 0 0 0 0.390185 100 27 -0.584309 100 32 0 0 0 -2.39992 100 26 0 0 0 0 0 0 0 0 0 0 0
85700 -228.256 0 0 0 0.946281 100 23 -1.97052 100 37 0 0 0 -2.61287 100 23 0 0 0 0 0 0 0 0 0 0 0
85800 -228.707 0 0 0 0.348735 100 37 -3.91843 100 43 0 0 0 -2.02736 100 18 0 0 0 0 0 0 0 0 0 0 0
85900 -229.753 0 0 0 0.649783 100 36 0.59309 100 39 0 0 0 -2.73954 100 19 0 0 0 0 0 0 0 0 0 0 0
86000 -229.045 0 0 0 1.04999 100 36 -2.82225 100 35 0 0 0 -2.45266 100 21 0 0 0 0 0 0 0 0 0 0 0
86100 -231.452 0 0 0 1.60795 100 31 3.16397 100 35 0 0 0 -2.94817 100 25 0 0 0 0 0 0 0 0 0 0 0
86200 -228.486 0 0 0 0.509713 100 42 -4.41643 100 41 0 0 0 -2.40547 100 14 0 0 0 0 0 0 0 0 0 0 0
86300 -228.379 0 0 0 0.224689 100 28 -4.0008 100 38 0 0 0 -2.04119 100 32 0 0 0 0 0 0 0 0 0 0 0
86400 -229.442 0 0 0 0.718314 100 25 -0.0249107 100 40 0 0 0 -2.27202 100 15 0 0 0 0 0 0 0 0 0 0 0
86500 -228.874 0 0 0 0.502846 100 31 -4.14157 100 34 0 0 0 -2.0767 100 21 0 0 0 0 0 0 0 0 0 0 0
86600 -228.589 0 0 0 1.01946 100 40 0.732242 100 35 0 0 0 -2.65104 100 25 0 0 0 0 0 0 0 0 0 0 0
86700 -229.539 0 0 0 0.496506 100 27 -6.38009 100 33 0 0 0 -2.36384 100 21 0 0 0 0 0 0 0 0 0 0 0
86800 -231.578 0 0 0 1.13016 100 30 -2.31486 100 26 0 0 0 -2.29562 100 17 0 0 0 0 0 0 0 0 0 0 0
86900 -230.012 0 0 0 0.191773 100 28 0.473802 100 35 0 0 0 -2.37901 100 21 0 0 0 0 0 0 0 0 0 0 0
87000 -227.856 0 0 0 0.816942 100 28 -1.89589 100 40 0 0 0 -2.48095 100 32 0 0 0 0 0 0 0 0 0 0 0
87100 -228.291 0 0 0 0.601138 100 32 -0.497807 100 36 0 0 0 -2.54498 100 20 0 0 0 0 0 0 0 0 0 0 0
87200 -229.993 0 0 0 0.552063 100 36 -5.80216 100 28 0 0 0 -2.03705 100 27 0 0 0 0 0 0 0 0 0 0 0
87300 -228.15 0 0 0 0.563326 100 27 -0.444645 100 32 0 0 0 -2.47229 100 19 0 0 0 0 0 0 0 0 0 0 0
87400 -228.493 0 0 0 0.905951 100 29 -0.752876 100 38 0 0 0 -2.41707 100 28 0 0 0 0 0 0 0 0 0 0 0
87500 -228.08 0 0 0 0.857741 100 31 -1.36788 100 41 0 0 0 -2.42777 100 19 0 0 0 0 0 0 0 0 0 0 0
87600 -228.663 0 0 0 0.598913 100 33 -3.2345 100 48 0 0 0 -2.54215 100 27 0 0 0 0 0 0 0 0 0 0 0
87700 -228.424 0 0 0 1.00484 100 27 0.140073 100 35 0 0 0 -2.58109 100 28 0 0 0 0 0 0 0 0 0 0 0
87800 -229.707 0 0 0 1.18133 100 26 -2.37655 100 39 0 0 0 -2.82056 100 28 0 0 0 0 0 0 0 0 0 0 0
87900 -228.141 0 0 0 0.42594 100 23 -2.38091 100 36 0 0 0 -2.42612 100 18 0 0 0 0 0 0 0 0 0 0 0
88000 -228.171 0 0 0 0.727813 100 34 -1.6214 100 34 0 0 0 -2.58702 100 22 0 0 0 0 0 0 0 0 0 0 0
88100 -228.673 0 0 0 0.881865 100 29 -0.762339 100 36 0 0 0 -2.37718 100 19 0 0 0 0 0 0 0 0 0 0 0
88200 -228.625 0 0 0 0.881687 100 24 -3.33032 100 36 0 0 0 -2.58422 100 20 0 0 0 0 0 0 0 0 0 0 0
88300 -232.27 0 0 0 1.08727 100 26 2.36457 100 37 0 0 0 -3.13456 100 22 0 0 0 0 0 0 0 0 0 0 0
88400 -232.51 0 0 0 0.300821 100 34 -2.35899 100 33 0 0 0 -2.72706 100 25 0 0 0 0 0 0 0 0 0 0 0
88500 -229.733 0 0 0 0.792001 100 32 1.21254 100 32 0 0 0 -2.40217 100 25 0 0 0 0 0 0 0 0 0 0 0
88600 -230.134 0 0 0 0.835596 100 26 -3.10997 100 33 0 0 0 -2.76688 100 32 0 0 0 0 0 0 0 0 0 0 0
88700 -227.894 0 0 0 0.291771 100 29 -3.25136 100 29 0 0 0 -2.19813 100 25 0 0 0 0 0 0 0 0 0 0 0
88800 -229.467 0 0 0 0.310591 100 29 -6.53729 100 40 0 0 0 -1.99624 100 23 0 0 0 0 0 0 0 0 0 0 0
88900 -229.641 0 0 0 0.883104 100 34 -3.2618 100 32 0 0 0 -2.72576 100 31 0 0 0 0 0 0 0 0 0 0 0
89000 -228.869 0 0 0 0.137476 100 24 -1.53749 100 34 0 0 0 -2.11159 100 22 0 0 0 0 0 0 0 0 0 0 0
89100 -229.19 0 0 0 0.90943 100 26 -3.9643 100 36 0 0 0 -2.33122 100 13 0 0 0 0 0 0 0 0 0 0 0
89200 -227.759 0 0 0 0.741393 100 27 -1.93106 100 32 0 0 0 -2.45325 100 26 0 0 0 0 0 0 0 0 0 0 0
89300 -228.057 0 0 0 0.250604 100 32 -3.80501 100 46 0 0 0 -2.22011 100 29 0 0 0 0 0 0 0 0 0 0 0
89400 -229.056 0 0 0 0.0945023 100 30 -5.56861 100 40 0 0 0 -1.94255 100 24 0 0 0 0 0 0 0 0 0 0 0
89500 -230.401 0 0 0 0.311065 100 34 -0.866212 100 34 0 0 0 -2.01942 100 29 0 0 0 0 0 0 0 0 0 0 0
89600 -230.828 0 0 0 1.63124 100 32 1.91639 100 33 0 0 0 -3.10271 100 17 0 0 0 0 0 0 0 0 0 0 0
89700 -228.531 0 0 0 0.295152 100 27 -1.39892 100 40 0 0 0 -2.15533 100 19 0 0 0 0 0 0 0 0 0 0 0
89800 -233.52 0 0 0 0.265712 100 29 0.772926 100 39 0 0 0 -1.99574 100 31 0 0 0 0 0 0 0 0 0 0 0
89900 -233.053 0 0 0 1.31651 100 37 -4.29897 100 34 0 0 0 -3.01142 100 22 0 0 0 0 0 0 0 0 0 0 0
90000 -230.252 0 0 0 -0.204457 100 29 -7.0219 100 40 0 0 0 -1.84657 100 26 0 0 0 0 0 0 0 0 0 0 0
90100 -228.24 0 0 0 0.524749 100 25 -0.329019 100 41 0 0 0 -2.37157 100 25 0 0 0 0 0 0 0 0 0 0 0
90200 -228.788 0 0 0 0.214329 100 45 -2.39914 100 28 0 0 0 -2.03549 100 23 0 0 0 0 0 0 0 0 0 0 0
90300 -229.803 0 0 0 0.96654 100 29 2.3595 100 40 0 0 0 -2.68086 100 23 0 0 0 0 0 0 0 0 0 0 0
90400 -228.504 0 0 0 0.809218 100 24 -3.90657 100 24 0 0 0 -2.49465 100 21 0 0 0 0 0 0 0 0 0 0 0
90500 -232.367 0 0 0 0.51402 100 26 -7.84173 100 40 0 0 0 -2.5309 100 19 0 0 0 0 0 0 0 0 0 0 0
90600 -228.968 0 0 0 1.02042 100 30 -1.05218 100 35 0 0 0 -2.7904 100 23 0 0 0 0 0 0 0 0 0 0 0
90700 -228.014 0 0 0 0.616968 100 27 -1.11662 100 41 0 0 0 -2.51458 100 17 0 0 0 0 0 0 0 0 0 0 0
90800 -232.298 0 0 0 1.23782 100 34 -2.50731 100 32 0 0 0 -2.3406 100 20 0 0 0 0 0 0 0 0 0 0 0
90900 -228.407 0 0 0 0.820486 100 36 -1.88962 100 37 0 0 0 -2.32897 100 20 0 0 0 0 0 0 0 0 0 0 0
91000 -228.164 0 0 0 0.227831 100 28 -2.1758 100 37 0 0 0 -2.25821 100 26 0 0 0 0 0 0 0 0 0 0 0
91100 -228.306 0 0 0 1.01856 100 30 -0.227261 100 38 0 0 0 -2.66012 100 26 0 0 0 0 0 0 0 0 0 0 0
91200 -229.652 0 0 0 0.31511 100 21 -7.35963 100 36 0 0 0 -2.1769 100 29 0 0 0 0 0 0 0 0 0 0 0
91300 -229.94 0 0 0 0.57832 100 28 -4.33754 100 25 0 0 0 -2.02835 100 23 0 0 0 0 0 0 0 0 0 0 0
91400 -229.961 0 0 0 0.617887 100 26 -2.4385 100 39 0 0 0 -2.70589 100 24 0 0 0 0 0 0 0 0 0 0 0
91500 -227.712 0 0 0 0.457025 100 28 -2.7158 100 35 0 0 0 -2.30844 100 15 0 0 0 0 0 0 0 0 0 0 0
91600 -228.531 0 0 0 0.276405 100 21 -4.05885 100 37 0 0 0 -2.33045 100 22 0 0 0 0 0 0 0 0 0 0 0
91700 -228.096 0 0 0 0.883728 100 30 -0.967603 100 26 0 0 0 -2.46504 100 16 0 0 0 0 0 0 0 0 0 0 0
91800 -230.315 0 0 0 0.072035 100 37 -7.95087 100 33 0 0 0 -1.90027 100 15 0 0 0 0 0 0 0 0 0 0 0
91900 -229.764 0 0 0 0.332006 100 25 -5.93642 100 38 0 0 0 -1.94276 100 17 0 0 0 0 0 0 0 0 0 0 0
92000 -228.478 0 0 0 0.0955167 100 30 -4.63583 100 38 0 0 0 -2.04596 100 22 0 0 0 0 0 0 0 0 0 0 0
92100 -229.102 0 0 0 0.143568 100 22 -0.741274 100 35 0 0 0 -2.22684 100 18 0 0 0 0 0 0 0 0 0 0 0
92200 -228.988 0 0 0 0.232092 100 35 -0.917945 100 35 0 0 0 -2.39945 100 15 0 0 0 0 0 0 0 0 0 0 0
92300 -228.178 0 0 0 0.918724 100 38 -0.732717 100 34 0 0 0 -2.64468 100 16 0 0 0 0 0 0 0 0 0 0 0
92400 -227.947 0 0 0 0.745502 100 42 -2.19126 100 42 0 0 0 -2.35085 100 26 0 0 0 0 0 0 0 0 0 0 0
92500 -229.187 0 0 0 1.13755 100 20 -2.94218 100 40 0 0 0 -2.66045 100 18 0 0 0 0 0 0 0 0 0 0 0
92600 -228.159 0 0 0 0.656797 100 24 -2.19012 100 35 0 0 0 -2.25505 100 23 0 0 0 0 0 0 0 0 0 0 0
92700 -229.04 0 0 0 0.247699 100 31 -3.5907 100 36 0 0 0 -2.40158 100 25 0 0 0 0 0 0 0 0 0 0 0
92800 -230.295 0 0 0 0.386292 100 29 -2.07572 100 35 0 0 0 -1.96906 100 29 0 0 0 0 0 0 0 0 0 0 0
92900 -231.331 0 0 0 0.741117 100 31 -4.73572 100 25 0 0 0 -2.04189 100 21 0 0 0 0 0 0 0 0 0 0 0
93000 -227.95 0 0 0 0.293552 100 22 -3.18063 100 37 0 0 0 -2.26157 100 23 0 0 0 0 0 0 0 0 0 0 0
93100 -229.386 0 0 0 0.671261 100 31 -5.936 100 37 0 0 0 -2.21512 100 17 0 0 0 0 0 0 0 0 0 0 0
93200 -228 0 0 0 0.567874 100 28 -2.42081 100 39 0 0 0 -2.47196 100 19 0 0 0 0 0 0 0 0 0 0 0
93300 -229.04 0 0 0 0.397362 100 29 -4.34403 100 38 0 0 0 -2.0121 100 15 0 0 0 0 0 0 0 0 0 0 0
93400 -230.046 0 0 0 1.49889 100 28 -0.342867 100 35 0 0 0 -2.8921 100 20 0 0 0 0 0 0 0 0 0 0 0
93500 -228.584 0 0 0 0.229148 100 27 -2.29175 100 36 0 0 0 -2.36422 100 26 0 0 0 0 0 0 0 0 0 0 0
93600 -229.498 0 0 0 -0.0102735 100 31 -1.54431 100 36 0 0 0 -2.06024 100 19 0 0 0 0 0 0 0 0 0 0 0
93700 -228.685 0 0 0 1.04099 100 28 -1.67065 100 38 0 0 0 -2.47691 100 20 0 0 0 0 0 0 0 0 0 0 0
93800 -228.008 0 0 0 0.833937 100 20 -2.37181 100 38 0 0 0 -2.52428 100 18 0 0 0 0 0 0 0 0 0 0 0
93900 -228.026 0 0 0 0.855315 100 28 -1.57324 100 25 0 0 0 -2.43386 100 17 0 0 0 0 0 0 0 0 0 0 0
94000 -228.819 0 0 0 0.572637 100 27 0.648756 100 31 0 0 0 -2.42972 100 31 0 0 0 0 0 0 0 0 0 0 0
94100 -229.198 0 0 0 0.0277543 100 28 -1.96985 100 31 0 0 0 -2.27321 100 28 0 0 0 0 0 0 0 0 0 0 0
94200 -228.227 0 0 0 0.38589 100 26 -0.933642 100 35 0 0 0 -2.28367 100 25 0 0 0 0 0 0 0 0 0 0 0
94300 -227.822 0 0 0 0.452977 100 31 -3.43543 100 24 0 0 0 -2.22428 100 18 0 0 0 0 0 0 0 0 0 0 0
94400 -227.79 0 0 0 0.687373 100 29 -2.62995 100 30 0 0 0 -2.43123 100 28 0 0 0 0 0 0 0 0 0 0 0
94500 -228.759 0 0 0 0.327695 100 35 -0.522895 100 41 0 0 0 -2.41894 100 23 0 0 0 0 0 0 0 0 0 0 0
94600 -229.51 0 0 0 1.10291 100 24 1.15643 100 35 0 0 0 -2.56373 100 16 0 0 0 0 0 0 0 0 0 0 0
94700 -227.957 0 0 0 0.423257 100 34 -1.48356 100 28 0 0 0 -2.37186 100 18 0 0 0 0 0 0 0 0 0 0 0
94800 -229.678 0 0 0 1.10322 100 36 -1.68733 100 36 0 0 0 -2.41259 100 21 0 0 0 0 0 0 0 0 0 0 0
94900 -231.4 0 0 0 1.32553 100 23 2.03845 100 36 0 0 0 -2.61133 100 27 0 0 0 0 0 0 0 0 0 0 0
95000 -229.188 0 0 0 0.467676 100 31 -5.92783 100 32 0 0 0 -2.3537 100 27 0 0 0 0 0 0 0 0 0 0 0
95100 -230.383 0 0 0 0.828467 100 24 2.70376 100 39 0 0 0 -2.69903 100 24 0 0 0 0 0 0 0 0 0 0 0
95200 -228.995 0 0 0 0.517445 100 25 -5.60915 100 37 0 0 0 -2.12357 100 21 0 0 0 0 0 0 0 0 0 0 0
95300 -230.592 0 0 0 0.861361 100 32 -5.43018 100 34 0 0 0 -2.65451 100 17 0 0 0 0 0 0 0 0 0 0 0
95400 -227.87 0 0 0 0.452237 100 31 -2.53314 100 35 0 0 0 -2.38119 100 21 0 0 0 0 0 0 0 0 0 0 0
95500 -228.175 0 0 0 0.25015 100 24 -2.19265 100 37 0 0 0 -2.15647 100 20 0 0 0 0 0 0 0 0 0 0 0
95600 -228.275 0 0 0 1.0302 100 25 -0.889794 100 38 0 0 0 -2.64343 100 17 0 0 0 0 0 0 0 0 0 0 0
95700 -229.811 0 0 0 0.972862 100 29 -5.28475 100 32 0 0 0 -2.45077 100 21 0 0 0 0 0 0 0 0 0 0 0
95800 -228.296 0 0 0 0.825837 100 28 -1.02995 100 45 0 0 0 -2.65017 100 19 0 0 0 0 0 0 0 0 0 0 0
95900 -228.35 0 0 0 0.568823 100 33 -0.269877 100 39 0 0 0 -2.34143 100 23 0 0 0 0 0 0 0 0 0 0 0
96000 -230.353 0 0 0 0.134506 100 36 -3.81144 100 33 0 0 0 -2.44925 100 20 0 0 0 0 0 0 0 0 0 0 0
96100 -229.004 0 0 0 0.197664 100 27 -6.01393 100 42 0 0 0 -2.19495 100 19 0 0 0 0 0 0 0 0 0 0 0
96200 -228.416 0 0 0 0.934414 100 30 -2.08267 100 36 0 0 0 -2.41947 100 23 0 0 0 0 0 0 0 0 0 0 0
96300 -230.724 0 0 0 1.23482 100 31 1.71093 100 36 0 0 0 -2.57796 100 20 0 0 0 0 0 0 0 0 0 0 0
96400 -228.173 0 0 0 0.168287 100 35 -2.79464 100 34 0 0 0 -2.1584 100 30 0 0 0 0 0 0 0 0 0 0 0
96500 -228.079 0 0 0 0.57869 100 28 -0.426759 100 32 0 0 0 -2.43413 100 25 0 0 0 0 0 0 0 0 0 0 0
96600 -228.828 0 0 0 0.247172 100 25 -5.71703 100 41 0 0 0 -2.22316 100 21 0 0 0 0 0 0 0 0 0 0 0
96700 -230.384 0 0 0 0.36277 100 40 -4.71063 100 42 0 0 0 -1.8943 100 22 0 0 0 0 0 0 0 0 0 0 0
96800 -227.95 0 0 0 0.688769 100 35 -2.27318 100 40 0 0 0 -2.50964 100 20 0 0 0 0 0 0 0 0 0 0 0
96900 -227.832 0 0 0 0.333832 100 26 -3.16303 100 29 0 0 0 -2.2296 100 22 0 0 0 0 0 0 0 0 0 0 0
97000 -228.156 0 0 0 0.495653 100 31 -3.67479 100 39 0 0 0 -2.16202 100 32 0 0 0 0 0 0 0 0 0 0 0
97100 -229.486 0 0 0 1.14552 100 33 -0.937055 100 33 0 0 0 -2.87682 100 25 0 0 0 0 0 0 0 0 0 0 0
97200 -228.601 0 0 0 0.495635 100 34 -0.338492 100 36 0 0 0 -2.52396 100 30 0 0 0 0 0 0 0 0 0 0 0
97300 -228.349 0 0 0 0.876473 100 30 0.380331 100 30 0 0 0 -2.55356 100 33 0 0 0 0 0 0 0 0 0 0 0
97400 -229.56 0 0 0 0.644503 100 33 0.508522 100 40 0 0 0 -2.29012 100 25 0 0 0 0 0 0 0 0 0 0 0
97500 -230.231 0 0 0 -0.0135638 100 27 -4.82981 100 46 0 0 0 -2.30585 100 16 0 0 0 0 0 0 0 0 0 0 0
97600 -229.008 0 0 0 -0.0656342 100 33 -4.65024 100 36 0 0 0 -2.09497 100 26 0 0 0 0 0 0 0 0 0 0 0
97700 -228.471 0 0 0 0.252157 100 32 -2.64883 100 49 0 0 0 -2.06588 100 28 0 0 0 0 0 0 0 0 0 0 0
97800 -229.177 0 0 0 0.186328 100 24 -0.39228 100 40 0 0 0 -2.26615 100 23 0 0 0 0 0 0 0 0 0 0 0
97900 -229.698 0 0 0 1.23027 100 33 -0.969109 100 30 0 0 0 -2.90748 100 24 0 0 0 0 0 0 0 0 0 0 0
98000 -228.112 0 0 0 0.581707 100 36 -0.568091 100 30 0 0 0 -2.49017 100 19 0 0 0 0 0 0 0 0 0 0 0
98100 -228.331 0 0 0 0.154576 100 41 -4.06853 100 40 0 0 0 -2.19921 100 28 0 0 0 0 0 0 0 0 0 0 0
98200 -229.671 0 0 0 -0.24645 100 35 -4.89394 100 37 0 0 0 -1.93677 100 28 0 0 0 0 0 0 0 0 0 0 0
98300 -229.858 0 0 0 1.22649 100 22 1.22266 100 30 0 0 0 -2.61337 100 21 0 0 0 0 0 0 0 0 0 0 0
98400 -229.181 0 0 0 1.13328 100 35 -1.39908 100 34 0 0 0 -2.81385 100 24 0 0 0 0 0 0 0 0 0 0 0
98500 -228.036 0 0 0 0.720149 100 19 -3.50309 100 29 0 0 0 -2.41067 100 20 0 0 0 0 0 0 0 0 0 0 0
98600 -228.84 0 0 0 1.0651 100 30 -0.523473 100 37 0 0 0 -2.79428 100 26 0 0 0 0 0 0 0 0 0 0 0
98700 -228.904 0 0 0 0.932575 100 32 -1.62027 100 39 0 0 0 -2.35514 100 19 0 0 0 0 0 0 0 0 0 0 0
98800 -230.756 0 0 0 0.873955 100 26 -2.19278 100 37 0 0 0 -2.16699 100 30 0 0 0 0 0 0 0 0 0 0 0
98900 -228.257 0 0 0 0.885276 100 38 -3.03781 100 34 0 0 0 -2.49472 100 22 0 0 0 0 0 0 0 0 0 0 0
99000 -229.603 0 0 0 -0.0299375 100 34 -6.89992 100 37 0 0 0 -2.01218 100 16 0 0 0 0 0 0 0 0 0 0 0
99100 -227.856 0 0 0 0.357356 100 34 -2.83373 100 41 0 0 0 -2.19403 100 25 0 0 0 0 0 0 0 0 0 0 0
99200 -227.799 0 0 0 0.48752 100 26 -2.46003 100 34 0 0 0 -2.24246 100 27 0 0 0 0 0 0 0 0 0 0 0
99300 -229.446 0 0 0 1.14169 100 25 -3.11156 100 33 0 0 0 -2.70986 100 18 0 0 0 0 0 0 0 0 0 0 0
99400 -227.999 0 0 0 0.607572 100 31 -0.914718 100 40 0 0 0 -2.34184 100 24 0 0 0 0 0 0 0 0 0 0 0
99500 -228.607 0 0 0 0.672629 100 29 -4.50959 100 37 0 0 0 -2.23492 100 18 0 0 0 0 0 0 0 0 0 0 0
99600 -229.871 0 0 0 0.374085 100 23 -0.694851 100 32 0 0 0 -2.08359 100 21 0 0 0 0 0 0 0 0 0 0 0
99700 -229.834 0 0 0 0.877082 100 27 -3.11262 100 26 0 0 0 -2.22095 100 30 0 0 0 0 0 0 0 0 0 0 0
99800 -228.586 0 0 0 1.1106 100 23 -1.66487 100 33 0 0 0 -2.63015 100 26 0 0 0 0 0 0 0 0 0 0 0
99900 -230.29 0 0 0 0.145003 100 31 -4.53849 100 35 0 0 0 -1.82612 100 29 0 0 0 0 0 0 0 0 0 0 0
100000 -230.068 0 0 0 -0.0168058 100 28 -7.68944 100 35 0 0 0 -2.01961 100 19 0 0 0 0 0 0 0 0 0 0 0
