iteration logLik intercept1 intercept1_p intercept1_a pcov2 pcov2_p pcov2_a pcov3 pcov3_p pcov3_a pcov4 pcov4_p pcov4_a intercept2 intercept2_p intercept2_a intercept3 intercept3_p intercept3_a intercept4 intercept4_p intercept4_a pcov pcov_p pcov_a data_p data_a
0 -7.04163e+08 0 0 0 -7.94902 0 0 0.377063 0 0 0 0 0 14.7799 0 0 0 0 0 0 0 0 0 0 0 0 0
100 -277.917 0 0 0 0.814446 100 34 -0.904502 100 30 0 0 0 -2.3445 100 30 0 0 0 0 0 0 0 0 0 0 0
200 -278.5 0 0 0 0.513572 100 18 -0.973099 100 23 0 0 0 -2.25757 100 12 0 0 0 0 0 0 0 0 0 0 0
300 -276.053 0 0 0 1.37593 100 28 3.13252 100 18 0 0 0 -2.86864 100 23 0 0 0 0 0 0 0 0 0 0 0
400 -277.975 0 0 0 2.01293 100 26 3.19483 100 32 0 0 0 -3.46176 100 22 0 0 0 0 0 0 0 0 0 0 0
500 -276.377 0 0 0 1.39654 100 29 3.18234 100 31 0 0 0 -2.79839 100 16 0 0 0 0 0 0 0 0 0 0 0
600 -279.891 0 0 0 2.91851 100 22 8.77174 100 25 0 0 0 -4.30808 100 23 0 0 0 0 0 0 0 0 0 0 0
700 -276.823 0 0 0 1.22882 100 32 0.966504 100 30 0 0 0 -2.80249 100 23 0 0 0 0 0 0 0 0 0 0 0
800 -275.881 0 0 0 1.69402 100 21 3.77571 100 18 0 0 0 -3.08788 100 18 0 0 0 0 0 0 0 0 0 0 0
900 -276.277 0 0 0 1.5652 100 24 2.56572 100 26 0 0 0 -3.05497 100 18 0 0 0 0 0 0 0 0 0 0 0
1000 -276.439 0 0 0 1.34231 100 27 2.9708 100 30 0 0 0 -2.75608 100 15 0 0 0 0 0 0 0 0 0 0 0
1100 -277.569 0 0 0 2.45737 100 26 4.9666 100 24 0 0 0 -3.52381 100 23 0 0 0 0 0 0 0 0 0 0 0
1200 -276.33 0 0 0 1.31371 100 24 3.12252 100 30 0 0 0 -2.93384 100 16 0 0 0 0 0 0 0 0 0 0 0
1300 -276.302 0 0 0 1.60487 100 23 3.72836 100 21 0 0 0 -3.16371 100 19 0 0 0 0 0 0 0 0 0 0 0
1400 -276.048 0 0 0 1.44458 100 20 3.57358 100 20 0 0 0 -2.93374 100 19 0 0 0 0 0 0 0 0 0 0 0
1500 -276.091 0 0 0 1.64966 100 29 4.51403 100 23 0 0 0 -3.08782 100 19 0 0 0 0 0 0 0 0 0 0 0
1600 -275.928 0 0 0 1.64778 100 26 3.89942 100 19 0 0 0 -3.04358 100 24 0 0 0 0 0 0 0 0 0 0 0
1700 -280.008 0 0 0 1.66717 100 23 7.3809 100 25 0 0 0 -3.37012 100 17 0 0 0 0 0 0 0 0 0 0 0
1800 -276.974 0 0 0 1.77001 100 23 3.08097 100 27 0 0 0 -2.94933 100 18 0 0 0 0 0 0 0 0 0 0 0
1900 -282.652 0 0 0 2.37406 100 20 5.29424 100 29 0 0 0 -4.03542 100 28 0 0 0 0 0 0 0 0 0 0 0
2000 -276.326 0 0 0 1.39398 100 24 3.91182 100 21 0 0 0 -2.92463 100 19 0 0 0 0 0 0 0 0 0 0 0
2100 -276.144 0 0 0 1.77694 100 29 3.57224 100 17 0 0 0 -3.21069 100 20 0 0 0 0 0 0 0 0 0 0 0
2200 -277.804 0 0 0 1.22939 100 19 4.6595 100 33 0 0 0 -2.93062 100 21 0 0 0 0 0 0 0 0 0 0 0
2300 -276.744 0 0 0 2.12392 100 18 6.15294 100 23 0 0 0 -3.36991 100 20 0 0 0 0 0 0 0 0 0 0 0
2400 -275.931 0 0 0 1.76814 100 28 3.70999 100 27 0 0 0 -3.14283 100 16 0 0 0 0 0 0 0 0 0 0 0
2500 -277.115 0 0 0 2.15789 100 28 6.69503 100 23 0 0 0 -3.62653 100 18 0 0 0 0 0 0 0 0 0 0 0
2600 -276.755 0 0 0 2.27812 100 19 5.9763 100 23 0 0 0 -3.45082 100 15 0 0 0 0 0 0 0 0 0 0 0
2700 -276.544 0 0 0 1.49595 100 23 3.42522 100 35 0 0 0 -3.11471 100 21 0 0 0 0 0 0 0 0 0 0 0
2800 -278.156 0 0 0 1.10919 100 14 0.461986 100 21 0 0 0 -2.83482 100 18 0 0 0 0 0 0 0 0 0 0 0
2900 -277.604 0 0 0 1.13855 100 23 4.01339 100 28 0 0 0 -2.8868 100 19 0 0 0 0 0 0 0 0 0 0 0
3000 -276.518 0 0 0 1.36756 100 27 1.66847 100 30 0 0 0 -2.90768 100 21 0 0 0 0 0 0 0 0 0 0 0
3100 -275.908 0 0 0 1.7546 100 23 4.23585 100 29 0 0 0 -3.14578 100 17 0 0 0 0 0 0 0 0 0 0 0
3200 -278.23 0 0 0 2.1865 100 28 6.04108 100 21 0 0 0 -3.74846 100 24 0 0 0 0 0 0 0 0 0 0 0
3300 -276.729 0 0 0 2.30672 100 18 5.42104 100 15 0 0 0 -3.604 100 17 0 0 0 0 0 0 0 0 0 0 0
3400 -276.289 0 0 0 2.00576 100 23 4.33983 100 18 0 0 0 -3.23716 100 8 0 0 0 0 0 0 0 0 0 0 0
3500 -276.659 0 0 0 2.34798 100 21 5.94794 100 27 0 0 0 -3.62745 100 24 0 0 0 0 0 0 0 0 0 0 0
3600 -277.168 0 0 0 0.960976 100 25 2.13086 100 36 0 0 0 -2.52805 100 18 0 0 0 0 0 0 0 0 0 0 0
3700 -278.603 0 0 0 0.721739 100 22 -0.706721 100 16 0 0 0 -2.20427 100 25 0 0 0 0 0 0 0 0 0 0 0
3800 -277.433 0 0 0 1.45468 100 25 5.2997 100 22 0 0 0 -3.05264 100 25 0 0 0 0 0 0 0 0 0 0 0
3900 -276.279 0 0 0 1.49658 100 22 4.08554 100 21 0 0 0 -2.94398 100 15 0 0 0 0 0 0 0 0 0 0 0
4000 -277.689 0 0 0 0.712368 100 23 1.0662 100 29 0 0 0 -2.38369 100 20 0 0 0 0 0 0 0 0 0 0 0
4100 -278.844 0 0 0 0.596171 100 19 -1.73744 100 26 0 0 0 -2.31969 100 19 0 0 0 0 0 0 0 0 0 0 0
4200 -277.939 0 0 0 1.62571 100 14 5.70738 100 28 0 0 0 -3.02515 100 15 0 0 0 0 0 0 0 0 0 0 0
4300 -276.138 0 0 0 1.93087 100 22 4.16946 100 30 0 0 0 -3.30528 100 19 0 0 0 0 0 0 0 0 0 0 0
4400 -276.806 0 0 0 1.96876 100 28 5.22484 100 20 0 0 0 -3.18063 100 19 0 0 0 0 0 0 0 0 0 0 0
4500 -276.837 0 0 0 1.73452 100 19 5.02928 100 22 0 0 0 -3.05037 100 17 0 0 0 0 0 0 0 0 0 0 0
4600 -276.11 0 0 0 1.52018 100 29 2.31736 100 25 0 0 0 -2.94862 100 18 0 0 0 0 0 0 0 0 0 0 0
4700 -276.411 0 0 0 2.15858 100 34 5.98725 100 23 0 0 0 -3.51216 100 20 0 0 0 0 0 0 0 0 0 0 0
4800 -276.457 0 0 0 1.30435 100 21 3.17739 100 26 0 0 0 -2.94929 100 12 0 0 0 0 0 0 0 0 0 0 0
4900 -276.397 0 0 0 1.47341 100 25 2.69665 100 27 0 0 0 -3.04311 100 17 0 0 0 0 0 0 0 0 0 0 0
5000 -278.381 0 0 0 2.38757 100 24 4.32349 100 32 0 0 0 -3.70813 100 15 0 0 0 0 0 0 0 0 0 0 0
5100 -276.731 0 0 0 1.87509 100 30 3.06482 100 20 0 0 0 -3.2733 100 22 0 0 0 0 0 0 0 0 0 0 0
5200 -277.837 0 0 0 1.56378 100 18 3.82318 100 23 0 0 0 -3.28702 100 22 0 0 0 0 0 0 0 0 0 0 0
5300 -276.39 0 0 0 1.25658 100 21 3.29548 100 17 0 0 0 -2.85772 100 19 0 0 0 0 0 0 0 0 0 0 0
5400 -278.684 0 0 0 0.992828 100 24 2.99867 100 26 0 0 0 -2.91261 100 27 0 0 0 0 0 0 0 0 0 0 0
5500 -283.347 0 0 0 0.824257 100 21 5.42495 100 18 0 0 0 -2.72079 100 24 0 0 0 0 0 0 0 0 0 0 0
5600 -278.679 0 0 0 1.3756 100 24 1.08363 100 20 0 0 0 -3.06433 100 17 0 0 0 0 0 0 0 0 0 0 0
5700 -276.733 0 0 0 2.27478 100 25 5.21786 100 20 0 0 0 -3.42763 100 25 0 0 0 0 0 0 0 0 0 0 0
5800 -276.93 0 0 0 1.15644 100 23 2.99422 100 19 0 0 0 -2.88255 100 22 0 0 0 0 0 0 0 0 0 0 0
5900 -277.27 0 0 0 1.65867 100 18 3.02795 100 23 0 0 0 -3.25249 100 19 0 0 0 0 0 0 0 0 0 0 0
6000 -277.255 0 0 0 2.57243 100 22 7.35516 100 27 0 0 0 -3.74493 100 21 0 0 0 0 0 0 0 0 0 0 0
6100 -276.938 0 0 0 1.48512 100 19 3.61531 100 19 0 0 0 -2.80498 100 21 0 0 0 0 0 0 0 0 0 0 0
6200 -276.684 0 0 0 1.22561 100 26 3.22828 100 30 0 0 0 -2.90859 100 16 0 0 0 0 0 0 0 0 0 0 0
6300 -278.092 0 0 0 2.38654 100 34 8.16106 100 25 0 0 0 -3.663 100 18 0 0 0 0 0 0 0 0 0 0 0
6400 -276.005 0 0 0 1.42607 100 20 2.58136 100 29 0 0 0 -2.86107 100 18 0 0 0 0 0 0 0 0 0 0 0
6500 -277.402 0 0 0 1.89656 100 21 4.27082 100 23 0 0 0 -3.03092 100 15 0 0 0 0 0 0 0 0 0 0 0
6600 -276.162 0 0 0 1.29225 100 25 2.30991 100 19 0 0 0 -2.85148 100 22 0 0 0 0 0 0 0 0 0 0 0
6700 -276.791 0 0 0 1.56846 100 30 1.41823 100 24 0 0 0 -2.91342 100 21 0 0 0 0 0 0 0 0 0 0 0
6800 -277.016 0 0 0 1.34257 100 20 1.04129 100 28 0 0 0 -2.89157 100 22 0 0 0 0 0 0 0 0 0 0 0
6900 -278.279 0 0 0 0.590991 100 32 0.861212 100 28 0 0 0 -2.30593 100 18 0 0 0 0 0 0 0 0 0 0 0
7000 -276.997 0 0 0 1.22904 100 18 0.643156 100 25 0 0 0 -2.78323 100 22 0 0 0 0 0 0 0 0 0 0 0
7100 -276.111 0 0 0 1.52422 100 21 3.68646 100 25 0 0 0 -3.07287 100 20 0 0 0 0 0 0 0 0 0 0 0
7200 -276.651 0 0 0 1.47655 100 20 1.41284 100 13 0 0 0 -2.81657 100 19 0 0 0 0 0 0 0 0 0 0 0
7300 -276.168 0 0 0 1.44579 100 24 2.16298 100 28 0 0 0 -2.83422 100 20 0 0 0 0 0 0 0 0 0 0 0
7400 -278.011 0 0 0 2.12942 100 23 4.11183 100 20 0 0 0 -3.59076 100 20 0 0 0 0 0 0 0 0 0 0 0
7500 -277.966 0 0 0 1.17815 100 24 -0.741965 100 30 0 0 0 -2.60192 100 16 0 0 0 0 0 0 0 0 0 0 0
7600 -276.477 0 0 0 1.76124 100 29 5.4295 100 29 0 0 0 -3.1916 100 20 0 0 0 0 0 0 0 0 0 0 0
7700 -278.699 0 0 0 0.871041 100 18 0.883704 100 24 0 0 0 -2.28388 100 21 0 0 0 0 0 0 0 0 0 0 0
7800 -276.847 0 0 0 2.02098 100 26 6.42682 100 19 0 0 0 -3.37186 100 19 0 0 0 0 0 0 0 0 0 0 0
7900 -275.895 0 0 0 1.63661 100 24 3.80694 100 26 0 0 0 -3.08688 100 22 0 0 0 0 0 0 0 0 0 0 0
8000 -278.963 0 0 0 1.35874 100 19 3.92712 100 32 0 0 0 -3.22835 100 32 0 0 0 0 0 0 0 0 0 0 0
8100 -276.668 0 0 0 1.33383 100 25 1.24229 100 19 0 0 0 -2.69817 100 20 0 0 0 0 0 0 0 0 0 0 0
8200 -275.94 0 0 0 1.74129 100 24 3.9783 100 27 0 0 0 -3.17568 100 17 0 0 0 0 0 0 0 0 0 0 0
8300 -276.074 0 0 0 1.76149 100 29 4.75022 100 23 0 0 0 -3.15066 100 16 0 0 0 0 0 0 0 0 0 0 0
8400 -277.851 0 0 0 2.05222 100 20 3.3731 100 21 0 0 0 -3.48055 100 15 0 0 0 0 0 0 0 0 0 0 0
8500 -278.763 0 0 0 0.74492 100 25 1.81354 100 26 0 0 0 -2.68734 100 18 0 0 0 0 0 0 0 0 0 0 0
8600 -276.319 0 0 0 2.08191 100 21 4.69642 100 21 0 0 0 -3.30763 100 19 0 0 0 0 0 0 0 0 0 0 0
8700 -277.327 0 0 0 1.07307 100 23 3.48387 100 23 0 0 0 -2.72656 100 20 0 0 0 0 0 0 0 0 0 0 0
8800 -278.067 0 0 0 1.21715 100 24 3.36677 100 30 0 0 0 -3.05258 100 23 0 0 0 0 0 0 0 0 0 0 0
8900 -277.183 0 0 0 2.58568 100 20 6.79109 100 19 0 0 0 -3.80914 100 16 0 0 0 0 0 0 0 0 0 0 0
9000 -277.07 0 0 0 2.07328 100 20 4.35453 100 29 0 0 0 -3.50688 100 14 0 0 0 0 0 0 0 0 0 0 0
9100 -276.282 0 0 0 2.0731 100 26 5.7755 100 20 0 0 0 -3.41326 100 14 0 0 0 0 0 0 0 0 0 0 0
9200 -279.45 0 0 0 2.70565 100 21 8.69473 100 25 0 0 0 -4.1621 100 16 0 0 0 0 0 0 0 0 0 0 0
9300 -281.157 0 0 0 3.34224 100 25 7.03441 100 23 0 0 0 -4.1789 100 25 0 0 0 0 0 0 0 0 0 0 0
9400 -281.942 0 0 0 2.96146 100 25 4.16379 100 23 0 0 0 -3.98145 100 15 0 0 0 0 0 0 0 0 0 0 0
9500 -276.484 0 0 0 1.43563 100 21 3.24618 100 21 0 0 0 -3.06005 100 17 0 0 0 0 0 0 0 0 0 0 0
9600 -276.852 0 0 0 1.06187 100 24 1.54504 100 19 0 0 0 -2.75398 100 20 0 0 0 0 0 0 0 0 0 0 0
9700 -276.065 0 0 0 1.6277 100 25 3.22345 100 21 0 0 0 -2.96269 100 22 0 0 0 0 0 0 0 0 0 0 0
9800 -276.527 0 0 0 1.04667 100 19 1.53486 100 20 0 0 0 -2.61262 100 23 0 0 0 0 0 0 0 0 0 0 0
9900 -277.592 0 0 0 0.999495 100 32 -0.411701 100 24 0 0 0 -2.4451 100 19 0 0 0 0 0 0 0 0 0 0 0
10000 -277.979 0 0 0 1.24927 100 20 2.11105 100 22 0 0 0 -2.53701 100 27 0 0 0 0 0 0 0 0 0 0 0
10100 -276.612 0 0 0 1.03094 100 25 1.51718 100 17 0 0 0 -2.57978 100 20 0 0 0 0 0 0 0 0 0 0 0
10200 -276.515 0 0 0 1.08707 100 19 2.33993 100 19 0 0 0 -2.70792 100 15 0 0 0 0 0 0 0 0 0 0 0
10300 -277.293 0 0 0 0.953338 100 22 -0.0517258 100 26 0 0 0 -2.57929 100 14 0 0 0 0 0 0 0 0 0 0 0
10400 -277.683 0 0 0 0.754061 100 26 -0.470207 100 24 0 0 0 -2.34497 100 14 0 0 0 0 0 0 0 0 0 0 0
10500 -276.408 0 0 0 1.34324 100 22 3.6303 100 21 0 0 0 -2.96285 100 15 0 0 0 0 0 0 0 0 0 0 0
10600 -277.58 0 0 0 0.936537 100 24 0.290732 100 33 0 0 0 -2.65813 100 22 0 0 0 0 0 0 0 0 0 0 0
10700 -276.458 0 0 0 1.88243 100 31 5.61814 100 20 0 0 0 -3.24362 100 19 0 0 0 0 0 0 0 0 0 0 0
10800 -276.668 0 0 0 1.89088 100 22 4.85322 100 20 0 0 0 -3.12146 100 17 0 0 0 0 0 0 0 0 0 0 0
10900 -276.468 0 0 0 1.98876 100 24 5.8878 100 20 0 0 0 -3.32532 100 17 0 0 0 0 0 0 0 0 0 0 0
11000 -276.152 0 0 0 2.06047 100 15 5.03862 100 22 0 0 0 -3.39156 100 24 0 0 0 0 0 0 0 0 0 0 0
11100 -277.677 0 0 0 1.6116 100 30 5.84901 100 22 0 0 0 -3.0922 100 16 0 0 0 0 0 0 0 0 0 0 0
11200 -276.505 0 0 0 2.01338 100 14 3.91698 100 28 0 0 0 -3.21458 100 15 0 0 0 0 0 0 0 0 0 0 0
11300 -278.836 0 0 0 1.51819 100 24 4.95328 100 25 0 0 0 -2.82479 100 14 0 0 0 0 0 0 0 0 0 0 0
11400 -278.795 0 0 0 0.551709 100 21 1.17254 100 27 0 0 0 -2.46816 100 23 0 0 0 0 0 0 0 0 0 0 0
11500 -276.24 0 0 0 1.57199 100 26 4.02014 100 18 0 0 0 -2.95487 100 19 0 0 0 0 0 0 0 0 0 0 0
11600 -276.343 0 0 0 2.13706 100 25 5.36731 100 34 0 0 0 -3.48912 100 22 0 0 0 0 0 0 0 0 0 0 0
11700 -278.542 0 0 0 1.81898 100 18 6.20356 100 27 0 0 0 -3.53858 100 23 0 0 0 0 0 0 0 0 0 0 0
11800 -276.764 0 0 0 2.1348 100 27 6.64695 100 28 0 0 0 -3.48773 100 17 0 0 0 0 0 0 0 0 0 0 0
11900 -276.851 0 0 0 1.59224 100 24 4.20158 100 26 0 0 0 -2.90618 100 23 0 0 0 0 0 0 0 0 0 0 0
12000 -279.537 0 0 0 2.93788 100 28 9.85926 100 29 0 0 0 -4.05877 100 23 0 0 0 0 0 0 0 0 0 0 0
12100 -277.89 0 0 0 2.11949 100 22 4.02909 100 17 0 0 0 -3.57001 100 15 0 0 0 0 0 0 0 0 0 0 0
12200 -277.007 0 0 0 1.74479 100 22 2.17959 100 26 0 0 0 -3.16337 100 19 0 0 0 0 0 0 0 0 0 0 0
12300 -277.543 0 0 0 0.988502 100 21 1.29685 100 28 0 0 0 -2.42704 100 25 0 0 0 0 0 0 0 0 0 0 0
12400 -276.471 0 0 0 1.40782 100 29 2.95986 100 21 0 0 0 -3.02834 100 15 0 0 0 0 0 0 0 0 0 0 0
12500 -277.135 0 0 0 2.5105 100 23 5.83949 100 18 0 0 0 -3.7139 100 24 0 0 0 0 0 0 0 0 0 0 0
12600 -276.43 0 0 0 1.87463 100 17 4.23847 100 21 0 0 0 -3.34802 100 17 0 0 0 0 0 0 0 0 0 0 0
12700 -276.142 0 0 0 1.73543 100 27 3.81648 100 27 0 0 0 -3.03457 100 20 0 0 0 0 0 0 0 0 0 0 0
12800 -277.867 0 0 0 0.83086 100 23 -0.980891 100 25 0 0 0 -2.39539 100 17 0 0 0 0 0 0 0 0 0 0 0
12900 -276.507 0 0 0 1.10209 100 18 1.57848 100 20 0 0 0 -2.60902 100 21 0 0 0 0 0 0 0 0 0 0 0
13000 -277.281 0 0 0 1.12327 100 17 2.51284 100 24 0 0 0 -2.56689 100 24 0 0 0 0 0 0 0 0 0 0 0
13100 -278.056 0 0 0 1.55255 100 22 6.06194 100 26 0 0 0 -3.18476 100 16 0 0 0 0 0 0 0 0 0 0 0
13200 -278.768 0 0 0 2.63428 100 31 5.88703 100 24 0 0 0 -3.95796 100 18 0 0 0 0 0 0 0 0 0 0 0
13300 -276.002 0 0 0 1.80802 100 23 4.28569 100 19 0 0 0 -3.24027 100 14 0 0 0 0 0 0 0 0 0 0 0
13400 -279.163 0 0 0 1.84525 100 29 3.80271 100 23 0 0 0 -3.52222 100 18 0 0 0 0 0 0 0 0 0 0 0
13500 -277.279 0 0 0 2.42722 100 23 7.26989 100 25 0 0 0 -3.791 100 16 0 0 0 0 0 0 0 0 0 0 0
13600 -277.536 0 0 0 1.98197 100 19 4.28683 100 23 0 0 0 -3.50967 100 17 0 0 0 0 0 0 0 0 0 0 0
13700 -278.257 0 0 0 1.72287 100 24 4.63769 100 23 0 0 0 -3.44103 100 26 0 0 0 0 0 0 0 0 0 0 0
13800 -277.115 0 0 0 1.60622 100 12 2.85661 100 24 0 0 0 -3.20116 100 29 0 0 0 0 0 0 0 0 0 0 0
13900 -276.464 0 0 0 1.53973 100 23 4.73044 100 21 0 0 0 -3.0795 100 21 0 0 0 0 0 0 0 0 0 0 0
14000 -276.792 0 0 0 1.90333 100 26 2.8174 100 21 0 0 0 -3.23689 100 21 0 0 0 0 0 0 0 0 0 0 0
14100 -276.922 0 0 0 2.33001 100 12 4.81637 100 22 0 0 0 -3.5433 100 19 0 0 0 0 0 0 0 0 0 0 0
14200 -276.401 0 0 0 2.00587 100 20 3.7334 100 23 0 0 0 -3.27458 100 15 0 0 0 0 0 0 0 0 0 0 0
14300 -276.804 0 0 0 2.37265 100 23 6.77941 100 22 0 0 0 -3.67216 100 16 0 0 0 0 0 0 0 0 0 0 0
14400 -276.324 0 0 0 2.01962 100 24 4.00169 100 25 0 0 0 -3.32302 100 18 0 0 0 0 0 0 0 0 0 0 0
14500 -276.167 0 0 0 1.9486 100 25 4.17291 100 28 0 0 0 -3.21077 100 22 0 0 0 0 0 0 0 0 0 0 0
14600 -276.738 0 0 0 2.16144 100 27 4.85587 100 23 0 0 0 -3.53384 100 18 0 0 0 0 0 0 0 0 0 0 0
14700 -277.1 0 0 0 0.842131 100 19 1.18923 100 25 0 0 0 -2.48318 100 27 0 0 0 0 0 0 0 0 0 0 0
14800 -276.567 0 0 0 1.60571 100 23 2.74934 100 29 0 0 0 -2.86871 100 15 0 0 0 0 0 0 0 0 0 0 0
14900 -278.101 0 0 0 2.72842 100 25 5.92352 100 21 0 0 0 -3.87182 100 15 0 0 0 0 0 0 0 0 0 0 0
15000 -276.111 0 0 0 2.02586 100 22 4.79347 100 23 0 0 0 -3.35465 100 16 0 0 0 0 0 0 0 0 0 0 0
15100 -276.324 0 0 0 1.45785 100 25 2.64852 100 19 0 0 0 -2.80478 100 22 0 0 0 0 0 0 0 0 0 0 0
15200 -277.027 0 0 0 0.882812 100 21 0.485775 100 21 0 0 0 -2.476 100 19 0 0 0 0 0 0 0 0 0 0 0
15300 -276.385 0 0 0 1.11207 100 30 1.66977 100 25 0 0 0 -2.68662 100 19 0 0 0 0 0 0 0 0 0 0 0
15400 -277.546 0 0 0 0.929005 100 17 1.53954 100 23 0 0 0 -2.73028 100 14 0 0 0 0 0 0 0 0 0 0 0
15500 -277.907 0 0 0 1.94635 100 25 7.04029 100 27 0 0 0 -3.51874 100 22 0 0 0 0 0 0 0 0 0 0 0
15600 -276.065 0 0 0 1.96846 100 16 4.76565 100 28 0 0 0 -3.3339 100 19 0 0 0 0 0 0 0 0 0 0 0
15700 -276.217 0 0 0 1.40265 100 22 2.1778 100 20 0 0 0 -2.9263 100 16 0 0 0 0 0 0 0 0 0 0 0
15800 -278.73 0 0 0 1.16296 100 27 -1.39226 100 26 0 0 0 -2.57134 100 18 0 0 0 0 0 0 0 0 0 0 0
15900 -277.482 0 0 0 1.51471 100 29 5.10323 100 22 0 0 0 -2.94967 100 18 0 0 0 0 0 0 0 0 0 0 0
16000 -276.512 0 0 0 2.23168 100 19 5.87872 100 24 0 0 0 -3.45355 100 20 0 0 0 0 0 0 0 0 0 0 0
16100 -277.745 0 0 0 1.29105 100 24 4.80763 100 25 0 0 0 -3.01406 100 25 0 0 0 0 0 0 0 0 0 0 0
16200 -277.524 0 0 0 0.953369 100 27 2.80246 100 26 0 0 0 -2.57974 100 15 0 0 0 0 0 0 0 0 0 0 0
16300 -276.221 0 0 0 1.99918 100 25 4.15402 100 27 0 0 0 -3.26046 100 20 0 0 0 0 0 0 0 0 0 0 0
16400 -277.018 0 0 0 2.37832 100 26 6.6741 100 21 0 0 0 -3.73523 100 24 0 0 0 0 0 0 0 0 0 0 0
16500 -276.848 0 0 0 1.49128 100 30 4.69677 100 27 0 0 0 -2.95415 100 19 0 0 0 0 0 0 0 0 0 0 0
16600 -277.023 0 0 0 1.20937 100 22 0.38502 100 27 0 0 0 -2.61748 100 20 0 0 0 0 0 0 0 0 0 0 0
16700 -278.706 0 0 0 0.627557 100 34 -0.593461 100 29 0 0 0 -2.16792 100 15 0 0 0 0 0 0 0 0 0 0 0
16800 -277.914 0 0 0 0.805591 100 22 -0.770594 100 26 0 0 0 -2.48082 100 20 0 0 0 0 0 0 0 0 0 0 0
16900 -276.513 0 0 0 1.85334 100 31 3.06485 100 25 0 0 0 -3.2304 100 20 0 0 0 0 0 0 0 0 0 0 0
17000 -276.867 0 0 0 2.157 100 25 5.93401 100 22 0 0 0 -3.3468 100 23 0 0 0 0 0 0 0 0 0 0 0
17100 -278.58 0 0 0 2.13098 100 22 7.78292 100 21 0 0 0 -3.70525 100 15 0 0 0 0 0 0 0 0 0 0 0
17200 -276.268 0 0 0 2.0869 100 20 5.69181 100 22 0 0 0 -3.44116 100 23 0 0 0 0 0 0 0 0 0 0 0
17300 -276.222 0 0 0 1.4591 100 19 3.08639 100 32 0 0 0 -2.83794 100 22 0 0 0 0 0 0 0 0 0 0 0
17400 -277.069 0 0 0 1.0673 100 20 0.592909 100 22 0 0 0 -2.50051 100 23 0 0 0 0 0 0 0 0 0 0 0
17500 -277.764 0 0 0 0.738984 100 24 -0.329872 100 27 0 0 0 -2.46035 100 16 0 0 0 0 0 0 0 0 0 0 0
17600 -277.619 0 0 0 1.68781 100 18 2.13225 100 31 0 0 0 -2.83979 100 22 0 0 0 0 0 0 0 0 0 0 0
17700 -277.981 0 0 0 1.26822 100 27 0.39803 100 25 0 0 0 -2.5341 100 23 0 0 0 0 0 0 0 0 0 0 0
17800 -279.038 0 0 0 1.7391 100 26 3.04333 100 28 0 0 0 -3.41349 100 20 0 0 0 0 0 0 0 0 0 0 0
17900 -276.194 0 0 0 2.09829 100 31 5.10825 100 21 0 0 0 -3.41047 100 16 0 0 0 0 0 0 0 0 0 0 0
18000 -278.077 0 0 0 1.12777 100 25 -0.608572 100 27 0 0 0 -2.69928 100 23 0 0 0 0 0 0 0 0 0 0 0
18100 -276.29 0 0 0 2.01588 100 19 4.48232 100 30 0 0 0 -3.24607 100 22 0 0 0 0 0 0 0 0 0 0 0
18200 -276.06 0 0 0 1.51322 100 26 3.26287 100 25 0 0 0 -2.90137 100 16 0 0 0 0 0 0 0 0 0 0 0
18300 -277.167 0 0 0 2.33465 100 30 4.74156 100 26 0 0 0 -3.44164 100 18 0 0 0 0 0 0 0 0 0 0 0
18400 -276.734 0 0 0 1.36137 100 32 0.931221 100 17 0 0 0 -2.80257 100 25 0 0 0 0 0 0 0 0 0 0 0
18500 -275.975 0 0 0 1.40179 100 21 2.86536 100 25 0 0 0 -2.89756 100 23 0 0 0 0 0 0 0 0 0 0 0
18600 -277.5 0 0 0 1.52842 100 36 2.13181 100 32 0 0 0 -3.13916 100 21 0 0 0 0 0 0 0 0 0 0 0
18700 -276.511 0 0 0 1.28313 100 24 3.02383 100 17 0 0 0 -2.73684 100 22 0 0 0 0 0 0 0 0 0 0 0
18800 -276.577 0 0 0 1.65846 100 19 2.06361 100 21 0 0 0 -2.95407 100 21 0 0 0 0 0 0 0 0 0 0 0
18900 -276.395 0 0 0 1.67806 100 21 2.76696 100 21 0 0 0 -3.13736 100 17 0 0 0 0 0 0 0 0 0 0 0
19000 -277.025 0 0 0 1.11596 100 20 1.64884 100 24 0 0 0 -2.82447 100 23 0 0 0 0 0 0 0 0 0 0 0
19100 -278.299 0 0 0 2.2144 100 20 3.24276 100 25 0 0 0 -3.53334 100 19 0 0 0 0 0 0 0 0 0 0 0
19200 -276.277 0 0 0 2.13078 100 27 5.32895 100 22 0 0 0 -3.38692 100 19 0 0 0 0 0 0 0 0 0 0 0
19300 -277.088 0 0 0 1.65306 100 26 2.96343 100 18 0 0 0 -2.85382 100 27 0 0 0 0 0 0 0 0 0 0 0
19400 -276.229 0 0 0 2.02725 100 34 4.74314 100 22 0 0 0 -3.39907 100 19 0 0 0 0 0 0 0 0 0 0 0
19500 -278.012 0 0 0 0.980779 100 25 0.998522 100 26 0 0 0 -2.37469 100 25 0 0 0 0 0 0 0 0 0 0 0
19600 -276.346 0 0 0 1.27346 100 29 1.41666 100 25 0 0 0 -2.73166 100 17 0 0 0 0 0 0 0 0 0 0 0
19700 -277.332 0 0 0 1.66688 100 21 5.96876 100 35 0 0 0 -3.22771 100 19 0 0 0 0 0 0 0 0 0 0 0
19800 -277.636 0 0 0 2.55473 100 26 5.23374 100 27 0 0 0 -3.66088 100 25 0 0 0 0 0 0 0 0 0 0 0
19900 -277.764 0 0 0 2.51296 100 26 7.89428 100 34 0 0 0 -3.69298 100 21 0 0 0 0 0 0 0 0 0 0 0
20000 -276.531 0 0 0 1.39151 100 20 4.04841 100 23 0 0 0 -3.01554 100 21 0 0 0 0 0 0 0 0 0 0 0
20100 -276.18 0 0 0 1.321 100 19 1.86957 100 33 0 0 0 -2.77508 100 15 0 0 0 0 0 0 0 0 0 0 0
20200 -277.324 0 0 0 1.09658 100 25 3.50487 100 24 0 0 0 -2.84064 100 17 0 0 0 0 0 0 0 0 0 0 0
20300 -277.485 0 0 0 1.23794 100 23 3.3538 100 33 0 0 0 -2.65699 100 13 0 0 0 0 0 0 0 0 0 0 0
20400 -277.722 0 0 0 1.30653 100 19 4.46593 100 30 0 0 0 -3.07959 100 17 0 0 0 0 0 0 0 0 0 0 0
20500 -276.629 0 0 0 1.49799 100 20 3.7755 100 32 0 0 0 -3.13544 100 22 0 0 0 0 0 0 0 0 0 0 0
20600 -278.245 0 0 0 1.94525 100 33 6.68845 100 18 0 0 0 -3.23061 100 14 0 0 0 0 0 0 0 0 0 0 0
20700 -277.606 0 0 0 0.871305 100 27 0.371836 100 28 0 0 0 -2.62104 100 18 0 0 0 0 0 0 0 0 0 0 0
20800 -277.581 0 0 0 0.754736 100 17 0.141905 100 26 0 0 0 -2.49158 100 22 0 0 0 0 0 0 0 0 0 0 0
20900 -277.151 0 0 0 1.98849 100 25 3.12339 100 30 0 0 0 -3.3571 100 25 0 0 0 0 0 0 0 0 0 0 0
21000 -277.051 0 0 0 1.13207 100 32 0.152235 100 25 0 0 0 -2.59558 100 17 0 0 0 0 0 0 0 0 0 0 0
21100 -277.276 0 0 0 2.4835 100 30 7.0915 100 30 0 0 0 -3.82054 100 19 0 0 0 0 0 0 0 0 0 0 0
21200 -276.314 0 0 0 1.98501 100 24 5.63316 100 23 0 0 0 -3.31349 100 28 0 0 0 0 0 0 0 0 0 0 0
21300 -277.148 0 0 0 1.94655 100 24 2.86547 100 22 0 0 0 -3.10346 100 17 0 0 0 0 0 0 0 0 0 0 0
21400 -276.584 0 0 0 2.24913 100 28 6.39749 100 25 0 0 0 -3.58017 100 23 0 0 0 0 0 0 0 0 0 0 0
21500 -276.407 0 0 0 1.23566 100 13 2.37628 100 28 0 0 0 -2.86584 100 19 0 0 0 0 0 0 0 0 0 0 0
21600 -279.734 0 0 0 2.53734 100 27 9.51151 100 19 0 0 0 -3.97546 100 14 0 0 0 0 0 0 0 0 0 0 0
21700 -279.629 0 0 0 2.77314 100 32 9.41031 100 25 0 0 0 -3.87882 100 12 0 0 0 0 0 0 0 0 0 0 0
21800 -276.738 0 0 0 0.981533 100 28 0.848765 100 27 0 0 0 -2.55768 100 21 0 0 0 0 0 0 0 0 0 0 0
21900 -276.444 0 0 0 1.30354 100 29 1.72249 100 29 0 0 0 -2.86904 100 20 0 0 0 0 0 0 0 0 0 0 0
22000 -276.725 0 0 0 1.75189 100 22 3.1146 100 25 0 0 0 -3.24604 100 17 0 0 0 0 0 0 0 0 0 0 0
22100 -276.056 0 0 0 1.69836 100 17 2.9888 100 29 0 0 0 -3.07214 100 19 0 0 0 0 0 0 0 0 0 0 0
22200 -277.258 0 0 0 1.70345 100 21 5.1524 100 21 0 0 0 -3.01485 100 20 0 0 0 0 0 0 0 0 0 0 0
22300 -276.734 0 0 0 1.30253 100 27 2.74116 100 22 0 0 0 -2.69045 100 15 0 0 0 0 0 0 0 0 0 0 0
22400 -277.739 0 0 0 0.956961 100 21 3.20029 100 25 0 0 0 -2.73874 100 25 0 0 0 0 0 0 0 0 0 0 0
22500 -276.663 0 0 0 1.51723 100 21 4.06336 100 30 0 0 0 -3.15641 100 16 0 0 0 0 0 0 0 0 0 0 0
22600 -276.801 0 0 0 1.6819 100 20 1.98825 100 27 0 0 0 -3.08653 100 17 0 0 0 0 0 0 0 0 0 0 0
22700 -276.472 0 0 0 1.64934 100 18 4.97342 100 22 0 0 0 -3.20547 100 19 0 0 0 0 0 0 0 0 0 0 0
22800 -277.314 0 0 0 0.907584 100 19 0.398166 100 20 0 0 0 -2.40662 100 13 0 0 0 0 0 0 0 0 0 0 0
22900 -279.393 0 0 0 1.39949 100 17 5.02683 100 19 0 0 0 -3.29039 100 18 0 0 0 0 0 0 0 0 0 0 0
23000 -277.469 0 0 0 1.06004 100 20 -0.388695 100 24 0 0 0 -2.51704 100 25 0 0 0 0 0 0 0 0 0 0 0
23100 -279.588 0 0 0 1.72239 100 26 3.2396 100 32 0 0 0 -2.76587 100 23 0 0 0 0 0 0 0 0 0 0 0
23200 -276.823 0 0 0 1.77007 100 21 3.86279 100 25 0 0 0 -2.97804 100 20 0 0 0 0 0 0 0 0 0 0 0
23300 -276.679 0 0 0 1.15154 100 33 0.813302 100 22 0 0 0 -2.70381 100 20 0 0 0 0 0 0 0 0 0 0 0
23400 -279.055 0 0 0 0.987166 100 21 0.926155 100 27 0 0 0 -2.31005 100 22 0 0 0 0 0 0 0 0 0 0 0
23500 -278.485 0 0 0 0.698312 100 30 -1.16753 100 25 0 0 0 -2.43781 100 18 0 0 0 0 0 0 0 0 0 0 0
23600 -276.622 0 0 0 2.11293 100 19 6.42635 100 25 0 0 0 -3.49297 100 23 0 0 0 0 0 0 0 0 0 0 0
23700 -276.283 0 0 0 1.31891 100 24 3.29915 100 21 0 0 0 -2.82115 100 23 0 0 0 0 0 0 0 0 0 0 0
23800 -276.921 0 0 0 1.67027 100 30 1.62823 100 24 0 0 0 -2.97436 100 19 0 0 0 0 0 0 0 0 0 0 0
23900 -279.41 0 0 0 2.69771 100 23 5.14839 100 16 0 0 0 -3.94441 100 21 0 0 0 0 0 0 0 0 0 0 0
24000 -276.927 0 0 0 2.0759 100 22 6.31753 100 25 0 0 0 -3.55924 100 18 0 0 0 0 0 0 0 0 0 0 0
24100 -277.562 0 0 0 2.54346 100 16 5.25791 100 24 0 0 0 -3.65556 100 23 0 0 0 0 0 0 0 0 0 0 0
24200 -276.645 0 0 0 2.13273 100 27 4.05093 100 23 0 0 0 -3.34578 100 24 0 0 0 0 0 0 0 0 0 0 0
24300 -279.065 0 0 0 0.548626 100 17 1.22124 100 29 0 0 0 -2.2519 100 21 0 0 0 0 0 0 0 0 0 0 0
24400 -276.753 0 0 0 1.7317 100 21 5.24863 100 26 0 0 0 -3.09141 100 23 0 0 0 0 0 0 0 0 0 0 0
24500 -277.537 0 0 0 0.975936 100 20 -0.186473 100 27 0 0 0 -2.61957 100 18 0 0 0 0 0 0 0 0 0 0 0
24600 -276.652 0 0 0 1.93406 100 18 3.20508 100 27 0 0 0 -3.28177 100 17 0 0 0 0 0 0 0 0 0 0 0
24700 -277.61 0 0 0 2.21881 100 25 5.7975 100 26 0 0 0 -3.70678 100 25 0 0 0 0 0 0 0 0 0 0 0
24800 -278.581 0 0 0 2.70862 100 20 9.12206 100 28 0 0 0 -3.96213 100 18 0 0 0 0 0 0 0 0 0 0 0
24900 -277.023 0 0 0 2.06907 100 21 5.75339 100 24 0 0 0 -3.26178 100 21 0 0 0 0 0 0 0 0 0 0 0
25000 -276.323 0 0 0 2.06208 100 28 4.26651 100 19 0 0 0 -3.30844 100 14 0 0 0 0 0 0 0 0 0 0 0
25100 -277.207 0 0 0 1.83688 100 24 5.67654 100 29 0 0 0 -3.13315 100 24 0 0 0 0 0 0 0 0 0 0 0
25200 -276.715 0 0 0 2.34238 100 23 6.14252 100 23 0 0 0 -3.52791 100 28 0 0 0 0 0 0 0 0 0 0 0
25300 -277.321 0 0 0 1.10479 100 27 2.57643 100 27 0 0 0 -2.88346 100 22 0 0 0 0 0 0 0 0 0 0 0
25400 -276.229 0 0 0 1.60329 100 27 2.34966 100 29 0 0 0 -2.9497 100 18 0 0 0 0 0 0 0 0 0 0 0
25500 -277.456 0 0 0 1.94302 100 24 4.20202 100 22 0 0 0 -3.05622 100 20 0 0 0 0 0 0 0 0 0 0 0
25600 -276.75 0 0 0 1.23251 100 25 2.27954 100 20 0 0 0 -2.91001 100 21 0 0 0 0 0 0 0 0 0 0 0
25700 -276.709 0 0 0 1.05416 100 14 1.88651 100 31 0 0 0 -2.73767 100 6 0 0 0 0 0 0 0 0 0 0 0
25800 -280.854 0 0 0 0.384524 100 19 1.62194 100 21 0 0 0 -2.19037 100 18 0 0 0 0 0 0 0 0 0 0 0
25900 -279.402 0 0 0 1.6895 100 21 0.232784 100 29 0 0 0 -3.11811 100 22 0 0 0 0 0 0 0 0 0 0 0
26000 -279.479 0 0 0 1.02801 100 30 1.2136 100 16 0 0 0 -2.31752 100 28 0 0 0 0 0 0 0 0 0 0 0
26100 -276.77 0 0 0 1.10958 100 28 0.641663 100 31 0 0 0 -2.58166 100 23 0 0 0 0 0 0 0 0 0 0 0
26200 -276.076 0 0 0 1.40866 100 22 3.41827 100 25 0 0 0 -2.89766 100 20 0 0 0 0 0 0 0 0 0 0 0
26300 -283.632 0 0 0 1.26286 100 20 -3.10848 100 30 0 0 0 -2.37665 100 16 0 0 0 0 0 0 0 0 0 0 0
26400 -276.035 0 0 0 1.70938 100 24 4.55182 100 20 0 0 0 -3.11834 100 19 0 0 0 0 0 0 0 0 0 0 0
26500 -277.045 0 0 0 1.44488 100 22 1.63646 100 28 0 0 0 -3.01022 100 17 0 0 0 0 0 0 0 0 0 0 0
26600 -277.224 0 0 0 1.22042 100 23 2.5434 100 28 0 0 0 -2.60221 100 10 0 0 0 0 0 0 0 0 0 0 0
26700 -277.164 0 0 0 2.28918 100 22 7.03934 100 23 0 0 0 -3.70234 100 18 0 0 0 0 0 0 0 0 0 0 0
26800 -277.394 0 0 0 1.20007 100 27 2.78736 100 21 0 0 0 -2.60032 100 13 0 0 0 0 0 0 0 0 0 0 0
26900 -276.288 0 0 0 1.40358 100 17 1.70544 100 26 0 0 0 -2.86005 100 23 0 0 0 0 0 0 0 0 0 0 0
27000 -279.204 0 0 0 0.394263 100 31 0.478378 100 21 0 0 0 -2.25421 100 21 0 0 0 0 0 0 0 0 0 0 0
27100 -278.248 0 0 0 0.762882 100 16 -0.842322 100 17 0 0 0 -2.49564 100 24 0 0 0 0 0 0 0 0 0 0 0
27200 -276.122 0 0 0 1.44594 100 23 2.10494 100 27 0 0 0 -2.87443 100 21 0 0 0 0 0 0 0 0 0 0 0
27300 -277.27 0 0 0 1.08526 100 33 0.613306 100 24 0 0 0 -2.74737 100 25 0 0 0 0 0 0 0 0 0 0 0
27400 -280.925 0 0 0 1.39291 100 15 1.99575 100 27 0 0 0 -3.26451 100 22 0 0 0 0 0 0 0 0 0 0 0
27500 -276.122 0 0 0 1.73284 100 19 4.41512 100 25 0 0 0 -3.07857 100 24 0 0 0 0 0 0 0 0 0 0 0
27600 -277.196 0 0 0 0.805797 100 20 1.02956 100 26 0 0 0 -2.46779 100 25 0 0 0 0 0 0 0 0 0 0 0
27700 -276.586 0 0 0 1.30438 100 19 1.8285 100 21 0 0 0 -2.67428 100 19 0 0 0 0 0 0 0 0 0 0 0
27800 -277.595 0 0 0 1.74782 100 22 2.62313 100 19 0 0 0 -3.28373 100 17 0 0 0 0 0 0 0 0 0 0 0
27900 -277.345 0 0 0 1.19761 100 28 4.16241 100 21 0 0 0 -2.8693 100 20 0 0 0 0 0 0 0 0 0 0 0
28000 -276.547 0 0 0 1.20507 100 21 1.08026 100 32 0 0 0 -2.74514 100 21 0 0 0 0 0 0 0 0 0 0 0
28100 -276.578 0 0 0 2.33038 100 24 5.97361 100 20 0 0 0 -3.55342 100 18 0 0 0 0 0 0 0 0 0 0 0
28200 -276.085 0 0 0 1.46831 100 23 3.74387 100 29 0 0 0 -2.94229 100 22 0 0 0 0 0 0 0 0 0 0 0
28300 -277.354 0 0 0 1.85853 100 23 6.51558 100 18 0 0 0 -3.3981 100 27 0 0 0 0 0 0 0 0 0 0 0
28400 -278.232 0 0 0 1.45572 100 22 0.263387 100 19 0 0 0 -2.67539 100 28 0 0 0 0 0 0 0 0 0 0 0
28500 -277.631 0 0 0 1.23857 100 25 0.158294 100 30 0 0 0 -2.56007 100 17 0 0 0 0 0 0 0 0 0 0 0
28600 -278.119 0 0 0 1.95625 100 22 2.36119 100 34 0 0 0 -3.3588 100 20 0 0 0 0 0 0 0 0 0 0 0
28700 -276.039 0 0 0 1.87117 100 27 4.2259 100 19 0 0 0 -3.2704 100 21 0 0 0 0 0 0 0 0 0 0 0
28800 -276.49 0 0 0 1.70079 100 18 3.36856 100 20 0 0 0 -2.95063 100 18 0 0 0 0 0 0 0 0 0 0 0
28900 -277.056 0 0 0 1.34725 100 34 0.887145 100 21 0 0 0 -2.67077 100 25 0 0 0 0 0 0 0 0 0 0 0
29000 -276.475 0 0 0 1.7776 100 29 2.94853 100 27 0 0 0 -3.1983 100 27 0 0 0 0 0 0 0 0 0 0 0
29100 -280.407 0 0 0 1.33734 100 23 1.04064 100 18 0 0 0 -3.1438 100 18 0 0 0 0 0 0 0 0 0 0 0
29200 -278.509 0 0 0 1.09556 100 21 2.24729 100 16 0 0 0 -2.45042 100 15 0 0 0 0 0 0 0 0 0 0 0
29300 -277.543 0 0 0 1.34377 100 30 0.281034 100 26 0 0 0 -2.65357 100 21 0 0 0 0 0 0 0 0 0 0 0
29400 -277.393 0 0 0 2.16759 100 26 3.30035 100 19 0 0 0 -3.33988 100 21 0 0 0 0 0 0 0 0 0 0 0
29500 -277.867 0 0 0 1.08965 100 31 -0.449759 100 25 0 0 0 -2.46603 100 12 0 0 0 0 0 0 0 0 0 0 0
29600 -277.018 0 0 0 1.17175 100 21 0.232619 100 27 0 0 0 -2.66421 100 22 0 0 0 0 0 0 0 0 0 0 0
29700 -277.759 0 0 0 1.57692 100 19 0.656312 100 20 0 0 0 -2.97449 100 23 0 0 0 0 0 0 0 0 0 0 0
29800 -277.888 0 0 0 2.44939 100 21 6.88399 100 23 0 0 0 -3.8775 100 28 0 0 0 0 0 0 0 0 0 0 0
29900 -279.419 0 0 0 1.1095 100 31 1.78353 100 22 0 0 0 -3.00997 100 25 0 0 0 0 0 0 0 0 0 0 0
30000 -282.411 0 0 0 3.30878 100 22 5.90204 100 28 0 0 0 -4.11673 100 19 0 0 0 0 0 0 0 0 0 0 0
30100 -277.536 0 0 0 2.48771 100 17 4.94194 100 19 0 0 0 -3.59898 100 21 0 0 0 0 0 0 0 0 0 0 0
30200 -277.444 0 0 0 1.38382 100 26 2.92481 100 21 0 0 0 -2.6754 100 21 0 0 0 0 0 0 0 0 0 0 0
30300 -276.818 0 0 0 2.17592 100 35 5.31216 100 20 0 0 0 -3.58253 100 18 0 0 0 0 0 0 0 0 0 0 0
30400 -276.446 0 0 0 1.23958 100 23 1.54694 100 18 0 0 0 -2.66654 100 25 0 0 0 0 0 0 0 0 0 0 0
30500 -276.126 0 0 0 1.83276 100 18 5.08594 100 20 0 0 0 -3.27082 100 20 0 0 0 0 0 0 0 0 0 0 0
30600 -277.734 0 0 0 0.788786 100 21 0.941212 100 23 0 0 0 -2.34879 100 19 0 0 0 0 0 0 0 0 0 0 0
30700 -280.117 0 0 0 0.732018 100 14 1.22539 100 26 0 0 0 -2.76321 100 23 0 0 0 0 0 0 0 0 0 0 0
30800 -277.81 0 0 0 1.6961 100 19 2.09385 100 23 0 0 0 -3.22972 100 20 0 0 0 0 0 0 0 0 0 0 0
30900 -278.521 0 0 0 2.98601 100 16 8.97083 100 28 0 0 0 -4.15276 100 16 0 0 0 0 0 0 0 0 0 0 0
31000 -276.351 0 0 0 2.17764 100 14 5.82561 100 16 0 0 0 -3.45902 100 19 0 0 0 0 0 0 0 0 0 0 0
31100 -276.61 0 0 0 2.07196 100 14 3.74534 100 19 0 0 0 -3.32 100 26 0 0 0 0 0 0 0 0 0 0 0
31200 -276.132 0 0 0 1.98229 100 25 4.46974 100 22 0 0 0 -3.25437 100 20 0 0 0 0 0 0 0 0 0 0 0
31300 -277.552 0 0 0 2.64024 100 22 6.99101 100 33 0 0 0 -3.71539 100 17 0 0 0 0 0 0 0 0 0 0 0
31400 -280.797 0 0 0 0.629104 100 29 -2.44597 100 32 0 0 0 -2.47133 100 16 0 0 0 0 0 0 0 0 0 0 0
31500 -279.312 0 0 0 1.24424 100 24 2.18502 100 26 0 0 0 -3.10843 100 14 0 0 0 0 0 0 0 0 0 0 0
31600 -276.386 0 0 0 1.14967 100 21 1.56753 100 24 0 0 0 -2.6528 100 17 0 0 0 0 0 0 0 0 0 0 0
31700 -276.488 0 0 0 1.24779 100 21 2.60414 100 32 0 0 0 -2.89794 100 20 0 0 0 0 0 0 0 0 0 0 0
31800 -278.067 0 0 0 0.880679 100 24 2.72947 100 24 0 0 0 -2.50919 100 20 0 0 0 0 0 0 0 0 0 0 0
31900 -276.818 0 0 0 2.08055 100 16 3.59634 100 26 0 0 0 -3.26913 100 16 0 0 0 0 0 0 0 0 0 0 0
32000 -279.157 0 0 0 0.886652 100 22 -0.435503 100 30 0 0 0 -2.7048 100 17 0 0 0 0 0 0 0 0 0 0 0
32100 -275.98 0 0 0 1.50625 100 32 2.75025 100 24 0 0 0 -2.97347 100 17 0 0 0 0 0 0 0 0 0 0 0
32200 -278.742 0 0 0 1.59529 100 19 5.05584 100 19 0 0 0 -3.39651 100 17 0 0 0 0 0 0 0 0 0 0 0
32300 -280.971 0 0 0 3.53697 100 17 8.48272 100 30 0 0 0 -4.41549 100 21 0 0 0 0 0 0 0 0 0 0 0
32400 -276.316 0 0 0 1.47667 100 25 4.01512 100 19 0 0 0 -3.06635 100 20 0 0 0 0 0 0 0 0 0 0 0
32500 -276.604 0 0 0 1.30192 100 23 1.61678 100 27 0 0 0 -2.67153 100 21 0 0 0 0 0 0 0 0 0 0 0
32600 -277.325 0 0 0 2.4316 100 25 5.1278 100 19 0 0 0 -3.51899 100 14 0 0 0 0 0 0 0 0 0 0 0
32700 -278.89 0 0 0 0.636334 100 16 0.908766 100 33 0 0 0 -2.22414 100 23 0 0 0 0 0 0 0 0 0 0 0
32800 -278.695 0 0 0 0.830544 100 19 -1.76242 100 23 0 0 0 -2.32091 100 24 0 0 0 0 0 0 0 0 0 0 0
32900 -276.3 0 0 0 1.92421 100 15 3.53769 100 21 0 0 0 -3.24767 100 13 0 0 0 0 0 0 0 0 0 0 0
33000 -277.464 0 0 0 1.59327 100 16 0.985546 100 27 0 0 0 -2.99811 100 18 0 0 0 0 0 0 0 0 0 0 0
33100 -277.254 0 0 0 1.84655 100 22 5.80217 100 30 0 0 0 -3.14997 100 19 0 0 0 0 0 0 0 0 0 0 0
33200 -276.763 0 0 0 1.28046 100 20 3.90648 100 26 0 0 0 -2.93289 100 14 0 0 0 0 0 0 0 0 0 0 0
33300 -278.159 0 0 0 0.855026 100 19 2.68693 100 25 0 0 0 -2.72048 100 17 0 0 0 0 0 0 0 0 0 0 0
33400 -279.501 0 0 0 1.65092 100 25 6.41826 100 22 0 0 0 -3.46533 100 23 0 0 0 0 0 0 0 0 0 0 0
33500 -278.969 0 0 0 3.01412 100 25 7.23488 100 27 0 0 0 -4.15355 100 27 0 0 0 0 0 0 0 0 0 0 0
33600 -277.89 0 0 0 1.78588 100 25 4.32784 100 25 0 0 0 -3.44103 100 18 0 0 0 0 0 0 0 0 0 0 0
33700 -278.031 0 0 0 2.85926 100 17 8.36225 100 30 0 0 0 -3.98483 100 22 0 0 0 0 0 0 0 0 0 0 0
33800 -277.483 0 0 0 1.57937 100 17 5.61626 100 20 0 0 0 -3.06461 100 26 0 0 0 0 0 0 0 0 0 0 0
33900 -276.831 0 0 0 2.3136 100 27 5.07239 100 23 0 0 0 -3.46141 100 11 0 0 0 0 0 0 0 0 0 0 0
34000 -276.306 0 0 0 1.2552 100 30 1.52358 100 27 0 0 0 -2.76945 100 19 0 0 0 0 0 0 0 0 0 0 0
34100 -276.922 0 0 0 2.27772 100 19 4.48022 100 23 0 0 0 -3.49706 100 27 0 0 0 0 0 0 0 0 0 0 0
34200 -276.29 0 0 0 1.37411 100 24 2.03419 100 31 0 0 0 -2.76068 100 27 0 0 0 0 0 0 0 0 0 0 0
34300 -276.202 0 0 0 2.04276 100 24 4.52833 100 27 0 0 0 -3.36534 100 21 0 0 0 0 0 0 0 0 0 0 0
34400 -279.881 0 0 0 0.479019 100 26 -0.560484 100 24 0 0 0 -2.46071 100 19 0 0 0 0 0 0 0 0 0 0 0
34500 -277.483 0 0 0 1.95468 100 30 2.64906 100 21 0 0 0 -3.32663 100 24 0 0 0 0 0 0 0 0 0 0 0
34600 -276.21 0 0 0 2.04034 100 21 5.10149 100 8 0 0 0 -3.30726 100 23 0 0 0 0 0 0 0 0 0 0 0
34700 -277.227 0 0 0 1.11479 100 29 0.879409 100 29 0 0 0 -2.7868 100 23 0 0 0 0 0 0 0 0 0 0 0
34800 -276.842 0 0 0 2.25599 100 21 4.76213 100 22 0 0 0 -3.54936 100 20 0 0 0 0 0 0 0 0 0 0 0
34900 -278.129 0 0 0 1.76189 100 22 6.78344 100 26 0 0 0 -3.33668 100 17 0 0 0 0 0 0 0 0 0 0 0
35000 -275.985 0 0 0 1.42353 100 20 2.84321 100 24 0 0 0 -2.87094 100 25 0 0 0 0 0 0 0 0 0 0 0
35100 -278.71 0 0 0 2.08563 100 20 7.65347 100 26 0 0 0 -3.41081 100 15 0 0 0 0 0 0 0 0 0 0 0
35200 -277.129 0 0 0 0.954373 100 25 0.0075022 100 21 0 0 0 -2.5331 100 18 0 0 0 0 0 0 0 0 0 0 0
35300 -276.999 0 0 0 1.16001 100 20 0.246027 100 28 0 0 0 -2.61764 100 24 0 0 0 0 0 0 0 0 0 0 0
35400 -276.779 0 0 0 2.24293 100 24 5.29646 100 28 0 0 0 -3.38702 100 17 0 0 0 0 0 0 0 0 0 0 0
35500 -277.341 0 0 0 1.43394 100 21 4.78967 100 32 0 0 0 -2.90528 100 23 0 0 0 0 0 0 0 0 0 0 0
35600 -276.821 0 0 0 2.08559 100 13 4.60674 100 19 0 0 0 -3.50324 100 28 0 0 0 0 0 0 0 0 0 0 0
35700 -278.765 0 0 0 2.66717 100 33 7.73438 100 29 0 0 0 -4.07825 100 16 0 0 0 0 0 0 0 0 0 0 0
35800 -277.319 0 0 0 2.0838 100 20 5.91323 100 29 0 0 0 -3.25791 100 17 0 0 0 0 0 0 0 0 0 0 0
35900 -282.71 0 0 0 2.40365 100 21 4.6843 100 26 0 0 0 -4.00984 100 22 0 0 0 0 0 0 0 0 0 0 0
36000 -277.01 0 0 0 2.25727 100 28 6.75059 100 26 0 0 0 -3.48401 100 17 0 0 0 0 0 0 0 0 0 0 0
36100 -277.155 0 0 0 0.823068 100 18 0.64413 100 18 0 0 0 -2.50332 100 18 0 0 0 0 0 0 0 0 0 0 0
36200 -281.041 0 0 0 1.25105 100 23 4.35676 100 24 0 0 0 -2.57527 100 19 0 0 0 0 0 0 0 0 0 0 0
36300 -277.346 0 0 0 2.13938 100 19 3.66314 100 34 0 0 0 -3.24247 100 18 0 0 0 0 0 0 0 0 0 0 0
36400 -277.097 0 0 0 1.04337 100 21 0.852576 100 20 0 0 0 -2.48215 100 30 0 0 0 0 0 0 0 0 0 0 0
36500 -277.521 0 0 0 1.27396 100 21 -0.100067 100 24 0 0 0 -2.72718 100 22 0 0 0 0 0 0 0 0 0 0 0
36600 -276.196 0 0 0 1.81858 100 21 3.71382 100 27 0 0 0 -3.08524 100 22 0 0 0 0 0 0 0 0 0 0 0
36700 -278.102 0 0 0 1.62339 100 22 6.02059 100 31 0 0 0 -3.33038 100 19 0 0 0 0 0 0 0 0 0 0 0
36800 -278.477 0 0 0 1.3464 100 24 -0.746879 100 18 0 0 0 -2.7109 100 17 0 0 0 0 0 0 0 0 0 0 0
36900 -277.293 0 0 0 0.942425 100 19 2.62011 100 28 0 0 0 -2.68628 100 16 0 0 0 0 0 0 0 0 0 0 0
37000 -278.297 0 0 0 1.19056 100 26 4.01602 100 26 0 0 0 -2.67134 100 25 0 0 0 0 0 0 0 0 0 0 0
37100 -278.841 0 0 0 1.49812 100 24 -0.495917 100 30 0 0 0 -2.86886 100 17 0 0 0 0 0 0 0 0 0 0 0
37200 -279.182 0 0 0 2.90653 100 28 6.05979 100 27 0 0 0 -4.03138 100 28 0 0 0 0 0 0 0 0 0 0 0
37300 -278.779 0 0 0 2.6616 100 27 7.72221 100 30 0 0 0 -4.07661 100 18 0 0 0 0 0 0 0 0 0 0 0
37400 -277.238 0 0 0 1.02742 100 26 2.98408 100 31 0 0 0 -2.77752 100 20 0 0 0 0 0 0 0 0 0 0 0
37500 -276.575 0 0 0 1.26446 100 32 1.11066 100 25 0 0 0 -2.78698 100 19 0 0 0 0 0 0 0 0 0 0 0
37600 -276.428 0 0 0 2.05877 100 23 6.01172 100 24 0 0 0 -3.3914 100 18 0 0 0 0 0 0 0 0 0 0 0
37700 -277.93 0 0 0 1.12812 100 18 3.41494 100 22 0 0 0 -2.61019 100 15 0 0 0 0 0 0 0 0 0 0 0
37800 -282.167 0 0 0 0.897988 100 24 4.88615 100 23 0 0 0 -3.00417 100 23 0 0 0 0 0 0 0 0 0 0 0
37900 -277.823 0 0 0 1.71094 100 24 1.59019 100 38 0 0 0 -2.8655 100 13 0 0 0 0 0 0 0 0 0 0 0
38000 -276.462 0 0 0 1.81366 100 17 5.55926 100 32 0 0 0 -3.22855 100 20 0 0 0 0 0 0 0 0 0 0 0
38100 -277.063 0 0 0 2.01501 100 18 5.87467 100 23 0 0 0 -3.54638 100 19 0 0 0 0 0 0 0 0 0 0 0
38200 -275.974 0 0 0 1.85848 100 22 4.60924 100 23 0 0 0 -3.25419 100 15 0 0 0 0 0 0 0 0 0 0 0
38300 -277.985 0 0 0 2.38256 100 32 8.13842 100 18 0 0 0 -3.79176 100 19 0 0 0 0 0 0 0 0 0 0 0
38400 -278.085 0 0 0 1.65474 100 29 6.4067 100 21 0 0 0 -3.21531 100 23 0 0 0 0 0 0 0 0 0 0 0
38500 -279.94 0 0 0 2.74015 100 28 6.71561 100 24 0 0 0 -4.14228 100 16 0 0 0 0 0 0 0 0 0 0 0
38600 -276.02 0 0 0 1.85994 100 25 3.92324 100 28 0 0 0 -3.22546 100 21 0 0 0 0 0 0 0 0 0 0 0
38700 -276.275 0 0 0 2.10838 100 30 5.73378 100 24 0 0 0 -3.42689 100 18 0 0 0 0 0 0 0 0 0 0 0
38800 -277.417 0 0 0 1.8629 100 26 6.59449 100 27 0 0 0 -3.39512 100 21 0 0 0 0 0 0 0 0 0 0 0
38900 -275.982 0 0 0 1.42083 100 32 2.67394 100 19 0 0 0 -2.91158 100 17 0 0 0 0 0 0 0 0 0 0 0
39000 -276.049 0 0 0 1.73953 100 24 3.36504 100 29 0 0 0 -3.1514 100 21 0 0 0 0 0 0 0 0 0 0 0
39100 -276.427 0 0 0 1.82626 100 26 3.51294 100 24 0 0 0 -3.27058 100 22 0 0 0 0 0 0 0 0 0 0 0
39200 -279.208 0 0 0 1.38605 100 25 -0.344712 100 21 0 0 0 -2.56866 100 22 0 0 0 0 0 0 0 0 0 0 0
39300 -278.529 0 0 0 0.924896 100 29 2.28364 100 19 0 0 0 -2.40762 100 16 0 0 0 0 0 0 0 0 0 0 0
39400 -277.105 0 0 0 1.89388 100 19 4.46849 100 36 0 0 0 -3.44327 100 20 0 0 0 0 0 0 0 0 0 0 0
39500 -276.458 0 0 0 1.98856 100 23 5.75214 100 27 0 0 0 -3.29936 100 23 0 0 0 0 0 0 0 0 0 0 0
39600 -276.771 0 0 0 1.59596 100 27 4.9879 100 28 0 0 0 -3.20928 100 19 0 0 0 0 0 0 0 0 0 0 0
39700 -276.494 0 0 0 2.27768 100 29 5.70039 100 29 0 0 0 -3.55852 100 13 0 0 0 0 0 0 0 0 0 0 0
39800 -281.191 0 0 0 2.30233 100 29 1.55612 100 28 0 0 0 -3.53614 100 14 0 0 0 0 0 0 0 0 0 0 0
39900 -276.788 0 0 0 2.21806 100 25 5.58416 100 23 0 0 0 -3.3742 100 23 0 0 0 0 0 0 0 0 0 0 0
40000 -277.601 0 0 0 2.72151 100 19 7.11438 100 28 0 0 0 -3.92433 100 21 0 0 0 0 0 0 0 0 0 0 0
40100 -278.866 0 0 0 1.94167 100 18 4.51947 100 20 0 0 0 -2.98677 100 19 0 0 0 0 0 0 0 0 0 0 0
40200 -276.847 0 0 0 2.36698 100 18 5.75663 100 24 0 0 0 -3.50983 100 14 0 0 0 0 0 0 0 0 0 0 0
40300 -278.056 0 0 0 2.1729 100 27 2.77379 100 25 0 0 0 -3.39702 100 22 0 0 0 0 0 0 0 0 0 0 0
40400 -277.293 0 0 0 1.19775 100 21 4.03119 100 24 0 0 0 -2.80181 100 28 0 0 0 0 0 0 0 0 0 0 0
40500 -277.328 0 0 0 0.940717 100 26 0.724746 100 31 0 0 0 -2.66759 100 21 0 0 0 0 0 0 0 0 0 0 0
40600 -276.451 0 0 0 1.29508 100 21 2.57691 100 31 0 0 0 -2.71209 100 22 0 0 0 0 0 0 0 0 0 0 0
40700 -279.041 0 0 0 1.21617 100 24 5.15467 100 20 0 0 0 -3.05892 100 23 0 0 0 0 0 0 0 0 0 0 0
40800 -277.945 0 0 0 1.16546 100 24 3.45559 100 30 0 0 0 -2.61852 100 23 0 0 0 0 0 0 0 0 0 0 0
40900 -278.724 0 0 0 1.40806 100 24 0.335259 100 35 0 0 0 -2.58619 100 16 0 0 0 0 0 0 0 0 0 0 0
41000 -277.859 0 0 0 2.10703 100 23 5.80497 100 30 0 0 0 -3.6708 100 18 0 0 0 0 0 0 0 0 0 0 0
41100 -276.994 0 0 0 2.17543 100 25 5.6389 100 35 0 0 0 -3.32187 100 22 0 0 0 0 0 0 0 0 0 0 0
41200 -276.066 0 0 0 1.95595 100 31 4.65904 100 21 0 0 0 -3.32763 100 21 0 0 0 0 0 0 0 0 0 0 0
41300 -276.542 0 0 0 2.22802 100 25 5.23766 100 22 0 0 0 -3.54118 100 15 0 0 0 0 0 0 0 0 0 0 0
41400 -277.287 0 0 0 2.27856 100 22 6.5617 100 20 0 0 0 -3.43557 100 25 0 0 0 0 0 0 0 0 0 0 0
41500 -276.373 0 0 0 1.32929 100 21 3.65532 100 26 0 0 0 -2.92274 100 23 0 0 0 0 0 0 0 0 0 0 0
41600 -276.629 0 0 0 1.22406 100 25 0.846659 100 21 0 0 0 -2.71836 100 18 0 0 0 0 0 0 0 0 0 0 0
41700 -276.061 0 0 0 1.53678 100 16 4.06835 100 30 0 0 0 -3.03538 100 20 0 0 0 0 0 0 0 0 0 0 0
41800 -277.926 0 0 0 2.08524 100 22 7.11628 100 19 0 0 0 -3.6511 100 16 0 0 0 0 0 0 0 0 0 0 0
41900 -278.255 0 0 0 2.65222 100 27 5.11443 100 32 0 0 0 -3.74253 100 19 0 0 0 0 0 0 0 0 0 0 0
42000 -276.641 0 0 0 1.65382 100 18 4.97755 100 23 0 0 0 -3.24446 100 19 0 0 0 0 0 0 0 0 0 0 0
42100 -276.187 0 0 0 1.75592 100 23 4.97263 100 25 0 0 0 -3.23651 100 18 0 0 0 0 0 0 0 0 0 0 0
42200 -277.441 0 0 0 0.81511 100 33 1.89831 100 26 0 0 0 -2.5622 100 18 0 0 0 0 0 0 0 0 0 0 0
42300 -276.426 0 0 0 1.77452 100 13 2.80847 100 30 0 0 0 -3.16389 100 15 0 0 0 0 0 0 0 0 0 0 0
42400 -277.483 0 0 0 1.24527 100 19 2.25217 100 22 0 0 0 -2.99001 100 18 0 0 0 0 0 0 0 0 0 0 0
42500 -278.045 0 0 0 2.25413 100 29 3.51775 100 24 0 0 0 -3.54531 100 14 0 0 0 0 0 0 0 0 0 0 0
42600 -276.613 0 0 0 2.18264 100 23 5.11106 100 21 0 0 0 -3.53977 100 15 0 0 0 0 0 0 0 0 0 0 0
42700 -277.772 0 0 0 1.69298 100 31 0.997643 100 23 0 0 0 -2.92799 100 23 0 0 0 0 0 0 0 0 0 0 0
42800 -276.545 0 0 0 1.66487 100 21 3.88487 100 25 0 0 0 -2.94445 100 23 0 0 0 0 0 0 0 0 0 0 0
42900 -276.435 0 0 0 1.72883 100 19 2.42448 100 32 0 0 0 -3.05275 100 18 0 0 0 0 0 0 0 0 0 0 0
43000 -276.352 0 0 0 1.44198 100 17 2.24802 100 27 0 0 0 -2.98064 100 19 0 0 0 0 0 0 0 0 0 0 0
43100 -276.379 0 0 0 1.57218 100 23 2.87899 100 25 0 0 0 -3.10549 100 18 0 0 0 0 0 0 0 0 0 0 0
43200 -276.954 0 0 0 2.11581 100 21 3.57515 100 27 0 0 0 -3.29733 100 19 0 0 0 0 0 0 0 0 0 0 0
43300 -278.776 0 0 0 2.55796 100 26 8.47907 100 17 0 0 0 -4.01419 100 19 0 0 0 0 0 0 0 0 0 0 0
43400 -279.322 0 0 0 2.37424 100 16 5.97484 100 17 0 0 0 -3.90868 100 21 0 0 0 0 0 0 0 0 0 0 0
43500 -277.696 0 0 0 0.912901 100 22 2.95256 100 26 0 0 0 -2.67614 100 13 0 0 0 0 0 0 0 0 0 0 0
43600 -279.807 0 0 0 1.99034 100 19 1.16135 100 27 0 0 0 -3.34097 100 19 0 0 0 0 0 0 0 0 0 0 0
43700 -276.219 0 0 0 1.64289 100 23 2.80377 100 23 0 0 0 -2.94872 100 22 0 0 0 0 0 0 0 0 0 0 0
43800 -277.463 0 0 0 2.32089 100 28 4.01932 100 25 0 0 0 -3.48073 100 26 0 0 0 0 0 0 0 0 0 0 0
43900 -276.497 0 0 0 1.94678 100 22 5.70795 100 23 0 0 0 -3.26858 100 22 0 0 0 0 0 0 0 0 0 0 0
44000 -276.329 0 0 0 1.82706 100 30 3.7251 100 23 0 0 0 -3.06984 100 18 0 0 0 0 0 0 0 0 0 0 0
44100 -277.659 0 0 0 0.694715 100 26 -0.0667015 100 21 0 0 0 -2.40644 100 19 0 0 0 0 0 0 0 0 0 0 0
44200 -277.372 0 0 0 1.45128 100 26 2.42459 100 27 0 0 0 -3.11306 100 22 0 0 0 0 0 0 0 0 0 0 0
44300 -276.4 0 0 0 2.03321 100 24 4.29333 100 22 0 0 0 -3.24293 100 15 0 0 0 0 0 0 0 0 0 0 0
44400 -277.381 0 0 0 2.26133 100 29 3.90476 100 25 0 0 0 -3.50153 100 24 0 0 0 0 0 0 0 0 0 0 0
44500 -277.215 0 0 0 2.24755 100 20 4.26064 100 22 0 0 0 -3.35275 100 15 0 0 0 0 0 0 0 0 0 0 0
44600 -275.959 0 0 0 1.70463 100 24 3.79567 100 24 0 0 0 -3.15578 100 20 0 0 0 0 0 0 0 0 0 0 0
44700 -275.898 0 0 0 1.74821 100 20 4.15567 100 25 0 0 0 -3.142 100 18 0 0 0 0 0 0 0 0 0 0 0
44800 -277.17 0 0 0 1.06776 100 11 1.21266 100 30 0 0 0 -2.77806 100 18 0 0 0 0 0 0 0 0 0 0 0
44900 -276.481 0 0 0 1.15629 100 18 1.17521 100 27 0 0 0 -2.64298 100 22 0 0 0 0 0 0 0 0 0 0 0
45000 -277.401 0 0 0 0.981946 100 21 1.26221 100 22 0 0 0 -2.43697 100 29 0 0 0 0 0 0 0 0 0 0 0
45100 -277.936 0 0 0 0.691246 100 30 1.17014 100 26 0 0 0 -2.52255 100 14 0 0 0 0 0 0 0 0 0 0 0
45200 -279.269 0 0 0 1.47448 100 25 -0.860754 100 31 0 0 0 -2.74068 100 12 0 0 0 0 0 0 0 0 0 0 0
45300 -278.244 0 0 0 1.31521 100 24 4.53186 100 23 0 0 0 -3.13957 100 24 0 0 0 0 0 0 0 0 0 0 0
45400 -276.317 0 0 0 1.29099 100 20 1.48277 100 22 0 0 0 -2.74726 100 31 0 0 0 0 0 0 0 0 0 0 0
45500 -276.334 0 0 0 1.85329 100 21 3.29409 100 32 0 0 0 -3.22768 100 22 0 0 0 0 0 0 0 0 0 0 0
45600 -276.46 0 0 0 1.73181 100 21 2.40781 100 27 0 0 0 -3.07091 100 22 0 0 0 0 0 0 0 0 0 0 0
45700 -276.294 0 0 0 1.17646 100 25 1.69102 100 32 0 0 0 -2.72344 100 11 0 0 0 0 0 0 0 0 0 0 0
45800 -276.291 0 0 0 1.6912 100 16 2.59961 100 29 0 0 0 -2.99828 100 23 0 0 0 0 0 0 0 0 0 0 0
45900 -276.898 0 0 0 1.45776 100 27 1.44136 100 27 0 0 0 -2.97135 100 20 0 0 0 0 0 0 0 0 0 0 0
46000 -276.822 0 0 0 1.64075 100 20 5.32852 100 22 0 0 0 -3.22905 100 19 0 0 0 0 0 0 0 0 0 0 0
46100 -276.065 0 0 0 1.55456 100 25 4.0872 100 27 0 0 0 -3.06917 100 24 0 0 0 0 0 0 0 0 0 0 0
46200 -277.412 0 0 0 1.45285 100 17 0.83449 100 20 0 0 0 -2.71917 100 19 0 0 0 0 0 0 0 0 0 0 0
46300 -278.619 0 0 0 2.7524 100 30 8.72717 100 29 0 0 0 -3.85193 100 20 0 0 0 0 0 0 0 0 0 0 0
46400 -276.024 0 0 0 1.73332 100 27 3.54863 100 27 0 0 0 -3.16542 100 17 0 0 0 0 0 0 0 0 0 0 0
46500 -279.323 0 0 0 2.6946 100 21 9.39225 100 24 0 0 0 -4.09945 100 24 0 0 0 0 0 0 0 0 0 0 0
46600 -278.093 0 0 0 2.72328 100 21 8.58696 100 26 0 0 0 -3.89917 100 24 0 0 0 0 0 0 0 0 0 0 0
46700 -277.27 0 0 0 2.61859 100 24 6.9359 100 24 0 0 0 -3.75101 100 17 0 0 0 0 0 0 0 0 0 0 0
46800 -276.336 0 0 0 1.50781 100 26 2.27981 100 27 0 0 0 -3.00971 100 20 0 0 0 0 0 0 0 0 0 0 0
46900 -279.251 0 0 0 1.16524 100 21 -1.14471 100 24 0 0 0 -2.76296 100 19 0 0 0 0 0 0 0 0 0 0 0
47000 -277.2 0 0 0 1.9288 100 20 3.95185 100 20 0 0 0 -3.05898 100 17 0 0 0 0 0 0 0 0 0 0 0
47100 -277.345 0 0 0 1.49296 100 25 5.27918 100 33 0 0 0 -3.0197 100 16 0 0 0 0 0 0 0 0 0 0 0
47200 -275.965 0 0 0 1.7706 100 24 4.08077 100 31 0 0 0 -3.11018 100 19 0 0 0 0 0 0 0 0 0 0 0
47300 -276.802 0 0 0 0.94901 100 29 1.73061 100 29 0 0 0 -2.58301 100 21 0 0 0 0 0 0 0 0 0 0 0
47400 -277.791 0 0 0 1.21779 100 27 4.0792 100 23 0 0 0 -3.01697 100 16 0 0 0 0 0 0 0 0 0 0 0
47500 -276.837 0 0 0 1.06781 100 31 2.83089 100 17 0 0 0 -2.75098 100 14 0 0 0 0 0 0 0 0 0 0 0
47600 -277.263 0 0 0 1.26058 100 20 1.99454 100 27 0 0 0 -2.58756 100 24 0 0 0 0 0 0 0 0 0 0 0
47700 -277.962 0 0 0 1.27064 100 26 4.57308 100 23 0 0 0 -3.06089 100 23 0 0 0 0 0 0 0 0 0 0 0
47800 -278.21 0 0 0 1.409 100 23 5.63886 100 30 0 0 0 -3.05888 100 15 0 0 0 0 0 0 0 0 0 0 0
47900 -279.403 0 0 0 1.33478 100 18 5.91411 100 26 0 0 0 -3.13514 100 19 0 0 0 0 0 0 0 0 0 0 0
48000 -276.591 0 0 0 1.37214 100 22 3.06264 100 26 0 0 0 -2.7536 100 19 0 0 0 0 0 0 0 0 0 0 0
48100 -277.076 0 0 0 1.88992 100 32 2.37627 100 29 0 0 0 -3.19554 100 24 0 0 0 0 0 0 0 0 0 0 0
48200 -277.482 0 0 0 1.48814 100 19 5.18081 100 25 0 0 0 -2.96792 100 15 0 0 0 0 0 0 0 0 0 0 0
48300 -280.76 0 0 0 0.655208 100 27 -0.307985 100 25 0 0 0 -2.66878 100 19 0 0 0 0 0 0 0 0 0 0 0
48400 -282.253 0 0 0 1.52914 100 25 -2.36208 100 30 0 0 0 -2.72127 100 21 0 0 0 0 0 0 0 0 0 0 0
48500 -276.232 0 0 0 1.31131 100 24 3.292 100 21 0 0 0 -2.88409 100 17 0 0 0 0 0 0 0 0 0 0 0
48600 -279.024 0 0 0 1.7879 100 23 3.69682 100 27 0 0 0 -2.84807 100 15 0 0 0 0 0 0 0 0 0 0 0
48700 -277.522 0 0 0 1.74102 100 25 6.25306 100 26 0 0 0 -3.33855 100 22 0 0 0 0 0 0 0 0 0 0 0
48800 -277.598 0 0 0 2.39674 100 26 6.33501 100 26 0 0 0 -3.46665 100 19 0 0 0 0 0 0 0 0 0 0 0
48900 -276.153 0 0 0 1.26145 100 32 2.45882 100 29 0 0 0 -2.82175 100 18 0 0 0 0 0 0 0 0 0 0 0
49000 -277.443 0 0 0 0.898536 100 29 2.24447 100 25 0 0 0 -2.68753 100 21 0 0 0 0 0 0 0 0 0 0 0
49100 -277.263 0 0 0 1.25473 100 28 0.100534 100 27 0 0 0 -2.66287 100 19 0 0 0 0 0 0 0 0 0 0 0
49200 -276.206 0 0 0 1.35229 100 25 2.39716 100 24 0 0 0 -2.91547 100 22 0 0 0 0 0 0 0 0 0 0 0
49300 -276.109 0 0 0 1.56209 100 22 3.81791 100 23 0 0 0 -2.95457 100 19 0 0 0 0 0 0 0 0 0 0 0
49400 -276.956 0 0 0 1.29675 100 20 0.511995 100 20 0 0 0 -2.71477 100 17 0 0 0 0 0 0 0 0 0 0 0
49500 -277.024 0 0 0 0.861191 100 25 1.04158 100 28 0 0 0 -2.5419 100 27 0 0 0 0 0 0 0 0 0 0 0
49600 -277.593 0 0 0 2.37059 100 26 6.72052 100 24 0 0 0 -3.4777 100 17 0 0 0 0 0 0 0 0 0 0 0
49700 -276.967 0 0 0 2.11274 100 12 5.23152 100 17 0 0 0 -3.25713 100 21 0 0 0 0 0 0 0 0 0 0 0
49800 -277.624 0 0 0 2.31937 100 25 5.22276 100 29 0 0 0 -3.36174 100 19 0 0 0 0 0 0 0 0 0 0 0
49900 -280.101 0 0 0 2.67969 100 19 9.37867 100 18 0 0 0 -4.17795 100 16 0 0 0 0 0 0 0 0 0 0 0
50000 -277.076 0 0 0 1.34383 100 29 1.1189 100 19 0 0 0 -2.91084 100 21 0 0 0 0 0 0 0 0 0 0 0
50100 -278.154 0 0 0 1.19482 100 18 4.44063 100 21 0 0 0 -2.76624 100 17 0 0 0 0 0 0 0 0 0 0 0
50200 -276.67 0 0 0 1.16705 100 21 3.0452 100 23 0 0 0 -2.84336 100 11 0 0 0 0 0 0 0 0 0 0 0
50300 -276.778 0 0 0 1.55525 100 27 2.59978 100 37 0 0 0 -2.81083 100 19 0 0 0 0 0 0 0 0 0 0 0
50400 -278.585 0 0 0 1.74552 100 28 2.53698 100 19 0 0 0 -2.81739 100 18 0 0 0 0 0 0 0 0 0 0 0
50500 -280.301 0 0 0 1.3156 100 23 1.48858 100 24 0 0 0 -2.43955 100 22 0 0 0 0 0 0 0 0 0 0 0
50600 -276.238 0 0 0 1.27245 100 16 3.06396 100 30 0 0 0 -2.82031 100 17 0 0 0 0 0 0 0 0 0 0 0
50700 -277.311 0 0 0 1.38291 100 24 4.90137 100 19 0 0 0 -3.0419 100 16 0 0 0 0 0 0 0 0 0 0 0
50800 -278.193 0 0 0 1.80782 100 23 2.17843 100 32 0 0 0 -2.89726 100 23 0 0 0 0 0 0 0 0 0 0 0
50900 -276.741 0 0 0 1.52447 100 23 1.41292 100 27 0 0 0 -2.94178 100 26 0 0 0 0 0 0 0 0 0 0 0
51000 -278.466 0 0 0 2.68994 100 20 5.12989 100 30 0 0 0 -3.75379 100 22 0 0 0 0 0 0 0 0 0 0 0
51100 -276.676 0 0 0 1.9089 100 18 3.13835 100 27 0 0 0 -3.11358 100 23 0 0 0 0 0 0 0 0 0 0 0
51200 -276.524 0 0 0 1.53049 100 24 4.22782 100 26 0 0 0 -2.9263 100 22 0 0 0 0 0 0 0 0 0 0 0
51300 -277.53 0 0 0 1.65715 100 23 4.71963 100 28 0 0 0 -2.92735 100 20 0 0 0 0 0 0 0 0 0 0 0
51400 -276.487 0 0 0 1.82193 100 24 5.49542 100 26 0 0 0 -3.32933 100 23 0 0 0 0 0 0 0 0 0 0 0
51500 -277.283 0 0 0 2.12148 100 17 4.37536 100 23 0 0 0 -3.2122 100 19 0 0 0 0 0 0 0 0 0 0 0
51600 -279.008 0 0 0 1.38652 100 23 5.72434 100 18 0 0 0 -2.94364 100 19 0 0 0 0 0 0 0 0 0 0 0
51700 -277.79 0 0 0 1.11592 100 19 2.17917 100 31 0 0 0 -2.49864 100 16 0 0 0 0 0 0 0 0 0 0 0
51800 -277.101 0 0 0 2.46183 100 14 6.31481 100 23 0 0 0 -3.7627 100 29 0 0 0 0 0 0 0 0 0 0 0
51900 -277.207 0 0 0 2.1197 100 22 5.80919 100 18 0 0 0 -3.2785 100 21 0 0 0 0 0 0 0 0 0 0 0
52000 -278.245 0 0 0 2.2636 100 23 8.15149 100 28 0 0 0 -3.69502 100 14 0 0 0 0 0 0 0 0 0 0 0
52100 -276.422 0 0 0 2.14276 100 19 5.53307 100 15 0 0 0 -3.51621 100 24 0 0 0 0 0 0 0 0 0 0 0
52200 -276.491 0 0 0 2.21946 100 25 5.8232 100 25 0 0 0 -3.44338 100 21 0 0 0 0 0 0 0 0 0 0 0
52300 -277.595 0 0 0 1.6012 100 15 1.59763 100 25 0 0 0 -3.12097 100 21 0 0 0 0 0 0 0 0 0 0 0
52400 -277.997 0 0 0 0.982898 100 16 1.60015 100 20 0 0 0 -2.40474 100 17 0 0 0 0 0 0 0 0 0 0 0
52500 -277.664 0 0 0 1.04626 100 22 2.90355 100 25 0 0 0 -2.86749 100 18 0 0 0 0 0 0 0 0 0 0 0
52600 -279.539 0 0 0 0.402844 100 28 0.441157 100 26 0 0 0 -2.38083 100 21 0 0 0 0 0 0 0 0 0 0 0
52700 -276.755 0 0 0 1.73367 100 16 2.09765 100 28 0 0 0 -3.00628 100 18 0 0 0 0 0 0 0 0 0 0 0
52800 -278.656 0 0 0 1.68442 100 25 6.61984 100 15 0 0 0 -3.16536 100 20 0 0 0 0 0 0 0 0 0 0 0
52900 -276.328 0 0 0 1.66018 100 25 4.82026 100 23 0 0 0 -3.07896 100 20 0 0 0 0 0 0 0 0 0 0 0
53000 -276.359 0 0 0 1.73665 100 25 2.57082 100 30 0 0 0 -3.05727 100 20 0 0 0 0 0 0 0 0 0 0 0
53100 -278.788 0 0 0 0.70289 100 23 1.93773 100 23 0 0 0 -2.64386 100 21 0 0 0 0 0 0 0 0 0 0 0
53200 -277.562 0 0 0 1.78464 100 24 2.55478 100 30 0 0 0 -3.28673 100 25 0 0 0 0 0 0 0 0 0 0 0
53300 -276.682 0 0 0 1.42858 100 29 4.21581 100 22 0 0 0 -3.07642 100 17 0 0 0 0 0 0 0 0 0 0 0
53400 -278.318 0 0 0 1.05683 100 23 4.11242 100 23 0 0 0 -2.72155 100 21 0 0 0 0 0 0 0 0 0 0 0
53500 -277.376 0 0 0 2.26156 100 21 4.97285 100 22 0 0 0 -3.64908 100 22 0 0 0 0 0 0 0 0 0 0 0
53600 -276.26 0 0 0 1.45835 100 19 2.77242 100 18 0 0 0 -2.81786 100 22 0 0 0 0 0 0 0 0 0 0 0
53700 -276.074 0 0 0 1.84288 100 26 4.16509 100 26 0 0 0 -3.13664 100 14 0 0 0 0 0 0 0 0 0 0 0
53800 -276.337 0 0 0 2.17526 100 26 5.31745 100 16 0 0 0 -3.48497 100 13 0 0 0 0 0 0 0 0 0 0 0
53900 -276.317 0 0 0 1.84793 100 30 4.79089 100 29 0 0 0 -3.34067 100 22 0 0 0 0 0 0 0 0 0 0 0
54000 -277.319 0 0 0 1.6855 100 24 1.29062 100 21 0 0 0 -3.00859 100 18 0 0 0 0 0 0 0 0 0 0 0
54100 -277.505 0 0 0 1.55715 100 18 1.46464 100 20 0 0 0 -2.76195 100 20 0 0 0 0 0 0 0 0 0 0 0
54200 -277.938 0 0 0 1.85337 100 22 6.2676 100 23 0 0 0 -3.51069 100 25 0 0 0 0 0 0 0 0 0 0 0
54300 -276.799 0 0 0 1.16127 100 18 1.01186 100 27 0 0 0 -2.57679 100 18 0 0 0 0 0 0 0 0 0 0 0
54400 -276.55 0 0 0 1.7965 100 17 5.22121 100 26 0 0 0 -3.13286 100 21 0 0 0 0 0 0 0 0 0 0 0
54500 -276.841 0 0 0 2.28972 100 27 6.93127 100 30 0 0 0 -3.60421 100 19 0 0 0 0 0 0 0 0 0 0 0
54600 -277.403 0 0 0 2.51158 100 23 5.90516 100 25 0 0 0 -3.5778 100 19 0 0 0 0 0 0 0 0 0 0 0
54700 -276.514 0 0 0 1.62984 100 20 3.39801 100 31 0 0 0 -2.90368 100 27 0 0 0 0 0 0 0 0 0 0 0
54800 -276.134 0 0 0 1.29559 100 22 2.633 100 26 0 0 0 -2.78443 100 24 0 0 0 0 0 0 0 0 0 0 0
54900 -279.396 0 0 0 3.15033 100 20 7.36779 100 20 0 0 0 -4.19168 100 20 0 0 0 0 0 0 0 0 0 0 0
55000 -277.864 0 0 0 2.04009 100 24 7.35047 100 24 0 0 0 -3.55144 100 21 0 0 0 0 0 0 0 0 0 0 0
55100 -276.339 0 0 0 2.1581 100 24 4.94331 100 25 0 0 0 -3.39876 100 19 0 0 0 0 0 0 0 0 0 0 0
55200 -276.049 0 0 0 1.34746 100 20 2.93779 100 36 0 0 0 -2.85812 100 22 0 0 0 0 0 0 0 0 0 0 0
55300 -278.178 0 0 0 0.963405 100 27 -0.357138 100 25 0 0 0 -2.34607 100 23 0 0 0 0 0 0 0 0 0 0 0
55400 -276.606 0 0 0 1.67399 100 15 4.6392 100 22 0 0 0 -3.26584 100 19 0 0 0 0 0 0 0 0 0 0 0
55500 -277.662 0 0 0 2.72928 100 15 6.84833 100 18 0 0 0 -3.91335 100 17 0 0 0 0 0 0 0 0 0 0 0
55600 -276.403 0 0 0 1.47576 100 26 1.82132 100 22 0 0 0 -2.94299 100 20 0 0 0 0 0 0 0 0 0 0 0
55700 -276.596 0 0 0 1.61549 100 20 5.0644 100 27 0 0 0 -3.0793 100 15 0 0 0 0 0 0 0 0 0 0 0
55800 -279.079 0 0 0 0.770364 100 18 3.20477 100 29 0 0 0 -2.6678 100 19 0 0 0 0 0 0 0 0 0 0 0
55900 -277.628 0 0 0 1.05301 100 28 -0.618516 100 26 0 0 0 -2.52817 100 13 0 0 0 0 0 0 0 0 0 0 0
56000 -278.668 0 0 0 2.84682 100 22 6.85903 100 22 0 0 0 -3.79112 100 24 0 0 0 0 0 0 0 0 0 0 0
56100 -277.19 0 0 0 1.79354 100 15 3.9132 100 26 0 0 0 -3.37005 100 25 0 0 0 0 0 0 0 0 0 0 0
56200 -277.297 0 0 0 1.01524 100 19 3.10192 100 19 0 0 0 -2.66726 100 21 0 0 0 0 0 0 0 0 0 0 0
56300 -276.847 0 0 0 2.11796 100 22 4.63794 100 23 0 0 0 -3.5187 100 21 0 0 0 0 0 0 0 0 0 0 0
56400 -277.857 0 0 0 2.81403 100 23 8.07785 100 20 0 0 0 -4.00346 100 22 0 0 0 0 0 0 0 0 0 0 0
56500 -276.797 0 0 0 2.38912 100 26 5.80853 100 33 0 0 0 -3.54992 100 19 0 0 0 0 0 0 0 0 0 0 0
56600 -275.953 0 0 0 1.80438 100 18 3.90579 100 30 0 0 0 -3.14189 100 12 0 0 0 0 0 0 0 0 0 0 0
56700 -276.638 0 0 0 1.69355 100 21 3.15165 100 26 0 0 0 -2.92579 100 23 0 0 0 0 0 0 0 0 0 0 0
56800 -278.094 0 0 0 1.59216 100 21 0.345143 100 25 0 0 0 -2.94313 100 13 0 0 0 0 0 0 0 0 0 0 0
56900 -276.076 0 0 0 1.49693 100 14 2.41152 100 33 0 0 0 -2.95499 100 20 0 0 0 0 0 0 0 0 0 0 0
57000 -276.649 0 0 0 2.2122 100 27 4.50735 100 22 0 0 0 -3.42357 100 21 0 0 0 0 0 0 0 0 0 0 0
57100 -276.425 0 0 0 1.44982 100 22 2.6212 100 29 0 0 0 -2.78593 100 29 0 0 0 0 0 0 0 0 0 0 0
57200 -275.963 0 0 0 1.58233 100 19 3.79574 100 27 0 0 0 -3.07718 100 17 0 0 0 0 0 0 0 0 0 0 0
57300 -276.259 0 0 0 1.72397 100 15 3.13102 100 26 0 0 0 -3.16989 100 15 0 0 0 0 0 0 0 0 0 0 0
57400 -277.649 0 0 0 2.24088 100 21 4.41447 100 15 0 0 0 -3.61876 100 20 0 0 0 0 0 0 0 0 0 0 0
57500 -276.591 0 0 0 2.21796 100 23 5.32774 100 28 0 0 0 -3.55933 100 20 0 0 0 0 0 0 0 0 0 0 0
57600 -276.733 0 0 0 1.76954 100 24 2.90793 100 21 0 0 0 -3.2311 100 20 0 0 0 0 0 0 0 0 0 0 0
57700 -276.577 0 0 0 2.1362 100 21 4.86874 100 23 0 0 0 -3.5035 100 18 0 0 0 0 0 0 0 0 0 0 0
57800 -278.521 0 0 0 1.66948 100 20 5.58428 100 25 0 0 0 -3.43386 100 26 0 0 0 0 0 0 0 0 0 0 0
57900 -276.383 0 0 0 1.43492 100 24 2.93916 100 25 0 0 0 -3.03319 100 13 0 0 0 0 0 0 0 0 0 0 0
58000 -277.376 0 0 0 2.67456 100 22 6.9869 100 22 0 0 0 -3.85086 100 18 0 0 0 0 0 0 0 0 0 0 0
58100 -277.05 0 0 0 0.880659 100 22 1.38318 100 29 0 0 0 -2.49021 100 22 0 0 0 0 0 0 0 0 0 0 0
58200 -277.279 0 0 0 0.844524 100 30 1.8914 100 24 0 0 0 -2.54581 100 19 0 0 0 0 0 0 0 0 0 0 0
58300 -277.078 0 0 0 2.50935 100 18 7.2258 100 20 0 0 0 -3.76085 100 24 0 0 0 0 0 0 0 0 0 0 0
58400 -277.162 0 0 0 2.20521 100 20 5.87466 100 27 0 0 0 -3.34147 100 21 0 0 0 0 0 0 0 0 0 0 0
58500 -276.847 0 0 0 1.95033 100 19 5.1884 100 20 0 0 0 -3.47632 100 16 0 0 0 0 0 0 0 0 0 0 0
58600 -276.558 0 0 0 1.97636 100 22 5.64003 100 18 0 0 0 -3.25857 100 15 0 0 0 0 0 0 0 0 0 0 0
58700 -277.627 0 0 0 1.15438 100 27 -0.306504 100 20 0 0 0 -2.69028 100 21 0 0 0 0 0 0 0 0 0 0 0
58800 -279.087 0 0 0 2.20913 100 16 5.03434 100 22 0 0 0 -3.17728 100 15 0 0 0 0 0 0 0 0 0 0 0
58900 -276.218 0 0 0 1.73912 100 19 3.20842 100 25 0 0 0 -3.01982 100 28 0 0 0 0 0 0 0 0 0 0 0
59000 -277.237 0 0 0 1.80606 100 27 2.57641 100 20 0 0 0 -2.9642 100 22 0 0 0 0 0 0 0 0 0 0 0
59100 -276.283 0 0 0 1.27666 100 23 1.71398 100 17 0 0 0 -2.72108 100 19 0 0 0 0 0 0 0 0 0 0 0
59200 -276.216 0 0 0 1.4308 100 27 2.28805 100 31 0 0 0 -2.95297 100 21 0 0 0 0 0 0 0 0 0 0 0
59300 -276.109 0 0 0 2.01573 100 32 5.10205 100 28 0 0 0 -3.32697 100 14 0 0 0 0 0 0 0 0 0 0 0
59400 -277.024 0 0 0 1.42712 100 25 4.72325 100 19 0 0 0 -2.94257 100 19 0 0 0 0 0 0 0 0 0 0 0
59500 -277.418 0 0 0 0.846273 100 25 -0.288486 100 25 0 0 0 -2.47536 100 19 0 0 0 0 0 0 0 0 0 0 0
59600 -276.489 0 0 0 1.14365 100 21 2.61836 100 22 0 0 0 -2.78609 100 16 0 0 0 0 0 0 0 0 0 0 0
59700 -276.105 0 0 0 1.98056 100 26 4.98618 100 25 0 0 0 -3.28339 100 23 0 0 0 0 0 0 0 0 0 0 0
59800 -278.643 0 0 0 0.68351 100 22 2.39707 100 19 0 0 0 -2.49222 100 16 0 0 0 0 0 0 0 0 0 0 0
59900 -278.628 0 0 0 1.32663 100 22 0.212296 100 34 0 0 0 -2.53373 100 8 0 0 0 0 0 0 0 0 0 0 0
60000 -278.691 0 0 0 2.89883 100 15 8.81021 100 21 0 0 0 -4.17966 100 17 0 0 0 0 0 0 0 0 0 0 0
60100 -276.033 0 0 0 1.60088 100 20 3.87664 100 27 0 0 0 -2.99067 100 16 0 0 0 0 0 0 0 0 0 0 0
60200 -275.919 0 0 0 1.67952 100 20 3.73148 100 26 0 0 0 -3.12505 100 17 0 0 0 0 0 0 0 0 0 0 0
60300 -276.378 0 0 0 1.24059 100 28 3.15208 100 23 0 0 0 -2.8481 100 24 0 0 0 0 0 0 0 0 0 0 0
60400 -276.922 0 0 0 1.15089 100 24 0.584021 100 26 0 0 0 -2.72394 100 16 0 0 0 0 0 0 0 0 0 0 0
60500 -277.22 0 0 0 2.07709 100 15 4.68735 100 28 0 0 0 -3.54886 100 18 0 0 0 0 0 0 0 0 0 0 0
60600 -277.563 0 0 0 2.37113 100 21 7.79118 100 31 0 0 0 -3.66129 100 11 0 0 0 0 0 0 0 0 0 0 0
60700 -277.684 0 0 0 2.0417 100 22 7.19313 100 21 0 0 0 -3.55594 100 22 0 0 0 0 0 0 0 0 0 0 0
60800 -278.303 0 0 0 2.65591 100 23 8.53966 100 17 0 0 0 -4.01242 100 20 0 0 0 0 0 0 0 0 0 0 0
60900 -275.962 0 0 0 1.50074 100 16 3.26883 100 21 0 0 0 -3.00579 100 16 0 0 0 0 0 0 0 0 0 0 0
61000 -276.484 0 0 0 1.44836 100 28 2.54654 100 14 0 0 0 -2.77599 100 21 0 0 0 0 0 0 0 0 0 0 0
61100 -278.281 0 0 0 2.05771 100 25 7.20417 100 28 0 0 0 -3.66185 100 24 0 0 0 0 0 0 0 0 0 0 0
61200 -277.975 0 0 0 1.74615 100 20 1.85644 100 21 0 0 0 -3.23261 100 21 0 0 0 0 0 0 0 0 0 0 0
61300 -277.808 0 0 0 1.23958 100 25 -0.474742 100 22 0 0 0 -2.66628 100 16 0 0 0 0 0 0 0 0 0 0 0
61400 -277.314 0 0 0 1.24205 100 22 0.560628 100 21 0 0 0 -2.82556 100 19 0 0 0 0 0 0 0 0 0 0 0
61500 -277.613 0 0 0 1.62749 100 23 3.01395 100 15 0 0 0 -3.2637 100 18 0 0 0 0 0 0 0 0 0 0 0
61600 -278.713 0 0 0 1.37145 100 29 5.72232 100 26 0 0 0 -3.12311 100 14 0 0 0 0 0 0 0 0 0 0 0
61700 -278.981 0 0 0 2.27214 100 15 3.39131 100 28 0 0 0 -3.62951 100 13 0 0 0 0 0 0 0 0 0 0 0
61800 -277.246 0 0 0 1.5382 100 20 1.01787 100 24 0 0 0 -2.8156 100 14 0 0 0 0 0 0 0 0 0 0 0
61900 -276.722 0 0 0 1.57232 100 23 3.37677 100 22 0 0 0 -2.84972 100 24 0 0 0 0 0 0 0 0 0 0 0
62000 -276.024 0 0 0 1.70319 100 22 4.55042 100 19 0 0 0 -3.12635 100 13 0 0 0 0 0 0 0 0 0 0 0
62100 -277.007 0 0 0 2.01178 100 13 4.92441 100 20 0 0 0 -3.51416 100 16 0 0 0 0 0 0 0 0 0 0 0
62200 -276.26 0 0 0 1.86328 100 32 4.71451 100 24 0 0 0 -3.33827 100 27 0 0 0 0 0 0 0 0 0 0 0
62300 -275.878 0 0 0 1.59716 100 22 3.50809 100 32 0 0 0 -3.0342 100 28 0 0 0 0 0 0 0 0 0 0 0
62400 -281.15 0 0 0 2.02834 100 22 8.02823 100 21 0 0 0 -3.82417 100 16 0 0 0 0 0 0 0 0 0 0 0
62500 -276.069 0 0 0 1.88913 100 22 4.007 100 19 0 0 0 -3.25878 100 25 0 0 0 0 0 0 0 0 0 0 0
62600 -278.527 0 0 0 0.7139 100 19 2.45504 100 24 0 0 0 -2.48743 100 16 0 0 0 0 0 0 0 0 0 0 0
62700 -278.756 0 0 0 1.21729 100 22 -0.142513 100 19 0 0 0 -2.87383 100 16 0 0 0 0 0 0 0 0 0 0 0
62800 -276.857 0 0 0 1.88346 100 31 2.55277 100 26 0 0 0 -3.12979 100 19 0 0 0 0 0 0 0 0 0 0 0
62900 -277.717 0 0 0 2.75723 100 16 7.38676 100 22 0 0 0 -3.83579 100 20 0 0 0 0 0 0 0 0 0 0 0
63000 -277.909 0 0 0 2.64563 100 17 5.57064 100 19 0 0 0 -3.7007 100 19 0 0 0 0 0 0 0 0 0 0 0
63100 -276.44 0 0 0 1.2731 100 26 2.42382 100 15 0 0 0 -2.90348 100 24 0 0 0 0 0 0 0 0 0 0 0
63200 -277.501 0 0 0 1.0389 100 21 3.50633 100 28 0 0 0 -2.75029 100 12 0 0 0 0 0 0 0 0 0 0 0
63300 -277.302 0 0 0 2.49269 100 27 5.63343 100 31 0 0 0 -3.73542 100 21 0 0 0 0 0 0 0 0 0 0 0
63400 -276.997 0 0 0 1.62853 100 22 2.65793 100 23 0 0 0 -2.84127 100 19 0 0 0 0 0 0 0 0 0 0 0
63500 -280.391 0 0 0 1.74195 100 31 0.854715 100 26 0 0 0 -3.29696 100 28 0 0 0 0 0 0 0 0 0 0 0
63600 -277.428 0 0 0 1.53768 100 20 0.893446 100 25 0 0 0 -2.79962 100 26 0 0 0 0 0 0 0 0 0 0 0
63700 -276.812 0 0 0 1.19439 100 31 3.56282 100 23 0 0 0 -2.85653 100 17 0 0 0 0 0 0 0 0 0 0 0
63800 -277.155 0 0 0 1.46209 100 23 0.832528 100 25 0 0 0 -2.90135 100 20 0 0 0 0 0 0 0 0 0 0 0
63900 -278.448 0 0 0 1.55294 100 23 2.62002 100 21 0 0 0 -3.25661 100 20 0 0 0 0 0 0 0 0 0 0 0
64000 -277.469 0 0 0 1.80213 100 19 2.26254 100 32 0 0 0 -2.95098 100 20 0 0 0 0 0 0 0 0 0 0 0
64100 -276.018 0 0 0 1.65652 100 20 3.04131 100 29 0 0 0 -3.07727 100 22 0 0 0 0 0 0 0 0 0 0 0
64200 -278.232 0 0 0 1.91372 100 16 3.70829 100 21 0 0 0 -3.49051 100 22 0 0 0 0 0 0 0 0 0 0 0
64300 -276.647 0 0 0 2.2504 100 23 6.57471 100 25 0 0 0 -3.57785 100 18 0 0 0 0 0 0 0 0 0 0 0
64400 -277.966 0 0 0 2.48554 100 19 4.56846 100 36 0 0 0 -3.67819 100 20 0 0 0 0 0 0 0 0 0 0 0
64500 -277.013 0 0 0 0.97535 100 21 0.508819 100 26 0 0 0 -2.61981 100 18 0 0 0 0 0 0 0 0 0 0 0
64600 -278.384 0 0 0 2.54441 100 23 4.70027 100 28 0 0 0 -3.76128 100 21 0 0 0 0 0 0 0 0 0 0 0
64700 -276.073 0 0 0 1.94143 100 25 4.53934 100 21 0 0 0 -3.23279 100 21 0 0 0 0 0 0 0 0 0 0 0
64800 -276.875 0 0 0 2.01419 100 17 5.86458 100 21 0 0 0 -3.52335 100 17 0 0 0 0 0 0 0 0 0 0 0
64900 -277.355 0 0 0 1.65003 100 32 1.98823 100 19 0 0 0 -2.8352 100 18 0 0 0 0 0 0 0 0 0 0 0
65000 -276.531 0 0 0 2.26526 100 26 5.67228 100 16 0 0 0 -3.57375 100 17 0 0 0 0 0 0 0 0 0 0 0
65100 -276.456 0 0 0 2.00897 100 26 5.67535 100 21 0 0 0 -3.296 100 22 0 0 0 0 0 0 0 0 0 0 0
65200 -278.318 0 0 0 1.48239 100 17 0.0477775 100 27 0 0 0 -2.7184 100 14 0 0 0 0 0 0 0 0 0 0 0
65300 -277.403 0 0 0 1.67045 100 24 3.80503 100 29 0 0 0 -2.87214 100 22 0 0 0 0 0 0 0 0 0 0 0
65400 -279.092 0 0 0 2.04072 100 24 1.38015 100 28 0 0 0 -3.17797 100 15 0 0 0 0 0 0 0 0 0 0 0
65500 -276.522 0 0 0 2.22787 100 21 4.90542 100 30 0 0 0 -3.4466 100 23 0 0 0 0 0 0 0 0 0 0 0
65600 -277.876 0 0 0 1.57078 100 13 5.3223 100 31 0 0 0 -3.30552 100 19 0 0 0 0 0 0 0 0 0 0 0
65700 -276.823 0 0 0 1.44025 100 21 3.52438 100 26 0 0 0 -3.11079 100 16 0 0 0 0 0 0 0 0 0 0 0
65800 -277.623 0 0 0 1.93709 100 24 2.61806 100 20 0 0 0 -3.0517 100 17 0 0 0 0 0 0 0 0 0 0 0
65900 -277.002 0 0 0 2.00558 100 22 4.76045 100 28 0 0 0 -3.50218 100 15 0 0 0 0 0 0 0 0 0 0 0
66000 -277.563 0 0 0 1.31106 100 25 4.82711 100 30 0 0 0 -2.98434 100 20 0 0 0 0 0 0 0 0 0 0 0
66100 -277.667 0 0 0 2.03205 100 25 2.6747 100 22 0 0 0 -3.15423 100 18 0 0 0 0 0 0 0 0 0 0 0
66200 -276.111 0 0 0 1.74705 100 25 3.12324 100 30 0 0 0 -3.0652 100 23 0 0 0 0 0 0 0 0 0 0 0
66300 -277.292 0 0 0 1.49939 100 27 3.80801 100 35 0 0 0 -3.20312 100 22 0 0 0 0 0 0 0 0 0 0 0
66400 -278.158 0 0 0 0.714035 100 21 0.793744 100 19 0 0 0 -2.5751 100 11 0 0 0 0 0 0 0 0 0 0 0
66500 -277.93 0 0 0 1.6368 100 16 0.657363 100 20 0 0 0 -2.99248 100 19 0 0 0 0 0 0 0 0 0 0 0
66600 -276.554 0 0 0 1.22584 100 28 2.45655 100 22 0 0 0 -2.66933 100 26 0 0 0 0 0 0 0 0 0 0 0
66700 -277.699 0 0 0 2.19299 100 24 4.51834 100 32 0 0 0 -3.62069 100 21 0 0 0 0 0 0 0 0 0 0 0
66800 -278.511 0 0 0 2.80413 100 27 8.54056 100 28 0 0 0 -3.8688 100 18 0 0 0 0 0 0 0 0 0 0 0
66900 -278.309 0 0 0 2.81931 100 19 8.02028 100 24 0 0 0 -4.09911 100 24 0 0 0 0 0 0 0 0 0 0 0
67000 -276.559 0 0 0 2.20013 100 17 6.1835 100 20 0 0 0 -3.56905 100 24 0 0 0 0 0 0 0 0 0 0 0
67100 -279.085 0 0 0 0.945044 100 18 -1.34607 100 25 0 0 0 -2.62876 100 25 0 0 0 0 0 0 0 0 0 0 0
67200 -276.996 0 0 0 1.44625 100 17 4.08727 100 24 0 0 0 -2.83367 100 20 0 0 0 0 0 0 0 0 0 0 0
67300 -277.186 0 0 0 1.51013 100 23 4.21862 100 24 0 0 0 -3.20821 100 15 0 0 0 0 0 0 0 0 0 0 0
67400 -276.308 0 0 0 1.21854 100 28 2.81271 100 17 0 0 0 -2.81803 100 20 0 0 0 0 0 0 0 0 0 0 0
67500 -276.085 0 0 0 1.54129 100 27 3.1168 100 29 0 0 0 -2.90325 100 15 0 0 0 0 0 0 0 0 0 0 0
67600 -278.045 0 0 0 2.03529 100 22 7.2185 100 29 0 0 0 -3.37616 100 19 0 0 0 0 0 0 0 0 0 0 0
67700 -278.917 0 0 0 0.915393 100 28 0.252752 100 20 0 0 0 -2.76111 100 15 0 0 0 0 0 0 0 0 0 0 0
67800 -275.921 0 0 0 1.77812 100 26 4.22533 100 20 0 0 0 -3.14618 100 18 0 0 0 0 0 0 0 0 0 0 0
67900 -276.551 0 0 0 1.14665 100 29 1.10257 100 21 0 0 0 -2.61979 100 21 0 0 0 0 0 0 0 0 0 0 0
68000 -277.619 0 0 0 1.22115 100 23 -0.25443 100 32 0 0 0 -2.60191 100 29 0 0 0 0 0 0 0 0 0 0 0
68100 -276.417 0 0 0 2.14601 100 16 4.94324 100 25 0 0 0 -3.353 100 25 0 0 0 0 0 0 0 0 0 0 0
68200 -277.224 0 0 0 1.44071 100 19 3.00975 100 26 0 0 0 -2.72262 100 24 0 0 0 0 0 0 0 0 0 0 0
68300 -278.659 0 0 0 1.69089 100 22 1.85756 100 20 0 0 0 -2.77544 100 17 0 0 0 0 0 0 0 0 0 0 0
68400 -276.085 0 0 0 1.67199 100 24 3.2493 100 27 0 0 0 -3.13 100 17 0 0 0 0 0 0 0 0 0 0 0
68500 -277.459 0 0 0 1.84637 100 10 3.48908 100 30 0 0 0 -3.38718 100 23 0 0 0 0 0 0 0 0 0 0 0
68600 -276.166 0 0 0 1.64735 100 20 3.1314 100 28 0 0 0 -3.12614 100 16 0 0 0 0 0 0 0 0 0 0 0
68700 -276.057 0 0 0 1.56878 100 25 3.93903 100 27 0 0 0 -3.09321 100 24 0 0 0 0 0 0 0 0 0 0 0
68800 -276.439 0 0 0 2.13167 100 31 4.80451 100 17 0 0 0 -3.46886 100 28 0 0 0 0 0 0 0 0 0 0 0
68900 -278.643 0 0 0 0.846844 100 26 2.19787 100 25 0 0 0 -2.77576 100 18 0 0 0 0 0 0 0 0 0 0 0
69000 -276.167 0 0 0 1.98936 100 24 4.35717 100 22 0 0 0 -3.25302 100 21 0 0 0 0 0 0 0 0 0 0 0
69100 -278.848 0 0 0 2.48659 100 25 4.56954 100 28 0 0 0 -3.43354 100 21 0 0 0 0 0 0 0 0 0 0 0
69200 -278.766 0 0 0 2.14171 100 19 7.76713 100 25 0 0 0 -3.74048 100 23 0 0 0 0 0 0 0 0 0 0 0
69300 -278.747 0 0 0 2.07437 100 28 2.24188 100 25 0 0 0 -3.41769 100 12 0 0 0 0 0 0 0 0 0 0 0
69400 -276.163 0 0 0 1.94664 100 27 5.03974 100 33 0 0 0 -3.36593 100 21 0 0 0 0 0 0 0 0 0 0 0
69500 -276.919 0 0 0 2.00538 100 23 3.01253 100 24 0 0 0 -3.23722 100 28 0 0 0 0 0 0 0 0 0 0 0
69600 -276.83 0 0 0 1.04266 100 27 2.661 100 19 0 0 0 -2.72194 100 18 0 0 0 0 0 0 0 0 0 0 0
69700 -276.779 0 0 0 1.98133 100 23 3.37004 100 25 0 0 0 -3.16226 100 16 0 0 0 0 0 0 0 0 0 0 0
69800 -276.943 0 0 0 2.02229 100 24 3.47642 100 19 0 0 0 -3.17572 100 18 0 0 0 0 0 0 0 0 0 0 0
69900 -279.1 0 0 0 0.582901 100 25 2.04424 100 21 0 0 0 -2.39185 100 27 0 0 0 0 0 0 0 0 0 0 0
70000 -276.84 0 0 0 1.92381 100 23 5.42809 100 20 0 0 0 -3.46337 100 12 0 0 0 0 0 0 0 0 0 0 0
70100 -276.208 0 0 0 1.35854 100 22 2.36284 100 24 0 0 0 -2.76837 100 14 0 0 0 0 0 0 0 0 0 0 0
70200 -276.543 0 0 0 1.85409 100 15 3.85754 100 26 0 0 0 -3.32749 100 31 0 0 0 0 0 0 0 0 0 0 0
70300 -277.631 0 0 0 2.05833 100 21 3.04291 100 23 0 0 0 -3.41454 100 18 0 0 0 0 0 0 0 0 0 0 0
70400 -276.395 0 0 0 1.27273 100 27 3.37142 100 34 0 0 0 -2.8217 100 18 0 0 0 0 0 0 0 0 0 0 0
70500 -278.878 0 0 0 2.46114 100 22 4.61121 100 23 0 0 0 -3.40258 100 21 0 0 0 0 0 0 0 0 0 0 0
70600 -278.6 0 0 0 2.33116 100 24 4.50243 100 28 0 0 0 -3.29744 100 13 0 0 0 0 0 0 0 0 0 0 0
70700 -277.541 0 0 0 1.86587 100 21 2.51392 100 18 0 0 0 -3.30195 100 27 0 0 0 0 0 0 0 0 0 0 0
70800 -276.623 0 0 0 1.80057 100 27 3.85257 100 25 0 0 0 -3.01683 100 26 0 0 0 0 0 0 0 0 0 0 0
70900 -277.602 0 0 0 0.908832 100 23 1.86108 100 27 0 0 0 -2.44389 100 26 0 0 0 0 0 0 0 0 0 0 0
71000 -278.656 0 0 0 2.33457 100 23 7.71606 100 28 0 0 0 -3.49179 100 23 0 0 0 0 0 0 0 0 0 0 0
71100 -276.207 0 0 0 1.92414 100 25 3.68029 100 25 0 0 0 -3.22532 100 20 0 0 0 0 0 0 0 0 0 0 0
71200 -277.739 0 0 0 2.10705 100 20 6.54425 100 33 0 0 0 -3.30508 100 15 0 0 0 0 0 0 0 0 0 0 0
71300 -279.099 0 0 0 2.67522 100 29 7.95864 100 23 0 0 0 -4.11416 100 20 0 0 0 0 0 0 0 0 0 0 0
71400 -278.045 0 0 0 0.81454 100 23 2.02177 100 19 0 0 0 -2.68186 100 26 0 0 0 0 0 0 0 0 0 0 0
71500 -276.629 0 0 0 1.05309 100 22 2.1099 100 29 0 0 0 -2.71785 100 20 0 0 0 0 0 0 0 0 0 0 0
71600 -276.229 0 0 0 1.68784 100 23 4.57218 100 19 0 0 0 -3.06082 100 21 0 0 0 0 0 0 0 0 0 0 0
71700 -277.166 0 0 0 1.50692 100 26 2.69147 100 26 0 0 0 -2.74926 100 16 0 0 0 0 0 0 0 0 0 0 0
71800 -276.579 0 0 0 2.09546 100 29 4.16517 100 24 0 0 0 -3.28405 100 13 0 0 0 0 0 0 0 0 0 0 0
71900 -276.037 0 0 0 1.90559 100 24 4.64313 100 21 0 0 0 -3.30315 100 17 0 0 0 0 0 0 0 0 0 0 0
72000 -276.282 0 0 0 1.96414 100 24 3.85329 100 20 0 0 0 -3.2998 100 19 0 0 0 0 0 0 0 0 0 0 0
72100 -276.717 0 0 0 1.23153 100 31 3.06565 100 23 0 0 0 -2.92385 100 19 0 0 0 0 0 0 0 0 0 0 0
72200 -276.681 0 0 0 2.2973 100 25 5.25642 100 24 0 0 0 -3.57234 100 17 0 0 0 0 0 0 0 0 0 0 0
72300 -282.284 0 0 0 2.6736 100 27 2.55572 100 23 0 0 0 -3.77239 100 16 0 0 0 0 0 0 0 0 0 0 0
72400 -277.036 0 0 0 2.06001 100 21 3.56103 100 26 0 0 0 -3.19972 100 15 0 0 0 0 0 0 0 0 0 0 0
72500 -277.682 0 0 0 1.46604 100 20 0.625347 100 21 0 0 0 -2.95311 100 15 0 0 0 0 0 0 0 0 0 0 0
72600 -279.708 0 0 0 0.408666 100 23 -2.33854 100 25 0 0 0 -2.19524 100 27 0 0 0 0 0 0 0 0 0 0 0
72700 -276.312 0 0 0 1.43162 100 15 3.95412 100 24 0 0 0 -2.91742 100 17 0 0 0 0 0 0 0 0 0 0 0
72800 -278.745 0 0 0 0.606654 100 16 -1.14665 100 25 0 0 0 -2.40468 100 21 0 0 0 0 0 0 0 0 0 0 0
72900 -278.309 0 0 0 2.16755 100 25 3.521 100 23 0 0 0 -3.56628 100 18 0 0 0 0 0 0 0 0 0 0 0
73000 -276.327 0 0 0 1.86675 100 21 4.06443 100 27 0 0 0 -3.31781 100 20 0 0 0 0 0 0 0 0 0 0 0
73100 -276.087 0 0 0 1.52165 100 24 2.68873 100 21 0 0 0 -2.88748 100 14 0 0 0 0 0 0 0 0 0 0 0
73200 -276.463 0 0 0 1.69172 100 22 2.53502 100 26 0 0 0 -2.96165 100 21 0 0 0 0 0 0 0 0 0 0 0
73300 -275.892 0 0 0 1.60308 100 25 3.52993 100 26 0 0 0 -3.01285 100 20 0 0 0 0 0 0 0 0 0 0 0
73400 -275.954 0 0 0 1.59435 100 27 3.08606 100 21 0 0 0 -2.97302 100 19 0 0 0 0 0 0 0 0 0 0 0
73500 -277.709 0 0 0 2.68048 100 26 6.81366 100 24 0 0 0 -3.72747 100 26 0 0 0 0 0 0 0 0 0 0 0
73600 -276.41 0 0 0 1.38339 100 22 4.01046 100 25 0 0 0 -2.94197 100 24 0 0 0 0 0 0 0 0 0 0 0
73700 -278.311 0 0 0 2.11514 100 20 2.33936 100 24 0 0 0 -3.36161 100 21 0 0 0 0 0 0 0 0 0 0 0
73800 -277.36 0 0 0 1.51163 100 24 1.71839 100 29 0 0 0 -2.73096 100 24 0 0 0 0 0 0 0 0 0 0 0
73900 -278.981 0 0 0 0.681019 100 19 0.756643 100 23 0 0 0 -2.20994 100 20 0 0 0 0 0 0 0 0 0 0 0
74000 -276.618 0 0 0 2.09094 100 24 3.84034 100 30 0 0 0 -3.32329 100 27 0 0 0 0 0 0 0 0 0 0 0
74100 -276.172 0 0 0 2.01052 100 21 5.42022 100 11 0 0 0 -3.38342 100 23 0 0 0 0 0 0 0 0 0 0 0
74200 -277.95 0 0 0 1.49395 100 28 5.44154 100 24 0 0 0 -3.23031 100 26 0 0 0 0 0 0 0 0 0 0 0
74300 -277.402 0 0 0 2.47053 100 13 5.74982 100 28 0 0 0 -3.76624 100 19 0 0 0 0 0 0 0 0 0 0 0
74400 -277.586 0 0 0 2.12672 100 16 5.36591 100 26 0 0 0 -3.64186 100 20 0 0 0 0 0 0 0 0 0 0 0
74500 -277.605 0 0 0 1.48865 100 23 1.02119 100 27 0 0 0 -2.71541 100 18 0 0 0 0 0 0 0 0 0 0 0
74600 -277.439 0 0 0 2.62988 100 25 7.77075 100 21 0 0 0 -3.83014 100 17 0 0 0 0 0 0 0 0 0 0 0
74700 -275.957 0 0 0 1.51534 100 19 2.7333 100 35 0 0 0 -2.94344 100 16 0 0 0 0 0 0 0 0 0 0 0
74800 -277.523 0 0 0 1.7848 100 24 1.54634 100 15 0 0 0 -3.11227 100 17 0 0 0 0 0 0 0 0 0 0 0
74900 -277.427 0 0 0 0.918531 100 23 1.46687 100 23 0 0 0 -2.43174 100 19 0 0 0 0 0 0 0 0 0 0 0
75000 -277.861 0 0 0 0.730623 100 26 1.22369 100 32 0 0 0 -2.56229 100 19 0 0 0 0 0 0 0 0 0 0 0
75100 -277.526 0 0 0 1.44092 100 27 4.7068 100 23 0 0 0 -2.86921 100 16 0 0 0 0 0 0 0 0 0 0 0
75200 -277.13 0 0 0 1.47343 100 25 4.32402 100 27 0 0 0 -2.85662 100 19 0 0 0 0 0 0 0 0 0 0 0
75300 -277.325 0 0 0 1.7305 100 19 4.69491 100 17 0 0 0 -2.9708 100 22 0 0 0 0 0 0 0 0 0 0 0
75400 -278.105 0 0 0 0.96607 100 25 -1.004 100 34 0 0 0 -2.56363 100 17 0 0 0 0 0 0 0 0 0 0 0
75500 -277.169 0 0 0 0.967497 100 27 1.74541 100 22 0 0 0 -2.72468 100 17 0 0 0 0 0 0 0 0 0 0 0
75600 -278.835 0 0 0 1.28322 100 29 3.13711 100 20 0 0 0 -2.56643 100 19 0 0 0 0 0 0 0 0 0 0 0
75700 -277.837 0 0 0 0.646209 100 25 0.559625 100 25 0 0 0 -2.34026 100 14 0 0 0 0 0 0 0 0 0 0 0
75800 -277.218 0 0 0 1.52648 100 21 5.10021 100 16 0 0 0 -2.9823 100 27 0 0 0 0 0 0 0 0 0 0 0
75900 -279.092 0 0 0 0.592699 100 21 0.923707 100 32 0 0 0 -2.20802 100 18 0 0 0 0 0 0 0 0 0 0 0
76000 -278.121 0 0 0 2.51964 100 22 5.40658 100 17 0 0 0 -3.82566 100 18 0 0 0 0 0 0 0 0 0 0 0
76100 -276.035 0 0 0 1.5094 100 24 2.96279 100 25 0 0 0 -3.01674 100 16 0 0 0 0 0 0 0 0 0 0 0
76200 -276.638 0 0 0 1.03167 100 23 2.17204 100 26 0 0 0 -2.65367 100 21 0 0 0 0 0 0 0 0 0 0 0
76300 -277.634 0 0 0 0.723768 100 21 1.18353 100 32 0 0 0 -2.40683 100 27 0 0 0 0 0 0 0 0 0 0 0
76400 -276.281 0 0 0 1.51458 100 20 1.97586 100 32 0 0 0 -2.93584 100 19 0 0 0 0 0 0 0 0 0 0 0
76500 -278.397 0 0 0 2.4118 100 22 3.63753 100 29 0 0 0 -3.55665 100 26 0 0 0 0 0 0 0 0 0 0 0
76600 -277.683 0 0 0 1.96944 100 21 6.40281 100 26 0 0 0 -3.23874 100 26 0 0 0 0 0 0 0 0 0 0 0
76700 -276.236 0 0 0 1.84163 100 21 3.85007 100 27 0 0 0 -3.27574 100 14 0 0 0 0 0 0 0 0 0 0 0
76800 -278.763 0 0 0 2.28393 100 23 4.95176 100 23 0 0 0 -3.76973 100 16 0 0 0 0 0 0 0 0 0 0 0
76900 -276.443 0 0 0 2.15735 100 22 6.05977 100 28 0 0 0 -3.44242 100 25 0 0 0 0 0 0 0 0 0 0 0
77000 -282.423 0 0 0 1.62052 100 23 -2.059 100 21 0 0 0 -2.76331 100 12 0 0 0 0 0 0 0 0 0 0 0
77100 -276.635 0 0 0 1.07548 100 22 2.5434 100 26 0 0 0 -2.723 100 19 0 0 0 0 0 0 0 0 0 0 0
77200 -276.716 0 0 0 2.17448 100 17 6.23746 100 18 0 0 0 -3.41301 100 15 0 0 0 0 0 0 0 0 0 0 0
77300 -278.657 0 0 0 2.45236 100 16 4.22355 100 28 0 0 0 -3.43035 100 16 0 0 0 0 0 0 0 0 0 0 0
77400 -280.294 0 0 0 1.32037 100 17 4.58986 100 26 0 0 0 -2.65341 100 24 0 0 0 0 0 0 0 0 0 0 0
77500 -276.858 0 0 0 1.64295 100 26 4.04987 100 24 0 0 0 -2.9149 100 18 0 0 0 0 0 0 0 0 0 0 0
77600 -277.483 0 0 0 1.46746 100 26 5.20273 100 20 0 0 0 -3.15768 100 23 0 0 0 0 0 0 0 0 0 0 0
77700 -276.969 0 0 0 1.23627 100 19 3.17088 100 22 0 0 0 -2.68593 100 19 0 0 0 0 0 0 0 0 0 0 0
77800 -276.661 0 0 0 1.07306 100 23 1.32242 100 23 0 0 0 -2.71296 100 22 0 0 0 0 0 0 0 0 0 0 0
77900 -278.022 0 0 0 0.847502 100 24 -1.0496 100 25 0 0 0 -2.47408 100 19 0 0 0 0 0 0 0 0 0 0 0
78000 -277.155 0 0 0 2.49745 100 27 5.61281 100 27 0 0 0 -3.63547 100 23 0 0 0 0 0 0 0 0 0 0 0
78100 -276.959 0 0 0 2.16977 100 26 6.57312 100 30 0 0 0 -3.61606 100 15 0 0 0 0 0 0 0 0 0 0 0
78200 -278.067 0 0 0 1.1495 100 20 -0.880887 100 16 0 0 0 -2.57325 100 26 0 0 0 0 0 0 0 0 0 0 0
78300 -277.103 0 0 0 1.30501 100 25 0.380318 100 24 0 0 0 -2.75397 100 16 0 0 0 0 0 0 0 0 0 0 0
78400 -278.176 0 0 0 1.07727 100 20 3.75229 100 20 0 0 0 -2.64225 100 17 0 0 0 0 0 0 0 0 0 0 0
78500 -276.843 0 0 0 1.07464 100 20 0.560027 100 23 0 0 0 -2.65673 100 17 0 0 0 0 0 0 0 0 0 0 0
78600 -277.611 0 0 0 1.074 100 24 3.76104 100 23 0 0 0 -2.81307 100 21 0 0 0 0 0 0 0 0 0 0 0
78700 -275.914 0 0 0 1.63062 100 23 3.979 100 26 0 0 0 -3.08001 100 22 0 0 0 0 0 0 0 0 0 0 0
78800 -277.816 0 0 0 2.78083 100 21 6.74435 100 23 0 0 0 -3.90703 100 20 0 0 0 0 0 0 0 0 0 0 0
78900 -282.086 0 0 0 1.58568 100 20 7.05499 100 14 0 0 0 -3.00982 100 19 0 0 0 0 0 0 0 0 0 0 0
79000 -279 0 0 0 1.06455 100 21 2.60925 100 25 0 0 0 -2.44096 100 16 0 0 0 0 0 0 0 0 0 0 0
79100 -277.797 0 0 0 0.705714 100 23 -0.480185 100 26 0 0 0 -2.40727 100 25 0 0 0 0 0 0 0 0 0 0 0
79200 -276.002 0 0 0 1.38917 100 27 2.52176 100 35 0 0 0 -2.8734 100 17 0 0 0 0 0 0 0 0 0 0 0
79300 -276.022 0 0 0 1.46361 100 22 3.6248 100 24 0 0 0 -2.96065 100 25 0 0 0 0 0 0 0 0 0 0 0
79400 -277.114 0 0 0 2.52648 100 19 6.02633 100 24 0 0 0 -3.72697 100 21 0 0 0 0 0 0 0 0 0 0 0
79500 -276.072 0 0 0 1.67491 100 24 2.89073 100 21 0 0 0 -3.06652 100 17 0 0 0 0 0 0 0 0 0 0 0
79600 -276.748 0 0 0 2.18518 100 26 6.67783 100 18 0 0 0 -3.50764 100 19 0 0 0 0 0 0 0 0 0 0 0
79700 -278.691 0 0 0 1.63441 100 23 0.663211 100 27 0 0 0 -2.7742 100 24 0 0 0 0 0 0 0 0 0 0 0
79800 -278.14 0 0 0 1.96799 100 22 5.77476 100 28 0 0 0 -3.12738 100 24 0 0 0 0 0 0 0 0 0 0 0
79900 -275.995 0 0 0 1.62574 100 18 2.89121 100 29 0 0 0 -3.02609 100 21 0 0 0 0 0 0 0 0 0 0 0
80000 -279.835 0 0 0 0.572702 100 24 2.63892 100 29 0 0 0 -2.49328 100 23 0 0 0 0 0 0 0 0 0 0 0
80100 -278.761 0 0 0 1.17352 100 20 3.35475 100 18 0 0 0 -2.55416 100 11 0 0 0 0 0 0 0 0 0 0 0
80200 -276.271 0 0 0 1.98091 100 28 4.16985 100 25 0 0 0 -3.21867 100 19 0 0 0 0 0 0 0 0 0 0 0
80300 -276.466 0 0 0 2.13962 100 15 5.6241 100 21 0 0 0 -3.36709 100 21 0 0 0 0 0 0 0 0 0 0 0
80400 -279.337 0 0 0 1.34223 100 30 -0.472914 100 25 0 0 0 -2.92746 100 17 0 0 0 0 0 0 0 0 0 0 0
80500 -277.89 0 0 0 0.972365 100 20 -0.942323 100 23 0 0 0 -2.45266 100 20 0 0 0 0 0 0 0 0 0 0 0
80600 -277.042 0 0 0 2.04445 100 26 5.36812 100 26 0 0 0 -3.55219 100 12 0 0 0 0 0 0 0 0 0 0 0
80700 -279.779 0 0 0 1.98362 100 19 4.09174 100 23 0 0 0 -3.64091 100 13 0 0 0 0 0 0 0 0 0 0 0
80800 -276.514 0 0 0 1.81732 100 29 5.02425 100 30 0 0 0 -3.35243 100 15 0 0 0 0 0 0 0 0 0 0 0
80900 -277.085 0 0 0 1.37383 100 28 1.30699 100 26 0 0 0 -2.94754 100 26 0 0 0 0 0 0 0 0 0 0 0
81000 -277.246 0 0 0 1.31249 100 20 1.24535 100 27 0 0 0 -2.60909 100 21 0 0 0 0 0 0 0 0 0 0 0
81100 -276.504 0 0 0 1.54742 100 28 4.00304 100 32 0 0 0 -3.15854 100 25 0 0 0 0 0 0 0 0 0 0 0
81200 -276.525 0 0 0 1.42498 100 17 4.33061 100 24 0 0 0 -2.96536 100 17 0 0 0 0 0 0 0 0 0 0 0
81300 -278.27 0 0 0 1.94939 100 30 7.40464 100 26 0 0 0 -3.47525 100 23 0 0 0 0 0 0 0 0 0 0 0
81400 -276.457 0 0 0 1.77384 100 17 2.70901 100 28 0 0 0 -3.15109 100 18 0 0 0 0 0 0 0 0 0 0 0
81500 -277.202 0 0 0 2.36792 100 28 4.80885 100 21 0 0 0 -3.61126 100 26 0 0 0 0 0 0 0 0 0 0 0
81600 -277.186 0 0 0 1.58921 100 13 4.42952 100 26 0 0 0 -2.89841 100 17 0 0 0 0 0 0 0 0 0 0 0
81700 -278.254 0 0 0 0.698926 100 20 -1.22792 100 34 0 0 0 -2.2754 100 27 0 0 0 0 0 0 0 0 0 0 0
81800 -277.042 0 0 0 1.86279 100 23 4.08338 100 21 0 0 0 -3.40044 100 21 0 0 0 0 0 0 0 0 0 0 0
81900 -276.428 0 0 0 2.20255 100 22 5.30611 100 14 0 0 0 -3.41713 100 15 0 0 0 0 0 0 0 0 0 0 0
82000 -276.235 0 0 0 1.87482 100 23 3.37334 100 19 0 0 0 -3.18247 100 18 0 0 0 0 0 0 0 0 0 0 0
82100 -276.474 0 0 0 1.60861 100 20 2.77901 100 23 0 0 0 -2.88208 100 22 0 0 0 0 0 0 0 0 0 0 0
82200 -277.292 0 0 0 1.40263 100 31 0.403695 100 25 0 0 0 -2.78458 100 20 0 0 0 0 0 0 0 0 0 0 0
82300 -276.282 0 0 0 1.46645 100 27 2.94705 100 29 0 0 0 -2.82511 100 18 0 0 0 0 0 0 0 0 0 0 0
82400 -278.18 0 0 0 1.53531 100 18 5.91915 100 34 0 0 0 -3.24624 100 23 0 0 0 0 0 0 0 0 0 0 0
82500 -276.544 0 0 0 1.12922 100 20 2.74715 100 31 0 0 0 -2.71866 100 22 0 0 0 0 0 0 0 0 0 0 0
82600 -277.659 0 0 0 1.58698 100 22 5.9339 100 29 0 0 0 -3.17721 100 20 0 0 0 0 0 0 0 0 0 0 0
82700 -276.747 0 0 0 1.11013 100 25 0.735262 100 25 0 0 0 -2.57785 100 17 0 0 0 0 0 0 0 0 0 0 0
82800 -276.175 0 0 0 1.90548 100 25 3.67569 100 23 0 0 0 -3.19657 100 25 0 0 0 0 0 0 0 0 0 0 0
82900 -277.473 0 0 0 2.44109 100 22 4.70795 100 30 0 0 0 -3.57816 100 25 0 0 0 0 0 0 0 0 0 0 0
83000 -276.416 0 0 0 1.39298 100 31 2.76422 100 17 0 0 0 -3.0015 100 25 0 0 0 0 0 0 0 0 0 0 0
83100 -279.033 0 0 0 2.42979 100 22 3.29718 100 28 0 0 0 -3.59236 100 22 0 0 0 0 0 0 0 0 0 0 0
83200 -278.394 0 0 0 1.55181 100 28 -0.0574461 100 23 0 0 0 -2.87004 100 22 0 0 0 0 0 0 0 0 0 0 0
83300 -276.188 0 0 0 1.63082 100 27 4.63372 100 23 0 0 0 -3.08462 100 20 0 0 0 0 0 0 0 0 0 0 0
83400 -277.853 0 0 0 1.02675 100 13 0.76797 100 17 0 0 0 -2.40001 100 15 0 0 0 0 0 0 0 0 0 0 0
83500 -277.659 0 0 0 1.26031 100 19 0.0972908 100 27 0 0 0 -2.80745 100 25 0 0 0 0 0 0 0 0 0 0 0
83600 -277.647 0 0 0 2.12647 100 29 3.53384 100 26 0 0 0 -3.49374 100 14 0 0 0 0 0 0 0 0 0 0 0
83700 -275.891 0 0 0 1.55704 100 16 3.30912 100 35 0 0 0 -3.00963 100 20 0 0 0 0 0 0 0 0 0 0 0
83800 -277.082 0 0 0 1.54184 100 32 5.02976 100 28 0 0 0 -2.98581 100 25 0 0 0 0 0 0 0 0 0 0 0
83900 -275.928 0 0 0 1.56625 100 26 3.08754 100 16 0 0 0 -3.01951 100 14 0 0 0 0 0 0 0 0 0 0 0
84000 -277.435 0 0 0 0.972322 100 19 1.70057 100 24 0 0 0 -2.45613 100 20 0 0 0 0 0 0 0 0 0 0 0
84100 -276.736 0 0 0 1.40981 100 27 3.11918 100 22 0 0 0 -3.06791 100 20 0 0 0 0 0 0 0 0 0 0 0
84200 -276.485 0 0 0 2.13433 100 24 4.33375 100 30 0 0 0 -3.3662 100 16 0 0 0 0 0 0 0 0 0 0 0
84300 -277.408 0 0 0 1.39443 100 23 3.86571 100 25 0 0 0 -3.13928 100 17 0 0 0 0 0 0 0 0 0 0 0
84400 -277.142 0 0 0 1.65841 100 18 5.24174 100 25 0 0 0 -3.30585 100 12 0 0 0 0 0 0 0 0 0 0 0
84500 -278.76 0 0 0 2.42545 100 23 6.40808 100 24 0 0 0 -3.40895 100 14 0 0 0 0 0 0 0 0 0 0 0
84600 -277.71 0 0 0 2.75867 100 22 8.00775 100 27 0 0 0 -3.91701 100 16 0 0 0 0 0 0 0 0 0 0 0
84700 -277.536 0 0 0 2.55454 100 19 7.43261 100 26 0 0 0 -3.88943 100 14 0 0 0 0 0 0 0 0 0 0 0
84800 -277.107 0 0 0 1.4228 100 27 4.30788 100 29 0 0 0 -2.8476 100 29 0 0 0 0 0 0 0 0 0 0 0
84900 -276.291 0 0 0 1.17586 100 20 2.40952 100 25 0 0 0 -2.74177 100 14 0 0 0 0 0 0 0 0 0 0 0
85000 -276.22 0 0 0 1.96773 100 24 4.58362 100 23 0 0 0 -3.3706 100 23 0 0 0 0 0 0 0 0 0 0 0
85100 -278.792 0 0 0 2.66235 100 20 8.55161 100 23 0 0 0 -3.75698 100 13 0 0 0 0 0 0 0 0 0 0 0
85200 -277.009 0 0 0 0.968152 100 27 1.58515 100 32 0 0 0 -2.69587 100 11 0 0 0 0 0 0 0 0 0 0 0
85300 -277.105 0 0 0 0.87406 100 20 1.6966 100 22 0 0 0 -2.52118 100 16 0 0 0 0 0 0 0 0 0 0 0
85400 -277.007 0 0 0 1.00228 100 21 0.897937 100 23 0 0 0 -2.4804 100 20 0 0 0 0 0 0 0 0 0 0 0
85500 -277.402 0 0 0 1.01817 100 23 0.815602 100 22 0 0 0 -2.43699 100 23 0 0 0 0 0 0 0 0 0 0 0
85600 -276.585 0 0 0 1.57863 100 24 4.7029 100 20 0 0 0 -2.99911 100 12 0 0 0 0 0 0 0 0 0 0 0
85700 -276.278 0 0 0 1.62888 100 31 4.43714 100 29 0 0 0 -3.18208 100 24 0 0 0 0 0 0 0 0 0 0 0
85800 -277.146 0 0 0 1.25316 100 29 3.88806 100 23 0 0 0 -2.76986 100 18 0 0 0 0 0 0 0 0 0 0 0
85900 -276.621 0 0 0 1.78937 100 24 2.99748 100 23 0 0 0 -3.23128 100 18 0 0 0 0 0 0 0 0 0 0 0
86000 -277.263 0 0 0 1.14362 100 19 -0.00988575 100 20 0 0 0 -2.67385 100 32 0 0 0 0 0 0 0 0 0 0 0
86100 -277.625 0 0 0 0.915707 100 25 2.6613 100 21 0 0 0 -2.71863 100 23 0 0 0 0 0 0 0 0 0 0 0
86200 -277.136 0 0 0 1.86944 100 22 2.74895 100 25 0 0 0 -3.02885 100 15 0 0 0 0 0 0 0 0 0 0 0
86300 -275.947 0 0 0 1.81273 100 25 4.08462 100 26 0 0 0 -3.15239 100 21 0 0 0 0 0 0 0 0 0 0 0
86400 -277.24 0 0 0 1.67801 100 21 3.98782 100 21 0 0 0 -3.31623 100 22 0 0 0 0 0 0 0 0 0 0 0
86500 -277.644 0 0 0 2.5714 100 31 8.04147 100 28 0 0 0 -3.78397 100 21 0 0 0 0 0 0 0 0 0 0 0
86600 -276.048 0 0 0 1.93163 100 18 4.29738 100 22 0 0 0 -3.28373 100 20 0 0 0 0 0 0 0 0 0 0 0
86700 -278.493 0 0 0 1.59434 100 23 3.51208 100 21 0 0 0 -2.75193 100 17 0 0 0 0 0 0 0 0 0 0 0
86800 -276.078 0 0 0 1.44199 100 18 3.58995 100 22 0 0 0 -2.92023 100 19 0 0 0 0 0 0 0 0 0 0 0
86900 -276.209 0 0 0 1.61004 100 17 2.88716 100 28 0 0 0 -2.92222 100 28 0 0 0 0 0 0 0 0 0 0 0
87000 -278.903 0 0 0 1.00968 100 21 -0.407388 100 22 0 0 0 -2.75732 100 16 0 0 0 0 0 0 0 0 0 0 0
87100 -277.025 0 0 0 0.883405 100 23 0.495847 100 24 0 0 0 -2.47552 100 19 0 0 0 0 0 0 0 0 0 0 0
87200 -276.428 0 0 0 1.14345 100 24 2.44937 100 24 0 0 0 -2.69313 100 24 0 0 0 0 0 0 0 0 0 0 0
87300 -276.669 0 0 0 1.62873 100 16 3.71098 100 22 0 0 0 -3.22239 100 19 0 0 0 0 0 0 0 0 0 0 0
87400 -276.044 0 0 0 1.77884 100 18 4.71795 100 23 0 0 0 -3.23057 100 14 0 0 0 0 0 0 0 0 0 0 0
87500 -276.916 0 0 0 1.8547 100 26 4.81329 100 25 0 0 0 -3.41901 100 24 0 0 0 0 0 0 0 0 0 0 0
87600 -277.977 0 0 0 2.53907 100 21 5.10801 100 23 0 0 0 -3.56142 100 16 0 0 0 0 0 0 0 0 0 0 0
87700 -279.914 0 0 0 3.25274 100 20 10.1858 100 30 0 0 0 -4.4451 100 24 0 0 0 0 0 0 0 0 0 0 0
87800 -277.289 0 0 0 1.52983 100 22 0.788709 100 21 0 0 0 -2.89472 100 22 0 0 0 0 0 0 0 0 0 0 0
87900 -278.315 0 0 0 2.57916 100 21 8.58882 100 28 0 0 0 -3.78894 100 16 0 0 0 0 0 0 0 0 0 0 0
88000 -276.384 0 0 0 1.66922 100 28 4.96425 100 17 0 0 0 -3.20547 100 24 0 0 0 0 0 0 0 0 0 0 0
88100 -277.301 0 0 0 1.044 100 23 2.37235 100 16 0 0 0 -2.53799 100 24 0 0 0 0 0 0 0 0 0 0 0
88200 -276.177 0 0 0 1.89605 100 21 4.98838 100 32 0 0 0 -3.20806 100 14 0 0 0 0 0 0 0 0 0 0 0
88300 -277.222 0 0 0 1.84164 100 22 3.46892 100 31 0 0 0 -2.98468 100 18 0 0 0 0 0 0 0 0 0 0 0
88400 -277.105 0 0 0 0.909131 100 24 0.78369 100 33 0 0 0 -2.60989 100 17 0 0 0 0 0 0 0 0 0 0 0
88500 -277.028 0 0 0 2.07658 100 24 4.42129 100 15 0 0 0 -3.50907 100 21 0 0 0 0 0 0 0 0 0 0 0
88600 -275.967 0 0 0 1.44407 100 27 2.74721 100 30 0 0 0 -2.8867 100 20 0 0 0 0 0 0 0 0 0 0 0
88700 -276.16 0 0 0 1.4287 100 14 2.92498 100 24 0 0 0 -2.99125 100 18 0 0 0 0 0 0 0 0 0 0 0
88800 -276.203 0 0 0 1.47946 100 20 2.19392 100 24 0 0 0 -2.84796 100 27 0 0 0 0 0 0 0 0 0 0 0
88900 -277.077 0 0 0 1.78257 100 14 1.95483 100 31 0 0 0 -3.12131 100 18 0 0 0 0 0 0 0 0 0 0 0
89000 -276.37 0 0 0 1.55044 100 21 4.0914 100 21 0 0 0 -3.14105 100 21 0 0 0 0 0 0 0 0 0 0 0
89100 -277.122 0 0 0 1.72793 100 15 3.70485 100 21 0 0 0 -3.31887 100 19 0 0 0 0 0 0 0 0 0 0 0
89200 -281.9 0 0 0 2.98604 100 16 4.49159 100 26 0 0 0 -4.05797 100 14 0 0 0 0 0 0 0 0 0 0 0
89300 -278.949 0 0 0 3.12628 100 24 9.38078 100 17 0 0 0 -4.21977 100 15 0 0 0 0 0 0 0 0 0 0 0
89400 -277.476 0 0 0 2.61767 100 34 6.49199 100 24 0 0 0 -3.85597 100 28 0 0 0 0 0 0 0 0 0 0 0
89500 -277.147 0 0 0 2.48738 100 18 7.13656 100 32 0 0 0 -3.79458 100 21 0 0 0 0 0 0 0 0 0 0 0
89600 -277.64 0 0 0 2.49069 100 20 7.95036 100 23 0 0 0 -3.8397 100 18 0 0 0 0 0 0 0 0 0 0 0
89700 -276.49 0 0 0 1.22874 100 16 3.01205 100 16 0 0 0 -2.73677 100 14 0 0 0 0 0 0 0 0 0 0 0
89800 -276.913 0 0 0 1.84117 100 20 5.65022 100 15 0 0 0 -3.16298 100 20 0 0 0 0 0 0 0 0 0 0 0
89900 -276.977 0 0 0 1.33957 100 23 0.583922 100 26 0 0 0 -2.77217 100 16 0 0 0 0 0 0 0 0 0 0 0
90000 -276.576 0 0 0 1.73071 100 16 2.91202 100 27 0 0 0 -3.19858 100 18 0 0 0 0 0 0 0 0 0 0 0
90100 -276.523 0 0 0 1.43614 100 22 3.85911 100 17 0 0 0 -2.85914 100 14 0 0 0 0 0 0 0 0 0 0 0
90200 -277.016 0 0 0 1.36271 100 25 0.962661 100 28 0 0 0 -2.6838 100 30 0 0 0 0 0 0 0 0 0 0 0
90300 -278.756 0 0 0 1.51703 100 25 0.0269271 100 23 0 0 0 -2.70536 100 19 0 0 0 0 0 0 0 0 0 0 0
90400 -276.613 0 0 0 2.21211 100 25 4.60836 100 31 0 0 0 -3.46462 100 11 0 0 0 0 0 0 0 0 0 0 0
90500 -276.772 0 0 0 2.37825 100 24 5.74782 100 28 0 0 0 -3.5429 100 18 0 0 0 0 0 0 0 0 0 0 0
90600 -276.664 0 0 0 2.00938 100 22 3.95333 100 34 0 0 0 -3.39934 100 14 0 0 0 0 0 0 0 0 0 0 0
90700 -275.891 0 0 0 1.72393 100 23 4.08368 100 20 0 0 0 -3.13109 100 16 0 0 0 0 0 0 0 0 0 0 0
90800 -278.59 0 0 0 0.654338 100 27 -1.34507 100 25 0 0 0 -2.39294 100 19 0 0 0 0 0 0 0 0 0 0 0
90900 -276.301 0 0 0 1.67213 100 29 3.63057 100 20 0 0 0 -2.96359 100 21 0 0 0 0 0 0 0 0 0 0 0
91000 -276.834 0 0 0 1.48665 100 26 3.48997 100 22 0 0 0 -3.14268 100 21 0 0 0 0 0 0 0 0 0 0 0
91100 -278.42 0 0 0 1.27727 100 24 5.16345 100 28 0 0 0 -2.90539 100 23 0 0 0 0 0 0 0 0 0 0 0
91200 -276.993 0 0 0 1.23048 100 20 1.5618 100 25 0 0 0 -2.58604 100 15 0 0 0 0 0 0 0 0 0 0 0
91300 -276.347 0 0 0 1.63947 100 15 3.3193 100 23 0 0 0 -3.16735 100 19 0 0 0 0 0 0 0 0 0 0 0
91400 -275.977 0 0 0 1.55626 100 22 2.95483 100 22 0 0 0 -3.02147 100 13 0 0 0 0 0 0 0 0 0 0 0
91500 -277.34 0 0 0 1.20529 100 16 0.94758 100 26 0 0 0 -2.53725 100 18 0 0 0 0 0 0 0 0 0 0 0
91600 -277.359 0 0 0 1.6593 100 16 3.42504 100 20 0 0 0 -2.85093 100 18 0 0 0 0 0 0 0 0 0 0 0
91700 -275.96 0 0 0 1.56658 100 29 2.82699 100 24 0 0 0 -2.98231 100 20 0 0 0 0 0 0 0 0 0 0 0
91800 -278.013 0 0 0 0.8644 100 23 0.395908 100 28 0 0 0 -2.66301 100 22 0 0 0 0 0 0 0 0 0 0 0
91900 -276.9 0 0 0 1.55865 100 25 2.54157 100 17 0 0 0 -3.13284 100 22 0 0 0 0 0 0 0 0 0 0 0
92000 -276.336 0 0 0 1.98716 100 21 3.9937 100 31 0 0 0 -3.33786 100 18 0 0 0 0 0 0 0 0 0 0 0
92100 -277.011 0 0 0 1.11992 100 24 1.53514 100 21 0 0 0 -2.81837 100 21 0 0 0 0 0 0 0 0 0 0 0
92200 -276.882 0 0 0 1.73611 100 21 5.54094 100 33 0 0 0 -3.32083 100 19 0 0 0 0 0 0 0 0 0 0 0
92300 -278.057 0 0 0 2.34119 100 23 3.82782 100 25 0 0 0 -3.59066 100 19 0 0 0 0 0 0 0 0 0 0 0
92400 -280.865 0 0 0 3.60644 100 24 11.0065 100 23 0 0 0 -4.59547 100 23 0 0 0 0 0 0 0 0 0 0 0
92500 -276.811 0 0 0 2.3867 100 24 6.2959 100 19 0 0 0 -3.6894 100 23 0 0 0 0 0 0 0 0 0 0 0
92600 -276.479 0 0 0 1.44935 100 31 1.59349 100 27 0 0 0 -2.91123 100 23 0 0 0 0 0 0 0 0 0 0 0
92700 -278.612 0 0 0 2.08502 100 35 6.82437 100 34 0 0 0 -3.26905 100 29 0 0 0 0 0 0 0 0 0 0 0
92800 -277.092 0 0 0 1.23943 100 24 0.326602 100 26 0 0 0 -2.73799 100 19 0 0 0 0 0 0 0 0 0 0 0
92900 -276.716 0 0 0 1.07505 100 20 2.73303 100 23 0 0 0 -2.71515 100 23 0 0 0 0 0 0 0 0 0 0 0
93000 -278.67 0 0 0 2.30185 100 27 8.3484 100 26 0 0 0 -3.62085 100 21 0 0 0 0 0 0 0 0 0 0 0
93100 -277.255 0 0 0 2.36277 100 25 4.95672 100 15 0 0 0 -3.64691 100 17 0 0 0 0 0 0 0 0 0 0 0
93200 -276.875 0 0 0 1.90993 100 22 6.30275 100 29 0 0 0 -3.36685 100 16 0 0 0 0 0 0 0 0 0 0 0
93300 -277.016 0 0 0 1.81481 100 23 6.12441 100 22 0 0 0 -3.25992 100 14 0 0 0 0 0 0 0 0 0 0 0
93400 -277.566 0 0 0 2.60577 100 22 6.73155 100 20 0 0 0 -3.66723 100 8 0 0 0 0 0 0 0 0 0 0 0
93500 -276.449 0 0 0 1.69266 100 21 2.73614 100 25 0 0 0 -3.14653 100 16 0 0 0 0 0 0 0 0 0 0 0
93600 -276.963 0 0 0 1.47096 100 18 4.19587 100 26 0 0 0 -2.8563 100 25 0 0 0 0 0 0 0 0 0 0 0
93700 -278.711 0 0 0 1.73595 100 23 2.79604 100 16 0 0 0 -2.80565 100 20 0 0 0 0 0 0 0 0 0 0 0
93800 -276.278 0 0 0 1.74645 100 25 3.29179 100 29 0 0 0 -3.01326 100 23 0 0 0 0 0 0 0 0 0 0 0
93900 -276.882 0 0 0 0.987172 100 27 1.92636 100 32 0 0 0 -2.55207 100 20 0 0 0 0 0 0 0 0 0 0 0
94000 -277.924 0 0 0 1.76401 100 17 1.41021 100 33 0 0 0 -3.16111 100 16 0 0 0 0 0 0 0 0 0 0 0
94100 -277.261 0 0 0 2.27219 100 20 4.21034 100 22 0 0 0 -3.53915 100 16 0 0 0 0 0 0 0 0 0 0 0
94200 -276.027 0 0 0 1.68319 100 16 3.00861 100 23 0 0 0 -3.06593 100 18 0 0 0 0 0 0 0 0 0 0 0
94300 -276.478 0 0 0 1.77893 100 23 4.0556 100 29 0 0 0 -3.29899 100 27 0 0 0 0 0 0 0 0 0 0 0
94400 -276.161 0 0 0 1.72997 100 26 4.56867 100 25 0 0 0 -3.23449 100 14 0 0 0 0 0 0 0 0 0 0 0
94500 -276.372 0 0 0 1.52492 100 31 2.51957 100 23 0 0 0 -2.83815 100 13 0 0 0 0 0 0 0 0 0 0 0
94600 -276.434 0 0 0 1.61837 100 17 3.98212 100 26 0 0 0 -3.19822 100 22 0 0 0 0 0 0 0 0 0 0 0
94700 -281.762 0 0 0 1.47583 100 22 0.843766 100 36 0 0 0 -2.48003 100 18 0 0 0 0 0 0 0 0 0 0 0
94800 -276.131 0 0 0 1.56831 100 12 3.83417 100 30 0 0 0 -2.95367 100 22 0 0 0 0 0 0 0 0 0 0 0
94900 -276.783 0 0 0 1.50004 100 13 1.27697 100 27 0 0 0 -2.91788 100 21 0 0 0 0 0 0 0 0 0 0 0
95000 -276.163 0 0 0 1.94819 100 29 4.00494 100 26 0 0 0 -3.28651 100 23 0 0 0 0 0 0 0 0 0 0 0
95100 -279.384 0 0 0 0.40779 100 12 0.310074 100 29 0 0 0 -2.15344 100 23 0 0 0 0 0 0 0 0 0 0 0
95200 -276.006 0 0 0 1.42863 100 29 3.21356 100 26 0 0 0 -2.89259 100 17 0 0 0 0 0 0 0 0 0 0 0
95300 -278.568 0 0 0 1.57947 100 23 4.12311 100 24 0 0 0 -2.77998 100 20 0 0 0 0 0 0 0 0 0 0 0
95400 -279.14 0 0 0 1.5089 100 25 -0.0973044 100 32 0 0 0 -3.00911 100 17 0 0 0 0 0 0 0 0 0 0 0
95500 -281.167 0 0 0 0.048223 100 21 -1.72951 100 24 0 0 0 -2.00792 100 19 0 0 0 0 0 0 0 0 0 0 0
95600 -276.377 0 0 0 1.42103 100 20 1.58006 100 20 0 0 0 -2.86367 100 18 0 0 0 0 0 0 0 0 0 0 0
95700 -276.915 0 0 0 2.3608 100 21 5.17202 100 26 0 0 0 -3.50434 100 16 0 0 0 0 0 0 0 0 0 0 0
95800 -275.973 0 0 0 1.60844 100 25 3.2269 100 23 0 0 0 -3.0724 100 23 0 0 0 0 0 0 0 0 0 0 0
95900 -276.761 0 0 0 1.74355 100 21 4.38227 100 27 0 0 0 -3.32529 100 25 0 0 0 0 0 0 0 0 0 0 0
96000 -278.175 0 0 0 0.906952 100 20 2.5892 100 26 0 0 0 -2.78746 100 24 0 0 0 0 0 0 0 0 0 0 0
96100 -280.411 0 0 0 0.845615 100 24 1.129 100 23 0 0 0 -2.85865 100 19 0 0 0 0 0 0 0 0 0 0 0
96200 -277.103 0 0 0 1.39762 100 26 0.580643 100 25 0 0 0 -2.78663 100 25 0 0 0 0 0 0 0 0 0 0 0
96300 -276.574 0 0 0 2.13884 100 24 6.35804 100 24 0 0 0 -3.51544 100 15 0 0 0 0 0 0 0 0 0 0 0
96400 -276.894 0 0 0 2.19452 100 24 4.10376 100 26 0 0 0 -3.45483 100 17 0 0 0 0 0 0 0 0 0 0 0
96500 -276.644 0 0 0 1.91438 100 27 4.02333 100 31 0 0 0 -3.37601 100 21 0 0 0 0 0 0 0 0 0 0 0
96600 -277.811 0 0 0 1.24752 100 22 0.872081 100 19 0 0 0 -2.52358 100 24 0 0 0 0 0 0 0 0 0 0 0
96700 -277.008 0 0 0 1.79126 100 28 6.03228 100 26 0 0 0 -3.33396 100 19 0 0 0 0 0 0 0 0 0 0 0
96800 -277.926 0 0 0 0.761466 100 23 -0.851251 100 18 0 0 0 -2.3203 100 22 0 0 0 0 0 0 0 0 0 0 0
96900 -277.585 0 0 0 1.42584 100 21 0.478616 100 32 0 0 0 -2.90384 100 20 0 0 0 0 0 0 0 0 0 0 0
97000 -277.516 0 0 0 1.18907 100 25 0.12632 100 25 0 0 0 -2.76716 100 24 0 0 0 0 0 0 0 0 0 0 0
97100 -276.097 0 0 0 1.99 100 22 4.68017 100 19 0 0 0 -3.27777 100 12 0 0 0 0 0 0 0 0 0 0 0
97200 -277.416 0 0 0 1.42858 100 21 0.681802 100 26 0 0 0 -2.91698 100 20 0 0 0 0 0 0 0 0 0 0 0
97300 -279.554 0 0 0 1.961 100 15 3.39127 100 25 0 0 0 -3.56892 100 21 0 0 0 0 0 0 0 0 0 0 0
97400 -276.071 0 0 0 1.96597 100 23 4.80863 100 15 0 0 0 -3.26988 100 21 0 0 0 0 0 0 0 0 0 0 0
97500 -278.123 0 0 0 2.62513 100 21 7.11353 100 14 0 0 0 -3.64258 100 11 0 0 0 0 0 0 0 0 0 0 0
97600 -276.402 0 0 0 2.22101 100 25 5.38493 100 26 0 0 0 -3.50705 100 20 0 0 0 0 0 0 0 0 0 0 0
97700 -276.852 0 0 0 2.23054 100 21 6.5025 100 23 0 0 0 -3.4583 100 19 0 0 0 0 0 0 0 0 0 0 0
97800 -276.158 0 0 0 1.5264 100 31 2.81771 100 26 0 0 0 -3.04154 100 15 0 0 0 0 0 0 0 0 0 0 0
97900 -276.283 0 0 0 1.71445 100 20 2.60516 100 23 0 0 0 -3.04613 100 14 0 0 0 0 0 0 0 0 0 0 0
98000 -276.114 0 0 0 1.66128 100 32 2.76902 100 30 0 0 0 -3.05995 100 26 0 0 0 0 0 0 0 0 0 0 0
98100 -276.566 0 0 0 1.28651 100 19 2.62986 100 24 0 0 0 -2.94128 100 23 0 0 0 0 0 0 0 0 0 0 0
98200 -276.183 0 0 0 1.64472 100 22 4.56623 100 23 0 0 0 -3.16566 100 24 0 0 0 0 0 0 0 0 0 0 0
98300 -276.417 0 0 0 1.14469 100 22 1.30753 100 20 0 0 0 -2.68979 100 25 0 0 0 0 0 0 0 0 0 0 0
98400 -276.055 0 0 0 1.38028 100 17 2.42535 100 30 0 0 0 -2.82247 100 21 0 0 0 0 0 0 0 0 0 0 0
98500 -276.694 0 0 0 1.20463 100 22 2.35682 100 20 0 0 0 -2.63815 100 28 0 0 0 0 0 0 0 0 0 0 0
98600 -278.178 0 0 0 1.1438 100 20 1.38344 100 21 0 0 0 -2.92861 100 13 0 0 0 0 0 0 0 0 0 0 0
98700 -276.32 0 0 0 1.48286 100 27 1.82121 100 23 0 0 0 -2.9093 100 19 0 0 0 0 0 0 0 0 0 0 0
98800 -278.427 0 0 0 1.98209 100 26 4.00146 100 18 0 0 0 -3.01848 100 24 0 0 0 0 0 0 0 0 0 0 0
98900 -278.004 0 0 0 1.48279 100 21 2.34499 100 20 0 0 0 -3.17194 100 19 0 0 0 0 0 0 0 0 0 0 0
99000 -277.399 0 0 0 1.95417 100 33 3.03416 100 23 0 0 0 -3.37173 100 17 0 0 0 0 0 0 0 0 0 0 0
99100 -280.016 0 0 0 2.69584 100 23 4.29425 100 15 0 0 0 -3.60819 100 19 0 0 0 0 0 0 0 0 0 0 0
99200 -278.581 0 0 0 2.0281 100 22 3.88178 100 16 0 0 0 -3.57526 100 18 0 0 0 0 0 0 0 0 0 0 0
99300 -276.522 0 0 0 1.82692 100 21 3.07405 100 28 0 0 0 -3.05463 100 17 0 0 0 0 0 0 0 0 0 0 0
99400 -277.154 0 0 0 2.05725 100 23 6.75151 100 26 0 0 0 -3.54408 100 17 0 0 0 0 0 0 0 0 0 0 0
99500 -277.251 0 0 0 1.88578 100 20 6.31438 100 20 0 0 0 -3.45058 100 19 0 0 0 0 0 0 0 0 0 0 0
99600 -276.832 0 0 0 1.29862 100 19 3.74453 100 27 0 0 0 -2.78678 100 12 0 0 0 0 0 0 0 0 0 0 0
99700 -277.592 0 0 0 1.418 100 31 5.27334 100 23 0 0 0 -3.03054 100 21 0 0 0 0 0 0 0 0 0 0 0
99800 -276.881 0 0 0 1.11612 100 21 2.6159 100 27 0 0 0 -2.62124 100 12 0 0 0 0 0 0 0 0 0 0 0
99900 -278.198 0 0 0 1.46889 100 28 5.7491 100 23 0 0 0 -3.18478 100 12 0 0 0 0 0 0 0 0 0 0 0
100000 -277.707 0 0 0 2.46464 100 18 5.72253 100 21 0 0 0 -3.80073 100 27 0 0 0 0 0 0 0 0 0 0 0
