iteration logLik intercept1 intercept1_p intercept1_a pcov2 pcov2_p pcov2_a pcov3 pcov3_p pcov3_a pcov4 pcov4_p pcov4_a intercept2 intercept2_p intercept2_a intercept3 intercept3_p intercept3_a intercept4 intercept4_p intercept4_a pcov pcov_p pcov_a data_p data_a
0 -1.1272e+09 0 0 0 5.729 0 0 10.9565 0 0 0 0 0 10.7999 0 0 0 0 0 0 0 0 0 0 0 0 0
100 -325.016 0 0 0 0.581793 100 30 2.11522 100 31 0 0 0 -1.81166 100 38 0 0 0 0 0 0 0 0 0 0 0
200 -320.628 0 0 0 0.938468 100 24 2.03974 100 20 0 0 0 -2.20996 100 18 0 0 0 0 0 0 0 0 0 0 0
300 -320.428 0 0 0 0.93524 100 29 2.13549 100 15 0 0 0 -2.34727 100 18 0 0 0 0 0 0 0 0 0 0 0
400 -323.531 0 0 0 0.940007 100 21 -0.467299 100 27 0 0 0 -2.08464 100 15 0 0 0 0 0 0 0 0 0 0 0
500 -320.609 0 0 0 1.32026 100 17 3.55211 100 21 0 0 0 -2.5365 100 22 0 0 0 0 0 0 0 0 0 0 0
600 -323.431 0 0 0 0.184319 100 23 1.61826 100 25 0 0 0 -1.8289 100 16 0 0 0 0 0 0 0 0 0 0 0
700 -321.115 0 0 0 0.970385 100 14 1.36431 100 20 0 0 0 -2.36885 100 16 0 0 0 0 0 0 0 0 0 0 0
800 -323.687 0 0 0 0.674378 100 23 -0.176289 100 24 0 0 0 -2.30455 100 18 0 0 0 0 0 0 0 0 0 0 0
900 -322.229 0 0 0 0.415956 100 20 2.38222 100 27 0 0 0 -2.18783 100 29 0 0 0 0 0 0 0 0 0 0 0
1000 -321.71 0 0 0 0.371842 100 18 1.28093 100 24 0 0 0 -1.96572 100 20 0 0 0 0 0 0 0 0 0 0 0
1100 -321.016 0 0 0 0.726021 100 23 1.35743 100 16 0 0 0 -2.06355 100 15 0 0 0 0 0 0 0 0 0 0 0
1200 -326.406 0 0 0 0.837859 100 27 -0.465434 100 17 0 0 0 -2.49131 100 16 0 0 0 0 0 0 0 0 0 0 0
1300 -320.357 0 0 0 0.792569 100 26 2.42945 100 25 0 0 0 -2.2393 100 22 0 0 0 0 0 0 0 0 0 0 0
1400 -321.731 0 0 0 0.795914 100 19 3.88003 100 27 0 0 0 -2.45708 100 14 0 0 0 0 0 0 0 0 0 0 0
1500 -322.768 0 0 0 1.26408 100 23 5.65644 100 22 0 0 0 -2.81166 100 14 0 0 0 0 0 0 0 0 0 0 0
1600 -323.892 0 0 0 0.0324512 100 23 0.628373 100 19 0 0 0 -1.79079 100 23 0 0 0 0 0 0 0 0 0 0 0
1700 -321.249 0 0 0 0.906296 100 21 4.37132 100 24 0 0 0 -2.42553 100 17 0 0 0 0 0 0 0 0 0 0 0
1800 -320.938 0 0 0 1.17177 100 22 3.63147 100 17 0 0 0 -2.61498 100 19 0 0 0 0 0 0 0 0 0 0 0
1900 -320.747 0 0 0 0.963767 100 33 2.73522 100 33 0 0 0 -2.46054 100 19 0 0 0 0 0 0 0 0 0 0 0
2000 -322.733 0 0 0 0.45003 100 15 -0.52285 100 26 0 0 0 -2.05631 100 20 0 0 0 0 0 0 0 0 0 0 0
2100 -323.386 0 0 0 1.81993 100 27 5.07476 100 27 0 0 0 -2.736 100 26 0 0 0 0 0 0 0 0 0 0 0
2200 -321.064 0 0 0 0.588222 100 21 0.937986 100 17 0 0 0 -2.10615 100 20 0 0 0 0 0 0 0 0 0 0 0
2300 -321.919 0 0 0 0.646369 100 18 0.260429 100 26 0 0 0 -2.19211 100 23 0 0 0 0 0 0 0 0 0 0 0
2400 -322.442 0 0 0 0.656762 100 24 0.567562 100 24 0 0 0 -1.91593 100 23 0 0 0 0 0 0 0 0 0 0 0
2500 -323.992 0 0 0 0.720572 100 30 4.07945 100 21 0 0 0 -2.06829 100 14 0 0 0 0 0 0 0 0 0 0 0
2600 -324.611 0 0 0 1.06345 100 28 1.18395 100 16 0 0 0 -2.64154 100 19 0 0 0 0 0 0 0 0 0 0 0
2700 -320.592 0 0 0 0.759012 100 17 2.6453 100 20 0 0 0 -2.29886 100 17 0 0 0 0 0 0 0 0 0 0 0
2800 -322.033 0 0 0 0.394548 100 28 1.63306 100 21 0 0 0 -2.13826 100 17 0 0 0 0 0 0 0 0 0 0 0
2900 -323.925 0 0 0 0.763919 100 18 -0.487517 100 26 0 0 0 -1.91732 100 17 0 0 0 0 0 0 0 0 0 0 0
3000 -321.671 0 0 0 1.01558 100 25 2.90467 100 28 0 0 0 -2.17727 100 20 0 0 0 0 0 0 0 0 0 0 0
3100 -321.304 0 0 0 1.43694 100 21 4.84213 100 18 0 0 0 -2.77101 100 21 0 0 0 0 0 0 0 0 0 0 0
3200 -320.503 0 0 0 0.959757 100 16 2.90885 100 25 0 0 0 -2.25678 100 19 0 0 0 0 0 0 0 0 0 0 0
3300 -321.088 0 0 0 0.790903 100 22 3.62324 100 26 0 0 0 -2.38024 100 24 0 0 0 0 0 0 0 0 0 0 0
3400 -323.536 0 0 0 0.609245 100 23 -1.4058 100 26 0 0 0 -2.00364 100 14 0 0 0 0 0 0 0 0 0 0 0
3500 -321.07 0 0 0 0.953471 100 22 3.90161 100 28 0 0 0 -2.50812 100 20 0 0 0 0 0 0 0 0 0 0 0
3600 -324.002 0 0 0 1.85553 100 26 6.20145 100 22 0 0 0 -2.79702 100 17 0 0 0 0 0 0 0 0 0 0 0
3700 -321.935 0 0 0 1.45557 100 26 2.36961 100 16 0 0 0 -2.56787 100 18 0 0 0 0 0 0 0 0 0 0 0
3800 -322.245 0 0 0 1.46832 100 24 3.31978 100 20 0 0 0 -2.79562 100 13 0 0 0 0 0 0 0 0 0 0 0
3900 -326.689 0 0 0 1.1042 100 21 7.11844 100 19 0 0 0 -2.57502 100 27 0 0 0 0 0 0 0 0 0 0 0
4000 -321.685 0 0 0 1.64995 100 19 4.76848 100 23 0 0 0 -2.83551 100 26 0 0 0 0 0 0 0 0 0 0 0
4100 -322.16 0 0 0 1.08563 100 20 2.84796 100 27 0 0 0 -2.18327 100 17 0 0 0 0 0 0 0 0 0 0 0
4200 -323.178 0 0 0 1.85532 100 24 4.91449 100 28 0 0 0 -2.78904 100 19 0 0 0 0 0 0 0 0 0 0 0
4300 -321.319 0 0 0 1.41223 100 19 4.82917 100 22 0 0 0 -2.57339 100 21 0 0 0 0 0 0 0 0 0 0 0
4400 -325.963 0 0 0 0.534631 100 15 -1.81307 100 19 0 0 0 -1.7402 100 23 0 0 0 0 0 0 0 0 0 0 0
4500 -322.975 0 0 0 0.68661 100 25 0.265865 100 21 0 0 0 -1.9012 100 11 0 0 0 0 0 0 0 0 0 0 0
4600 -321.607 0 0 0 0.563653 100 20 0.588842 100 23 0 0 0 -2.14887 100 21 0 0 0 0 0 0 0 0 0 0 0
4700 -322.147 0 0 0 1.74814 100 25 4.48062 100 20 0 0 0 -2.83028 100 17 0 0 0 0 0 0 0 0 0 0 0
4800 -320.654 0 0 0 1.2452 100 35 4.3346 100 19 0 0 0 -2.59594 100 14 0 0 0 0 0 0 0 0 0 0 0
4900 -320.304 0 0 0 0.833999 100 24 2.36802 100 22 0 0 0 -2.26334 100 16 0 0 0 0 0 0 0 0 0 0 0
5000 -321.27 0 0 0 0.753724 100 21 0.84957 100 15 0 0 0 -2.06457 100 23 0 0 0 0 0 0 0 0 0 0 0
5100 -320.338 0 0 0 0.843969 100 25 2.22489 100 19 0 0 0 -2.22784 100 20 0 0 0 0 0 0 0 0 0 0 0
5200 -320.341 0 0 0 1.00275 100 22 2.50069 100 16 0 0 0 -2.39089 100 22 0 0 0 0 0 0 0 0 0 0 0
5300 -321.87 0 0 0 0.86232 100 26 1.52417 100 26 0 0 0 -2.05052 100 22 0 0 0 0 0 0 0 0 0 0 0
5400 -321.253 0 0 0 1.04789 100 24 4.78382 100 25 0 0 0 -2.48698 100 19 0 0 0 0 0 0 0 0 0 0 0
5500 -322.638 0 0 0 0.793279 100 23 -0.515594 100 20 0 0 0 -2.17167 100 14 0 0 0 0 0 0 0 0 0 0 0
5600 -320.486 0 0 0 1.00871 100 11 3.32256 100 21 0 0 0 -2.46892 100 16 0 0 0 0 0 0 0 0 0 0 0
5700 -320.739 0 0 0 1.27516 100 25 3.21551 100 21 0 0 0 -2.58849 100 18 0 0 0 0 0 0 0 0 0 0 0
5800 -320.871 0 0 0 1.04988 100 20 2.8826 100 31 0 0 0 -2.52186 100 13 0 0 0 0 0 0 0 0 0 0 0
5900 -320.496 0 0 0 1.08154 100 25 4.01926 100 20 0 0 0 -2.47453 100 20 0 0 0 0 0 0 0 0 0 0 0
6000 -323.767 0 0 0 0.901331 100 23 5.71233 100 24 0 0 0 -2.44282 100 21 0 0 0 0 0 0 0 0 0 0 0
6100 -320.715 0 0 0 1.26954 100 18 3.01031 100 25 0 0 0 -2.45094 100 13 0 0 0 0 0 0 0 0 0 0 0
6200 -321.999 0 0 0 0.729832 100 20 0.0587872 100 26 0 0 0 -2.20209 100 14 0 0 0 0 0 0 0 0 0 0 0
6300 -321.145 0 0 0 1.35091 100 27 3.48433 100 25 0 0 0 -2.68079 100 15 0 0 0 0 0 0 0 0 0 0 0
6400 -323.931 0 0 0 0.37725 100 20 -1.69232 100 23 0 0 0 -1.88653 100 20 0 0 0 0 0 0 0 0 0 0 0
6500 -322.753 0 0 0 0.830476 100 25 2.04797 100 23 0 0 0 -1.99481 100 18 0 0 0 0 0 0 0 0 0 0 0
6600 -321.082 0 0 0 1.48368 100 21 4.42916 100 21 0 0 0 -2.72762 100 14 0 0 0 0 0 0 0 0 0 0 0
6700 -321.519 0 0 0 1.57434 100 20 5.29153 100 22 0 0 0 -2.74982 100 16 0 0 0 0 0 0 0 0 0 0 0
6800 -320.447 0 0 0 0.770121 100 24 2.49422 100 27 0 0 0 -2.19988 100 20 0 0 0 0 0 0 0 0 0 0 0
6900 -320.615 0 0 0 1.29879 100 21 3.48091 100 27 0 0 0 -2.58237 100 16 0 0 0 0 0 0 0 0 0 0 0
7000 -320.57 0 0 0 1.10405 100 23 3.03475 100 23 0 0 0 -2.51387 100 17 0 0 0 0 0 0 0 0 0 0 0
7100 -320.632 0 0 0 0.661796 100 20 2.24807 100 21 0 0 0 -2.17918 100 13 0 0 0 0 0 0 0 0 0 0 0
7200 -322.475 0 0 0 1.77211 100 27 4.14189 100 25 0 0 0 -2.84553 100 10 0 0 0 0 0 0 0 0 0 0 0
7300 -323.264 0 0 0 1.20929 100 16 6.2698 100 21 0 0 0 -2.72691 100 14 0 0 0 0 0 0 0 0 0 0 0
7400 -324.001 0 0 0 1.61416 100 18 2.70636 100 21 0 0 0 -2.8841 100 20 0 0 0 0 0 0 0 0 0 0 0
7500 -320.663 0 0 0 1.2934 100 27 3.07764 100 22 0 0 0 -2.53356 100 18 0 0 0 0 0 0 0 0 0 0 0
7600 -321.325 0 0 0 1.35199 100 19 3.0388 100 27 0 0 0 -2.66141 100 11 0 0 0 0 0 0 0 0 0 0 0
7700 -321.298 0 0 0 0.753371 100 21 2.24372 100 18 0 0 0 -2.37349 100 16 0 0 0 0 0 0 0 0 0 0 0
7800 -322.052 0 0 0 1.41832 100 24 2.66661 100 27 0 0 0 -2.7027 100 20 0 0 0 0 0 0 0 0 0 0 0
7900 -320.337 0 0 0 1.13625 100 11 3.35837 100 19 0 0 0 -2.49138 100 21 0 0 0 0 0 0 0 0 0 0 0
8000 -320.292 0 0 0 1.02417 100 23 2.48417 100 16 0 0 0 -2.36246 100 18 0 0 0 0 0 0 0 0 0 0 0
8100 -321.825 0 0 0 0.792881 100 18 2.66195 100 26 0 0 0 -2.06115 100 14 0 0 0 0 0 0 0 0 0 0 0
8200 -323.768 0 0 0 0.901458 100 30 0.916629 100 29 0 0 0 -1.97015 100 19 0 0 0 0 0 0 0 0 0 0 0
8300 -320.985 0 0 0 0.793704 100 18 0.877932 100 20 0 0 0 -2.18728 100 28 0 0 0 0 0 0 0 0 0 0 0
8400 -322.414 0 0 0 1.56134 100 26 3.52788 100 20 0 0 0 -2.53663 100 14 0 0 0 0 0 0 0 0 0 0 0
8500 -320.334 0 0 0 0.938197 100 17 2.31412 100 20 0 0 0 -2.26574 100 14 0 0 0 0 0 0 0 0 0 0 0
8600 -321.728 0 0 0 1.669 100 17 4.58274 100 32 0 0 0 -2.76671 100 16 0 0 0 0 0 0 0 0 0 0 0
8700 -320.901 0 0 0 1.35391 100 28 3.35498 100 29 0 0 0 -2.62905 100 18 0 0 0 0 0 0 0 0 0 0 0
8800 -320.362 0 0 0 1.08626 100 21 3.76788 100 25 0 0 0 -2.45162 100 12 0 0 0 0 0 0 0 0 0 0 0
8900 -325.353 0 0 0 0.133328 100 31 3.24102 100 20 0 0 0 -2.07556 100 9 0 0 0 0 0 0 0 0 0 0 0
9000 -323.247 0 0 0 0.29422 100 22 2.68116 100 23 0 0 0 -1.95531 100 18 0 0 0 0 0 0 0 0 0 0 0
9100 -323.073 0 0 0 0.176999 100 29 -0.0554854 100 22 0 0 0 -1.80516 100 17 0 0 0 0 0 0 0 0 0 0 0
9200 -320.534 0 0 0 1.08881 100 19 4.04157 100 25 0 0 0 -2.4989 100 21 0 0 0 0 0 0 0 0 0 0 0
9300 -321.131 0 0 0 0.857952 100 19 2.38629 100 28 0 0 0 -2.42632 100 17 0 0 0 0 0 0 0 0 0 0 0
9400 -320.88 0 0 0 0.779863 100 24 2.65577 100 23 0 0 0 -2.36274 100 12 0 0 0 0 0 0 0 0 0 0 0
9500 -320.876 0 0 0 0.812513 100 13 3.68828 100 28 0 0 0 -2.31419 100 18 0 0 0 0 0 0 0 0 0 0 0
9600 -323.075 0 0 0 1.84482 100 24 6.62857 100 20 0 0 0 -3.01751 100 21 0 0 0 0 0 0 0 0 0 0 0
9700 -321.827 0 0 0 0.390797 100 25 1.18236 100 19 0 0 0 -1.92125 100 16 0 0 0 0 0 0 0 0 0 0 0
9800 -321.407 0 0 0 1.25051 100 22 1.86493 100 27 0 0 0 -2.49034 100 12 0 0 0 0 0 0 0 0 0 0 0
9900 -321.521 0 0 0 0.987267 100 25 2.63951 100 23 0 0 0 -2.53843 100 21 0 0 0 0 0 0 0 0 0 0 0
10000 -320.907 0 0 0 0.728951 100 22 2.73311 100 26 0 0 0 -2.13261 100 14 0 0 0 0 0 0 0 0 0 0 0
10100 -321.172 0 0 0 1.11618 100 22 2.21349 100 19 0 0 0 -2.26565 100 19 0 0 0 0 0 0 0 0 0 0 0
10200 -321.239 0 0 0 0.884873 100 16 1.60756 100 28 0 0 0 -2.38912 100 26 0 0 0 0 0 0 0 0 0 0 0
10300 -321.426 0 0 0 1.57747 100 19 4.90381 100 21 0 0 0 -2.71544 100 20 0 0 0 0 0 0 0 0 0 0 0
10400 -320.365 0 0 0 1.17423 100 21 3.1026 100 18 0 0 0 -2.4777 100 15 0 0 0 0 0 0 0 0 0 0 0
10500 -324.852 0 0 0 1.9583 100 23 6.97389 100 21 0 0 0 -2.90072 100 15 0 0 0 0 0 0 0 0 0 0 0
10600 -321.635 0 0 0 1.40194 100 23 5.5719 100 35 0 0 0 -2.75263 100 12 0 0 0 0 0 0 0 0 0 0 0
10700 -323.371 0 0 0 1.76232 100 26 5.2986 100 19 0 0 0 -2.69576 100 16 0 0 0 0 0 0 0 0 0 0 0
10800 -321.837 0 0 0 0.379245 100 36 1.56425 100 20 0 0 0 -1.9476 100 14 0 0 0 0 0 0 0 0 0 0 0
10900 -322.043 0 0 0 0.836668 100 23 3.84399 100 22 0 0 0 -2.17073 100 22 0 0 0 0 0 0 0 0 0 0 0
11000 -321.684 0 0 0 1.62671 100 21 4.39031 100 20 0 0 0 -2.69802 100 19 0 0 0 0 0 0 0 0 0 0 0
11100 -320.556 0 0 0 0.700183 100 35 1.92652 100 25 0 0 0 -2.14836 100 21 0 0 0 0 0 0 0 0 0 0 0
11200 -321.784 0 0 0 1.21073 100 25 3.43104 100 26 0 0 0 -2.30311 100 20 0 0 0 0 0 0 0 0 0 0 0
11300 -322.505 0 0 0 0.721075 100 20 0.162397 100 17 0 0 0 -1.957 100 17 0 0 0 0 0 0 0 0 0 0 0
11400 -321.073 0 0 0 1.29329 100 30 2.59502 100 26 0 0 0 -2.56513 100 23 0 0 0 0 0 0 0 0 0 0 0
11500 -320.543 0 0 0 0.846165 100 37 2.61946 100 19 0 0 0 -2.19396 100 21 0 0 0 0 0 0 0 0 0 0 0
11600 -322.641 0 0 0 0.260232 100 30 -0.0191725 100 25 0 0 0 -1.84213 100 21 0 0 0 0 0 0 0 0 0 0 0
11700 -321.996 0 0 0 0.421693 100 30 0.16459 100 24 0 0 0 -1.90925 100 17 0 0 0 0 0 0 0 0 0 0 0
11800 -322.469 0 0 0 0.263852 100 22 1.57059 100 20 0 0 0 -1.9135 100 14 0 0 0 0 0 0 0 0 0 0 0
11900 -321.634 0 0 0 0.867921 100 24 3.49646 100 18 0 0 0 -2.16639 100 18 0 0 0 0 0 0 0 0 0 0 0
12000 -321.864 0 0 0 1.29554 100 19 1.59247 100 26 0 0 0 -2.46686 100 13 0 0 0 0 0 0 0 0 0 0 0
12100 -321.862 0 0 0 0.670637 100 28 2.93815 100 16 0 0 0 -2.38485 100 13 0 0 0 0 0 0 0 0 0 0 0
12200 -320.943 0 0 0 0.659082 100 35 2.01127 100 23 0 0 0 -2.25551 100 22 0 0 0 0 0 0 0 0 0 0 0
12300 -321.733 0 0 0 0.928368 100 21 0.466475 100 21 0 0 0 -2.27739 100 17 0 0 0 0 0 0 0 0 0 0 0
12400 -323.65 0 0 0 0.941107 100 25 2.232 100 17 0 0 0 -2.0143 100 21 0 0 0 0 0 0 0 0 0 0 0
12500 -320.467 0 0 0 1.2065 100 23 3.27622 100 31 0 0 0 -2.43589 100 19 0 0 0 0 0 0 0 0 0 0 0
12600 -320.745 0 0 0 1.01127 100 13 2.67745 100 23 0 0 0 -2.47838 100 18 0 0 0 0 0 0 0 0 0 0 0
12700 -322.622 0 0 0 0.59526 100 30 0.441509 100 29 0 0 0 -2.25442 100 21 0 0 0 0 0 0 0 0 0 0 0
12800 -320.728 0 0 0 1.13155 100 21 2.18819 100 20 0 0 0 -2.348 100 25 0 0 0 0 0 0 0 0 0 0 0
12900 -321.458 0 0 0 0.590651 100 21 1.90436 100 26 0 0 0 -1.99356 100 16 0 0 0 0 0 0 0 0 0 0 0
13000 -321.291 0 0 0 1.39187 100 20 5.16089 100 21 0 0 0 -2.73395 100 21 0 0 0 0 0 0 0 0 0 0 0
13100 -321.778 0 0 0 0.898274 100 23 3.53417 100 26 0 0 0 -2.16814 100 14 0 0 0 0 0 0 0 0 0 0 0
13200 -321.059 0 0 0 1.46393 100 30 3.64872 100 22 0 0 0 -2.6415 100 18 0 0 0 0 0 0 0 0 0 0 0
13300 -320.43 0 0 0 0.845417 100 26 2.42079 100 30 0 0 0 -2.20406 100 12 0 0 0 0 0 0 0 0 0 0 0
13400 -321.007 0 0 0 1.40044 100 24 4.81517 100 21 0 0 0 -2.69866 100 12 0 0 0 0 0 0 0 0 0 0 0
13500 -323.19 0 0 0 1.07412 100 21 0.138638 100 21 0 0 0 -2.4188 100 15 0 0 0 0 0 0 0 0 0 0 0
13600 -321.766 0 0 0 1.45005 100 23 5.52465 100 29 0 0 0 -2.64577 100 21 0 0 0 0 0 0 0 0 0 0 0
13700 -320.704 0 0 0 1.15762 100 24 2.74825 100 24 0 0 0 -2.52409 100 20 0 0 0 0 0 0 0 0 0 0 0
13800 -320.467 0 0 0 0.935724 100 25 2.26023 100 14 0 0 0 -2.2328 100 19 0 0 0 0 0 0 0 0 0 0 0
13900 -323.521 0 0 0 1.92214 100 20 4.70686 100 23 0 0 0 -3.04002 100 25 0 0 0 0 0 0 0 0 0 0 0
14000 -320.429 0 0 0 1.12261 100 17 2.55186 100 19 0 0 0 -2.3941 100 18 0 0 0 0 0 0 0 0 0 0 0
14100 -322.606 0 0 0 1.08751 100 18 0.217596 100 22 0 0 0 -2.31117 100 19 0 0 0 0 0 0 0 0 0 0 0
14200 -321.281 0 0 0 0.954192 100 23 1.37002 100 31 0 0 0 -2.16087 100 19 0 0 0 0 0 0 0 0 0 0 0
14300 -321.514 0 0 0 0.766661 100 29 3.99824 100 23 0 0 0 -2.37943 100 19 0 0 0 0 0 0 0 0 0 0 0
14400 -322.444 0 0 0 0.973736 100 24 5.32424 100 24 0 0 0 -2.46058 100 16 0 0 0 0 0 0 0 0 0 0 0
14500 -320.541 0 0 0 0.952474 100 21 3.76055 100 19 0 0 0 -2.36879 100 22 0 0 0 0 0 0 0 0 0 0 0
14600 -321.336 0 0 0 1.14716 100 25 4.68272 100 27 0 0 0 -2.64166 100 13 0 0 0 0 0 0 0 0 0 0 0
14700 -322.17 0 0 0 0.649829 100 18 2.52687 100 26 0 0 0 -2.38703 100 12 0 0 0 0 0 0 0 0 0 0 0
14800 -320.953 0 0 0 1.45122 100 21 4.56639 100 21 0 0 0 -2.68182 100 14 0 0 0 0 0 0 0 0 0 0 0
14900 -321.439 0 0 0 0.928639 100 20 0.93997 100 20 0 0 0 -2.33722 100 15 0 0 0 0 0 0 0 0 0 0 0
15000 -320.971 0 0 0 0.907 100 21 2.25485 100 27 0 0 0 -2.1531 100 12 0 0 0 0 0 0 0 0 0 0 0
15100 -320.697 0 0 0 1.08878 100 19 3.19044 100 24 0 0 0 -2.3111 100 23 0 0 0 0 0 0 0 0 0 0 0
15200 -323.241 0 0 0 0.90126 100 26 5.53104 100 26 0 0 0 -2.50801 100 18 0 0 0 0 0 0 0 0 0 0 0
15300 -321.177 0 0 0 1.21226 100 23 4.98889 100 29 0 0 0 -2.54227 100 19 0 0 0 0 0 0 0 0 0 0 0
15400 -321.724 0 0 0 0.479804 100 20 0.219997 100 18 0 0 0 -1.96385 100 19 0 0 0 0 0 0 0 0 0 0 0
15500 -320.389 0 0 0 0.781361 100 23 2.32107 100 19 0 0 0 -2.25286 100 17 0 0 0 0 0 0 0 0 0 0 0
15600 -322.124 0 0 0 0.696815 100 25 2.87618 100 24 0 0 0 -2.42448 100 21 0 0 0 0 0 0 0 0 0 0 0
15700 -321.006 0 0 0 1.08536 100 17 1.56433 100 25 0 0 0 -2.32154 100 29 0 0 0 0 0 0 0 0 0 0 0
15800 -320.404 0 0 0 1.14228 100 20 2.70333 100 19 0 0 0 -2.42129 100 16 0 0 0 0 0 0 0 0 0 0 0
15900 -322.547 0 0 0 1.64393 100 20 3.62599 100 19 0 0 0 -2.86075 100 12 0 0 0 0 0 0 0 0 0 0 0
16000 -320.458 0 0 0 1.0745 100 19 3.88804 100 30 0 0 0 -2.42045 100 16 0 0 0 0 0 0 0 0 0 0 0
16100 -320.608 0 0 0 0.699346 100 19 1.61379 100 18 0 0 0 -2.1397 100 20 0 0 0 0 0 0 0 0 0 0 0
16200 -321.477 0 0 0 0.678496 100 18 0.29822 100 20 0 0 0 -2.05973 100 19 0 0 0 0 0 0 0 0 0 0 0
16300 -321.565 0 0 0 0.434831 100 24 0.886447 100 21 0 0 0 -1.95414 100 14 0 0 0 0 0 0 0 0 0 0 0
16400 -323.098 0 0 0 0.215623 100 24 2.15089 100 25 0 0 0 -1.9512 100 11 0 0 0 0 0 0 0 0 0 0 0
16500 -321.55 0 0 0 0.780129 100 19 4.08414 100 22 0 0 0 -2.27534 100 12 0 0 0 0 0 0 0 0 0 0 0
16600 -320.668 0 0 0 0.960189 100 24 3.77736 100 17 0 0 0 -2.32933 100 22 0 0 0 0 0 0 0 0 0 0 0
16700 -324.455 0 0 0 0.914555 100 20 -0.575068 100 23 0 0 0 -2.39121 100 19 0 0 0 0 0 0 0 0 0 0 0
16800 -320.747 0 0 0 1.35574 100 23 3.63514 100 23 0 0 0 -2.62085 100 29 0 0 0 0 0 0 0 0 0 0 0
16900 -321.747 0 0 0 0.705358 100 22 1.03132 100 19 0 0 0 -1.98415 100 16 0 0 0 0 0 0 0 0 0 0 0
17000 -321.1 0 0 0 1.25213 100 23 5.01768 100 28 0 0 0 -2.60407 100 13 0 0 0 0 0 0 0 0 0 0 0
17100 -320.939 0 0 0 0.926123 100 27 1.20106 100 21 0 0 0 -2.21528 100 24 0 0 0 0 0 0 0 0 0 0 0
17200 -320.471 0 0 0 1.10582 100 21 2.69368 100 18 0 0 0 -2.46659 100 15 0 0 0 0 0 0 0 0 0 0 0
17300 -322.354 0 0 0 1.52928 100 25 6.02285 100 22 0 0 0 -2.89197 100 17 0 0 0 0 0 0 0 0 0 0 0
17400 -322.638 0 0 0 1.30673 100 15 3.52342 100 17 0 0 0 -2.79514 100 24 0 0 0 0 0 0 0 0 0 0 0
17500 -322.385 0 0 0 0.531351 100 26 -0.590791 100 26 0 0 0 -2.00173 100 16 0 0 0 0 0 0 0 0 0 0 0
17600 -321.011 0 0 0 0.554668 100 20 1.16974 100 23 0 0 0 -2.07142 100 20 0 0 0 0 0 0 0 0 0 0 0
17700 -321.626 0 0 0 1.40187 100 18 5.45514 100 26 0 0 0 -2.63044 100 18 0 0 0 0 0 0 0 0 0 0 0
17800 -321.714 0 0 0 1.34091 100 23 4.65772 100 17 0 0 0 -2.7841 100 18 0 0 0 0 0 0 0 0 0 0 0
17900 -323.706 0 0 0 0.283061 100 28 -0.674869 100 25 0 0 0 -2.02511 100 12 0 0 0 0 0 0 0 0 0 0 0
18000 -321.901 0 0 0 0.880975 100 16 4.39374 100 28 0 0 0 -2.51906 100 12 0 0 0 0 0 0 0 0 0 0 0
18100 -323.268 0 0 0 1.96913 100 15 5.75743 100 22 0 0 0 -3.06831 100 19 0 0 0 0 0 0 0 0 0 0 0
18200 -321.732 0 0 0 1.28987 100 18 4.25061 100 18 0 0 0 -2.75708 100 21 0 0 0 0 0 0 0 0 0 0 0
18300 -321.171 0 0 0 0.512614 100 29 1.04523 100 27 0 0 0 -2.06359 100 11 0 0 0 0 0 0 0 0 0 0 0
18400 -322.748 0 0 0 1.15968 100 24 3.45177 100 18 0 0 0 -2.22094 100 18 0 0 0 0 0 0 0 0 0 0 0
18500 -321.603 0 0 0 0.40004 100 15 0.853651 100 30 0 0 0 -1.99921 100 16 0 0 0 0 0 0 0 0 0 0 0
18600 -321.857 0 0 0 0.721136 100 23 0.769538 100 22 0 0 0 -2.28794 100 19 0 0 0 0 0 0 0 0 0 0 0
18700 -320.758 0 0 0 0.971567 100 27 4.10622 100 13 0 0 0 -2.43248 100 11 0 0 0 0 0 0 0 0 0 0 0
18800 -321.359 0 0 0 0.776784 100 22 3.96484 100 26 0 0 0 -2.28388 100 21 0 0 0 0 0 0 0 0 0 0 0
18900 -321.612 0 0 0 0.699576 100 31 0.370352 100 26 0 0 0 -2.19107 100 17 0 0 0 0 0 0 0 0 0 0 0
19000 -323.675 0 0 0 0.443476 100 24 -0.870933 100 22 0 0 0 -1.78957 100 23 0 0 0 0 0 0 0 0 0 0 0
19100 -322.371 0 0 0 0.644054 100 19 -0.469348 100 18 0 0 0 -1.99576 100 21 0 0 0 0 0 0 0 0 0 0 0
19200 -321.955 0 0 0 0.785497 100 19 3.84371 100 26 0 0 0 -2.47277 100 17 0 0 0 0 0 0 0 0 0 0 0
19300 -323.012 0 0 0 1.00813 100 25 3.95634 100 18 0 0 0 -2.69523 100 23 0 0 0 0 0 0 0 0 0 0 0
19400 -320.623 0 0 0 1.14899 100 19 2.59342 100 28 0 0 0 -2.3577 100 12 0 0 0 0 0 0 0 0 0 0 0
19500 -320.415 0 0 0 0.794486 100 21 2.43069 100 27 0 0 0 -2.2016 100 26 0 0 0 0 0 0 0 0 0 0 0
19600 -320.707 0 0 0 1.21942 100 17 4.47628 100 20 0 0 0 -2.57998 100 13 0 0 0 0 0 0 0 0 0 0 0
19700 -321.397 0 0 0 1.25311 100 23 1.85826 100 25 0 0 0 -2.48067 100 16 0 0 0 0 0 0 0 0 0 0 0
19800 -322.076 0 0 0 0.355163 100 24 1.79132 100 27 0 0 0 -1.94215 100 19 0 0 0 0 0 0 0 0 0 0 0
19900 -320.602 0 0 0 0.747668 100 26 1.75043 100 20 0 0 0 -2.13451 100 23 0 0 0 0 0 0 0 0 0 0 0
20000 -321.65 0 0 0 0.985299 100 24 2.75848 100 13 0 0 0 -2.55397 100 23 0 0 0 0 0 0 0 0 0 0 0
20100 -321.266 0 0 0 0.504979 100 23 0.97511 100 25 0 0 0 -2.00245 100 18 0 0 0 0 0 0 0 0 0 0 0
20200 -321.853 0 0 0 1.63514 100 25 3.76955 100 18 0 0 0 -2.74932 100 21 0 0 0 0 0 0 0 0 0 0 0
20300 -320.305 0 0 0 0.857377 100 17 2.24897 100 17 0 0 0 -2.24985 100 14 0 0 0 0 0 0 0 0 0 0 0
20400 -323.429 0 0 0 1.51801 100 22 4.95566 100 19 0 0 0 -2.49279 100 12 0 0 0 0 0 0 0 0 0 0 0
20500 -321.06 0 0 0 1.24282 100 20 3.49478 100 23 0 0 0 -2.38393 100 17 0 0 0 0 0 0 0 0 0 0 0
20600 -320.504 0 0 0 1.21428 100 27 2.88234 100 30 0 0 0 -2.47125 100 22 0 0 0 0 0 0 0 0 0 0 0
20700 -323.217 0 0 0 1.63294 100 20 2.36568 100 19 0 0 0 -2.64936 100 23 0 0 0 0 0 0 0 0 0 0 0
20800 -320.669 0 0 0 1.14187 100 17 2.62753 100 23 0 0 0 -2.34158 100 19 0 0 0 0 0 0 0 0 0 0 0
20900 -328.761 0 0 0 1.38977 100 19 -0.92474 100 22 0 0 0 -2.68911 100 15 0 0 0 0 0 0 0 0 0 0 0
21000 -320.246 0 0 0 0.923304 100 33 2.8807 100 26 0 0 0 -2.34072 100 13 0 0 0 0 0 0 0 0 0 0 0
21100 -322.065 0 0 0 1.16837 100 23 1.06711 100 19 0 0 0 -2.45484 100 17 0 0 0 0 0 0 0 0 0 0 0
21200 -321.47 0 0 0 1.56679 100 15 5.2686 100 22 0 0 0 -2.78369 100 20 0 0 0 0 0 0 0 0 0 0 0
21300 -321.457 0 0 0 0.743178 100 21 0.328535 100 22 0 0 0 -2.10536 100 16 0 0 0 0 0 0 0 0 0 0 0
21400 -321.437 0 0 0 1.40357 100 20 4.91056 100 29 0 0 0 -2.56286 100 19 0 0 0 0 0 0 0 0 0 0 0
21500 -320.42 0 0 0 0.830611 100 15 2.8181 100 22 0 0 0 -2.23466 100 15 0 0 0 0 0 0 0 0 0 0 0
21600 -320.702 0 0 0 0.949909 100 17 3.75555 100 26 0 0 0 -2.45472 100 10 0 0 0 0 0 0 0 0 0 0 0
21700 -321.354 0 0 0 0.923739 100 21 3.92925 100 21 0 0 0 -2.51845 100 22 0 0 0 0 0 0 0 0 0 0 0
21800 -322.806 0 0 0 0.953916 100 19 -0.318333 100 32 0 0 0 -2.21424 100 17 0 0 0 0 0 0 0 0 0 0 0
21900 -320.326 0 0 0 0.883208 100 27 2.27541 100 29 0 0 0 -2.24281 100 14 0 0 0 0 0 0 0 0 0 0 0
22000 -324.341 0 0 0 0.409659 100 21 3.72948 100 25 0 0 0 -2.00686 100 23 0 0 0 0 0 0 0 0 0 0 0
22100 -320.397 0 0 0 1.08249 100 26 2.48524 100 20 0 0 0 -2.35857 100 16 0 0 0 0 0 0 0 0 0 0 0
22200 -320.895 0 0 0 1.01297 100 20 1.53513 100 17 0 0 0 -2.25937 100 14 0 0 0 0 0 0 0 0 0 0 0
22300 -321.525 0 0 0 0.725617 100 25 0.270907 100 29 0 0 0 -2.08273 100 19 0 0 0 0 0 0 0 0 0 0 0
22400 -320.693 0 0 0 1.23632 100 24 3.52633 100 19 0 0 0 -2.59977 100 21 0 0 0 0 0 0 0 0 0 0 0
22500 -320.473 0 0 0 1.06022 100 19 2.1983 100 21 0 0 0 -2.34456 100 14 0 0 0 0 0 0 0 0 0 0 0
22600 -320.824 0 0 0 1.41689 100 24 4.14832 100 22 0 0 0 -2.61533 100 18 0 0 0 0 0 0 0 0 0 0 0
22700 -320.786 0 0 0 0.745251 100 18 1.32188 100 19 0 0 0 -2.22452 100 20 0 0 0 0 0 0 0 0 0 0 0
22800 -320.391 0 0 0 0.808365 100 23 1.99494 100 27 0 0 0 -2.24514 100 26 0 0 0 0 0 0 0 0 0 0 0
22900 -320.952 0 0 0 0.917123 100 26 4.04548 100 19 0 0 0 -2.33511 100 21 0 0 0 0 0 0 0 0 0 0 0
23000 -322.868 0 0 0 1.02653 100 23 1.63942 100 20 0 0 0 -2.57154 100 21 0 0 0 0 0 0 0 0 0 0 0
23100 -320.498 0 0 0 0.732201 100 24 2.43523 100 24 0 0 0 -2.23828 100 20 0 0 0 0 0 0 0 0 0 0 0
23200 -323.212 0 0 0 1.03194 100 24 2.08189 100 21 0 0 0 -2.62848 100 19 0 0 0 0 0 0 0 0 0 0 0
23300 -320.751 0 0 0 1.19179 100 17 4.14468 100 17 0 0 0 -2.60509 100 11 0 0 0 0 0 0 0 0 0 0 0
23400 -320.838 0 0 0 1.21115 100 24 2.79225 100 22 0 0 0 -2.55693 100 20 0 0 0 0 0 0 0 0 0 0 0
23500 -322.402 0 0 0 0.655896 100 24 -0.499075 100 25 0 0 0 -2.0047 100 22 0 0 0 0 0 0 0 0 0 0 0
23600 -321.209 0 0 0 1.34237 100 28 3.32742 100 23 0 0 0 -2.44309 100 17 0 0 0 0 0 0 0 0 0 0 0
23700 -320.648 0 0 0 0.698201 100 23 2.05609 100 22 0 0 0 -2.23761 100 15 0 0 0 0 0 0 0 0 0 0 0
23800 -321.578 0 0 0 0.79848 100 29 3.06437 100 22 0 0 0 -2.11091 100 19 0 0 0 0 0 0 0 0 0 0 0
23900 -322.143 0 0 0 0.65481 100 15 -0.122149 100 23 0 0 0 -2.15933 100 16 0 0 0 0 0 0 0 0 0 0 0
24000 -321.147 0 0 0 0.956154 100 25 4.09727 100 15 0 0 0 -2.51073 100 13 0 0 0 0 0 0 0 0 0 0 0
24100 -320.289 0 0 0 1.11391 100 17 3.41073 100 21 0 0 0 -2.46691 100 14 0 0 0 0 0 0 0 0 0 0 0
24200 -322.755 0 0 0 1.58593 100 22 6.21973 100 14 0 0 0 -2.72805 100 14 0 0 0 0 0 0 0 0 0 0 0
24300 -321.126 0 0 0 1.12498 100 17 2.19181 100 23 0 0 0 -2.27812 100 21 0 0 0 0 0 0 0 0 0 0 0
24400 -323.962 0 0 0 0.127655 100 18 0.644339 100 27 0 0 0 -1.72035 100 25 0 0 0 0 0 0 0 0 0 0 0
24500 -322.769 0 0 0 1.78073 100 44 3.80394 100 15 0 0 0 -2.81308 100 19 0 0 0 0 0 0 0 0 0 0 0
24600 -320.934 0 0 0 0.760097 100 21 0.956205 100 22 0 0 0 -2.1909 100 23 0 0 0 0 0 0 0 0 0 0 0
24700 -321.121 0 0 0 1.08499 100 34 4.69319 100 27 0 0 0 -2.54998 100 12 0 0 0 0 0 0 0 0 0 0 0
24800 -320.594 0 0 0 1.1515 100 22 3.68442 100 21 0 0 0 -2.39359 100 13 0 0 0 0 0 0 0 0 0 0 0
24900 -322.265 0 0 0 0.99097 100 25 5.03841 100 20 0 0 0 -2.37766 100 10 0 0 0 0 0 0 0 0 0 0 0
25000 -321.007 0 0 0 1.43458 100 26 3.63736 100 25 0 0 0 -2.66089 100 13 0 0 0 0 0 0 0 0 0 0 0
25100 -321.755 0 0 0 1.06271 100 22 2.17249 100 22 0 0 0 -2.55369 100 21 0 0 0 0 0 0 0 0 0 0 0
25200 -320.807 0 0 0 0.678912 100 23 1.54352 100 20 0 0 0 -2.08054 100 21 0 0 0 0 0 0 0 0 0 0 0
25300 -321.301 0 0 0 1.11833 100 19 4.97374 100 16 0 0 0 -2.52134 100 15 0 0 0 0 0 0 0 0 0 0 0
25400 -321.866 0 0 0 0.461168 100 23 2.3218 100 25 0 0 0 -2.19394 100 20 0 0 0 0 0 0 0 0 0 0 0
25500 -320.518 0 0 0 1.27712 100 17 3.67725 100 18 0 0 0 -2.56959 100 21 0 0 0 0 0 0 0 0 0 0 0
25600 -320.984 0 0 0 1.29498 100 21 3.4429 100 18 0 0 0 -2.64816 100 23 0 0 0 0 0 0 0 0 0 0 0
25700 -322.982 0 0 0 0.728375 100 18 2.58312 100 16 0 0 0 -1.97099 100 16 0 0 0 0 0 0 0 0 0 0 0
25800 -321.592 0 0 0 0.712586 100 19 3.55256 100 21 0 0 0 -2.16267 100 19 0 0 0 0 0 0 0 0 0 0 0
25900 -322.907 0 0 0 0.497298 100 21 -0.514071 100 28 0 0 0 -2.10929 100 18 0 0 0 0 0 0 0 0 0 0 0
26000 -321.075 0 0 0 0.917214 100 23 1.94816 100 21 0 0 0 -2.14478 100 14 0 0 0 0 0 0 0 0 0 0 0
26100 -321.339 0 0 0 1.20442 100 13 4.46082 100 22 0 0 0 -2.4138 100 23 0 0 0 0 0 0 0 0 0 0 0
26200 -321.403 0 0 0 0.514043 100 19 0.528611 100 19 0 0 0 -2.02985 100 22 0 0 0 0 0 0 0 0 0 0 0
26300 -320.477 0 0 0 1.04796 100 19 2.14667 100 18 0 0 0 -2.3684 100 14 0 0 0 0 0 0 0 0 0 0 0
26400 -322.479 0 0 0 1.32646 100 21 4.51787 100 24 0 0 0 -2.39737 100 19 0 0 0 0 0 0 0 0 0 0 0
26500 -320.656 0 0 0 0.947899 100 22 2.63488 100 17 0 0 0 -2.2178 100 18 0 0 0 0 0 0 0 0 0 0 0
26600 -320.322 0 0 0 1.07269 100 28 3.55761 100 35 0 0 0 -2.40439 100 24 0 0 0 0 0 0 0 0 0 0 0
26700 -321.661 0 0 0 1.61995 100 16 3.96138 100 20 0 0 0 -2.7355 100 18 0 0 0 0 0 0 0 0 0 0 0
26800 -323.126 0 0 0 1.02305 100 22 -0.282015 100 28 0 0 0 -2.29835 100 17 0 0 0 0 0 0 0 0 0 0 0
26900 -322.509 0 0 0 1.65393 100 19 3.10941 100 23 0 0 0 -2.74527 100 16 0 0 0 0 0 0 0 0 0 0 0
27000 -322.216 0 0 0 0.803286 100 23 4.13443 100 23 0 0 0 -2.19769 100 20 0 0 0 0 0 0 0 0 0 0 0
27100 -320.384 0 0 0 0.782412 100 19 2.35282 100 28 0 0 0 -2.25229 100 20 0 0 0 0 0 0 0 0 0 0 0
27200 -320.822 0 0 0 0.997856 100 27 1.66305 100 21 0 0 0 -2.24294 100 20 0 0 0 0 0 0 0 0 0 0 0
27300 -321.163 0 0 0 0.807873 100 26 3.96228 100 19 0 0 0 -2.32944 100 18 0 0 0 0 0 0 0 0 0 0 0
27400 -322.652 0 0 0 1.45648 100 26 5.99334 100 28 0 0 0 -2.89475 100 23 0 0 0 0 0 0 0 0 0 0 0
27500 -321.131 0 0 0 1.31748 100 17 3.24742 100 27 0 0 0 -2.65473 100 21 0 0 0 0 0 0 0 0 0 0 0
27600 -320.881 0 0 0 0.615636 100 24 1.49465 100 21 0 0 0 -2.169 100 16 0 0 0 0 0 0 0 0 0 0 0
27700 -323.259 0 0 0 1.54038 100 25 2.1862 100 16 0 0 0 -2.50195 100 14 0 0 0 0 0 0 0 0 0 0 0
27800 -324.009 0 0 0 0.806117 100 28 5.57634 100 21 0 0 0 -2.46059 100 22 0 0 0 0 0 0 0 0 0 0 0
27900 -321.485 0 0 0 1.42123 100 15 5.3609 100 22 0 0 0 -2.64479 100 26 0 0 0 0 0 0 0 0 0 0 0
28000 -324.001 0 0 0 0.497399 100 23 4.42208 100 19 0 0 0 -2.20913 100 15 0 0 0 0 0 0 0 0 0 0 0
28100 -320.567 0 0 0 1.25481 100 22 4.02146 100 28 0 0 0 -2.50066 100 18 0 0 0 0 0 0 0 0 0 0 0
28200 -325.646 0 0 0 0.624142 100 24 -1.01786 100 24 0 0 0 -2.30838 100 13 0 0 0 0 0 0 0 0 0 0 0
28300 -322.025 0 0 0 0.813278 100 27 2.66408 100 21 0 0 0 -2.05582 100 16 0 0 0 0 0 0 0 0 0 0 0
28400 -320.305 0 0 0 0.831103 100 21 2.46327 100 23 0 0 0 -2.26489 100 17 0 0 0 0 0 0 0 0 0 0 0
28500 -320.986 0 0 0 1.09921 100 27 1.85984 100 24 0 0 0 -2.44379 100 15 0 0 0 0 0 0 0 0 0 0 0
28600 -321.616 0 0 0 1.62658 100 22 4.18589 100 20 0 0 0 -2.73103 100 17 0 0 0 0 0 0 0 0 0 0 0
28700 -320.613 0 0 0 0.90856 100 18 3.41324 100 16 0 0 0 -2.42107 100 22 0 0 0 0 0 0 0 0 0 0 0
28800 -321.759 0 0 0 1.38791 100 27 3.98162 100 14 0 0 0 -2.78365 100 19 0 0 0 0 0 0 0 0 0 0 0
28900 -322.447 0 0 0 0.833847 100 22 2.01894 100 19 0 0 0 -2.49006 100 28 0 0 0 0 0 0 0 0 0 0 0
29000 -321.508 0 0 0 0.556351 100 28 0.904501 100 26 0 0 0 -2.16789 100 19 0 0 0 0 0 0 0 0 0 0 0
29100 -323.146 0 0 0 0.497435 100 21 2.6954 100 24 0 0 0 -1.92482 100 22 0 0 0 0 0 0 0 0 0 0 0
29200 -321.711 0 0 0 1.31716 100 26 4.20028 100 19 0 0 0 -2.76476 100 23 0 0 0 0 0 0 0 0 0 0 0
29300 -321.942 0 0 0 0.318694 100 20 1.07417 100 21 0 0 0 -1.97538 100 20 0 0 0 0 0 0 0 0 0 0 0
29400 -323.935 0 0 0 0.746845 100 24 0.725349 100 20 0 0 0 -2.43826 100 16 0 0 0 0 0 0 0 0 0 0 0
29500 -321.72 0 0 0 0.365595 100 28 0.99213 100 24 0 0 0 -1.97356 100 16 0 0 0 0 0 0 0 0 0 0 0
29600 -320.347 0 0 0 1.14891 100 25 3.70962 100 23 0 0 0 -2.46301 100 13 0 0 0 0 0 0 0 0 0 0 0
29700 -322.084 0 0 0 1.48828 100 31 2.80288 100 19 0 0 0 -2.51493 100 16 0 0 0 0 0 0 0 0 0 0 0
29800 -321.277 0 0 0 1.27346 100 15 4.75272 100 22 0 0 0 -2.49067 100 17 0 0 0 0 0 0 0 0 0 0 0
29900 -320.816 0 0 0 1.07143 100 23 1.71828 100 19 0 0 0 -2.36215 100 17 0 0 0 0 0 0 0 0 0 0 0
30000 -321.415 0 0 0 0.702729 100 23 0.493338 100 29 0 0 0 -2.18078 100 17 0 0 0 0 0 0 0 0 0 0 0
30100 -320.372 0 0 0 1.01221 100 33 2.51098 100 29 0 0 0 -2.29829 100 16 0 0 0 0 0 0 0 0 0 0 0
30200 -321.746 0 0 0 0.819769 100 30 0.257683 100 27 0 0 0 -2.22266 100 17 0 0 0 0 0 0 0 0 0 0 0
30300 -324.023 0 0 0 1.28781 100 22 6.15243 100 24 0 0 0 -2.50642 100 30 0 0 0 0 0 0 0 0 0 0 0
30400 -321.756 0 0 0 1.19343 100 21 5.45134 100 28 0 0 0 -2.62565 100 18 0 0 0 0 0 0 0 0 0 0 0
30500 -320.369 0 0 0 1.07375 100 32 2.4862 100 22 0 0 0 -2.3981 100 22 0 0 0 0 0 0 0 0 0 0 0
30600 -322.968 0 0 0 1.09263 100 18 0.0127024 100 27 0 0 0 -2.32769 100 15 0 0 0 0 0 0 0 0 0 0 0
30700 -321.195 0 0 0 0.503254 100 17 1.98867 100 29 0 0 0 -2.0576 100 17 0 0 0 0 0 0 0 0 0 0 0
30800 -320.606 0 0 0 0.990774 100 31 3.92295 100 28 0 0 0 -2.37955 100 17 0 0 0 0 0 0 0 0 0 0 0
30900 -322.389 0 0 0 1.19765 100 20 2.69324 100 23 0 0 0 -2.23587 100 17 0 0 0 0 0 0 0 0 0 0 0
31000 -320.726 0 0 0 0.738956 100 21 2.63976 100 29 0 0 0 -2.15097 100 15 0 0 0 0 0 0 0 0 0 0 0
31100 -320.42 0 0 0 1.2044 100 17 3.07082 100 22 0 0 0 -2.47833 100 16 0 0 0 0 0 0 0 0 0 0 0
31200 -321.19 0 0 0 0.892212 100 23 2.0646 100 24 0 0 0 -2.42785 100 23 0 0 0 0 0 0 0 0 0 0 0
31300 -320.879 0 0 0 0.850287 100 27 2.50555 100 19 0 0 0 -2.40264 100 16 0 0 0 0 0 0 0 0 0 0 0
31400 -321.299 0 0 0 1.34622 100 29 3.85174 100 21 0 0 0 -2.72157 100 17 0 0 0 0 0 0 0 0 0 0 0
31500 -321.097 0 0 0 0.85459 100 23 0.871819 100 22 0 0 0 -2.23808 100 24 0 0 0 0 0 0 0 0 0 0 0
31600 -321.01 0 0 0 1.37466 100 24 4.57015 100 21 0 0 0 -2.56268 100 22 0 0 0 0 0 0 0 0 0 0 0
31700 -325.664 0 0 0 1.30181 100 19 -0.350636 100 28 0 0 0 -2.27629 100 23 0 0 0 0 0 0 0 0 0 0 0
31800 -320.633 0 0 0 1.07317 100 27 2.52349 100 23 0 0 0 -2.29355 100 16 0 0 0 0 0 0 0 0 0 0 0
31900 -327.169 0 0 0 2.00776 100 29 2.82043 100 33 0 0 0 -3.10777 100 21 0 0 0 0 0 0 0 0 0 0 0
32000 -320.868 0 0 0 1.13975 100 24 4.07824 100 30 0 0 0 -2.59755 100 18 0 0 0 0 0 0 0 0 0 0 0
32100 -320.492 0 0 0 0.973091 100 19 3.20862 100 19 0 0 0 -2.28626 100 17 0 0 0 0 0 0 0 0 0 0 0
32200 -320.365 0 0 0 1.19681 100 22 3.32253 100 23 0 0 0 -2.49298 100 21 0 0 0 0 0 0 0 0 0 0 0
32300 -321.288 0 0 0 0.754943 100 29 3.22615 100 31 0 0 0 -2.14622 100 25 0 0 0 0 0 0 0 0 0 0 0
32400 -320.962 0 0 0 0.743459 100 20 2.35775 100 29 0 0 0 -2.09817 100 16 0 0 0 0 0 0 0 0 0 0 0
32500 -320.674 0 0 0 0.993267 100 20 3.50637 100 26 0 0 0 -2.49007 100 18 0 0 0 0 0 0 0 0 0 0 0
32600 -322.46 0 0 0 1.3897 100 15 4.04374 100 18 0 0 0 -2.84061 100 21 0 0 0 0 0 0 0 0 0 0 0
32700 -321.835 0 0 0 1.10923 100 17 0.882921 100 22 0 0 0 -2.36935 100 20 0 0 0 0 0 0 0 0 0 0 0
32800 -321.864 0 0 0 0.384369 100 12 1.05744 100 21 0 0 0 -2.07564 100 16 0 0 0 0 0 0 0 0 0 0 0
32900 -322.971 0 0 0 0.467264 100 19 -0.878468 100 22 0 0 0 -1.87895 100 17 0 0 0 0 0 0 0 0 0 0 0
33000 -320.907 0 0 0 1.3615 100 29 3.82663 100 26 0 0 0 -2.51061 100 19 0 0 0 0 0 0 0 0 0 0 0
33100 -320.969 0 0 0 0.688941 100 27 1.68264 100 23 0 0 0 -2.05757 100 16 0 0 0 0 0 0 0 0 0 0 0
33200 -320.394 0 0 0 0.775158 100 22 2.30623 100 18 0 0 0 -2.24616 100 17 0 0 0 0 0 0 0 0 0 0 0
33300 -322.388 0 0 0 0.593476 100 21 3.64568 100 24 0 0 0 -2.11481 100 13 0 0 0 0 0 0 0 0 0 0 0
33400 -320.578 0 0 0 0.712263 100 23 1.85059 100 24 0 0 0 -2.13662 100 21 0 0 0 0 0 0 0 0 0 0 0
33500 -320.959 0 0 0 1.10622 100 24 3.92119 100 19 0 0 0 -2.59196 100 15 0 0 0 0 0 0 0 0 0 0 0
33600 -321.067 0 0 0 1.28855 100 19 4.18379 100 18 0 0 0 -2.4569 100 17 0 0 0 0 0 0 0 0 0 0 0
33700 -320.898 0 0 0 1.13172 100 27 2.0823 100 26 0 0 0 -2.46553 100 27 0 0 0 0 0 0 0 0 0 0 0
33800 -321.699 0 0 0 0.711138 100 28 3.62274 100 21 0 0 0 -2.38767 100 24 0 0 0 0 0 0 0 0 0 0 0
33900 -321.731 0 0 0 0.392244 100 23 0.874353 100 28 0 0 0 -2.04225 100 23 0 0 0 0 0 0 0 0 0 0 0
34000 -321.105 0 0 0 0.924028 100 13 1.40702 100 29 0 0 0 -2.36343 100 21 0 0 0 0 0 0 0 0 0 0 0
34100 -321.636 0 0 0 0.675604 100 23 3.75628 100 24 0 0 0 -2.31045 100 17 0 0 0 0 0 0 0 0 0 0 0
34200 -321.976 0 0 0 0.819535 100 16 0.594646 100 18 0 0 0 -2.03935 100 21 0 0 0 0 0 0 0 0 0 0 0
34300 -321.102 0 0 0 0.63622 100 21 3.05316 100 26 0 0 0 -2.22769 100 15 0 0 0 0 0 0 0 0 0 0 0
34400 -321.73 0 0 0 1.54134 100 23 3.7119 100 15 0 0 0 -2.78076 100 25 0 0 0 0 0 0 0 0 0 0 0
34500 -324.267 0 0 0 1.52125 100 23 7.1616 100 24 0 0 0 -2.97168 100 25 0 0 0 0 0 0 0 0 0 0 0
34600 -321.03 0 0 0 1.07812 100 24 2.36178 100 22 0 0 0 -2.24999 100 13 0 0 0 0 0 0 0 0 0 0 0
34700 -320.487 0 0 0 0.753896 100 27 1.78315 100 28 0 0 0 -2.1795 100 22 0 0 0 0 0 0 0 0 0 0 0
34800 -321.286 0 0 0 0.978433 100 18 2.60109 100 33 0 0 0 -2.51294 100 13 0 0 0 0 0 0 0 0 0 0 0
34900 -320.612 0 0 0 1.1077 100 20 2.25169 100 15 0 0 0 -2.43265 100 28 0 0 0 0 0 0 0 0 0 0 0
35000 -320.679 0 0 0 1.33078 100 19 3.43503 100 23 0 0 0 -2.52795 100 24 0 0 0 0 0 0 0 0 0 0 0
35100 -320.48 0 0 0 0.989815 100 22 1.94286 100 19 0 0 0 -2.30643 100 21 0 0 0 0 0 0 0 0 0 0 0
35200 -322.221 0 0 0 1.20718 100 26 1.58429 100 26 0 0 0 -2.5654 100 21 0 0 0 0 0 0 0 0 0 0 0
35300 -324.195 0 0 0 0.46492 100 22 -0.547 100 28 0 0 0 -2.19421 100 19 0 0 0 0 0 0 0 0 0 0 0
35400 -322.157 0 0 0 0.784102 100 21 0.400352 100 31 0 0 0 -2.01142 100 23 0 0 0 0 0 0 0 0 0 0 0
35500 -322.017 0 0 0 0.699379 100 27 1.52615 100 25 0 0 0 -2.35724 100 21 0 0 0 0 0 0 0 0 0 0 0
35600 -323.829 0 0 0 1.00424 100 25 -0.794562 100 23 0 0 0 -2.22547 100 14 0 0 0 0 0 0 0 0 0 0 0
35700 -321.755 0 0 0 0.358122 100 20 1.2424 100 19 0 0 0 -1.96883 100 14 0 0 0 0 0 0 0 0 0 0 0
35800 -324.696 0 0 0 1.81547 100 20 7.73968 100 27 0 0 0 -3.10337 100 21 0 0 0 0 0 0 0 0 0 0 0
35900 -321.187 0 0 0 1.53534 100 27 4.39085 100 29 0 0 0 -2.72454 100 17 0 0 0 0 0 0 0 0 0 0 0
36000 -321.485 0 0 0 1.01504 100 26 1.40195 100 20 0 0 0 -2.43305 100 14 0 0 0 0 0 0 0 0 0 0 0
36100 -322.268 0 0 0 1.69849 100 22 4.68496 100 14 0 0 0 -2.92284 100 15 0 0 0 0 0 0 0 0 0 0 0
36200 -320.539 0 0 0 0.961135 100 21 3.72255 100 14 0 0 0 -2.42643 100 21 0 0 0 0 0 0 0 0 0 0 0
36300 -320.909 0 0 0 1.34459 100 28 4.80939 100 17 0 0 0 -2.62959 100 23 0 0 0 0 0 0 0 0 0 0 0
36400 -320.821 0 0 0 0.839874 100 28 2.91867 100 27 0 0 0 -2.17766 100 22 0 0 0 0 0 0 0 0 0 0 0
36500 -321.472 0 0 0 1.60193 100 25 4.69541 100 25 0 0 0 -2.79814 100 14 0 0 0 0 0 0 0 0 0 0 0
36600 -320.719 0 0 0 0.93009 100 27 1.43176 100 23 0 0 0 -2.25106 100 17 0 0 0 0 0 0 0 0 0 0 0
36700 -320.458 0 0 0 1.244 100 18 3.76137 100 20 0 0 0 -2.55268 100 11 0 0 0 0 0 0 0 0 0 0 0
36800 -320.949 0 0 0 0.831814 100 20 3.62916 100 27 0 0 0 -2.3986 100 20 0 0 0 0 0 0 0 0 0 0 0
36900 -320.586 0 0 0 1.01195 100 21 2.07462 100 23 0 0 0 -2.26885 100 20 0 0 0 0 0 0 0 0 0 0 0
37000 -321.243 0 0 0 0.505375 100 26 1.57268 100 26 0 0 0 -2.13436 100 17 0 0 0 0 0 0 0 0 0 0 0
37100 -321.225 0 0 0 1.23774 100 21 2.91118 100 21 0 0 0 -2.35087 100 14 0 0 0 0 0 0 0 0 0 0 0
37200 -322.596 0 0 0 1.01613 100 34 4.34917 100 25 0 0 0 -2.67778 100 23 0 0 0 0 0 0 0 0 0 0 0
37300 -322.008 0 0 0 1.67401 100 24 5.33372 100 28 0 0 0 -2.75296 100 28 0 0 0 0 0 0 0 0 0 0 0
37400 -322.671 0 0 0 0.870196 100 31 -0.434137 100 26 0 0 0 -2.17513 100 18 0 0 0 0 0 0 0 0 0 0 0
37500 -323.669 0 0 0 0.332636 100 22 1.35024 100 27 0 0 0 -2.21641 100 20 0 0 0 0 0 0 0 0 0 0 0
37600 -324.5 0 0 0 1.68691 100 18 1.90856 100 24 0 0 0 -2.62548 100 19 0 0 0 0 0 0 0 0 0 0 0
37700 -320.407 0 0 0 1.13941 100 25 2.68895 100 28 0 0 0 -2.412 100 13 0 0 0 0 0 0 0 0 0 0 0
37800 -320.318 0 0 0 1.03833 100 30 3.09962 100 26 0 0 0 -2.33983 100 19 0 0 0 0 0 0 0 0 0 0 0
37900 -321.151 0 0 0 1.39092 100 22 2.87858 100 24 0 0 0 -2.5762 100 17 0 0 0 0 0 0 0 0 0 0 0
38000 -327.201 0 0 0 -0.228934 100 31 -1.01185 100 29 0 0 0 -1.81231 100 19 0 0 0 0 0 0 0 0 0 0 0
38100 -321.667 0 0 0 1.56096 100 19 3.72007 100 22 0 0 0 -2.61968 100 22 0 0 0 0 0 0 0 0 0 0 0
38200 -321.337 0 0 0 1.11339 100 18 1.80573 100 24 0 0 0 -2.48859 100 15 0 0 0 0 0 0 0 0 0 0 0
38300 -320.776 0 0 0 0.648116 100 18 2.13463 100 21 0 0 0 -2.21911 100 24 0 0 0 0 0 0 0 0 0 0 0
38400 -320.388 0 0 0 1.2127 100 14 3.33458 100 23 0 0 0 -2.48216 100 24 0 0 0 0 0 0 0 0 0 0 0
38500 -320.758 0 0 0 0.940749 100 23 1.89489 100 19 0 0 0 -2.19577 100 17 0 0 0 0 0 0 0 0 0 0 0
38600 -321.699 0 0 0 0.938982 100 24 2.21275 100 19 0 0 0 -2.11159 100 19 0 0 0 0 0 0 0 0 0 0 0
38700 -320.778 0 0 0 0.607887 100 19 1.65364 100 24 0 0 0 -2.10355 100 18 0 0 0 0 0 0 0 0 0 0 0
38800 -322.507 0 0 0 0.582825 100 28 3.93314 100 33 0 0 0 -2.18494 100 17 0 0 0 0 0 0 0 0 0 0 0
38900 -321.882 0 0 0 0.418189 100 27 2.3455 100 16 0 0 0 -2.0173 100 16 0 0 0 0 0 0 0 0 0 0 0
39000 -321.201 0 0 0 0.599497 100 21 2.51153 100 14 0 0 0 -2.07431 100 17 0 0 0 0 0 0 0 0 0 0 0
39100 -321.632 0 0 0 1.39183 100 22 3.22185 100 24 0 0 0 -2.71857 100 18 0 0 0 0 0 0 0 0 0 0 0
39200 -321.14 0 0 0 0.847405 100 34 0.793637 100 23 0 0 0 -2.17092 100 14 0 0 0 0 0 0 0 0 0 0 0
39300 -320.324 0 0 0 0.837829 100 18 2.65515 100 20 0 0 0 -2.25205 100 14 0 0 0 0 0 0 0 0 0 0 0
39400 -321.756 0 0 0 1.04969 100 28 1.62166 100 22 0 0 0 -2.17642 100 17 0 0 0 0 0 0 0 0 0 0 0
39500 -321.008 0 0 0 1.4613 100 25 3.82044 100 14 0 0 0 -2.66289 100 18 0 0 0 0 0 0 0 0 0 0 0
39600 -320.407 0 0 0 1.11755 100 27 3.11473 100 17 0 0 0 -2.37045 100 23 0 0 0 0 0 0 0 0 0 0 0
39700 -320.572 0 0 0 0.791866 100 18 2.08581 100 26 0 0 0 -2.15181 100 15 0 0 0 0 0 0 0 0 0 0 0
39800 -320.835 0 0 0 0.720761 100 21 3.17526 100 19 0 0 0 -2.22757 100 20 0 0 0 0 0 0 0 0 0 0 0
39900 -320.93 0 0 0 1.09966 100 14 4.49915 100 21 0 0 0 -2.44504 100 19 0 0 0 0 0 0 0 0 0 0 0
40000 -321.359 0 0 0 1.19126 100 25 1.84224 100 30 0 0 0 -2.33382 100 20 0 0 0 0 0 0 0 0 0 0 0
40100 -321.844 0 0 0 1.62728 100 26 3.86203 100 28 0 0 0 -2.6844 100 15 0 0 0 0 0 0 0 0 0 0 0
40200 -321.102 0 0 0 1.27286 100 21 2.48342 100 15 0 0 0 -2.41306 100 20 0 0 0 0 0 0 0 0 0 0 0
40300 -320.764 0 0 0 0.997416 100 25 3.19889 100 27 0 0 0 -2.49954 100 21 0 0 0 0 0 0 0 0 0 0 0
40400 -324.179 0 0 0 1.10541 100 20 4.17683 100 27 0 0 0 -2.18291 100 15 0 0 0 0 0 0 0 0 0 0 0
40500 -321.849 0 0 0 1.70405 100 31 5.1439 100 18 0 0 0 -2.84557 100 14 0 0 0 0 0 0 0 0 0 0 0
40600 -321.386 0 0 0 0.531202 100 20 2.74761 100 17 0 0 0 -2.15134 100 14 0 0 0 0 0 0 0 0 0 0 0
40700 -320.403 0 0 0 0.820109 100 22 2.40624 100 20 0 0 0 -2.20475 100 17 0 0 0 0 0 0 0 0 0 0 0
40800 -322.185 0 0 0 0.353729 100 17 0.394645 100 29 0 0 0 -1.87074 100 19 0 0 0 0 0 0 0 0 0 0 0
40900 -322.665 0 0 0 1.44083 100 20 3.58944 100 16 0 0 0 -2.84326 100 12 0 0 0 0 0 0 0 0 0 0 0
41000 -320.359 0 0 0 1.14018 100 24 2.82614 100 21 0 0 0 -2.42307 100 29 0 0 0 0 0 0 0 0 0 0 0
41100 -323.675 0 0 0 1.10446 100 31 5.38955 100 23 0 0 0 -2.34916 100 16 0 0 0 0 0 0 0 0 0 0 0
41200 -321.362 0 0 0 1.26158 100 21 2.70802 100 17 0 0 0 -2.35828 100 16 0 0 0 0 0 0 0 0 0 0 0
41300 -321.006 0 0 0 0.731157 100 29 2.51287 100 17 0 0 0 -2.33858 100 25 0 0 0 0 0 0 0 0 0 0 0
41400 -320.616 0 0 0 0.845769 100 19 3.02473 100 23 0 0 0 -2.37875 100 24 0 0 0 0 0 0 0 0 0 0 0
41500 -321.152 0 0 0 0.983901 100 26 4.53288 100 23 0 0 0 -2.44046 100 8 0 0 0 0 0 0 0 0 0 0 0
41600 -322.156 0 0 0 0.924859 100 22 3.4535 100 22 0 0 0 -2.584 100 11 0 0 0 0 0 0 0 0 0 0 0
41700 -322.894 0 0 0 0.225771 100 22 -0.0282953 100 16 0 0 0 -1.94939 100 17 0 0 0 0 0 0 0 0 0 0 0
41800 -320.326 0 0 0 0.907041 100 24 2.4849 100 24 0 0 0 -2.25141 100 17 0 0 0 0 0 0 0 0 0 0 0
41900 -321.606 0 0 0 0.535668 100 13 2.6544 100 22 0 0 0 -2.23448 100 20 0 0 0 0 0 0 0 0 0 0 0
42000 -320.959 0 0 0 0.755662 100 22 3.27574 100 14 0 0 0 -2.34616 100 21 0 0 0 0 0 0 0 0 0 0 0
42100 -320.738 0 0 0 0.89773 100 20 3.07913 100 18 0 0 0 -2.43459 100 17 0 0 0 0 0 0 0 0 0 0 0
42200 -323.75 0 0 0 1.54206 100 25 3.13851 100 22 0 0 0 -2.9019 100 20 0 0 0 0 0 0 0 0 0 0 0
42300 -320.802 0 0 0 1.32889 100 27 3.50547 100 16 0 0 0 -2.48968 100 22 0 0 0 0 0 0 0 0 0 0 0
42400 -320.777 0 0 0 0.757906 100 20 3.20712 100 17 0 0 0 -2.22355 100 12 0 0 0 0 0 0 0 0 0 0 0
42500 -320.307 0 0 0 1.09001 100 22 3.16855 100 14 0 0 0 -2.37861 100 14 0 0 0 0 0 0 0 0 0 0 0
42600 -320.616 0 0 0 0.897245 100 23 1.66642 100 29 0 0 0 -2.30799 100 13 0 0 0 0 0 0 0 0 0 0 0
42700 -320.278 0 0 0 1.1285 100 22 3.16986 100 20 0 0 0 -2.44441 100 18 0 0 0 0 0 0 0 0 0 0 0
42800 -320.786 0 0 0 1.24481 100 19 4.37671 100 27 0 0 0 -2.49402 100 18 0 0 0 0 0 0 0 0 0 0 0
42900 -320.219 0 0 0 1.00247 100 21 3.04031 100 35 0 0 0 -2.38208 100 16 0 0 0 0 0 0 0 0 0 0 0
43000 -321.203 0 0 0 0.635498 100 24 3.00471 100 21 0 0 0 -2.26812 100 27 0 0 0 0 0 0 0 0 0 0 0
43100 -320.49 0 0 0 1.19628 100 22 4.09244 100 17 0 0 0 -2.50345 100 13 0 0 0 0 0 0 0 0 0 0 0
43200 -320.919 0 0 0 0.972267 100 16 1.84502 100 17 0 0 0 -2.40945 100 11 0 0 0 0 0 0 0 0 0 0 0
43300 -321.41 0 0 0 0.66276 100 21 1.01417 100 30 0 0 0 -2.23712 100 16 0 0 0 0 0 0 0 0 0 0 0
43400 -321.295 0 0 0 1.3721 100 22 5.0434 100 25 0 0 0 -2.58526 100 9 0 0 0 0 0 0 0 0 0 0 0
43500 -321.656 0 0 0 1.37244 100 20 5.12912 100 33 0 0 0 -2.55053 100 15 0 0 0 0 0 0 0 0 0 0 0
43600 -322.105 0 0 0 0.825273 100 24 4.00902 100 21 0 0 0 -2.18783 100 17 0 0 0 0 0 0 0 0 0 0 0
43700 -321.686 0 0 0 0.929378 100 22 4.62613 100 24 0 0 0 -2.35553 100 19 0 0 0 0 0 0 0 0 0 0 0
43800 -320.653 0 0 0 0.77509 100 26 1.34647 100 23 0 0 0 -2.17449 100 22 0 0 0 0 0 0 0 0 0 0 0
43900 -320.741 0 0 0 0.838255 100 20 3.17197 100 19 0 0 0 -2.39164 100 12 0 0 0 0 0 0 0 0 0 0 0
44000 -321.391 0 0 0 0.812327 100 17 0.467779 100 22 0 0 0 -2.15188 100 18 0 0 0 0 0 0 0 0 0 0 0
44100 -321.083 0 0 0 0.673422 100 31 1.07112 100 21 0 0 0 -2.04472 100 24 0 0 0 0 0 0 0 0 0 0 0
44200 -320.888 0 0 0 1.32641 100 22 4.53702 100 25 0 0 0 -2.67235 100 12 0 0 0 0 0 0 0 0 0 0 0
44300 -322.611 0 0 0 1.07418 100 17 1.83181 100 19 0 0 0 -2.589 100 21 0 0 0 0 0 0 0 0 0 0 0
44400 -321.462 0 0 0 1.05746 100 26 4.89981 100 29 0 0 0 -2.55642 100 22 0 0 0 0 0 0 0 0 0 0 0
44500 -323.826 0 0 0 0.989853 100 21 6.00775 100 15 0 0 0 -2.51668 100 21 0 0 0 0 0 0 0 0 0 0 0
44600 -321.233 0 0 0 1.26732 100 26 5.15178 100 25 0 0 0 -2.63647 100 14 0 0 0 0 0 0 0 0 0 0 0
44700 -320.819 0 0 0 1.34129 100 24 3.09475 100 33 0 0 0 -2.55852 100 18 0 0 0 0 0 0 0 0 0 0 0
44800 -320.695 0 0 0 1.18971 100 18 3.1412 100 21 0 0 0 -2.37636 100 22 0 0 0 0 0 0 0 0 0 0 0
44900 -320.771 0 0 0 1.18585 100 21 4.56728 100 24 0 0 0 -2.55493 100 19 0 0 0 0 0 0 0 0 0 0 0
45000 -320.514 0 0 0 1.10296 100 25 3.97926 100 29 0 0 0 -2.42767 100 21 0 0 0 0 0 0 0 0 0 0 0
45100 -321.125 0 0 0 0.818055 100 18 3.75722 100 21 0 0 0 -2.25231 100 17 0 0 0 0 0 0 0 0 0 0 0
45200 -322.943 0 0 0 0.179885 100 17 1.54119 100 22 0 0 0 -1.94882 100 22 0 0 0 0 0 0 0 0 0 0 0
45300 -321.7 0 0 0 0.778273 100 28 0.352423 100 21 0 0 0 -2.23001 100 22 0 0 0 0 0 0 0 0 0 0 0
45400 -322.932 0 0 0 0.636683 100 25 0.331423 100 29 0 0 0 -2.28828 100 21 0 0 0 0 0 0 0 0 0 0 0
45500 -320.905 0 0 0 1.05899 100 24 3.26072 100 21 0 0 0 -2.54829 100 12 0 0 0 0 0 0 0 0 0 0 0
45600 -321.042 0 0 0 0.528155 100 23 1.92407 100 14 0 0 0 -2.08511 100 16 0 0 0 0 0 0 0 0 0 0 0
45700 -322.033 0 0 0 0.706373 100 18 4.19527 100 22 0 0 0 -2.34782 100 19 0 0 0 0 0 0 0 0 0 0 0
45800 -321.286 0 0 0 1.24422 100 29 2.69135 100 20 0 0 0 -2.60862 100 18 0 0 0 0 0 0 0 0 0 0 0
45900 -320.739 0 0 0 0.85907 100 25 2.24804 100 25 0 0 0 -2.37572 100 23 0 0 0 0 0 0 0 0 0 0 0
46000 -321.441 0 0 0 1.51449 100 20 3.67923 100 29 0 0 0 -2.73476 100 21 0 0 0 0 0 0 0 0 0 0 0
46100 -321.832 0 0 0 0.784855 100 21 0.0429033 100 22 0 0 0 -2.11459 100 16 0 0 0 0 0 0 0 0 0 0 0
46200 -321.029 0 0 0 1.3505 100 28 4.85487 100 13 0 0 0 -2.68909 100 22 0 0 0 0 0 0 0 0 0 0 0
46300 -320.917 0 0 0 1.4349 100 20 4.07561 100 23 0 0 0 -2.67903 100 18 0 0 0 0 0 0 0 0 0 0 0
46400 -323.626 0 0 0 1.68372 100 23 4.63698 100 22 0 0 0 -3.03535 100 23 0 0 0 0 0 0 0 0 0 0 0
46500 -321.277 0 0 0 1.29084 100 25 5.1414 100 31 0 0 0 -2.5783 100 16 0 0 0 0 0 0 0 0 0 0 0
46600 -320.479 0 0 0 0.799364 100 28 1.87724 100 24 0 0 0 -2.25949 100 20 0 0 0 0 0 0 0 0 0 0 0
46700 -320.635 0 0 0 1.29278 100 23 3.12529 100 19 0 0 0 -2.52008 100 19 0 0 0 0 0 0 0 0 0 0 0
46800 -320.72 0 0 0 0.809292 100 18 2.29 100 21 0 0 0 -2.14114 100 14 0 0 0 0 0 0 0 0 0 0 0
46900 -320.584 0 0 0 0.751892 100 23 1.64605 100 20 0 0 0 -2.22533 100 18 0 0 0 0 0 0 0 0 0 0 0
47000 -320.677 0 0 0 0.861548 100 15 1.3665 100 21 0 0 0 -2.21526 100 20 0 0 0 0 0 0 0 0 0 0 0
47100 -320.714 0 0 0 1.1391 100 25 3.72389 100 16 0 0 0 -2.57568 100 25 0 0 0 0 0 0 0 0 0 0 0
47200 -323.353 0 0 0 1.54116 100 23 6.87878 100 27 0 0 0 -2.8405 100 15 0 0 0 0 0 0 0 0 0 0 0
47300 -321.708 0 0 0 1.17226 100 23 1.33453 100 14 0 0 0 -2.32092 100 17 0 0 0 0 0 0 0 0 0 0 0
47400 -321.848 0 0 0 0.69429 100 24 0.994291 100 27 0 0 0 -1.97144 100 22 0 0 0 0 0 0 0 0 0 0 0
47500 -321.664 0 0 0 0.578822 100 22 1.84839 100 26 0 0 0 -2.26949 100 15 0 0 0 0 0 0 0 0 0 0 0
47600 -324.94 0 0 0 1.12883 100 25 -0.426119 100 15 0 0 0 -2.4858 100 23 0 0 0 0 0 0 0 0 0 0 0
47700 -321.572 0 0 0 1.08946 100 26 3.01205 100 28 0 0 0 -2.60882 100 21 0 0 0 0 0 0 0 0 0 0 0
47800 -320.635 0 0 0 0.875161 100 21 1.51702 100 33 0 0 0 -2.27485 100 23 0 0 0 0 0 0 0 0 0 0 0
47900 -322.011 0 0 0 0.833171 100 25 0.80852 100 24 0 0 0 -2.35454 100 16 0 0 0 0 0 0 0 0 0 0 0
48000 -321.327 0 0 0 1.42307 100 18 4.61699 100 14 0 0 0 -2.55682 100 22 0 0 0 0 0 0 0 0 0 0 0
48100 -320.978 0 0 0 1.43259 100 21 3.90321 100 18 0 0 0 -2.68478 100 22 0 0 0 0 0 0 0 0 0 0 0
48200 -320.892 0 0 0 1.13243 100 26 4.18403 100 24 0 0 0 -2.59457 100 16 0 0 0 0 0 0 0 0 0 0 0
48300 -322.05 0 0 0 0.770154 100 24 0.380874 100 23 0 0 0 -2.27848 100 15 0 0 0 0 0 0 0 0 0 0 0
48400 -320.954 0 0 0 0.760049 100 29 2.27128 100 24 0 0 0 -2.09837 100 17 0 0 0 0 0 0 0 0 0 0 0
48500 -324.63 0 0 0 1.5198 100 27 3.86761 100 13 0 0 0 -2.99819 100 22 0 0 0 0 0 0 0 0 0 0 0
48600 -322.604 0 0 0 1.79684 100 19 5.00138 100 26 0 0 0 -2.78733 100 27 0 0 0 0 0 0 0 0 0 0 0
48700 -321.222 0 0 0 0.749257 100 19 3.60508 100 25 0 0 0 -2.22012 100 16 0 0 0 0 0 0 0 0 0 0 0
48800 -320.891 0 0 0 0.893521 100 27 3.44837 100 15 0 0 0 -2.45189 100 24 0 0 0 0 0 0 0 0 0 0 0
48900 -321.232 0 0 0 0.65126 100 24 1.14324 100 26 0 0 0 -2.22142 100 17 0 0 0 0 0 0 0 0 0 0 0
49000 -324.244 0 0 0 1.60606 100 23 1.87924 100 16 0 0 0 -2.5249 100 21 0 0 0 0 0 0 0 0 0 0 0
49100 -321.942 0 0 0 1.35422 100 18 2.43 100 24 0 0 0 -2.65997 100 19 0 0 0 0 0 0 0 0 0 0 0
49200 -322.429 0 0 0 1.33718 100 17 3.53196 100 22 0 0 0 -2.35013 100 21 0 0 0 0 0 0 0 0 0 0 0
49300 -322.254 0 0 0 0.552426 100 24 -0.455381 100 27 0 0 0 -1.97698 100 10 0 0 0 0 0 0 0 0 0 0 0
49400 -321.36 0 0 0 0.899629 100 23 2.74001 100 17 0 0 0 -2.13703 100 11 0 0 0 0 0 0 0 0 0 0 0
49500 -320.355 0 0 0 1.05004 100 25 3.0596 100 29 0 0 0 -2.33524 100 21 0 0 0 0 0 0 0 0 0 0 0
49600 -321.076 0 0 0 0.829725 100 17 3.7335 100 25 0 0 0 -2.41002 100 20 0 0 0 0 0 0 0 0 0 0 0
49700 -321.596 0 0 0 1.21079 100 21 3.96482 100 23 0 0 0 -2.34792 100 20 0 0 0 0 0 0 0 0 0 0 0
49800 -323.67 0 0 0 1.69312 100 20 6.00052 100 16 0 0 0 -2.68428 100 17 0 0 0 0 0 0 0 0 0 0 0
49900 -322.253 0 0 0 0.855458 100 26 0.0481022 100 22 0 0 0 -2.26691 100 16 0 0 0 0 0 0 0 0 0 0 0
50000 -321.2 0 0 0 0.789431 100 25 3.16242 100 19 0 0 0 -2.41262 100 18 0 0 0 0 0 0 0 0 0 0 0
50100 -320.312 0 0 0 1.12435 100 20 3.61391 100 23 0 0 0 -2.45085 100 13 0 0 0 0 0 0 0 0 0 0 0
50200 -320.268 0 0 0 0.936345 100 23 2.90132 100 28 0 0 0 -2.36495 100 13 0 0 0 0 0 0 0 0 0 0 0
50300 -321.254 0 0 0 0.756892 100 26 1.07975 100 24 0 0 0 -2.27551 100 19 0 0 0 0 0 0 0 0 0 0 0
50400 -325.977 0 0 0 0.522861 100 24 4.43107 100 21 0 0 0 -2.51457 100 15 0 0 0 0 0 0 0 0 0 0 0
50500 -321.939 0 0 0 0.681756 100 25 3.72948 100 26 0 0 0 -2.37911 100 13 0 0 0 0 0 0 0 0 0 0 0
50600 -321.007 0 0 0 1.44465 100 27 3.78386 100 25 0 0 0 -2.67465 100 17 0 0 0 0 0 0 0 0 0 0 0
50700 -320.952 0 0 0 0.800323 100 25 0.950278 100 25 0 0 0 -2.20672 100 21 0 0 0 0 0 0 0 0 0 0 0
50800 -323.707 0 0 0 1.4187 100 27 5.33406 100 24 0 0 0 -2.45649 100 16 0 0 0 0 0 0 0 0 0 0 0
50900 -322.771 0 0 0 0.397149 100 19 2.17268 100 31 0 0 0 -1.89663 100 21 0 0 0 0 0 0 0 0 0 0 0
51000 -321.072 0 0 0 0.806584 100 19 2.939 100 21 0 0 0 -2.14491 100 26 0 0 0 0 0 0 0 0 0 0 0
51100 -320.582 0 0 0 1.13639 100 32 3.88683 100 23 0 0 0 -2.40931 100 15 0 0 0 0 0 0 0 0 0 0 0
51200 -322.248 0 0 0 0.408752 100 23 2.1903 100 14 0 0 0 -1.94487 100 18 0 0 0 0 0 0 0 0 0 0 0
51300 -321.903 0 0 0 1.50782 100 20 4.5221 100 20 0 0 0 -2.5554 100 19 0 0 0 0 0 0 0 0 0 0 0
51400 -321.49 0 0 0 0.725889 100 28 2.80181 100 28 0 0 0 -2.39149 100 20 0 0 0 0 0 0 0 0 0 0 0
51500 -320.9 0 0 0 0.798125 100 22 2.45452 100 23 0 0 0 -2.37053 100 23 0 0 0 0 0 0 0 0 0 0 0
51600 -322.422 0 0 0 0.483725 100 25 2.73078 100 20 0 0 0 -1.9816 100 16 0 0 0 0 0 0 0 0 0 0 0
51700 -322.283 0 0 0 0.722375 100 19 3.78489 100 22 0 0 0 -2.13322 100 11 0 0 0 0 0 0 0 0 0 0 0
51800 -321.552 0 0 0 1.17261 100 26 5.27297 100 23 0 0 0 -2.56525 100 15 0 0 0 0 0 0 0 0 0 0 0
51900 -321.693 0 0 0 1.59289 100 19 4.74565 100 22 0 0 0 -2.84984 100 23 0 0 0 0 0 0 0 0 0 0 0
52000 -322.971 0 0 0 0.947724 100 26 5.12582 100 20 0 0 0 -2.62747 100 25 0 0 0 0 0 0 0 0 0 0 0
52100 -320.804 0 0 0 1.1138 100 22 3.24888 100 28 0 0 0 -2.31641 100 15 0 0 0 0 0 0 0 0 0 0 0
52200 -320.825 0 0 0 1.26392 100 26 2.6595 100 28 0 0 0 -2.52637 100 21 0 0 0 0 0 0 0 0 0 0 0
52300 -321.606 0 0 0 0.555524 100 18 1.80141 100 29 0 0 0 -2.24351 100 17 0 0 0 0 0 0 0 0 0 0 0
52400 -325.354 0 0 0 0.615378 100 24 1.70282 100 26 0 0 0 -2.50275 100 17 0 0 0 0 0 0 0 0 0 0 0
52500 -320.259 0 0 0 0.927029 100 18 2.81333 100 14 0 0 0 -2.29483 100 15 0 0 0 0 0 0 0 0 0 0 0
52600 -322.487 0 0 0 0.272656 100 21 0.080401 100 13 0 0 0 -1.93882 100 19 0 0 0 0 0 0 0 0 0 0 0
52700 -325.956 0 0 0 2.34162 100 27 7.9162 100 23 0 0 0 -3.35133 100 19 0 0 0 0 0 0 0 0 0 0 0
52800 -324.83 0 0 0 1.43323 100 24 0.284021 100 16 0 0 0 -2.51217 100 17 0 0 0 0 0 0 0 0 0 0 0
52900 -321.745 0 0 0 0.377624 100 24 0.673392 100 23 0 0 0 -1.96767 100 15 0 0 0 0 0 0 0 0 0 0 0
53000 -320.371 0 0 0 1.14876 100 17 3.68556 100 22 0 0 0 -2.44393 100 22 0 0 0 0 0 0 0 0 0 0 0
53100 -321.28 0 0 0 0.935711 100 13 0.907591 100 18 0 0 0 -2.29922 100 11 0 0 0 0 0 0 0 0 0 0 0
53200 -323.343 0 0 0 0.365858 100 22 0.247204 100 25 0 0 0 -1.76186 100 18 0 0 0 0 0 0 0 0 0 0 0
53300 -320.624 0 0 0 0.896934 100 28 2.27316 100 29 0 0 0 -2.18775 100 18 0 0 0 0 0 0 0 0 0 0 0
53400 -322.269 0 0 0 1.42341 100 28 4.03697 100 14 0 0 0 -2.44032 100 15 0 0 0 0 0 0 0 0 0 0 0
53500 -321.108 0 0 0 1.23317 100 23 3.08098 100 14 0 0 0 -2.6221 100 19 0 0 0 0 0 0 0 0 0 0 0
53600 -322.884 0 0 0 1.59849 100 20 5.99629 100 24 0 0 0 -2.98587 100 17 0 0 0 0 0 0 0 0 0 0 0
53700 -321.316 0 0 0 1.41181 100 20 2.92378 100 20 0 0 0 -2.63085 100 14 0 0 0 0 0 0 0 0 0 0 0
53800 -323.792 0 0 0 0.450609 100 26 2.32606 100 30 0 0 0 -2.34554 100 20 0 0 0 0 0 0 0 0 0 0 0
53900 -321.248 0 0 0 1.39694 100 16 3.06602 100 29 0 0 0 -2.50239 100 12 0 0 0 0 0 0 0 0 0 0 0
54000 -321.787 0 0 0 0.537731 100 20 0.0212805 100 19 0 0 0 -2.05092 100 15 0 0 0 0 0 0 0 0 0 0 0
54100 -324.325 0 0 0 1.7913 100 20 3.00458 100 20 0 0 0 -2.93482 100 18 0 0 0 0 0 0 0 0 0 0 0
54200 -321.913 0 0 0 1.61836 100 21 4.0482 100 24 0 0 0 -2.82984 100 24 0 0 0 0 0 0 0 0 0 0 0
54300 -321.728 0 0 0 0.799108 100 20 3.78982 100 18 0 0 0 -2.18488 100 20 0 0 0 0 0 0 0 0 0 0 0
54400 -320.6 0 0 0 0.76218 100 21 1.72236 100 17 0 0 0 -2.24861 100 24 0 0 0 0 0 0 0 0 0 0 0
54500 -320.417 0 0 0 0.850247 100 29 2.13392 100 24 0 0 0 -2.20422 100 22 0 0 0 0 0 0 0 0 0 0 0
54600 -323.39 0 0 0 1.34954 100 21 1.19728 100 27 0 0 0 -2.62228 100 16 0 0 0 0 0 0 0 0 0 0 0
54700 -320.973 0 0 0 0.648766 100 29 1.47819 100 24 0 0 0 -2.2149 100 28 0 0 0 0 0 0 0 0 0 0 0
54800 -321.097 0 0 0 0.872883 100 22 2.33019 100 22 0 0 0 -2.42776 100 22 0 0 0 0 0 0 0 0 0 0 0
54900 -321.076 0 0 0 1.33289 100 21 4.67841 100 29 0 0 0 -2.7047 100 14 0 0 0 0 0 0 0 0 0 0 0
55000 -320.86 0 0 0 1.34147 100 21 3.04683 100 25 0 0 0 -2.51906 100 15 0 0 0 0 0 0 0 0 0 0 0
55100 -321.617 0 0 0 0.458646 100 21 2.12523 100 24 0 0 0 -2.15484 100 27 0 0 0 0 0 0 0 0 0 0 0
55200 -321.256 0 0 0 0.552529 100 20 2.71278 100 31 0 0 0 -2.1389 100 23 0 0 0 0 0 0 0 0 0 0 0
55300 -323.903 0 0 0 1.42383 100 24 6.44458 100 22 0 0 0 -2.95938 100 28 0 0 0 0 0 0 0 0 0 0 0
55400 -320.897 0 0 0 1.2388 100 30 3.02058 100 27 0 0 0 -2.59225 100 18 0 0 0 0 0 0 0 0 0 0 0
55500 -321.331 0 0 0 1.3297 100 17 4.26848 100 24 0 0 0 -2.73592 100 21 0 0 0 0 0 0 0 0 0 0 0
55600 -321.859 0 0 0 1.55087 100 25 4.00636 100 26 0 0 0 -2.82452 100 12 0 0 0 0 0 0 0 0 0 0 0
55700 -320.86 0 0 0 1.00783 100 19 1.45738 100 23 0 0 0 -2.28878 100 14 0 0 0 0 0 0 0 0 0 0 0
55800 -320.961 0 0 0 1.04959 100 28 1.46345 100 26 0 0 0 -2.33189 100 24 0 0 0 0 0 0 0 0 0 0 0
55900 -321.429 0 0 0 0.58901 100 25 0.419533 100 19 0 0 0 -2.10015 100 14 0 0 0 0 0 0 0 0 0 0 0
56000 -320.556 0 0 0 1.26366 100 30 3.77235 100 26 0 0 0 -2.48724 100 18 0 0 0 0 0 0 0 0 0 0 0
56100 -321.928 0 0 0 0.799638 100 27 -0.0245406 100 26 0 0 0 -2.13001 100 26 0 0 0 0 0 0 0 0 0 0 0
56200 -321.14 0 0 0 1.43578 100 19 4.70955 100 19 0 0 0 -2.60476 100 18 0 0 0 0 0 0 0 0 0 0 0
56300 -321.163 0 0 0 0.742948 100 33 2.26266 100 27 0 0 0 -2.07237 100 16 0 0 0 0 0 0 0 0 0 0 0
56400 -320.96 0 0 0 0.96291 100 24 2.37635 100 17 0 0 0 -2.46043 100 22 0 0 0 0 0 0 0 0 0 0 0
56500 -322.155 0 0 0 0.856295 100 20 -0.100052 100 29 0 0 0 -2.16798 100 21 0 0 0 0 0 0 0 0 0 0 0
56600 -320.774 0 0 0 1.35817 100 23 4.49928 100 11 0 0 0 -2.60637 100 21 0 0 0 0 0 0 0 0 0 0 0
56700 -321.508 0 0 0 0.748069 100 19 1.42682 100 20 0 0 0 -2.33402 100 15 0 0 0 0 0 0 0 0 0 0 0
56800 -321.116 0 0 0 1.44332 100 22 3.41389 100 24 0 0 0 -2.57881 100 16 0 0 0 0 0 0 0 0 0 0 0
56900 -320.64 0 0 0 1.08817 100 23 2.31678 100 16 0 0 0 -2.45133 100 19 0 0 0 0 0 0 0 0 0 0 0
57000 -324.152 0 0 0 1.67428 100 23 2.74743 100 22 0 0 0 -2.54933 100 11 0 0 0 0 0 0 0 0 0 0 0
57100 -323.479 0 0 0 0.174401 100 27 -0.372592 100 19 0 0 0 -1.93665 100 17 0 0 0 0 0 0 0 0 0 0 0
57200 -320.578 0 0 0 0.706745 100 29 1.69408 100 16 0 0 0 -2.18683 100 21 0 0 0 0 0 0 0 0 0 0 0
57300 -322.096 0 0 0 1.23706 100 21 1.63134 100 19 0 0 0 -2.56093 100 20 0 0 0 0 0 0 0 0 0 0 0
57400 -321.675 0 0 0 1.47273 100 28 3.19678 100 15 0 0 0 -2.52534 100 17 0 0 0 0 0 0 0 0 0 0 0
57500 -326.133 0 0 0 2.1471 100 21 4.27617 100 29 0 0 0 -3.19593 100 19 0 0 0 0 0 0 0 0 0 0 0
57600 -321.606 0 0 0 0.403135 100 24 1.83449 100 29 0 0 0 -2.02752 100 14 0 0 0 0 0 0 0 0 0 0 0
57700 -320.941 0 0 0 0.618994 100 29 1.14422 100 22 0 0 0 -2.06261 100 17 0 0 0 0 0 0 0 0 0 0 0
57800 -322.785 0 0 0 1.84567 100 23 5.34132 100 23 0 0 0 -2.83708 100 23 0 0 0 0 0 0 0 0 0 0 0
57900 -321.078 0 0 0 1.11166 100 15 1.55282 100 21 0 0 0 -2.35971 100 23 0 0 0 0 0 0 0 0 0 0 0
58000 -322.802 0 0 0 0.271078 100 21 -0.00157928 100 17 0 0 0 -1.99203 100 11 0 0 0 0 0 0 0 0 0 0 0
58100 -325.099 0 0 0 0.817416 100 29 -1.679 100 30 0 0 0 -1.9895 100 12 0 0 0 0 0 0 0 0 0 0 0
58200 -325.722 0 0 0 1.29374 100 22 0.894749 100 23 0 0 0 -2.16941 100 24 0 0 0 0 0 0 0 0 0 0 0
58300 -321.039 0 0 0 0.523802 100 20 1.80226 100 31 0 0 0 -2.08153 100 17 0 0 0 0 0 0 0 0 0 0 0
58400 -321.963 0 0 0 0.671846 100 19 0.992532 100 18 0 0 0 -1.95308 100 16 0 0 0 0 0 0 0 0 0 0 0
58500 -324.118 0 0 0 0.0740529 100 22 -0.816511 100 34 0 0 0 -1.83923 100 15 0 0 0 0 0 0 0 0 0 0 0
58600 -323.374 0 0 0 1.85168 100 28 6.90895 100 25 0 0 0 -3.03711 100 26 0 0 0 0 0 0 0 0 0 0 0
58700 -321.372 0 0 0 1.5774 100 30 4.67142 100 31 0 0 0 -2.77947 100 17 0 0 0 0 0 0 0 0 0 0 0
58800 -320.561 0 0 0 1.04898 100 24 2.28445 100 18 0 0 0 -2.42578 100 20 0 0 0 0 0 0 0 0 0 0 0
58900 -320.362 0 0 0 0.931633 100 22 2.69095 100 14 0 0 0 -2.25884 100 19 0 0 0 0 0 0 0 0 0 0 0
59000 -321.368 0 0 0 1.42025 100 20 5.36937 100 25 0 0 0 -2.69027 100 20 0 0 0 0 0 0 0 0 0 0 0
59100 -320.709 0 0 0 0.866211 100 21 3.27857 100 22 0 0 0 -2.40736 100 18 0 0 0 0 0 0 0 0 0 0 0
59200 -325.799 0 0 0 0.589762 100 23 -2.19722 100 32 0 0 0 -1.81826 100 20 0 0 0 0 0 0 0 0 0 0 0
59300 -320.739 0 0 0 0.635446 100 25 1.48633 100 28 0 0 0 -2.118 100 20 0 0 0 0 0 0 0 0 0 0 0
59400 -320.411 0 0 0 0.765988 100 25 2.43526 100 22 0 0 0 -2.21588 100 13 0 0 0 0 0 0 0 0 0 0 0
59500 -321.381 0 0 0 1.46146 100 18 4.35349 100 18 0 0 0 -2.77971 100 21 0 0 0 0 0 0 0 0 0 0 0
59600 -321.806 0 0 0 1.6243 100 23 4.8415 100 20 0 0 0 -2.87021 100 13 0 0 0 0 0 0 0 0 0 0 0
59700 -321.371 0 0 0 0.992164 100 16 4.2516 100 20 0 0 0 -2.5591 100 17 0 0 0 0 0 0 0 0 0 0 0
59800 -322.809 0 0 0 1.21388 100 24 6.09903 100 22 0 0 0 -2.68735 100 13 0 0 0 0 0 0 0 0 0 0 0
59900 -321.674 0 0 0 1.06223 100 27 1.46684 100 24 0 0 0 -2.19929 100 16 0 0 0 0 0 0 0 0 0 0 0
60000 -321.306 0 0 0 1.24631 100 24 4.72833 100 15 0 0 0 -2.4716 100 19 0 0 0 0 0 0 0 0 0 0 0
60100 -321.59 0 0 0 0.47114 100 23 2.14024 100 17 0 0 0 -2.00634 100 27 0 0 0 0 0 0 0 0 0 0 0
60200 -320.999 0 0 0 1.24814 100 25 2.32209 100 23 0 0 0 -2.42276 100 17 0 0 0 0 0 0 0 0 0 0 0
60300 -322.137 0 0 0 1.16957 100 20 1.08746 100 17 0 0 0 -2.4713 100 15 0 0 0 0 0 0 0 0 0 0 0
60400 -321.033 0 0 0 0.917634 100 20 1.9584 100 33 0 0 0 -2.41451 100 17 0 0 0 0 0 0 0 0 0 0 0
60500 -321.456 0 0 0 0.964177 100 26 0.72167 100 24 0 0 0 -2.24658 100 20 0 0 0 0 0 0 0 0 0 0 0
60600 -321.559 0 0 0 1.54235 100 24 3.42054 100 17 0 0 0 -2.64856 100 10 0 0 0 0 0 0 0 0 0 0 0
60700 -320.646 0 0 0 1.34631 100 30 3.75714 100 20 0 0 0 -2.56375 100 26 0 0 0 0 0 0 0 0 0 0 0
60800 -320.793 0 0 0 1.01256 100 21 1.67384 100 17 0 0 0 -2.36751 100 17 0 0 0 0 0 0 0 0 0 0 0
60900 -322.098 0 0 0 1.08881 100 34 5.11746 100 24 0 0 0 -2.41616 100 23 0 0 0 0 0 0 0 0 0 0 0
61000 -323.447 0 0 0 1.81279 100 12 4.01609 100 23 0 0 0 -2.97986 100 14 0 0 0 0 0 0 0 0 0 0 0
61100 -322.971 0 0 0 0.991238 100 24 -0.291906 100 20 0 0 0 -2.27305 100 17 0 0 0 0 0 0 0 0 0 0 0
61200 -320.525 0 0 0 0.741391 100 25 1.99768 100 27 0 0 0 -2.15236 100 20 0 0 0 0 0 0 0 0 0 0 0
61300 -321.012 0 0 0 0.663397 100 27 3.04445 100 20 0 0 0 -2.2562 100 18 0 0 0 0 0 0 0 0 0 0 0
61400 -322.159 0 0 0 1.67548 100 27 4.71851 100 23 0 0 0 -2.91205 100 19 0 0 0 0 0 0 0 0 0 0 0
61500 -321.229 0 0 0 1.29781 100 20 4.38766 100 21 0 0 0 -2.46395 100 12 0 0 0 0 0 0 0 0 0 0 0
61600 -320.513 0 0 0 1.22451 100 29 4.00064 100 16 0 0 0 -2.5679 100 14 0 0 0 0 0 0 0 0 0 0 0
61700 -320.286 0 0 0 1.0363 100 24 3.27045 100 26 0 0 0 -2.36273 100 20 0 0 0 0 0 0 0 0 0 0 0
61800 -323.71 0 0 0 0.820231 100 23 5.49374 100 31 0 0 0 -2.4672 100 23 0 0 0 0 0 0 0 0 0 0 0
61900 -323.487 0 0 0 0.881507 100 25 4.2305 100 29 0 0 0 -2.64806 100 12 0 0 0 0 0 0 0 0 0 0 0
62000 -321.697 0 0 0 1.35768 100 25 4.80982 100 21 0 0 0 -2.79013 100 16 0 0 0 0 0 0 0 0 0 0 0
62100 -320.642 0 0 0 0.658392 100 26 2.24289 100 24 0 0 0 -2.17788 100 17 0 0 0 0 0 0 0 0 0 0 0
62200 -320.597 0 0 0 1.00539 100 16 2.03791 100 24 0 0 0 -2.39012 100 21 0 0 0 0 0 0 0 0 0 0 0
62300 -320.94 0 0 0 1.04085 100 19 1.56359 100 21 0 0 0 -2.27565 100 19 0 0 0 0 0 0 0 0 0 0 0
62400 -322.139 0 0 0 1.24762 100 21 2.90796 100 23 0 0 0 -2.70175 100 24 0 0 0 0 0 0 0 0 0 0 0
62500 -321.038 0 0 0 0.775042 100 30 2.6673 100 18 0 0 0 -2.37819 100 20 0 0 0 0 0 0 0 0 0 0 0
62600 -323.175 0 0 0 1.16152 100 21 5.90656 100 26 0 0 0 -2.50208 100 17 0 0 0 0 0 0 0 0 0 0 0
62700 -321.009 0 0 0 0.744448 100 24 3.42706 100 20 0 0 0 -2.22428 100 17 0 0 0 0 0 0 0 0 0 0 0
62800 -321.224 0 0 0 0.907723 100 21 0.868747 100 19 0 0 0 -2.18711 100 19 0 0 0 0 0 0 0 0 0 0 0
62900 -320.275 0 0 0 0.91752 100 15 3.06262 100 17 0 0 0 -2.33348 100 19 0 0 0 0 0 0 0 0 0 0 0
63000 -322.11 0 0 0 0.314461 100 19 0.444324 100 14 0 0 0 -1.95933 100 20 0 0 0 0 0 0 0 0 0 0 0
63100 -321.749 0 0 0 1.54118 100 21 3.90686 100 24 0 0 0 -2.80272 100 23 0 0 0 0 0 0 0 0 0 0 0
63200 -325.26 0 0 0 0.404992 100 22 2.51515 100 23 0 0 0 -2.39678 100 20 0 0 0 0 0 0 0 0 0 0 0
63300 -320.353 0 0 0 0.932773 100 29 2.9846 100 20 0 0 0 -2.28081 100 16 0 0 0 0 0 0 0 0 0 0 0
63400 -321.698 0 0 0 1.51832 100 30 4.72957 100 21 0 0 0 -2.59754 100 25 0 0 0 0 0 0 0 0 0 0 0
63500 -321.089 0 0 0 1.38505 100 31 3.15182 100 20 0 0 0 -2.63285 100 22 0 0 0 0 0 0 0 0 0 0 0
63600 -322.399 0 0 0 1.0662 100 30 4.55192 100 14 0 0 0 -2.29347 100 22 0 0 0 0 0 0 0 0 0 0 0
63700 -322.347 0 0 0 1.45992 100 15 5.86158 100 24 0 0 0 -2.64255 100 15 0 0 0 0 0 0 0 0 0 0 0
63800 -323.041 0 0 0 0.289444 100 23 1.33569 100 31 0 0 0 -1.81361 100 17 0 0 0 0 0 0 0 0 0 0 0
63900 -320.841 0 0 0 1.23031 100 19 3.37349 100 26 0 0 0 -2.61057 100 6 0 0 0 0 0 0 0 0 0 0 0
64000 -322.995 0 0 0 1.33371 100 21 4.67396 100 23 0 0 0 -2.38606 100 18 0 0 0 0 0 0 0 0 0 0 0
64100 -320.684 0 0 0 1.3397 100 23 3.43017 100 26 0 0 0 -2.5707 100 13 0 0 0 0 0 0 0 0 0 0 0
64200 -322.962 0 0 0 1.331 100 25 2.32986 100 15 0 0 0 -2.73148 100 19 0 0 0 0 0 0 0 0 0 0 0
64300 -321.417 0 0 0 0.897021 100 14 3.79409 100 20 0 0 0 -2.22601 100 20 0 0 0 0 0 0 0 0 0 0 0
64400 -321.412 0 0 0 1.15341 100 11 4.51396 100 22 0 0 0 -2.66162 100 15 0 0 0 0 0 0 0 0 0 0 0
64500 -320.316 0 0 0 1.0282 100 19 3.42878 100 19 0 0 0 -2.4373 100 16 0 0 0 0 0 0 0 0 0 0 0
64600 -322.55 0 0 0 0.213211 100 22 0.808798 100 30 0 0 0 -1.91868 100 17 0 0 0 0 0 0 0 0 0 0 0
64700 -320.812 0 0 0 0.896882 100 20 1.36455 100 18 0 0 0 -2.19239 100 24 0 0 0 0 0 0 0 0 0 0 0
64800 -321.087 0 0 0 1.27527 100 23 3.26849 100 17 0 0 0 -2.39865 100 22 0 0 0 0 0 0 0 0 0 0 0
64900 -320.688 0 0 0 0.903503 100 21 2.87656 100 20 0 0 0 -2.42671 100 18 0 0 0 0 0 0 0 0 0 0 0
65000 -322.382 0 0 0 0.579809 100 23 3.8271 100 30 0 0 0 -2.29492 100 15 0 0 0 0 0 0 0 0 0 0 0
65100 -320.982 0 0 0 0.986359 100 28 3.38096 100 26 0 0 0 -2.24678 100 17 0 0 0 0 0 0 0 0 0 0 0
65200 -320.536 0 0 0 1.17263 100 20 3.57338 100 22 0 0 0 -2.40732 100 16 0 0 0 0 0 0 0 0 0 0 0
65300 -320.717 0 0 0 1.17606 100 21 3.71658 100 24 0 0 0 -2.39267 100 13 0 0 0 0 0 0 0 0 0 0 0
65400 -322.653 0 0 0 1.18251 100 27 2.94857 100 27 0 0 0 -2.218 100 14 0 0 0 0 0 0 0 0 0 0 0
65500 -320.582 0 0 0 0.843849 100 25 1.67577 100 24 0 0 0 -2.17977 100 21 0 0 0 0 0 0 0 0 0 0 0
65600 -322.047 0 0 0 0.45353 100 22 2.90527 100 15 0 0 0 -2.08133 100 16 0 0 0 0 0 0 0 0 0 0 0
65700 -321.032 0 0 0 0.956349 100 24 1.28741 100 27 0 0 0 -2.33718 100 20 0 0 0 0 0 0 0 0 0 0 0
65800 -323.283 0 0 0 1.17141 100 24 0.63219 100 26 0 0 0 -2.52013 100 17 0 0 0 0 0 0 0 0 0 0 0
65900 -320.316 0 0 0 0.913446 100 23 3.02059 100 31 0 0 0 -2.36382 100 17 0 0 0 0 0 0 0 0 0 0 0
66000 -321.188 0 0 0 0.590558 100 24 0.664438 100 20 0 0 0 -2.07146 100 16 0 0 0 0 0 0 0 0 0 0 0
66100 -320.397 0 0 0 0.779887 100 17 2.05817 100 22 0 0 0 -2.20819 100 13 0 0 0 0 0 0 0 0 0 0 0
66200 -321.826 0 0 0 1.65161 100 28 5.17624 100 20 0 0 0 -2.74437 100 13 0 0 0 0 0 0 0 0 0 0 0
66300 -323.178 0 0 0 1.2417 100 26 1.53892 100 27 0 0 0 -2.64418 100 19 0 0 0 0 0 0 0 0 0 0 0
66400 -324.721 0 0 0 0.0408298 100 24 1.39848 100 25 0 0 0 -2.01819 100 18 0 0 0 0 0 0 0 0 0 0 0
66500 -320.57 0 0 0 0.77611 100 32 2.43804 100 28 0 0 0 -2.16384 100 21 0 0 0 0 0 0 0 0 0 0 0
66600 -321.949 0 0 0 1.44416 100 25 2.43175 100 25 0 0 0 -2.51259 100 16 0 0 0 0 0 0 0 0 0 0 0
66700 -321.325 0 0 0 0.766161 100 32 2.02319 100 25 0 0 0 -2.05538 100 15 0 0 0 0 0 0 0 0 0 0 0
66800 -322.304 0 0 0 0.544973 100 21 1.86508 100 25 0 0 0 -2.29995 100 15 0 0 0 0 0 0 0 0 0 0 0
66900 -320.959 0 0 0 1.3895 100 18 4.61698 100 18 0 0 0 -2.69942 100 18 0 0 0 0 0 0 0 0 0 0 0
67000 -320.728 0 0 0 1.34238 100 26 4.39418 100 28 0 0 0 -2.63418 100 25 0 0 0 0 0 0 0 0 0 0 0
67100 -321.452 0 0 0 1.44582 100 18 4.51706 100 18 0 0 0 -2.79072 100 17 0 0 0 0 0 0 0 0 0 0 0
67200 -322.501 0 0 0 1.6746 100 28 3.36397 100 21 0 0 0 -2.79645 100 22 0 0 0 0 0 0 0 0 0 0 0
67300 -322.356 0 0 0 0.479751 100 25 2.73529 100 26 0 0 0 -2.26392 100 10 0 0 0 0 0 0 0 0 0 0 0
67400 -320.498 0 0 0 0.742883 100 14 2.28453 100 19 0 0 0 -2.25214 100 18 0 0 0 0 0 0 0 0 0 0 0
67500 -321.697 0 0 0 1.22855 100 19 3.01436 100 33 0 0 0 -2.30673 100 19 0 0 0 0 0 0 0 0 0 0 0
67600 -320.659 0 0 0 1.26434 100 18 2.89793 100 27 0 0 0 -2.5183 100 17 0 0 0 0 0 0 0 0 0 0 0
67700 -321.598 0 0 0 1.20803 100 29 4.158 100 25 0 0 0 -2.70777 100 13 0 0 0 0 0 0 0 0 0 0 0
67800 -320.617 0 0 0 0.790238 100 22 2.68614 100 30 0 0 0 -2.17653 100 20 0 0 0 0 0 0 0 0 0 0 0
67900 -320.394 0 0 0 0.803808 100 19 2.68654 100 26 0 0 0 -2.23373 100 21 0 0 0 0 0 0 0 0 0 0 0
68000 -320.699 0 0 0 0.984159 100 33 3.50588 100 12 0 0 0 -2.48793 100 9 0 0 0 0 0 0 0 0 0 0 0
68100 -321.773 0 0 0 0.942743 100 21 1.90317 100 20 0 0 0 -2.10361 100 16 0 0 0 0 0 0 0 0 0 0 0
68200 -321.33 0 0 0 0.900267 100 25 2.02636 100 27 0 0 0 -2.44146 100 17 0 0 0 0 0 0 0 0 0 0 0
68300 -320.658 0 0 0 0.902118 100 23 2.80471 100 29 0 0 0 -2.20714 100 13 0 0 0 0 0 0 0 0 0 0 0
68400 -327.417 0 0 0 0.55215 100 23 -2.91839 100 28 0 0 0 -2.13157 100 15 0 0 0 0 0 0 0 0 0 0 0
68500 -320.455 0 0 0 0.809097 100 20 2.21814 100 23 0 0 0 -2.18325 100 12 0 0 0 0 0 0 0 0 0 0 0
68600 -321.52 0 0 0 0.85279 100 24 2.53815 100 23 0 0 0 -2.46493 100 22 0 0 0 0 0 0 0 0 0 0 0
68700 -322.328 0 0 0 1.6895 100 25 5.08933 100 29 0 0 0 -2.7065 100 17 0 0 0 0 0 0 0 0 0 0 0
68800 -321.615 0 0 0 0.667378 100 29 2.94338 100 20 0 0 0 -2.35912 100 14 0 0 0 0 0 0 0 0 0 0 0
68900 -322.749 0 0 0 1.1784 100 23 2.56969 100 22 0 0 0 -2.20155 100 15 0 0 0 0 0 0 0 0 0 0 0
69000 -320.384 0 0 0 0.841483 100 24 2.03605 100 24 0 0 0 -2.27535 100 25 0 0 0 0 0 0 0 0 0 0 0
69100 -322.666 0 0 0 0.748263 100 23 0.666299 100 21 0 0 0 -2.35581 100 17 0 0 0 0 0 0 0 0 0 0 0
69200 -326.935 0 0 0 -0.160536 100 29 2.11486 100 23 0 0 0 -1.8591 100 15 0 0 0 0 0 0 0 0 0 0 0
69300 -322.39 0 0 0 1.10954 100 28 0.463744 100 33 0 0 0 -2.35502 100 24 0 0 0 0 0 0 0 0 0 0 0
69400 -322.887 0 0 0 1.31653 100 19 1.04772 100 20 0 0 0 -2.38741 100 18 0 0 0 0 0 0 0 0 0 0 0
69500 -323.317 0 0 0 1.1403 100 23 0.755561 100 25 0 0 0 -2.53824 100 22 0 0 0 0 0 0 0 0 0 0 0
69600 -320.744 0 0 0 1.22464 100 23 2.92586 100 12 0 0 0 -2.55732 100 15 0 0 0 0 0 0 0 0 0 0 0
69700 -320.661 0 0 0 0.734663 100 21 2.98339 100 21 0 0 0 -2.23044 100 16 0 0 0 0 0 0 0 0 0 0 0
69800 -320.614 0 0 0 0.80121 100 17 3.19009 100 16 0 0 0 -2.24753 100 21 0 0 0 0 0 0 0 0 0 0 0
69900 -323.042 0 0 0 1.38961 100 25 5.31256 100 15 0 0 0 -2.91215 100 18 0 0 0 0 0 0 0 0 0 0 0
70000 -320.222 0 0 0 0.998427 100 24 3.02585 100 21 0 0 0 -2.35348 100 22 0 0 0 0 0 0 0 0 0 0 0
70100 -321.509 0 0 0 0.701922 100 23 3.70478 100 17 0 0 0 -2.33688 100 20 0 0 0 0 0 0 0 0 0 0 0
70200 -321.757 0 0 0 1.18901 100 15 1.44264 100 23 0 0 0 -2.48476 100 14 0 0 0 0 0 0 0 0 0 0 0
70300 -321.077 0 0 0 0.604298 100 16 1.95593 100 13 0 0 0 -2.22567 100 15 0 0 0 0 0 0 0 0 0 0 0
70400 -320.275 0 0 0 0.995706 100 23 3.20699 100 19 0 0 0 -2.34541 100 11 0 0 0 0 0 0 0 0 0 0 0
70500 -323.099 0 0 0 0.577442 100 17 1.89158 100 27 0 0 0 -2.37626 100 16 0 0 0 0 0 0 0 0 0 0 0
70600 -323.013 0 0 0 1.71565 100 23 5.65116 100 24 0 0 0 -2.71093 100 16 0 0 0 0 0 0 0 0 0 0 0
70700 -320.749 0 0 0 0.648507 100 23 1.97055 100 23 0 0 0 -2.10008 100 17 0 0 0 0 0 0 0 0 0 0 0
70800 -320.648 0 0 0 0.962389 100 16 2.15043 100 20 0 0 0 -2.40175 100 20 0 0 0 0 0 0 0 0 0 0 0
70900 -320.783 0 0 0 0.621052 100 26 2.10844 100 22 0 0 0 -2.11116 100 20 0 0 0 0 0 0 0 0 0 0 0
71000 -322.513 0 0 0 1.22753 100 24 2.61215 100 20 0 0 0 -2.69831 100 15 0 0 0 0 0 0 0 0 0 0 0
71100 -320.795 0 0 0 1.41032 100 11 4.05637 100 15 0 0 0 -2.63546 100 11 0 0 0 0 0 0 0 0 0 0 0
71200 -320.742 0 0 0 0.913708 100 23 1.78559 100 23 0 0 0 -2.18449 100 15 0 0 0 0 0 0 0 0 0 0 0
71300 -321.971 0 0 0 1.55337 100 17 3.60321 100 28 0 0 0 -2.79944 100 16 0 0 0 0 0 0 0 0 0 0 0
71400 -322.175 0 0 0 1.63274 100 14 3.76702 100 25 0 0 0 -2.83229 100 19 0 0 0 0 0 0 0 0 0 0 0
71500 -320.904 0 0 0 0.933379 100 18 3.93181 100 22 0 0 0 -2.46427 100 13 0 0 0 0 0 0 0 0 0 0 0
71600 -320.271 0 0 0 1.01359 100 20 2.87994 100 26 0 0 0 -2.32917 100 20 0 0 0 0 0 0 0 0 0 0 0
71700 -321.658 0 0 0 0.406356 100 28 0.733782 100 28 0 0 0 -1.95321 100 10 0 0 0 0 0 0 0 0 0 0 0
71800 -321.193 0 0 0 1.34055 100 25 3.61363 100 22 0 0 0 -2.44828 100 21 0 0 0 0 0 0 0 0 0 0 0
71900 -322.675 0 0 0 1.02223 100 20 2.80393 100 22 0 0 0 -2.1206 100 20 0 0 0 0 0 0 0 0 0 0 0
72000 -320.485 0 0 0 1.22772 100 26 3.09879 100 19 0 0 0 -2.50961 100 24 0 0 0 0 0 0 0 0 0 0 0
72100 -322.391 0 0 0 1.53896 100 22 4.81739 100 19 0 0 0 -2.55933 100 18 0 0 0 0 0 0 0 0 0 0 0
72200 -321.936 0 0 0 0.97576 100 22 3.26678 100 18 0 0 0 -2.16365 100 20 0 0 0 0 0 0 0 0 0 0 0
72300 -320.436 0 0 0 0.773032 100 28 2.64485 100 25 0 0 0 -2.22491 100 12 0 0 0 0 0 0 0 0 0 0 0
72400 -321.243 0 0 0 0.911677 100 24 2.62153 100 24 0 0 0 -2.14495 100 16 0 0 0 0 0 0 0 0 0 0 0
72500 -322.615 0 0 0 1.29849 100 21 5.14427 100 23 0 0 0 -2.8367 100 20 0 0 0 0 0 0 0 0 0 0 0
72600 -324.026 0 0 0 1.31425 100 24 0.354259 100 26 0 0 0 -2.52215 100 21 0 0 0 0 0 0 0 0 0 0 0
72700 -320.922 0 0 0 0.644806 100 23 1.08702 100 23 0 0 0 -2.1464 100 23 0 0 0 0 0 0 0 0 0 0 0
72800 -320.646 0 0 0 0.845478 100 22 1.49157 100 26 0 0 0 -2.1826 100 14 0 0 0 0 0 0 0 0 0 0 0
72900 -320.859 0 0 0 1.34743 100 24 3.80528 100 24 0 0 0 -2.66066 100 15 0 0 0 0 0 0 0 0 0 0 0
73000 -321.132 0 0 0 1.33712 100 18 2.86005 100 12 0 0 0 -2.45923 100 19 0 0 0 0 0 0 0 0 0 0 0
73100 -320.414 0 0 0 0.854628 100 11 2.87125 100 27 0 0 0 -2.24203 100 26 0 0 0 0 0 0 0 0 0 0 0
73200 -320.718 0 0 0 0.889236 100 22 1.42599 100 27 0 0 0 -2.20315 100 22 0 0 0 0 0 0 0 0 0 0 0
73300 -323.841 0 0 0 0.0877266 100 19 0.382404 100 25 0 0 0 -1.73384 100 23 0 0 0 0 0 0 0 0 0 0 0
73400 -325.661 0 0 0 -0.170489 100 17 0.261677 100 20 0 0 0 -1.77386 100 20 0 0 0 0 0 0 0 0 0 0 0
73500 -320.489 0 0 0 0.896923 100 20 1.75094 100 21 0 0 0 -2.27955 100 19 0 0 0 0 0 0 0 0 0 0 0
73600 -321.137 0 0 0 0.618011 100 19 0.754307 100 21 0 0 0 -2.05098 100 21 0 0 0 0 0 0 0 0 0 0 0
73700 -322.268 0 0 0 0.820749 100 24 3.20325 100 17 0 0 0 -2.08384 100 20 0 0 0 0 0 0 0 0 0 0 0
73800 -321.373 0 0 0 0.882422 100 23 4.07518 100 23 0 0 0 -2.27447 100 18 0 0 0 0 0 0 0 0 0 0 0
73900 -321.003 0 0 0 0.818593 100 25 1.37172 100 20 0 0 0 -2.30649 100 12 0 0 0 0 0 0 0 0 0 0 0
74000 -321.073 0 0 0 0.585025 100 18 0.878926 100 23 0 0 0 -2.065 100 19 0 0 0 0 0 0 0 0 0 0 0
74100 -321.401 0 0 0 1.29673 100 17 2.62462 100 27 0 0 0 -2.62034 100 21 0 0 0 0 0 0 0 0 0 0 0
74200 -320.63 0 0 0 1.01876 100 27 2.70638 100 26 0 0 0 -2.46877 100 18 0 0 0 0 0 0 0 0 0 0 0
74300 -322.148 0 0 0 1.19401 100 22 0.988711 100 17 0 0 0 -2.34162 100 13 0 0 0 0 0 0 0 0 0 0 0
74400 -321.189 0 0 0 0.557661 100 25 0.961763 100 26 0 0 0 -2.01162 100 16 0 0 0 0 0 0 0 0 0 0 0
74500 -321.451 0 0 0 0.688802 100 24 0.71902 100 27 0 0 0 -2.2198 100 13 0 0 0 0 0 0 0 0 0 0 0
74600 -320.67 0 0 0 0.855001 100 17 2.07032 100 29 0 0 0 -2.15975 100 20 0 0 0 0 0 0 0 0 0 0 0
74700 -322.572 0 0 0 1.715 100 20 3.7573 100 25 0 0 0 -2.85954 100 14 0 0 0 0 0 0 0 0 0 0 0
74800 -322.47 0 0 0 0.447752 100 23 2.59617 100 18 0 0 0 -1.96482 100 16 0 0 0 0 0 0 0 0 0 0 0
74900 -321.404 0 0 0 1.22011 100 30 4.55057 100 26 0 0 0 -2.69722 100 18 0 0 0 0 0 0 0 0 0 0 0
75000 -322.297 0 0 0 1.07598 100 30 5.39513 100 16 0 0 0 -2.63285 100 21 0 0 0 0 0 0 0 0 0 0 0
75100 -321.277 0 0 0 1.49446 100 23 5.15225 100 22 0 0 0 -2.71287 100 17 0 0 0 0 0 0 0 0 0 0 0
75200 -320.868 0 0 0 1.21435 100 34 4.41527 100 20 0 0 0 -2.6268 100 14 0 0 0 0 0 0 0 0 0 0 0
75300 -322.21 0 0 0 1.56408 100 20 2.78881 100 28 0 0 0 -2.68011 100 19 0 0 0 0 0 0 0 0 0 0 0
75400 -322.049 0 0 0 0.638591 100 27 1.43886 100 21 0 0 0 -1.93985 100 22 0 0 0 0 0 0 0 0 0 0 0
75500 -320.813 0 0 0 1.16161 100 22 2.20148 100 23 0 0 0 -2.36289 100 17 0 0 0 0 0 0 0 0 0 0 0
75600 -320.564 0 0 0 1.08296 100 27 2.50502 100 24 0 0 0 -2.31275 100 21 0 0 0 0 0 0 0 0 0 0 0
75700 -321.34 0 0 0 0.519968 100 25 2.30514 100 21 0 0 0 -2.18019 100 18 0 0 0 0 0 0 0 0 0 0 0
75800 -321.843 0 0 0 0.899252 100 24 0.281575 100 16 0 0 0 -2.16594 100 15 0 0 0 0 0 0 0 0 0 0 0
75900 -320.777 0 0 0 0.976276 100 31 4.04791 100 19 0 0 0 -2.46473 100 23 0 0 0 0 0 0 0 0 0 0 0
76000 -321.474 0 0 0 1.31872 100 22 2.36973 100 21 0 0 0 -2.41858 100 25 0 0 0 0 0 0 0 0 0 0 0
76100 -325.028 0 0 0 1.2599 100 22 3.37649 100 27 0 0 0 -2.18231 100 26 0 0 0 0 0 0 0 0 0 0 0
76200 -321.878 0 0 0 1.37638 100 16 4.42669 100 25 0 0 0 -2.80791 100 23 0 0 0 0 0 0 0 0 0 0 0
76300 -322.148 0 0 0 1.67942 100 19 5.97342 100 17 0 0 0 -2.86347 100 19 0 0 0 0 0 0 0 0 0 0 0
76400 -322.751 0 0 0 1.22383 100 27 3.40741 100 27 0 0 0 -2.76396 100 22 0 0 0 0 0 0 0 0 0 0 0
76500 -323.148 0 0 0 1.26334 100 23 4.1501 100 25 0 0 0 -2.83663 100 19 0 0 0 0 0 0 0 0 0 0 0
76600 -321.818 0 0 0 0.915398 100 18 1.85305 100 27 0 0 0 -2.08489 100 21 0 0 0 0 0 0 0 0 0 0 0
76700 -321.961 0 0 0 0.734011 100 26 0.206986 100 18 0 0 0 -2.01563 100 16 0 0 0 0 0 0 0 0 0 0 0
76800 -321.79 0 0 0 1.61234 100 21 5.64534 100 15 0 0 0 -2.79873 100 18 0 0 0 0 0 0 0 0 0 0 0
76900 -322.383 0 0 0 1.55653 100 22 2.71102 100 24 0 0 0 -2.58389 100 15 0 0 0 0 0 0 0 0 0 0 0
77000 -321.822 0 0 0 1.70043 100 25 4.8827 100 20 0 0 0 -2.8298 100 13 0 0 0 0 0 0 0 0 0 0 0
77100 -321.333 0 0 0 1.27075 100 19 2.98559 100 19 0 0 0 -2.36746 100 27 0 0 0 0 0 0 0 0 0 0 0
77200 -320.508 0 0 0 0.936944 100 15 3.44493 100 23 0 0 0 -2.30354 100 14 0 0 0 0 0 0 0 0 0 0 0
77300 -323.087 0 0 0 0.995863 100 22 5.26778 100 31 0 0 0 -2.66755 100 15 0 0 0 0 0 0 0 0 0 0 0
77400 -321.362 0 0 0 1.39518 100 27 3.8279 100 22 0 0 0 -2.73812 100 17 0 0 0 0 0 0 0 0 0 0 0
77500 -321.15 0 0 0 0.850372 100 23 0.777736 100 16 0 0 0 -2.21871 100 19 0 0 0 0 0 0 0 0 0 0 0
77600 -321.999 0 0 0 1.36055 100 24 1.90194 100 26 0 0 0 -2.45239 100 20 0 0 0 0 0 0 0 0 0 0 0
77700 -323.271 0 0 0 1.77085 100 28 6.18418 100 24 0 0 0 -3.07795 100 22 0 0 0 0 0 0 0 0 0 0 0
77800 -322.927 0 0 0 1.282 100 23 5.18961 100 21 0 0 0 -2.84963 100 28 0 0 0 0 0 0 0 0 0 0 0
77900 -320.876 0 0 0 0.759289 100 18 2.95556 100 22 0 0 0 -2.34811 100 19 0 0 0 0 0 0 0 0 0 0 0
78000 -320.377 0 0 0 0.932296 100 29 2.88236 100 24 0 0 0 -2.26694 100 22 0 0 0 0 0 0 0 0 0 0 0
78100 -321.723 0 0 0 0.625533 100 23 0.0655925 100 19 0 0 0 -2.01716 100 22 0 0 0 0 0 0 0 0 0 0 0
78200 -322.568 0 0 0 0.221716 100 21 1.08339 100 24 0 0 0 -1.96942 100 20 0 0 0 0 0 0 0 0 0 0 0
78300 -320.806 0 0 0 0.652264 100 19 2.40333 100 19 0 0 0 -2.1218 100 20 0 0 0 0 0 0 0 0 0 0 0
78400 -321.652 0 0 0 1.57149 100 21 3.67533 100 22 0 0 0 -2.64335 100 21 0 0 0 0 0 0 0 0 0 0 0
78500 -320.719 0 0 0 0.788004 100 26 1.24578 100 14 0 0 0 -2.16931 100 21 0 0 0 0 0 0 0 0 0 0 0
78600 -322.473 0 0 0 1.29337 100 20 3.0947 100 20 0 0 0 -2.75261 100 14 0 0 0 0 0 0 0 0 0 0 0
78700 -321.441 0 0 0 1.1838 100 28 2.1688 100 22 0 0 0 -2.29551 100 14 0 0 0 0 0 0 0 0 0 0 0
78800 -320.688 0 0 0 0.86105 100 21 3.23109 100 18 0 0 0 -2.40063 100 16 0 0 0 0 0 0 0 0 0 0 0
78900 -321.124 0 0 0 1.20145 100 23 3.9436 100 17 0 0 0 -2.65635 100 19 0 0 0 0 0 0 0 0 0 0 0
79000 -321.601 0 0 0 0.824497 100 33 1.46609 100 27 0 0 0 -2.38345 100 21 0 0 0 0 0 0 0 0 0 0 0
79100 -321.373 0 0 0 0.509696 100 25 1.61801 100 19 0 0 0 -1.98605 100 11 0 0 0 0 0 0 0 0 0 0 0
79200 -324.388 0 0 0 0.444128 100 22 -0.897255 100 17 0 0 0 -1.74068 100 16 0 0 0 0 0 0 0 0 0 0 0
79300 -323.498 0 0 0 1.59248 100 18 3.73681 100 24 0 0 0 -2.94555 100 18 0 0 0 0 0 0 0 0 0 0 0
79400 -321.248 0 0 0 1.31457 100 24 3.26693 100 26 0 0 0 -2.41412 100 16 0 0 0 0 0 0 0 0 0 0 0
79500 -320.33 0 0 0 1.17345 100 21 3.46289 100 22 0 0 0 -2.46298 100 22 0 0 0 0 0 0 0 0 0 0 0
79600 -323.094 0 0 0 0.867672 100 22 2.50675 100 16 0 0 0 -2.01422 100 19 0 0 0 0 0 0 0 0 0 0 0
79700 -322.033 0 0 0 0.402189 100 24 0.217015 100 23 0 0 0 -1.89942 100 11 0 0 0 0 0 0 0 0 0 0 0
79800 -324.185 0 0 0 0.190947 100 24 0.776668 100 22 0 0 0 -2.11012 100 12 0 0 0 0 0 0 0 0 0 0 0
79900 -322 0 0 0 0.698238 100 20 0.677896 100 25 0 0 0 -1.96639 100 17 0 0 0 0 0 0 0 0 0 0 0
80000 -321.31 0 0 0 1.1014 100 26 2.78892 100 24 0 0 0 -2.24612 100 23 0 0 0 0 0 0 0 0 0 0 0
80100 -320.871 0 0 0 1.31268 100 39 3.73354 100 22 0 0 0 -2.65427 100 15 0 0 0 0 0 0 0 0 0 0 0
80200 -320.677 0 0 0 1.14297 100 19 4.39599 100 22 0 0 0 -2.51327 100 19 0 0 0 0 0 0 0 0 0 0 0
80300 -321.454 0 0 0 1.25236 100 26 5.27578 100 28 0 0 0 -2.66449 100 18 0 0 0 0 0 0 0 0 0 0 0
80400 -320.813 0 0 0 0.744813 100 19 3.29291 100 22 0 0 0 -2.27812 100 16 0 0 0 0 0 0 0 0 0 0 0
80500 -320.64 0 0 0 0.672169 100 20 2.2549 100 26 0 0 0 -2.2099 100 15 0 0 0 0 0 0 0 0 0 0 0
80600 -321.551 0 0 0 1.4128 100 20 2.60258 100 19 0 0 0 -2.61369 100 10 0 0 0 0 0 0 0 0 0 0 0
80700 -320.671 0 0 0 1.16336 100 24 4.35587 100 18 0 0 0 -2.48685 100 18 0 0 0 0 0 0 0 0 0 0 0
80800 -320.408 0 0 0 1.07691 100 21 3.51125 100 17 0 0 0 -2.49089 100 20 0 0 0 0 0 0 0 0 0 0 0
80900 -321.621 0 0 0 1.37411 100 17 5.19213 100 26 0 0 0 -2.5655 100 23 0 0 0 0 0 0 0 0 0 0 0
81000 -321.477 0 0 0 1.30372 100 17 2.37551 100 19 0 0 0 -2.59607 100 10 0 0 0 0 0 0 0 0 0 0 0
81100 -320.511 0 0 0 0.817629 100 24 1.81827 100 21 0 0 0 -2.17675 100 6 0 0 0 0 0 0 0 0 0 0 0
81200 -320.577 0 0 0 1.06114 100 19 2.38179 100 24 0 0 0 -2.29625 100 26 0 0 0 0 0 0 0 0 0 0 0
81300 -321.484 0 0 0 1.13509 100 18 4.4969 100 25 0 0 0 -2.3779 100 9 0 0 0 0 0 0 0 0 0 0 0
81400 -320.767 0 0 0 1.00054 100 24 3.42212 100 22 0 0 0 -2.27828 100 24 0 0 0 0 0 0 0 0 0 0 0
81500 -320.602 0 0 0 0.860986 100 22 1.50261 100 29 0 0 0 -2.21122 100 24 0 0 0 0 0 0 0 0 0 0 0
81600 -320.485 0 0 0 1.04316 100 25 3.01267 100 19 0 0 0 -2.47608 100 18 0 0 0 0 0 0 0 0 0 0 0
81700 -320.414 0 0 0 0.763833 100 26 2.281 100 18 0 0 0 -2.2013 100 23 0 0 0 0 0 0 0 0 0 0 0
81800 -323.292 0 0 0 1.19693 100 22 0.912699 100 15 0 0 0 -2.21753 100 22 0 0 0 0 0 0 0 0 0 0 0
81900 -321.17 0 0 0 0.597099 100 26 1.76433 100 23 0 0 0 -2.01936 100 15 0 0 0 0 0 0 0 0 0 0 0
82000 -321.04 0 0 0 0.738872 100 27 0.833125 100 18 0 0 0 -2.10671 100 9 0 0 0 0 0 0 0 0 0 0 0
82100 -320.54 0 0 0 0.719971 100 16 2.58231 100 26 0 0 0 -2.2112 100 18 0 0 0 0 0 0 0 0 0 0 0
82200 -321.526 0 0 0 0.780456 100 23 3.31878 100 24 0 0 0 -2.43854 100 16 0 0 0 0 0 0 0 0 0 0 0
82300 -322.337 0 0 0 0.594382 100 15 2.45737 100 20 0 0 0 -1.96415 100 18 0 0 0 0 0 0 0 0 0 0 0
82400 -320.332 0 0 0 0.849136 100 22 2.52123 100 35 0 0 0 -2.30886 100 19 0 0 0 0 0 0 0 0 0 0 0
82500 -323.263 0 0 0 1.41168 100 16 5.26719 100 18 0 0 0 -2.46892 100 20 0 0 0 0 0 0 0 0 0 0 0
82600 -320.949 0 0 0 0.696697 100 19 0.88992 100 31 0 0 0 -2.12396 100 16 0 0 0 0 0 0 0 0 0 0 0
82700 -322.142 0 0 0 0.621967 100 18 2.44957 100 19 0 0 0 -2.36312 100 18 0 0 0 0 0 0 0 0 0 0 0
82800 -321.851 0 0 0 0.394084 100 20 2.25595 100 23 0 0 0 -2.05091 100 19 0 0 0 0 0 0 0 0 0 0 0
82900 -323.967 0 0 0 0.2856 100 12 2.80629 100 25 0 0 0 -1.90598 100 18 0 0 0 0 0 0 0 0 0 0 0
83000 -322.152 0 0 0 1.58299 100 19 4.40598 100 34 0 0 0 -2.88633 100 17 0 0 0 0 0 0 0 0 0 0 0
83100 -320.473 0 0 0 1.01941 100 21 2.93759 100 21 0 0 0 -2.2909 100 18 0 0 0 0 0 0 0 0 0 0 0
83200 -321.95 0 0 0 1.329 100 25 3.12545 100 25 0 0 0 -2.36496 100 18 0 0 0 0 0 0 0 0 0 0 0
83300 -321.035 0 0 0 0.852925 100 23 2.13672 100 26 0 0 0 -2.119 100 17 0 0 0 0 0 0 0 0 0 0 0
83400 -323.355 0 0 0 1.42629 100 27 5.51654 100 21 0 0 0 -2.95059 100 20 0 0 0 0 0 0 0 0 0 0 0
83500 -323.604 0 0 0 1.09911 100 19 4.5254 100 28 0 0 0 -2.78816 100 19 0 0 0 0 0 0 0 0 0 0 0
83600 -320.738 0 0 0 0.943634 100 19 1.72222 100 15 0 0 0 -2.3565 100 17 0 0 0 0 0 0 0 0 0 0 0
83700 -320.576 0 0 0 1.08474 100 29 2.63035 100 19 0 0 0 -2.3101 100 21 0 0 0 0 0 0 0 0 0 0 0
83800 -320.642 0 0 0 0.981267 100 20 2.60726 100 18 0 0 0 -2.23544 100 13 0 0 0 0 0 0 0 0 0 0 0
83900 -320.519 0 0 0 0.906005 100 19 2.40277 100 20 0 0 0 -2.37956 100 22 0 0 0 0 0 0 0 0 0 0 0
84000 -321.243 0 0 0 1.26696 100 20 3.51053 100 21 0 0 0 -2.38417 100 17 0 0 0 0 0 0 0 0 0 0 0
84100 -320.878 0 0 0 1.04375 100 20 2.25124 100 13 0 0 0 -2.24319 100 17 0 0 0 0 0 0 0 0 0 0 0
84200 -323.187 0 0 0 1.70098 100 23 2.81154 100 27 0 0 0 -2.71126 100 24 0 0 0 0 0 0 0 0 0 0 0
84300 -320.663 0 0 0 0.805977 100 23 1.33359 100 15 0 0 0 -2.20544 100 20 0 0 0 0 0 0 0 0 0 0 0
84400 -320.301 0 0 0 1.15178 100 25 3.37639 100 25 0 0 0 -2.45134 100 15 0 0 0 0 0 0 0 0 0 0 0
84500 -321.804 0 0 0 1.38202 100 24 3.43261 100 17 0 0 0 -2.75113 100 17 0 0 0 0 0 0 0 0 0 0 0
84600 -320.475 0 0 0 0.96073 100 15 3.026 100 24 0 0 0 -2.26947 100 18 0 0 0 0 0 0 0 0 0 0 0
84700 -320.897 0 0 0 1.25981 100 21 3.59954 100 21 0 0 0 -2.41827 100 16 0 0 0 0 0 0 0 0 0 0 0
84800 -321.423 0 0 0 1.35506 100 26 2.37334 100 21 0 0 0 -2.56298 100 14 0 0 0 0 0 0 0 0 0 0 0
84900 -322.003 0 0 0 1.53501 100 24 4.54697 100 19 0 0 0 -2.56981 100 22 0 0 0 0 0 0 0 0 0 0 0
85000 -320.895 0 0 0 0.658468 100 19 1.77054 100 22 0 0 0 -2.23336 100 21 0 0 0 0 0 0 0 0 0 0 0
85100 -320.438 0 0 0 1.08051 100 25 3.22979 100 26 0 0 0 -2.34565 100 15 0 0 0 0 0 0 0 0 0 0 0
85200 -321.072 0 0 0 0.874937 100 15 2.75078 100 20 0 0 0 -2.44787 100 12 0 0 0 0 0 0 0 0 0 0 0
85300 -321.699 0 0 0 1.29617 100 22 1.78618 100 18 0 0 0 -2.50797 100 15 0 0 0 0 0 0 0 0 0 0 0
85400 -321.133 0 0 0 1.25915 100 27 2.1349 100 18 0 0 0 -2.46786 100 23 0 0 0 0 0 0 0 0 0 0 0
85500 -322.947 0 0 0 1.32899 100 24 0.953138 100 18 0 0 0 -2.49023 100 21 0 0 0 0 0 0 0 0 0 0 0
85600 -321.237 0 0 0 0.884602 100 23 1.83229 100 29 0 0 0 -2.11191 100 19 0 0 0 0 0 0 0 0 0 0 0
85700 -320.496 0 0 0 1.19564 100 20 3.86089 100 14 0 0 0 -2.45728 100 17 0 0 0 0 0 0 0 0 0 0 0
85800 -320.661 0 0 0 1.18293 100 22 3.89901 100 25 0 0 0 -2.58834 100 22 0 0 0 0 0 0 0 0 0 0 0
85900 -320.798 0 0 0 1.17595 100 25 4.58608 100 32 0 0 0 -2.55366 100 21 0 0 0 0 0 0 0 0 0 0 0
86000 -322.198 0 0 0 0.772875 100 23 4.51062 100 19 0 0 0 -2.3009 100 13 0 0 0 0 0 0 0 0 0 0 0
86100 -320.991 0 0 0 0.652003 100 22 2.47523 100 15 0 0 0 -2.26872 100 18 0 0 0 0 0 0 0 0 0 0 0
86200 -321.679 0 0 0 0.788393 100 23 1.59495 100 27 0 0 0 -2.38348 100 25 0 0 0 0 0 0 0 0 0 0 0
86300 -321.438 0 0 0 0.986961 100 28 1.41138 100 26 0 0 0 -2.1662 100 14 0 0 0 0 0 0 0 0 0 0 0
86400 -323.918 0 0 0 1.35569 100 15 4.25709 100 27 0 0 0 -2.92171 100 19 0 0 0 0 0 0 0 0 0 0 0
86500 -321.798 0 0 0 0.570257 100 25 1.81591 100 29 0 0 0 -1.95538 100 17 0 0 0 0 0 0 0 0 0 0 0
86600 -321.55 0 0 0 1.18348 100 27 1.38825 100 26 0 0 0 -2.41425 100 13 0 0 0 0 0 0 0 0 0 0 0
86700 -321.819 0 0 0 1.61087 100 23 3.5904 100 27 0 0 0 -2.70834 100 17 0 0 0 0 0 0 0 0 0 0 0
86800 -323.713 0 0 0 1.13929 100 26 2.73465 100 23 0 0 0 -2.13697 100 11 0 0 0 0 0 0 0 0 0 0 0
86900 -320.959 0 0 0 1.39078 100 31 4.18428 100 18 0 0 0 -2.54775 100 16 0 0 0 0 0 0 0 0 0 0 0
87000 -320.43 0 0 0 0.786524 100 26 2.15933 100 18 0 0 0 -2.2651 100 18 0 0 0 0 0 0 0 0 0 0 0
87100 -321.762 0 0 0 0.984802 100 25 3.33101 100 9 0 0 0 -2.58658 100 20 0 0 0 0 0 0 0 0 0 0 0
87200 -322.806 0 0 0 0.722378 100 18 0.692456 100 20 0 0 0 -2.35616 100 17 0 0 0 0 0 0 0 0 0 0 0
87300 -322.671 0 0 0 1.18162 100 28 1.87758 100 18 0 0 0 -2.20723 100 16 0 0 0 0 0 0 0 0 0 0 0
87400 -320.637 0 0 0 0.874735 100 20 1.4599 100 19 0 0 0 -2.25587 100 16 0 0 0 0 0 0 0 0 0 0 0
87500 -321.761 0 0 0 0.442077 100 29 1.71674 100 32 0 0 0 -1.94928 100 19 0 0 0 0 0 0 0 0 0 0 0
87600 -321.749 0 0 0 0.511388 100 28 1.33965 100 15 0 0 0 -2.19844 100 18 0 0 0 0 0 0 0 0 0 0 0
87700 -320.627 0 0 0 1.18272 100 29 2.61772 100 28 0 0 0 -2.39236 100 18 0 0 0 0 0 0 0 0 0 0 0
87800 -321.316 0 0 0 0.650239 100 26 2.92205 100 26 0 0 0 -2.10422 100 19 0 0 0 0 0 0 0 0 0 0 0
87900 -322.246 0 0 0 0.873462 100 24 1.95824 100 18 0 0 0 -2.03903 100 17 0 0 0 0 0 0 0 0 0 0 0
88000 -320.503 0 0 0 1.22852 100 30 3.51221 100 32 0 0 0 -2.55973 100 24 0 0 0 0 0 0 0 0 0 0 0
88100 -322.018 0 0 0 0.7853 100 26 3.06889 100 20 0 0 0 -2.48015 100 15 0 0 0 0 0 0 0 0 0 0 0
88200 -321.804 0 0 0 1.10958 100 19 2.41485 100 25 0 0 0 -2.20902 100 21 0 0 0 0 0 0 0 0 0 0 0
88300 -320.542 0 0 0 1.11945 100 26 2.99208 100 24 0 0 0 -2.51108 100 25 0 0 0 0 0 0 0 0 0 0 0
88400 -321.26 0 0 0 0.819746 100 27 2.72225 100 22 0 0 0 -2.43131 100 24 0 0 0 0 0 0 0 0 0 0 0
88500 -322.402 0 0 0 1.2847 100 22 5.90365 100 16 0 0 0 -2.75275 100 22 0 0 0 0 0 0 0 0 0 0 0
88600 -320.659 0 0 0 1.26409 100 30 3.48251 100 25 0 0 0 -2.45218 100 18 0 0 0 0 0 0 0 0 0 0 0
88700 -320.589 0 0 0 1.04683 100 25 4.0587 100 22 0 0 0 -2.41929 100 22 0 0 0 0 0 0 0 0 0 0 0
88800 -325.456 0 0 0 2.19756 100 16 5.07976 100 16 0 0 0 -3.21073 100 17 0 0 0 0 0 0 0 0 0 0 0
88900 -321.216 0 0 0 1.34072 100 30 2.90274 100 21 0 0 0 -2.62983 100 23 0 0 0 0 0 0 0 0 0 0 0
89000 -324.456 0 0 0 1.23283 100 18 4.34616 100 27 0 0 0 -2.24437 100 21 0 0 0 0 0 0 0 0 0 0 0
89100 -321.581 0 0 0 1.08885 100 20 4.98057 100 14 0 0 0 -2.45184 100 23 0 0 0 0 0 0 0 0 0 0 0
89200 -322.536 0 0 0 0.349857 100 15 -0.446308 100 20 0 0 0 -1.90048 100 17 0 0 0 0 0 0 0 0 0 0 0
89300 -320.354 0 0 0 0.809036 100 18 2.16389 100 28 0 0 0 -2.24892 100 23 0 0 0 0 0 0 0 0 0 0 0
89400 -321.964 0 0 0 1.48934 100 26 4.10709 100 32 0 0 0 -2.83423 100 19 0 0 0 0 0 0 0 0 0 0 0
89500 -322.723 0 0 0 1.29262 100 18 1.96005 100 28 0 0 0 -2.66757 100 15 0 0 0 0 0 0 0 0 0 0 0
89600 -321.058 0 0 0 1.10645 100 25 4.46637 100 24 0 0 0 -2.4141 100 21 0 0 0 0 0 0 0 0 0 0 0
89700 -321.523 0 0 0 1.47966 100 28 3.21824 100 21 0 0 0 -2.55751 100 16 0 0 0 0 0 0 0 0 0 0 0
89800 -320.769 0 0 0 0.759649 100 25 1.40825 100 21 0 0 0 -2.24268 100 22 0 0 0 0 0 0 0 0 0 0 0
89900 -322.485 0 0 0 1.70552 100 24 4.28582 100 18 0 0 0 -2.68209 100 18 0 0 0 0 0 0 0 0 0 0 0
90000 -320.786 0 0 0 0.991592 100 30 1.80945 100 23 0 0 0 -2.38941 100 24 0 0 0 0 0 0 0 0 0 0 0
90100 -321.546 0 0 0 0.715542 100 15 0.238345 100 23 0 0 0 -2.1442 100 18 0 0 0 0 0 0 0 0 0 0 0
90200 -322.221 0 0 0 0.434066 100 22 -0.210864 100 28 0 0 0 -2.01507 100 10 0 0 0 0 0 0 0 0 0 0 0
90300 -320.743 0 0 0 0.926099 100 21 1.38629 100 26 0 0 0 -2.26773 100 21 0 0 0 0 0 0 0 0 0 0 0
90400 -322.429 0 0 0 1.36272 100 20 3.57845 100 21 0 0 0 -2.36956 100 17 0 0 0 0 0 0 0 0 0 0 0
90500 -320.485 0 0 0 0.887141 100 19 3.42501 100 23 0 0 0 -2.31673 100 21 0 0 0 0 0 0 0 0 0 0 0
90600 -321.131 0 0 0 1.10541 100 27 1.50274 100 24 0 0 0 -2.3293 100 28 0 0 0 0 0 0 0 0 0 0 0
90700 -320.833 0 0 0 0.755717 100 22 2.15587 100 28 0 0 0 -2.31953 100 25 0 0 0 0 0 0 0 0 0 0 0
90800 -321.036 0 0 0 0.95828 100 20 1.44733 100 24 0 0 0 -2.19115 100 21 0 0 0 0 0 0 0 0 0 0 0
90900 -320.664 0 0 0 0.761543 100 20 2.84525 100 29 0 0 0 -2.31449 100 17 0 0 0 0 0 0 0 0 0 0 0
91000 -322.683 0 0 0 0.872555 100 24 0.599595 100 20 0 0 0 -2.40011 100 25 0 0 0 0 0 0 0 0 0 0 0
91100 -321.113 0 0 0 0.505016 100 20 1.81096 100 22 0 0 0 -2.08346 100 12 0 0 0 0 0 0 0 0 0 0 0
91200 -321.175 0 0 0 1.04622 100 21 3.4326 100 23 0 0 0 -2.57435 100 17 0 0 0 0 0 0 0 0 0 0 0
91300 -320.295 0 0 0 1.00609 100 15 3.044 100 17 0 0 0 -2.32643 100 16 0 0 0 0 0 0 0 0 0 0 0
91400 -321.156 0 0 0 1.49651 100 24 4.11384 100 25 0 0 0 -2.72542 100 21 0 0 0 0 0 0 0 0 0 0 0
91500 -320.914 0 0 0 1.05342 100 20 2.37423 100 24 0 0 0 -2.48968 100 13 0 0 0 0 0 0 0 0 0 0 0
91600 -322.823 0 0 0 1.52809 100 18 6.18705 100 22 0 0 0 -2.93708 100 20 0 0 0 0 0 0 0 0 0 0 0
91700 -322.343 0 0 0 0.419457 100 25 3.02446 100 18 0 0 0 -2.11139 100 17 0 0 0 0 0 0 0 0 0 0 0
91800 -320.544 0 0 0 0.93346 100 24 3.38256 100 30 0 0 0 -2.4287 100 25 0 0 0 0 0 0 0 0 0 0 0
91900 -320.955 0 0 0 0.918877 100 23 4.16149 100 23 0 0 0 -2.39956 100 18 0 0 0 0 0 0 0 0 0 0 0
92000 -322.055 0 0 0 1.07698 100 26 5.32796 100 27 0 0 0 -2.60319 100 22 0 0 0 0 0 0 0 0 0 0 0
92100 -321.72 0 0 0 0.765799 100 24 3.69318 100 13 0 0 0 -2.43802 100 22 0 0 0 0 0 0 0 0 0 0 0
92200 -323.269 0 0 0 1.70262 100 24 3.28091 100 20 0 0 0 -2.6295 100 14 0 0 0 0 0 0 0 0 0 0 0
92300 -320.609 0 0 0 0.992349 100 14 1.83768 100 20 0 0 0 -2.26913 100 17 0 0 0 0 0 0 0 0 0 0 0
92400 -321.345 0 0 0 0.716756 100 20 0.547246 100 18 0 0 0 -2.18361 100 14 0 0 0 0 0 0 0 0 0 0 0
92500 -321.24 0 0 0 0.661654 100 27 3.25901 100 28 0 0 0 -2.17578 100 21 0 0 0 0 0 0 0 0 0 0 0
92600 -323.852 0 0 0 1.78439 100 27 6.49644 100 27 0 0 0 -3.1303 100 31 0 0 0 0 0 0 0 0 0 0 0
92700 -320.476 0 0 0 0.792621 100 18 2.91441 100 23 0 0 0 -2.28996 100 25 0 0 0 0 0 0 0 0 0 0 0
92800 -321.882 0 0 0 1.02249 100 14 1.62319 100 26 0 0 0 -2.14719 100 12 0 0 0 0 0 0 0 0 0 0 0
92900 -320.656 0 0 0 1.08386 100 25 2.89284 100 29 0 0 0 -2.30137 100 12 0 0 0 0 0 0 0 0 0 0 0
93000 -320.955 0 0 0 0.602858 100 23 1.22189 100 20 0 0 0 -2.05373 100 24 0 0 0 0 0 0 0 0 0 0 0
93100 -325.463 0 0 0 1.46513 100 21 2.7439 100 23 0 0 0 -2.94215 100 21 0 0 0 0 0 0 0 0 0 0 0
93200 -322.781 0 0 0 0.742967 100 23 4.61522 100 18 0 0 0 -2.45343 100 12 0 0 0 0 0 0 0 0 0 0 0
93300 -323.436 0 0 0 1.66761 100 17 4.46963 100 20 0 0 0 -3.00889 100 18 0 0 0 0 0 0 0 0 0 0 0
93400 -321.154 0 0 0 1.46723 100 21 4.24374 100 16 0 0 0 -2.74015 100 20 0 0 0 0 0 0 0 0 0 0 0
93500 -323.675 0 0 0 1.64238 100 34 5.74826 100 19 0 0 0 -2.62557 100 16 0 0 0 0 0 0 0 0 0 0 0
93600 -321.709 0 0 0 1.38371 100 19 5.63739 100 23 0 0 0 -2.74432 100 16 0 0 0 0 0 0 0 0 0 0 0
93700 -321.041 0 0 0 0.56251 100 20 2.35844 100 16 0 0 0 -2.11023 100 16 0 0 0 0 0 0 0 0 0 0 0
93800 -320.555 0 0 0 0.692586 100 18 1.88085 100 26 0 0 0 -2.15763 100 18 0 0 0 0 0 0 0 0 0 0 0
93900 -320.706 0 0 0 1.03102 100 19 4.21396 100 26 0 0 0 -2.44515 100 17 0 0 0 0 0 0 0 0 0 0 0
94000 -321.648 0 0 0 0.718837 100 22 1.76396 100 20 0 0 0 -2.00485 100 17 0 0 0 0 0 0 0 0 0 0 0
94100 -320.902 0 0 0 0.859293 100 32 3.89324 100 27 0 0 0 -2.33836 100 16 0 0 0 0 0 0 0 0 0 0 0
94200 -321.343 0 0 0 0.944132 100 27 0.788833 100 17 0 0 0 -2.2701 100 14 0 0 0 0 0 0 0 0 0 0 0
94300 -323.769 0 0 0 1.3052 100 18 1.93854 100 24 0 0 0 -2.73903 100 20 0 0 0 0 0 0 0 0 0 0 0
94400 -322.255 0 0 0 1.39435 100 23 5.64593 100 28 0 0 0 -2.84079 100 21 0 0 0 0 0 0 0 0 0 0 0
94500 -321.98 0 0 0 1.05844 100 18 1.0119 100 18 0 0 0 -2.19541 100 27 0 0 0 0 0 0 0 0 0 0 0
94600 -321.152 0 0 0 0.841503 100 26 4.07892 100 27 0 0 0 -2.36342 100 19 0 0 0 0 0 0 0 0 0 0 0
94700 -324.261 0 0 0 1.52957 100 34 1.94323 100 24 0 0 0 -2.80559 100 21 0 0 0 0 0 0 0 0 0 0 0
94800 -320.462 0 0 0 0.844145 100 25 2.87046 100 23 0 0 0 -2.22965 100 20 0 0 0 0 0 0 0 0 0 0 0
94900 -321.106 0 0 0 1.26084 100 22 3.8526 100 21 0 0 0 -2.67498 100 23 0 0 0 0 0 0 0 0 0 0 0
95000 -320.457 0 0 0 0.736059 100 20 2.05951 100 22 0 0 0 -2.1898 100 19 0 0 0 0 0 0 0 0 0 0 0
95100 -323.045 0 0 0 0.343808 100 24 2.97887 100 32 0 0 0 -2.15688 100 18 0 0 0 0 0 0 0 0 0 0 0
95200 -321.58 0 0 0 0.851998 100 30 0.581593 100 18 0 0 0 -2.11042 100 22 0 0 0 0 0 0 0 0 0 0 0
95300 -320.296 0 0 0 0.912765 100 21 3.10367 100 32 0 0 0 -2.32041 100 17 0 0 0 0 0 0 0 0 0 0 0
95400 -320.894 0 0 0 1.33089 100 16 3.0015 100 17 0 0 0 -2.58138 100 23 0 0 0 0 0 0 0 0 0 0 0
95500 -320.72 0 0 0 1.32876 100 28 3.26435 100 25 0 0 0 -2.5225 100 18 0 0 0 0 0 0 0 0 0 0 0
95600 -322.093 0 0 0 1.4486 100 20 2.44845 100 26 0 0 0 -2.49226 100 19 0 0 0 0 0 0 0 0 0 0 0
95700 -322.025 0 0 0 1.66223 100 25 3.87096 100 26 0 0 0 -2.80248 100 19 0 0 0 0 0 0 0 0 0 0 0
95800 -320.812 0 0 0 0.827253 100 17 3.52654 100 24 0 0 0 -2.26071 100 19 0 0 0 0 0 0 0 0 0 0 0
95900 -323.966 0 0 0 2.01235 100 25 5.99023 100 15 0 0 0 -3.17512 100 13 0 0 0 0 0 0 0 0 0 0 0
96000 -323.149 0 0 0 0.205645 100 17 1.69404 100 31 0 0 0 -2.05149 100 21 0 0 0 0 0 0 0 0 0 0 0
96100 -320.863 0 0 0 0.866623 100 20 2.81823 100 19 0 0 0 -2.4235 100 21 0 0 0 0 0 0 0 0 0 0 0
96200 -321.03 0 0 0 0.813582 100 24 1.19475 100 26 0 0 0 -2.28414 100 21 0 0 0 0 0 0 0 0 0 0 0
96300 -320.89 0 0 0 1.42067 100 26 4.11866 100 24 0 0 0 -2.67899 100 23 0 0 0 0 0 0 0 0 0 0 0
96400 -321.586 0 0 0 1.15732 100 16 3.4483 100 25 0 0 0 -2.28587 100 16 0 0 0 0 0 0 0 0 0 0 0
96500 -320.312 0 0 0 1.16184 100 20 3.43957 100 16 0 0 0 -2.46137 100 19 0 0 0 0 0 0 0 0 0 0 0
96600 -321.118 0 0 0 0.685589 100 25 1.29179 100 21 0 0 0 -2.24323 100 18 0 0 0 0 0 0 0 0 0 0 0
96700 -320.488 0 0 0 1.27055 100 24 3.74926 100 18 0 0 0 -2.52012 100 20 0 0 0 0 0 0 0 0 0 0 0
96800 -321.271 0 0 0 0.635575 100 20 0.601885 100 12 0 0 0 -2.13509 100 15 0 0 0 0 0 0 0 0 0 0 0
96900 -320.541 0 0 0 0.756539 100 22 1.6934 100 32 0 0 0 -2.22088 100 19 0 0 0 0 0 0 0 0 0 0 0
97000 -321.901 0 0 0 0.901919 100 18 1.5864 100 28 0 0 0 -2.0704 100 18 0 0 0 0 0 0 0 0 0 0 0
97100 -323.049 0 0 0 0.251176 100 18 1.89605 100 27 0 0 0 -2.09753 100 10 0 0 0 0 0 0 0 0 0 0 0
97200 -320.741 0 0 0 1.27077 100 19 4.57688 100 24 0 0 0 -2.58963 100 16 0 0 0 0 0 0 0 0 0 0 0
97300 -321.262 0 0 0 1.50884 100 20 4.3367 100 14 0 0 0 -2.76187 100 22 0 0 0 0 0 0 0 0 0 0 0
97400 -321.718 0 0 0 1.41006 100 22 5.29321 100 16 0 0 0 -2.58849 100 14 0 0 0 0 0 0 0 0 0 0 0
97500 -320.51 0 0 0 1.13483 100 16 4.11039 100 22 0 0 0 -2.5093 100 19 0 0 0 0 0 0 0 0 0 0 0
97600 -321.061 0 0 0 1.33989 100 17 3.95145 100 20 0 0 0 -2.69724 100 14 0 0 0 0 0 0 0 0 0 0 0
97700 -320.351 0 0 0 1.12097 100 21 3.34767 100 23 0 0 0 -2.3977 100 17 0 0 0 0 0 0 0 0 0 0 0
97800 -320.954 0 0 0 0.772608 100 16 0.897232 100 20 0 0 0 -2.17551 100 20 0 0 0 0 0 0 0 0 0 0 0
97900 -320.616 0 0 0 0.946827 100 15 2.27651 100 19 0 0 0 -2.40319 100 14 0 0 0 0 0 0 0 0 0 0 0
98000 -320.682 0 0 0 1.33512 100 16 3.7861 100 28 0 0 0 -2.52959 100 22 0 0 0 0 0 0 0 0 0 0 0
98100 -323.641 0 0 0 0.457891 100 20 -1.50633 100 27 0 0 0 -1.89833 100 21 0 0 0 0 0 0 0 0 0 0 0
98200 -321.578 0 0 0 1.36728 100 17 5.1322 100 24 0 0 0 -2.7744 100 25 0 0 0 0 0 0 0 0 0 0 0
98300 -321.519 0 0 0 1.02676 100 19 2.96354 100 29 0 0 0 -2.19578 100 16 0 0 0 0 0 0 0 0 0 0 0
98400 -320.595 0 0 0 0.742486 100 17 1.54333 100 24 0 0 0 -2.20184 100 17 0 0 0 0 0 0 0 0 0 0 0
98500 -321.561 0 0 0 0.646853 100 17 1.42398 100 25 0 0 0 -1.97946 100 7 0 0 0 0 0 0 0 0 0 0 0
98600 -323.114 0 0 0 0.381986 100 25 3.26533 100 18 0 0 0 -2.19135 100 28 0 0 0 0 0 0 0 0 0 0 0
98700 -321.843 0 0 0 0.820066 100 30 2.7008 100 15 0 0 0 -2.07169 100 16 0 0 0 0 0 0 0 0 0 0 0
98800 -322.551 0 0 0 0.918672 100 21 -0.229191 100 21 0 0 0 -2.22095 100 14 0 0 0 0 0 0 0 0 0 0 0
98900 -322.846 0 0 0 1.64264 100 23 3.09607 100 21 0 0 0 -2.82351 100 19 0 0 0 0 0 0 0 0 0 0 0
99000 -320.628 0 0 0 1.25428 100 32 2.88928 100 18 0 0 0 -2.50958 100 20 0 0 0 0 0 0 0 0 0 0 0
99100 -320.962 0 0 0 1.23064 100 22 3.88431 100 23 0 0 0 -2.40864 100 16 0 0 0 0 0 0 0 0 0 0 0
99200 -320.98 0 0 0 0.815905 100 26 3.8037 100 17 0 0 0 -2.31072 100 22 0 0 0 0 0 0 0 0 0 0 0
99300 -324.995 0 0 0 1.08034 100 22 5.41832 100 25 0 0 0 -2.28149 100 11 0 0 0 0 0 0 0 0 0 0 0
99400 -322.647 0 0 0 0.445101 100 27 2.27023 100 21 0 0 0 -1.91381 100 19 0 0 0 0 0 0 0 0 0 0 0
99500 -322.111 0 0 0 0.854763 100 27 1.97007 100 22 0 0 0 -2.47555 100 26 0 0 0 0 0 0 0 0 0 0 0
99600 -322.599 0 0 0 0.795257 100 27 3.2506 100 29 0 0 0 -2.06216 100 21 0 0 0 0 0 0 0 0 0 0 0
99700 -320.652 0 0 0 1.01525 100 18 3.22545 100 24 0 0 0 -2.28173 100 13 0 0 0 0 0 0 0 0 0 0 0
99800 -320.762 0 0 0 1.36102 100 18 3.52533 100 13 0 0 0 -2.60897 100 20 0 0 0 0 0 0 0 0 0 0 0
99900 -324.333 0 0 0 1.9922 100 29 7.48874 100 25 0 0 0 -3.10629 100 19 0 0 0 0 0 0 0 0 0 0 0
100000 -320.737 0 0 0 0.701335 100 23 2.87429 100 15 0 0 0 -2.19726 100 26 0 0 0 0 0 0 0 0 0 0 0
