iteration logLik intercept1 intercept1_p intercept1_a pcov2 pcov2_p pcov2_a pcov3 pcov3_p pcov3_a pcov4 pcov4_p pcov4_a intercept2 intercept2_p intercept2_a intercept3 intercept3_p intercept3_a intercept4 intercept4_p intercept4_a pcov pcov_p pcov_a data_p data_a
0 -1005.37 0 0 0 -15.2158 0 0 -6.90754 0 0 0 0 0 -8.39596 0 0 0 0 0 0 0 0 0 0 0 0 0
100 -268.55 0 0 0 0.90878 100 36 -2.65062 100 37 0 0 0 -2.3822 100 27 0 0 0 0 0 0 0 0 0 0 0
200 -267.059 0 0 0 1.02087 100 20 1.14702 100 27 0 0 0 -2.71613 100 23 0 0 0 0 0 0 0 0 0 0 0
300 -268.905 0 0 0 0.759907 100 21 4.1731 100 29 0 0 0 -2.51689 100 10 0 0 0 0 0 0 0 0 0 0 0
400 -267.058 0 0 0 1.2533 100 29 1.5975 100 26 0 0 0 -2.79675 100 13 0 0 0 0 0 0 0 0 0 0 0
500 -267.332 0 0 0 0.723382 100 18 2.75273 100 32 0 0 0 -2.4062 100 16 0 0 0 0 0 0 0 0 0 0 0
600 -268.994 0 0 0 1.61751 100 24 5.22562 100 29 0 0 0 -2.91669 100 18 0 0 0 0 0 0 0 0 0 0 0
700 -267.541 0 0 0 1.50667 100 26 2.78804 100 33 0 0 0 -2.81693 100 18 0 0 0 0 0 0 0 0 0 0 0
800 -266.992 0 0 0 0.469191 100 24 -0.825787 100 29 0 0 0 -2.30703 100 17 0 0 0 0 0 0 0 0 0 0 0
900 -267.166 0 0 0 1.2761 100 23 0.962262 100 30 0 0 0 -2.65131 100 17 0 0 0 0 0 0 0 0 0 0 0
1000 -266.4 0 0 0 1.05863 100 23 1.76322 100 18 0 0 0 -2.61411 100 25 0 0 0 0 0 0 0 0 0 0 0
1100 -267.429 0 0 0 1.10512 100 27 2.0157 100 34 0 0 0 -2.82874 100 14 0 0 0 0 0 0 0 0 0 0 0
1200 -270.398 0 0 0 1.08239 100 24 4.98927 100 31 0 0 0 -3.04316 100 19 0 0 0 0 0 0 0 0 0 0 0
1300 -268.261 0 0 0 0.0168519 100 23 -0.646181 100 31 0 0 0 -1.99044 100 18 0 0 0 0 0 0 0 0 0 0 0
1400 -267.176 0 0 0 1.26803 100 28 2.59493 100 25 0 0 0 -2.87303 100 13 0 0 0 0 0 0 0 0 0 0 0
1500 -267.414 0 0 0 0.82245 100 27 0.505521 100 17 0 0 0 -2.6361 100 14 0 0 0 0 0 0 0 0 0 0 0
1600 -268.71 0 0 0 0.715897 100 29 -3.18443 100 31 0 0 0 -2.17072 100 26 0 0 0 0 0 0 0 0 0 0 0
1700 -266.808 0 0 0 0.844071 100 26 -0.515683 100 26 0 0 0 -2.33008 100 21 0 0 0 0 0 0 0 0 0 0 0
1800 -268.061 0 0 0 0.138185 100 27 -0.574899 100 36 0 0 0 -1.9396 100 22 0 0 0 0 0 0 0 0 0 0 0
1900 -266.729 0 0 0 0.593585 100 33 -0.848685 100 24 0 0 0 -2.19541 100 26 0 0 0 0 0 0 0 0 0 0 0
2000 -267.145 0 0 0 1.16638 100 21 3.05566 100 37 0 0 0 -2.83525 100 23 0 0 0 0 0 0 0 0 0 0 0
2100 -267.235 0 0 0 1.27811 100 21 2.18806 100 27 0 0 0 -2.60883 100 25 0 0 0 0 0 0 0 0 0 0 0
2200 -266.942 0 0 0 0.540635 100 25 0.186194 100 32 0 0 0 -2.40689 100 22 0 0 0 0 0 0 0 0 0 0 0
2300 -268.185 0 0 0 0.911617 100 32 1.41451 100 30 0 0 0 -2.25647 100 14 0 0 0 0 0 0 0 0 0 0 0
2400 -266.697 0 0 0 0.488241 100 34 -0.920591 100 32 0 0 0 -2.19472 100 29 0 0 0 0 0 0 0 0 0 0 0
2500 -269.142 0 0 0 1.33901 100 23 -1.17962 100 31 0 0 0 -2.67575 100 20 0 0 0 0 0 0 0 0 0 0 0
2600 -268.989 0 0 0 1.72284 100 28 5.07811 100 30 0 0 0 -3.24999 100 16 0 0 0 0 0 0 0 0 0 0 0
2700 -268.081 0 0 0 0.768272 100 19 3.08042 100 30 0 0 0 -2.36115 100 22 0 0 0 0 0 0 0 0 0 0 0
2800 -271.632 0 0 0 1.17443 100 18 2.5633 100 26 0 0 0 -2.29604 100 15 0 0 0 0 0 0 0 0 0 0 0
2900 -269.358 0 0 0 -0.153631 100 26 -2.46641 100 31 0 0 0 -1.77612 100 20 0 0 0 0 0 0 0 0 0 0 0
3000 -266.784 0 0 0 0.977637 100 25 0.0733471 100 29 0 0 0 -2.42266 100 17 0 0 0 0 0 0 0 0 0 0 0
3100 -267.22 0 0 0 0.323386 100 24 -1.47395 100 43 0 0 0 -2.04418 100 21 0 0 0 0 0 0 0 0 0 0 0
3200 -269.232 0 0 0 1.1048 100 20 3.00537 100 31 0 0 0 -2.99765 100 17 0 0 0 0 0 0 0 0 0 0 0
3300 -267.942 0 0 0 0.616644 100 22 -2.82653 100 30 0 0 0 -2.17874 100 20 0 0 0 0 0 0 0 0 0 0 0
3400 -266.268 0 0 0 0.753773 100 30 0.812624 100 36 0 0 0 -2.41186 100 28 0 0 0 0 0 0 0 0 0 0 0
3500 -267.902 0 0 0 1.49212 100 27 2.27608 100 31 0 0 0 -2.991 100 17 0 0 0 0 0 0 0 0 0 0 0
3600 -270.045 0 0 0 0.851592 100 28 5.10942 100 24 0 0 0 -2.63671 100 23 0 0 0 0 0 0 0 0 0 0 0
3700 -268.378 0 0 0 1.19378 100 28 4.9201 100 34 0 0 0 -2.77775 100 20 0 0 0 0 0 0 0 0 0 0 0
3800 -268.186 0 0 0 0.791125 100 27 0.955653 100 34 0 0 0 -2.70554 100 26 0 0 0 0 0 0 0 0 0 0 0
3900 -267.254 0 0 0 0.472696 100 24 0.662828 100 31 0 0 0 -2.12414 100 20 0 0 0 0 0 0 0 0 0 0 0
4000 -267.744 0 0 0 0.242255 100 21 -1.92899 100 29 0 0 0 -1.95011 100 24 0 0 0 0 0 0 0 0 0 0 0
4100 -270.6 0 0 0 0.646327 100 25 -0.378465 100 23 0 0 0 -2.71968 100 25 0 0 0 0 0 0 0 0 0 0 0
4200 -266.613 0 0 0 0.695684 100 22 1.62295 100 25 0 0 0 -2.35028 100 28 0 0 0 0 0 0 0 0 0 0 0
4300 -267.256 0 0 0 0.717655 100 22 1.63694 100 40 0 0 0 -2.59602 100 18 0 0 0 0 0 0 0 0 0 0 0
4400 -268.673 0 0 0 1.73566 100 36 4.06618 100 33 0 0 0 -3.20405 100 19 0 0 0 0 0 0 0 0 0 0 0
4500 -270.215 0 0 0 1.42099 100 24 -1.51835 100 23 0 0 0 -2.64296 100 26 0 0 0 0 0 0 0 0 0 0 0
4600 -267.448 0 0 0 1.41704 100 30 2.78119 100 28 0 0 0 -2.949 100 20 0 0 0 0 0 0 0 0 0 0 0
4700 -266.44 0 0 0 0.682226 100 16 -0.3199 100 33 0 0 0 -2.30787 100 24 0 0 0 0 0 0 0 0 0 0 0
4800 -267.342 0 0 0 1.47745 100 23 2.65962 100 28 0 0 0 -2.83462 100 14 0 0 0 0 0 0 0 0 0 0 0
4900 -267.957 0 0 0 0.586933 100 23 -2.72885 100 27 0 0 0 -2.28628 100 18 0 0 0 0 0 0 0 0 0 0 0
5000 -267.1 0 0 0 1.16915 100 18 0.41705 100 27 0 0 0 -2.55772 100 18 0 0 0 0 0 0 0 0 0 0 0
5100 -268.73 0 0 0 1.16911 100 20 2.82832 100 30 0 0 0 -2.99079 100 26 0 0 0 0 0 0 0 0 0 0 0
5200 -268.333 0 0 0 0.0208486 100 28 -2.49522 100 41 0 0 0 -1.93366 100 14 0 0 0 0 0 0 0 0 0 0 0
5300 -267.873 0 0 0 0.728983 100 34 -0.66226 100 25 0 0 0 -2.12793 100 19 0 0 0 0 0 0 0 0 0 0 0
5400 -266.943 0 0 0 1.20036 100 21 0.930908 100 24 0 0 0 -2.69848 100 23 0 0 0 0 0 0 0 0 0 0 0
5500 -267.269 0 0 0 0.521651 100 27 -1.16374 100 35 0 0 0 -2.08039 100 21 0 0 0 0 0 0 0 0 0 0 0
5600 -266.536 0 0 0 0.540945 100 24 -0.216996 100 19 0 0 0 -2.2982 100 15 0 0 0 0 0 0 0 0 0 0 0
5700 -266.718 0 0 0 0.941226 100 29 2.32575 100 31 0 0 0 -2.4729 100 20 0 0 0 0 0 0 0 0 0 0 0
5800 -267.94 0 0 0 1.22747 100 30 -0.510194 100 25 0 0 0 -2.66087 100 27 0 0 0 0 0 0 0 0 0 0 0
5900 -267.044 0 0 0 0.82589 100 20 2.90253 100 31 0 0 0 -2.50067 100 19 0 0 0 0 0 0 0 0 0 0 0
6000 -271.141 0 0 0 1.00582 100 25 -1.57677 100 28 0 0 0 -2.13862 100 21 0 0 0 0 0 0 0 0 0 0 0
6100 -266.846 0 0 0 0.623506 100 26 1.86586 100 33 0 0 0 -2.42805 100 24 0 0 0 0 0 0 0 0 0 0 0
6200 -267.341 0 0 0 1.4885 100 27 3.05378 100 30 0 0 0 -2.91509 100 22 0 0 0 0 0 0 0 0 0 0 0
6300 -269.4 0 0 0 1.1518 100 30 -0.168606 100 29 0 0 0 -2.32233 100 25 0 0 0 0 0 0 0 0 0 0 0
6400 -267.794 0 0 0 0.341825 100 27 -0.99401 100 23 0 0 0 -2.31361 100 25 0 0 0 0 0 0 0 0 0 0 0
6500 -266.618 0 0 0 1.16134 100 23 1.72948 100 26 0 0 0 -2.60641 100 24 0 0 0 0 0 0 0 0 0 0 0
6600 -266.688 0 0 0 0.511244 100 25 0.922877 100 31 0 0 0 -2.31297 100 18 0 0 0 0 0 0 0 0 0 0 0
6700 -267.104 0 0 0 0.57689 100 11 1.59725 100 29 0 0 0 -2.464 100 20 0 0 0 0 0 0 0 0 0 0 0
6800 -267.9 0 0 0 1.28123 100 21 1.27985 100 26 0 0 0 -2.52913 100 23 0 0 0 0 0 0 0 0 0 0 0
6900 -268.311 0 0 0 1.29 100 26 0.567404 100 35 0 0 0 -2.51035 100 25 0 0 0 0 0 0 0 0 0 0 0
7000 -267.371 0 0 0 1.23736 100 28 1.5959 100 25 0 0 0 -2.84336 100 20 0 0 0 0 0 0 0 0 0 0 0
7100 -267.854 0 0 0 1.03491 100 29 -1.27683 100 34 0 0 0 -2.56037 100 24 0 0 0 0 0 0 0 0 0 0 0
7200 -267.897 0 0 0 1.62695 100 22 2.97095 100 31 0 0 0 -3.00931 100 14 0 0 0 0 0 0 0 0 0 0 0
7300 -266.616 0 0 0 0.872015 100 22 2.27386 100 30 0 0 0 -2.58734 100 18 0 0 0 0 0 0 0 0 0 0 0
7400 -267.341 0 0 0 0.480927 100 28 -1.76798 100 35 0 0 0 -2.07317 100 21 0 0 0 0 0 0 0 0 0 0 0
7500 -266.763 0 0 0 0.957152 100 30 2.30099 100 28 0 0 0 -2.67746 100 15 0 0 0 0 0 0 0 0 0 0 0
7600 -267.216 0 0 0 0.553975 100 28 1.10148 100 29 0 0 0 -2.47044 100 22 0 0 0 0 0 0 0 0 0 0 0
7700 -266.486 0 0 0 0.599103 100 19 -0.316388 100 32 0 0 0 -2.3176 100 22 0 0 0 0 0 0 0 0 0 0 0
7800 -266.548 0 0 0 0.812108 100 24 -0.340249 100 30 0 0 0 -2.36564 100 21 0 0 0 0 0 0 0 0 0 0 0
7900 -266.656 0 0 0 0.809619 100 19 2.34492 100 20 0 0 0 -2.48825 100 10 0 0 0 0 0 0 0 0 0 0 0
8000 -266.596 0 0 0 1.15049 100 24 1.3565 100 33 0 0 0 -2.63961 100 19 0 0 0 0 0 0 0 0 0 0 0
8100 -266.675 0 0 0 0.617255 100 25 0.168151 100 27 0 0 0 -2.20744 100 20 0 0 0 0 0 0 0 0 0 0 0
8200 -269.098 0 0 0 1.50002 100 28 -0.154836 100 35 0 0 0 -2.7953 100 24 0 0 0 0 0 0 0 0 0 0 0
8300 -266.774 0 0 0 0.734409 100 23 -1.03789 100 30 0 0 0 -2.33927 100 17 0 0 0 0 0 0 0 0 0 0 0
8400 -267.199 0 0 0 0.998176 100 27 1.55659 100 18 0 0 0 -2.74264 100 21 0 0 0 0 0 0 0 0 0 0 0
8500 -266.674 0 0 0 1.20022 100 22 1.6285 100 23 0 0 0 -2.69553 100 21 0 0 0 0 0 0 0 0 0 0 0
8600 -270.513 0 0 0 1.04134 100 17 5.87005 100 24 0 0 0 -2.85667 100 34 0 0 0 0 0 0 0 0 0 0 0
8700 -268.345 0 0 0 0.571678 100 16 -3.29795 100 37 0 0 0 -2.12838 100 21 0 0 0 0 0 0 0 0 0 0 0
8800 -266.978 0 0 0 0.714331 100 31 -0.50093 100 40 0 0 0 -2.46922 100 18 0 0 0 0 0 0 0 0 0 0 0
8900 -267.351 0 0 0 1.39966 100 25 1.70324 100 38 0 0 0 -2.73609 100 20 0 0 0 0 0 0 0 0 0 0 0
9000 -267.879 0 0 0 0.838146 100 24 3.77368 100 29 0 0 0 -2.57068 100 19 0 0 0 0 0 0 0 0 0 0 0
9100 -267.145 0 0 0 1.25217 100 16 3.08645 100 22 0 0 0 -2.65424 100 16 0 0 0 0 0 0 0 0 0 0 0
9200 -266.853 0 0 0 1.17299 100 24 2.92035 100 33 0 0 0 -2.63801 100 20 0 0 0 0 0 0 0 0 0 0 0
9300 -268.457 0 0 0 0.623423 100 25 -0.132039 100 26 0 0 0 -2.04039 100 29 0 0 0 0 0 0 0 0 0 0 0
9400 -268.68 0 0 0 0.579832 100 23 3.47979 100 34 0 0 0 -2.49979 100 20 0 0 0 0 0 0 0 0 0 0 0
9500 -267.303 0 0 0 0.552975 100 31 2.09905 100 31 0 0 0 -2.31324 100 32 0 0 0 0 0 0 0 0 0 0 0
9600 -267.958 0 0 0 0.837667 100 28 -1.36577 100 25 0 0 0 -2.21006 100 17 0 0 0 0 0 0 0 0 0 0 0
9700 -267.378 0 0 0 0.502169 100 30 -1.07534 100 30 0 0 0 -2.05817 100 24 0 0 0 0 0 0 0 0 0 0 0
9800 -268.656 0 0 0 1.31742 100 27 -0.239253 100 30 0 0 0 -2.54499 100 23 0 0 0 0 0 0 0 0 0 0 0
9900 -268.154 0 0 0 0.6827 100 28 3.43866 100 21 0 0 0 -2.56202 100 28 0 0 0 0 0 0 0 0 0 0 0
10000 -268.502 0 0 0 0.437236 100 31 -2.92033 100 33 0 0 0 -1.96566 100 27 0 0 0 0 0 0 0 0 0 0 0
10100 -267.896 0 0 0 0.550429 100 27 -1.79728 100 30 0 0 0 -2.38851 100 19 0 0 0 0 0 0 0 0 0 0 0
10200 -266.605 0 0 0 1.10679 100 30 2.48526 100 26 0 0 0 -2.60558 100 22 0 0 0 0 0 0 0 0 0 0 0
10300 -266.432 0 0 0 0.969639 100 30 1.04838 100 26 0 0 0 -2.58528 100 26 0 0 0 0 0 0 0 0 0 0 0
10400 -267.407 0 0 0 1.19186 100 26 2.71933 100 31 0 0 0 -2.88029 100 21 0 0 0 0 0 0 0 0 0 0 0
10500 -266.921 0 0 0 0.718949 100 33 -1.01493 100 32 0 0 0 -2.24089 100 23 0 0 0 0 0 0 0 0 0 0 0
10600 -268.023 0 0 0 0.653387 100 20 3.29491 100 32 0 0 0 -2.47648 100 19 0 0 0 0 0 0 0 0 0 0 0
10700 -268.434 0 0 0 0.00179644 100 33 -1.87788 100 28 0 0 0 -2.0288 100 22 0 0 0 0 0 0 0 0 0 0 0
10800 -266.656 0 0 0 0.969986 100 25 0.800319 100 29 0 0 0 -2.41616 100 21 0 0 0 0 0 0 0 0 0 0 0
10900 -270.217 0 0 0 0.906506 100 29 -4.02943 100 34 0 0 0 -2.39623 100 23 0 0 0 0 0 0 0 0 0 0 0
11000 -266.318 0 0 0 0.949931 100 27 1.66252 100 33 0 0 0 -2.55503 100 20 0 0 0 0 0 0 0 0 0 0 0
11100 -268.512 0 0 0 1.5621 100 20 4.50073 100 31 0 0 0 -2.84217 100 12 0 0 0 0 0 0 0 0 0 0 0
11200 -266.618 0 0 0 1.14421 100 25 1.20911 100 27 0 0 0 -2.63087 100 19 0 0 0 0 0 0 0 0 0 0 0
11300 -266.832 0 0 0 0.627176 100 24 -0.769687 100 34 0 0 0 -2.37905 100 19 0 0 0 0 0 0 0 0 0 0 0
11400 -266.323 0 0 0 0.780086 100 28 0.848187 100 31 0 0 0 -2.46758 100 23 0 0 0 0 0 0 0 0 0 0 0
11500 -266.312 0 0 0 0.905589 100 28 0.865497 100 23 0 0 0 -2.45706 100 20 0 0 0 0 0 0 0 0 0 0 0
11600 -267.567 0 0 0 1.52082 100 28 2.48158 100 26 0 0 0 -2.84079 100 16 0 0 0 0 0 0 0 0 0 0 0
11700 -266.333 0 0 0 0.810386 100 39 0.323347 100 20 0 0 0 -2.38963 100 22 0 0 0 0 0 0 0 0 0 0 0
11800 -266.378 0 0 0 0.789786 100 27 0.582655 100 25 0 0 0 -2.47645 100 26 0 0 0 0 0 0 0 0 0 0 0
11900 -267.53 0 0 0 1.13082 100 30 -0.266169 100 27 0 0 0 -2.66421 100 19 0 0 0 0 0 0 0 0 0 0 0
12000 -266.802 0 0 0 1.15833 100 20 1.51199 100 31 0 0 0 -2.73469 100 24 0 0 0 0 0 0 0 0 0 0 0
12100 -266.491 0 0 0 1.08735 100 30 1.25216 100 24 0 0 0 -2.57658 100 21 0 0 0 0 0 0 0 0 0 0 0
12200 -266.31 0 0 0 0.691037 100 26 0.338054 100 27 0 0 0 -2.34933 100 20 0 0 0 0 0 0 0 0 0 0 0
12300 -267.016 0 0 0 0.847954 100 24 -0.628221 100 30 0 0 0 -2.50705 100 28 0 0 0 0 0 0 0 0 0 0 0
12400 -269.91 0 0 0 0.379772 100 28 -0.549046 100 27 0 0 0 -2.52377 100 27 0 0 0 0 0 0 0 0 0 0 0
12500 -267.574 0 0 0 1.07755 100 29 3.13274 100 37 0 0 0 -2.5084 100 17 0 0 0 0 0 0 0 0 0 0 0
12600 -267.133 0 0 0 0.651242 100 29 0.326613 100 31 0 0 0 -2.16765 100 26 0 0 0 0 0 0 0 0 0 0 0
12700 -267.569 0 0 0 1.53412 100 19 2.5141 100 30 0 0 0 -2.87466 100 17 0 0 0 0 0 0 0 0 0 0 0
12800 -268.269 0 0 0 0.741029 100 33 2.41489 100 32 0 0 0 -2.25343 100 17 0 0 0 0 0 0 0 0 0 0 0
12900 -269.697 0 0 0 0.435393 100 30 0.659561 100 28 0 0 0 -2.5877 100 24 0 0 0 0 0 0 0 0 0 0 0
13000 -269.548 0 0 0 0.656035 100 29 -0.534461 100 30 0 0 0 -1.98814 100 29 0 0 0 0 0 0 0 0 0 0 0
13100 -268.711 0 0 0 0.877048 100 31 -0.466164 100 21 0 0 0 -2.16335 100 15 0 0 0 0 0 0 0 0 0 0 0
13200 -266.455 0 0 0 0.769479 100 19 0.931376 100 30 0 0 0 -2.33436 100 26 0 0 0 0 0 0 0 0 0 0 0
13300 -266.539 0 0 0 0.866133 100 22 2.29773 100 22 0 0 0 -2.52825 100 24 0 0 0 0 0 0 0 0 0 0 0
13400 -267.453 0 0 0 0.382033 100 27 -1.43322 100 28 0 0 0 -2.26944 100 29 0 0 0 0 0 0 0 0 0 0 0
13500 -266.911 0 0 0 0.44142 100 22 -1.09825 100 25 0 0 0 -2.24161 100 28 0 0 0 0 0 0 0 0 0 0 0
13600 -268.213 0 0 0 0.068995 100 24 -1.28977 100 42 0 0 0 -2.1072 100 21 0 0 0 0 0 0 0 0 0 0 0
13700 -267.045 0 0 0 0.607496 100 28 0.229265 100 26 0 0 0 -2.46721 100 18 0 0 0 0 0 0 0 0 0 0 0
13800 -267.196 0 0 0 0.549662 100 27 -1.99807 100 20 0 0 0 -2.18625 100 17 0 0 0 0 0 0 0 0 0 0 0
13900 -267.433 0 0 0 1.05645 100 24 0.993808 100 27 0 0 0 -2.3884 100 21 0 0 0 0 0 0 0 0 0 0 0
14000 -270.587 0 0 0 2.02339 100 24 3.57381 100 27 0 0 0 -3.40218 100 23 0 0 0 0 0 0 0 0 0 0 0
14100 -268.357 0 0 0 1.36072 100 30 -0.203523 100 26 0 0 0 -2.67071 100 22 0 0 0 0 0 0 0 0 0 0 0
14200 -266.615 0 0 0 0.550203 100 34 0.776322 100 29 0 0 0 -2.25021 100 19 0 0 0 0 0 0 0 0 0 0 0
14300 -266.45 0 0 0 0.836625 100 26 0.214269 100 33 0 0 0 -2.36759 100 16 0 0 0 0 0 0 0 0 0 0 0
14400 -266.834 0 0 0 0.476624 100 24 -1.21516 100 31 0 0 0 -2.15621 100 17 0 0 0 0 0 0 0 0 0 0 0
14500 -269.58 0 0 0 0.947333 100 31 4.84852 100 32 0 0 0 -2.57248 100 21 0 0 0 0 0 0 0 0 0 0 0
14600 -267.818 0 0 0 0.933358 100 19 3.68901 100 31 0 0 0 -2.52256 100 20 0 0 0 0 0 0 0 0 0 0 0
14700 -267.646 0 0 0 0.478413 100 23 -2.6709 100 26 0 0 0 -2.12506 100 16 0 0 0 0 0 0 0 0 0 0 0
14800 -267.862 0 0 0 0.707231 100 19 -0.551565 100 41 0 0 0 -2.55907 100 22 0 0 0 0 0 0 0 0 0 0 0
14900 -267.288 0 0 0 1.28726 100 23 3.98244 100 29 0 0 0 -2.82941 100 26 0 0 0 0 0 0 0 0 0 0 0
15000 -267.405 0 0 0 1.09097 100 22 0.0321387 100 25 0 0 0 -2.43338 100 18 0 0 0 0 0 0 0 0 0 0 0
15100 -267.279 0 0 0 0.943008 100 30 0.869807 100 28 0 0 0 -2.69552 100 20 0 0 0 0 0 0 0 0 0 0 0
15200 -266.721 0 0 0 0.833008 100 23 0.813095 100 23 0 0 0 -2.57658 100 24 0 0 0 0 0 0 0 0 0 0 0
15300 -266.754 0 0 0 0.562954 100 28 0.676168 100 32 0 0 0 -2.2082 100 18 0 0 0 0 0 0 0 0 0 0 0
15400 -266.529 0 0 0 1.02538 100 22 2.44758 100 27 0 0 0 -2.64616 100 25 0 0 0 0 0 0 0 0 0 0 0
15500 -269.469 0 0 0 1.30085 100 19 5.46656 100 24 0 0 0 -3.07456 100 26 0 0 0 0 0 0 0 0 0 0 0
15600 -267.361 0 0 0 0.899709 100 22 -1.34625 100 30 0 0 0 -2.45061 100 22 0 0 0 0 0 0 0 0 0 0 0
15700 -266.264 0 0 0 0.760256 100 25 0.743695 100 30 0 0 0 -2.39913 100 23 0 0 0 0 0 0 0 0 0 0 0
15800 -268.219 0 0 0 1.21285 100 23 0.199043 100 26 0 0 0 -2.45495 100 20 0 0 0 0 0 0 0 0 0 0 0
15900 -269.395 0 0 0 1.69815 100 34 4.18832 100 32 0 0 0 -3.28053 100 25 0 0 0 0 0 0 0 0 0 0 0
16000 -267.692 0 0 0 0.643063 100 22 2.00632 100 30 0 0 0 -2.23481 100 22 0 0 0 0 0 0 0 0 0 0 0
16100 -270.848 0 0 0 -0.315399 100 28 -4.20375 100 31 0 0 0 -1.67423 100 15 0 0 0 0 0 0 0 0 0 0 0
16200 -266.959 0 0 0 1.17667 100 23 1.75631 100 18 0 0 0 -2.78212 100 15 0 0 0 0 0 0 0 0 0 0 0
16300 -266.342 0 0 0 0.963597 100 27 1.11996 100 37 0 0 0 -2.49408 100 22 0 0 0 0 0 0 0 0 0 0 0
16400 -267.467 0 0 0 0.381869 100 28 0.399042 100 28 0 0 0 -2.35542 100 23 0 0 0 0 0 0 0 0 0 0 0
16500 -268.193 0 0 0 1.48525 100 23 3.64138 100 26 0 0 0 -3.08812 100 21 0 0 0 0 0 0 0 0 0 0 0
16600 -267.892 0 0 0 0.485688 100 21 0.180112 100 30 0 0 0 -2.47403 100 19 0 0 0 0 0 0 0 0 0 0 0
16700 -267.564 0 0 0 1.54405 100 27 3.65279 100 27 0 0 0 -2.90851 100 17 0 0 0 0 0 0 0 0 0 0 0
16800 -269.929 0 0 0 1.57227 100 25 0.788643 100 20 0 0 0 -3.0826 100 19 0 0 0 0 0 0 0 0 0 0 0
16900 -266.961 0 0 0 0.882018 100 24 -0.909532 100 23 0 0 0 -2.41683 100 21 0 0 0 0 0 0 0 0 0 0 0
17000 -269.019 0 0 0 1.58767 100 24 1.25171 100 18 0 0 0 -2.745 100 28 0 0 0 0 0 0 0 0 0 0 0
17100 -268.434 0 0 0 0.932154 100 25 -0.72517 100 29 0 0 0 -2.68551 100 28 0 0 0 0 0 0 0 0 0 0 0
17200 -268.823 0 0 0 0.579708 100 21 3.58387 100 28 0 0 0 -2.49798 100 19 0 0 0 0 0 0 0 0 0 0 0
17300 -268.194 0 0 0 1.13296 100 22 2.76798 100 21 0 0 0 -2.93082 100 18 0 0 0 0 0 0 0 0 0 0 0
17400 -266.762 0 0 0 0.652352 100 20 -1.15098 100 22 0 0 0 -2.26437 100 14 0 0 0 0 0 0 0 0 0 0 0
17500 -266.821 0 0 0 0.875533 100 23 0.698009 100 22 0 0 0 -2.32611 100 33 0 0 0 0 0 0 0 0 0 0 0
17600 -266.767 0 0 0 0.84454 100 38 0.226086 100 26 0 0 0 -2.30987 100 20 0 0 0 0 0 0 0 0 0 0 0
17700 -266.271 0 0 0 0.758851 100 37 0.60571 100 34 0 0 0 -2.38859 100 23 0 0 0 0 0 0 0 0 0 0 0
17800 -267.334 0 0 0 0.566814 100 22 -1.23094 100 30 0 0 0 -2.38219 100 26 0 0 0 0 0 0 0 0 0 0 0
17900 -267.178 0 0 0 0.604017 100 27 -1.63453 100 37 0 0 0 -2.16043 100 23 0 0 0 0 0 0 0 0 0 0 0
18000 -267.162 0 0 0 0.401537 100 24 -1.89418 100 34 0 0 0 -2.12961 100 19 0 0 0 0 0 0 0 0 0 0 0
18100 -269.486 0 0 0 0.747487 100 26 0.100466 100 29 0 0 0 -2.73169 100 18 0 0 0 0 0 0 0 0 0 0 0
18200 -266.524 0 0 0 1.04416 100 31 0.745281 100 28 0 0 0 -2.55853 100 23 0 0 0 0 0 0 0 0 0 0 0
18300 -268.653 0 0 0 0.147613 100 21 -3.549 100 26 0 0 0 -1.89572 100 22 0 0 0 0 0 0 0 0 0 0 0
18400 -267.239 0 0 0 0.995934 100 31 3.19894 100 18 0 0 0 -2.52828 100 15 0 0 0 0 0 0 0 0 0 0 0
18500 -268.099 0 0 0 1.29994 100 19 0.314698 100 34 0 0 0 -2.55493 100 23 0 0 0 0 0 0 0 0 0 0 0
18600 -267.377 0 0 0 0.208947 100 31 -0.966308 100 36 0 0 0 -2.11268 100 18 0 0 0 0 0 0 0 0 0 0 0
18700 -269.362 0 0 0 -0.169119 100 27 -2.94089 100 31 0 0 0 -1.8293 100 19 0 0 0 0 0 0 0 0 0 0 0
18800 -269.027 0 0 0 1.10002 100 19 4.23861 100 27 0 0 0 -2.97419 100 24 0 0 0 0 0 0 0 0 0 0 0
18900 -266.433 0 0 0 0.791636 100 26 1.82504 100 34 0 0 0 -2.45942 100 25 0 0 0 0 0 0 0 0 0 0 0
19000 -267.262 0 0 0 0.873709 100 18 -0.840832 100 30 0 0 0 -2.52697 100 24 0 0 0 0 0 0 0 0 0 0 0
19100 -267.291 0 0 0 1.36279 100 23 3.57163 100 29 0 0 0 -2.76565 100 21 0 0 0 0 0 0 0 0 0 0 0
19200 -269.025 0 0 0 1.32835 100 26 0.659785 100 23 0 0 0 -2.48651 100 23 0 0 0 0 0 0 0 0 0 0 0
19300 -266.408 0 0 0 0.763505 100 31 1.189 100 35 0 0 0 -2.48967 100 20 0 0 0 0 0 0 0 0 0 0 0
19400 -266.811 0 0 0 0.473818 100 18 -0.81578 100 31 0 0 0 -2.27238 100 23 0 0 0 0 0 0 0 0 0 0 0
19500 -266.714 0 0 0 0.981964 100 37 2.71626 100 39 0 0 0 -2.65933 100 19 0 0 0 0 0 0 0 0 0 0 0
19600 -266.839 0 0 0 0.712014 100 20 1.20624 100 29 0 0 0 -2.26952 100 19 0 0 0 0 0 0 0 0 0 0 0
19700 -267.561 0 0 0 0.278313 100 27 0.720803 100 30 0 0 0 -2.24162 100 27 0 0 0 0 0 0 0 0 0 0 0
19800 -267.972 0 0 0 1.59901 100 28 2.60873 100 29 0 0 0 -3.01229 100 19 0 0 0 0 0 0 0 0 0 0 0
19900 -268.943 0 0 0 0.688069 100 29 -3.69577 100 32 0 0 0 -2.24485 100 16 0 0 0 0 0 0 0 0 0 0 0
20000 -266.777 0 0 0 1.17737 100 35 1.90901 100 25 0 0 0 -2.58438 100 21 0 0 0 0 0 0 0 0 0 0 0
20100 -269.354 0 0 0 1.37546 100 24 -0.621183 100 29 0 0 0 -2.85544 100 22 0 0 0 0 0 0 0 0 0 0 0
20200 -266.741 0 0 0 0.964218 100 20 1.23087 100 36 0 0 0 -2.40579 100 22 0 0 0 0 0 0 0 0 0 0 0
20300 -267.475 0 0 0 0.446697 100 28 -1.40143 100 31 0 0 0 -2.02822 100 13 0 0 0 0 0 0 0 0 0 0 0
20400 -268.378 0 0 0 0.507098 100 25 -3.18801 100 23 0 0 0 -2.04711 100 18 0 0 0 0 0 0 0 0 0 0 0
20500 -270.418 0 0 0 1.14383 100 27 4.1257 100 32 0 0 0 -2.44905 100 22 0 0 0 0 0 0 0 0 0 0 0
20600 -268.588 0 0 0 1.63485 100 24 3.55007 100 29 0 0 0 -2.82779 100 21 0 0 0 0 0 0 0 0 0 0 0
20700 -266.54 0 0 0 0.540525 100 22 -0.178784 100 20 0 0 0 -2.30286 100 28 0 0 0 0 0 0 0 0 0 0 0
20800 -268.83 0 0 0 0.628893 100 35 3.49703 100 32 0 0 0 -2.36663 100 18 0 0 0 0 0 0 0 0 0 0 0
20900 -267.707 0 0 0 0.957933 100 22 3.85418 100 36 0 0 0 -2.58785 100 26 0 0 0 0 0 0 0 0 0 0 0
21000 -267.331 0 0 0 0.364389 100 27 0.465764 100 29 0 0 0 -2.09526 100 16 0 0 0 0 0 0 0 0 0 0 0
21100 -267.051 0 0 0 0.708558 100 26 2.49275 100 29 0 0 0 -2.4164 100 17 0 0 0 0 0 0 0 0 0 0 0
21200 -268.531 0 0 0 1.20062 100 35 -0.80564 100 28 0 0 0 -2.73677 100 19 0 0 0 0 0 0 0 0 0 0 0
21300 -266.59 0 0 0 0.651635 100 27 -0.412642 100 22 0 0 0 -2.23729 100 25 0 0 0 0 0 0 0 0 0 0 0
21400 -267.21 0 0 0 0.972787 100 31 -0.718056 100 23 0 0 0 -2.53928 100 20 0 0 0 0 0 0 0 0 0 0 0
21500 -269.048 0 0 0 0.789068 100 19 -0.75444 100 28 0 0 0 -2.67388 100 17 0 0 0 0 0 0 0 0 0 0 0
21600 -267.732 0 0 0 1.59967 100 24 3.87697 100 30 0 0 0 -3.00085 100 16 0 0 0 0 0 0 0 0 0 0 0
21700 -267.234 0 0 0 1.27237 100 27 0.821431 100 34 0 0 0 -2.64023 100 20 0 0 0 0 0 0 0 0 0 0 0
21800 -267.183 0 0 0 1.23951 100 16 3.45591 100 34 0 0 0 -2.86084 100 21 0 0 0 0 0 0 0 0 0 0 0
21900 -267.34 0 0 0 1.46758 100 32 2.75916 100 21 0 0 0 -2.91553 100 21 0 0 0 0 0 0 0 0 0 0 0
22000 -266.632 0 0 0 0.626725 100 25 1.52441 100 29 0 0 0 -2.35032 100 19 0 0 0 0 0 0 0 0 0 0 0
22100 -266.835 0 0 0 0.818256 100 20 1.57823 100 30 0 0 0 -2.33588 100 17 0 0 0 0 0 0 0 0 0 0 0
22200 -269.506 0 0 0 0.173741 100 27 0.0230546 100 23 0 0 0 -1.85208 100 16 0 0 0 0 0 0 0 0 0 0 0
22300 -267.403 0 0 0 0.513023 100 27 1.52597 100 31 0 0 0 -2.453 100 16 0 0 0 0 0 0 0 0 0 0 0
22400 -266.429 0 0 0 0.943999 100 26 2.06802 100 28 0 0 0 -2.59075 100 16 0 0 0 0 0 0 0 0 0 0 0
22500 -269.974 0 0 0 -0.0593094 100 28 -2.40084 100 23 0 0 0 -1.69162 100 22 0 0 0 0 0 0 0 0 0 0 0
22600 -267.626 0 0 0 1.41103 100 22 1.57108 100 38 0 0 0 -2.69602 100 15 0 0 0 0 0 0 0 0 0 0 0
22700 -266.982 0 0 0 1.08466 100 29 3.37014 100 39 0 0 0 -2.728 100 25 0 0 0 0 0 0 0 0 0 0 0
22800 -266.619 0 0 0 0.62309 100 31 -0.691423 100 28 0 0 0 -2.23141 100 23 0 0 0 0 0 0 0 0 0 0 0
22900 -266.654 0 0 0 1.1034 100 21 1.10899 100 37 0 0 0 -2.53725 100 24 0 0 0 0 0 0 0 0 0 0 0
23000 -267.44 0 0 0 0.970949 100 14 -0.496562 100 25 0 0 0 -2.33994 100 15 0 0 0 0 0 0 0 0 0 0 0
23100 -266.441 0 0 0 1.0257 100 25 1.04986 100 35 0 0 0 -2.52126 100 18 0 0 0 0 0 0 0 0 0 0 0
23200 -267.599 0 0 0 0.798125 100 35 1.4482 100 35 0 0 0 -2.24425 100 19 0 0 0 0 0 0 0 0 0 0 0
23300 -267.702 0 0 0 1.02356 100 19 4.07681 100 28 0 0 0 -2.66159 100 18 0 0 0 0 0 0 0 0 0 0 0
23400 -267.13 0 0 0 0.928943 100 27 3.28513 100 37 0 0 0 -2.5716 100 16 0 0 0 0 0 0 0 0 0 0 0
23500 -270.416 0 0 0 1.7147 100 26 2.42293 100 25 0 0 0 -3.27689 100 24 0 0 0 0 0 0 0 0 0 0 0
23600 -268.202 0 0 0 0.133713 100 20 0.659936 100 36 0 0 0 -2.09779 100 16 0 0 0 0 0 0 0 0 0 0 0
23700 -266.537 0 0 0 0.882488 100 28 0.307367 100 33 0 0 0 -2.37774 100 26 0 0 0 0 0 0 0 0 0 0 0
23800 -267.04 0 0 0 0.314822 100 34 -1.12015 100 27 0 0 0 -2.1092 100 29 0 0 0 0 0 0 0 0 0 0 0
23900 -266.674 0 0 0 1.14325 100 25 2.39837 100 29 0 0 0 -2.60398 100 21 0 0 0 0 0 0 0 0 0 0 0
24000 -267.139 0 0 0 0.633223 100 21 1.83637 100 34 0 0 0 -2.27781 100 15 0 0 0 0 0 0 0 0 0 0 0
24100 -267.035 0 0 0 1.04606 100 28 0.656254 100 32 0 0 0 -2.42254 100 14 0 0 0 0 0 0 0 0 0 0 0
24200 -267.299 0 0 0 1.06553 100 23 0.284334 100 26 0 0 0 -2.69366 100 22 0 0 0 0 0 0 0 0 0 0 0
24300 -267.657 0 0 0 0.801038 100 29 2.09759 100 42 0 0 0 -2.6937 100 18 0 0 0 0 0 0 0 0 0 0 0
24400 -266.748 0 0 0 0.645351 100 17 -1.11007 100 27 0 0 0 -2.3053 100 8 0 0 0 0 0 0 0 0 0 0 0
24500 -267.582 0 0 0 0.688314 100 25 -2.13441 100 31 0 0 0 -2.34519 100 24 0 0 0 0 0 0 0 0 0 0 0
24600 -267.103 0 0 0 0.428921 100 23 -1.40796 100 24 0 0 0 -2.24307 100 23 0 0 0 0 0 0 0 0 0 0 0
24700 -266.477 0 0 0 0.70822 100 26 0.643538 100 23 0 0 0 -2.45795 100 22 0 0 0 0 0 0 0 0 0 0 0
24800 -270.453 0 0 0 1.14719 100 23 0.47303 100 29 0 0 0 -2.26357 100 14 0 0 0 0 0 0 0 0 0 0 0
24900 -267.25 0 0 0 0.460615 100 28 1.2403 100 38 0 0 0 -2.18693 100 23 0 0 0 0 0 0 0 0 0 0 0
25000 -267.269 0 0 0 0.397203 100 22 -1.74268 100 31 0 0 0 -2.05548 100 19 0 0 0 0 0 0 0 0 0 0 0
25100 -268.002 0 0 0 0.269452 100 27 -2.66764 100 23 0 0 0 -1.94828 100 19 0 0 0 0 0 0 0 0 0 0 0
25200 -267.432 0 0 0 0.219255 100 33 -0.761524 100 29 0 0 0 -2.15717 100 23 0 0 0 0 0 0 0 0 0 0 0
25300 -267.019 0 0 0 1.17594 100 28 3.15986 100 23 0 0 0 -2.81376 100 21 0 0 0 0 0 0 0 0 0 0 0
25400 -268.08 0 0 0 0.0491136 100 20 -1.68307 100 29 0 0 0 -1.93083 100 23 0 0 0 0 0 0 0 0 0 0 0
25500 -266.346 0 0 0 0.815106 100 25 0.648358 100 22 0 0 0 -2.48232 100 14 0 0 0 0 0 0 0 0 0 0 0
25600 -266.917 0 0 0 1.28831 100 18 2.68099 100 32 0 0 0 -2.82721 100 18 0 0 0 0 0 0 0 0 0 0 0
25700 -269.566 0 0 0 1.60494 100 34 5.82758 100 27 0 0 0 -3.24099 100 16 0 0 0 0 0 0 0 0 0 0 0
25800 -266.579 0 0 0 1.14586 100 26 2.51714 100 20 0 0 0 -2.69515 100 23 0 0 0 0 0 0 0 0 0 0 0
25900 -266.886 0 0 0 0.765698 100 23 1.96023 100 28 0 0 0 -2.5772 100 17 0 0 0 0 0 0 0 0 0 0 0
26000 -267.56 0 0 0 0.294767 100 24 -1.78661 100 28 0 0 0 -2.18763 100 21 0 0 0 0 0 0 0 0 0 0 0
26100 -266.817 0 0 0 0.51709 100 26 0.902608 100 29 0 0 0 -2.21789 100 12 0 0 0 0 0 0 0 0 0 0 0
26200 -271.386 0 0 0 -0.19333 100 25 -0.37811 100 29 0 0 0 -1.70576 100 18 0 0 0 0 0 0 0 0 0 0 0
26300 -268.99 0 0 0 0.746973 100 21 -3.0293 100 30 0 0 0 -2.14028 100 24 0 0 0 0 0 0 0 0 0 0 0
26400 -267.016 0 0 0 1.00483 100 22 -0.286837 100 30 0 0 0 -2.5658 100 20 0 0 0 0 0 0 0 0 0 0 0
26500 -269.445 0 0 0 0.901557 100 24 2.35874 100 20 0 0 0 -2.89067 100 20 0 0 0 0 0 0 0 0 0 0 0
26600 -269.13 0 0 0 0.856486 100 20 2.03898 100 29 0 0 0 -2.83889 100 25 0 0 0 0 0 0 0 0 0 0 0
26700 -269.537 0 0 0 -0.109481 100 25 -1.92916 100 33 0 0 0 -1.74431 100 22 0 0 0 0 0 0 0 0 0 0 0
26800 -267.272 0 0 0 0.957457 100 16 -1.05356 100 23 0 0 0 -2.4645 100 15 0 0 0 0 0 0 0 0 0 0 0
26900 -268.102 0 0 0 0.825244 100 16 -2.18942 100 25 0 0 0 -2.45212 100 14 0 0 0 0 0 0 0 0 0 0 0
27000 -269.67 0 0 0 1.33249 100 22 2.99799 100 26 0 0 0 -3.1322 100 22 0 0 0 0 0 0 0 0 0 0 0
27100 -267.353 0 0 0 0.375074 100 25 0.41119 100 38 0 0 0 -2.08607 100 20 0 0 0 0 0 0 0 0 0 0 0
27200 -269.343 0 0 0 0.981212 100 34 -1.00437 100 29 0 0 0 -2.75029 100 29 0 0 0 0 0 0 0 0 0 0 0
27300 -267.067 0 0 0 0.554163 100 25 -1.64328 100 28 0 0 0 -2.15847 100 25 0 0 0 0 0 0 0 0 0 0 0
27400 -266.593 0 0 0 0.482747 100 17 -0.380971 100 31 0 0 0 -2.22103 100 27 0 0 0 0 0 0 0 0 0 0 0
27500 -269.044 0 0 0 0.205765 100 25 1.61069 100 29 0 0 0 -2.06772 100 16 0 0 0 0 0 0 0 0 0 0 0
27600 -267.475 0 0 0 0.857133 100 28 -1.43441 100 33 0 0 0 -2.47211 100 21 0 0 0 0 0 0 0 0 0 0 0
27700 -266.683 0 0 0 0.481811 100 24 -0.822801 100 27 0 0 0 -2.22495 100 14 0 0 0 0 0 0 0 0 0 0 0
27800 -267.747 0 0 0 0.611227 100 18 0.552348 100 28 0 0 0 -2.55381 100 25 0 0 0 0 0 0 0 0 0 0 0
27900 -269.541 0 0 0 0.566548 100 25 -2.92466 100 29 0 0 0 -2.44091 100 19 0 0 0 0 0 0 0 0 0 0 0
28000 -268.313 0 0 0 0.810055 100 26 2.99413 100 30 0 0 0 -2.33521 100 33 0 0 0 0 0 0 0 0 0 0 0
28100 -267.035 0 0 0 0.966616 100 25 -0.648458 100 25 0 0 0 -2.49668 100 23 0 0 0 0 0 0 0 0 0 0 0
28200 -266.844 0 0 0 0.616782 100 31 -0.695194 100 15 0 0 0 -2.17658 100 14 0 0 0 0 0 0 0 0 0 0 0
28300 -267.589 0 0 0 0.593611 100 16 2.35886 100 23 0 0 0 -2.51217 100 25 0 0 0 0 0 0 0 0 0 0 0
28400 -269.254 0 0 0 0.207009 100 20 -1.84015 100 30 0 0 0 -1.798 100 18 0 0 0 0 0 0 0 0 0 0 0
28500 -266.831 0 0 0 0.870635 100 28 2.16263 100 27 0 0 0 -2.40967 100 24 0 0 0 0 0 0 0 0 0 0 0
28600 -268.18 0 0 0 0.0655377 100 20 -2.41666 100 27 0 0 0 -1.99586 100 24 0 0 0 0 0 0 0 0 0 0 0
28700 -266.56 0 0 0 0.521136 100 30 -0.509039 100 36 0 0 0 -2.23183 100 19 0 0 0 0 0 0 0 0 0 0 0
28800 -268.325 0 0 0 1.26923 100 24 5.05436 100 27 0 0 0 -2.87022 100 16 0 0 0 0 0 0 0 0 0 0 0
28900 -266.883 0 0 0 1.17028 100 20 1.44745 100 26 0 0 0 -2.74713 100 16 0 0 0 0 0 0 0 0 0 0 0
29000 -268.693 0 0 0 -0.0258866 100 22 -1.76721 100 32 0 0 0 -1.83623 100 17 0 0 0 0 0 0 0 0 0 0 0
29100 -268.789 0 0 0 0.410924 100 27 2.13904 100 27 0 0 0 -2.13714 100 14 0 0 0 0 0 0 0 0 0 0 0
29200 -266.948 0 0 0 0.492623 100 29 -1.5377 100 21 0 0 0 -2.16064 100 19 0 0 0 0 0 0 0 0 0 0 0
29300 -266.92 0 0 0 0.47672 100 30 -1.40798 100 21 0 0 0 -2.22367 100 21 0 0 0 0 0 0 0 0 0 0 0
29400 -267.172 0 0 0 0.553339 100 28 2.05021 100 36 0 0 0 -2.37553 100 20 0 0 0 0 0 0 0 0 0 0 0
29500 -268.186 0 0 0 1.1637 100 20 4.54768 100 23 0 0 0 -2.69334 100 19 0 0 0 0 0 0 0 0 0 0 0
29600 -267.625 0 0 0 0.398027 100 34 1.51717 100 25 0 0 0 -2.36132 100 15 0 0 0 0 0 0 0 0 0 0 0
29700 -268.708 0 0 0 0.04606 100 28 -2.57561 100 33 0 0 0 -2.07198 100 27 0 0 0 0 0 0 0 0 0 0 0
29800 -266.543 0 0 0 0.863177 100 23 0.704089 100 21 0 0 0 -2.35972 100 30 0 0 0 0 0 0 0 0 0 0 0
29900 -267.186 0 0 0 0.960108 100 31 1.65426 100 28 0 0 0 -2.72728 100 22 0 0 0 0 0 0 0 0 0 0 0
30000 -269.921 0 0 0 0.667103 100 20 3.57748 100 28 0 0 0 -2.75933 100 17 0 0 0 0 0 0 0 0 0 0 0
30100 -266.512 0 0 0 0.523406 100 27 0.281034 100 32 0 0 0 -2.27366 100 24 0 0 0 0 0 0 0 0 0 0 0
30200 -266.377 0 0 0 0.751019 100 26 1.23911 100 28 0 0 0 -2.46912 100 16 0 0 0 0 0 0 0 0 0 0 0
30300 -270.236 0 0 0 2.11788 100 27 5.5211 100 29 0 0 0 -3.451 100 18 0 0 0 0 0 0 0 0 0 0 0
30400 -266.973 0 0 0 1.36084 100 33 2.90446 100 32 0 0 0 -2.81084 100 23 0 0 0 0 0 0 0 0 0 0 0
30500 -267.374 0 0 0 0.363867 100 27 -0.45554 100 30 0 0 0 -2.30612 100 17 0 0 0 0 0 0 0 0 0 0 0
30600 -266.426 0 0 0 0.649244 100 31 -0.286804 100 33 0 0 0 -2.31435 100 19 0 0 0 0 0 0 0 0 0 0 0
30700 -266.656 0 0 0 0.989476 100 23 0.327537 100 21 0 0 0 -2.57049 100 21 0 0 0 0 0 0 0 0 0 0 0
30800 -268.362 0 0 0 1.7241 100 28 4.84657 100 35 0 0 0 -3.10019 100 19 0 0 0 0 0 0 0 0 0 0 0
30900 -267.486 0 0 0 1.13838 100 29 0.00349751 100 27 0 0 0 -2.69612 100 19 0 0 0 0 0 0 0 0 0 0 0
31000 -270.059 0 0 0 1.93629 100 27 6.60105 100 32 0 0 0 -3.33891 100 22 0 0 0 0 0 0 0 0 0 0 0
31100 -266.543 0 0 0 1.13431 100 19 2.29548 100 28 0 0 0 -2.63351 100 17 0 0 0 0 0 0 0 0 0 0 0
31200 -267.651 0 0 0 0.626118 100 25 -1.70228 100 35 0 0 0 -2.40303 100 18 0 0 0 0 0 0 0 0 0 0 0
31300 -267.25 0 0 0 1.25002 100 25 3.61982 100 30 0 0 0 -2.70139 100 21 0 0 0 0 0 0 0 0 0 0 0
31400 -266.987 0 0 0 0.428809 100 19 -0.0397551 100 33 0 0 0 -2.31655 100 34 0 0 0 0 0 0 0 0 0 0 0
31500 -268.725 0 0 0 0.710144 100 18 3.45296 100 26 0 0 0 -2.35766 100 17 0 0 0 0 0 0 0 0 0 0 0
31600 -268.195 0 0 0 0.134869 100 32 -2.73284 100 34 0 0 0 -1.90884 100 19 0 0 0 0 0 0 0 0 0 0 0
31700 -271.133 0 0 0 0.569927 100 20 4.67564 100 31 0 0 0 -2.64326 100 18 0 0 0 0 0 0 0 0 0 0 0
31800 -266.624 0 0 0 1.12944 100 33 1.51885 100 31 0 0 0 -2.69075 100 20 0 0 0 0 0 0 0 0 0 0 0
31900 -268.108 0 0 0 0.183733 100 27 0.477364 100 29 0 0 0 -2.0236 100 16 0 0 0 0 0 0 0 0 0 0 0
32000 -267.755 0 0 0 1.12309 100 22 1.43525 100 28 0 0 0 -2.84136 100 17 0 0 0 0 0 0 0 0 0 0 0
32100 -269.16 0 0 0 0.8114 100 23 1.89667 100 27 0 0 0 -2.81229 100 12 0 0 0 0 0 0 0 0 0 0 0
32200 -266.691 0 0 0 0.833724 100 21 -0.536129 100 26 0 0 0 -2.4359 100 21 0 0 0 0 0 0 0 0 0 0 0
32300 -266.865 0 0 0 1.01868 100 29 2.25568 100 20 0 0 0 -2.72711 100 18 0 0 0 0 0 0 0 0 0 0 0
32400 -266.362 0 0 0 0.818169 100 27 0.252366 100 25 0 0 0 -2.38585 100 19 0 0 0 0 0 0 0 0 0 0 0
32500 -269.494 0 0 0 1.72602 100 24 2.70838 100 33 0 0 0 -2.82129 100 22 0 0 0 0 0 0 0 0 0 0 0
32600 -267.69 0 0 0 1.34546 100 22 1.1771 100 37 0 0 0 -2.86174 100 20 0 0 0 0 0 0 0 0 0 0 0
32700 -266.449 0 0 0 0.900079 100 20 1.52483 100 28 0 0 0 -2.43157 100 30 0 0 0 0 0 0 0 0 0 0 0
32800 -269.007 0 0 0 1.51367 100 28 4.38234 100 26 0 0 0 -3.18649 100 19 0 0 0 0 0 0 0 0 0 0 0
32900 -267.318 0 0 0 0.9624 100 20 -1.09149 100 29 0 0 0 -2.46898 100 22 0 0 0 0 0 0 0 0 0 0 0
33000 -267.872 0 0 0 0.173576 100 22 -0.961702 100 23 0 0 0 -1.93951 100 22 0 0 0 0 0 0 0 0 0 0 0
33100 -268.715 0 0 0 0.809317 100 28 2.56213 100 30 0 0 0 -2.78912 100 26 0 0 0 0 0 0 0 0 0 0 0
33200 -267.515 0 0 0 0.729272 100 24 3.07696 100 28 0 0 0 -2.55033 100 19 0 0 0 0 0 0 0 0 0 0 0
33300 -267.292 0 0 0 0.628489 100 24 -0.629713 100 28 0 0 0 -2.45797 100 22 0 0 0 0 0 0 0 0 0 0 0
33400 -266.347 0 0 0 0.790916 100 28 0.496137 100 18 0 0 0 -2.46018 100 16 0 0 0 0 0 0 0 0 0 0 0
33500 -267.793 0 0 0 0.279002 100 25 -1.86063 100 27 0 0 0 -1.94652 100 22 0 0 0 0 0 0 0 0 0 0 0
33600 -267.306 0 0 0 1.35988 100 18 1.73144 100 26 0 0 0 -2.68323 100 17 0 0 0 0 0 0 0 0 0 0 0
33700 -267.06 0 0 0 1.02946 100 22 3.34424 100 28 0 0 0 -2.71543 100 19 0 0 0 0 0 0 0 0 0 0 0
33800 -266.901 0 0 0 0.742806 100 27 0.577876 100 33 0 0 0 -2.5438 100 24 0 0 0 0 0 0 0 0 0 0 0
33900 -266.685 0 0 0 0.835482 100 25 2.40503 100 34 0 0 0 -2.47661 100 19 0 0 0 0 0 0 0 0 0 0 0
34000 -267.429 0 0 0 0.913793 100 24 0.0433035 100 22 0 0 0 -2.646 100 16 0 0 0 0 0 0 0 0 0 0 0
34100 -266.666 0 0 0 0.48079 100 33 -0.235295 100 27 0 0 0 -2.17398 100 19 0 0 0 0 0 0 0 0 0 0 0
34200 -267.847 0 0 0 1.42218 100 27 3.75538 100 37 0 0 0 -2.74241 100 20 0 0 0 0 0 0 0 0 0 0 0
34300 -267.593 0 0 0 1.02874 100 29 -0.644171 100 31 0 0 0 -2.62413 100 17 0 0 0 0 0 0 0 0 0 0 0
34400 -267.555 0 0 0 0.659445 100 23 -1.14904 100 31 0 0 0 -2.11985 100 24 0 0 0 0 0 0 0 0 0 0 0
34500 -267.186 0 0 0 1.37149 100 31 2.13366 100 31 0 0 0 -2.85748 100 26 0 0 0 0 0 0 0 0 0 0 0
34600 -267.114 0 0 0 0.927213 100 24 -0.195546 100 32 0 0 0 -2.59037 100 15 0 0 0 0 0 0 0 0 0 0 0
34700 -266.995 0 0 0 1.19231 100 26 0.677575 100 26 0 0 0 -2.67009 100 25 0 0 0 0 0 0 0 0 0 0 0
34800 -267.783 0 0 0 0.603557 100 19 -2.00573 100 22 0 0 0 -2.0925 100 17 0 0 0 0 0 0 0 0 0 0 0
34900 -266.297 0 0 0 0.786688 100 29 1.31405 100 24 0 0 0 -2.44268 100 11 0 0 0 0 0 0 0 0 0 0 0
35000 -266.759 0 0 0 0.726759 100 21 2.20093 100 32 0 0 0 -2.48158 100 19 0 0 0 0 0 0 0 0 0 0 0
35100 -270.993 0 0 0 0.149181 100 29 2.68604 100 29 0 0 0 -2.10494 100 13 0 0 0 0 0 0 0 0 0 0 0
35200 -266.938 0 0 0 0.675888 100 24 2.27483 100 35 0 0 0 -2.41461 100 27 0 0 0 0 0 0 0 0 0 0 0
35300 -268.442 0 0 0 1.02874 100 24 4.40269 100 36 0 0 0 -2.60297 100 21 0 0 0 0 0 0 0 0 0 0 0
35400 -268.609 0 0 0 0.273966 100 27 -2.32358 100 30 0 0 0 -1.86577 100 13 0 0 0 0 0 0 0 0 0 0 0
35500 -266.795 0 0 0 0.971064 100 20 2.86888 100 27 0 0 0 -2.65671 100 15 0 0 0 0 0 0 0 0 0 0 0
35600 -268.916 0 0 0 0.426668 100 19 -0.580928 100 36 0 0 0 -1.91882 100 22 0 0 0 0 0 0 0 0 0 0 0
35700 -268.745 0 0 0 1.06281 100 20 -1.42136 100 30 0 0 0 -2.67568 100 17 0 0 0 0 0 0 0 0 0 0 0
35800 -267.015 0 0 0 0.350177 100 23 -1.3176 100 27 0 0 0 -2.14102 100 20 0 0 0 0 0 0 0 0 0 0 0
35900 -267.663 0 0 0 0.5322 100 32 -2.6078 100 30 0 0 0 -2.21947 100 26 0 0 0 0 0 0 0 0 0 0 0
36000 -266.41 0 0 0 0.674215 100 30 -0.237958 100 32 0 0 0 -2.31854 100 21 0 0 0 0 0 0 0 0 0 0 0
36100 -266.784 0 0 0 1.09338 100 30 2.51232 100 21 0 0 0 -2.55637 100 21 0 0 0 0 0 0 0 0 0 0 0
36200 -267.35 0 0 0 1.057 100 24 1.22036 100 31 0 0 0 -2.76612 100 17 0 0 0 0 0 0 0 0 0 0 0
36300 -268.222 0 0 0 0.595235 100 29 -3.16746 100 23 0 0 0 -2.23591 100 26 0 0 0 0 0 0 0 0 0 0 0
36400 -267.222 0 0 0 0.454616 100 17 -0.482858 100 26 0 0 0 -2.35366 100 19 0 0 0 0 0 0 0 0 0 0 0
36500 -266.508 0 0 0 1.06382 100 22 2.43342 100 27 0 0 0 -2.6141 100 14 0 0 0 0 0 0 0 0 0 0 0
36600 -267.598 0 0 0 0.781169 100 27 1.66045 100 26 0 0 0 -2.2515 100 19 0 0 0 0 0 0 0 0 0 0 0
36700 -267.407 0 0 0 0.484405 100 30 1.80522 100 30 0 0 0 -2.40031 100 20 0 0 0 0 0 0 0 0 0 0 0
36800 -270.304 0 0 0 1.79495 100 20 3.64333 100 31 0 0 0 -3.35801 100 16 0 0 0 0 0 0 0 0 0 0 0
36900 -268.066 0 0 0 1.47078 100 21 4.2017 100 24 0 0 0 -2.79614 100 20 0 0 0 0 0 0 0 0 0 0 0
37000 -266.541 0 0 0 0.702508 100 28 0.47436 100 29 0 0 0 -2.27153 100 18 0 0 0 0 0 0 0 0 0 0 0
37100 -268.543 0 0 0 0.305069 100 16 -3.69052 100 27 0 0 0 -2.08754 100 26 0 0 0 0 0 0 0 0 0 0 0
37200 -267.684 0 0 0 0.296598 100 32 -2.29056 100 27 0 0 0 -1.98576 100 17 0 0 0 0 0 0 0 0 0 0 0
37300 -267.323 0 0 0 1.15624 100 20 1.03965 100 26 0 0 0 -2.78032 100 22 0 0 0 0 0 0 0 0 0 0 0
37400 -269.185 0 0 0 0.943056 100 37 0.23154 100 28 0 0 0 -2.18407 100 18 0 0 0 0 0 0 0 0 0 0 0
37500 -267.738 0 0 0 0.69385 100 20 -2.12199 100 23 0 0 0 -2.17389 100 18 0 0 0 0 0 0 0 0 0 0 0
37600 -268.462 0 0 0 1.50213 100 23 0.990763 100 35 0 0 0 -2.93507 100 19 0 0 0 0 0 0 0 0 0 0 0
37700 -267.581 0 0 0 1.46694 100 29 2.80322 100 27 0 0 0 -2.97501 100 24 0 0 0 0 0 0 0 0 0 0 0
37800 -273.535 0 0 0 -0.59262 100 35 -0.572731 100 28 0 0 0 -1.74331 100 17 0 0 0 0 0 0 0 0 0 0 0
37900 -267.264 0 0 0 1.03469 100 30 0.6049 100 41 0 0 0 -2.38669 100 21 0 0 0 0 0 0 0 0 0 0 0
38000 -267.843 0 0 0 0.530507 100 22 1.07661 100 25 0 0 0 -2.10939 100 17 0 0 0 0 0 0 0 0 0 0 0
38100 -266.827 0 0 0 1.19777 100 24 3.17793 100 33 0 0 0 -2.71737 100 19 0 0 0 0 0 0 0 0 0 0 0
38200 -267.901 0 0 0 1.34434 100 34 4.61592 100 28 0 0 0 -2.95362 100 20 0 0 0 0 0 0 0 0 0 0 0
38300 -267.087 0 0 0 0.451488 100 27 0.70222 100 35 0 0 0 -2.36273 100 21 0 0 0 0 0 0 0 0 0 0 0
38400 -267.794 0 0 0 0.369725 100 27 -2.73308 100 30 0 0 0 -2.15407 100 20 0 0 0 0 0 0 0 0 0 0 0
38500 -267.577 0 0 0 0.460398 100 25 1.49963 100 24 0 0 0 -2.42754 100 19 0 0 0 0 0 0 0 0 0 0 0
38600 -268.212 0 0 0 1.65413 100 27 2.39407 100 30 0 0 0 -3.00573 100 24 0 0 0 0 0 0 0 0 0 0 0
38700 -267.438 0 0 0 1.26819 100 22 3.67911 100 20 0 0 0 -2.91045 100 21 0 0 0 0 0 0 0 0 0 0 0
38800 -267.707 0 0 0 1.15591 100 26 4.34577 100 32 0 0 0 -2.79935 100 14 0 0 0 0 0 0 0 0 0 0 0
38900 -270.323 0 0 0 0.719882 100 25 -4.64906 100 36 0 0 0 -2.16989 100 17 0 0 0 0 0 0 0 0 0 0 0
39000 -268 0 0 0 0.943454 100 25 0.541483 100 23 0 0 0 -2.74314 100 25 0 0 0 0 0 0 0 0 0 0 0
39100 -269.622 0 0 0 -0.18869 100 25 -2.92282 100 26 0 0 0 -1.90864 100 16 0 0 0 0 0 0 0 0 0 0 0
39200 -269.094 0 0 0 0.161221 100 25 -4.26516 100 25 0 0 0 -1.94524 100 21 0 0 0 0 0 0 0 0 0 0 0
39300 -267.164 0 0 0 1.00922 100 31 0.924039 100 28 0 0 0 -2.37983 100 15 0 0 0 0 0 0 0 0 0 0 0
39400 -271.957 0 0 0 0.721527 100 29 1.7275 100 30 0 0 0 -2.90965 100 23 0 0 0 0 0 0 0 0 0 0 0
39500 -267.452 0 0 0 0.185472 100 33 -0.966236 100 27 0 0 0 -2.03062 100 21 0 0 0 0 0 0 0 0 0 0 0
39600 -266.47 0 0 0 0.897533 100 19 1.63691 100 35 0 0 0 -2.43424 100 10 0 0 0 0 0 0 0 0 0 0 0
39700 -268.516 0 0 0 1.26344 100 29 5.1827 100 30 0 0 0 -2.85776 100 17 0 0 0 0 0 0 0 0 0 0 0
39800 -266.808 0 0 0 0.737548 100 17 0.00506843 100 40 0 0 0 -2.49536 100 20 0 0 0 0 0 0 0 0 0 0 0
39900 -267.79 0 0 0 0.525354 100 21 -1.77252 100 27 0 0 0 -2.03686 100 23 0 0 0 0 0 0 0 0 0 0 0
40000 -269.049 0 0 0 0.109618 100 31 -1.45783 100 33 0 0 0 -1.80068 100 17 0 0 0 0 0 0 0 0 0 0 0
40100 -269.211 0 0 0 0.446969 100 28 1.60964 100 32 0 0 0 -2.57626 100 25 0 0 0 0 0 0 0 0 0 0 0
40200 -267.381 0 0 0 0.458231 100 21 0.588089 100 26 0 0 0 -2.10165 100 18 0 0 0 0 0 0 0 0 0 0 0
40300 -267.856 0 0 0 0.965036 100 27 3.68455 100 28 0 0 0 -2.78147 100 23 0 0 0 0 0 0 0 0 0 0 0
40400 -269.545 0 0 0 0.711876 100 30 -3.52181 100 29 0 0 0 -2.09531 100 22 0 0 0 0 0 0 0 0 0 0 0
40500 -267.673 0 0 0 0.122853 100 34 -1.08389 100 32 0 0 0 -2.02365 100 21 0 0 0 0 0 0 0 0 0 0 0
40600 -267.336 0 0 0 1.26522 100 19 4.04595 100 36 0 0 0 -2.82744 100 20 0 0 0 0 0 0 0 0 0 0 0
40700 -266.864 0 0 0 0.956744 100 28 0.761998 100 29 0 0 0 -2.37528 100 27 0 0 0 0 0 0 0 0 0 0 0
40800 -267.47 0 0 0 1.02048 100 18 3.54781 100 30 0 0 0 -2.77598 100 21 0 0 0 0 0 0 0 0 0 0 0
40900 -270.441 0 0 0 1.66613 100 21 -0.183658 100 26 0 0 0 -2.97749 100 24 0 0 0 0 0 0 0 0 0 0 0
41000 -267.502 0 0 0 0.229114 100 22 0.326748 100 27 0 0 0 -2.12858 100 23 0 0 0 0 0 0 0 0 0 0 0
41100 -268.076 0 0 0 0.0812557 100 20 -2.34456 100 18 0 0 0 -1.99275 100 22 0 0 0 0 0 0 0 0 0 0 0
41200 -266.697 0 0 0 0.469677 100 22 0.419474 100 30 0 0 0 -2.29095 100 29 0 0 0 0 0 0 0 0 0 0 0
41300 -266.835 0 0 0 0.654335 100 26 1.65574 100 27 0 0 0 -2.30459 100 20 0 0 0 0 0 0 0 0 0 0 0
41400 -268.081 0 0 0 1.69698 100 14 3.44169 100 28 0 0 0 -2.99796 100 18 0 0 0 0 0 0 0 0 0 0 0
41500 -268.298 0 0 0 0.0932355 100 22 -2.09698 100 22 0 0 0 -1.86736 100 28 0 0 0 0 0 0 0 0 0 0 0
41600 -268.74 0 0 0 0.101474 100 26 0.564718 100 24 0 0 0 -1.97822 100 19 0 0 0 0 0 0 0 0 0 0 0
41700 -266.639 0 0 0 0.772469 100 24 -0.455174 100 32 0 0 0 -2.43016 100 12 0 0 0 0 0 0 0 0 0 0 0
41800 -268.222 0 0 0 0.295926 100 25 -1.25365 100 24 0 0 0 -1.90808 100 32 0 0 0 0 0 0 0 0 0 0 0
41900 -267.665 0 0 0 0.719906 100 26 1.4694 100 35 0 0 0 -2.20944 100 14 0 0 0 0 0 0 0 0 0 0 0
42000 -266.994 0 0 0 0.694114 100 20 -1.47536 100 32 0 0 0 -2.31771 100 25 0 0 0 0 0 0 0 0 0 0 0
42100 -266.822 0 0 0 0.644099 100 29 0.19764 100 27 0 0 0 -2.45871 100 15 0 0 0 0 0 0 0 0 0 0 0
42200 -267.604 0 0 0 0.441438 100 21 0.203999 100 32 0 0 0 -2.05074 100 16 0 0 0 0 0 0 0 0 0 0 0
42300 -268.995 0 0 0 1.62895 100 23 3.81077 100 28 0 0 0 -3.21401 100 28 0 0 0 0 0 0 0 0 0 0 0
42400 -267.611 0 0 0 0.941346 100 20 -1.51021 100 34 0 0 0 -2.46428 100 27 0 0 0 0 0 0 0 0 0 0 0
42500 -266.326 0 0 0 0.98649 100 20 1.63753 100 34 0 0 0 -2.55438 100 25 0 0 0 0 0 0 0 0 0 0 0
42600 -266.743 0 0 0 0.877347 100 21 -0.559804 100 30 0 0 0 -2.42667 100 24 0 0 0 0 0 0 0 0 0 0 0
42700 -269.459 0 0 0 0.817355 100 22 1.36373 100 27 0 0 0 -2.13724 100 24 0 0 0 0 0 0 0 0 0 0 0
42800 -267.928 0 0 0 1.3407 100 26 1.87765 100 26 0 0 0 -2.94799 100 19 0 0 0 0 0 0 0 0 0 0 0
42900 -270.113 0 0 0 -0.0213649 100 26 1.46708 100 21 0 0 0 -2.06771 100 31 0 0 0 0 0 0 0 0 0 0 0
43000 -267.748 0 0 0 0.761333 100 36 1.44413 100 30 0 0 0 -2.66907 100 28 0 0 0 0 0 0 0 0 0 0 0
43100 -267.053 0 0 0 1.30635 100 32 3.25428 100 35 0 0 0 -2.73442 100 20 0 0 0 0 0 0 0 0 0 0 0
43200 -267.23 0 0 0 1.10477 100 36 1.73668 100 27 0 0 0 -2.79598 100 21 0 0 0 0 0 0 0 0 0 0 0
43300 -269.21 0 0 0 0.146264 100 26 -4.34656 100 29 0 0 0 -1.9681 100 23 0 0 0 0 0 0 0 0 0 0 0
43400 -266.927 0 0 0 1.25146 100 23 1.23773 100 25 0 0 0 -2.7067 100 22 0 0 0 0 0 0 0 0 0 0 0
43500 -268.44 0 0 0 1.16482 100 19 -1.27536 100 23 0 0 0 -2.64136 100 26 0 0 0 0 0 0 0 0 0 0 0
43600 -269.381 0 0 0 -0.0938878 100 25 -2.41126 100 33 0 0 0 -1.74916 100 19 0 0 0 0 0 0 0 0 0 0 0
43700 -266.561 0 0 0 0.580745 100 23 0.301663 100 31 0 0 0 -2.37121 100 18 0 0 0 0 0 0 0 0 0 0 0
43800 -268.232 0 0 0 1.6222 100 29 2.12772 100 34 0 0 0 -2.86795 100 16 0 0 0 0 0 0 0 0 0 0 0
43900 -268.741 0 0 0 1.71421 100 24 2.80288 100 19 0 0 0 -2.88659 100 23 0 0 0 0 0 0 0 0 0 0 0
44000 -268.895 0 0 0 0.926733 100 30 -2.67772 100 31 0 0 0 -2.49002 100 17 0 0 0 0 0 0 0 0 0 0 0
44100 -269.434 0 0 0 1.90026 100 28 5.45395 100 36 0 0 0 -3.12403 100 20 0 0 0 0 0 0 0 0 0 0 0
44200 -269.025 0 0 0 -0.0181997 100 22 -0.0681116 100 33 0 0 0 -1.91276 100 17 0 0 0 0 0 0 0 0 0 0 0
44300 -267.745 0 0 0 0.401791 100 26 -2.26174 100 29 0 0 0 -2.24042 100 18 0 0 0 0 0 0 0 0 0 0 0
44400 -268.089 0 0 0 1.33003 100 31 3.66173 100 30 0 0 0 -3.02087 100 23 0 0 0 0 0 0 0 0 0 0 0
44500 -267.164 0 0 0 0.576199 100 22 -1.58395 100 29 0 0 0 -2.31894 100 20 0 0 0 0 0 0 0 0 0 0 0
44600 -266.287 0 0 0 0.802096 100 27 1.27223 100 30 0 0 0 -2.43135 100 23 0 0 0 0 0 0 0 0 0 0 0
44700 -266.406 0 0 0 0.714531 100 21 -0.0668932 100 28 0 0 0 -2.3141 100 16 0 0 0 0 0 0 0 0 0 0 0
44800 -266.265 0 0 0 0.777731 100 24 0.966736 100 33 0 0 0 -2.41283 100 24 0 0 0 0 0 0 0 0 0 0 0
44900 -267.725 0 0 0 1.07559 100 25 -0.32717 100 34 0 0 0 -2.39515 100 17 0 0 0 0 0 0 0 0 0 0 0
45000 -268.692 0 0 0 0.684593 100 28 -0.632403 100 20 0 0 0 -2.04775 100 30 0 0 0 0 0 0 0 0 0 0 0
45100 -266.749 0 0 0 0.752192 100 22 2.26441 100 37 0 0 0 -2.43763 100 18 0 0 0 0 0 0 0 0 0 0 0
45200 -271.095 0 0 0 0.675928 100 21 -3.35064 100 35 0 0 0 -2.55863 100 19 0 0 0 0 0 0 0 0 0 0 0
45300 -268.278 0 0 0 1.35641 100 24 3.32716 100 24 0 0 0 -2.62161 100 18 0 0 0 0 0 0 0 0 0 0 0
45400 -269.579 0 0 0 1.07194 100 31 -2.88062 100 25 0 0 0 -2.50052 100 19 0 0 0 0 0 0 0 0 0 0 0
45500 -266.914 0 0 0 0.391345 100 25 -0.980515 100 34 0 0 0 -2.10866 100 18 0 0 0 0 0 0 0 0 0 0 0
45600 -267.065 0 0 0 0.707167 100 21 1.86196 100 26 0 0 0 -2.30025 100 16 0 0 0 0 0 0 0 0 0 0 0
45700 -266.592 0 0 0 1.16403 100 27 2.23702 100 40 0 0 0 -2.6375 100 19 0 0 0 0 0 0 0 0 0 0 0
45800 -267.207 0 0 0 0.502922 100 23 -1.80191 100 23 0 0 0 -2.1128 100 18 0 0 0 0 0 0 0 0 0 0 0
45900 -266.33 0 0 0 0.980808 100 26 1.70171 100 30 0 0 0 -2.56672 100 23 0 0 0 0 0 0 0 0 0 0 0
46000 -267.463 0 0 0 0.723445 100 28 1.82653 100 25 0 0 0 -2.25693 100 22 0 0 0 0 0 0 0 0 0 0 0
46100 -266.454 0 0 0 0.76161 100 24 -0.0203059 100 19 0 0 0 -2.43072 100 15 0 0 0 0 0 0 0 0 0 0 0
46200 -267.159 0 0 0 0.42908 100 26 -1.06943 100 28 0 0 0 -2.28737 100 21 0 0 0 0 0 0 0 0 0 0 0
46300 -266.985 0 0 0 0.369185 100 24 0.302532 100 26 0 0 0 -2.2465 100 18 0 0 0 0 0 0 0 0 0 0 0
46400 -267.645 0 0 0 1.04694 100 23 2.64466 100 16 0 0 0 -2.44111 100 17 0 0 0 0 0 0 0 0 0 0 0
46500 -268.461 0 0 0 1.28495 100 15 4.36357 100 28 0 0 0 -2.66764 100 27 0 0 0 0 0 0 0 0 0 0 0
46600 -267.786 0 0 0 1.46004 100 26 3.18819 100 21 0 0 0 -2.73991 100 29 0 0 0 0 0 0 0 0 0 0 0
46700 -267.333 0 0 0 0.724254 100 24 0.359501 100 26 0 0 0 -2.57176 100 27 0 0 0 0 0 0 0 0 0 0 0
46800 -266.958 0 0 0 0.55087 100 21 -1.52447 100 40 0 0 0 -2.17634 100 19 0 0 0 0 0 0 0 0 0 0 0
46900 -266.776 0 0 0 0.612702 100 21 -0.745094 100 38 0 0 0 -2.36279 100 21 0 0 0 0 0 0 0 0 0 0 0
47000 -269.629 0 0 0 0.420763 100 22 -3.46885 100 31 0 0 0 -2.3286 100 24 0 0 0 0 0 0 0 0 0 0 0
47100 -267.049 0 0 0 0.968649 100 25 3.26347 100 27 0 0 0 -2.6674 100 20 0 0 0 0 0 0 0 0 0 0 0
47200 -267.987 0 0 0 0.245969 100 16 1.05418 100 30 0 0 0 -2.26009 100 28 0 0 0 0 0 0 0 0 0 0 0
47300 -267.16 0 0 0 0.803528 100 16 3.00621 100 37 0 0 0 -2.55072 100 18 0 0 0 0 0 0 0 0 0 0 0
47400 -266.44 0 0 0 0.876239 100 25 1.78465 100 35 0 0 0 -2.56726 100 24 0 0 0 0 0 0 0 0 0 0 0
47500 -266.984 0 0 0 0.442748 100 20 -1.00367 100 28 0 0 0 -2.27055 100 26 0 0 0 0 0 0 0 0 0 0 0
47600 -267.337 0 0 0 0.992914 100 24 3.62642 100 30 0 0 0 -2.60827 100 25 0 0 0 0 0 0 0 0 0 0 0
47700 -266.768 0 0 0 1.02325 100 26 2.75434 100 28 0 0 0 -2.55429 100 17 0 0 0 0 0 0 0 0 0 0 0
47800 -266.617 0 0 0 0.580349 100 24 0.54094 100 35 0 0 0 -2.22716 100 21 0 0 0 0 0 0 0 0 0 0 0
47900 -267.051 0 0 0 0.616404 100 26 -0.365778 100 31 0 0 0 -2.14593 100 19 0 0 0 0 0 0 0 0 0 0 0
48000 -267.679 0 0 0 0.981315 100 26 1.13742 100 23 0 0 0 -2.32083 100 17 0 0 0 0 0 0 0 0 0 0 0
48100 -266.725 0 0 0 1.17836 100 25 2.33594 100 32 0 0 0 -2.61583 100 28 0 0 0 0 0 0 0 0 0 0 0
48200 -266.494 0 0 0 0.687332 100 20 0.711976 100 25 0 0 0 -2.44997 100 23 0 0 0 0 0 0 0 0 0 0 0
48300 -267.976 0 0 0 1.39594 100 19 4.69876 100 26 0 0 0 -2.98744 100 15 0 0 0 0 0 0 0 0 0 0 0
48400 -267.563 0 0 0 1.18509 100 22 2.23125 100 31 0 0 0 -2.88132 100 13 0 0 0 0 0 0 0 0 0 0 0
48500 -267.978 0 0 0 1.56353 100 25 3.4633 100 31 0 0 0 -2.82702 100 30 0 0 0 0 0 0 0 0 0 0 0
48600 -267.967 0 0 0 1.59215 100 29 4.28898 100 28 0 0 0 -3.07379 100 16 0 0 0 0 0 0 0 0 0 0 0
48700 -270.872 0 0 0 0.824786 100 22 -1.09742 100 26 0 0 0 -2.77803 100 25 0 0 0 0 0 0 0 0 0 0 0
48800 -268.329 0 0 0 0.346695 100 25 -1.66347 100 30 0 0 0 -1.91039 100 15 0 0 0 0 0 0 0 0 0 0 0
48900 -269.334 0 0 0 0.437929 100 28 -1.6333 100 32 0 0 0 -1.88003 100 15 0 0 0 0 0 0 0 0 0 0 0
49000 -267.806 0 0 0 0.966715 100 28 -0.857737 100 33 0 0 0 -2.31061 100 13 0 0 0 0 0 0 0 0 0 0 0
49100 -266.892 0 0 0 0.479564 100 25 1.04965 100 34 0 0 0 -2.33496 100 17 0 0 0 0 0 0 0 0 0 0 0
49200 -267.345 0 0 0 1.4935 100 28 3.23559 100 29 0 0 0 -2.91117 100 20 0 0 0 0 0 0 0 0 0 0 0
49300 -266.615 0 0 0 0.717782 100 25 1.78139 100 25 0 0 0 -2.37548 100 19 0 0 0 0 0 0 0 0 0 0 0
49400 -267.334 0 0 0 0.641723 100 30 0.746948 100 25 0 0 0 -2.53966 100 25 0 0 0 0 0 0 0 0 0 0 0
49500 -266.725 0 0 0 0.778092 100 22 0.925688 100 24 0 0 0 -2.29336 100 26 0 0 0 0 0 0 0 0 0 0 0
49600 -268.897 0 0 0 1.52612 100 26 5.62181 100 38 0 0 0 -3.11259 100 30 0 0 0 0 0 0 0 0 0 0 0
49700 -271.38 0 0 0 -0.36704 100 29 -0.451818 100 33 0 0 0 -1.80127 100 24 0 0 0 0 0 0 0 0 0 0 0
49800 -267.068 0 0 0 0.300558 100 24 -1.06305 100 30 0 0 0 -2.10101 100 14 0 0 0 0 0 0 0 0 0 0 0
49900 -267.379 0 0 0 1.30253 100 22 3.34324 100 16 0 0 0 -2.9227 100 24 0 0 0 0 0 0 0 0 0 0 0
50000 -266.312 0 0 0 0.751313 100 26 0.304841 100 20 0 0 0 -2.40302 100 22 0 0 0 0 0 0 0 0 0 0 0
50100 -267.171 0 0 0 0.780732 100 28 -1.4612 100 31 0 0 0 -2.29454 100 24 0 0 0 0 0 0 0 0 0 0 0
50200 -268.76 0 0 0 0.381604 100 25 2.68828 100 26 0 0 0 -2.37805 100 28 0 0 0 0 0 0 0 0 0 0 0
50300 -267.419 0 0 0 0.547741 100 22 -2.2763 100 29 0 0 0 -2.23372 100 30 0 0 0 0 0 0 0 0 0 0 0
50400 -267.968 0 0 0 0.10722 100 31 -0.369834 100 26 0 0 0 -1.98974 100 24 0 0 0 0 0 0 0 0 0 0 0
50500 -266.514 0 0 0 0.590505 100 24 0.628031 100 35 0 0 0 -2.37269 100 23 0 0 0 0 0 0 0 0 0 0 0
50600 -268.422 0 0 0 1.13358 100 26 -1.56635 100 36 0 0 0 -2.5497 100 22 0 0 0 0 0 0 0 0 0 0 0
50700 -268.641 0 0 0 1.72854 100 27 3.72482 100 31 0 0 0 -2.92469 100 19 0 0 0 0 0 0 0 0 0 0 0
50800 -266.729 0 0 0 0.534589 100 27 -1.08661 100 31 0 0 0 -2.20057 100 23 0 0 0 0 0 0 0 0 0 0 0
50900 -267.081 0 0 0 0.324733 100 30 -1.31999 100 39 0 0 0 -2.14067 100 14 0 0 0 0 0 0 0 0 0 0 0
51000 -268.997 0 0 0 1.54311 100 23 2.48793 100 30 0 0 0 -3.13166 100 18 0 0 0 0 0 0 0 0 0 0 0
51100 -268.074 0 0 0 0.414166 100 34 1.12529 100 33 0 0 0 -2.45361 100 26 0 0 0 0 0 0 0 0 0 0 0
51200 -269.772 0 0 0 1.63869 100 40 0.153027 100 35 0 0 0 -2.93124 100 17 0 0 0 0 0 0 0 0 0 0 0
51300 -267.056 0 0 0 0.908427 100 30 1.35034 100 27 0 0 0 -2.67797 100 17 0 0 0 0 0 0 0 0 0 0 0
51400 -267.002 0 0 0 0.762564 100 28 2.54456 100 20 0 0 0 -2.4249 100 16 0 0 0 0 0 0 0 0 0 0 0
51500 -267.14 0 0 0 1.32372 100 28 3.2076 100 29 0 0 0 -2.72287 100 28 0 0 0 0 0 0 0 0 0 0 0
51600 -269.217 0 0 0 1.34237 100 20 5.40387 100 31 0 0 0 -3.07892 100 20 0 0 0 0 0 0 0 0 0 0 0
51700 -267.328 0 0 0 0.820991 100 25 1.73285 100 33 0 0 0 -2.29574 100 17 0 0 0 0 0 0 0 0 0 0 0
51800 -266.551 0 0 0 0.656075 100 21 1.49383 100 31 0 0 0 -2.41003 100 19 0 0 0 0 0 0 0 0 0 0 0
51900 -268.795 0 0 0 0.328144 100 28 1.74906 100 26 0 0 0 -2.43539 100 29 0 0 0 0 0 0 0 0 0 0 0
52000 -267.36 0 0 0 1.33647 100 22 1.72052 100 21 0 0 0 -2.64487 100 17 0 0 0 0 0 0 0 0 0 0 0
52100 -267.01 0 0 0 0.837309 100 24 -1.11242 100 31 0 0 0 -2.40818 100 20 0 0 0 0 0 0 0 0 0 0 0
52200 -266.735 0 0 0 1.01288 100 29 2.74753 100 23 0 0 0 -2.55787 100 18 0 0 0 0 0 0 0 0 0 0 0
52300 -267.74 0 0 0 0.482198 100 25 2.2746 100 27 0 0 0 -2.39998 100 23 0 0 0 0 0 0 0 0 0 0 0
52400 -270.043 0 0 0 0.733643 100 37 -4.28242 100 37 0 0 0 -2.15535 100 19 0 0 0 0 0 0 0 0 0 0 0
52500 -267.137 0 0 0 0.416406 100 30 -1.25188 100 29 0 0 0 -2.25787 100 19 0 0 0 0 0 0 0 0 0 0 0
52600 -267.156 0 0 0 0.653265 100 32 0.543132 100 22 0 0 0 -2.52098 100 20 0 0 0 0 0 0 0 0 0 0 0
52700 -267.393 0 0 0 1.16628 100 25 2.09237 100 20 0 0 0 -2.50049 100 18 0 0 0 0 0 0 0 0 0 0 0
52800 -267.004 0 0 0 1.26746 100 19 1.16196 100 25 0 0 0 -2.70455 100 22 0 0 0 0 0 0 0 0 0 0 0
52900 -267.271 0 0 0 1.23691 100 23 1.16991 100 29 0 0 0 -2.56086 100 23 0 0 0 0 0 0 0 0 0 0 0
53000 -266.435 0 0 0 0.946003 100 16 1.18003 100 43 0 0 0 -2.44689 100 24 0 0 0 0 0 0 0 0 0 0 0
53100 -266.956 0 0 0 1.01263 100 28 0.281873 100 26 0 0 0 -2.41313 100 12 0 0 0 0 0 0 0 0 0 0 0
53200 -269.484 0 0 0 0.643257 100 26 -1.36624 100 39 0 0 0 -2.5958 100 18 0 0 0 0 0 0 0 0 0 0 0
53300 -268.721 0 0 0 0.732337 100 25 2.82809 100 30 0 0 0 -2.73572 100 26 0 0 0 0 0 0 0 0 0 0 0
53400 -267.4 0 0 0 1.33521 100 27 0.969142 100 25 0 0 0 -2.68562 100 26 0 0 0 0 0 0 0 0 0 0 0
53500 -267.311 0 0 0 0.891034 100 24 0.915331 100 30 0 0 0 -2.29007 100 19 0 0 0 0 0 0 0 0 0 0 0
53600 -266.86 0 0 0 1.02318 100 15 0.112605 100 38 0 0 0 -2.59086 100 15 0 0 0 0 0 0 0 0 0 0 0
53700 -266.398 0 0 0 0.651414 100 24 -0.159671 100 36 0 0 0 -2.32372 100 15 0 0 0 0 0 0 0 0 0 0 0
53800 -267.032 0 0 0 1.05413 100 24 2.57339 100 33 0 0 0 -2.50231 100 24 0 0 0 0 0 0 0 0 0 0 0
53900 -267.652 0 0 0 1.06507 100 25 -0.815247 100 26 0 0 0 -2.60439 100 20 0 0 0 0 0 0 0 0 0 0 0
54000 -270.816 0 0 0 1.26018 100 23 6.22956 100 31 0 0 0 -3.10071 100 23 0 0 0 0 0 0 0 0 0 0 0
54100 -268.923 0 0 0 0.341216 100 20 -4.00607 100 32 0 0 0 -1.96476 100 23 0 0 0 0 0 0 0 0 0 0 0
54200 -267.149 0 0 0 1.18491 100 27 2.07868 100 32 0 0 0 -2.53986 100 15 0 0 0 0 0 0 0 0 0 0 0
54300 -266.338 0 0 0 0.911015 100 33 0.63987 100 34 0 0 0 -2.48857 100 21 0 0 0 0 0 0 0 0 0 0 0
54400 -266.564 0 0 0 0.916383 100 28 2.45229 100 26 0 0 0 -2.57455 100 17 0 0 0 0 0 0 0 0 0 0 0
54500 -268.114 0 0 0 0.262524 100 21 -3.15064 100 33 0 0 0 -2.06608 100 20 0 0 0 0 0 0 0 0 0 0 0
54600 -266.517 0 0 0 0.9953 100 30 0.660137 100 32 0 0 0 -2.57244 100 22 0 0 0 0 0 0 0 0 0 0 0
54700 -267.621 0 0 0 0.965566 100 28 -0.118062 100 30 0 0 0 -2.30459 100 27 0 0 0 0 0 0 0 0 0 0 0
54800 -266.552 0 0 0 0.603569 100 31 -0.612752 100 27 0 0 0 -2.24379 100 14 0 0 0 0 0 0 0 0 0 0 0
54900 -266.947 0 0 0 0.528919 100 27 1.46229 100 27 0 0 0 -2.38167 100 18 0 0 0 0 0 0 0 0 0 0 0
55000 -266.951 0 0 0 0.864884 100 32 0.733475 100 33 0 0 0 -2.61778 100 14 0 0 0 0 0 0 0 0 0 0 0
55100 -269.507 0 0 0 1.77645 100 23 4.10317 100 30 0 0 0 -3.30671 100 18 0 0 0 0 0 0 0 0 0 0 0
55200 -267.264 0 0 0 0.567798 100 18 -1.82883 100 34 0 0 0 -2.13855 100 19 0 0 0 0 0 0 0 0 0 0 0
55300 -267.415 0 0 0 0.888524 100 29 3.2397 100 31 0 0 0 -2.48852 100 20 0 0 0 0 0 0 0 0 0 0 0
55400 -267.057 0 0 0 0.664071 100 28 -1.55077 100 27 0 0 0 -2.22734 100 28 0 0 0 0 0 0 0 0 0 0 0
55500 -268.59 0 0 0 1.77682 100 24 3.19448 100 27 0 0 0 -3.12204 100 22 0 0 0 0 0 0 0 0 0 0 0
55600 -267.014 0 0 0 0.432956 100 20 0.212811 100 35 0 0 0 -2.12138 100 25 0 0 0 0 0 0 0 0 0 0 0
55700 -267.602 0 0 0 0.539456 100 34 -0.901532 100 19 0 0 0 -2.05142 100 25 0 0 0 0 0 0 0 0 0 0 0
55800 -268.29 0 0 0 0.856675 100 18 -2.46614 100 30 0 0 0 -2.42501 100 26 0 0 0 0 0 0 0 0 0 0 0
55900 -266.284 0 0 0 0.769952 100 22 1.10698 100 24 0 0 0 -2.43888 100 15 0 0 0 0 0 0 0 0 0 0 0
56000 -266.704 0 0 0 0.451309 100 25 -0.408157 100 31 0 0 0 -2.16336 100 26 0 0 0 0 0 0 0 0 0 0 0
56100 -268.203 0 0 0 1.63019 100 23 2.41347 100 30 0 0 0 -3.0279 100 24 0 0 0 0 0 0 0 0 0 0 0
56200 -267.125 0 0 0 0.764739 100 22 1.19968 100 27 0 0 0 -2.60452 100 20 0 0 0 0 0 0 0 0 0 0 0
56300 -266.529 0 0 0 0.984096 100 24 2.29594 100 26 0 0 0 -2.63758 100 25 0 0 0 0 0 0 0 0 0 0 0
56400 -267.75 0 0 0 0.625323 100 25 1.16678 100 28 0 0 0 -2.1494 100 19 0 0 0 0 0 0 0 0 0 0 0
56500 -268.785 0 0 0 1.68001 100 21 3.0277 100 33 0 0 0 -3.16403 100 16 0 0 0 0 0 0 0 0 0 0 0
56600 -267.47 0 0 0 1.2566 100 20 0.578797 100 30 0 0 0 -2.75911 100 19 0 0 0 0 0 0 0 0 0 0 0
56700 -268.221 0 0 0 1.11676 100 29 4.00488 100 28 0 0 0 -2.91494 100 23 0 0 0 0 0 0 0 0 0 0 0
56800 -267.356 0 0 0 0.851154 100 29 1.21277 100 28 0 0 0 -2.67603 100 24 0 0 0 0 0 0 0 0 0 0 0
56900 -266.442 0 0 0 0.794145 100 30 1.84616 100 28 0 0 0 -2.45474 100 21 0 0 0 0 0 0 0 0 0 0 0
57000 -267.793 0 0 0 0.245243 100 26 -2.52744 100 29 0 0 0 -2.09283 100 27 0 0 0 0 0 0 0 0 0 0 0
57100 -268.252 0 0 0 1.40478 100 33 0.956853 100 35 0 0 0 -2.62521 100 23 0 0 0 0 0 0 0 0 0 0 0
57200 -266.752 0 0 0 0.725681 100 26 -0.855638 100 33 0 0 0 -2.38575 100 26 0 0 0 0 0 0 0 0 0 0 0
57300 -267.486 0 0 0 0.333671 100 27 -0.26621 100 37 0 0 0 -2.02095 100 19 0 0 0 0 0 0 0 0 0 0 0
57400 -266.684 0 0 0 0.509655 100 26 -0.81301 100 32 0 0 0 -2.25983 100 19 0 0 0 0 0 0 0 0 0 0 0
57500 -268.553 0 0 0 1.06162 100 23 -1.74727 100 37 0 0 0 -2.39269 100 26 0 0 0 0 0 0 0 0 0 0 0
57600 -267.588 0 0 0 0.155554 100 35 -0.643758 100 40 0 0 0 -2.03309 100 17 0 0 0 0 0 0 0 0 0 0 0
57700 -268.766 0 0 0 1.13329 100 25 -0.350894 100 33 0 0 0 -2.35271 100 33 0 0 0 0 0 0 0 0 0 0 0
57800 -268.886 0 0 0 1.58396 100 29 5.15851 100 30 0 0 0 -3.1877 100 26 0 0 0 0 0 0 0 0 0 0 0
57900 -268.076 0 0 0 1.31886 100 23 4.19239 100 37 0 0 0 -2.70063 100 29 0 0 0 0 0 0 0 0 0 0 0
58000 -271.571 0 0 0 0.464768 100 22 -1.67736 100 31 0 0 0 -1.78803 100 28 0 0 0 0 0 0 0 0 0 0 0
58100 -267.25 0 0 0 0.636217 100 18 -0.916712 100 33 0 0 0 -2.43398 100 20 0 0 0 0 0 0 0 0 0 0 0
58200 -269.439 0 0 0 0.150124 100 28 -1.36688 100 38 0 0 0 -2.30402 100 21 0 0 0 0 0 0 0 0 0 0 0
58300 -266.746 0 0 0 0.928091 100 27 2.06351 100 29 0 0 0 -2.43466 100 20 0 0 0 0 0 0 0 0 0 0 0
58400 -267.315 0 0 0 0.336028 100 24 -1.04582 100 30 0 0 0 -2.24208 100 23 0 0 0 0 0 0 0 0 0 0 0
58500 -266.795 0 0 0 1.28612 100 22 2.35734 100 30 0 0 0 -2.76656 100 20 0 0 0 0 0 0 0 0 0 0 0
58600 -266.694 0 0 0 1.22725 100 27 2.04371 100 31 0 0 0 -2.73362 100 25 0 0 0 0 0 0 0 0 0 0 0
58700 -267.997 0 0 0 0.177336 100 31 0.443483 100 34 0 0 0 -2.04299 100 19 0 0 0 0 0 0 0 0 0 0 0
58800 -266.384 0 0 0 0.838311 100 18 0.190885 100 42 0 0 0 -2.402 100 25 0 0 0 0 0 0 0 0 0 0 0
58900 -269.726 0 0 0 1.83937 100 23 2.29253 100 22 0 0 0 -2.94919 100 26 0 0 0 0 0 0 0 0 0 0 0
59000 -268.766 0 0 0 0.93378 100 29 4.66063 100 31 0 0 0 -2.72358 100 22 0 0 0 0 0 0 0 0 0 0 0
59100 -267.56 0 0 0 0.19046 100 23 -0.13872 100 25 0 0 0 -2.14313 100 23 0 0 0 0 0 0 0 0 0 0 0
59200 -267.302 0 0 0 0.260174 100 25 -1.19251 100 26 0 0 0 -2.1512 100 19 0 0 0 0 0 0 0 0 0 0 0
59300 -267.231 0 0 0 0.412016 100 24 1.26954 100 36 0 0 0 -2.30657 100 24 0 0 0 0 0 0 0 0 0 0 0
59400 -267.757 0 0 0 1.54743 100 25 3.6543 100 31 0 0 0 -3.03636 100 22 0 0 0 0 0 0 0 0 0 0 0
59500 -266.751 0 0 0 1.21186 100 21 1.55851 100 37 0 0 0 -2.71779 100 23 0 0 0 0 0 0 0 0 0 0 0
59600 -267.498 0 0 0 1.31066 100 23 0.549255 100 29 0 0 0 -2.69116 100 18 0 0 0 0 0 0 0 0 0 0 0
59700 -266.603 0 0 0 0.714855 100 31 -0.156117 100 32 0 0 0 -2.26078 100 16 0 0 0 0 0 0 0 0 0 0 0
59800 -266.77 0 0 0 0.921691 100 24 2.15214 100 28 0 0 0 -2.43685 100 23 0 0 0 0 0 0 0 0 0 0 0
59900 -269.314 0 0 0 -0.183986 100 25 -2.40566 100 28 0 0 0 -1.85128 100 18 0 0 0 0 0 0 0 0 0 0 0
60000 -268.283 0 0 0 0.873485 100 27 4.09218 100 44 0 0 0 -2.70292 100 18 0 0 0 0 0 0 0 0 0 0 0
60100 -267.074 0 0 0 0.864005 100 22 1.96497 100 30 0 0 0 -2.35687 100 17 0 0 0 0 0 0 0 0 0 0 0
60200 -266.771 0 0 0 0.818496 100 24 -0.519758 100 29 0 0 0 -2.46476 100 24 0 0 0 0 0 0 0 0 0 0 0
60300 -266.653 0 0 0 0.945314 100 31 -0.00205804 100 29 0 0 0 -2.51759 100 21 0 0 0 0 0 0 0 0 0 0 0
60400 -266.335 0 0 0 0.67044 100 28 0.178758 100 30 0 0 0 -2.33376 100 20 0 0 0 0 0 0 0 0 0 0 0
60500 -266.924 0 0 0 0.927413 100 27 0.405621 100 37 0 0 0 -2.61752 100 17 0 0 0 0 0 0 0 0 0 0 0
60600 -266.881 0 0 0 0.461037 100 26 0.404306 100 29 0 0 0 -2.33401 100 19 0 0 0 0 0 0 0 0 0 0 0
60700 -268.522 0 0 0 1.47007 100 17 5.00297 100 23 0 0 0 -3.09572 100 15 0 0 0 0 0 0 0 0 0 0 0
60800 -266.548 0 0 0 1.0894 100 25 2.35145 100 30 0 0 0 -2.59582 100 20 0 0 0 0 0 0 0 0 0 0 0
60900 -267.268 0 0 0 0.849459 100 23 0.0148814 100 28 0 0 0 -2.60226 100 19 0 0 0 0 0 0 0 0 0 0 0
61000 -267.805 0 0 0 0.188989 100 23 -2.00856 100 33 0 0 0 -1.94203 100 23 0 0 0 0 0 0 0 0 0 0 0
61100 -267.606 0 0 0 0.939278 100 18 2.16944 100 39 0 0 0 -2.77069 100 14 0 0 0 0 0 0 0 0 0 0 0
61200 -267.431 0 0 0 0.573163 100 23 2.33059 100 22 0 0 0 -2.45434 100 19 0 0 0 0 0 0 0 0 0 0 0
61300 -266.926 0 0 0 0.834677 100 18 2.80382 100 29 0 0 0 -2.56361 100 25 0 0 0 0 0 0 0 0 0 0 0
61400 -266.921 0 0 0 1.23329 100 31 1.72749 100 31 0 0 0 -2.60961 100 27 0 0 0 0 0 0 0 0 0 0 0
61500 -267.929 0 0 0 1.23108 100 23 0.0681811 100 32 0 0 0 -2.7708 100 20 0 0 0 0 0 0 0 0 0 0 0
61600 -268.323 0 0 0 1.54402 100 31 3.46197 100 31 0 0 0 -3.11328 100 21 0 0 0 0 0 0 0 0 0 0 0
61700 -266.419 0 0 0 0.62242 100 24 -0.0918397 100 30 0 0 0 -2.33059 100 18 0 0 0 0 0 0 0 0 0 0 0
61800 -266.516 0 0 0 0.542261 100 31 -0.388222 100 24 0 0 0 -2.24377 100 21 0 0 0 0 0 0 0 0 0 0 0
61900 -266.904 0 0 0 0.624703 100 23 1.7587 100 35 0 0 0 -2.46295 100 23 0 0 0 0 0 0 0 0 0 0 0
62000 -271.382 0 0 0 -0.374271 100 32 -3.51851 100 28 0 0 0 -1.59382 100 22 0 0 0 0 0 0 0 0 0 0 0
62100 -272.065 0 0 0 0.367037 100 23 3.48088 100 29 0 0 0 -2.66695 100 15 0 0 0 0 0 0 0 0 0 0 0
62200 -266.387 0 0 0 0.91825 100 28 1.12181 100 30 0 0 0 -2.43809 100 19 0 0 0 0 0 0 0 0 0 0 0
62300 -267.416 0 0 0 1.16976 100 28 3.54547 100 30 0 0 0 -2.62032 100 23 0 0 0 0 0 0 0 0 0 0 0
62400 -268.398 0 0 0 1.0827 100 23 -0.911006 100 37 0 0 0 -2.36004 100 15 0 0 0 0 0 0 0 0 0 0 0
62500 -268.74 0 0 0 0.0436349 100 23 -1.54616 100 40 0 0 0 -2.14367 100 26 0 0 0 0 0 0 0 0 0 0 0
62600 -267.219 0 0 0 0.252703 100 19 -1.21094 100 34 0 0 0 -2.08547 100 15 0 0 0 0 0 0 0 0 0 0 0
62700 -266.927 0 0 0 0.493266 100 30 -1.53205 100 24 0 0 0 -2.19839 100 24 0 0 0 0 0 0 0 0 0 0 0
62800 -267.764 0 0 0 0.963353 100 25 -1.29744 100 31 0 0 0 -2.55144 100 17 0 0 0 0 0 0 0 0 0 0 0
62900 -270.572 0 0 0 1.73095 100 26 4.42062 100 30 0 0 0 -3.38913 100 14 0 0 0 0 0 0 0 0 0 0 0
63000 -267.391 0 0 0 0.428346 100 37 1.4231 100 32 0 0 0 -2.36122 100 15 0 0 0 0 0 0 0 0 0 0 0
63100 -267.828 0 0 0 1.31652 100 22 0.795811 100 22 0 0 0 -2.84141 100 28 0 0 0 0 0 0 0 0 0 0 0
63200 -267.747 0 0 0 0.284274 100 29 -2.18267 100 28 0 0 0 -1.96499 100 20 0 0 0 0 0 0 0 0 0 0 0
63300 -267.619 0 0 0 0.265874 100 34 0.12953 100 33 0 0 0 -2.26166 100 19 0 0 0 0 0 0 0 0 0 0 0
63400 -266.644 0 0 0 1.05847 100 26 0.812444 100 30 0 0 0 -2.62806 100 18 0 0 0 0 0 0 0 0 0 0 0
63500 -266.725 0 0 0 0.475355 100 30 0.729356 100 32 0 0 0 -2.28652 100 26 0 0 0 0 0 0 0 0 0 0 0
63600 -268.397 0 0 0 0.562578 100 16 -1.63318 100 38 0 0 0 -2.00104 100 26 0 0 0 0 0 0 0 0 0 0 0
63700 -267.327 0 0 0 0.563001 100 24 1.9401 100 25 0 0 0 -2.26798 100 15 0 0 0 0 0 0 0 0 0 0 0
63800 -266.83 0 0 0 0.376116 100 26 -0.194512 100 36 0 0 0 -2.16449 100 21 0 0 0 0 0 0 0 0 0 0 0
63900 -270.3 0 0 0 0.835988 100 27 -3.25828 100 33 0 0 0 -2.11517 100 23 0 0 0 0 0 0 0 0 0 0 0
64000 -266.549 0 0 0 0.622654 100 20 -0.553583 100 26 0 0 0 -2.24589 100 23 0 0 0 0 0 0 0 0 0 0 0
64100 -266.326 0 0 0 0.753578 100 31 1.12193 100 35 0 0 0 -2.38173 100 11 0 0 0 0 0 0 0 0 0 0 0
64200 -267.279 0 0 0 0.399787 100 26 0.934475 100 28 0 0 0 -2.33559 100 19 0 0 0 0 0 0 0 0 0 0 0
64300 -267.1 0 0 0 1.02696 100 21 1.72159 100 24 0 0 0 -2.42182 100 16 0 0 0 0 0 0 0 0 0 0 0
64400 -268.194 0 0 0 0.912627 100 33 4.12668 100 28 0 0 0 -2.57936 100 24 0 0 0 0 0 0 0 0 0 0 0
64500 -266.406 0 0 0 0.873371 100 27 1.98716 100 26 0 0 0 -2.50497 100 20 0 0 0 0 0 0 0 0 0 0 0
64600 -267.29 0 0 0 0.573249 100 28 2.05002 100 28 0 0 0 -2.46214 100 16 0 0 0 0 0 0 0 0 0 0 0
64700 -268.229 0 0 0 1.31701 100 26 1.2266 100 26 0 0 0 -2.53204 100 19 0 0 0 0 0 0 0 0 0 0 0
64800 -268.01 0 0 0 1.35386 100 26 3.50339 100 26 0 0 0 -3.02152 100 25 0 0 0 0 0 0 0 0 0 0 0
64900 -266.942 0 0 0 1.28028 100 26 3.30814 100 31 0 0 0 -2.80313 100 23 0 0 0 0 0 0 0 0 0 0 0
65000 -269.031 0 0 0 1.75161 100 25 3.80882 100 29 0 0 0 -3.24118 100 24 0 0 0 0 0 0 0 0 0 0 0
65100 -267.667 0 0 0 0.346419 100 20 1.50802 100 28 0 0 0 -2.22582 100 12 0 0 0 0 0 0 0 0 0 0 0
65200 -267.509 0 0 0 0.361249 100 26 1.02342 100 24 0 0 0 -2.32862 100 22 0 0 0 0 0 0 0 0 0 0 0
65300 -267.309 0 0 0 0.796524 100 29 0.779593 100 34 0 0 0 -2.23455 100 25 0 0 0 0 0 0 0 0 0 0 0
65400 -269.593 0 0 0 0.79485 100 27 3.66966 100 30 0 0 0 -2.33101 100 22 0 0 0 0 0 0 0 0 0 0 0
65500 -266.976 0 0 0 0.589756 100 19 -1.00265 100 29 0 0 0 -2.36206 100 21 0 0 0 0 0 0 0 0 0 0 0
65600 -266.547 0 0 0 1.14444 100 28 1.97225 100 28 0 0 0 -2.68971 100 14 0 0 0 0 0 0 0 0 0 0 0
65700 -267.659 0 0 0 0.54163 100 29 1.00477 100 26 0 0 0 -2.12204 100 19 0 0 0 0 0 0 0 0 0 0 0
65800 -268.004 0 0 0 0.852035 100 21 3.48684 100 25 0 0 0 -2.72476 100 19 0 0 0 0 0 0 0 0 0 0 0
65900 -266.834 0 0 0 1.08507 100 21 0.546261 100 35 0 0 0 -2.49922 100 18 0 0 0 0 0 0 0 0 0 0 0
66000 -269.8 0 0 0 1.48123 100 25 -0.94133 100 31 0 0 0 -2.7634 100 13 0 0 0 0 0 0 0 0 0 0 0
66100 -268.99 0 0 0 -0.0700944 100 27 -0.795567 100 23 0 0 0 -1.8684 100 21 0 0 0 0 0 0 0 0 0 0 0
66200 -269.03 0 0 0 0.883465 100 22 3.98641 100 33 0 0 0 -2.83209 100 17 0 0 0 0 0 0 0 0 0 0 0
66300 -267.956 0 0 0 1.00395 100 27 4.23178 100 30 0 0 0 -2.74582 100 16 0 0 0 0 0 0 0 0 0 0 0
66400 -266.678 0 0 0 0.588679 100 27 -0.593506 100 32 0 0 0 -2.19409 100 17 0 0 0 0 0 0 0 0 0 0 0
66500 -266.89 0 0 0 0.860465 100 29 2.01084 100 26 0 0 0 -2.38192 100 18 0 0 0 0 0 0 0 0 0 0 0
66600 -267.975 0 0 0 1.40783 100 27 4.83634 100 28 0 0 0 -2.90945 100 14 0 0 0 0 0 0 0 0 0 0 0
66700 -268.71 0 0 0 1.64065 100 27 3.67001 100 27 0 0 0 -2.82625 100 14 0 0 0 0 0 0 0 0 0 0 0
66800 -270.979 0 0 0 1.28925 100 32 -2.87788 100 30 0 0 0 -2.67298 100 24 0 0 0 0 0 0 0 0 0 0 0
66900 -267.728 0 0 0 0.248282 100 21 0.121079 100 33 0 0 0 -2.0206 100 23 0 0 0 0 0 0 0 0 0 0 0
67000 -270.462 0 0 0 -0.113437 100 29 -5.03973 100 41 0 0 0 -1.7633 100 19 0 0 0 0 0 0 0 0 0 0 0
67100 -268.714 0 0 0 1.06661 100 30 4.2671 100 28 0 0 0 -2.55139 100 19 0 0 0 0 0 0 0 0 0 0 0
67200 -267.081 0 0 0 1.03644 100 29 1.21693 100 37 0 0 0 -2.72819 100 18 0 0 0 0 0 0 0 0 0 0 0
67300 -268.05 0 0 0 0.098368 100 25 -0.156165 100 27 0 0 0 -2.11826 100 15 0 0 0 0 0 0 0 0 0 0 0
67400 -267.485 0 0 0 0.225971 100 34 -0.723335 100 29 0 0 0 -2.00505 100 21 0 0 0 0 0 0 0 0 0 0 0
67500 -270.325 0 0 0 0.825006 100 19 5.17043 100 27 0 0 0 -2.74708 100 15 0 0 0 0 0 0 0 0 0 0 0
67600 -268.237 0 0 0 0.115104 100 28 -2.65694 100 22 0 0 0 -2.04827 100 24 0 0 0 0 0 0 0 0 0 0 0
67700 -267.192 0 0 0 1.29943 100 32 1.80222 100 30 0 0 0 -2.63078 100 22 0 0 0 0 0 0 0 0 0 0 0
67800 -267.173 0 0 0 0.44351 100 19 -1.94997 100 31 0 0 0 -2.12971 100 20 0 0 0 0 0 0 0 0 0 0 0
67900 -267.943 0 0 0 1.36183 100 27 4.37295 100 33 0 0 0 -2.76768 100 14 0 0 0 0 0 0 0 0 0 0 0
68000 -268.33 0 0 0 0.671274 100 32 2.4713 100 32 0 0 0 -2.66368 100 37 0 0 0 0 0 0 0 0 0 0 0
68100 -268.97 0 0 0 1.06385 100 25 5.10741 100 24 0 0 0 -2.76091 100 18 0 0 0 0 0 0 0 0 0 0 0
68200 -267.039 0 0 0 1.19898 100 30 3.22674 100 39 0 0 0 -2.65463 100 25 0 0 0 0 0 0 0 0 0 0 0
68300 -268.192 0 0 0 0.679153 100 23 3.47817 100 35 0 0 0 -2.46389 100 25 0 0 0 0 0 0 0 0 0 0 0
68400 -268.23 0 0 0 1.46914 100 26 2.32832 100 26 0 0 0 -2.67533 100 24 0 0 0 0 0 0 0 0 0 0 0
68500 -268.928 0 0 0 0.0761101 100 24 -2.39373 100 37 0 0 0 -1.79301 100 25 0 0 0 0 0 0 0 0 0 0 0
68600 -267.21 0 0 0 0.8047 100 26 1.50953 100 35 0 0 0 -2.28442 100 20 0 0 0 0 0 0 0 0 0 0 0
68700 -266.942 0 0 0 0.74377 100 23 2.50176 100 20 0 0 0 -2.51695 100 23 0 0 0 0 0 0 0 0 0 0 0
68800 -267.624 0 0 0 1.09568 100 24 4.17443 100 27 0 0 0 -2.75468 100 18 0 0 0 0 0 0 0 0 0 0 0
68900 -268.946 0 0 0 1.8249 100 27 2.79182 100 37 0 0 0 -3.04662 100 29 0 0 0 0 0 0 0 0 0 0 0
69000 -267.413 0 0 0 1.33666 100 25 2.94072 100 27 0 0 0 -2.93476 100 25 0 0 0 0 0 0 0 0 0 0 0
69100 -267.163 0 0 0 0.817181 100 20 1.92227 100 28 0 0 0 -2.32572 100 33 0 0 0 0 0 0 0 0 0 0 0
69200 -267.526 0 0 0 0.714851 100 29 1.30541 100 34 0 0 0 -2.61801 100 11 0 0 0 0 0 0 0 0 0 0 0
69300 -270.878 0 0 0 1.17601 100 30 5.92137 100 34 0 0 0 -3.0797 100 19 0 0 0 0 0 0 0 0 0 0 0
69400 -267.315 0 0 0 0.337263 100 25 -0.565064 100 31 0 0 0 -2.27006 100 15 0 0 0 0 0 0 0 0 0 0 0
69500 -270.342 0 0 0 1.20059 100 21 -2.86969 100 27 0 0 0 -2.5122 100 29 0 0 0 0 0 0 0 0 0 0 0
69600 -267.906 0 0 0 1.58038 100 29 2.14085 100 32 0 0 0 -2.89006 100 21 0 0 0 0 0 0 0 0 0 0 0
69700 -268.597 0 0 0 0.202251 100 29 1.04704 100 27 0 0 0 -2.30707 100 17 0 0 0 0 0 0 0 0 0 0 0
69800 -268.308 0 0 0 1.26901 100 17 0.94625 100 42 0 0 0 -2.90377 100 26 0 0 0 0 0 0 0 0 0 0 0
69900 -268.653 0 0 0 1.65382 100 24 3.49955 100 38 0 0 0 -3.17216 100 15 0 0 0 0 0 0 0 0 0 0 0
70000 -266.862 0 0 0 1.28415 100 25 2.62374 100 24 0 0 0 -2.70478 100 17 0 0 0 0 0 0 0 0 0 0 0
70100 -266.454 0 0 0 0.615568 100 26 -0.012618 100 30 0 0 0 -2.25534 100 14 0 0 0 0 0 0 0 0 0 0 0
70200 -266.969 0 0 0 0.928508 100 38 3.13263 100 33 0 0 0 -2.59593 100 21 0 0 0 0 0 0 0 0 0 0 0
70300 -267.273 0 0 0 0.265953 100 19 -0.356753 100 30 0 0 0 -2.18956 100 17 0 0 0 0 0 0 0 0 0 0 0
70400 -270.244 0 0 0 1.36599 100 41 -1.39021 100 32 0 0 0 -2.8503 100 20 0 0 0 0 0 0 0 0 0 0 0
70500 -267.782 0 0 0 0.240235 100 30 -0.0240543 100 34 0 0 0 -2.00159 100 21 0 0 0 0 0 0 0 0 0 0 0
70600 -269.414 0 0 0 -0.170739 100 22 -3.04575 100 32 0 0 0 -1.85346 100 21 0 0 0 0 0 0 0 0 0 0 0
70700 -266.498 0 0 0 0.6196 100 19 -0.277812 100 35 0 0 0 -2.3435 100 14 0 0 0 0 0 0 0 0 0 0 0
70800 -271.013 0 0 0 -0.140365 100 31 -5.2262 100 32 0 0 0 -1.89652 100 23 0 0 0 0 0 0 0 0 0 0 0
70900 -268.88 0 0 0 0.0858251 100 18 -1.20156 100 37 0 0 0 -1.82158 100 18 0 0 0 0 0 0 0 0 0 0 0
71000 -268.072 0 0 0 0.0671064 100 21 -2.18668 100 28 0 0 0 -1.98899 100 23 0 0 0 0 0 0 0 0 0 0 0
71100 -266.842 0 0 0 1.05372 100 19 2.84518 100 33 0 0 0 -2.72948 100 17 0 0 0 0 0 0 0 0 0 0 0
71200 -267.809 0 0 0 0.364908 100 25 1.76406 100 37 0 0 0 -2.30709 100 21 0 0 0 0 0 0 0 0 0 0 0
71300 -266.825 0 0 0 0.477242 100 25 0.965908 100 34 0 0 0 -2.31268 100 16 0 0 0 0 0 0 0 0 0 0 0
71400 -266.742 0 0 0 0.798823 100 26 -0.78236 100 28 0 0 0 -2.39753 100 15 0 0 0 0 0 0 0 0 0 0 0
71500 -267.874 0 0 0 1.49266 100 14 3.42276 100 38 0 0 0 -2.77119 100 22 0 0 0 0 0 0 0 0 0 0 0
71600 -267.028 0 0 0 0.491028 100 25 1.24126 100 31 0 0 0 -2.37435 100 22 0 0 0 0 0 0 0 0 0 0 0
71700 -268.547 0 0 0 0.934348 100 28 -1.14961 100 25 0 0 0 -2.2265 100 22 0 0 0 0 0 0 0 0 0 0 0
71800 -267.426 0 0 0 0.209485 100 28 -0.756886 100 32 0 0 0 -2.14078 100 19 0 0 0 0 0 0 0 0 0 0 0
71900 -267.65 0 0 0 1.01796 100 27 2.23071 100 27 0 0 0 -2.81666 100 16 0 0 0 0 0 0 0 0 0 0 0
72000 -267.968 0 0 0 1.0971 100 25 -1.17231 100 25 0 0 0 -2.58503 100 20 0 0 0 0 0 0 0 0 0 0 0
72100 -267.848 0 0 0 1.61869 100 17 3.61762 100 37 0 0 0 -2.92752 100 17 0 0 0 0 0 0 0 0 0 0 0
72200 -266.613 0 0 0 0.474637 100 23 0.174316 100 27 0 0 0 -2.25936 100 15 0 0 0 0 0 0 0 0 0 0 0
72300 -267.979 0 0 0 1.054 100 26 -0.798275 100 34 0 0 0 -2.37048 100 17 0 0 0 0 0 0 0 0 0 0 0
72400 -266.814 0 0 0 1.23458 100 22 2.73977 100 31 0 0 0 -2.6766 100 20 0 0 0 0 0 0 0 0 0 0 0
72500 -267.217 0 0 0 0.529839 100 22 -1.43257 100 30 0 0 0 -2.09903 100 18 0 0 0 0 0 0 0 0 0 0 0
72600 -267.303 0 0 0 1.38443 100 29 2.51878 100 36 0 0 0 -2.9087 100 15 0 0 0 0 0 0 0 0 0 0 0
72700 -267.123 0 0 0 1.05518 100 21 -0.300079 100 34 0 0 0 -2.4772 100 21 0 0 0 0 0 0 0 0 0 0 0
72800 -267.184 0 0 0 1.36473 100 26 1.94411 100 30 0 0 0 -2.71185 100 15 0 0 0 0 0 0 0 0 0 0 0
72900 -267.55 0 0 0 1.54929 100 25 3.61534 100 24 0 0 0 -2.92446 100 24 0 0 0 0 0 0 0 0 0 0 0
73000 -266.93 0 0 0 0.496359 100 23 -1.25661 100 26 0 0 0 -2.13152 100 31 0 0 0 0 0 0 0 0 0 0 0
73100 -271.47 0 0 0 -0.217034 100 27 0.490047 100 28 0 0 0 -1.81151 100 16 0 0 0 0 0 0 0 0 0 0 0
73200 -267.529 0 0 0 0.873866 100 23 3.31771 100 38 0 0 0 -2.68643 100 20 0 0 0 0 0 0 0 0 0 0 0
73300 -267.026 0 0 0 0.769046 100 25 1.10455 100 30 0 0 0 -2.26307 100 28 0 0 0 0 0 0 0 0 0 0 0
73400 -267.048 0 0 0 1.00634 100 21 1.62801 100 28 0 0 0 -2.73167 100 23 0 0 0 0 0 0 0 0 0 0 0
73500 -268.139 0 0 0 0.58277 100 24 -2.71145 100 27 0 0 0 -2.08493 100 27 0 0 0 0 0 0 0 0 0 0 0
73600 -266.453 0 0 0 0.975501 100 20 1.45315 100 22 0 0 0 -2.61599 100 15 0 0 0 0 0 0 0 0 0 0 0
73700 -266.662 0 0 0 1.21259 100 17 2.15871 100 31 0 0 0 -2.6655 100 19 0 0 0 0 0 0 0 0 0 0 0
73800 -266.737 0 0 0 0.490744 100 28 -0.982333 100 20 0 0 0 -2.23732 100 18 0 0 0 0 0 0 0 0 0 0 0
73900 -266.72 0 0 0 0.462561 100 22 -0.762024 100 34 0 0 0 -2.23539 100 17 0 0 0 0 0 0 0 0 0 0 0
74000 -266.586 0 0 0 1.07257 100 26 1.79823 100 32 0 0 0 -2.68963 100 28 0 0 0 0 0 0 0 0 0 0 0
74100 -268.051 0 0 0 1.64281 100 25 4.57981 100 31 0 0 0 -3.03751 100 22 0 0 0 0 0 0 0 0 0 0 0
74200 -266.525 0 0 0 0.996414 100 24 1.55566 100 23 0 0 0 -2.64404 100 22 0 0 0 0 0 0 0 0 0 0 0
74300 -268.846 0 0 0 0.344248 100 29 0.310485 100 37 0 0 0 -1.94103 100 23 0 0 0 0 0 0 0 0 0 0 0
74400 -266.674 0 0 0 0.481302 100 20 -0.406573 100 33 0 0 0 -2.16956 100 26 0 0 0 0 0 0 0 0 0 0 0
74500 -267.75 0 0 0 0.284604 100 27 -0.0811185 100 18 0 0 0 -1.99869 100 25 0 0 0 0 0 0 0 0 0 0 0
74600 -268.096 0 0 0 0.336835 100 24 -3.2551 100 26 0 0 0 -2.07682 100 20 0 0 0 0 0 0 0 0 0 0 0
74700 -268.176 0 0 0 1.23195 100 30 1.67863 100 37 0 0 0 -2.46977 100 25 0 0 0 0 0 0 0 0 0 0 0
74800 -269.636 0 0 0 -0.0438854 100 27 -2.17299 100 28 0 0 0 -1.72358 100 22 0 0 0 0 0 0 0 0 0 0 0
74900 -266.916 0 0 0 0.945604 100 24 -0.549318 100 32 0 0 0 -2.48764 100 16 0 0 0 0 0 0 0 0 0 0 0
75000 -270.194 0 0 0 1.05747 100 28 4.29779 100 26 0 0 0 -3.03559 100 19 0 0 0 0 0 0 0 0 0 0 0
75100 -267.424 0 0 0 1.42223 100 24 3.25828 100 24 0 0 0 -2.76226 100 22 0 0 0 0 0 0 0 0 0 0 0
75200 -267.417 0 0 0 0.584369 100 21 1.88977 100 40 0 0 0 -2.50749 100 22 0 0 0 0 0 0 0 0 0 0 0
75300 -266.541 0 0 0 0.948611 100 21 2.30707 100 34 0 0 0 -2.51653 100 22 0 0 0 0 0 0 0 0 0 0 0
75400 -267.867 0 0 0 1.4203 100 29 4.52545 100 33 0 0 0 -2.99639 100 21 0 0 0 0 0 0 0 0 0 0 0
75500 -267.192 0 0 0 1.29484 100 23 1.07813 100 31 0 0 0 -2.75096 100 20 0 0 0 0 0 0 0 0 0 0 0
75600 -266.327 0 0 0 0.694393 100 26 0.765107 100 20 0 0 0 -2.34413 100 12 0 0 0 0 0 0 0 0 0 0 0
75700 -266.884 0 0 0 0.609975 100 20 0.285075 100 29 0 0 0 -2.45 100 22 0 0 0 0 0 0 0 0 0 0 0
75800 -267.386 0 0 0 0.640183 100 26 2.13898 100 27 0 0 0 -2.5423 100 16 0 0 0 0 0 0 0 0 0 0 0
75900 -268.165 0 0 0 0.768728 100 20 3.72626 100 36 0 0 0 -2.62049 100 16 0 0 0 0 0 0 0 0 0 0 0
76000 -267.528 0 0 0 0.264082 100 37 -2.1442 100 24 0 0 0 -2.01536 100 22 0 0 0 0 0 0 0 0 0 0 0
76100 -268.621 0 0 0 -0.0366171 100 23 -0.562538 100 26 0 0 0 -1.95952 100 14 0 0 0 0 0 0 0 0 0 0 0
76200 -267.088 0 0 0 1.17803 100 32 3.06462 100 27 0 0 0 -2.83084 100 26 0 0 0 0 0 0 0 0 0 0 0
76300 -267.072 0 0 0 1.22314 100 17 0.684032 100 30 0 0 0 -2.66847 100 20 0 0 0 0 0 0 0 0 0 0 0
76400 -267.481 0 0 0 0.7019 100 26 0.987379 100 41 0 0 0 -2.18696 100 24 0 0 0 0 0 0 0 0 0 0 0
76500 -268.24 0 0 0 0.0798678 100 18 -2.7738 100 32 0 0 0 -1.9516 100 26 0 0 0 0 0 0 0 0 0 0 0
76600 -267.796 0 0 0 0.195113 100 23 -2.3994 100 25 0 0 0 -1.97422 100 21 0 0 0 0 0 0 0 0 0 0 0
76700 -266.782 0 0 0 0.545913 100 27 -0.232512 100 24 0 0 0 -2.1579 100 21 0 0 0 0 0 0 0 0 0 0 0
76800 -269.396 0 0 0 -0.182411 100 25 -1.70009 100 22 0 0 0 -1.81515 100 21 0 0 0 0 0 0 0 0 0 0 0
76900 -270.98 0 0 0 1.64871 100 28 0.307533 100 31 0 0 0 -2.68793 100 25 0 0 0 0 0 0 0 0 0 0 0
77000 -267.07 0 0 0 1.33749 100 31 2.35204 100 33 0 0 0 -2.70076 100 16 0 0 0 0 0 0 0 0 0 0 0
77100 -268.064 0 0 0 1.22251 100 18 4.28989 100 26 0 0 0 -2.94564 100 25 0 0 0 0 0 0 0 0 0 0 0
77200 -267.297 0 0 0 0.729376 100 27 0.336379 100 26 0 0 0 -2.18785 100 19 0 0 0 0 0 0 0 0 0 0 0
77300 -267.981 0 0 0 0.14099 100 19 -0.350806 100 35 0 0 0 -2.17595 100 21 0 0 0 0 0 0 0 0 0 0 0
77400 -268.238 0 0 0 1.14556 100 26 4.67873 100 27 0 0 0 -2.86545 100 22 0 0 0 0 0 0 0 0 0 0 0
77500 -269.4 0 0 0 0.598634 100 24 -0.261319 100 23 0 0 0 -2.6315 100 22 0 0 0 0 0 0 0 0 0 0 0
77600 -267.838 0 0 0 0.294879 100 26 -0.0190567 100 32 0 0 0 -1.9935 100 18 0 0 0 0 0 0 0 0 0 0 0
77700 -267.544 0 0 0 0.826732 100 27 -1.58017 100 34 0 0 0 -2.45863 100 25 0 0 0 0 0 0 0 0 0 0 0
77800 -267.89 0 0 0 1.12429 100 26 4.44799 100 31 0 0 0 -2.73772 100 17 0 0 0 0 0 0 0 0 0 0 0
77900 -268.231 0 0 0 0.754782 100 27 3.72216 100 21 0 0 0 -2.49438 100 19 0 0 0 0 0 0 0 0 0 0 0
78000 -267.172 0 0 0 1.00452 100 32 2.87446 100 34 0 0 0 -2.75697 100 22 0 0 0 0 0 0 0 0 0 0 0
78100 -267.241 0 0 0 0.531505 100 24 -2.08755 100 36 0 0 0 -2.20115 100 29 0 0 0 0 0 0 0 0 0 0 0
78200 -267.688 0 0 0 0.211388 100 29 -2.35411 100 27 0 0 0 -2.02143 100 21 0 0 0 0 0 0 0 0 0 0 0
78300 -270.974 0 0 0 0.979752 100 32 2.28929 100 32 0 0 0 -2.20198 100 17 0 0 0 0 0 0 0 0 0 0 0
78400 -266.442 0 0 0 1.02049 100 28 1.67382 100 31 0 0 0 -2.51979 100 19 0 0 0 0 0 0 0 0 0 0 0
78500 -268.087 0 0 0 0.186085 100 27 -1.04292 100 26 0 0 0 -2.22044 100 26 0 0 0 0 0 0 0 0 0 0 0
78600 -267.997 0 0 0 1.23617 100 15 0.381701 100 35 0 0 0 -2.8159 100 26 0 0 0 0 0 0 0 0 0 0 0
78700 -267.177 0 0 0 0.413208 100 29 -1.17863 100 26 0 0 0 -2.05561 100 16 0 0 0 0 0 0 0 0 0 0 0
78800 -268.243 0 0 0 1.02328 100 29 4.41807 100 27 0 0 0 -2.798 100 29 0 0 0 0 0 0 0 0 0 0 0
78900 -269.234 0 0 0 0.733928 100 20 -0.616039 100 25 0 0 0 -2.67004 100 18 0 0 0 0 0 0 0 0 0 0 0
79000 -267.478 0 0 0 1.10683 100 23 1.25529 100 32 0 0 0 -2.7987 100 23 0 0 0 0 0 0 0 0 0 0 0
79100 -266.321 0 0 0 0.732892 100 22 0.697303 100 30 0 0 0 -2.43 100 19 0 0 0 0 0 0 0 0 0 0 0
79200 -267.256 0 0 0 1.33846 100 31 1.20737 100 23 0 0 0 -2.75367 100 20 0 0 0 0 0 0 0 0 0 0 0
79300 -269.442 0 0 0 0.806026 100 26 -1.86206 100 30 0 0 0 -2.62436 100 15 0 0 0 0 0 0 0 0 0 0 0
79400 -266.685 0 0 0 1.21656 100 25 1.8889 100 34 0 0 0 -2.65826 100 20 0 0 0 0 0 0 0 0 0 0 0
79500 -272.005 0 0 0 0.925136 100 27 4.29269 100 32 0 0 0 -2.31841 100 28 0 0 0 0 0 0 0 0 0 0 0
79600 -267.259 0 0 0 0.666072 100 21 2.45727 100 31 0 0 0 -2.36509 100 17 0 0 0 0 0 0 0 0 0 0 0
79700 -268.592 0 0 0 0.551689 100 34 -2.27159 100 30 0 0 0 -2.41438 100 31 0 0 0 0 0 0 0 0 0 0 0
79800 -267.904 0 0 0 0.399461 100 30 1.8803 100 30 0 0 0 -2.20839 100 18 0 0 0 0 0 0 0 0 0 0 0
79900 -266.877 0 0 0 0.659567 100 26 -0.401032 100 28 0 0 0 -2.43683 100 28 0 0 0 0 0 0 0 0 0 0 0
80000 -266.917 0 0 0 0.889356 100 29 0.637517 100 25 0 0 0 -2.61851 100 12 0 0 0 0 0 0 0 0 0 0 0
80100 -269.221 0 0 0 0.550765 100 24 -1.02796 100 40 0 0 0 -2.55347 100 24 0 0 0 0 0 0 0 0 0 0 0
80200 -268.402 0 0 0 0.0410418 100 23 -1.96028 100 30 0 0 0 -1.85969 100 22 0 0 0 0 0 0 0 0 0 0 0
80300 -269.319 0 0 0 0.455141 100 30 0.986479 100 26 0 0 0 -2.58357 100 20 0 0 0 0 0 0 0 0 0 0 0
80400 -266.8 0 0 0 1.0108 100 14 2.74481 100 31 0 0 0 -2.70011 100 17 0 0 0 0 0 0 0 0 0 0 0
80500 -269.204 0 0 0 0.811212 100 23 1.45647 100 29 0 0 0 -2.80299 100 28 0 0 0 0 0 0 0 0 0 0 0
80600 -267.141 0 0 0 0.603746 100 22 -1.79887 100 20 0 0 0 -2.27894 100 20 0 0 0 0 0 0 0 0 0 0 0
80700 -267.697 0 0 0 1.12127 100 27 0.170791 100 26 0 0 0 -2.42179 100 15 0 0 0 0 0 0 0 0 0 0 0
80800 -266.881 0 0 0 0.367469 100 25 -0.759273 100 32 0 0 0 -2.12666 100 12 0 0 0 0 0 0 0 0 0 0 0
80900 -266.452 0 0 0 0.631287 100 27 0.972034 100 29 0 0 0 -2.3166 100 25 0 0 0 0 0 0 0 0 0 0 0
81000 -267.232 0 0 0 0.579742 100 33 1.89962 100 29 0 0 0 -2.47186 100 23 0 0 0 0 0 0 0 0 0 0 0
81100 -268.072 0 0 0 0.975585 100 20 0.923173 100 23 0 0 0 -2.78333 100 25 0 0 0 0 0 0 0 0 0 0 0
81200 -267.28 0 0 0 0.898707 100 25 -0.649802 100 35 0 0 0 -2.30478 100 24 0 0 0 0 0 0 0 0 0 0 0
81300 -270.314 0 0 0 2.15032 100 19 4.4783 100 24 0 0 0 -3.28797 100 19 0 0 0 0 0 0 0 0 0 0 0
81400 -268.899 0 0 0 1.80279 100 22 3.86596 100 31 0 0 0 -3.22719 100 12 0 0 0 0 0 0 0 0 0 0 0
81500 -269.257 0 0 0 1.06545 100 35 2.53834 100 28 0 0 0 -2.96929 100 24 0 0 0 0 0 0 0 0 0 0 0
81600 -266.968 0 0 0 0.377212 100 23 -1.26952 100 36 0 0 0 -2.1122 100 24 0 0 0 0 0 0 0 0 0 0 0
81700 -267.618 0 0 0 0.893088 100 28 0.77645 100 34 0 0 0 -2.70151 100 19 0 0 0 0 0 0 0 0 0 0 0
81800 -266.727 0 0 0 1.23354 100 19 1.82746 100 29 0 0 0 -2.72483 100 23 0 0 0 0 0 0 0 0 0 0 0
81900 -268.62 0 0 0 0.287142 100 20 -2.74012 100 31 0 0 0 -2.23154 100 18 0 0 0 0 0 0 0 0 0 0 0
82000 -270.191 0 0 0 0.887379 100 20 -3.28295 100 24 0 0 0 -2.55835 100 21 0 0 0 0 0 0 0 0 0 0 0
82100 -268.027 0 0 0 0.93925 100 21 -1.79688 100 36 0 0 0 -2.50887 100 28 0 0 0 0 0 0 0 0 0 0 0
82200 -269.569 0 0 0 1.07798 100 21 3.40662 100 30 0 0 0 -2.39398 100 24 0 0 0 0 0 0 0 0 0 0 0
82300 -268.046 0 0 0 1.28927 100 27 4.45932 100 37 0 0 0 -2.73306 100 19 0 0 0 0 0 0 0 0 0 0 0
82400 -267.07 0 0 0 1.36197 100 25 2.46143 100 28 0 0 0 -2.7342 100 26 0 0 0 0 0 0 0 0 0 0 0
82500 -266.724 0 0 0 1.07903 100 20 2.15421 100 31 0 0 0 -2.72893 100 23 0 0 0 0 0 0 0 0 0 0 0
82600 -267.731 0 0 0 0.758751 100 34 3.37245 100 34 0 0 0 -2.49033 100 23 0 0 0 0 0 0 0 0 0 0 0
82700 -267.734 0 0 0 0.501203 100 30 -0.577845 100 31 0 0 0 -2.02823 100 27 0 0 0 0 0 0 0 0 0 0 0
82800 -266.588 0 0 0 0.752405 100 26 -0.443984 100 35 0 0 0 -2.30343 100 21 0 0 0 0 0 0 0 0 0 0 0
82900 -267.286 0 0 0 1.03654 100 16 1.87316 100 21 0 0 0 -2.77994 100 18 0 0 0 0 0 0 0 0 0 0 0
83000 -267.84 0 0 0 0.646898 100 25 1.57439 100 23 0 0 0 -2.18024 100 25 0 0 0 0 0 0 0 0 0 0 0
83100 -267.581 0 0 0 0.183099 100 23 -0.0375913 100 29 0 0 0 -2.09034 100 16 0 0 0 0 0 0 0 0 0 0 0
83200 -268.927 0 0 0 0.350326 100 23 -1.2425 100 30 0 0 0 -2.40626 100 24 0 0 0 0 0 0 0 0 0 0 0
83300 -266.865 0 0 0 0.459655 100 31 0.832186 100 19 0 0 0 -2.2151 100 10 0 0 0 0 0 0 0 0 0 0 0
83400 -266.432 0 0 0 0.738724 100 29 1.04206 100 39 0 0 0 -2.33565 100 15 0 0 0 0 0 0 0 0 0 0 0
83500 -267.146 0 0 0 0.950028 100 20 -0.856134 100 33 0 0 0 -2.41195 100 30 0 0 0 0 0 0 0 0 0 0 0
83600 -266.411 0 0 0 1.00674 100 21 1.32249 100 35 0 0 0 -2.60332 100 14 0 0 0 0 0 0 0 0 0 0 0
83700 -268.707 0 0 0 0.867697 100 25 0.89725 100 31 0 0 0 -2.77879 100 21 0 0 0 0 0 0 0 0 0 0 0
83800 -266.385 0 0 0 0.84968 100 17 1.75731 100 25 0 0 0 -2.52809 100 17 0 0 0 0 0 0 0 0 0 0 0
83900 -269.658 0 0 0 1.73489 100 34 6.36527 100 36 0 0 0 -3.14274 100 20 0 0 0 0 0 0 0 0 0 0 0
84000 -268.369 0 0 0 1.38477 100 26 3.51734 100 35 0 0 0 -3.06904 100 21 0 0 0 0 0 0 0 0 0 0 0
84100 -267.864 0 0 0 0.345941 100 28 -0.75383 100 25 0 0 0 -1.96391 100 19 0 0 0 0 0 0 0 0 0 0 0
84200 -266.623 0 0 0 0.792673 100 15 0.432022 100 30 0 0 0 -2.30039 100 17 0 0 0 0 0 0 0 0 0 0 0
84300 -267.67 0 0 0 0.362644 100 21 -2.64152 100 36 0 0 0 -2.05088 100 21 0 0 0 0 0 0 0 0 0 0 0
84400 -272.516 0 0 0 0.321105 100 30 -0.770788 100 28 0 0 0 -1.71472 100 22 0 0 0 0 0 0 0 0 0 0 0
84500 -267.223 0 0 0 1.17895 100 24 3.54464 100 23 0 0 0 -2.6567 100 17 0 0 0 0 0 0 0 0 0 0 0
84600 -267.001 0 0 0 1.36402 100 23 2.42806 100 19 0 0 0 -2.81964 100 18 0 0 0 0 0 0 0 0 0 0 0
84700 -266.767 0 0 0 0.516796 100 22 0.731644 100 23 0 0 0 -2.36407 100 25 0 0 0 0 0 0 0 0 0 0 0
84800 -267.689 0 0 0 0.590778 100 29 -2.32253 100 28 0 0 0 -2.31057 100 16 0 0 0 0 0 0 0 0 0 0 0
84900 -268.279 0 0 0 0.691626 100 21 0.542203 100 32 0 0 0 -2.10507 100 19 0 0 0 0 0 0 0 0 0 0 0
85000 -267.861 0 0 0 0.354975 100 28 -0.701585 100 30 0 0 0 -1.9679 100 19 0 0 0 0 0 0 0 0 0 0 0
85100 -266.866 0 0 0 1.15895 100 24 3.13298 100 27 0 0 0 -2.65937 100 28 0 0 0 0 0 0 0 0 0 0 0
85200 -266.459 0 0 0 0.999917 100 22 1.55771 100 31 0 0 0 -2.49343 100 15 0 0 0 0 0 0 0 0 0 0 0
85300 -266.808 0 0 0 0.533608 100 17 0.105316 100 22 0 0 0 -2.16075 100 19 0 0 0 0 0 0 0 0 0 0 0
85400 -269.321 0 0 0 0.83934 100 32 2.20644 100 23 0 0 0 -2.84489 100 24 0 0 0 0 0 0 0 0 0 0 0
85500 -266.99 0 0 0 1.3615 100 31 2.88307 100 39 0 0 0 -2.83526 100 21 0 0 0 0 0 0 0 0 0 0 0
85600 -267.506 0 0 0 0.814163 100 33 2.99049 100 32 0 0 0 -2.66042 100 20 0 0 0 0 0 0 0 0 0 0 0
85700 -268.232 0 0 0 1.5142 100 27 5.02218 100 27 0 0 0 -3.05139 100 24 0 0 0 0 0 0 0 0 0 0 0
85800 -267.816 0 0 0 0.966662 100 33 2.50224 100 33 0 0 0 -2.80901 100 17 0 0 0 0 0 0 0 0 0 0 0
85900 -269.838 0 0 0 0.397091 100 22 -4.95649 100 26 0 0 0 -2.09457 100 25 0 0 0 0 0 0 0 0 0 0 0
86000 -266.983 0 0 0 0.409679 100 26 0.871228 100 27 0 0 0 -2.24362 100 19 0 0 0 0 0 0 0 0 0 0 0
86100 -267.055 0 0 0 1.29638 100 24 3.56485 100 26 0 0 0 -2.80662 100 14 0 0 0 0 0 0 0 0 0 0 0
86200 -266.602 0 0 0 1.15177 100 18 2.40097 100 37 0 0 0 -2.63537 100 16 0 0 0 0 0 0 0 0 0 0 0
86300 -268.033 0 0 0 1.62143 100 27 4.64203 100 29 0 0 0 -3.03068 100 21 0 0 0 0 0 0 0 0 0 0 0
86400 -266.735 0 0 0 0.67131 100 22 1.81481 100 21 0 0 0 -2.35437 100 22 0 0 0 0 0 0 0 0 0 0 0
86500 -267.9 0 0 0 1.05935 100 30 2.40965 100 37 0 0 0 -2.86322 100 27 0 0 0 0 0 0 0 0 0 0 0
86600 -267.236 0 0 0 0.366149 100 25 -1.52841 100 27 0 0 0 -2.04468 100 18 0 0 0 0 0 0 0 0 0 0 0
86700 -267.467 0 0 0 0.177763 100 29 -0.734402 100 26 0 0 0 -2.08688 100 14 0 0 0 0 0 0 0 0 0 0 0
86800 -266.799 0 0 0 0.808364 100 18 2.34973 100 25 0 0 0 -2.42951 100 27 0 0 0 0 0 0 0 0 0 0 0
86900 -267.082 0 0 0 0.522554 100 26 0.486387 100 33 0 0 0 -2.14041 100 21 0 0 0 0 0 0 0 0 0 0 0
87000 -267.842 0 0 0 1.03137 100 27 3.30376 100 29 0 0 0 -2.84444 100 22 0 0 0 0 0 0 0 0 0 0 0
87100 -268.149 0 0 0 1.48856 100 23 3.04383 100 31 0 0 0 -2.71871 100 18 0 0 0 0 0 0 0 0 0 0 0
87200 -270.404 0 0 0 0.115735 100 21 2.47757 100 22 0 0 0 -2.26339 100 15 0 0 0 0 0 0 0 0 0 0 0
87300 -267.296 0 0 0 0.851803 100 37 3.2789 100 29 0 0 0 -2.60069 100 18 0 0 0 0 0 0 0 0 0 0 0
87400 -266.536 0 0 0 0.989186 100 29 0.426949 100 26 0 0 0 -2.48673 100 19 0 0 0 0 0 0 0 0 0 0 0
87500 -267.786 0 0 0 0.382347 100 20 1.72798 100 33 0 0 0 -2.20842 100 23 0 0 0 0 0 0 0 0 0 0 0
87600 -266.486 0 0 0 0.851313 100 29 1.95581 100 31 0 0 0 -2.5548 100 23 0 0 0 0 0 0 0 0 0 0 0
87700 -268.136 0 0 0 0.732652 100 29 0.10077 100 26 0 0 0 -2.63287 100 27 0 0 0 0 0 0 0 0 0 0 0
87800 -268.553 0 0 0 1.44611 100 21 4.98598 100 27 0 0 0 -2.83233 100 24 0 0 0 0 0 0 0 0 0 0 0
87900 -267.928 0 0 0 0.82375 100 36 1.15032 100 28 0 0 0 -2.7099 100 26 0 0 0 0 0 0 0 0 0 0 0
88000 -267.736 0 0 0 0.92853 100 24 3.88549 100 24 0 0 0 -2.67975 100 21 0 0 0 0 0 0 0 0 0 0 0
88100 -266.881 0 0 0 0.696738 100 20 -1.19176 100 34 0 0 0 -2.35378 100 16 0 0 0 0 0 0 0 0 0 0 0
88200 -267.261 0 0 0 0.768071 100 19 0.91034 100 35 0 0 0 -2.23039 100 18 0 0 0 0 0 0 0 0 0 0 0
88300 -267.039 0 0 0 0.384123 100 28 -1.41342 100 31 0 0 0 -2.09299 100 20 0 0 0 0 0 0 0 0 0 0 0
88400 -266.965 0 0 0 0.76916 100 24 -0.867644 100 30 0 0 0 -2.44711 100 17 0 0 0 0 0 0 0 0 0 0 0
88500 -266.626 0 0 0 0.639511 100 19 0.312483 100 27 0 0 0 -2.42934 100 13 0 0 0 0 0 0 0 0 0 0 0
88600 -266.576 0 0 0 0.501065 100 22 0.419933 100 26 0 0 0 -2.26027 100 17 0 0 0 0 0 0 0 0 0 0 0
88700 -266.419 0 0 0 0.982315 100 28 1.40595 100 32 0 0 0 -2.60639 100 19 0 0 0 0 0 0 0 0 0 0 0
88800 -267.177 0 0 0 0.451534 100 24 0.762181 100 26 0 0 0 -2.37731 100 15 0 0 0 0 0 0 0 0 0 0 0
88900 -268.866 0 0 0 -0.0665939 100 22 -2.6924 100 33 0 0 0 -1.83166 100 18 0 0 0 0 0 0 0 0 0 0 0
89000 -268.497 0 0 0 0.602123 100 21 2.76256 100 30 0 0 0 -2.61309 100 14 0 0 0 0 0 0 0 0 0 0 0
89100 -271.679 0 0 0 1.10699 100 27 2.10884 100 22 0 0 0 -3.10902 100 20 0 0 0 0 0 0 0 0 0 0 0
89200 -267.124 0 0 0 0.792605 100 15 2.92419 100 32 0 0 0 -2.54641 100 24 0 0 0 0 0 0 0 0 0 0 0
89300 -268.256 0 0 0 1.14166 100 26 4.36692 100 27 0 0 0 -2.91185 100 25 0 0 0 0 0 0 0 0 0 0 0
89400 -267.747 0 0 0 1.4126 100 19 3.89203 100 34 0 0 0 -3.00887 100 21 0 0 0 0 0 0 0 0 0 0 0
89500 -268.943 0 0 0 1.3702 100 24 3.96907 100 30 0 0 0 -2.63096 100 20 0 0 0 0 0 0 0 0 0 0 0
89600 -266.459 0 0 0 0.618193 100 15 0.302762 100 36 0 0 0 -2.37398 100 16 0 0 0 0 0 0 0 0 0 0 0
89700 -266.314 0 0 0 0.818884 100 24 1.50236 100 31 0 0 0 -2.454 100 23 0 0 0 0 0 0 0 0 0 0 0
89800 -266.442 0 0 0 0.588912 100 30 0.687902 100 30 0 0 0 -2.32667 100 21 0 0 0 0 0 0 0 0 0 0 0
89900 -266.747 0 0 0 1.0359 100 28 2.23366 100 32 0 0 0 -2.71598 100 17 0 0 0 0 0 0 0 0 0 0 0
90000 -267.292 0 0 0 0.608946 100 18 -1.58654 100 29 0 0 0 -2.13889 100 34 0 0 0 0 0 0 0 0 0 0 0
90100 -266.912 0 0 0 0.877835 100 16 0.389956 100 27 0 0 0 -2.597 100 15 0 0 0 0 0 0 0 0 0 0 0
90200 -268.488 0 0 0 0.126491 100 29 -2.81199 100 31 0 0 0 -1.8588 100 17 0 0 0 0 0 0 0 0 0 0 0
90300 -267.032 0 0 0 0.314947 100 28 -0.131319 100 29 0 0 0 -2.17861 100 29 0 0 0 0 0 0 0 0 0 0 0
90400 -267.422 0 0 0 0.707193 100 26 2.96338 100 28 0 0 0 -2.48469 100 20 0 0 0 0 0 0 0 0 0 0 0
90500 -267.296 0 0 0 1.44905 100 31 2.67836 100 27 0 0 0 -2.79731 100 18 0 0 0 0 0 0 0 0 0 0 0
90600 -267.194 0 0 0 1.08237 100 17 2.26987 100 22 0 0 0 -2.80047 100 18 0 0 0 0 0 0 0 0 0 0 0
90700 -268.363 0 0 0 0.0756203 100 23 -0.539219 100 31 0 0 0 -2.15753 100 19 0 0 0 0 0 0 0 0 0 0 0
90800 -268.31 0 0 0 0.699824 100 34 1.59023 100 33 0 0 0 -2.1649 100 22 0 0 0 0 0 0 0 0 0 0 0
90900 -268.016 0 0 0 1.33221 100 28 0.0404243 100 27 0 0 0 -2.65429 100 18 0 0 0 0 0 0 0 0 0 0 0
91000 -266.428 0 0 0 0.68109 100 21 0.262868 100 32 0 0 0 -2.40881 100 24 0 0 0 0 0 0 0 0 0 0 0
91100 -268.511 0 0 0 0.454195 100 27 -2.91223 100 34 0 0 0 -1.97338 100 21 0 0 0 0 0 0 0 0 0 0 0
91200 -266.89 0 0 0 0.916934 100 25 2.70754 100 34 0 0 0 -2.65671 100 17 0 0 0 0 0 0 0 0 0 0 0
91300 -266.306 0 0 0 0.781497 100 26 0.467696 100 33 0 0 0 -2.37459 100 13 0 0 0 0 0 0 0 0 0 0 0
91400 -267.224 0 0 0 1.40335 100 28 3.43374 100 31 0 0 0 -2.90776 100 16 0 0 0 0 0 0 0 0 0 0 0
91500 -273.167 0 0 0 0.789467 100 27 6.19035 100 26 0 0 0 -2.84497 100 29 0 0 0 0 0 0 0 0 0 0 0
91600 -272.846 0 0 0 -0.281674 100 20 -5.98643 100 27 0 0 0 -1.89098 100 18 0 0 0 0 0 0 0 0 0 0 0
91700 -266.499 0 0 0 1.03355 100 30 1.27574 100 34 0 0 0 -2.50403 100 16 0 0 0 0 0 0 0 0 0 0 0
91800 -266.952 0 0 0 0.971939 100 21 2.62188 100 24 0 0 0 -2.71078 100 18 0 0 0 0 0 0 0 0 0 0 0
91900 -267.065 0 0 0 1.30901 100 27 3.56068 100 34 0 0 0 -2.81761 100 20 0 0 0 0 0 0 0 0 0 0 0
92000 -268.161 0 0 0 0.501926 100 29 -0.0480878 100 34 0 0 0 -2.49879 100 19 0 0 0 0 0 0 0 0 0 0 0
92100 -266.769 0 0 0 0.564694 100 21 -0.171435 100 28 0 0 0 -2.16685 100 22 0 0 0 0 0 0 0 0 0 0 0
92200 -268.003 0 0 0 1.51894 100 25 4.82238 100 24 0 0 0 -3.00514 100 24 0 0 0 0 0 0 0 0 0 0 0
92300 -268.809 0 0 0 1.67021 100 20 4.26153 100 32 0 0 0 -3.21658 100 20 0 0 0 0 0 0 0 0 0 0 0
92400 -267.439 0 0 0 0.648859 100 23 2.76333 100 33 0 0 0 -2.44592 100 17 0 0 0 0 0 0 0 0 0 0 0
92500 -267.518 0 0 0 1.54084 100 27 2.90527 100 22 0 0 0 -2.89358 100 20 0 0 0 0 0 0 0 0 0 0 0
92600 -268.978 0 0 0 0.628439 100 25 3.86611 100 27 0 0 0 -2.5268 100 24 0 0 0 0 0 0 0 0 0 0 0
92700 -267.804 0 0 0 0.373782 100 28 1.76642 100 22 0 0 0 -2.22419 100 13 0 0 0 0 0 0 0 0 0 0 0
92800 -267.074 0 0 0 1.20143 100 29 1.71937 100 28 0 0 0 -2.55292 100 23 0 0 0 0 0 0 0 0 0 0 0
92900 -266.291 0 0 0 0.894422 100 22 1.12588 100 30 0 0 0 -2.45771 100 21 0 0 0 0 0 0 0 0 0 0 0
93000 -266.381 0 0 0 0.794316 100 28 0.0424048 100 25 0 0 0 -2.38185 100 23 0 0 0 0 0 0 0 0 0 0 0
93100 -267.895 0 0 0 0.288091 100 13 -1.04969 100 34 0 0 0 -2.28193 100 15 0 0 0 0 0 0 0 0 0 0 0
93200 -267.484 0 0 0 0.507801 100 25 -1.00152 100 25 0 0 0 -2.04896 100 20 0 0 0 0 0 0 0 0 0 0 0
93300 -267.467 0 0 0 0.889223 100 34 3.56493 100 35 0 0 0 -2.58666 100 14 0 0 0 0 0 0 0 0 0 0 0
93400 -269.363 0 0 0 0.532916 100 28 2.81707 100 24 0 0 0 -2.63399 100 25 0 0 0 0 0 0 0 0 0 0 0
93500 -271.768 0 0 0 2.37057 100 25 4.91625 100 32 0 0 0 -3.41018 100 21 0 0 0 0 0 0 0 0 0 0 0
93600 -271.387 0 0 0 0.00160451 100 28 -4.52079 100 29 0 0 0 -2.13027 100 17 0 0 0 0 0 0 0 0 0 0 0
93700 -268.949 0 0 0 1.36964 100 25 4.79478 100 28 0 0 0 -3.10722 100 19 0 0 0 0 0 0 0 0 0 0 0
93800 -267.418 0 0 0 1.04237 100 22 2.13366 100 29 0 0 0 -2.42223 100 24 0 0 0 0 0 0 0 0 0 0 0
93900 -266.552 0 0 0 0.726835 100 17 -0.472146 100 35 0 0 0 -2.29913 100 21 0 0 0 0 0 0 0 0 0 0 0
94000 -267.963 0 0 0 0.593826 100 20 -2.9186 100 30 0 0 0 -2.1793 100 13 0 0 0 0 0 0 0 0 0 0 0
94100 -267.048 0 0 0 1.37938 100 34 2.571 100 28 0 0 0 -2.77217 100 24 0 0 0 0 0 0 0 0 0 0 0
94200 -267.741 0 0 0 0.58258 100 23 1.76879 100 27 0 0 0 -2.19351 100 20 0 0 0 0 0 0 0 0 0 0 0
94300 -272.559 0 0 0 0.102135 100 30 -0.891718 100 28 0 0 0 -1.64037 100 30 0 0 0 0 0 0 0 0 0 0 0
94400 -266.763 0 0 0 0.535849 100 27 0.725285 100 35 0 0 0 -2.3826 100 28 0 0 0 0 0 0 0 0 0 0 0
94500 -267.805 0 0 0 1.11209 100 27 -0.700033 100 29 0 0 0 -2.45295 100 24 0 0 0 0 0 0 0 0 0 0 0
94600 -267.559 0 0 0 1.40278 100 29 3.20429 100 34 0 0 0 -2.72042 100 14 0 0 0 0 0 0 0 0 0 0 0
94700 -270.284 0 0 0 -0.0473275 100 24 -1.05607 100 31 0 0 0 -2.2251 100 24 0 0 0 0 0 0 0 0 0 0 0
94800 -266.99 0 0 0 0.651108 100 21 0.295194 100 22 0 0 0 -2.49001 100 23 0 0 0 0 0 0 0 0 0 0 0
94900 -269.433 0 0 0 1.92333 100 25 3.24758 100 30 0 0 0 -3.22373 100 17 0 0 0 0 0 0 0 0 0 0 0
95000 -267.594 0 0 0 1.36116 100 34 0.782686 100 33 0 0 0 -2.76043 100 26 0 0 0 0 0 0 0 0 0 0 0
95100 -270.993 0 0 0 2.29174 100 18 6.21226 100 27 0 0 0 -3.51753 100 17 0 0 0 0 0 0 0 0 0 0 0
95200 -266.377 0 0 0 0.95945 100 27 1.38507 100 34 0 0 0 -2.5857 100 26 0 0 0 0 0 0 0 0 0 0 0
95300 -267.654 0 0 0 0.872465 100 23 3.68688 100 33 0 0 0 -2.62622 100 13 0 0 0 0 0 0 0 0 0 0 0
95400 -267.609 0 0 0 0.452173 100 28 2.014 100 33 0 0 0 -2.36106 100 15 0 0 0 0 0 0 0 0 0 0 0
95500 -268.144 0 0 0 0.585642 100 27 -2.6492 100 30 0 0 0 -2.33381 100 21 0 0 0 0 0 0 0 0 0 0 0
95600 -268.647 0 0 0 0.883713 100 26 4.01515 100 37 0 0 0 -2.48207 100 20 0 0 0 0 0 0 0 0 0 0 0
95700 -268.464 0 0 0 0.504737 100 24 -3.59763 100 26 0 0 0 -2.12904 100 18 0 0 0 0 0 0 0 0 0 0 0
95800 -267.225 0 0 0 0.56883 100 25 2.17517 100 21 0 0 0 -2.40376 100 20 0 0 0 0 0 0 0 0 0 0 0
95900 -266.467 0 0 0 0.794694 100 22 0.938869 100 30 0 0 0 -2.34315 100 25 0 0 0 0 0 0 0 0 0 0 0
96000 -269.502 0 0 0 1.55343 100 23 3.39913 100 25 0 0 0 -2.68229 100 16 0 0 0 0 0 0 0 0 0 0 0
96100 -272.236 0 0 0 0.821989 100 27 -5.41159 100 26 0 0 0 -2.14593 100 18 0 0 0 0 0 0 0 0 0 0 0
96200 -267.862 0 0 0 1.14687 100 26 1.53943 100 23 0 0 0 -2.42789 100 22 0 0 0 0 0 0 0 0 0 0 0
96300 -267.396 0 0 0 0.342611 100 24 0.207964 100 30 0 0 0 -2.06429 100 17 0 0 0 0 0 0 0 0 0 0 0
96400 -268.135 0 0 0 1.57382 100 18 2.3734 100 22 0 0 0 -2.79962 100 18 0 0 0 0 0 0 0 0 0 0 0
96500 -268.372 0 0 0 1.47704 100 31 2.83275 100 31 0 0 0 -2.68078 100 17 0 0 0 0 0 0 0 0 0 0 0
96600 -268.059 0 0 0 1.18446 100 27 4.49938 100 21 0 0 0 -2.70712 100 17 0 0 0 0 0 0 0 0 0 0 0
96700 -267.193 0 0 0 0.553491 100 18 -0.378033 100 21 0 0 0 -2.42088 100 27 0 0 0 0 0 0 0 0 0 0 0
96800 -268.345 0 0 0 1.33769 100 20 4.78508 100 32 0 0 0 -2.77322 100 20 0 0 0 0 0 0 0 0 0 0 0
96900 -268.072 0 0 0 0.972864 100 25 4.28776 100 32 0 0 0 -2.66848 100 17 0 0 0 0 0 0 0 0 0 0 0
97000 -268.434 0 0 0 0.0955564 100 17 -0.114378 100 33 0 0 0 -1.93882 100 16 0 0 0 0 0 0 0 0 0 0 0
97100 -267.061 0 0 0 0.890956 100 35 0.777228 100 33 0 0 0 -2.64468 100 24 0 0 0 0 0 0 0 0 0 0 0
97200 -268.38 0 0 0 1.324 100 20 2.44868 100 25 0 0 0 -3.01495 100 26 0 0 0 0 0 0 0 0 0 0 0
97300 -266.588 0 0 0 1.10428 100 31 2.23366 100 20 0 0 0 -2.70644 100 19 0 0 0 0 0 0 0 0 0 0 0
97400 -267.773 0 0 0 1.33572 100 31 3.54682 100 31 0 0 0 -2.9878 100 25 0 0 0 0 0 0 0 0 0 0 0
97500 -267.2 0 0 0 1.1965 100 16 1.01105 100 29 0 0 0 -2.76634 100 27 0 0 0 0 0 0 0 0 0 0 0
97600 -267.567 0 0 0 1.14283 100 23 0.0926487 100 29 0 0 0 -2.72024 100 24 0 0 0 0 0 0 0 0 0 0 0
97700 -268.18 0 0 0 0.625017 100 20 -2.61297 100 32 0 0 0 -2.35723 100 22 0 0 0 0 0 0 0 0 0 0 0
97800 -269.541 0 0 0 0.191745 100 25 1.92658 100 34 0 0 0 -2.35596 100 25 0 0 0 0 0 0 0 0 0 0 0
97900 -266.471 0 0 0 1.06151 100 22 1.29336 100 25 0 0 0 -2.62293 100 23 0 0 0 0 0 0 0 0 0 0 0
98000 -267.011 0 0 0 1.31135 100 32 3.39502 100 24 0 0 0 -2.78532 100 25 0 0 0 0 0 0 0 0 0 0 0
98100 -269.821 0 0 0 1.82066 100 31 2.62769 100 34 0 0 0 -3.2502 100 15 0 0 0 0 0 0 0 0 0 0 0
98200 -269.016 0 0 0 1.16187 100 22 2.84789 100 32 0 0 0 -3.00807 100 20 0 0 0 0 0 0 0 0 0 0 0
98300 -267.716 0 0 0 0.136865 100 25 -1.66872 100 32 0 0 0 -1.97617 100 16 0 0 0 0 0 0 0 0 0 0 0
98400 -267.087 0 0 0 0.482578 100 23 -1.58046 100 21 0 0 0 -2.2524 100 29 0 0 0 0 0 0 0 0 0 0 0
98500 -269.756 0 0 0 0.591587 100 26 -3.53428 100 32 0 0 0 -2.40503 100 25 0 0 0 0 0 0 0 0 0 0 0
98600 -267.331 0 0 0 0.773291 100 26 3.09646 100 29 0 0 0 -2.53542 100 23 0 0 0 0 0 0 0 0 0 0 0
98700 -267.208 0 0 0 0.444624 100 19 -1.94499 100 27 0 0 0 -2.1088 100 20 0 0 0 0 0 0 0 0 0 0 0
98800 -267.428 0 0 0 1.48215 100 18 3.58439 100 29 0 0 0 -2.95774 100 21 0 0 0 0 0 0 0 0 0 0 0
98900 -267.029 0 0 0 0.370903 100 25 -0.678381 100 28 0 0 0 -2.24251 100 24 0 0 0 0 0 0 0 0 0 0 0
99000 -270.126 0 0 0 0.25418 100 19 1.66122 100 25 0 0 0 -2.48984 100 19 0 0 0 0 0 0 0 0 0 0 0
99100 -268.265 0 0 0 0.354936 100 24 -1.14954 100 27 0 0 0 -1.92339 100 13 0 0 0 0 0 0 0 0 0 0 0
99200 -268.422 0 0 0 0.732353 100 19 2.43133 100 27 0 0 0 -2.71593 100 20 0 0 0 0 0 0 0 0 0 0 0
99300 -267.221 0 0 0 1.10014 100 24 0.0969754 100 35 0 0 0 -2.66279 100 11 0 0 0 0 0 0 0 0 0 0 0
99400 -269.976 0 0 0 0.867353 100 33 -3.64807 100 27 0 0 0 -2.21454 100 26 0 0 0 0 0 0 0 0 0 0 0
99500 -266.886 0 0 0 0.918318 100 26 -0.526776 100 32 0 0 0 -2.49591 100 28 0 0 0 0 0 0 0 0 0 0 0
99600 -269.171 0 0 0 0.71485 100 26 -2.90966 100 26 0 0 0 -2.46385 100 27 0 0 0 0 0 0 0 0 0 0 0
99700 -267.865 0 0 0 0.703589 100 21 2.97274 100 31 0 0 0 -2.61325 100 21 0 0 0 0 0 0 0 0 0 0 0
99800 -266.745 0 0 0 0.408391 100 23 -0.503217 100 25 0 0 0 -2.18857 100 17 0 0 0 0 0 0 0 0 0 0 0
99900 -268.271 0 0 0 1.17578 100 33 2.4228 100 26 0 0 0 -2.9476 100 18 0 0 0 0 0 0 0 0 0 0 0
100000 -267.187 0 0 0 0.296583 100 25 -1.12924 100 25 0 0 0 -2.16883 100 18 0 0 0 0 0 0 0 0 0 0 0
