iteration logLik intercept1 intercept1_p intercept1_a pcov2 pcov2_p pcov2_a pcov3 pcov3_p pcov3_a pcov4 pcov4_p pcov4_a intercept2 intercept2_p intercept2_a intercept3 intercept3_p intercept3_a intercept4 intercept4_p intercept4_a pcov pcov_p pcov_a data_p data_a
0 -884.182 0 0 0 -7.06372 0 0 3.40606 0 0 0 0 0 0.757872 0 0 0 0 0 0 0 0 0 0 0 0 0
100 -163.908 0 0 0 1.22278 100 46 -0.372701 100 26 0 0 0 -2.4416 100 20 0 0 0 0 0 0 0 0 0 0 0
200 -163.034 0 0 0 2.33033 100 39 6.43677 100 20 0 0 0 -3.30805 100 26 0 0 0 0 0 0 0 0 0 0 0
300 -162.526 0 0 0 1.83024 100 39 5.02376 100 27 0 0 0 -3.26067 100 22 0 0 0 0 0 0 0 0 0 0 0
400 -162.944 0 0 0 0.627445 100 41 1.94085 100 25 0 0 0 -2.35375 100 21 0 0 0 0 0 0 0 0 0 0 0
500 -161.873 0 0 0 1.40004 100 42 2.76341 100 23 0 0 0 -2.79462 100 35 0 0 0 0 0 0 0 0 0 0 0
600 -162.288 0 0 0 1.85463 100 41 4.47138 100 15 0 0 0 -2.88225 100 17 0 0 0 0 0 0 0 0 0 0 0
700 -163.747 0 0 0 1.72756 100 46 7.147 100 27 0 0 0 -3.25861 100 25 0 0 0 0 0 0 0 0 0 0 0
800 -161.927 0 0 0 1.56136 100 49 2.96829 100 24 0 0 0 -2.73065 100 17 0 0 0 0 0 0 0 0 0 0 0
900 -163.267 0 0 0 0.41071 100 47 2.01062 100 23 0 0 0 -2.52893 100 20 0 0 0 0 0 0 0 0 0 0 0
1000 -163.603 0 0 0 1.94548 100 38 7.35842 100 18 0 0 0 -3.41025 100 30 0 0 0 0 0 0 0 0 0 0 0
1100 -164.68 0 0 0 2.65525 100 38 7.7778 100 20 0 0 0 -3.44676 100 24 0 0 0 0 0 0 0 0 0 0 0
1200 -162.589 0 0 0 1.49717 100 41 1.53109 100 19 0 0 0 -2.69257 100 25 0 0 0 0 0 0 0 0 0 0 0
1300 -162.763 0 0 0 2.09695 100 36 4.59527 100 30 0 0 0 -2.94869 100 29 0 0 0 0 0 0 0 0 0 0 0
1400 -162.868 0 0 0 0.981845 100 50 0.456479 100 21 0 0 0 -2.42433 100 31 0 0 0 0 0 0 0 0 0 0 0
1500 -161.856 0 0 0 1.55178 100 37 3.25571 100 26 0 0 0 -2.88413 100 29 0 0 0 0 0 0 0 0 0 0 0
1600 -163.856 0 0 0 1.22839 100 45 3.46871 100 18 0 0 0 -2.42654 100 25 0 0 0 0 0 0 0 0 0 0 0
1700 -164.187 0 0 0 1.59326 100 45 4.96668 100 29 0 0 0 -2.66563 100 23 0 0 0 0 0 0 0 0 0 0 0
1800 -163.155 0 0 0 1.85594 100 52 4.68856 100 26 0 0 0 -3.33034 100 31 0 0 0 0 0 0 0 0 0 0 0
1900 -161.926 0 0 0 1.50631 100 49 3.07514 100 20 0 0 0 -2.69724 100 30 0 0 0 0 0 0 0 0 0 0 0
2000 -162.514 0 0 0 1.88309 100 38 2.94028 100 24 0 0 0 -2.82904 100 22 0 0 0 0 0 0 0 0 0 0 0
2100 -161.825 0 0 0 1.30533 100 46 2.60911 100 20 0 0 0 -2.7063 100 32 0 0 0 0 0 0 0 0 0 0 0
2200 -163.137 0 0 0 0.650399 100 42 1.14554 100 21 0 0 0 -2.57286 100 23 0 0 0 0 0 0 0 0 0 0 0
2300 -162.5 0 0 0 1.55869 100 36 5.46365 100 27 0 0 0 -2.9582 100 29 0 0 0 0 0 0 0 0 0 0 0
2400 -162.92 0 0 0 1.28679 100 39 2.99257 100 28 0 0 0 -2.46866 100 24 0 0 0 0 0 0 0 0 0 0 0
2500 -163.59 0 0 0 1.76699 100 47 6.60037 100 22 0 0 0 -3.07394 100 18 0 0 0 0 0 0 0 0 0 0 0
2600 -162.145 0 0 0 0.942465 100 37 3.1044 100 31 0 0 0 -2.71306 100 21 0 0 0 0 0 0 0 0 0 0 0
2700 -162.818 0 0 0 0.93893 100 57 0.681623 100 19 0 0 0 -2.34856 100 23 0 0 0 0 0 0 0 0 0 0 0
2800 -162.204 0 0 0 1.97271 100 49 4.27979 100 21 0 0 0 -2.98009 100 22 0 0 0 0 0 0 0 0 0 0 0
2900 -162.875 0 0 0 1.56241 100 37 4.12346 100 21 0 0 0 -3.18665 100 18 0 0 0 0 0 0 0 0 0 0 0
3000 -163.86 0 0 0 0.550867 100 58 3.33078 100 25 0 0 0 -2.43265 100 22 0 0 0 0 0 0 0 0 0 0 0
3100 -162.58 0 0 0 1.59913 100 39 1.7967 100 20 0 0 0 -2.73721 100 38 0 0 0 0 0 0 0 0 0 0 0
3200 -163.58 0 0 0 1.57754 100 52 6.81896 100 26 0 0 0 -3.29773 100 27 0 0 0 0 0 0 0 0 0 0 0
3300 -162.409 0 0 0 1.90398 100 50 5.34835 100 23 0 0 0 -3.26268 100 26 0 0 0 0 0 0 0 0 0 0 0
3400 -162.958 0 0 0 1.62753 100 35 2.93877 100 19 0 0 0 -3.06779 100 30 0 0 0 0 0 0 0 0 0 0 0
3500 -164.158 0 0 0 0.127117 100 50 1.61536 100 29 0 0 0 -2.44892 100 28 0 0 0 0 0 0 0 0 0 0 0
3600 -162.621 0 0 0 1.12424 100 49 4.17229 100 13 0 0 0 -2.66047 100 26 0 0 0 0 0 0 0 0 0 0 0
3700 -161.982 0 0 0 1.16591 100 53 2.10228 100 25 0 0 0 -2.6411 100 23 0 0 0 0 0 0 0 0 0 0 0
3800 -162.934 0 0 0 1.04245 100 48 1.58783 100 23 0 0 0 -2.75791 100 23 0 0 0 0 0 0 0 0 0 0 0
3900 -161.856 0 0 0 1.61508 100 47 4.03679 100 22 0 0 0 -2.8394 100 28 0 0 0 0 0 0 0 0 0 0 0
4000 -164.414 0 0 0 2.19921 100 39 2.3654 100 30 0 0 0 -2.81892 100 26 0 0 0 0 0 0 0 0 0 0 0
4100 -162.559 0 0 0 1.04983 100 39 3.64807 100 20 0 0 0 -2.58094 100 31 0 0 0 0 0 0 0 0 0 0 0
4200 -164.194 0 0 0 0.781594 100 48 1.93197 100 25 0 0 0 -2.87434 100 31 0 0 0 0 0 0 0 0 0 0 0
4300 -163.646 0 0 0 1.90057 100 52 6.4555 100 27 0 0 0 -3.04201 100 26 0 0 0 0 0 0 0 0 0 0 0
4400 -165.379 0 0 0 2.15863 100 37 8.7185 100 25 0 0 0 -3.76644 100 31 0 0 0 0 0 0 0 0 0 0 0
4500 -165.457 0 0 0 3.1083 100 43 8.12111 100 28 0 0 0 -3.82251 100 29 0 0 0 0 0 0 0 0 0 0 0
4600 -164.516 0 0 0 2.0142 100 49 7.36703 100 17 0 0 0 -3.67249 100 36 0 0 0 0 0 0 0 0 0 0 0
4700 -163.753 0 0 0 0.351193 100 45 2.67115 100 19 0 0 0 -2.64731 100 36 0 0 0 0 0 0 0 0 0 0 0
4800 -161.755 0 0 0 1.49774 100 39 3.84414 100 22 0 0 0 -2.90578 100 25 0 0 0 0 0 0 0 0 0 0 0
4900 -161.88 0 0 0 1.24435 100 38 3.26369 100 23 0 0 0 -2.66508 100 23 0 0 0 0 0 0 0 0 0 0 0
5000 -162.991 0 0 0 1.98152 100 51 3.60384 100 30 0 0 0 -3.17493 100 24 0 0 0 0 0 0 0 0 0 0 0
5100 -162.917 0 0 0 1.75168 100 40 5.31766 100 24 0 0 0 -3.32639 100 23 0 0 0 0 0 0 0 0 0 0 0
5200 -164.846 0 0 0 0.470473 100 49 4.97445 100 28 0 0 0 -2.83612 100 30 0 0 0 0 0 0 0 0 0 0 0
5300 -162.233 0 0 0 1.15388 100 47 3.90761 100 17 0 0 0 -2.92305 100 26 0 0 0 0 0 0 0 0 0 0 0
5400 -167.503 0 0 0 0.570487 100 43 3.70825 100 21 0 0 0 -3.24215 100 32 0 0 0 0 0 0 0 0 0 0 0
5500 -163.53 0 0 0 2.27249 100 39 7.44043 100 25 0 0 0 -3.4738 100 38 0 0 0 0 0 0 0 0 0 0 0
5600 -162.921 0 0 0 1.65226 100 46 1.80127 100 23 0 0 0 -2.84126 100 27 0 0 0 0 0 0 0 0 0 0 0
5700 -165.92 0 0 0 1.29278 100 46 7.67556 100 28 0 0 0 -3.21699 100 25 0 0 0 0 0 0 0 0 0 0 0
5800 -163.475 0 0 0 2.27237 100 44 7.15657 100 21 0 0 0 -3.55153 100 27 0 0 0 0 0 0 0 0 0 0 0
5900 -165.875 0 0 0 2.79095 100 41 4.60776 100 22 0 0 0 -3.57419 100 25 0 0 0 0 0 0 0 0 0 0 0
6000 -162.238 0 0 0 0.908727 100 34 1.81482 100 26 0 0 0 -2.48075 100 26 0 0 0 0 0 0 0 0 0 0 0
6100 -162.244 0 0 0 1.36152 100 42 4.97152 100 26 0 0 0 -2.93199 100 31 0 0 0 0 0 0 0 0 0 0 0
6200 -162.9 0 0 0 1.22588 100 41 0.703784 100 15 0 0 0 -2.57491 100 24 0 0 0 0 0 0 0 0 0 0 0
6300 -162.24 0 0 0 0.892717 100 45 2.65421 100 25 0 0 0 -2.69025 100 34 0 0 0 0 0 0 0 0 0 0 0
6400 -162.254 0 0 0 1.30799 100 38 3.97804 100 22 0 0 0 -2.68121 100 14 0 0 0 0 0 0 0 0 0 0 0
6500 -162.259 0 0 0 1.44709 100 42 2.13721 100 27 0 0 0 -2.5823 100 19 0 0 0 0 0 0 0 0 0 0 0
6600 -163.148 0 0 0 0.499616 100 41 1.28365 100 18 0 0 0 -2.30809 100 25 0 0 0 0 0 0 0 0 0 0 0
6700 -162.592 0 0 0 0.851171 100 44 2.06743 100 29 0 0 0 -2.39356 100 22 0 0 0 0 0 0 0 0 0 0 0
6800 -162.498 0 0 0 1.36308 100 47 2.48041 100 20 0 0 0 -2.89776 100 38 0 0 0 0 0 0 0 0 0 0 0
6900 -163.138 0 0 0 2.26366 100 46 5.33115 100 31 0 0 0 -3.40845 100 25 0 0 0 0 0 0 0 0 0 0 0
7000 -164.888 0 0 0 2.01929 100 49 5.4679 100 29 0 0 0 -2.7969 100 27 0 0 0 0 0 0 0 0 0 0 0
7100 -161.936 0 0 0 1.06916 100 38 3.14881 100 24 0 0 0 -2.67936 100 34 0 0 0 0 0 0 0 0 0 0 0
7200 -162.698 0 0 0 1.09969 100 46 4.80023 100 29 0 0 0 -2.9813 100 23 0 0 0 0 0 0 0 0 0 0 0
7300 -163.078 0 0 0 2.03781 100 39 3.35492 100 21 0 0 0 -3.13326 100 26 0 0 0 0 0 0 0 0 0 0 0
7400 -164.83 0 0 0 1.21387 100 39 4.12166 100 30 0 0 0 -3.28884 100 28 0 0 0 0 0 0 0 0 0 0 0
7500 -161.855 0 0 0 1.46818 100 51 3.85098 100 25 0 0 0 -2.9479 100 27 0 0 0 0 0 0 0 0 0 0 0
7600 -162 0 0 0 1.4698 100 47 3.56881 100 24 0 0 0 -2.69926 100 30 0 0 0 0 0 0 0 0 0 0 0
7700 -161.86 0 0 0 1.37112 100 39 2.55886 100 26 0 0 0 -2.68295 100 25 0 0 0 0 0 0 0 0 0 0 0
7800 -163.883 0 0 0 2.53349 100 42 5.87546 100 26 0 0 0 -3.19895 100 29 0 0 0 0 0 0 0 0 0 0 0
7900 -162.537 0 0 0 0.940731 100 44 1.40672 100 21 0 0 0 -2.37916 100 24 0 0 0 0 0 0 0 0 0 0 0
8000 -163.419 0 0 0 0.433675 100 41 0.593994 100 26 0 0 0 -2.26668 100 21 0 0 0 0 0 0 0 0 0 0 0
8100 -163.314 0 0 0 2.01579 100 41 4.31944 100 25 0 0 0 -2.80291 100 23 0 0 0 0 0 0 0 0 0 0 0
8200 -163.735 0 0 0 1.33055 100 55 0.223816 100 22 0 0 0 -2.3628 100 31 0 0 0 0 0 0 0 0 0 0 0
8300 -163.394 0 0 0 2.24335 100 40 4.03302 100 23 0 0 0 -3.26499 100 24 0 0 0 0 0 0 0 0 0 0 0
8400 -163.877 0 0 0 2.3384 100 40 4.33113 100 15 0 0 0 -3.37681 100 32 0 0 0 0 0 0 0 0 0 0 0
8500 -162.213 0 0 0 1.65797 100 39 2.79799 100 18 0 0 0 -2.70577 100 22 0 0 0 0 0 0 0 0 0 0 0
8600 -161.781 0 0 0 1.42438 100 48 3.08765 100 29 0 0 0 -2.72437 100 24 0 0 0 0 0 0 0 0 0 0 0
8700 -162.532 0 0 0 1.20956 100 41 1.0519 100 22 0 0 0 -2.53336 100 31 0 0 0 0 0 0 0 0 0 0 0
8800 -163.548 0 0 0 0.873121 100 36 1.64428 100 25 0 0 0 -2.79793 100 32 0 0 0 0 0 0 0 0 0 0 0
8900 -165.03 0 0 0 0.601677 100 40 1.40465 100 26 0 0 0 -2.8309 100 26 0 0 0 0 0 0 0 0 0 0 0
9000 -167.957 0 0 0 1.01451 100 45 -2.50454 100 21 0 0 0 -1.94108 100 24 0 0 0 0 0 0 0 0 0 0 0
9100 -162.23 0 0 0 1.33702 100 41 4.05205 100 27 0 0 0 -2.69919 100 31 0 0 0 0 0 0 0 0 0 0 0
9200 -165.342 0 0 0 0.0646637 100 38 -1.03044 100 23 0 0 0 -2.21263 100 27 0 0 0 0 0 0 0 0 0 0 0
9300 -162.222 0 0 0 1.0919 100 32 3.55506 100 22 0 0 0 -2.62656 100 28 0 0 0 0 0 0 0 0 0 0 0
9400 -162.979 0 0 0 1.33491 100 37 1.89344 100 25 0 0 0 -2.40777 100 28 0 0 0 0 0 0 0 0 0 0 0
9500 -162.904 0 0 0 1.92893 100 40 6.25739 100 21 0 0 0 -3.38756 100 20 0 0 0 0 0 0 0 0 0 0 0
9600 -162.862 0 0 0 1.81222 100 36 2.37595 100 19 0 0 0 -2.92913 100 20 0 0 0 0 0 0 0 0 0 0 0
9700 -162.352 0 0 0 1.88151 100 41 3.73442 100 19 0 0 0 -3.08103 100 23 0 0 0 0 0 0 0 0 0 0 0
9800 -163.806 0 0 0 1.90157 100 33 2.85465 100 19 0 0 0 -3.1723 100 26 0 0 0 0 0 0 0 0 0 0 0
9900 -163.433 0 0 0 1.64085 100 37 1.67884 100 20 0 0 0 -2.50084 100 33 0 0 0 0 0 0 0 0 0 0 0
10000 -162.055 0 0 0 1.25497 100 42 3.71965 100 19 0 0 0 -2.9205 100 31 0 0 0 0 0 0 0 0 0 0 0
10100 -162.783 0 0 0 1.2276 100 28 4.7095 100 20 0 0 0 -3.09424 100 23 0 0 0 0 0 0 0 0 0 0 0
10200 -163.706 0 0 0 1.75222 100 42 3.53713 100 29 0 0 0 -3.25012 100 27 0 0 0 0 0 0 0 0 0 0 0
10300 -164.901 0 0 0 -0.00411896 100 43 -0.191246 100 16 0 0 0 -2.20247 100 22 0 0 0 0 0 0 0 0 0 0 0
10400 -161.956 0 0 0 1.5595 100 49 2.73632 100 29 0 0 0 -2.79352 100 30 0 0 0 0 0 0 0 0 0 0 0
10500 -162.846 0 0 0 1.74081 100 42 5.14884 100 21 0 0 0 -2.85205 100 31 0 0 0 0 0 0 0 0 0 0 0
10600 -162.548 0 0 0 1.74969 100 33 5.31287 100 30 0 0 0 -3.26278 100 23 0 0 0 0 0 0 0 0 0 0 0
10700 -162.011 0 0 0 1.86721 100 39 4.8714 100 20 0 0 0 -3.05418 100 29 0 0 0 0 0 0 0 0 0 0 0
10800 -163.443 0 0 0 1.8794 100 46 7.13169 100 21 0 0 0 -3.31981 100 22 0 0 0 0 0 0 0 0 0 0 0
10900 -163.028 0 0 0 0.479954 100 37 2.08587 100 24 0 0 0 -2.51699 100 17 0 0 0 0 0 0 0 0 0 0 0
11000 -164.097 0 0 0 0.143551 100 43 1.21328 100 19 0 0 0 -2.2761 100 32 0 0 0 0 0 0 0 0 0 0 0
11100 -163.146 0 0 0 1.55829 100 42 4.36798 100 31 0 0 0 -3.2411 100 28 0 0 0 0 0 0 0 0 0 0 0
11200 -164.206 0 0 0 1.89856 100 44 5.40317 100 21 0 0 0 -3.51712 100 30 0 0 0 0 0 0 0 0 0 0 0
11300 -163.852 0 0 0 2.37373 100 36 7.43352 100 36 0 0 0 -3.64355 100 34 0 0 0 0 0 0 0 0 0 0 0
11400 -162.038 0 0 0 1.00668 100 41 2.50523 100 16 0 0 0 -2.67355 100 25 0 0 0 0 0 0 0 0 0 0 0
11500 -163.206 0 0 0 0.892352 100 46 1.25958 100 21 0 0 0 -2.25621 100 27 0 0 0 0 0 0 0 0 0 0 0
11600 -163.646 0 0 0 1.98672 100 53 3.98197 100 21 0 0 0 -2.72911 100 31 0 0 0 0 0 0 0 0 0 0 0
11700 -162.738 0 0 0 1.84919 100 53 2.77036 100 23 0 0 0 -2.73327 100 28 0 0 0 0 0 0 0 0 0 0 0
11800 -162.573 0 0 0 1.50463 100 55 3.02882 100 15 0 0 0 -2.57064 100 30 0 0 0 0 0 0 0 0 0 0 0
11900 -163.33 0 0 0 0.449442 100 44 0.735454 100 25 0 0 0 -2.39698 100 31 0 0 0 0 0 0 0 0 0 0 0
12000 -162.711 0 0 0 0.715694 100 45 1.02745 100 25 0 0 0 -2.38364 100 24 0 0 0 0 0 0 0 0 0 0 0
12100 -162.039 0 0 0 1.20551 100 38 2.15674 100 20 0 0 0 -2.54966 100 21 0 0 0 0 0 0 0 0 0 0 0
12200 -162.858 0 0 0 1.31483 100 57 3.68085 100 25 0 0 0 -2.55612 100 26 0 0 0 0 0 0 0 0 0 0 0
12300 -164.515 0 0 0 1.87033 100 41 6.47268 100 31 0 0 0 -3.61031 100 31 0 0 0 0 0 0 0 0 0 0 0
12400 -161.827 0 0 0 1.55664 100 45 3.60859 100 22 0 0 0 -2.78219 100 19 0 0 0 0 0 0 0 0 0 0 0
12500 -162.007 0 0 0 1.00732 100 34 2.57633 100 31 0 0 0 -2.58469 100 24 0 0 0 0 0 0 0 0 0 0 0
12600 -162.266 0 0 0 1.31994 100 32 1.71718 100 24 0 0 0 -2.68132 100 21 0 0 0 0 0 0 0 0 0 0 0
12700 -165.272 0 0 0 2.29601 100 40 2.35727 100 27 0 0 0 -3.1906 100 27 0 0 0 0 0 0 0 0 0 0 0
12800 -161.816 0 0 0 1.57865 100 45 3.74092 100 20 0 0 0 -2.94023 100 35 0 0 0 0 0 0 0 0 0 0 0
12900 -162.538 0 0 0 1.15539 100 39 2.90802 100 24 0 0 0 -2.9068 100 31 0 0 0 0 0 0 0 0 0 0 0
13000 -161.885 0 0 0 1.28886 100 43 3.98615 100 19 0 0 0 -2.87572 100 31 0 0 0 0 0 0 0 0 0 0 0
13100 -163.066 0 0 0 0.635679 100 40 0.535487 100 21 0 0 0 -2.39662 100 21 0 0 0 0 0 0 0 0 0 0 0
13200 -161.99 0 0 0 1.50062 100 49 2.68801 100 32 0 0 0 -2.67504 100 27 0 0 0 0 0 0 0 0 0 0 0
13300 -166.45 0 0 0 1.1822 100 49 2.75711 100 26 0 0 0 -3.26964 100 26 0 0 0 0 0 0 0 0 0 0 0
13400 -162.683 0 0 0 0.651712 100 43 2.83751 100 20 0 0 0 -2.58694 100 22 0 0 0 0 0 0 0 0 0 0 0
13500 -164.848 0 0 0 -0.0610746 100 42 1.34939 100 26 0 0 0 -2.26743 100 18 0 0 0 0 0 0 0 0 0 0 0
13600 -163.048 0 0 0 1.26304 100 47 0.890016 100 25 0 0 0 -2.38551 100 29 0 0 0 0 0 0 0 0 0 0 0
13700 -162.269 0 0 0 0.929444 100 46 1.61116 100 25 0 0 0 -2.47308 100 29 0 0 0 0 0 0 0 0 0 0 0
13800 -162.354 0 0 0 1.41586 100 44 1.93553 100 28 0 0 0 -2.76871 100 23 0 0 0 0 0 0 0 0 0 0 0
13900 -164.286 0 0 0 0.847167 100 40 -0.881021 100 21 0 0 0 -2.17584 100 32 0 0 0 0 0 0 0 0 0 0 0
14000 -162.502 0 0 0 1.54979 100 38 5.54917 100 24 0 0 0 -3.17043 100 19 0 0 0 0 0 0 0 0 0 0 0
14100 -162.811 0 0 0 0.871252 100 41 4.16235 100 22 0 0 0 -2.70565 100 24 0 0 0 0 0 0 0 0 0 0 0
14200 -162.099 0 0 0 1.65948 100 46 5.18636 100 24 0 0 0 -3.10143 100 33 0 0 0 0 0 0 0 0 0 0 0
14300 -162.536 0 0 0 1.67004 100 46 4.42348 100 21 0 0 0 -2.76572 100 24 0 0 0 0 0 0 0 0 0 0 0
14400 -162.17 0 0 0 1.97259 100 42 4.19511 100 22 0 0 0 -3.02018 100 20 0 0 0 0 0 0 0 0 0 0 0
14500 -161.908 0 0 0 1.5662 100 36 4.42823 100 19 0 0 0 -3.02174 100 27 0 0 0 0 0 0 0 0 0 0 0
14600 -163.104 0 0 0 0.721657 100 45 3.12008 100 31 0 0 0 -2.81856 100 32 0 0 0 0 0 0 0 0 0 0 0
14700 -162.578 0 0 0 1.21836 100 47 4.82296 100 22 0 0 0 -2.80953 100 23 0 0 0 0 0 0 0 0 0 0 0
14800 -164.644 0 0 0 1.22349 100 41 -0.3855 100 20 0 0 0 -2.64243 100 33 0 0 0 0 0 0 0 0 0 0 0
14900 -162.202 0 0 0 1.97718 100 53 5.30414 100 17 0 0 0 -3.12013 100 28 0 0 0 0 0 0 0 0 0 0 0
15000 -162.314 0 0 0 1.2097 100 50 3.12554 100 21 0 0 0 -2.90981 100 18 0 0 0 0 0 0 0 0 0 0 0
15100 -162.391 0 0 0 1.78079 100 37 5.51741 100 24 0 0 0 -3.01399 100 26 0 0 0 0 0 0 0 0 0 0 0
15200 -162.464 0 0 0 1.44777 100 53 2.4902 100 27 0 0 0 -2.53865 100 28 0 0 0 0 0 0 0 0 0 0 0
15300 -162.605 0 0 0 1.06758 100 39 0.969316 100 24 0 0 0 -2.55912 100 26 0 0 0 0 0 0 0 0 0 0 0
15400 -162.682 0 0 0 1.93771 100 42 2.95808 100 24 0 0 0 -2.97001 100 30 0 0 0 0 0 0 0 0 0 0 0
15500 -162.008 0 0 0 1.89255 100 39 4.4288 100 29 0 0 0 -3.02727 100 24 0 0 0 0 0 0 0 0 0 0 0
15600 -163.982 0 0 0 0.253261 100 52 2.23574 100 23 0 0 0 -2.59092 100 23 0 0 0 0 0 0 0 0 0 0 0
15700 -165.756 0 0 0 2.83687 100 41 4.32357 100 19 0 0 0 -3.40172 100 28 0 0 0 0 0 0 0 0 0 0 0
15800 -162.459 0 0 0 1.36758 100 41 1.71404 100 26 0 0 0 -2.74425 100 34 0 0 0 0 0 0 0 0 0 0 0
15900 -161.906 0 0 0 1.47207 100 40 3.48197 100 24 0 0 0 -2.71485 100 27 0 0 0 0 0 0 0 0 0 0 0
16000 -162.798 0 0 0 2.10202 100 48 3.48975 100 14 0 0 0 -2.98648 100 26 0 0 0 0 0 0 0 0 0 0 0
16100 -161.896 0 0 0 1.41904 100 43 4.08668 100 19 0 0 0 -2.79248 100 33 0 0 0 0 0 0 0 0 0 0 0
16200 -164.288 0 0 0 1.4117 100 47 1.90796 100 27 0 0 0 -3.04073 100 33 0 0 0 0 0 0 0 0 0 0 0
16300 -162.548 0 0 0 1.64371 100 49 5.45845 100 24 0 0 0 -3.23186 100 32 0 0 0 0 0 0 0 0 0 0 0
16400 -163.045 0 0 0 0.685221 100 37 1.9809 100 18 0 0 0 -2.68951 100 29 0 0 0 0 0 0 0 0 0 0 0
16500 -161.944 0 0 0 1.46498 100 50 4.23956 100 26 0 0 0 -2.80856 100 31 0 0 0 0 0 0 0 0 0 0 0
16600 -168.92 0 0 0 2.2855 100 34 10.1333 100 23 0 0 0 -3.60231 100 25 0 0 0 0 0 0 0 0 0 0 0
16700 -164.464 0 0 0 2.04957 100 55 1.85267 100 23 0 0 0 -2.68783 100 27 0 0 0 0 0 0 0 0 0 0 0
16800 -167.06 0 0 0 0.353918 100 44 2.26981 100 23 0 0 0 -3.00194 100 29 0 0 0 0 0 0 0 0 0 0 0
16900 -161.755 0 0 0 1.56202 100 40 3.49996 100 22 0 0 0 -2.84481 100 21 0 0 0 0 0 0 0 0 0 0 0
17000 -166.853 0 0 0 0.0771307 100 45 2.95998 100 24 0 0 0 -2.92021 100 16 0 0 0 0 0 0 0 0 0 0 0
17100 -166.15 0 0 0 0.221644 100 43 -1.21929 100 31 0 0 0 -1.87589 100 34 0 0 0 0 0 0 0 0 0 0 0
17200 -164.684 0 0 0 0.0417587 100 36 0.140822 100 25 0 0 0 -2.15311 100 30 0 0 0 0 0 0 0 0 0 0 0
17300 -166.362 0 0 0 0.849 100 44 3.40759 100 22 0 0 0 -2.22714 100 21 0 0 0 0 0 0 0 0 0 0 0
17400 -162.625 0 0 0 1.79158 100 43 3.07333 100 30 0 0 0 -3.03763 100 26 0 0 0 0 0 0 0 0 0 0 0
17500 -163.083 0 0 0 1.16628 100 41 0.622825 100 25 0 0 0 -2.35718 100 33 0 0 0 0 0 0 0 0 0 0 0
17600 -162.791 0 0 0 1.16591 100 38 3.08587 100 23 0 0 0 -2.47379 100 32 0 0 0 0 0 0 0 0 0 0 0
17700 -162.409 0 0 0 1.94752 100 45 5.77406 100 22 0 0 0 -3.12598 100 28 0 0 0 0 0 0 0 0 0 0 0
17800 -164.462 0 0 0 0.255112 100 46 -0.643668 100 22 0 0 0 -2.17577 100 26 0 0 0 0 0 0 0 0 0 0 0
17900 -162.028 0 0 0 1.60982 100 40 3.81387 100 21 0 0 0 -3.02132 100 24 0 0 0 0 0 0 0 0 0 0 0
18000 -164.484 0 0 0 1.57187 100 37 1.6152 100 24 0 0 0 -3.03486 100 26 0 0 0 0 0 0 0 0 0 0 0
18100 -166.516 0 0 0 0.879679 100 48 -2.58545 100 18 0 0 0 -2.27388 100 24 0 0 0 0 0 0 0 0 0 0 0
18200 -163.435 0 0 0 1.02629 100 47 3.7309 100 17 0 0 0 -3.05377 100 32 0 0 0 0 0 0 0 0 0 0 0
18300 -163.273 0 0 0 1.63897 100 35 2.1429 100 18 0 0 0 -2.9827 100 25 0 0 0 0 0 0 0 0 0 0 0
18400 -161.949 0 0 0 1.52431 100 43 4.54691 100 22 0 0 0 -3.02296 100 37 0 0 0 0 0 0 0 0 0 0 0
18500 -168.526 0 0 0 2.9008 100 43 5.87193 100 25 0 0 0 -4.02423 100 27 0 0 0 0 0 0 0 0 0 0 0
18600 -163.776 0 0 0 0.926648 100 51 4.13467 100 28 0 0 0 -2.5238 100 26 0 0 0 0 0 0 0 0 0 0 0
18700 -163.03 0 0 0 1.62366 100 47 1.72683 100 23 0 0 0 -2.85446 100 33 0 0 0 0 0 0 0 0 0 0 0
18800 -165.154 0 0 0 2.56567 100 37 8.88772 100 25 0 0 0 -3.67568 100 33 0 0 0 0 0 0 0 0 0 0 0
18900 -163.643 0 0 0 2.54336 100 35 5.50362 100 22 0 0 0 -3.44636 100 22 0 0 0 0 0 0 0 0 0 0 0
19000 -161.952 0 0 0 1.18729 100 44 2.1562 100 24 0 0 0 -2.60424 100 35 0 0 0 0 0 0 0 0 0 0 0
19100 -161.934 0 0 0 1.73512 100 39 3.68935 100 23 0 0 0 -2.85445 100 20 0 0 0 0 0 0 0 0 0 0 0
19200 -162.089 0 0 0 1.72792 100 35 3.00344 100 26 0 0 0 -2.84209 100 26 0 0 0 0 0 0 0 0 0 0 0
19300 -163.266 0 0 0 2.03568 100 55 5.27131 100 27 0 0 0 -2.91601 100 26 0 0 0 0 0 0 0 0 0 0 0
19400 -162.967 0 0 0 1.93266 100 45 6.50218 100 18 0 0 0 -3.38875 100 24 0 0 0 0 0 0 0 0 0 0 0
19500 -164.364 0 0 0 1.18101 100 40 4.58369 100 24 0 0 0 -3.27024 100 26 0 0 0 0 0 0 0 0 0 0 0
19600 -165.705 0 0 0 2.14343 100 43 1.0027 100 16 0 0 0 -2.74278 100 29 0 0 0 0 0 0 0 0 0 0 0
19700 -162.468 0 0 0 1.22678 100 48 4.92149 100 25 0 0 0 -2.88087 100 24 0 0 0 0 0 0 0 0 0 0 0
19800 -163.483 0 0 0 2.51929 100 44 6.87904 100 31 0 0 0 -3.4372 100 30 0 0 0 0 0 0 0 0 0 0 0
19900 -162.143 0 0 0 1.12263 100 37 2.34156 100 24 0 0 0 -2.50748 100 30 0 0 0 0 0 0 0 0 0 0 0
20000 -162.604 0 0 0 1.48182 100 45 1.8623 100 28 0 0 0 -2.81155 100 29 0 0 0 0 0 0 0 0 0 0 0
20100 -163.012 0 0 0 0.583552 100 45 1.14546 100 23 0 0 0 -2.49775 100 39 0 0 0 0 0 0 0 0 0 0 0
20200 -162.581 0 0 0 1.91202 100 42 4.98907 100 24 0 0 0 -3.27845 100 29 0 0 0 0 0 0 0 0 0 0 0
20300 -163.159 0 0 0 1.02686 100 45 3.9594 100 20 0 0 0 -3.03249 100 27 0 0 0 0 0 0 0 0 0 0 0
20400 -162.735 0 0 0 1.2399 100 32 5.10794 100 28 0 0 0 -2.85199 100 29 0 0 0 0 0 0 0 0 0 0 0
20500 -164.152 0 0 0 0.40827 100 40 3.3964 100 32 0 0 0 -2.45822 100 30 0 0 0 0 0 0 0 0 0 0 0
20600 -163.66 0 0 0 2.62358 100 51 6.40264 100 19 0 0 0 -3.41395 100 22 0 0 0 0 0 0 0 0 0 0 0
20700 -162.204 0 0 0 0.965144 100 41 3.05169 100 28 0 0 0 -2.7612 100 28 0 0 0 0 0 0 0 0 0 0 0
20800 -163.691 0 0 0 1.6379 100 49 4.62498 100 20 0 0 0 -2.66443 100 31 0 0 0 0 0 0 0 0 0 0 0
20900 -162.66 0 0 0 2.12235 100 46 4.04909 100 22 0 0 0 -3.13231 100 32 0 0 0 0 0 0 0 0 0 0 0
21000 -164.438 0 0 0 0.146937 100 51 2.41542 100 31 0 0 0 -2.35319 100 24 0 0 0 0 0 0 0 0 0 0 0
21100 -162.661 0 0 0 0.75294 100 46 1.08031 100 22 0 0 0 -2.37961 100 30 0 0 0 0 0 0 0 0 0 0 0
21200 -162.563 0 0 0 2.01389 100 44 4.54942 100 21 0 0 0 -2.92659 100 25 0 0 0 0 0 0 0 0 0 0 0
21300 -164.034 0 0 0 2.69422 100 36 6.486 100 24 0 0 0 -3.59894 100 27 0 0 0 0 0 0 0 0 0 0 0
21400 -162.331 0 0 0 1.84481 100 39 3.52322 100 25 0 0 0 -3.04538 100 32 0 0 0 0 0 0 0 0 0 0 0
21500 -162.39 0 0 0 1.54338 100 41 3.67326 100 27 0 0 0 -3.06729 100 37 0 0 0 0 0 0 0 0 0 0 0
21600 -165.135 0 0 0 0.564535 100 41 4.6182 100 24 0 0 0 -3.06996 100 26 0 0 0 0 0 0 0 0 0 0 0
21700 -164.533 0 0 0 0.155095 100 42 -0.15324 100 24 0 0 0 -2.12189 100 22 0 0 0 0 0 0 0 0 0 0 0
21800 -161.747 0 0 0 1.45358 100 30 3.2817 100 30 0 0 0 -2.76472 100 27 0 0 0 0 0 0 0 0 0 0 0
21900 -162.844 0 0 0 1.0172 100 38 3.39601 100 25 0 0 0 -2.94605 100 25 0 0 0 0 0 0 0 0 0 0 0
22000 -161.865 0 0 0 1.49233 100 44 3.16953 100 24 0 0 0 -2.71476 100 26 0 0 0 0 0 0 0 0 0 0 0
22100 -164.452 0 0 0 1.84004 100 43 0.923754 100 29 0 0 0 -2.58473 100 24 0 0 0 0 0 0 0 0 0 0 0
22200 -164.099 0 0 0 2.45844 100 48 5.4291 100 29 0 0 0 -3.07427 100 17 0 0 0 0 0 0 0 0 0 0 0
22300 -162.68 0 0 0 1.91737 100 42 3.84689 100 24 0 0 0 -3.165 100 29 0 0 0 0 0 0 0 0 0 0 0
22400 -163.57 0 0 0 2.31202 100 51 4.03537 100 24 0 0 0 -3.2725 100 25 0 0 0 0 0 0 0 0 0 0 0
22500 -165.064 0 0 0 0.739278 100 51 -1.35039 100 24 0 0 0 -2.40364 100 26 0 0 0 0 0 0 0 0 0 0 0
22600 -163.149 0 0 0 1.63596 100 43 2.54557 100 23 0 0 0 -2.53268 100 22 0 0 0 0 0 0 0 0 0 0 0
22700 -162.116 0 0 0 1.93471 100 39 4.33657 100 21 0 0 0 -2.9819 100 32 0 0 0 0 0 0 0 0 0 0 0
22800 -162.831 0 0 0 1.77464 100 45 4.69909 100 24 0 0 0 -3.27519 100 21 0 0 0 0 0 0 0 0 0 0 0
22900 -165.167 0 0 0 1.72557 100 48 0.49263 100 20 0 0 0 -2.89033 100 26 0 0 0 0 0 0 0 0 0 0 0
23000 -163.87 0 0 0 0.77828 100 51 1.34872 100 28 0 0 0 -2.76485 100 24 0 0 0 0 0 0 0 0 0 0 0
23100 -163.485 0 0 0 1.78162 100 49 4.89461 100 25 0 0 0 -2.75607 100 26 0 0 0 0 0 0 0 0 0 0 0
23200 -162.268 0 0 0 1.9674 100 41 3.83992 100 22 0 0 0 -3.01927 100 30 0 0 0 0 0 0 0 0 0 0 0
23300 -162.616 0 0 0 0.704952 100 48 2.25223 100 13 0 0 0 -2.63048 100 20 0 0 0 0 0 0 0 0 0 0 0
23400 -163.655 0 0 0 1.42507 100 44 0.590631 100 23 0 0 0 -2.71447 100 29 0 0 0 0 0 0 0 0 0 0 0
23500 -162.22 0 0 0 0.932264 100 49 1.91953 100 13 0 0 0 -2.60728 100 25 0 0 0 0 0 0 0 0 0 0 0
23600 -166.013 0 0 0 2.08226 100 37 0.741545 100 26 0 0 0 -2.63774 100 28 0 0 0 0 0 0 0 0 0 0 0
23700 -161.898 0 0 0 1.4005 100 39 3.00048 100 18 0 0 0 -2.66155 100 26 0 0 0 0 0 0 0 0 0 0 0
23800 -163.083 0 0 0 0.907956 100 47 3.61475 100 20 0 0 0 -2.51308 100 20 0 0 0 0 0 0 0 0 0 0 0
23900 -162.383 0 0 0 1.04244 100 37 1.50502 100 30 0 0 0 -2.62754 100 31 0 0 0 0 0 0 0 0 0 0 0
24000 -162.594 0 0 0 1.69434 100 37 4.17988 100 22 0 0 0 -3.17864 100 29 0 0 0 0 0 0 0 0 0 0 0
24100 -161.828 0 0 0 1.24838 100 42 2.61 100 21 0 0 0 -2.65975 100 30 0 0 0 0 0 0 0 0 0 0 0
24200 -164.241 0 0 0 0.757008 100 47 -0.618192 100 24 0 0 0 -2.12448 100 30 0 0 0 0 0 0 0 0 0 0 0
24300 -163.579 0 0 0 1.46177 100 44 5.74559 100 25 0 0 0 -3.33793 100 29 0 0 0 0 0 0 0 0 0 0 0
24400 -164.353 0 0 0 0.0641895 100 45 0.788539 100 27 0 0 0 -2.27072 100 23 0 0 0 0 0 0 0 0 0 0 0
24500 -162.209 0 0 0 1.10286 100 45 2.02833 100 26 0 0 0 -2.7038 100 19 0 0 0 0 0 0 0 0 0 0 0
24600 -162.174 0 0 0 0.986656 100 37 1.69656 100 30 0 0 0 -2.52548 100 28 0 0 0 0 0 0 0 0 0 0 0
24700 -161.974 0 0 0 1.76093 100 41 4.24275 100 18 0 0 0 -3.0572 100 30 0 0 0 0 0 0 0 0 0 0 0
24800 -163.422 0 0 0 1.34621 100 46 5.27422 100 17 0 0 0 -3.25945 100 27 0 0 0 0 0 0 0 0 0 0 0
24900 -161.819 0 0 0 1.26582 100 54 2.65663 100 26 0 0 0 -2.7104 100 24 0 0 0 0 0 0 0 0 0 0 0
25000 -161.927 0 0 0 1.13716 100 43 3.18037 100 27 0 0 0 -2.78134 100 21 0 0 0 0 0 0 0 0 0 0 0
25100 -163.058 0 0 0 2.10314 100 50 6.1543 100 22 0 0 0 -3.45317 100 25 0 0 0 0 0 0 0 0 0 0 0
25200 -161.811 0 0 0 1.35204 100 48 3.18488 100 24 0 0 0 -2.69219 100 37 0 0 0 0 0 0 0 0 0 0 0
25300 -163.33 0 0 0 2.16674 100 49 6.92703 100 21 0 0 0 -3.51427 100 34 0 0 0 0 0 0 0 0 0 0 0
25400 -162.693 0 0 0 1.47802 100 45 4.28611 100 20 0 0 0 -2.68322 100 31 0 0 0 0 0 0 0 0 0 0 0
25500 -162.041 0 0 0 1.4641 100 40 2.80072 100 23 0 0 0 -2.63833 100 18 0 0 0 0 0 0 0 0 0 0 0
25600 -162.469 0 0 0 0.766297 100 46 2.26922 100 19 0 0 0 -2.63359 100 23 0 0 0 0 0 0 0 0 0 0 0
25700 -164.805 0 0 0 -0.0474605 100 36 1.43641 100 29 0 0 0 -2.41013 100 25 0 0 0 0 0 0 0 0 0 0 0
25800 -162.627 0 0 0 1.43879 100 47 3.00248 100 28 0 0 0 -2.54049 100 24 0 0 0 0 0 0 0 0 0 0 0
25900 -162.794 0 0 0 1.14907 100 44 5.12315 100 22 0 0 0 -2.89141 100 29 0 0 0 0 0 0 0 0 0 0 0
26000 -162.831 0 0 0 1.994 100 49 3.04755 100 21 0 0 0 -3.01132 100 27 0 0 0 0 0 0 0 0 0 0 0
26100 -162.686 0 0 0 1.03773 100 48 4.72636 100 15 0 0 0 -2.8796 100 26 0 0 0 0 0 0 0 0 0 0 0
26200 -162.323 0 0 0 1.97618 100 42 4.02022 100 28 0 0 0 -2.93126 100 14 0 0 0 0 0 0 0 0 0 0 0
26300 -163.733 0 0 0 2.56864 100 45 6.3619 100 17 0 0 0 -3.56865 100 21 0 0 0 0 0 0 0 0 0 0 0
26400 -165.194 0 0 0 2.81539 100 51 4.74157 100 22 0 0 0 -3.37242 100 20 0 0 0 0 0 0 0 0 0 0 0
26500 -162.992 0 0 0 1.92946 100 43 5.75593 100 22 0 0 0 -3.39877 100 29 0 0 0 0 0 0 0 0 0 0 0
26600 -164.111 0 0 0 2.63502 100 47 5.5377 100 25 0 0 0 -3.24121 100 21 0 0 0 0 0 0 0 0 0 0 0
26700 -162.6 0 0 0 0.738785 100 44 2.72767 100 16 0 0 0 -2.69093 100 26 0 0 0 0 0 0 0 0 0 0 0
26800 -162.926 0 0 0 2.28856 100 35 6.30209 100 24 0 0 0 -3.2798 100 25 0 0 0 0 0 0 0 0 0 0 0
26900 -163.853 0 0 0 1.76503 100 36 3.01528 100 29 0 0 0 -2.54397 100 29 0 0 0 0 0 0 0 0 0 0 0
27000 -162.511 0 0 0 0.921462 100 53 1.09113 100 25 0 0 0 -2.41408 100 24 0 0 0 0 0 0 0 0 0 0 0
27100 -161.831 0 0 0 1.22124 100 43 3.51243 100 30 0 0 0 -2.79817 100 30 0 0 0 0 0 0 0 0 0 0 0
27200 -161.897 0 0 0 1.35818 100 47 3.40793 100 14 0 0 0 -2.6845 100 29 0 0 0 0 0 0 0 0 0 0 0
27300 -163.817 0 0 0 1.96219 100 35 1.69139 100 20 0 0 0 -2.84792 100 26 0 0 0 0 0 0 0 0 0 0 0
27400 -164.825 0 0 0 0.572798 100 38 2.71548 100 26 0 0 0 -2.93645 100 34 0 0 0 0 0 0 0 0 0 0 0
27500 -164.306 0 0 0 0.463459 100 42 -0.244513 100 23 0 0 0 -2.44186 100 32 0 0 0 0 0 0 0 0 0 0 0
27600 -163.294 0 0 0 1.47038 100 46 1.38235 100 24 0 0 0 -2.42768 100 21 0 0 0 0 0 0 0 0 0 0 0
27700 -163.942 0 0 0 1.2732 100 44 1.02874 100 23 0 0 0 -2.2667 100 23 0 0 0 0 0 0 0 0 0 0 0
27800 -167.051 0 0 0 2.66488 100 51 3.60364 100 20 0 0 0 -3.56762 100 32 0 0 0 0 0 0 0 0 0 0 0
27900 -162.018 0 0 0 1.60458 100 45 2.7764 100 28 0 0 0 -2.74244 100 25 0 0 0 0 0 0 0 0 0 0 0
28000 -163.234 0 0 0 0.781683 100 35 3.52579 100 25 0 0 0 -2.49775 100 25 0 0 0 0 0 0 0 0 0 0 0
28100 -162.41 0 0 0 1.33993 100 46 5.06931 100 33 0 0 0 -3.05195 100 29 0 0 0 0 0 0 0 0 0 0 0
28200 -161.985 0 0 0 1.71674 100 49 4.54403 100 21 0 0 0 -3.0839 100 32 0 0 0 0 0 0 0 0 0 0 0
28300 -162.946 0 0 0 0.801737 100 47 3.11815 100 31 0 0 0 -2.46649 100 15 0 0 0 0 0 0 0 0 0 0 0
28400 -162.379 0 0 0 1.75953 100 45 3.84815 100 28 0 0 0 -2.76167 100 34 0 0 0 0 0 0 0 0 0 0 0
28500 -163.24 0 0 0 1.07023 100 46 0.113358 100 27 0 0 0 -2.36458 100 27 0 0 0 0 0 0 0 0 0 0 0
28600 -162.497 0 0 0 0.879112 100 45 3.0707 100 32 0 0 0 -2.52577 100 25 0 0 0 0 0 0 0 0 0 0 0
28700 -161.846 0 0 0 1.256 100 43 2.65007 100 26 0 0 0 -2.7302 100 34 0 0 0 0 0 0 0 0 0 0 0
28800 -162.891 0 0 0 1.51582 100 50 1.36338 100 21 0 0 0 -2.53788 100 22 0 0 0 0 0 0 0 0 0 0 0
28900 -162.182 0 0 0 1.8604 100 39 3.64474 100 23 0 0 0 -2.86713 100 23 0 0 0 0 0 0 0 0 0 0 0
29000 -164.073 0 0 0 0.277735 100 51 0.0768096 100 31 0 0 0 -2.33484 100 23 0 0 0 0 0 0 0 0 0 0 0
29100 -164.238 0 0 0 1.39843 100 45 -0.00541563 100 21 0 0 0 -2.66138 100 28 0 0 0 0 0 0 0 0 0 0 0
29200 -162.083 0 0 0 1.53355 100 43 4.69592 100 25 0 0 0 -2.86797 100 26 0 0 0 0 0 0 0 0 0 0 0
29300 -161.907 0 0 0 1.56981 100 42 4.23671 100 23 0 0 0 -3.01618 100 23 0 0 0 0 0 0 0 0 0 0 0
29400 -162.737 0 0 0 2.13172 100 42 3.83815 100 22 0 0 0 -2.99544 100 24 0 0 0 0 0 0 0 0 0 0 0
29500 -161.993 0 0 0 1.73704 100 53 4.98159 100 26 0 0 0 -3.08418 100 29 0 0 0 0 0 0 0 0 0 0 0
29600 -162.376 0 0 0 1.41444 100 38 4.64384 100 24 0 0 0 -3.09925 100 31 0 0 0 0 0 0 0 0 0 0 0
29700 -163.474 0 0 0 0.428696 100 36 3.13705 100 19 0 0 0 -2.58518 100 32 0 0 0 0 0 0 0 0 0 0 0
29800 -163.241 0 0 0 2.11253 100 44 3.3085 100 34 0 0 0 -3.12927 100 23 0 0 0 0 0 0 0 0 0 0 0
29900 -163.833 0 0 0 1.97158 100 53 7.00985 100 27 0 0 0 -3.16608 100 26 0 0 0 0 0 0 0 0 0 0 0
30000 -162.761 0 0 0 1.47222 100 32 3.86427 100 27 0 0 0 -3.12594 100 26 0 0 0 0 0 0 0 0 0 0 0
30100 -162.881 0 0 0 1.16829 100 49 4.24359 100 26 0 0 0 -2.63158 100 29 0 0 0 0 0 0 0 0 0 0 0
30200 -162.304 0 0 0 1.54351 100 46 5.16353 100 24 0 0 0 -2.92433 100 21 0 0 0 0 0 0 0 0 0 0 0
30300 -163.044 0 0 0 0.616179 100 39 2.32314 100 25 0 0 0 -2.6828 100 32 0 0 0 0 0 0 0 0 0 0 0
30400 -165.619 0 0 0 0.853446 100 45 5.95542 100 24 0 0 0 -3.29473 100 19 0 0 0 0 0 0 0 0 0 0 0
30500 -162.057 0 0 0 1.05596 100 52 3.47656 100 17 0 0 0 -2.78448 100 27 0 0 0 0 0 0 0 0 0 0 0
30600 -162.262 0 0 0 1.57071 100 44 2.40612 100 20 0 0 0 -2.84004 100 29 0 0 0 0 0 0 0 0 0 0 0
30700 -165.096 0 0 0 1.05351 100 48 5.37955 100 27 0 0 0 -3.33307 100 27 0 0 0 0 0 0 0 0 0 0 0
30800 -162.144 0 0 0 1.35573 100 44 4.27265 100 24 0 0 0 -3.01138 100 27 0 0 0 0 0 0 0 0 0 0 0
30900 -162.932 0 0 0 0.920377 100 42 4.436 100 27 0 0 0 -2.72597 100 24 0 0 0 0 0 0 0 0 0 0 0
31000 -162.043 0 0 0 1.80842 100 43 3.75198 100 24 0 0 0 -3.00105 100 25 0 0 0 0 0 0 0 0 0 0 0
31100 -161.876 0 0 0 1.76113 100 45 4.02436 100 11 0 0 0 -2.96694 100 25 0 0 0 0 0 0 0 0 0 0 0
31200 -163.095 0 0 0 2.09512 100 42 6.93442 100 22 0 0 0 -3.37777 100 24 0 0 0 0 0 0 0 0 0 0 0
31300 -162.598 0 0 0 1.48266 100 35 4.52074 100 23 0 0 0 -2.73274 100 28 0 0 0 0 0 0 0 0 0 0 0
31400 -161.739 0 0 0 1.3855 100 37 3.72788 100 20 0 0 0 -2.82946 100 28 0 0 0 0 0 0 0 0 0 0 0
31500 -165.036 0 0 0 1.18397 100 36 5.39644 100 28 0 0 0 -2.64765 100 29 0 0 0 0 0 0 0 0 0 0 0
31600 -162.414 0 0 0 1.78853 100 45 4.08726 100 21 0 0 0 -3.14916 100 29 0 0 0 0 0 0 0 0 0 0 0
31700 -164.165 0 0 0 1.85451 100 46 1.14011 100 27 0 0 0 -2.8426 100 32 0 0 0 0 0 0 0 0 0 0 0
31800 -162.667 0 0 0 2.24759 100 51 4.9447 100 23 0 0 0 -3.16848 100 30 0 0 0 0 0 0 0 0 0 0 0
31900 -162.538 0 0 0 0.967365 100 31 4.23557 100 22 0 0 0 -2.77182 100 28 0 0 0 0 0 0 0 0 0 0 0
32000 -162.512 0 0 0 0.964402 100 38 3.91189 100 24 0 0 0 -2.66675 100 20 0 0 0 0 0 0 0 0 0 0 0
32100 -162.2 0 0 0 1.13562 100 44 3.41002 100 26 0 0 0 -2.88191 100 16 0 0 0 0 0 0 0 0 0 0 0
32200 -162.694 0 0 0 2.15645 100 42 4.89328 100 25 0 0 0 -3.27937 100 29 0 0 0 0 0 0 0 0 0 0 0
32300 -164.994 0 0 0 0.991802 100 47 -0.205281 100 16 0 0 0 -2.69963 100 21 0 0 0 0 0 0 0 0 0 0 0
32400 -162.484 0 0 0 1.89675 100 47 6.02539 100 19 0 0 0 -3.17686 100 33 0 0 0 0 0 0 0 0 0 0 0
32500 -162.026 0 0 0 1.03728 100 45 2.09257 100 11 0 0 0 -2.5686 100 31 0 0 0 0 0 0 0 0 0 0 0
32600 -162.214 0 0 0 1.77185 100 33 3.00678 100 28 0 0 0 -2.80341 100 28 0 0 0 0 0 0 0 0 0 0 0
32700 -163.468 0 0 0 0.324677 100 42 2.03702 100 23 0 0 0 -2.43964 100 24 0 0 0 0 0 0 0 0 0 0 0
32800 -164.242 0 0 0 1.94823 100 49 7.17555 100 28 0 0 0 -3.61389 100 26 0 0 0 0 0 0 0 0 0 0 0
32900 -161.91 0 0 0 1.57059 100 42 2.93838 100 30 0 0 0 -2.82972 100 24 0 0 0 0 0 0 0 0 0 0 0
33000 -162.134 0 0 0 1.4626 100 41 3.23562 100 26 0 0 0 -2.95363 100 22 0 0 0 0 0 0 0 0 0 0 0
33100 -162.177 0 0 0 1.80197 100 44 4.86846 100 16 0 0 0 -2.93832 100 29 0 0 0 0 0 0 0 0 0 0 0
33200 -161.734 0 0 0 1.37596 100 44 3.22295 100 25 0 0 0 -2.75199 100 27 0 0 0 0 0 0 0 0 0 0 0
33300 -162.663 0 0 0 1.4147 100 36 1.7291 100 19 0 0 0 -2.48944 100 27 0 0 0 0 0 0 0 0 0 0 0
33400 -163.18 0 0 0 0.488019 100 47 2.61162 100 30 0 0 0 -2.46194 100 29 0 0 0 0 0 0 0 0 0 0 0
33500 -162.737 0 0 0 1.65181 100 47 2.63074 100 22 0 0 0 -2.59639 100 27 0 0 0 0 0 0 0 0 0 0 0
33600 -161.827 0 0 0 1.43599 100 41 4.2343 100 26 0 0 0 -2.92283 100 18 0 0 0 0 0 0 0 0 0 0 0
33700 -163.093 0 0 0 1.85868 100 39 2.03368 100 22 0 0 0 -2.83787 100 23 0 0 0 0 0 0 0 0 0 0 0
33800 -162.103 0 0 0 0.95947 100 54 2.10982 100 26 0 0 0 -2.59952 100 19 0 0 0 0 0 0 0 0 0 0 0
33900 -167.864 0 0 0 1.67729 100 46 1.10999 100 18 0 0 0 -2.18277 100 21 0 0 0 0 0 0 0 0 0 0 0
34000 -162.501 0 0 0 1.72 100 38 2.29919 100 20 0 0 0 -2.73099 100 27 0 0 0 0 0 0 0 0 0 0 0
34100 -162.618 0 0 0 2.11611 100 34 3.94495 100 22 0 0 0 -3.0788 100 19 0 0 0 0 0 0 0 0 0 0 0
34200 -162.719 0 0 0 1.50679 100 38 1.56995 100 19 0 0 0 -2.7588 100 27 0 0 0 0 0 0 0 0 0 0 0
34300 -163.577 0 0 0 1.4952 100 57 0.522555 100 26 0 0 0 -2.64266 100 34 0 0 0 0 0 0 0 0 0 0 0
34400 -165.66 0 0 0 0.88372 100 30 6.62983 100 21 0 0 0 -3.01683 100 29 0 0 0 0 0 0 0 0 0 0 0
34500 -163.979 0 0 0 0.446446 100 42 1.33829 100 28 0 0 0 -2.17475 100 22 0 0 0 0 0 0 0 0 0 0 0
34600 -164.912 0 0 0 1.66765 100 48 7.90644 100 22 0 0 0 -3.48 100 26 0 0 0 0 0 0 0 0 0 0 0
34700 -162.707 0 0 0 1.34783 100 39 1.22777 100 17 0 0 0 -2.48071 100 28 0 0 0 0 0 0 0 0 0 0 0
34800 -162.062 0 0 0 1.21933 100 48 3.52608 100 22 0 0 0 -2.89442 100 30 0 0 0 0 0 0 0 0 0 0 0
34900 -162.251 0 0 0 1.18767 100 53 4.04211 100 21 0 0 0 -2.94951 100 22 0 0 0 0 0 0 0 0 0 0 0
35000 -162.644 0 0 0 1.1271 100 40 4.91265 100 28 0 0 0 -2.87929 100 21 0 0 0 0 0 0 0 0 0 0 0
35100 -163.469 0 0 0 2.05706 100 47 4.49727 100 29 0 0 0 -3.36717 100 32 0 0 0 0 0 0 0 0 0 0 0
35200 -163.636 0 0 0 1.67765 100 44 2.07617 100 28 0 0 0 -3.02051 100 22 0 0 0 0 0 0 0 0 0 0 0
35300 -164.645 0 0 0 0.531101 100 45 -0.232321 100 30 0 0 0 -2.03045 100 27 0 0 0 0 0 0 0 0 0 0 0
35400 -163.384 0 0 0 0.359841 100 37 2.19818 100 19 0 0 0 -2.49272 100 25 0 0 0 0 0 0 0 0 0 0 0
35500 -162.451 0 0 0 2.11604 100 45 4.95888 100 28 0 0 0 -3.07192 100 23 0 0 0 0 0 0 0 0 0 0 0
35600 -162.371 0 0 0 0.865527 100 33 3.45522 100 22 0 0 0 -2.71128 100 34 0 0 0 0 0 0 0 0 0 0 0
35700 -165.24 0 0 0 1.64605 100 39 4.21276 100 24 0 0 0 -3.44384 100 20 0 0 0 0 0 0 0 0 0 0 0
35800 -163.244 0 0 0 1.92051 100 38 3.40111 100 21 0 0 0 -2.70441 100 28 0 0 0 0 0 0 0 0 0 0 0
35900 -162.18 0 0 0 1.30291 100 40 2.18065 100 23 0 0 0 -2.53484 100 23 0 0 0 0 0 0 0 0 0 0 0
36000 -162.115 0 0 0 1.11265 100 40 2.17284 100 19 0 0 0 -2.70492 100 25 0 0 0 0 0 0 0 0 0 0 0
36100 -162.214 0 0 0 1.65524 100 40 5.42273 100 16 0 0 0 -3.12046 100 20 0 0 0 0 0 0 0 0 0 0 0
36200 -162.45 0 0 0 2.13615 100 40 5.13167 100 26 0 0 0 -3.1126 100 28 0 0 0 0 0 0 0 0 0 0 0
36300 -164.314 0 0 0 0.261617 100 42 3.32759 100 17 0 0 0 -2.68326 100 24 0 0 0 0 0 0 0 0 0 0 0
36400 -167.107 0 0 0 3.45211 100 45 7.83992 100 21 0 0 0 -3.94278 100 27 0 0 0 0 0 0 0 0 0 0 0
36500 -162.274 0 0 0 1.82266 100 39 4.1675 100 25 0 0 0 -3.13126 100 24 0 0 0 0 0 0 0 0 0 0 0
36600 -163.02 0 0 0 0.65035 100 48 3.39905 100 31 0 0 0 -2.74503 100 28 0 0 0 0 0 0 0 0 0 0 0
36700 -162.554 0 0 0 1.182 100 38 2.11921 100 27 0 0 0 -2.42907 100 27 0 0 0 0 0 0 0 0 0 0 0
36800 -162.169 0 0 0 2.00549 100 43 4.80974 100 21 0 0 0 -3.11313 100 26 0 0 0 0 0 0 0 0 0 0 0
36900 -162.39 0 0 0 1.66334 100 51 4.33363 100 21 0 0 0 -3.15479 100 29 0 0 0 0 0 0 0 0 0 0 0
37000 -163.359 0 0 0 0.949684 100 35 -0.127757 100 25 0 0 0 -2.38346 100 23 0 0 0 0 0 0 0 0 0 0 0
37100 -162.208 0 0 0 1.57136 100 40 4.97821 100 28 0 0 0 -2.90234 100 25 0 0 0 0 0 0 0 0 0 0 0
37200 -164.41 0 0 0 2.2704 100 42 7.60714 100 20 0 0 0 -3.72654 100 29 0 0 0 0 0 0 0 0 0 0 0
37300 -165.229 0 0 0 1.01837 100 50 -1.34082 100 21 0 0 0 -2.4712 100 30 0 0 0 0 0 0 0 0 0 0 0
37400 -163.093 0 0 0 1.18158 100 45 1.05466 100 23 0 0 0 -2.7174 100 24 0 0 0 0 0 0 0 0 0 0 0
37500 -162.338 0 0 0 1.18566 100 49 1.73527 100 29 0 0 0 -2.70176 100 14 0 0 0 0 0 0 0 0 0 0 0
37600 -162.497 0 0 0 0.939519 100 45 2.38378 100 22 0 0 0 -2.75771 100 23 0 0 0 0 0 0 0 0 0 0 0
37700 -162.478 0 0 0 1.63037 100 39 2.86614 100 28 0 0 0 -2.98077 100 24 0 0 0 0 0 0 0 0 0 0 0
37800 -163.025 0 0 0 1.47762 100 48 4.31353 100 16 0 0 0 -3.20072 100 31 0 0 0 0 0 0 0 0 0 0 0
37900 -162.742 0 0 0 1.83769 100 40 6.07685 100 23 0 0 0 -3.32742 100 28 0 0 0 0 0 0 0 0 0 0 0
38000 -165.542 0 0 0 0.515995 100 52 5.40395 100 27 0 0 0 -2.76246 100 32 0 0 0 0 0 0 0 0 0 0 0
38100 -162.119 0 0 0 1.64028 100 47 3.16901 100 18 0 0 0 -2.95291 100 27 0 0 0 0 0 0 0 0 0 0 0
38200 -162.805 0 0 0 1.22813 100 39 0.852271 100 20 0 0 0 -2.43566 100 27 0 0 0 0 0 0 0 0 0 0 0
38300 -162.123 0 0 0 1.2556 100 39 2.94615 100 25 0 0 0 -2.57028 100 28 0 0 0 0 0 0 0 0 0 0 0
38400 -165.329 0 0 0 0.210254 100 41 2.988 100 15 0 0 0 -2.82792 100 24 0 0 0 0 0 0 0 0 0 0 0
38500 -163.804 0 0 0 2.27748 100 39 7.34565 100 23 0 0 0 -3.32666 100 25 0 0 0 0 0 0 0 0 0 0 0
38600 -163.26 0 0 0 1.78533 100 50 3.60608 100 29 0 0 0 -2.64415 100 31 0 0 0 0 0 0 0 0 0 0 0
38700 -162.517 0 0 0 2.04178 100 41 3.88448 100 29 0 0 0 -2.94178 100 34 0 0 0 0 0 0 0 0 0 0 0
38800 -162.096 0 0 0 1.90422 100 44 4.01564 100 24 0 0 0 -3.02304 100 29 0 0 0 0 0 0 0 0 0 0 0
38900 -163.128 0 0 0 1.61234 100 44 1.57614 100 23 0 0 0 -2.8392 100 23 0 0 0 0 0 0 0 0 0 0 0
39000 -164.375 0 0 0 1.03537 100 39 0.781747 100 26 0 0 0 -2.80965 100 29 0 0 0 0 0 0 0 0 0 0 0
39100 -168.708 0 0 0 0.528209 100 51 4.63119 100 23 0 0 0 -3.37938 100 21 0 0 0 0 0 0 0 0 0 0 0
39200 -162.54 0 0 0 1.93622 100 43 5.09862 100 27 0 0 0 -3.28101 100 29 0 0 0 0 0 0 0 0 0 0 0
39300 -162.188 0 0 0 1.13775 100 46 2.87694 100 22 0 0 0 -2.53917 100 30 0 0 0 0 0 0 0 0 0 0 0
39400 -161.817 0 0 0 1.36434 100 52 3.47556 100 29 0 0 0 -2.72052 100 31 0 0 0 0 0 0 0 0 0 0 0
39500 -162.942 0 0 0 0.962297 100 38 3.67926 100 20 0 0 0 -2.95427 100 27 0 0 0 0 0 0 0 0 0 0 0
39600 -166.188 0 0 0 1.21774 100 41 -1.39174 100 31 0 0 0 -2.60962 100 24 0 0 0 0 0 0 0 0 0 0 0
39700 -165.793 0 0 0 2.31804 100 42 5.81504 100 22 0 0 0 -3.76505 100 30 0 0 0 0 0 0 0 0 0 0 0
39800 -162.638 0 0 0 2.11403 100 49 3.95067 100 26 0 0 0 -2.99575 100 26 0 0 0 0 0 0 0 0 0 0 0
39900 -165.145 0 0 0 0.114353 100 44 1.22927 100 24 0 0 0 -2.09728 100 29 0 0 0 0 0 0 0 0 0 0 0
40000 -161.902 0 0 0 1.23551 100 47 3.4647 100 29 0 0 0 -2.84763 100 28 0 0 0 0 0 0 0 0 0 0 0
40100 -162.431 0 0 0 0.78102 100 36 3.04683 100 23 0 0 0 -2.61413 100 27 0 0 0 0 0 0 0 0 0 0 0
40200 -167.167 0 0 0 0.757026 100 40 4.6565 100 23 0 0 0 -3.35606 100 35 0 0 0 0 0 0 0 0 0 0 0
40300 -163.971 0 0 0 0.374059 100 44 0.288299 100 21 0 0 0 -2.1435 100 20 0 0 0 0 0 0 0 0 0 0 0
40400 -164.966 0 0 0 0.20172 100 40 1.86476 100 23 0 0 0 -2.69449 100 27 0 0 0 0 0 0 0 0 0 0 0
40500 -165.194 0 0 0 2.79185 100 45 8.87268 100 31 0 0 0 -3.76146 100 21 0 0 0 0 0 0 0 0 0 0 0
40600 -162.264 0 0 0 1.35312 100 50 3.8161 100 26 0 0 0 -3.01079 100 25 0 0 0 0 0 0 0 0 0 0 0
40700 -164.888 0 0 0 2.76679 100 43 5.64878 100 19 0 0 0 -3.25534 100 33 0 0 0 0 0 0 0 0 0 0 0
40800 -162.588 0 0 0 1.75547 100 41 6.09274 100 22 0 0 0 -3.22069 100 26 0 0 0 0 0 0 0 0 0 0 0
40900 -163.55 0 0 0 2.36604 100 45 4.34808 100 21 0 0 0 -3.30681 100 20 0 0 0 0 0 0 0 0 0 0 0
41000 -161.783 0 0 0 1.55851 100 49 3.98964 100 16 0 0 0 -2.84713 100 27 0 0 0 0 0 0 0 0 0 0 0
41100 -162.014 0 0 0 1.56546 100 39 2.68208 100 24 0 0 0 -2.81467 100 23 0 0 0 0 0 0 0 0 0 0 0
41200 -162.896 0 0 0 0.614253 100 47 0.913359 100 27 0 0 0 -2.39543 100 28 0 0 0 0 0 0 0 0 0 0 0
41300 -163.159 0 0 0 2.39098 100 49 6.33191 100 29 0 0 0 -3.46617 100 25 0 0 0 0 0 0 0 0 0 0 0
41400 -162.374 0 0 0 0.779069 100 44 2.17328 100 20 0 0 0 -2.48699 100 24 0 0 0 0 0 0 0 0 0 0 0
41500 -162.831 0 0 0 0.719848 100 44 0.739344 100 18 0 0 0 -2.40929 100 18 0 0 0 0 0 0 0 0 0 0 0
41600 -164.617 0 0 0 0.129853 100 43 2.62543 100 27 0 0 0 -2.63108 100 31 0 0 0 0 0 0 0 0 0 0 0
41700 -162.843 0 0 0 1.55978 100 44 3.86117 100 26 0 0 0 -2.62992 100 33 0 0 0 0 0 0 0 0 0 0 0
41800 -162.887 0 0 0 0.69936 100 48 3.60131 100 32 0 0 0 -2.64541 100 29 0 0 0 0 0 0 0 0 0 0 0
41900 -163.808 0 0 0 1.51651 100 35 3.20888 100 28 0 0 0 -3.18284 100 17 0 0 0 0 0 0 0 0 0 0 0
42000 -162.735 0 0 0 1.62963 100 39 3.9397 100 28 0 0 0 -3.16342 100 24 0 0 0 0 0 0 0 0 0 0 0
42100 -162.351 0 0 0 0.886884 100 50 1.76082 100 27 0 0 0 -2.60199 100 31 0 0 0 0 0 0 0 0 0 0 0
42200 -164.725 0 0 0 0.930891 100 43 -1.2947 100 18 0 0 0 -2.20013 100 29 0 0 0 0 0 0 0 0 0 0 0
42300 -162.716 0 0 0 1.33922 100 44 2.7297 100 22 0 0 0 -2.96149 100 39 0 0 0 0 0 0 0 0 0 0 0
42400 -162.566 0 0 0 2.07282 100 37 4.51501 100 24 0 0 0 -2.96641 100 24 0 0 0 0 0 0 0 0 0 0 0
42500 -163.672 0 0 0 1.12295 100 44 0.745217 100 24 0 0 0 -2.2427 100 25 0 0 0 0 0 0 0 0 0 0 0
42600 -162.985 0 0 0 0.799185 100 49 0.355148 100 22 0 0 0 -2.37424 100 28 0 0 0 0 0 0 0 0 0 0 0
42700 -163.647 0 0 0 1.51803 100 39 3.88466 100 19 0 0 0 -2.54701 100 30 0 0 0 0 0 0 0 0 0 0 0
42800 -164.751 0 0 0 0.719178 100 42 1.62121 100 15 0 0 0 -2.87141 100 39 0 0 0 0 0 0 0 0 0 0 0
42900 -163.032 0 0 0 1.44118 100 42 4.31736 100 34 0 0 0 -3.19157 100 27 0 0 0 0 0 0 0 0 0 0 0
43000 -162.133 0 0 0 1.41206 100 48 2.21514 100 20 0 0 0 -2.5968 100 27 0 0 0 0 0 0 0 0 0 0 0
43100 -169.207 0 0 0 2.43912 100 38 6.4888 100 25 0 0 0 -2.85305 100 23 0 0 0 0 0 0 0 0 0 0 0
43200 -163.271 0 0 0 1.12367 100 35 0.82329 100 23 0 0 0 -2.29416 100 32 0 0 0 0 0 0 0 0 0 0 0
43300 -163.208 0 0 0 1.12853 100 48 5.47238 100 27 0 0 0 -2.91649 100 25 0 0 0 0 0 0 0 0 0 0 0
43400 -162.221 0 0 0 1.65012 100 49 2.45828 100 22 0 0 0 -2.77743 100 28 0 0 0 0 0 0 0 0 0 0 0
43500 -164.478 0 0 0 2.41435 100 46 8.26071 100 24 0 0 0 -3.72301 100 25 0 0 0 0 0 0 0 0 0 0 0
43600 -161.901 0 0 0 1.45081 100 48 4.46533 100 21 0 0 0 -2.9623 100 28 0 0 0 0 0 0 0 0 0 0 0
43700 -162.251 0 0 0 0.92538 100 35 1.68763 100 25 0 0 0 -2.47703 100 24 0 0 0 0 0 0 0 0 0 0 0
43800 -163.193 0 0 0 1.31046 100 49 0.600411 100 30 0 0 0 -2.41772 100 20 0 0 0 0 0 0 0 0 0 0 0
43900 -165.683 0 0 0 2.85087 100 52 9.11928 100 20 0 0 0 -3.74143 100 31 0 0 0 0 0 0 0 0 0 0 0
44000 -162.293 0 0 0 1.18021 100 42 4.24488 100 29 0 0 0 -2.73654 100 24 0 0 0 0 0 0 0 0 0 0 0
44100 -162.638 0 0 0 1.57867 100 48 2.34689 100 23 0 0 0 -2.57034 100 17 0 0 0 0 0 0 0 0 0 0 0
44200 -163.222 0 0 0 2.2689 100 48 6.89749 100 19 0 0 0 -3.33474 100 26 0 0 0 0 0 0 0 0 0 0 0
44300 -162.486 0 0 0 1.05657 100 44 1.19347 100 18 0 0 0 -2.42163 100 30 0 0 0 0 0 0 0 0 0 0 0
44400 -163.413 0 0 0 1.60156 100 47 1.12135 100 21 0 0 0 -2.77649 100 30 0 0 0 0 0 0 0 0 0 0 0
44500 -162.355 0 0 0 1.58856 100 39 4.1724 100 24 0 0 0 -3.11976 100 33 0 0 0 0 0 0 0 0 0 0 0
44600 -165.268 0 0 0 1.46406 100 43 4.8137 100 25 0 0 0 -2.54913 100 21 0 0 0 0 0 0 0 0 0 0 0
44700 -165.449 0 0 0 0.161133 100 50 -1.24315 100 19 0 0 0 -1.98729 100 29 0 0 0 0 0 0 0 0 0 0 0
44800 -164.648 0 0 0 1.38912 100 46 5.72822 100 34 0 0 0 -3.43538 100 20 0 0 0 0 0 0 0 0 0 0 0
44900 -162.274 0 0 0 2.00956 100 52 5.29726 100 16 0 0 0 -3.0973 100 29 0 0 0 0 0 0 0 0 0 0 0
45000 -161.954 0 0 0 1.78922 100 40 4.49128 100 24 0 0 0 -3.06668 100 30 0 0 0 0 0 0 0 0 0 0 0
45100 -162.143 0 0 0 1.37992 100 46 3.84265 100 24 0 0 0 -2.68681 100 23 0 0 0 0 0 0 0 0 0 0 0
45200 -162.654 0 0 0 1.15421 100 40 3.14509 100 27 0 0 0 -2.94875 100 31 0 0 0 0 0 0 0 0 0 0 0
45300 -161.841 0 0 0 1.64045 100 37 3.37201 100 23 0 0 0 -2.85111 100 28 0 0 0 0 0 0 0 0 0 0 0
45400 -164.532 0 0 0 0.922537 100 48 -0.400118 100 21 0 0 0 -2.10872 100 28 0 0 0 0 0 0 0 0 0 0 0
45500 -161.949 0 0 0 1.66296 100 42 3.5645 100 25 0 0 0 -2.96593 100 23 0 0 0 0 0 0 0 0 0 0 0
45600 -163.706 0 0 0 1.70844 100 42 4.44589 100 29 0 0 0 -3.34332 100 28 0 0 0 0 0 0 0 0 0 0 0
45700 -165.644 0 0 0 2.11765 100 47 7.97324 100 19 0 0 0 -3.84424 100 29 0 0 0 0 0 0 0 0 0 0 0
45800 -163.082 0 0 0 2.18159 100 44 3.90328 100 17 0 0 0 -2.94221 100 30 0 0 0 0 0 0 0 0 0 0 0
45900 -162.309 0 0 0 1.17035 100 39 2.21414 100 22 0 0 0 -2.77975 100 28 0 0 0 0 0 0 0 0 0 0 0
46000 -163.054 0 0 0 1.99574 100 36 3.50797 100 17 0 0 0 -3.16736 100 23 0 0 0 0 0 0 0 0 0 0 0
46100 -163.287 0 0 0 1.42768 100 50 0.946382 100 16 0 0 0 -2.42992 100 18 0 0 0 0 0 0 0 0 0 0 0
46200 -162.325 0 0 0 1.98697 100 42 5.50472 100 23 0 0 0 -3.23913 100 29 0 0 0 0 0 0 0 0 0 0 0
46300 -163.326 0 0 0 1.18033 100 48 1.17217 100 28 0 0 0 -2.77636 100 26 0 0 0 0 0 0 0 0 0 0 0
46400 -164.301 0 0 0 2.5457 100 53 7.1194 100 27 0 0 0 -3.73232 100 22 0 0 0 0 0 0 0 0 0 0 0
46500 -161.785 0 0 0 1.4644 100 40 4.14572 100 27 0 0 0 -2.87267 100 24 0 0 0 0 0 0 0 0 0 0 0
46600 -164.204 0 0 0 1.84369 100 44 6.31711 100 24 0 0 0 -2.94455 100 20 0 0 0 0 0 0 0 0 0 0 0
46700 -162.87 0 0 0 2.2639 100 49 5.27038 100 25 0 0 0 -3.11301 100 32 0 0 0 0 0 0 0 0 0 0 0
46800 -162.274 0 0 0 2.00033 100 35 4.67166 100 18 0 0 0 -3.0004 100 37 0 0 0 0 0 0 0 0 0 0 0
46900 -162.586 0 0 0 1.9593 100 35 5.52037 100 22 0 0 0 -3.31714 100 27 0 0 0 0 0 0 0 0 0 0 0
47000 -162.131 0 0 0 1.61484 100 36 4.15219 100 20 0 0 0 -2.78041 100 30 0 0 0 0 0 0 0 0 0 0 0
47100 -161.883 0 0 0 1.53192 100 47 3.18654 100 17 0 0 0 -2.72782 100 37 0 0 0 0 0 0 0 0 0 0 0
47200 -166.135 0 0 0 2.44778 100 45 2.60305 100 25 0 0 0 -3.31451 100 29 0 0 0 0 0 0 0 0 0 0 0
47300 -161.808 0 0 0 1.40684 100 49 4.03133 100 21 0 0 0 -2.82416 100 30 0 0 0 0 0 0 0 0 0 0 0
47400 -162.592 0 0 0 1.28423 100 46 4.64773 100 18 0 0 0 -3.08494 100 27 0 0 0 0 0 0 0 0 0 0 0
47500 -161.741 0 0 0 1.41771 100 38 3.14004 100 21 0 0 0 -2.76935 100 25 0 0 0 0 0 0 0 0 0 0 0
47600 -165.642 0 0 0 2.06785 100 35 1.27874 100 21 0 0 0 -3.06405 100 25 0 0 0 0 0 0 0 0 0 0 0
47700 -162.158 0 0 0 1.07661 100 47 3.4502 100 23 0 0 0 -2.62765 100 25 0 0 0 0 0 0 0 0 0 0 0
47800 -163.101 0 0 0 1.77229 100 45 1.85796 100 22 0 0 0 -2.85544 100 28 0 0 0 0 0 0 0 0 0 0 0
47900 -163.397 0 0 0 2.30652 100 46 7.18726 100 18 0 0 0 -3.4007 100 21 0 0 0 0 0 0 0 0 0 0 0
48000 -162.878 0 0 0 1.39883 100 37 1.59671 100 24 0 0 0 -2.44752 100 26 0 0 0 0 0 0 0 0 0 0 0
48100 -162.558 0 0 0 1.0287 100 40 4.03298 100 20 0 0 0 -2.9289 100 25 0 0 0 0 0 0 0 0 0 0 0
48200 -165.447 0 0 0 1.44625 100 44 -1.06781 100 26 0 0 0 -2.40609 100 29 0 0 0 0 0 0 0 0 0 0 0
48300 -163.528 0 0 0 2.02878 100 37 6.31222 100 24 0 0 0 -3.52334 100 21 0 0 0 0 0 0 0 0 0 0 0
48400 -161.976 0 0 0 1.27189 100 39 4.23256 100 22 0 0 0 -2.83219 100 34 0 0 0 0 0 0 0 0 0 0 0
48500 -163.918 0 0 0 2.28145 100 27 4.96361 100 16 0 0 0 -3.48149 100 25 0 0 0 0 0 0 0 0 0 0 0
48600 -162.077 0 0 0 1.92725 100 46 4.95708 100 22 0 0 0 -3.10067 100 28 0 0 0 0 0 0 0 0 0 0 0
48700 -163.778 0 0 0 1.85289 100 38 6.59837 100 28 0 0 0 -3.51798 100 29 0 0 0 0 0 0 0 0 0 0 0
48800 -163.359 0 0 0 2.50881 100 38 5.45613 100 23 0 0 0 -3.31079 100 27 0 0 0 0 0 0 0 0 0 0 0
48900 -161.945 0 0 0 1.53185 100 42 3.32671 100 26 0 0 0 -2.71335 100 19 0 0 0 0 0 0 0 0 0 0 0
49000 -163.624 0 0 0 1.21634 100 45 3.98851 100 19 0 0 0 -2.51344 100 23 0 0 0 0 0 0 0 0 0 0 0
49100 -162.922 0 0 0 0.826073 100 45 2.32185 100 22 0 0 0 -2.77581 100 20 0 0 0 0 0 0 0 0 0 0 0
49200 -162.002 0 0 0 1.26957 100 38 3.98013 100 18 0 0 0 -2.74324 100 27 0 0 0 0 0 0 0 0 0 0 0
49300 -162.599 0 0 0 0.660519 100 44 2.52901 100 16 0 0 0 -2.57175 100 31 0 0 0 0 0 0 0 0 0 0 0
49400 -163.54 0 0 0 1.22684 100 45 1.1868 100 31 0 0 0 -2.81566 100 25 0 0 0 0 0 0 0 0 0 0 0
49500 -162.787 0 0 0 1.22522 100 46 0.917273 100 21 0 0 0 -2.42756 100 28 0 0 0 0 0 0 0 0 0 0 0
49600 -163.068 0 0 0 0.848405 100 41 3.04017 100 26 0 0 0 -2.87583 100 32 0 0 0 0 0 0 0 0 0 0 0
49700 -163.258 0 0 0 0.651111 100 37 2.44377 100 26 0 0 0 -2.35089 100 29 0 0 0 0 0 0 0 0 0 0 0
49800 -164.712 0 0 0 2.74699 100 40 7.02108 100 21 0 0 0 -3.37046 100 24 0 0 0 0 0 0 0 0 0 0 0
49900 -163.022 0 0 0 1.39342 100 39 0.891876 100 31 0 0 0 -2.65386 100 29 0 0 0 0 0 0 0 0 0 0 0
50000 -162.651 0 0 0 2.04428 100 42 3.52237 100 20 0 0 0 -2.9268 100 22 0 0 0 0 0 0 0 0 0 0 0
50100 -165.069 0 0 0 2.30171 100 51 7.50444 100 22 0 0 0 -3.81867 100 23 0 0 0 0 0 0 0 0 0 0 0
50200 -164.117 0 0 0 0.392229 100 44 3.8224 100 25 0 0 0 -2.60834 100 23 0 0 0 0 0 0 0 0 0 0 0
50300 -164.083 0 0 0 1.3759 100 40 0.372267 100 33 0 0 0 -2.73886 100 22 0 0 0 0 0 0 0 0 0 0 0
50400 -162.037 0 0 0 1.05076 100 45 2.2102 100 27 0 0 0 -2.54035 100 31 0 0 0 0 0 0 0 0 0 0 0
50500 -163.307 0 0 0 0.83243 100 53 4.75609 100 21 0 0 0 -2.89308 100 26 0 0 0 0 0 0 0 0 0 0 0
50600 -161.974 0 0 0 1.04095 100 45 2.56928 100 18 0 0 0 -2.67214 100 27 0 0 0 0 0 0 0 0 0 0 0
50700 -163.134 0 0 0 0.84027 100 42 4.57981 100 18 0 0 0 -2.79148 100 14 0 0 0 0 0 0 0 0 0 0 0
50800 -161.807 0 0 0 1.2962 100 39 2.68971 100 20 0 0 0 -2.68139 100 23 0 0 0 0 0 0 0 0 0 0 0
50900 -163.472 0 0 0 0.810343 100 34 2.67337 100 21 0 0 0 -2.88249 100 21 0 0 0 0 0 0 0 0 0 0 0
51000 -162.925 0 0 0 1.31063 100 45 2.96303 100 24 0 0 0 -3.01166 100 23 0 0 0 0 0 0 0 0 0 0 0
51100 -162.48 0 0 0 1.33587 100 39 1.8357 100 20 0 0 0 -2.48514 100 25 0 0 0 0 0 0 0 0 0 0 0
51200 -162.463 0 0 0 1.61624 100 46 1.97346 100 25 0 0 0 -2.72013 100 23 0 0 0 0 0 0 0 0 0 0 0
51300 -162.296 0 0 0 2.07037 100 42 5.24753 100 29 0 0 0 -3.18077 100 27 0 0 0 0 0 0 0 0 0 0 0
51400 -162.035 0 0 0 1.66256 100 36 4.8774 100 29 0 0 0 -3.09826 100 31 0 0 0 0 0 0 0 0 0 0 0
51500 -161.831 0 0 0 1.30665 100 45 3.87834 100 20 0 0 0 -2.79442 100 31 0 0 0 0 0 0 0 0 0 0 0
51600 -163.424 0 0 0 1.35139 100 56 0.334939 100 29 0 0 0 -2.44859 100 32 0 0 0 0 0 0 0 0 0 0 0
51700 -163.41 0 0 0 1.43287 100 41 4.70633 100 24 0 0 0 -2.66561 100 30 0 0 0 0 0 0 0 0 0 0 0
51800 -163.548 0 0 0 1.35249 100 45 0.715346 100 26 0 0 0 -2.73237 100 26 0 0 0 0 0 0 0 0 0 0 0
51900 -164.414 0 0 0 0.517969 100 41 3.47945 100 27 0 0 0 -2.91669 100 22 0 0 0 0 0 0 0 0 0 0 0
52000 -162.943 0 0 0 1.49706 100 48 6.05397 100 22 0 0 0 -3.06684 100 26 0 0 0 0 0 0 0 0 0 0 0
52100 -162.704 0 0 0 2.13031 100 36 6.09639 100 27 0 0 0 -3.36345 100 23 0 0 0 0 0 0 0 0 0 0 0
52200 -164.175 0 0 0 2.49889 100 43 4.54645 100 18 0 0 0 -3.41267 100 31 0 0 0 0 0 0 0 0 0 0 0
52300 -163.283 0 0 0 1.7713 100 47 6.8768 100 27 0 0 0 -3.30136 100 27 0 0 0 0 0 0 0 0 0 0 0
52400 -164.805 0 0 0 1.21589 100 50 3.826 100 33 0 0 0 -2.40372 100 24 0 0 0 0 0 0 0 0 0 0 0
52500 -164.54 0 0 0 1.41426 100 43 -0.499026 100 27 0 0 0 -2.42828 100 32 0 0 0 0 0 0 0 0 0 0 0
52600 -162.939 0 0 0 2.29461 100 39 6.28885 100 29 0 0 0 -3.27622 100 29 0 0 0 0 0 0 0 0 0 0 0
52700 -163.205 0 0 0 1.63524 100 49 6.29401 100 25 0 0 0 -3.33839 100 29 0 0 0 0 0 0 0 0 0 0 0
52800 -162.475 0 0 0 1.99485 100 39 3.47974 100 25 0 0 0 -2.96652 100 27 0 0 0 0 0 0 0 0 0 0 0
52900 -162.426 0 0 0 1.70704 100 48 2.43865 100 29 0 0 0 -2.71492 100 32 0 0 0 0 0 0 0 0 0 0 0
53000 -164.02 0 0 0 2.4585 100 44 5.59503 100 28 0 0 0 -3.56036 100 23 0 0 0 0 0 0 0 0 0 0 0
53100 -163.256 0 0 0 1.64798 100 41 2.63827 100 24 0 0 0 -3.06357 100 23 0 0 0 0 0 0 0 0 0 0 0
53200 -161.872 0 0 0 1.65199 100 41 3.53153 100 25 0 0 0 -2.81499 100 28 0 0 0 0 0 0 0 0 0 0 0
53300 -163.975 0 0 0 2.17841 100 46 2.51487 100 26 0 0 0 -2.87548 100 26 0 0 0 0 0 0 0 0 0 0 0
53400 -165.968 0 0 0 2.80173 100 43 8.25197 100 18 0 0 0 -4.02653 100 24 0 0 0 0 0 0 0 0 0 0 0
53500 -163.189 0 0 0 1.68087 100 41 3.42841 100 15 0 0 0 -2.59471 100 25 0 0 0 0 0 0 0 0 0 0 0
53600 -165.636 0 0 0 0.932043 100 43 2.77269 100 26 0 0 0 -3.14148 100 23 0 0 0 0 0 0 0 0 0 0 0
53700 -162.721 0 0 0 1.95163 100 45 2.90323 100 26 0 0 0 -2.8555 100 27 0 0 0 0 0 0 0 0 0 0 0
53800 -163.73 0 0 0 0.875435 100 37 4.16259 100 22 0 0 0 -3.04806 100 30 0 0 0 0 0 0 0 0 0 0 0
53900 -162.556 0 0 0 0.849757 100 53 1.88044 100 25 0 0 0 -2.3885 100 24 0 0 0 0 0 0 0 0 0 0 0
54000 -162.267 0 0 0 1.5638 100 35 2.72192 100 24 0 0 0 -2.91115 100 26 0 0 0 0 0 0 0 0 0 0 0
54100 -162.133 0 0 0 1.44463 100 42 4.99818 100 23 0 0 0 -2.98081 100 20 0 0 0 0 0 0 0 0 0 0 0
54200 -162.283 0 0 0 0.846494 100 46 3.03812 100 29 0 0 0 -2.63197 100 20 0 0 0 0 0 0 0 0 0 0 0
54300 -163.155 0 0 0 1.8925 100 51 5.78876 100 18 0 0 0 -3.41788 100 25 0 0 0 0 0 0 0 0 0 0 0
54400 -162.693 0 0 0 2.22513 100 40 4.62748 100 27 0 0 0 -3.11272 100 32 0 0 0 0 0 0 0 0 0 0 0
54500 -161.947 0 0 0 1.06093 100 50 3.18598 100 29 0 0 0 -2.70427 100 28 0 0 0 0 0 0 0 0 0 0 0
54600 -162.541 0 0 0 1.49459 100 41 2.70579 100 25 0 0 0 -2.95769 100 19 0 0 0 0 0 0 0 0 0 0 0
54700 -162.642 0 0 0 0.687972 100 41 2.25697 100 26 0 0 0 -2.44184 100 27 0 0 0 0 0 0 0 0 0 0 0
54800 -161.762 0 0 0 1.5347 100 43 3.59965 100 16 0 0 0 -2.89064 100 21 0 0 0 0 0 0 0 0 0 0 0
54900 -163.322 0 0 0 1.05017 100 39 0.836835 100 27 0 0 0 -2.26463 100 37 0 0 0 0 0 0 0 0 0 0 0
55000 -161.822 0 0 0 1.33757 100 40 2.68274 100 20 0 0 0 -2.73555 100 21 0 0 0 0 0 0 0 0 0 0 0
55100 -163.468 0 0 0 0.557034 100 37 2.60003 100 22 0 0 0 -2.74758 100 34 0 0 0 0 0 0 0 0 0 0 0
55200 -161.768 0 0 0 1.42386 100 34 3.90129 100 33 0 0 0 -2.81963 100 37 0 0 0 0 0 0 0 0 0 0 0
55300 -164.721 0 0 0 2.31908 100 47 2.3982 100 22 0 0 0 -2.994 100 26 0 0 0 0 0 0 0 0 0 0 0
55400 -164.28 0 0 0 2.40432 100 36 6.48156 100 16 0 0 0 -3.68297 100 25 0 0 0 0 0 0 0 0 0 0 0
55500 -162.52 0 0 0 2.03314 100 42 3.69956 100 21 0 0 0 -3.05155 100 30 0 0 0 0 0 0 0 0 0 0 0
55600 -168.563 0 0 0 1.23597 100 40 1.86318 100 35 0 0 0 -3.31731 100 28 0 0 0 0 0 0 0 0 0 0 0
55700 -162.623 0 0 0 1.09204 100 45 4.7858 100 24 0 0 0 -2.9339 100 22 0 0 0 0 0 0 0 0 0 0 0
55800 -162.433 0 0 0 0.979447 100 39 2.30472 100 23 0 0 0 -2.43675 100 31 0 0 0 0 0 0 0 0 0 0 0
55900 -162.691 0 0 0 1.83553 100 44 5.38039 100 25 0 0 0 -2.93822 100 26 0 0 0 0 0 0 0 0 0 0 0
56000 -162.091 0 0 0 0.950949 100 47 2.14157 100 25 0 0 0 -2.55995 100 30 0 0 0 0 0 0 0 0 0 0 0
56100 -164.089 0 0 0 1.19056 100 42 0.374957 100 27 0 0 0 -2.22564 100 29 0 0 0 0 0 0 0 0 0 0 0
56200 -162.954 0 0 0 1.15557 100 40 5.30405 100 22 0 0 0 -3.04366 100 23 0 0 0 0 0 0 0 0 0 0 0
56300 -162.433 0 0 0 1.19213 100 41 3.8867 100 25 0 0 0 -2.98549 100 23 0 0 0 0 0 0 0 0 0 0 0
56400 -161.862 0 0 0 1.51017 100 49 2.96084 100 24 0 0 0 -2.82741 100 27 0 0 0 0 0 0 0 0 0 0 0
56500 -162.187 0 0 0 1.5114 100 43 2.16269 100 21 0 0 0 -2.66137 100 31 0 0 0 0 0 0 0 0 0 0 0
56600 -162.857 0 0 0 1.34101 100 42 2.81158 100 18 0 0 0 -2.99165 100 22 0 0 0 0 0 0 0 0 0 0 0
56700 -163.033 0 0 0 1.39614 100 38 1.16151 100 32 0 0 0 -2.74076 100 35 0 0 0 0 0 0 0 0 0 0 0
56800 -163.053 0 0 0 0.743304 100 43 2.87459 100 16 0 0 0 -2.42342 100 31 0 0 0 0 0 0 0 0 0 0 0
56900 -162.462 0 0 0 1.94166 100 48 3.36064 100 20 0 0 0 -2.87297 100 23 0 0 0 0 0 0 0 0 0 0 0
57000 -163.713 0 0 0 0.681268 100 41 1.91409 100 23 0 0 0 -2.77952 100 26 0 0 0 0 0 0 0 0 0 0 0
57100 -162.43 0 0 0 2.14641 100 42 4.85874 100 27 0 0 0 -3.13668 100 23 0 0 0 0 0 0 0 0 0 0 0
57200 -162.709 0 0 0 0.967821 100 39 0.737523 100 18 0 0 0 -2.49359 100 21 0 0 0 0 0 0 0 0 0 0 0
57300 -164.19 0 0 0 1.08354 100 49 -0.04113 100 18 0 0 0 -2.1878 100 25 0 0 0 0 0 0 0 0 0 0 0
57400 -163.867 0 0 0 2.57747 100 46 5.98757 100 22 0 0 0 -3.25136 100 26 0 0 0 0 0 0 0 0 0 0 0
57500 -162.462 0 0 0 0.80392 100 40 1.48726 100 22 0 0 0 -2.42121 100 17 0 0 0 0 0 0 0 0 0 0 0
57600 -161.884 0 0 0 1.63583 100 50 4.64067 100 33 0 0 0 -2.95274 100 37 0 0 0 0 0 0 0 0 0 0 0
57700 -163.825 0 0 0 2.65651 100 45 6.4487 100 16 0 0 0 -3.55195 100 28 0 0 0 0 0 0 0 0 0 0 0
57800 -162.652 0 0 0 1.78909 100 40 5.52058 100 24 0 0 0 -2.96062 100 23 0 0 0 0 0 0 0 0 0 0 0
57900 -162.234 0 0 0 1.86185 100 40 3.31068 100 19 0 0 0 -2.88407 100 25 0 0 0 0 0 0 0 0 0 0 0
58000 -162.524 0 0 0 1.07035 100 38 1.23573 100 24 0 0 0 -2.6124 100 19 0 0 0 0 0 0 0 0 0 0 0
58100 -164.452 0 0 0 0.344003 100 36 4.07793 100 24 0 0 0 -2.72359 100 30 0 0 0 0 0 0 0 0 0 0 0
58200 -163.323 0 0 0 0.822879 100 38 0.304471 100 25 0 0 0 -2.51613 100 32 0 0 0 0 0 0 0 0 0 0 0
58300 -164.015 0 0 0 0.673575 100 43 4.52983 100 23 0 0 0 -2.64681 100 20 0 0 0 0 0 0 0 0 0 0 0
58400 -162.682 0 0 0 0.646064 100 47 1.39915 100 25 0 0 0 -2.43883 100 25 0 0 0 0 0 0 0 0 0 0 0
58500 -163.081 0 0 0 1.44535 100 48 5.18586 100 23 0 0 0 -3.24825 100 31 0 0 0 0 0 0 0 0 0 0 0
58600 -161.792 0 0 0 1.61412 100 38 4.28145 100 26 0 0 0 -2.92548 100 26 0 0 0 0 0 0 0 0 0 0 0
58700 -164.82 0 0 0 0.599943 100 41 4.74953 100 29 0 0 0 -2.61657 100 24 0 0 0 0 0 0 0 0 0 0 0
58800 -162.059 0 0 0 1.47043 100 33 3.10841 100 31 0 0 0 -2.92075 100 26 0 0 0 0 0 0 0 0 0 0 0
58900 -163.167 0 0 0 1.15584 100 33 5.12035 100 24 0 0 0 -3.1229 100 30 0 0 0 0 0 0 0 0 0 0 0
59000 -162.042 0 0 0 1.27419 100 49 4.33377 100 19 0 0 0 -2.82391 100 29 0 0 0 0 0 0 0 0 0 0 0
59100 -162.171 0 0 0 0.890718 100 52 2.4125 100 20 0 0 0 -2.54053 100 32 0 0 0 0 0 0 0 0 0 0 0
59200 -161.946 0 0 0 1.59032 100 42 3.5797 100 18 0 0 0 -2.75491 100 27 0 0 0 0 0 0 0 0 0 0 0
59300 -164.564 0 0 0 1.89974 100 40 7.84892 100 26 0 0 0 -3.5972 100 30 0 0 0 0 0 0 0 0 0 0 0
59400 -162.798 0 0 0 2.00162 100 43 4.07873 100 18 0 0 0 -3.21356 100 23 0 0 0 0 0 0 0 0 0 0 0
59500 -164.012 0 0 0 1.43802 100 43 6.91679 100 10 0 0 0 -3.22627 100 31 0 0 0 0 0 0 0 0 0 0 0
59600 -164.468 0 0 0 2.3408 100 45 3.94411 100 19 0 0 0 -3.39491 100 26 0 0 0 0 0 0 0 0 0 0 0
59700 -163.098 0 0 0 1.07883 100 42 4.74681 100 30 0 0 0 -3.07086 100 23 0 0 0 0 0 0 0 0 0 0 0
59800 -163.052 0 0 0 1.91237 100 51 5.5438 100 21 0 0 0 -2.93792 100 24 0 0 0 0 0 0 0 0 0 0 0
59900 -161.795 0 0 0 1.36279 100 50 3.36136 100 24 0 0 0 -2.71658 100 20 0 0 0 0 0 0 0 0 0 0 0
60000 -164.847 0 0 0 0.492012 100 39 1.47689 100 23 0 0 0 -2.09635 100 20 0 0 0 0 0 0 0 0 0 0 0
60100 -163.166 0 0 0 1.71928 100 40 5.82319 100 32 0 0 0 -2.93654 100 22 0 0 0 0 0 0 0 0 0 0 0
60200 -162.519 0 0 0 1.66545 100 41 2.19409 100 25 0 0 0 -2.67153 100 31 0 0 0 0 0 0 0 0 0 0 0
60300 -164 0 0 0 2.65627 100 42 5.79778 100 18 0 0 0 -3.51757 100 25 0 0 0 0 0 0 0 0 0 0 0
60400 -163.393 0 0 0 2.27392 100 45 4.06626 100 33 0 0 0 -2.97195 100 29 0 0 0 0 0 0 0 0 0 0 0
60500 -162.054 0 0 0 1.61907 100 41 3.04459 100 22 0 0 0 -2.71996 100 17 0 0 0 0 0 0 0 0 0 0 0
60600 -163.423 0 0 0 0.833596 100 53 0.375175 100 30 0 0 0 -2.55717 100 24 0 0 0 0 0 0 0 0 0 0 0
60700 -163.013 0 0 0 2.37575 100 41 6.22069 100 29 0 0 0 -3.3174 100 32 0 0 0 0 0 0 0 0 0 0 0
60800 -162.938 0 0 0 0.803872 100 45 3.83091 100 21 0 0 0 -2.61013 100 26 0 0 0 0 0 0 0 0 0 0 0
60900 -163.558 0 0 0 2.28924 100 38 4.27876 100 26 0 0 0 -3.32705 100 33 0 0 0 0 0 0 0 0 0 0 0
61000 -163.446 0 0 0 0.845831 100 35 4.26684 100 20 0 0 0 -2.99116 100 25 0 0 0 0 0 0 0 0 0 0 0
61100 -161.755 0 0 0 1.48856 100 41 4.0502 100 23 0 0 0 -2.8935 100 25 0 0 0 0 0 0 0 0 0 0 0
61200 -163.534 0 0 0 2.41572 100 43 6.70483 100 24 0 0 0 -3.5762 100 31 0 0 0 0 0 0 0 0 0 0 0
61300 -163.344 0 0 0 0.448385 100 40 1.71339 100 18 0 0 0 -2.31106 100 28 0 0 0 0 0 0 0 0 0 0 0
61400 -161.745 0 0 0 1.55767 100 44 3.97219 100 25 0 0 0 -2.88491 100 26 0 0 0 0 0 0 0 0 0 0 0
61500 -162.925 0 0 0 1.45507 100 37 2.1311 100 27 0 0 0 -2.46667 100 29 0 0 0 0 0 0 0 0 0 0 0
61600 -163.268 0 0 0 1.83861 100 44 5.82141 100 22 0 0 0 -2.94298 100 30 0 0 0 0 0 0 0 0 0 0 0
61700 -162.146 0 0 0 1.42569 100 51 2.63509 100 31 0 0 0 -2.59324 100 32 0 0 0 0 0 0 0 0 0 0 0
61800 -162.256 0 0 0 1.33205 100 52 4.82162 100 24 0 0 0 -3.01546 100 32 0 0 0 0 0 0 0 0 0 0 0
61900 -163.422 0 0 0 2.33496 100 44 5.37898 100 16 0 0 0 -3.07223 100 26 0 0 0 0 0 0 0 0 0 0 0
62000 -162.215 0 0 0 1.62034 100 46 2.43668 100 29 0 0 0 -2.80699 100 37 0 0 0 0 0 0 0 0 0 0 0
62100 -163.431 0 0 0 0.635636 100 50 0.146655 100 25 0 0 0 -2.22162 100 25 0 0 0 0 0 0 0 0 0 0 0
62200 -162.989 0 0 0 2.22113 100 41 3.96543 100 18 0 0 0 -3.14546 100 32 0 0 0 0 0 0 0 0 0 0 0
62300 -162.415 0 0 0 0.774653 100 48 2.78873 100 21 0 0 0 -2.65184 100 23 0 0 0 0 0 0 0 0 0 0 0
62400 -163.677 0 0 0 2.04562 100 50 7.5081 100 12 0 0 0 -3.42175 100 33 0 0 0 0 0 0 0 0 0 0 0
62500 -162.372 0 0 0 2.11021 100 49 5.28666 100 21 0 0 0 -3.1498 100 28 0 0 0 0 0 0 0 0 0 0 0
62600 -164.524 0 0 0 0.50749 100 44 3.73175 100 27 0 0 0 -2.44124 100 25 0 0 0 0 0 0 0 0 0 0 0
62700 -164.278 0 0 0 1.21387 100 49 5.15028 100 28 0 0 0 -2.65858 100 29 0 0 0 0 0 0 0 0 0 0 0
62800 -166.496 0 0 0 0.787945 100 36 3.6568 100 16 0 0 0 -3.24194 100 27 0 0 0 0 0 0 0 0 0 0 0
62900 -163.41 0 0 0 1.13913 100 42 3.18241 100 19 0 0 0 -2.41853 100 33 0 0 0 0 0 0 0 0 0 0 0
63000 -161.832 0 0 0 1.2212 100 38 2.69337 100 29 0 0 0 -2.71465 100 35 0 0 0 0 0 0 0 0 0 0 0
63100 -164.299 0 0 0 2.39362 100 42 3.9097 100 27 0 0 0 -2.94692 100 32 0 0 0 0 0 0 0 0 0 0 0
63200 -162.264 0 0 0 1.64729 100 41 5.37036 100 18 0 0 0 -2.99831 100 31 0 0 0 0 0 0 0 0 0 0 0
63300 -162.435 0 0 0 1.17958 100 44 2.56797 100 22 0 0 0 -2.85693 100 35 0 0 0 0 0 0 0 0 0 0 0
63400 -162.036 0 0 0 1.84918 100 46 3.98473 100 23 0 0 0 -3.02309 100 24 0 0 0 0 0 0 0 0 0 0 0
63500 -161.737 0 0 0 1.41433 100 49 3.7598 100 30 0 0 0 -2.82144 100 19 0 0 0 0 0 0 0 0 0 0 0
63600 -162.31 0 0 0 1.03229 100 45 3.97536 100 24 0 0 0 -2.85403 100 28 0 0 0 0 0 0 0 0 0 0 0
63700 -162.066 0 0 0 1.21492 100 43 3.34154 100 20 0 0 0 -2.87961 100 32 0 0 0 0 0 0 0 0 0 0 0
63800 -163.277 0 0 0 2.1528 100 55 3.78339 100 24 0 0 0 -2.87664 100 29 0 0 0 0 0 0 0 0 0 0 0
63900 -162.785 0 0 0 1.5536 100 47 5.71758 100 20 0 0 0 -2.96707 100 30 0 0 0 0 0 0 0 0 0 0 0
64000 -163.213 0 0 0 0.592206 100 48 1.8351 100 24 0 0 0 -2.6517 100 36 0 0 0 0 0 0 0 0 0 0 0
64100 -166.066 0 0 0 1.6067 100 45 3.76665 100 25 0 0 0 -2.40562 100 31 0 0 0 0 0 0 0 0 0 0 0
64200 -162.594 0 0 0 1.79972 100 44 2.71978 100 26 0 0 0 -2.95291 100 38 0 0 0 0 0 0 0 0 0 0 0
64300 -165.189 0 0 0 2.75161 100 41 7.51033 100 27 0 0 0 -3.88325 100 32 0 0 0 0 0 0 0 0 0 0 0
64400 -163.022 0 0 0 2.33014 100 41 6.22871 100 16 0 0 0 -3.4373 100 26 0 0 0 0 0 0 0 0 0 0 0
64500 -163.41 0 0 0 1.67869 100 43 5.75327 100 23 0 0 0 -2.88692 100 25 0 0 0 0 0 0 0 0 0 0 0
64600 -163.065 0 0 0 2.26075 100 38 4.11398 100 18 0 0 0 -3.17996 100 29 0 0 0 0 0 0 0 0 0 0 0
64700 -163.417 0 0 0 0.482877 100 39 2.91337 100 24 0 0 0 -2.45912 100 29 0 0 0 0 0 0 0 0 0 0 0
64800 -163.521 0 0 0 2.2057 100 43 3.11271 100 33 0 0 0 -2.94258 100 22 0 0 0 0 0 0 0 0 0 0 0
64900 -162.135 0 0 0 0.981938 100 46 3.02569 100 21 0 0 0 -2.74676 100 32 0 0 0 0 0 0 0 0 0 0 0
65000 -163.542 0 0 0 0.571069 100 49 2.74508 100 20 0 0 0 -2.37007 100 24 0 0 0 0 0 0 0 0 0 0 0
65100 -161.777 0 0 0 1.34708 100 43 3.60196 100 30 0 0 0 -2.75773 100 22 0 0 0 0 0 0 0 0 0 0 0
65200 -162.681 0 0 0 1.76431 100 44 3.67857 100 26 0 0 0 -3.14131 100 30 0 0 0 0 0 0 0 0 0 0 0
65300 -164.777 0 0 0 1.16467 100 43 -1.07491 100 19 0 0 0 -2.27962 100 26 0 0 0 0 0 0 0 0 0 0 0
65400 -164.125 0 0 0 1.57352 100 55 7.21806 100 16 0 0 0 -3.26114 100 24 0 0 0 0 0 0 0 0 0 0 0
65500 -163.588 0 0 0 0.318843 100 42 1.46253 100 26 0 0 0 -2.48267 100 26 0 0 0 0 0 0 0 0 0 0 0
65600 -164.609 0 0 0 0.113121 100 48 -0.310803 100 21 0 0 0 -2.20948 100 25 0 0 0 0 0 0 0 0 0 0 0
65700 -162.026 0 0 0 1.29491 100 41 2.54793 100 24 0 0 0 -2.57642 100 25 0 0 0 0 0 0 0 0 0 0 0
65800 -162.68 0 0 0 2.18511 100 45 4.70386 100 20 0 0 0 -3.05223 100 25 0 0 0 0 0 0 0 0 0 0 0
65900 -162.713 0 0 0 1.60842 100 52 2.89395 100 23 0 0 0 -3.02418 100 34 0 0 0 0 0 0 0 0 0 0 0
66000 -162.536 0 0 0 1.4601 100 41 5.27021 100 22 0 0 0 -3.1526 100 25 0 0 0 0 0 0 0 0 0 0 0
66100 -163.799 0 0 0 0.284948 100 47 1.53071 100 14 0 0 0 -2.27307 100 30 0 0 0 0 0 0 0 0 0 0 0
66200 -164.046 0 0 0 0.62446 100 45 2.92047 100 33 0 0 0 -2.32691 100 26 0 0 0 0 0 0 0 0 0 0 0
66300 -163.188 0 0 0 1.82435 100 40 1.78208 100 24 0 0 0 -2.77994 100 25 0 0 0 0 0 0 0 0 0 0 0
66400 -162.433 0 0 0 0.986368 100 37 1.21753 100 17 0 0 0 -2.43067 100 24 0 0 0 0 0 0 0 0 0 0 0
66500 -165.723 0 0 0 1.78104 100 42 3.37136 100 20 0 0 0 -3.41237 100 28 0 0 0 0 0 0 0 0 0 0 0
66600 -163.13 0 0 0 1.01194 100 34 0.837131 100 19 0 0 0 -2.28357 100 33 0 0 0 0 0 0 0 0 0 0 0
66700 -162.447 0 0 0 1.83684 100 50 5.74074 100 23 0 0 0 -3.07029 100 30 0 0 0 0 0 0 0 0 0 0 0
66800 -164.058 0 0 0 0.38808 100 48 2.73034 100 32 0 0 0 -2.74484 100 28 0 0 0 0 0 0 0 0 0 0 0
66900 -162.296 0 0 0 1.64044 100 45 2.33406 100 25 0 0 0 -2.7931 100 23 0 0 0 0 0 0 0 0 0 0 0
67000 -164.436 0 0 0 0.310216 100 50 2.06851 100 24 0 0 0 -2.22461 100 30 0 0 0 0 0 0 0 0 0 0 0
67100 -162.085 0 0 0 1.07519 100 40 3.66182 100 23 0 0 0 -2.81189 100 21 0 0 0 0 0 0 0 0 0 0 0
67200 -162.401 0 0 0 2.00435 100 39 5.39328 100 24 0 0 0 -3.26588 100 28 0 0 0 0 0 0 0 0 0 0 0
67300 -161.974 0 0 0 1.69954 100 40 4.2801 100 27 0 0 0 -2.86471 100 20 0 0 0 0 0 0 0 0 0 0 0
67400 -161.783 0 0 0 1.55033 100 38 3.78127 100 22 0 0 0 -2.81613 100 26 0 0 0 0 0 0 0 0 0 0 0
67500 -163.208 0 0 0 1.54536 100 45 2.98437 100 31 0 0 0 -3.09541 100 30 0 0 0 0 0 0 0 0 0 0 0
67600 -161.971 0 0 0 1.53698 100 39 4.15214 100 13 0 0 0 -3.02365 100 37 0 0 0 0 0 0 0 0 0 0 0
67700 -166.038 0 0 0 2.95197 100 32 5.78342 100 26 0 0 0 -3.75479 100 23 0 0 0 0 0 0 0 0 0 0 0
67800 -162.179 0 0 0 0.945897 100 43 2.70498 100 29 0 0 0 -2.54092 100 26 0 0 0 0 0 0 0 0 0 0 0
67900 -163.317 0 0 0 1.95602 100 40 5.97509 100 25 0 0 0 -2.99421 100 30 0 0 0 0 0 0 0 0 0 0 0
68000 -163.095 0 0 0 1.76133 100 45 5.49734 100 20 0 0 0 -3.36378 100 24 0 0 0 0 0 0 0 0 0 0 0
68100 -162.602 0 0 0 1.55704 100 45 4.52667 100 29 0 0 0 -3.18019 100 26 0 0 0 0 0 0 0 0 0 0 0
68200 -162.039 0 0 0 1.33369 100 46 2.38576 100 24 0 0 0 -2.58369 100 28 0 0 0 0 0 0 0 0 0 0 0
68300 -164.659 0 0 0 0.931782 100 42 2.22179 100 19 0 0 0 -3.00092 100 19 0 0 0 0 0 0 0 0 0 0 0
68400 -166.267 0 0 0 -0.099931 100 45 -1.6795 100 31 0 0 0 -2.09959 100 15 0 0 0 0 0 0 0 0 0 0 0
68500 -162.227 0 0 0 1.64239 100 47 4.28195 100 27 0 0 0 -2.78738 100 38 0 0 0 0 0 0 0 0 0 0 0
68600 -163.172 0 0 0 1.81737 100 51 6.29777 100 23 0 0 0 -3.40834 100 19 0 0 0 0 0 0 0 0 0 0 0
68700 -163.761 0 0 0 1.003 100 38 -0.38368 100 13 0 0 0 -2.45133 100 24 0 0 0 0 0 0 0 0 0 0 0
68800 -162.807 0 0 0 0.910518 100 46 2.64771 100 24 0 0 0 -2.82884 100 23 0 0 0 0 0 0 0 0 0 0 0
68900 -161.966 0 0 0 1.53992 100 45 4.646 100 20 0 0 0 -2.89741 100 27 0 0 0 0 0 0 0 0 0 0 0
69000 -163.241 0 0 0 1.67724 100 50 3.39953 100 12 0 0 0 -3.17143 100 22 0 0 0 0 0 0 0 0 0 0 0
69100 -162.512 0 0 0 2.03062 100 40 3.85517 100 33 0 0 0 -2.93074 100 26 0 0 0 0 0 0 0 0 0 0 0
69200 -162.474 0 0 0 1.72321 100 34 4.89282 100 25 0 0 0 -2.85867 100 24 0 0 0 0 0 0 0 0 0 0 0
69300 -161.832 0 0 0 1.18686 100 48 3.07689 100 27 0 0 0 -2.75347 100 30 0 0 0 0 0 0 0 0 0 0 0
69400 -161.822 0 0 0 1.46421 100 42 4.14783 100 26 0 0 0 -2.83984 100 29 0 0 0 0 0 0 0 0 0 0 0
69500 -163.294 0 0 0 1.2235 100 41 1.37407 100 26 0 0 0 -2.81457 100 25 0 0 0 0 0 0 0 0 0 0 0
69600 -162.061 0 0 0 1.06935 100 43 3.29232 100 26 0 0 0 -2.63203 100 29 0 0 0 0 0 0 0 0 0 0 0
69700 -163.712 0 0 0 1.70485 100 47 6.91319 100 22 0 0 0 -3.16029 100 33 0 0 0 0 0 0 0 0 0 0 0
69800 -165.881 0 0 0 0.502894 100 43 -2.09523 100 26 0 0 0 -1.98552 100 33 0 0 0 0 0 0 0 0 0 0 0
69900 -163.301 0 0 0 2.36207 100 46 6.84927 100 26 0 0 0 -3.34784 100 25 0 0 0 0 0 0 0 0 0 0 0
70000 -164.22 0 0 0 0.568496 100 43 2.59765 100 24 0 0 0 -2.85866 100 24 0 0 0 0 0 0 0 0 0 0 0
70100 -164.088 0 0 0 0.301394 100 42 -0.0645001 100 17 0 0 0 -2.16155 100 26 0 0 0 0 0 0 0 0 0 0 0
70200 -163.217 0 0 0 2.00366 100 46 2.77535 100 18 0 0 0 -3.04112 100 25 0 0 0 0 0 0 0 0 0 0 0
70300 -163.393 0 0 0 1.10846 100 40 0.866338 100 26 0 0 0 -2.27162 100 18 0 0 0 0 0 0 0 0 0 0 0
70400 -162.512 0 0 0 2.00673 100 50 3.47876 100 26 0 0 0 -2.95536 100 30 0 0 0 0 0 0 0 0 0 0 0
70500 -162.08 0 0 0 1.05027 100 48 2.14724 100 17 0 0 0 -2.51999 100 22 0 0 0 0 0 0 0 0 0 0 0
70600 -161.98 0 0 0 1.7796 100 50 3.56152 100 28 0 0 0 -2.8968 100 27 0 0 0 0 0 0 0 0 0 0 0
70700 -161.998 0 0 0 1.70877 100 42 3.25713 100 16 0 0 0 -2.90847 100 15 0 0 0 0 0 0 0 0 0 0 0
70800 -167.016 0 0 0 2.43332 100 43 5.17502 100 21 0 0 0 -3.8036 100 27 0 0 0 0 0 0 0 0 0 0 0
70900 -162.932 0 0 0 0.817795 100 38 3.5809 100 12 0 0 0 -2.86572 100 28 0 0 0 0 0 0 0 0 0 0 0
71000 -161.935 0 0 0 1.50981 100 50 4.70964 100 25 0 0 0 -2.97717 100 18 0 0 0 0 0 0 0 0 0 0 0
71100 -162.722 0 0 0 0.990689 100 42 3.57571 100 27 0 0 0 -2.54849 100 24 0 0 0 0 0 0 0 0 0 0 0
71200 -163.299 0 0 0 1.69834 100 46 6.40055 100 24 0 0 0 -3.0641 100 28 0 0 0 0 0 0 0 0 0 0 0
71300 -162.602 0 0 0 0.730273 100 37 2.63508 100 26 0 0 0 -2.67861 100 27 0 0 0 0 0 0 0 0 0 0 0
71400 -163.999 0 0 0 1.73807 100 48 3.57457 100 22 0 0 0 -2.55785 100 25 0 0 0 0 0 0 0 0 0 0 0
71500 -162.861 0 0 0 0.61287 100 40 1.07415 100 13 0 0 0 -2.43831 100 18 0 0 0 0 0 0 0 0 0 0 0
71600 -161.724 0 0 0 1.46412 100 52 3.47117 100 32 0 0 0 -2.80221 100 25 0 0 0 0 0 0 0 0 0 0 0
71700 -162.47 0 0 0 1.52466 100 47 1.77951 100 24 0 0 0 -2.73009 100 26 0 0 0 0 0 0 0 0 0 0 0
71800 -162.242 0 0 0 1.36978 100 44 2.01339 100 30 0 0 0 -2.552 100 20 0 0 0 0 0 0 0 0 0 0 0
71900 -162.291 0 0 0 1.23791 100 41 2.36127 100 19 0 0 0 -2.49654 100 32 0 0 0 0 0 0 0 0 0 0 0
72000 -162.194 0 0 0 1.21662 100 39 3.53095 100 21 0 0 0 -2.62067 100 30 0 0 0 0 0 0 0 0 0 0 0
72100 -164.613 0 0 0 0.147319 100 47 1.44769 100 22 0 0 0 -2.56748 100 24 0 0 0 0 0 0 0 0 0 0 0
72200 -163.375 0 0 0 0.709714 100 48 4.3881 100 26 0 0 0 -2.82092 100 31 0 0 0 0 0 0 0 0 0 0 0
72300 -163.425 0 0 0 0.439909 100 51 0.451147 100 23 0 0 0 -2.28769 100 29 0 0 0 0 0 0 0 0 0 0 0
72400 -162.118 0 0 0 1.42524 100 33 2.9046 100 22 0 0 0 -2.89812 100 21 0 0 0 0 0 0 0 0 0 0 0
72500 -162.296 0 0 0 1.96929 100 42 3.77086 100 20 0 0 0 -3.0125 100 27 0 0 0 0 0 0 0 0 0 0 0
72600 -162.286 0 0 0 1.20337 100 45 1.42973 100 24 0 0 0 -2.54113 100 17 0 0 0 0 0 0 0 0 0 0 0
72700 -163.507 0 0 0 1.31015 100 36 3.07909 100 22 0 0 0 -3.09167 100 26 0 0 0 0 0 0 0 0 0 0 0
72800 -162.53 0 0 0 0.982329 100 44 2.61288 100 21 0 0 0 -2.80872 100 28 0 0 0 0 0 0 0 0 0 0 0
72900 -162.298 0 0 0 1.60316 100 52 2.57707 100 22 0 0 0 -2.88628 100 27 0 0 0 0 0 0 0 0 0 0 0
73000 -163.929 0 0 0 0.335737 100 44 2.56433 100 22 0 0 0 -2.67169 100 27 0 0 0 0 0 0 0 0 0 0 0
73100 -162.402 0 0 0 1.76589 100 40 2.90427 100 23 0 0 0 -2.73554 100 28 0 0 0 0 0 0 0 0 0 0 0
73200 -163.6 0 0 0 1.6088 100 50 6.70558 100 21 0 0 0 -3.12331 100 31 0 0 0 0 0 0 0 0 0 0 0
73300 -162.858 0 0 0 1.80907 100 41 5.07415 100 23 0 0 0 -3.31503 100 26 0 0 0 0 0 0 0 0 0 0 0
73400 -163.22 0 0 0 1.20752 100 39 3.97871 100 17 0 0 0 -2.5491 100 24 0 0 0 0 0 0 0 0 0 0 0
73500 -163.88 0 0 0 1.69429 100 52 6.97561 100 23 0 0 0 -3.45277 100 30 0 0 0 0 0 0 0 0 0 0 0
73600 -162.462 0 0 0 1.63059 100 42 2.82883 100 29 0 0 0 -2.63257 100 27 0 0 0 0 0 0 0 0 0 0 0
73700 -162.943 0 0 0 1.46383 100 39 1.02733 100 23 0 0 0 -2.552 100 33 0 0 0 0 0 0 0 0 0 0 0
73800 -165.818 0 0 0 -0.131628 100 47 3.12828 100 32 0 0 0 -2.49592 100 24 0 0 0 0 0 0 0 0 0 0 0
73900 -161.967 0 0 0 1.4379 100 42 3.20072 100 23 0 0 0 -2.6658 100 29 0 0 0 0 0 0 0 0 0 0 0
74000 -163.855 0 0 0 1.82305 100 49 1.4904 100 26 0 0 0 -2.90551 100 32 0 0 0 0 0 0 0 0 0 0 0
74100 -162.888 0 0 0 1.76513 100 37 2.90227 100 27 0 0 0 -2.64374 100 28 0 0 0 0 0 0 0 0 0 0 0
74200 -162.721 0 0 0 1.70709 100 48 3.7142 100 17 0 0 0 -2.67919 100 25 0 0 0 0 0 0 0 0 0 0 0
74300 -166.745 0 0 0 -0.441629 100 44 1.52396 100 25 0 0 0 -2.19406 100 33 0 0 0 0 0 0 0 0 0 0 0
74400 -161.834 0 0 0 1.30087 100 40 2.64343 100 21 0 0 0 -2.73063 100 25 0 0 0 0 0 0 0 0 0 0 0
74500 -163.075 0 0 0 0.883725 100 40 2.13704 100 20 0 0 0 -2.80193 100 19 0 0 0 0 0 0 0 0 0 0 0
74600 -165.603 0 0 0 2.63515 100 53 7.5484 100 27 0 0 0 -3.2891 100 29 0 0 0 0 0 0 0 0 0 0 0
74700 -162.484 0 0 0 0.823715 100 38 1.41486 100 21 0 0 0 -2.53767 100 24 0 0 0 0 0 0 0 0 0 0 0
74800 -163.053 0 0 0 0.732427 100 36 3.94187 100 22 0 0 0 -2.65962 100 27 0 0 0 0 0 0 0 0 0 0 0
74900 -164.059 0 0 0 1.36977 100 47 -0.186076 100 20 0 0 0 -2.41487 100 24 0 0 0 0 0 0 0 0 0 0 0
75000 -165.35 0 0 0 0.288522 100 58 -1.70581 100 23 0 0 0 -2.09871 100 31 0 0 0 0 0 0 0 0 0 0 0
75100 -163.836 0 0 0 1.84613 100 51 1.6817 100 30 0 0 0 -2.94651 100 30 0 0 0 0 0 0 0 0 0 0 0
75200 -163.135 0 0 0 1.06801 100 39 2.33122 100 21 0 0 0 -2.89612 100 26 0 0 0 0 0 0 0 0 0 0 0
75300 -162.573 0 0 0 1.51905 100 52 2.06611 100 27 0 0 0 -2.55344 100 23 0 0 0 0 0 0 0 0 0 0 0
75400 -162.293 0 0 0 1.98821 100 47 4.44045 100 27 0 0 0 -2.96583 100 31 0 0 0 0 0 0 0 0 0 0 0
75500 -162.61 0 0 0 1.51501 100 47 1.67212 100 23 0 0 0 -2.75383 100 31 0 0 0 0 0 0 0 0 0 0 0
75600 -162.201 0 0 0 1.27612 100 43 4.70966 100 32 0 0 0 -2.89774 100 33 0 0 0 0 0 0 0 0 0 0 0
75700 -163.903 0 0 0 2.15033 100 48 7.66741 100 21 0 0 0 -3.57781 100 27 0 0 0 0 0 0 0 0 0 0 0
75800 -163.15 0 0 0 0.702739 100 52 3.27694 100 22 0 0 0 -2.48544 100 26 0 0 0 0 0 0 0 0 0 0 0
75900 -164.123 0 0 0 0.30979 100 35 0.564219 100 21 0 0 0 -2.47356 100 26 0 0 0 0 0 0 0 0 0 0 0
76000 -162.21 0 0 0 1.16902 100 46 1.90413 100 27 0 0 0 -2.49056 100 26 0 0 0 0 0 0 0 0 0 0 0
76100 -163.045 0 0 0 0.831897 100 39 1.48588 100 16 0 0 0 -2.28324 100 22 0 0 0 0 0 0 0 0 0 0 0
76200 -162.563 0 0 0 1.84682 100 44 2.94314 100 28 0 0 0 -2.76446 100 26 0 0 0 0 0 0 0 0 0 0 0
76300 -161.915 0 0 0 1.56133 100 43 4.43788 100 18 0 0 0 -2.8698 100 24 0 0 0 0 0 0 0 0 0 0 0
76400 -162.128 0 0 0 1.97361 100 51 4.92293 100 24 0 0 0 -3.11292 100 23 0 0 0 0 0 0 0 0 0 0 0
76500 -163.056 0 0 0 1.10876 100 42 2.6241 100 12 0 0 0 -2.93319 100 17 0 0 0 0 0 0 0 0 0 0 0
76600 -163.343 0 0 0 0.593802 100 44 0.305659 100 27 0 0 0 -2.41315 100 28 0 0 0 0 0 0 0 0 0 0 0
76700 -162.219 0 0 0 1.55251 100 32 5.20543 100 22 0 0 0 -3.10453 100 27 0 0 0 0 0 0 0 0 0 0 0
76800 -162.05 0 0 0 1.39017 100 37 4.07447 100 23 0 0 0 -2.74389 100 27 0 0 0 0 0 0 0 0 0 0 0
76900 -162.2 0 0 0 1.34437 100 39 3.26372 100 26 0 0 0 -2.944 100 24 0 0 0 0 0 0 0 0 0 0 0
77000 -163.896 0 0 0 1.86872 100 40 3.69125 100 21 0 0 0 -2.62941 100 30 0 0 0 0 0 0 0 0 0 0 0
77100 -164.691 0 0 0 1.82823 100 33 0.677834 100 24 0 0 0 -2.81989 100 28 0 0 0 0 0 0 0 0 0 0 0
77200 -162.338 0 0 0 0.869373 100 41 1.7069 100 26 0 0 0 -2.44612 100 18 0 0 0 0 0 0 0 0 0 0 0
77300 -162.576 0 0 0 1.51351 100 40 4.43289 100 25 0 0 0 -3.15763 100 27 0 0 0 0 0 0 0 0 0 0 0
77400 -162.425 0 0 0 1.53055 100 46 5.56289 100 28 0 0 0 -3.11454 100 29 0 0 0 0 0 0 0 0 0 0 0
77500 -163.775 0 0 0 1.30648 100 51 -0.0873371 100 25 0 0 0 -2.5183 100 25 0 0 0 0 0 0 0 0 0 0 0
77600 -163.919 0 0 0 0.405522 100 29 0.22478 100 21 0 0 0 -2.42985 100 34 0 0 0 0 0 0 0 0 0 0 0
77700 -162.219 0 0 0 1.05164 100 50 2.56805 100 18 0 0 0 -2.76802 100 20 0 0 0 0 0 0 0 0 0 0 0
77800 -163.648 0 0 0 1.09541 100 51 -0.312739 100 18 0 0 0 -2.3876 100 26 0 0 0 0 0 0 0 0 0 0 0
77900 -162.196 0 0 0 1.88406 100 39 3.49493 100 29 0 0 0 -2.93361 100 24 0 0 0 0 0 0 0 0 0 0 0
78000 -164.732 0 0 0 2.93493 100 42 7.08866 100 13 0 0 0 -3.60234 100 24 0 0 0 0 0 0 0 0 0 0 0
78100 -164.285 0 0 0 1.31993 100 46 4.62666 100 18 0 0 0 -3.31262 100 37 0 0 0 0 0 0 0 0 0 0 0
78200 -163.902 0 0 0 2.323 100 44 3.80344 100 19 0 0 0 -3.28508 100 29 0 0 0 0 0 0 0 0 0 0 0
78300 -163.365 0 0 0 0.921691 100 40 4.16214 100 27 0 0 0 -2.5774 100 27 0 0 0 0 0 0 0 0 0 0 0
78400 -162.201 0 0 0 1.04226 100 42 1.55949 100 31 0 0 0 -2.52659 100 23 0 0 0 0 0 0 0 0 0 0 0
78500 -163.767 0 0 0 1.90084 100 56 1.53556 100 20 0 0 0 -2.83429 100 20 0 0 0 0 0 0 0 0 0 0 0
78600 -162.487 0 0 0 1.95395 100 40 5.34652 100 18 0 0 0 -3.00976 100 30 0 0 0 0 0 0 0 0 0 0 0
78700 -163.508 0 0 0 1.44268 100 49 4.85722 100 25 0 0 0 -3.28658 100 25 0 0 0 0 0 0 0 0 0 0 0
78800 -162.696 0 0 0 1.93912 100 44 6.30413 100 20 0 0 0 -3.31696 100 32 0 0 0 0 0 0 0 0 0 0 0
78900 -162.686 0 0 0 1.99921 100 51 6.10965 100 14 0 0 0 -3.34991 100 33 0 0 0 0 0 0 0 0 0 0 0
79000 -162.788 0 0 0 1.10849 100 46 2.05496 100 25 0 0 0 -2.37833 100 31 0 0 0 0 0 0 0 0 0 0 0
79100 -162.486 0 0 0 1.92205 100 35 4.93335 100 25 0 0 0 -2.93262 100 31 0 0 0 0 0 0 0 0 0 0 0
79200 -163.431 0 0 0 1.39256 100 55 5.19266 100 15 0 0 0 -3.27663 100 31 0 0 0 0 0 0 0 0 0 0 0
79300 -162.525 0 0 0 2.0832 100 49 5.34496 100 18 0 0 0 -3.06911 100 29 0 0 0 0 0 0 0 0 0 0 0
79400 -162.501 0 0 0 1.78429 100 47 2.7047 100 18 0 0 0 -2.92624 100 22 0 0 0 0 0 0 0 0 0 0 0
79500 -162.581 0 0 0 0.89632 100 34 1.90709 100 33 0 0 0 -2.69326 100 18 0 0 0 0 0 0 0 0 0 0 0
79600 -164.733 0 0 0 1.25635 100 38 5.90645 100 21 0 0 0 -3.39634 100 29 0 0 0 0 0 0 0 0 0 0 0
79700 -162.357 0 0 0 1.0039 100 41 2.20915 100 17 0 0 0 -2.44516 100 31 0 0 0 0 0 0 0 0 0 0 0
79800 -163.968 0 0 0 0.269836 100 46 1.36377 100 26 0 0 0 -2.52713 100 25 0 0 0 0 0 0 0 0 0 0 0
79900 -162.495 0 0 0 1.86823 100 48 2.85648 100 22 0 0 0 -2.8395 100 27 0 0 0 0 0 0 0 0 0 0 0
80000 -162.666 0 0 0 2.18077 100 54 4.41736 100 30 0 0 0 -3.05445 100 26 0 0 0 0 0 0 0 0 0 0 0
80100 -164.205 0 0 0 0.962627 100 49 -0.625241 100 23 0 0 0 -2.48341 100 28 0 0 0 0 0 0 0 0 0 0 0
80200 -165.161 0 0 0 1.24552 100 45 -0.915012 100 18 0 0 0 -2.58071 100 26 0 0 0 0 0 0 0 0 0 0 0
80300 -162.646 0 0 0 0.809483 100 47 2.42459 100 28 0 0 0 -2.72722 100 27 0 0 0 0 0 0 0 0 0 0 0
80400 -163.003 0 0 0 1.29507 100 46 4.4344 100 15 0 0 0 -3.14753 100 24 0 0 0 0 0 0 0 0 0 0 0
80500 -162.928 0 0 0 1.60755 100 57 5.70908 100 25 0 0 0 -2.9364 100 26 0 0 0 0 0 0 0 0 0 0 0
80600 -162.053 0 0 0 1.64618 100 44 4.14982 100 22 0 0 0 -2.80679 100 24 0 0 0 0 0 0 0 0 0 0 0
80700 -162.299 0 0 0 1.69064 100 44 4.1386 100 16 0 0 0 -2.77345 100 17 0 0 0 0 0 0 0 0 0 0 0
80800 -162.686 0 0 0 2.18031 100 47 6.18141 100 20 0 0 0 -3.27568 100 24 0 0 0 0 0 0 0 0 0 0 0
80900 -162.362 0 0 0 1.28838 100 40 4.19548 100 22 0 0 0 -2.69935 100 27 0 0 0 0 0 0 0 0 0 0 0
81000 -163.584 0 0 0 2.2 100 43 2.95446 100 26 0 0 0 -3.02802 100 27 0 0 0 0 0 0 0 0 0 0 0
81100 -163.185 0 0 0 1.14152 100 42 3.77087 100 17 0 0 0 -2.51804 100 33 0 0 0 0 0 0 0 0 0 0 0
81200 -162.254 0 0 0 1.53764 100 36 4.48015 100 18 0 0 0 -2.78819 100 27 0 0 0 0 0 0 0 0 0 0 0
81300 -163.789 0 0 0 0.377628 100 42 0.995884 100 32 0 0 0 -2.51957 100 31 0 0 0 0 0 0 0 0 0 0 0
81400 -162.152 0 0 0 1.16276 100 42 1.81466 100 33 0 0 0 -2.65281 100 21 0 0 0 0 0 0 0 0 0 0 0
81500 -163.041 0 0 0 1.37783 100 38 0.763463 100 20 0 0 0 -2.60821 100 18 0 0 0 0 0 0 0 0 0 0 0
81600 -163.021 0 0 0 1.43423 100 40 1.37302 100 21 0 0 0 -2.45072 100 29 0 0 0 0 0 0 0 0 0 0 0
81700 -162.868 0 0 0 1.40435 100 39 3.6778 100 21 0 0 0 -3.10487 100 29 0 0 0 0 0 0 0 0 0 0 0
81800 -163.181 0 0 0 0.793154 100 40 0.105546 100 25 0 0 0 -2.3768 100 21 0 0 0 0 0 0 0 0 0 0 0
81900 -164.931 0 0 0 0.200518 100 40 -0.947673 100 20 0 0 0 -2.06678 100 24 0 0 0 0 0 0 0 0 0 0 0
82000 -163.374 0 0 0 1.60612 100 39 5.8764 100 21 0 0 0 -2.91232 100 34 0 0 0 0 0 0 0 0 0 0 0
82100 -163.304 0 0 0 1.05812 100 48 0.0733261 100 28 0 0 0 -2.34029 100 33 0 0 0 0 0 0 0 0 0 0 0
82200 -162.778 0 0 0 1.96338 100 43 3.0198 100 23 0 0 0 -3.00746 100 26 0 0 0 0 0 0 0 0 0 0 0
82300 -163.275 0 0 0 1.25634 100 45 5.92352 100 25 0 0 0 -3.11511 100 32 0 0 0 0 0 0 0 0 0 0 0
82400 -162.628 0 0 0 0.840302 100 52 1.87474 100 20 0 0 0 -2.37409 100 27 0 0 0 0 0 0 0 0 0 0 0
82500 -163.538 0 0 0 0.64206 100 35 4.28108 100 24 0 0 0 -2.81716 100 26 0 0 0 0 0 0 0 0 0 0 0
82600 -164.489 0 0 0 0.421251 100 40 -0.936981 100 22 0 0 0 -2.2686 100 27 0 0 0 0 0 0 0 0 0 0 0
82700 -162.914 0 0 0 0.875081 100 43 2.41753 100 22 0 0 0 -2.80649 100 27 0 0 0 0 0 0 0 0 0 0 0
82800 -163.091 0 0 0 1.17079 100 46 3.06733 100 16 0 0 0 -2.43973 100 33 0 0 0 0 0 0 0 0 0 0 0
82900 -162.379 0 0 0 0.942899 100 42 3.84563 100 23 0 0 0 -2.78755 100 19 0 0 0 0 0 0 0 0 0 0 0
83000 -163.542 0 0 0 1.98786 100 46 2.50813 100 30 0 0 0 -3.05117 100 26 0 0 0 0 0 0 0 0 0 0 0
83100 -162.737 0 0 0 2.08406 100 39 4.08754 100 24 0 0 0 -3.18596 100 23 0 0 0 0 0 0 0 0 0 0 0
83200 -162.437 0 0 0 2.12454 100 48 5.41037 100 23 0 0 0 -3.14673 100 29 0 0 0 0 0 0 0 0 0 0 0
83300 -162.604 0 0 0 1.29134 100 36 4.13131 100 27 0 0 0 -3.06935 100 31 0 0 0 0 0 0 0 0 0 0 0
83400 -163.754 0 0 0 0.234332 100 42 1.07287 100 25 0 0 0 -2.32681 100 20 0 0 0 0 0 0 0 0 0 0 0
83500 -162.446 0 0 0 1.02025 100 33 4.12769 100 25 0 0 0 -2.88537 100 24 0 0 0 0 0 0 0 0 0 0 0
83600 -164.214 0 0 0 0.123661 100 41 0.529212 100 23 0 0 0 -2.26377 100 23 0 0 0 0 0 0 0 0 0 0 0
83700 -161.888 0 0 0 1.46708 100 40 3.22753 100 26 0 0 0 -2.88976 100 31 0 0 0 0 0 0 0 0 0 0 0
83800 -163.266 0 0 0 1.78223 100 44 1.82985 100 17 0 0 0 -2.6339 100 34 0 0 0 0 0 0 0 0 0 0 0
83900 -166.929 0 0 0 3.17882 100 37 6.70387 100 20 0 0 0 -3.94647 100 29 0 0 0 0 0 0 0 0 0 0 0
84000 -163.213 0 0 0 0.611277 100 47 2.87216 100 23 0 0 0 -2.75306 100 20 0 0 0 0 0 0 0 0 0 0 0
84100 -163.563 0 0 0 1.39371 100 42 2.87433 100 25 0 0 0 -2.42331 100 25 0 0 0 0 0 0 0 0 0 0 0
84200 -161.956 0 0 0 1.79638 100 45 4.45692 100 21 0 0 0 -3.06381 100 28 0 0 0 0 0 0 0 0 0 0 0
84300 -162.628 0 0 0 0.948408 100 46 2.60731 100 21 0 0 0 -2.81109 100 29 0 0 0 0 0 0 0 0 0 0 0
84400 -163.559 0 0 0 0.837981 100 38 0.0558802 100 17 0 0 0 -2.51088 100 34 0 0 0 0 0 0 0 0 0 0 0
84500 -162.49 0 0 0 1.07061 100 43 1.07818 100 24 0 0 0 -2.54474 100 32 0 0 0 0 0 0 0 0 0 0 0
84600 -163.663 0 0 0 0.91209 100 38 1.22057 100 24 0 0 0 -2.20493 100 19 0 0 0 0 0 0 0 0 0 0 0
84700 -166.351 0 0 0 2.74939 100 43 8.82344 100 29 0 0 0 -4.08598 100 21 0 0 0 0 0 0 0 0 0 0 0
84800 -162.327 0 0 0 1.91019 100 43 5.24649 100 16 0 0 0 -3.23754 100 23 0 0 0 0 0 0 0 0 0 0 0
84900 -162.711 0 0 0 1.36117 100 36 4.18447 100 17 0 0 0 -3.1137 100 26 0 0 0 0 0 0 0 0 0 0 0
85000 -164.195 0 0 0 1.03357 100 37 4.3009 100 23 0 0 0 -3.17984 100 29 0 0 0 0 0 0 0 0 0 0 0
85100 -162.978 0 0 0 0.575038 100 39 2.06934 100 27 0 0 0 -2.37904 100 26 0 0 0 0 0 0 0 0 0 0 0
85200 -162.261 0 0 0 1.26208 100 40 3.82831 100 26 0 0 0 -2.65409 100 27 0 0 0 0 0 0 0 0 0 0 0
85300 -164.274 0 0 0 1.91749 100 50 2.12551 100 32 0 0 0 -2.57731 100 26 0 0 0 0 0 0 0 0 0 0 0
85400 -162.967 0 0 0 1.98637 100 39 6.34719 100 28 0 0 0 -3.13893 100 26 0 0 0 0 0 0 0 0 0 0 0
85500 -163.254 0 0 0 0.424814 100 46 1.04418 100 34 0 0 0 -2.33345 100 29 0 0 0 0 0 0 0 0 0 0 0
85600 -162.951 0 0 0 1.15528 100 38 1.56215 100 18 0 0 0 -2.34766 100 25 0 0 0 0 0 0 0 0 0 0 0
85700 -164.21 0 0 0 0.380571 100 43 -0.468072 100 30 0 0 0 -2.31243 100 35 0 0 0 0 0 0 0 0 0 0 0
85800 -162.435 0 0 0 1.01996 100 35 1.75738 100 23 0 0 0 -2.68558 100 24 0 0 0 0 0 0 0 0 0 0 0
85900 -164.002 0 0 0 0.579797 100 43 -0.387678 100 29 0 0 0 -2.3993 100 27 0 0 0 0 0 0 0 0 0 0 0
86000 -162.316 0 0 0 1.24496 100 43 4.54888 100 24 0 0 0 -2.79371 100 26 0 0 0 0 0 0 0 0 0 0 0
86100 -162.003 0 0 0 0.989571 100 47 2.59 100 23 0 0 0 -2.62986 100 26 0 0 0 0 0 0 0 0 0 0 0
86200 -164.867 0 0 0 1.69176 100 41 7.93125 100 18 0 0 0 -3.41288 100 25 0 0 0 0 0 0 0 0 0 0 0
86300 -166.427 0 0 0 -0.176163 100 47 0.669979 100 31 0 0 0 -2.53034 100 25 0 0 0 0 0 0 0 0 0 0 0
86400 -162.998 0 0 0 0.637281 100 42 2.04357 100 21 0 0 0 -2.35019 100 27 0 0 0 0 0 0 0 0 0 0 0
86500 -161.981 0 0 0 1.42385 100 49 2.80354 100 24 0 0 0 -2.63804 100 25 0 0 0 0 0 0 0 0 0 0 0
86600 -162.133 0 0 0 1.12737 100 46 3.75537 100 17 0 0 0 -2.8743 100 25 0 0 0 0 0 0 0 0 0 0 0
86700 -163.478 0 0 0 2.21366 100 46 4.63656 100 27 0 0 0 -3.38288 100 26 0 0 0 0 0 0 0 0 0 0 0
86800 -162.427 0 0 0 1.89644 100 41 4.46687 100 24 0 0 0 -3.19847 100 25 0 0 0 0 0 0 0 0 0 0 0
86900 -164.447 0 0 0 1.44692 100 44 7.07495 100 22 0 0 0 -3.15087 100 23 0 0 0 0 0 0 0 0 0 0 0
87000 -162.068 0 0 0 1.66039 100 45 2.97127 100 25 0 0 0 -2.88942 100 24 0 0 0 0 0 0 0 0 0 0 0
87100 -162.538 0 0 0 1.28118 100 48 3.20767 100 24 0 0 0 -2.97777 100 25 0 0 0 0 0 0 0 0 0 0 0
87200 -161.899 0 0 0 1.1733 100 54 3.04914 100 22 0 0 0 -2.63654 100 25 0 0 0 0 0 0 0 0 0 0 0
87300 -165.261 0 0 0 0.108727 100 49 3.84986 100 20 0 0 0 -2.65165 100 31 0 0 0 0 0 0 0 0 0 0 0
87400 -163.144 0 0 0 2.12515 100 45 3.14554 100 21 0 0 0 -3.02976 100 27 0 0 0 0 0 0 0 0 0 0 0
87500 -162.734 0 0 0 1.80519 100 41 4.51932 100 24 0 0 0 -2.79587 100 35 0 0 0 0 0 0 0 0 0 0 0
87600 -162.641 0 0 0 0.762779 100 45 1.01936 100 30 0 0 0 -2.42816 100 27 0 0 0 0 0 0 0 0 0 0 0
87700 -162.555 0 0 0 1.24265 100 45 4.90418 100 15 0 0 0 -3.0457 100 22 0 0 0 0 0 0 0 0 0 0 0
87800 -163.106 0 0 0 0.953512 100 47 4.96154 100 21 0 0 0 -2.90264 100 32 0 0 0 0 0 0 0 0 0 0 0
87900 -163.052 0 0 0 0.540148 100 44 0.885974 100 20 0 0 0 -2.33765 100 29 0 0 0 0 0 0 0 0 0 0 0
88000 -162.014 0 0 0 1.76849 100 48 3.51953 100 19 0 0 0 -2.95342 100 22 0 0 0 0 0 0 0 0 0 0 0
88100 -163.109 0 0 0 1.26735 100 40 0.667573 100 19 0 0 0 -2.62787 100 28 0 0 0 0 0 0 0 0 0 0 0
88200 -162.473 0 0 0 1.31496 100 43 3.59812 100 23 0 0 0 -2.59275 100 28 0 0 0 0 0 0 0 0 0 0 0
88300 -162.141 0 0 0 1.93175 100 44 4.492 100 24 0 0 0 -3.11706 100 31 0 0 0 0 0 0 0 0 0 0 0
88400 -162.131 0 0 0 1.15525 100 37 2.71295 100 19 0 0 0 -2.80612 100 23 0 0 0 0 0 0 0 0 0 0 0
88500 -161.864 0 0 0 1.65494 100 46 3.35616 100 23 0 0 0 -2.86797 100 24 0 0 0 0 0 0 0 0 0 0 0
88600 -163.01 0 0 0 2.33654 100 39 5.69151 100 18 0 0 0 -3.18691 100 23 0 0 0 0 0 0 0 0 0 0 0
88700 -163.027 0 0 0 0.956628 100 40 0.979066 100 23 0 0 0 -2.64338 100 34 0 0 0 0 0 0 0 0 0 0 0
88800 -164.977 0 0 0 1.12744 100 54 6.64537 100 29 0 0 0 -3.32974 100 23 0 0 0 0 0 0 0 0 0 0 0
88900 -161.886 0 0 0 1.24542 100 48 3.09758 100 30 0 0 0 -2.6443 100 27 0 0 0 0 0 0 0 0 0 0 0
89000 -162.032 0 0 0 1.05845 100 42 3.03422 100 24 0 0 0 -2.76294 100 26 0 0 0 0 0 0 0 0 0 0 0
89100 -161.889 0 0 0 1.36567 100 41 4.29814 100 24 0 0 0 -2.89695 100 26 0 0 0 0 0 0 0 0 0 0 0
89200 -164.206 0 0 0 0.705354 100 43 0.152535 100 25 0 0 0 -2.09348 100 31 0 0 0 0 0 0 0 0 0 0 0
89300 -161.886 0 0 0 1.61319 100 53 3.7374 100 23 0 0 0 -2.96983 100 39 0 0 0 0 0 0 0 0 0 0 0
89400 -162.037 0 0 0 1.55284 100 50 4.82681 100 33 0 0 0 -3.06128 100 28 0 0 0 0 0 0 0 0 0 0 0
89500 -163.505 0 0 0 0.318866 100 49 1.62765 100 23 0 0 0 -2.35225 100 33 0 0 0 0 0 0 0 0 0 0 0
89600 -162.87 0 0 0 2.2526 100 52 6.44939 100 19 0 0 0 -3.36451 100 29 0 0 0 0 0 0 0 0 0 0 0
89700 -161.825 0 0 0 1.46624 100 51 3.18577 100 27 0 0 0 -2.85822 100 21 0 0 0 0 0 0 0 0 0 0 0
89800 -164.157 0 0 0 0.457332 100 37 4.26052 100 26 0 0 0 -2.73905 100 20 0 0 0 0 0 0 0 0 0 0 0
89900 -163.559 0 0 0 2.16226 100 47 5.35773 100 27 0 0 0 -2.95108 100 21 0 0 0 0 0 0 0 0 0 0 0
90000 -163.283 0 0 0 2.32425 100 45 4.14236 100 24 0 0 0 -3.07063 100 28 0 0 0 0 0 0 0 0 0 0 0
90100 -162.192 0 0 0 0.900619 100 44 2.96219 100 16 0 0 0 -2.68916 100 29 0 0 0 0 0 0 0 0 0 0 0
90200 -164.991 0 0 0 1.86161 100 43 1.08332 100 24 0 0 0 -2.98055 100 23 0 0 0 0 0 0 0 0 0 0 0
90300 -163.795 0 0 0 2.40708 100 41 7.67323 100 30 0 0 0 -3.51397 100 32 0 0 0 0 0 0 0 0 0 0 0
90400 -162.796 0 0 0 2.1976 100 37 4.17518 100 22 0 0 0 -3.14921 100 20 0 0 0 0 0 0 0 0 0 0 0
90500 -163.237 0 0 0 1.01698 100 47 2.1143 100 29 0 0 0 -2.31661 100 29 0 0 0 0 0 0 0 0 0 0 0
90600 -162.841 0 0 0 1.63874 100 38 4.71284 100 26 0 0 0 -2.76015 100 28 0 0 0 0 0 0 0 0 0 0 0
90700 -166.014 0 0 0 1.70006 100 47 7.08374 100 18 0 0 0 -3.72655 100 26 0 0 0 0 0 0 0 0 0 0 0
90800 -162.292 0 0 0 1.93036 100 41 5.65849 100 23 0 0 0 -3.14554 100 26 0 0 0 0 0 0 0 0 0 0 0
90900 -162.053 0 0 0 1.04255 100 45 2.04589 100 22 0 0 0 -2.5415 100 25 0 0 0 0 0 0 0 0 0 0 0
91000 -162.68 0 0 0 1.99774 100 35 4.30124 100 20 0 0 0 -2.87637 100 27 0 0 0 0 0 0 0 0 0 0 0
91100 -163.278 0 0 0 1.55046 100 50 0.858107 100 18 0 0 0 -2.60726 100 22 0 0 0 0 0 0 0 0 0 0 0
91200 -165.033 0 0 0 0.209905 100 42 0.229466 100 24 0 0 0 -2.51029 100 30 0 0 0 0 0 0 0 0 0 0 0
91300 -163.972 0 0 0 0.952842 100 43 1.34787 100 25 0 0 0 -2.18827 100 30 0 0 0 0 0 0 0 0 0 0 0
91400 -164.64 0 0 0 2.25999 100 40 2.51645 100 18 0 0 0 -3.13729 100 29 0 0 0 0 0 0 0 0 0 0 0
91500 -164.979 0 0 0 1.88048 100 48 0.681491 100 24 0 0 0 -2.57445 100 22 0 0 0 0 0 0 0 0 0 0 0
91600 -162.211 0 0 0 1.80471 100 50 3.69295 100 28 0 0 0 -3.05031 100 26 0 0 0 0 0 0 0 0 0 0 0
91700 -162.563 0 0 0 1.0464 100 49 3.49518 100 20 0 0 0 -2.91965 100 25 0 0 0 0 0 0 0 0 0 0 0
91800 -162.225 0 0 0 0.961306 100 37 3.60004 100 21 0 0 0 -2.74796 100 18 0 0 0 0 0 0 0 0 0 0 0
91900 -161.911 0 0 0 1.72115 100 43 4.64913 100 28 0 0 0 -2.96484 100 24 0 0 0 0 0 0 0 0 0 0 0
92000 -162.135 0 0 0 1.05976 100 36 3.18686 100 19 0 0 0 -2.59365 100 28 0 0 0 0 0 0 0 0 0 0 0
92100 -162.333 0 0 0 0.785592 100 46 2.07623 100 26 0 0 0 -2.50941 100 25 0 0 0 0 0 0 0 0 0 0 0
92200 -162.547 0 0 0 2.11934 100 44 4.92786 100 28 0 0 0 -3.04046 100 35 0 0 0 0 0 0 0 0 0 0 0
92300 -162.845 0 0 0 1.42273 100 44 4.88308 100 28 0 0 0 -2.75931 100 27 0 0 0 0 0 0 0 0 0 0 0
92400 -161.953 0 0 0 1.18623 100 45 2.14072 100 32 0 0 0 -2.62689 100 21 0 0 0 0 0 0 0 0 0 0 0
92500 -163.663 0 0 0 0.276374 100 45 1.66576 100 27 0 0 0 -2.47711 100 30 0 0 0 0 0 0 0 0 0 0 0
92600 -163.118 0 0 0 2.34855 100 37 4.54347 100 18 0 0 0 -3.1481 100 31 0 0 0 0 0 0 0 0 0 0 0
92700 -163.35 0 0 0 0.729833 100 34 3.87718 100 23 0 0 0 -2.8932 100 29 0 0 0 0 0 0 0 0 0 0 0
92800 -163.79 0 0 0 0.913861 100 45 2.86647 100 20 0 0 0 -2.97812 100 19 0 0 0 0 0 0 0 0 0 0 0
92900 -163.555 0 0 0 0.975361 100 37 1.6735 100 16 0 0 0 -2.83449 100 20 0 0 0 0 0 0 0 0 0 0 0
93000 -161.801 0 0 0 1.56888 100 46 3.60173 100 14 0 0 0 -2.80018 100 18 0 0 0 0 0 0 0 0 0 0 0
93100 -163.502 0 0 0 2.34051 100 43 7.20058 100 35 0 0 0 -3.55891 100 23 0 0 0 0 0 0 0 0 0 0 0
93200 -162.458 0 0 0 1.92394 100 47 3.24124 100 15 0 0 0 -2.97922 100 34 0 0 0 0 0 0 0 0 0 0 0
93300 -164.045 0 0 0 1.74487 100 46 2.07232 100 18 0 0 0 -2.48864 100 25 0 0 0 0 0 0 0 0 0 0 0
93400 -162.582 0 0 0 1.03021 100 46 3.05887 100 23 0 0 0 -2.49075 100 19 0 0 0 0 0 0 0 0 0 0 0
93500 -163.099 0 0 0 0.482572 100 44 2.49606 100 24 0 0 0 -2.48098 100 29 0 0 0 0 0 0 0 0 0 0 0
93600 -162.233 0 0 0 1.33187 100 43 4.87412 100 22 0 0 0 -2.99107 100 29 0 0 0 0 0 0 0 0 0 0 0
93700 -167.041 0 0 0 3.35157 100 51 9.2083 100 18 0 0 0 -4.17858 100 23 0 0 0 0 0 0 0 0 0 0 0
93800 -163.546 0 0 0 1.87521 100 42 7.13033 100 21 0 0 0 -3.44175 100 35 0 0 0 0 0 0 0 0 0 0 0
93900 -161.797 0 0 0 1.29717 100 46 3.68192 100 19 0 0 0 -2.83341 100 26 0 0 0 0 0 0 0 0 0 0 0
94000 -162.226 0 0 0 1.53835 100 44 2.8902 100 28 0 0 0 -2.93126 100 30 0 0 0 0 0 0 0 0 0 0 0
94100 -162.837 0 0 0 2.2031 100 41 6.47449 100 29 0 0 0 -3.36199 100 27 0 0 0 0 0 0 0 0 0 0 0
94200 -162.248 0 0 0 1.32379 100 43 1.85921 100 25 0 0 0 -2.7177 100 36 0 0 0 0 0 0 0 0 0 0 0
94300 -162.316 0 0 0 1.55833 100 43 2.08773 100 30 0 0 0 -2.66095 100 25 0 0 0 0 0 0 0 0 0 0 0
94400 -161.97 0 0 0 1.07882 100 38 3.42877 100 24 0 0 0 -2.74301 100 32 0 0 0 0 0 0 0 0 0 0 0
94500 -163.369 0 0 0 1.24497 100 43 5.72573 100 19 0 0 0 -3.18652 100 23 0 0 0 0 0 0 0 0 0 0 0
94600 -163.345 0 0 0 1.09924 100 52 0.456522 100 20 0 0 0 -2.29054 100 26 0 0 0 0 0 0 0 0 0 0 0
94700 -162.354 0 0 0 1.66671 100 41 5.69201 100 21 0 0 0 -3.12721 100 18 0 0 0 0 0 0 0 0 0 0 0
94800 -163.115 0 0 0 1.55353 100 39 1.91897 100 24 0 0 0 -2.48731 100 30 0 0 0 0 0 0 0 0 0 0 0
94900 -162.673 0 0 0 0.843658 100 47 3.61402 100 23 0 0 0 -2.82211 100 30 0 0 0 0 0 0 0 0 0 0 0
95000 -162.882 0 0 0 2.2416 100 43 6.42887 100 28 0 0 0 -3.39493 100 23 0 0 0 0 0 0 0 0 0 0 0
95100 -162.253 0 0 0 1.81401 100 45 3.08908 100 22 0 0 0 -2.91922 100 26 0 0 0 0 0 0 0 0 0 0 0
95200 -164.164 0 0 0 0.854902 100 44 4.56015 100 31 0 0 0 -2.57854 100 25 0 0 0 0 0 0 0 0 0 0 0
95300 -162.179 0 0 0 1.25054 100 40 2.85747 100 24 0 0 0 -2.8659 100 25 0 0 0 0 0 0 0 0 0 0 0
95400 -164.993 0 0 0 0.828472 100 41 2.39537 100 21 0 0 0 -3.0166 100 28 0 0 0 0 0 0 0 0 0 0 0
95500 -161.961 0 0 0 1.208 100 54 2.11415 100 19 0 0 0 -2.62414 100 25 0 0 0 0 0 0 0 0 0 0 0
95600 -164.562 0 0 0 2.3573 100 42 5.28966 100 20 0 0 0 -2.95068 100 27 0 0 0 0 0 0 0 0 0 0 0
95700 -162.079 0 0 0 0.956611 100 44 3.01748 100 27 0 0 0 -2.64696 100 31 0 0 0 0 0 0 0 0 0 0 0
95800 -162.183 0 0 0 1.32737 100 47 3.4715 100 21 0 0 0 -2.62397 100 26 0 0 0 0 0 0 0 0 0 0 0
95900 -164.088 0 0 0 1.13339 100 39 4.73739 100 21 0 0 0 -3.23272 100 22 0 0 0 0 0 0 0 0 0 0 0
96000 -162.491 0 0 0 1.28481 100 47 5.15861 100 25 0 0 0 -2.95221 100 28 0 0 0 0 0 0 0 0 0 0 0
96100 -162.368 0 0 0 2.08374 100 37 5.48091 100 18 0 0 0 -3.16015 100 23 0 0 0 0 0 0 0 0 0 0 0
96200 -163.388 0 0 0 1.60826 100 44 3.07389 100 23 0 0 0 -2.52256 100 25 0 0 0 0 0 0 0 0 0 0 0
96300 -162.279 0 0 0 1.49055 100 38 2.11822 100 18 0 0 0 -2.78382 100 24 0 0 0 0 0 0 0 0 0 0 0
96400 -162.89 0 0 0 1.87126 100 47 5.88969 100 34 0 0 0 -3.01681 100 23 0 0 0 0 0 0 0 0 0 0 0
96500 -166.17 0 0 0 1.1886 100 39 4.79322 100 30 0 0 0 -3.44199 100 28 0 0 0 0 0 0 0 0 0 0 0
96600 -164.85 0 0 0 1.54999 100 43 7.64789 100 22 0 0 0 -3.30988 100 24 0 0 0 0 0 0 0 0 0 0 0
96700 -163.042 0 0 0 1.85525 100 46 2.64231 100 25 0 0 0 -3.02261 100 27 0 0 0 0 0 0 0 0 0 0 0
96800 -163.054 0 0 0 1.06547 100 47 4.8585 100 32 0 0 0 -2.76116 100 24 0 0 0 0 0 0 0 0 0 0 0
96900 -163.348 0 0 0 0.808796 100 48 -0.117277 100 30 0 0 0 -2.35389 100 28 0 0 0 0 0 0 0 0 0 0 0
97000 -162.004 0 0 0 1.85987 100 42 4.81858 100 34 0 0 0 -3.035 100 24 0 0 0 0 0 0 0 0 0 0 0
97100 -164.654 0 0 0 0.727079 100 43 3.02221 100 21 0 0 0 -3.00953 100 32 0 0 0 0 0 0 0 0 0 0 0
97200 -167.566 0 0 0 2.95386 100 45 4.2345 100 27 0 0 0 -3.65328 100 28 0 0 0 0 0 0 0 0 0 0 0
97300 -163.689 0 0 0 0.417432 100 47 0.923012 100 24 0 0 0 -2.51436 100 28 0 0 0 0 0 0 0 0 0 0 0
97400 -165.683 0 0 0 1.04814 100 46 -1.93869 100 18 0 0 0 -2.25011 100 32 0 0 0 0 0 0 0 0 0 0 0
97500 -163.628 0 0 0 0.886336 100 43 2.98573 100 20 0 0 0 -2.96082 100 27 0 0 0 0 0 0 0 0 0 0 0
97600 -164.21 0 0 0 0.357686 100 38 0.676055 100 21 0 0 0 -2.53516 100 35 0 0 0 0 0 0 0 0 0 0 0
97700 -163.93 0 0 0 1.45309 100 43 6.21143 100 22 0 0 0 -3.38308 100 28 0 0 0 0 0 0 0 0 0 0 0
97800 -162.581 0 0 0 0.698527 100 42 2.41036 100 23 0 0 0 -2.62437 100 25 0 0 0 0 0 0 0 0 0 0 0
97900 -163.35 0 0 0 0.389282 100 42 0.98695 100 26 0 0 0 -2.3792 100 29 0 0 0 0 0 0 0 0 0 0 0
98000 -161.767 0 0 0 1.60452 100 43 4.06121 100 17 0 0 0 -2.93114 100 23 0 0 0 0 0 0 0 0 0 0 0
98100 -161.994 0 0 0 1.6384 100 42 4.10896 100 23 0 0 0 -2.81341 100 27 0 0 0 0 0 0 0 0 0 0 0
98200 -163.125 0 0 0 1.77076 100 43 4.49396 100 24 0 0 0 -2.73628 100 22 0 0 0 0 0 0 0 0 0 0 0
98300 -163.149 0 0 0 1.67705 100 47 5.91768 100 17 0 0 0 -3.358 100 23 0 0 0 0 0 0 0 0 0 0 0
98400 -162.273 0 0 0 0.881147 100 43 2.4161 100 24 0 0 0 -2.67029 100 26 0 0 0 0 0 0 0 0 0 0 0
98500 -163.781 0 0 0 0.528513 100 51 3.95421 100 24 0 0 0 -2.61554 100 23 0 0 0 0 0 0 0 0 0 0 0
98600 -164.203 0 0 0 0.363202 100 46 -0.251859 100 18 0 0 0 -2.11596 100 29 0 0 0 0 0 0 0 0 0 0 0
98700 -161.762 0 0 0 1.48226 100 54 4.07195 100 17 0 0 0 -2.87408 100 28 0 0 0 0 0 0 0 0 0 0 0
98800 -162.553 0 0 0 2.08263 100 57 5.60572 100 27 0 0 0 -3.10517 100 21 0 0 0 0 0 0 0 0 0 0 0
98900 -162.395 0 0 0 1.41557 100 51 2.24384 100 29 0 0 0 -2.84534 100 26 0 0 0 0 0 0 0 0 0 0 0
99000 -162.122 0 0 0 1.21393 100 40 3.29084 100 19 0 0 0 -2.60272 100 22 0 0 0 0 0 0 0 0 0 0 0
99100 -163.294 0 0 0 1.72392 100 33 1.34118 100 32 0 0 0 -2.71739 100 34 0 0 0 0 0 0 0 0 0 0 0
99200 -162.835 0 0 0 0.988457 100 51 2.1039 100 30 0 0 0 -2.80044 100 20 0 0 0 0 0 0 0 0 0 0 0
99300 -162.465 0 0 0 1.93143 100 39 4.1728 100 23 0 0 0 -3.16834 100 27 0 0 0 0 0 0 0 0 0 0 0
99400 -162.688 0 0 0 1.28135 100 39 4.99091 100 20 0 0 0 -2.81664 100 27 0 0 0 0 0 0 0 0 0 0 0
99500 -165.401 0 0 0 2.0851 100 56 6.12256 100 19 0 0 0 -2.8764 100 23 0 0 0 0 0 0 0 0 0 0 0
99600 -161.873 0 0 0 1.28477 100 51 3.8216 100 23 0 0 0 -2.87383 100 25 0 0 0 0 0 0 0 0 0 0 0
99700 -162.973 0 0 0 1.16043 100 43 4.95492 100 21 0 0 0 -3.09159 100 35 0 0 0 0 0 0 0 0 0 0 0
99800 -162.913 0 0 0 1.78345 100 56 2.18498 100 25 0 0 0 -2.90048 100 30 0 0 0 0 0 0 0 0 0 0 0
99900 -164.666 0 0 0 0.284705 100 50 0.457355 100 22 0 0 0 -2.05963 100 29 0 0 0 0 0 0 0 0 0 0 0
100000 -167.345 0 0 0 0.11497 100 41 4.21931 100 24 0 0 0 -2.38799 100 25 0 0 0 0 0 0 0 0 0 0 0
