iteration logLik intercept1 intercept1_p intercept1_a pcov2 pcov2_p pcov2_a pcov3 pcov3_p pcov3_a pcov4 pcov4_p pcov4_a intercept2 intercept2_p intercept2_a intercept3 intercept3_p intercept3_a intercept4 intercept4_p intercept4_a pcov pcov_p pcov_a data_p data_a
0 -89311.5 0 0 0 -0.571609 0 0 9.42476 0 0 0 0 0 4.74009 0 0 0 0 0 0 0 0 0 0 0 0 0
100 -166.066 0 0 0 0.924827 100 43 -5.89973 100 48 0 0 0 -3.22807 100 27 0 0 0 0 0 0 0 0 0 0 0
200 -164.383 0 0 0 1.33677 100 30 0.127122 100 49 0 0 0 -3.3481 100 32 0 0 0 0 0 0 0 0 0 0 0
300 -165.233 0 0 0 0.997754 100 34 3.68482 100 43 0 0 0 -2.90262 100 31 0 0 0 0 0 0 0 0 0 0 0
400 -164.313 0 0 0 0.800172 100 38 -4.27078 100 45 0 0 0 -2.38616 100 37 0 0 0 0 0 0 0 0 0 0 0
500 -163.423 0 0 0 1.29212 100 29 -0.100073 100 49 0 0 0 -3.1434 100 30 0 0 0 0 0 0 0 0 0 0 0
600 -162.493 0 0 0 0.584914 100 34 -1.13263 100 40 0 0 0 -2.65138 100 26 0 0 0 0 0 0 0 0 0 0 0
700 -163.48 0 0 0 0.790363 100 31 -0.410979 100 51 0 0 0 -3.04384 100 23 0 0 0 0 0 0 0 0 0 0 0
800 -163.231 0 0 0 0.278448 100 30 -0.369651 100 53 0 0 0 -2.6111 100 30 0 0 0 0 0 0 0 0 0 0 0
900 -162.868 0 0 0 0.64853 100 35 -3.0031 100 43 0 0 0 -2.46797 100 30 0 0 0 0 0 0 0 0 0 0 0
1000 -163.814 0 0 0 0.109036 100 30 -1.50925 100 53 0 0 0 -2.27149 100 34 0 0 0 0 0 0 0 0 0 0 0
1100 -162.456 0 0 0 0.443073 100 39 -1.77027 100 41 0 0 0 -2.60912 100 19 0 0 0 0 0 0 0 0 0 0 0
1200 -163.438 0 0 0 0.433708 100 39 -1.93435 100 43 0 0 0 -2.34048 100 31 0 0 0 0 0 0 0 0 0 0 0
1300 -165.499 0 0 0 1.22603 100 42 -2.95032 100 51 0 0 0 -2.60169 100 26 0 0 0 0 0 0 0 0 0 0 0
1400 -164.347 0 0 0 1.42916 100 38 -2.30836 100 52 0 0 0 -2.91512 100 34 0 0 0 0 0 0 0 0 0 0 0
1500 -162.587 0 0 0 0.573979 100 36 -0.889347 100 51 0 0 0 -2.63283 100 26 0 0 0 0 0 0 0 0 0 0 0
1600 -163.512 0 0 0 1.03704 100 45 -1.64378 100 45 0 0 0 -3.12538 100 32 0 0 0 0 0 0 0 0 0 0 0
1700 -162.759 0 0 0 0.808101 100 38 -3.68904 100 64 0 0 0 -2.58894 100 26 0 0 0 0 0 0 0 0 0 0 0
1800 -162.515 0 0 0 0.66413 100 26 -2.83749 100 50 0 0 0 -2.54924 100 31 0 0 0 0 0 0 0 0 0 0 0
1900 -162.535 0 0 0 0.642373 100 40 -3.25763 100 50 0 0 0 -2.7846 100 25 0 0 0 0 0 0 0 0 0 0 0
2000 -164.249 0 0 0 0.783409 100 27 -9.47797 100 47 0 0 0 -2.58165 100 25 0 0 0 0 0 0 0 0 0 0 0
2100 -162.916 0 0 0 0.0712897 100 32 -5.67034 100 39 0 0 0 -2.43553 100 28 0 0 0 0 0 0 0 0 0 0 0
2200 -163.116 0 0 0 1.12532 100 27 -2.60965 100 47 0 0 0 -3.01774 100 30 0 0 0 0 0 0 0 0 0 0 0
2300 -163.069 0 0 0 0.688608 100 34 -6.87914 100 48 0 0 0 -2.67938 100 37 0 0 0 0 0 0 0 0 0 0 0
2400 -163.847 0 0 0 1.26415 100 29 1.88003 100 50 0 0 0 -3.0123 100 24 0 0 0 0 0 0 0 0 0 0 0
2500 -165.267 0 0 0 -0.244024 100 30 -11.7458 100 47 0 0 0 -2.05468 100 25 0 0 0 0 0 0 0 0 0 0 0
2600 -162.767 0 0 0 0.167294 100 29 -3.53711 100 46 0 0 0 -2.33155 100 24 0 0 0 0 0 0 0 0 0 0 0
2700 -163.103 0 0 0 0.207725 100 38 -2.61515 100 57 0 0 0 -2.65712 100 34 0 0 0 0 0 0 0 0 0 0 0
2800 -163.058 0 0 0 0.377735 100 35 -1.67091 100 52 0 0 0 -2.39506 100 30 0 0 0 0 0 0 0 0 0 0 0
2900 -162.734 0 0 0 0.202415 100 27 -6.32045 100 51 0 0 0 -2.37989 100 30 0 0 0 0 0 0 0 0 0 0 0
3000 -162.478 0 0 0 0.413509 100 38 -2.52687 100 50 0 0 0 -2.47729 100 29 0 0 0 0 0 0 0 0 0 0 0
3100 -162.57 0 0 0 0.576392 100 39 -1.42925 100 52 0 0 0 -2.56782 100 30 0 0 0 0 0 0 0 0 0 0 0
3200 -162.347 0 0 0 0.451921 100 29 -3.13868 100 46 0 0 0 -2.62989 100 25 0 0 0 0 0 0 0 0 0 0 0
3300 -164.325 0 0 0 0.637682 100 27 -9.60471 100 48 0 0 0 -2.41196 100 26 0 0 0 0 0 0 0 0 0 0 0
3400 -164.755 0 0 0 0.205064 100 41 -5.3664 100 50 0 0 0 -2.05467 100 36 0 0 0 0 0 0 0 0 0 0 0
3500 -164.477 0 0 0 1.54517 100 32 -2.86712 100 42 0 0 0 -3.10736 100 28 0 0 0 0 0 0 0 0 0 0 0
3600 -164.607 0 0 0 1.15622 100 30 0.610353 100 38 0 0 0 -2.71038 100 30 0 0 0 0 0 0 0 0 0 0 0
3700 -162.283 0 0 0 0.627881 100 41 -2.60022 100 52 0 0 0 -2.63844 100 28 0 0 0 0 0 0 0 0 0 0 0
3800 -162.412 0 0 0 0.517696 100 32 -2.19523 100 44 0 0 0 -2.69453 100 30 0 0 0 0 0 0 0 0 0 0 0
3900 -163.42 0 0 0 0.0719058 100 30 -7.45234 100 44 0 0 0 -2.46642 100 31 0 0 0 0 0 0 0 0 0 0 0
4000 -162.924 0 0 0 0.816311 100 39 -3.51003 100 57 0 0 0 -2.56125 100 25 0 0 0 0 0 0 0 0 0 0 0
4100 -163.225 0 0 0 0.237278 100 34 -2.41226 100 52 0 0 0 -2.29932 100 26 0 0 0 0 0 0 0 0 0 0 0
4200 -164.003 0 0 0 0.430691 100 45 -9.47739 100 42 0 0 0 -2.31377 100 25 0 0 0 0 0 0 0 0 0 0 0
4300 -164.479 0 0 0 0.420321 100 41 -3.88546 100 55 0 0 0 -2.17735 100 25 0 0 0 0 0 0 0 0 0 0 0
4400 -163.883 0 0 0 0.0348693 100 37 -6.58542 100 46 0 0 0 -2.08805 100 28 0 0 0 0 0 0 0 0 0 0 0
4500 -162.443 0 0 0 0.574514 100 31 -3.16846 100 44 0 0 0 -2.5131 100 28 0 0 0 0 0 0 0 0 0 0 0
4600 -163.155 0 0 0 1.08737 100 35 0.445325 100 42 0 0 0 -3.0542 100 28 0 0 0 0 0 0 0 0 0 0 0
4700 -163.386 0 0 0 0.977696 100 29 -3.25826 100 41 0 0 0 -2.61485 100 26 0 0 0 0 0 0 0 0 0 0 0
4800 -162.698 0 0 0 0.825494 100 28 -4.79455 100 54 0 0 0 -2.74946 100 21 0 0 0 0 0 0 0 0 0 0 0
4900 -164.173 0 0 0 0.534302 100 36 -10.2923 100 42 0 0 0 -2.58022 100 22 0 0 0 0 0 0 0 0 0 0 0
5000 -162.668 0 0 0 0.757089 100 34 -5.01339 100 58 0 0 0 -2.62097 100 31 0 0 0 0 0 0 0 0 0 0 0
5100 -165.159 0 0 0 1.13236 100 28 -2.30204 100 48 0 0 0 -3.33294 100 34 0 0 0 0 0 0 0 0 0 0 0
5200 -165.798 0 0 0 -0.0516509 100 28 -12.2732 100 55 0 0 0 -1.99794 100 28 0 0 0 0 0 0 0 0 0 0 0
5300 -164.076 0 0 0 1.19895 100 38 1.87925 100 47 0 0 0 -2.90424 100 29 0 0 0 0 0 0 0 0 0 0 0
5400 -163.566 0 0 0 0.480832 100 38 -9.15076 100 54 0 0 0 -2.48185 100 28 0 0 0 0 0 0 0 0 0 0 0
5500 -164.181 0 0 0 -0.0485604 100 33 -10.2207 100 49 0 0 0 -2.28511 100 34 0 0 0 0 0 0 0 0 0 0 0
5600 -162.997 0 0 0 1.03931 100 40 0.170642 100 51 0 0 0 -2.8597 100 39 0 0 0 0 0 0 0 0 0 0 0
5700 -163.357 0 0 0 -0.113027 100 34 -3.26007 100 63 0 0 0 -2.34604 100 33 0 0 0 0 0 0 0 0 0 0 0
5800 -162.622 0 0 0 0.827706 100 29 -1.6248 100 47 0 0 0 -2.66872 100 36 0 0 0 0 0 0 0 0 0 0 0
5900 -164.19 0 0 0 0.18763 100 33 -4.47617 100 41 0 0 0 -2.77323 100 37 0 0 0 0 0 0 0 0 0 0 0
6000 -162.888 0 0 0 0.511983 100 42 -6.9302 100 37 0 0 0 -2.47021 100 19 0 0 0 0 0 0 0 0 0 0 0
6100 -163.22 0 0 0 0.243705 100 33 -4.87787 100 46 0 0 0 -2.22589 100 25 0 0 0 0 0 0 0 0 0 0 0
6200 -163.492 0 0 0 0.686027 100 34 -1.43166 100 45 0 0 0 -2.45711 100 28 0 0 0 0 0 0 0 0 0 0 0
6300 -162.433 0 0 0 0.382561 100 36 -2.9304 100 54 0 0 0 -2.61587 100 28 0 0 0 0 0 0 0 0 0 0 0
6400 -168.37 0 0 0 1.87282 100 31 -7.58971 100 39 0 0 0 -3.18829 100 30 0 0 0 0 0 0 0 0 0 0 0
6500 -162.713 0 0 0 0.898354 100 31 -1.61371 100 49 0 0 0 -2.93446 100 30 0 0 0 0 0 0 0 0 0 0 0
6600 -163.11 0 0 0 0.453342 100 39 -7.50146 100 50 0 0 0 -2.59202 100 23 0 0 0 0 0 0 0 0 0 0 0
6700 -163.998 0 0 0 -0.036724 100 36 -1.12622 100 46 0 0 0 -2.54987 100 15 0 0 0 0 0 0 0 0 0 0 0
6800 -162.884 0 0 0 0.144171 100 38 -2.1232 100 45 0 0 0 -2.46549 100 26 0 0 0 0 0 0 0 0 0 0 0
6900 -162.715 0 0 0 0.694286 100 40 -0.137469 100 52 0 0 0 -2.75147 100 25 0 0 0 0 0 0 0 0 0 0 0
7000 -164.631 0 0 0 -0.0703997 100 40 -9.49607 100 44 0 0 0 -2.03122 100 32 0 0 0 0 0 0 0 0 0 0 0
7100 -164.742 0 0 0 1.27899 100 33 0.0954149 100 44 0 0 0 -2.7604 100 27 0 0 0 0 0 0 0 0 0 0 0
7200 -165.766 0 0 0 0.243729 100 42 1.83564 100 46 0 0 0 -2.91732 100 18 0 0 0 0 0 0 0 0 0 0 0
7300 -163.106 0 0 0 0.884919 100 34 -1.47531 100 54 0 0 0 -2.61584 100 23 0 0 0 0 0 0 0 0 0 0 0
7400 -162.51 0 0 0 0.62977 100 39 -4.92789 100 44 0 0 0 -2.67534 100 22 0 0 0 0 0 0 0 0 0 0 0
7500 -163.575 0 0 0 0.30664 100 34 0.396335 100 50 0 0 0 -2.64437 100 34 0 0 0 0 0 0 0 0 0 0 0
7600 -165.055 0 0 0 0.466972 100 34 -12.5186 100 53 0 0 0 -2.44265 100 25 0 0 0 0 0 0 0 0 0 0 0
7700 -163.577 0 0 0 1.08721 100 31 -5.38264 100 57 0 0 0 -2.94044 100 20 0 0 0 0 0 0 0 0 0 0 0
7800 -162.897 0 0 0 1.00992 100 37 -1.29145 100 47 0 0 0 -2.75832 100 25 0 0 0 0 0 0 0 0 0 0 0
7900 -162.424 0 0 0 0.751717 100 40 -3.1088 100 58 0 0 0 -2.63862 100 25 0 0 0 0 0 0 0 0 0 0 0
8000 -163.478 0 0 0 -0.0405611 100 33 -5.62036 100 51 0 0 0 -2.1409 100 27 0 0 0 0 0 0 0 0 0 0 0
8100 -162.795 0 0 0 0.642948 100 38 -0.35102 100 55 0 0 0 -2.82171 100 29 0 0 0 0 0 0 0 0 0 0 0
8200 -163.309 0 0 0 0.518903 100 25 -2.7858 100 56 0 0 0 -2.87901 100 22 0 0 0 0 0 0 0 0 0 0 0
8300 -162.529 0 0 0 0.551348 100 33 -2.62711 100 54 0 0 0 -2.49607 100 20 0 0 0 0 0 0 0 0 0 0 0
8400 -164.611 0 0 0 0.362347 100 30 -0.941084 100 44 0 0 0 -2.95873 100 30 0 0 0 0 0 0 0 0 0 0 0
8500 -165.798 0 0 0 0.083782 100 34 -14.2606 100 41 0 0 0 -2.25588 100 27 0 0 0 0 0 0 0 0 0 0 0
8600 -162.512 0 0 0 0.574002 100 32 -2.69375 100 46 0 0 0 -2.50737 100 25 0 0 0 0 0 0 0 0 0 0 0
8700 -163.916 0 0 0 1.41183 100 39 0.112887 100 54 0 0 0 -3.26648 100 25 0 0 0 0 0 0 0 0 0 0 0
8800 -163.712 0 0 0 0.44294 100 36 -7.55105 100 57 0 0 0 -2.7175 100 27 0 0 0 0 0 0 0 0 0 0 0
8900 -162.811 0 0 0 0.863246 100 34 -1.15563 100 52 0 0 0 -2.66976 100 22 0 0 0 0 0 0 0 0 0 0 0
9000 -163.278 0 0 0 0.134039 100 40 -3.752 100 50 0 0 0 -2.62953 100 25 0 0 0 0 0 0 0 0 0 0 0
9100 -163.283 0 0 0 1.19793 100 31 -2.34859 100 47 0 0 0 -3.065 100 33 0 0 0 0 0 0 0 0 0 0 0
9200 -162.972 0 0 0 0.425528 100 41 -1.63437 100 43 0 0 0 -2.77634 100 29 0 0 0 0 0 0 0 0 0 0 0
9300 -162.944 0 0 0 1.12318 100 29 -0.348869 100 37 0 0 0 -2.97491 100 24 0 0 0 0 0 0 0 0 0 0 0
9400 -167.951 0 0 0 -0.912938 100 38 -3.92698 100 48 0 0 0 -1.87283 100 33 0 0 0 0 0 0 0 0 0 0 0
9500 -163.053 0 0 0 0.156351 100 37 -5.72523 100 40 0 0 0 -2.23337 100 24 0 0 0 0 0 0 0 0 0 0 0
9600 -163.627 0 0 0 0.809907 100 26 -7.28948 100 47 0 0 0 -2.55017 100 26 0 0 0 0 0 0 0 0 0 0 0
9700 -162.361 0 0 0 0.512941 100 30 -3.53162 100 46 0 0 0 -2.50695 100 27 0 0 0 0 0 0 0 0 0 0 0
9800 -164.393 0 0 0 0.318179 100 34 -7.74341 100 35 0 0 0 -2.74611 100 27 0 0 0 0 0 0 0 0 0 0 0
9900 -162.476 0 0 0 0.449488 100 34 -3.6033 100 45 0 0 0 -2.66987 100 24 0 0 0 0 0 0 0 0 0 0 0
10000 -163.291 0 0 0 1.01643 100 37 -2.06578 100 50 0 0 0 -3.07417 100 27 0 0 0 0 0 0 0 0 0 0 0
10100 -164.717 0 0 0 -0.435003 100 32 -3.12366 100 56 0 0 0 -2.21448 100 36 0 0 0 0 0 0 0 0 0 0 0
10200 -163.364 0 0 0 0.191568 100 36 -0.589642 100 59 0 0 0 -2.49032 100 32 0 0 0 0 0 0 0 0 0 0 0
10300 -165.416 0 0 0 0.442522 100 33 -7.26959 100 42 0 0 0 -2.93126 100 38 0 0 0 0 0 0 0 0 0 0 0
10400 -164.829 0 0 0 0.166715 100 35 0.155285 100 54 0 0 0 -2.30899 100 28 0 0 0 0 0 0 0 0 0 0 0
10500 -163.709 0 0 0 1.11231 100 37 0.254801 100 43 0 0 0 -3.19298 100 21 0 0 0 0 0 0 0 0 0 0 0
10600 -163.007 0 0 0 0.812611 100 45 -1.3801 100 42 0 0 0 -2.59022 100 28 0 0 0 0 0 0 0 0 0 0 0
10700 -164.552 0 0 0 1.42223 100 30 -4.72285 100 46 0 0 0 -2.98155 100 31 0 0 0 0 0 0 0 0 0 0 0
10800 -167.728 0 0 0 2.28825 100 33 0.465791 100 55 0 0 0 -3.78487 100 24 0 0 0 0 0 0 0 0 0 0 0
10900 -162.803 0 0 0 0.932338 100 37 -0.476881 100 48 0 0 0 -2.76922 100 23 0 0 0 0 0 0 0 0 0 0 0
11000 -163.049 0 0 0 0.109861 100 29 -4.05613 100 51 0 0 0 -2.56148 100 26 0 0 0 0 0 0 0 0 0 0 0
11100 -164.21 0 0 0 0.439377 100 24 -8.69166 100 47 0 0 0 -2.24533 100 22 0 0 0 0 0 0 0 0 0 0 0
11200 -163.113 0 0 0 0.144805 100 35 -6.62685 100 44 0 0 0 -2.50082 100 25 0 0 0 0 0 0 0 0 0 0 0
11300 -162.581 0 0 0 0.930043 100 33 -2.87065 100 49 0 0 0 -2.77611 100 21 0 0 0 0 0 0 0 0 0 0 0
11400 -164.416 0 0 0 1.42008 100 39 -3.76558 100 44 0 0 0 -3.1965 100 23 0 0 0 0 0 0 0 0 0 0 0
11500 -164.341 0 0 0 0.345445 100 33 1.24576 100 49 0 0 0 -2.81493 100 26 0 0 0 0 0 0 0 0 0 0 0
11600 -164.716 0 0 0 1.31746 100 37 -5.4398 100 46 0 0 0 -3.15798 100 24 0 0 0 0 0 0 0 0 0 0 0
11700 -163.852 0 0 0 -0.176734 100 36 -2.68184 100 52 0 0 0 -2.24051 100 24 0 0 0 0 0 0 0 0 0 0 0
11800 -162.969 0 0 0 0.194177 100 37 -1.82402 100 52 0 0 0 -2.58442 100 22 0 0 0 0 0 0 0 0 0 0 0
11900 -162.403 0 0 0 0.46217 100 32 -3.27143 100 48 0 0 0 -2.65997 100 35 0 0 0 0 0 0 0 0 0 0 0
12000 -162.843 0 0 0 0.0599065 100 34 -5.72404 100 44 0 0 0 -2.32791 100 33 0 0 0 0 0 0 0 0 0 0 0
12100 -165.186 0 0 0 0.906596 100 34 -0.0233587 100 41 0 0 0 -2.48417 100 26 0 0 0 0 0 0 0 0 0 0 0
12200 -162.582 0 0 0 0.845279 100 27 -4.07666 100 45 0 0 0 -2.72346 100 26 0 0 0 0 0 0 0 0 0 0 0
12300 -164.105 0 0 0 1.05392 100 28 -7.07972 100 47 0 0 0 -2.7133 100 32 0 0 0 0 0 0 0 0 0 0 0
12400 -164.886 0 0 0 1.51555 100 29 0.993057 100 40 0 0 0 -2.9784 100 37 0 0 0 0 0 0 0 0 0 0 0
12500 -163.533 0 0 0 0.174313 100 31 -9.10954 100 61 0 0 0 -2.38673 100 33 0 0 0 0 0 0 0 0 0 0 0
12600 -162.477 0 0 0 0.764013 100 31 -3.95085 100 39 0 0 0 -2.74589 100 21 0 0 0 0 0 0 0 0 0 0 0
12700 -164.267 0 0 0 0.638462 100 30 -8.96643 100 46 0 0 0 -2.38129 100 31 0 0 0 0 0 0 0 0 0 0 0
12800 -166.242 0 0 0 0.387537 100 27 0.299149 100 42 0 0 0 -3.12281 100 26 0 0 0 0 0 0 0 0 0 0 0
12900 -162.539 0 0 0 0.429087 100 32 -2.28586 100 52 0 0 0 -2.47546 100 28 0 0 0 0 0 0 0 0 0 0 0
13000 -162.476 0 0 0 0.415929 100 43 -2.0185 100 49 0 0 0 -2.63171 100 35 0 0 0 0 0 0 0 0 0 0 0
13100 -162.363 0 0 0 0.704474 100 24 -3.81109 100 46 0 0 0 -2.67094 100 22 0 0 0 0 0 0 0 0 0 0 0
13200 -164.816 0 0 0 -0.187723 100 31 -3.33032 100 52 0 0 0 -2.03699 100 26 0 0 0 0 0 0 0 0 0 0 0
13300 -162.346 0 0 0 0.494684 100 32 -4.3083 100 52 0 0 0 -2.60763 100 30 0 0 0 0 0 0 0 0 0 0 0
13400 -164.624 0 0 0 0.373658 100 32 1.35005 100 51 0 0 0 -2.49703 100 19 0 0 0 0 0 0 0 0 0 0 0
13500 -164.074 0 0 0 -0.270272 100 35 -2.84324 100 49 0 0 0 -2.25397 100 35 0 0 0 0 0 0 0 0 0 0 0
13600 -163.561 0 0 0 1.15886 100 25 -4.7155 100 47 0 0 0 -2.97135 100 25 0 0 0 0 0 0 0 0 0 0 0
13700 -164.559 0 0 0 0.193939 100 36 -9.6207 100 53 0 0 0 -2.60246 100 27 0 0 0 0 0 0 0 0 0 0 0
13800 -164.126 0 0 0 0.230742 100 33 -0.789875 100 51 0 0 0 -2.297 100 36 0 0 0 0 0 0 0 0 0 0 0
13900 -163.815 0 0 0 0.608371 100 30 -6.0384 100 47 0 0 0 -2.32442 100 31 0 0 0 0 0 0 0 0 0 0 0
14000 -162.755 0 0 0 0.467245 100 34 -1.38863 100 46 0 0 0 -2.74843 100 39 0 0 0 0 0 0 0 0 0 0 0
14100 -164.12 0 0 0 1.53 100 35 -1.55294 100 44 0 0 0 -3.15185 100 30 0 0 0 0 0 0 0 0 0 0 0
14200 -165.25 0 0 0 1.83766 100 27 1.59645 100 53 0 0 0 -3.35264 100 23 0 0 0 0 0 0 0 0 0 0 0
14300 -163.146 0 0 0 -0.00268715 100 35 -6.24661 100 53 0 0 0 -2.2218 100 27 0 0 0 0 0 0 0 0 0 0 0
14400 -163.716 0 0 0 0.89677 100 35 -1.23702 100 46 0 0 0 -3.11725 100 27 0 0 0 0 0 0 0 0 0 0 0
14500 -162.899 0 0 0 0.344176 100 35 -7.07722 100 49 0 0 0 -2.51788 100 27 0 0 0 0 0 0 0 0 0 0 0
14600 -163.91 0 0 0 0.953984 100 33 0.680719 100 51 0 0 0 -3.16366 100 26 0 0 0 0 0 0 0 0 0 0 0
14700 -166.176 0 0 0 -0.643905 100 27 -7.51699 100 42 0 0 0 -1.84629 100 26 0 0 0 0 0 0 0 0 0 0 0
14800 -163.696 0 0 0 0.377291 100 34 0.569256 100 47 0 0 0 -2.77123 100 27 0 0 0 0 0 0 0 0 0 0 0
14900 -162.832 0 0 0 0.436518 100 35 -7.04415 100 43 0 0 0 -2.50597 100 27 0 0 0 0 0 0 0 0 0 0 0
15000 -163.505 0 0 0 1.17404 100 34 -1.29901 100 53 0 0 0 -2.78503 100 40 0 0 0 0 0 0 0 0 0 0 0
15100 -163.309 0 0 0 0.419 100 37 0.233246 100 50 0 0 0 -2.57577 100 34 0 0 0 0 0 0 0 0 0 0 0
15200 -163.371 0 0 0 1.26433 100 38 0.115384 100 43 0 0 0 -2.96812 100 27 0 0 0 0 0 0 0 0 0 0 0
15300 -163.597 0 0 0 -0.0305983 100 36 -5.8781 100 51 0 0 0 -2.50669 100 23 0 0 0 0 0 0 0 0 0 0 0
15400 -163.239 0 0 0 0.783462 100 39 -3.66892 100 53 0 0 0 -2.4899 100 29 0 0 0 0 0 0 0 0 0 0 0
15500 -164.215 0 0 0 0.0314904 100 35 -1.64058 100 46 0 0 0 -2.20819 100 29 0 0 0 0 0 0 0 0 0 0 0
15600 -164.409 0 0 0 0.27759 100 33 1.40681 100 50 0 0 0 -2.6149 100 30 0 0 0 0 0 0 0 0 0 0 0
15700 -163.69 0 0 0 -0.215235 100 35 -3.55394 100 57 0 0 0 -2.33988 100 29 0 0 0 0 0 0 0 0 0 0 0
15800 -163.64 0 0 0 -0.169505 100 36 -6.20964 100 47 0 0 0 -2.37105 100 31 0 0 0 0 0 0 0 0 0 0 0
15900 -162.637 0 0 0 0.894273 100 39 -0.659924 100 46 0 0 0 -2.79479 100 26 0 0 0 0 0 0 0 0 0 0 0
16000 -165.258 0 0 0 1.85171 100 36 0.594273 100 57 0 0 0 -3.42215 100 31 0 0 0 0 0 0 0 0 0 0 0
16100 -162.835 0 0 0 0.0309922 100 31 -4.55487 100 54 0 0 0 -2.34764 100 30 0 0 0 0 0 0 0 0 0 0 0
16200 -164.654 0 0 0 1.58984 100 25 0.632438 100 54 0 0 0 -3.41543 100 30 0 0 0 0 0 0 0 0 0 0 0
16300 -164.223 0 0 0 1.09694 100 31 -1.14284 100 49 0 0 0 -3.24844 100 21 0 0 0 0 0 0 0 0 0 0 0
16400 -162.749 0 0 0 0.348814 100 26 -1.62895 100 52 0 0 0 -2.66038 100 27 0 0 0 0 0 0 0 0 0 0 0
16500 -162.741 0 0 0 0.508853 100 30 -0.742392 100 51 0 0 0 -2.73389 100 29 0 0 0 0 0 0 0 0 0 0 0
16600 -163.971 0 0 0 -0.34162 100 38 -5.75205 100 37 0 0 0 -2.22039 100 27 0 0 0 0 0 0 0 0 0 0 0
16700 -163.386 0 0 0 0.771988 100 35 -3.85959 100 52 0 0 0 -2.96585 100 17 0 0 0 0 0 0 0 0 0 0 0
16800 -163.783 0 0 0 1.38115 100 42 -1.14682 100 41 0 0 0 -2.96111 100 33 0 0 0 0 0 0 0 0 0 0 0
16900 -163.243 0 0 0 1.00389 100 34 -1.64663 100 50 0 0 0 -2.67454 100 27 0 0 0 0 0 0 0 0 0 0 0
17000 -164.093 0 0 0 -0.230225 100 36 -8.46849 100 49 0 0 0 -2.11095 100 21 0 0 0 0 0 0 0 0 0 0 0
17100 -164.699 0 0 0 0.272445 100 38 0.231524 100 48 0 0 0 -2.33517 100 36 0 0 0 0 0 0 0 0 0 0 0
17200 -162.873 0 0 0 0.944678 100 23 -2.98176 100 41 0 0 0 -2.67814 100 34 0 0 0 0 0 0 0 0 0 0 0
17300 -162.929 0 0 0 0.457723 100 38 -4.46913 100 51 0 0 0 -2.34773 100 21 0 0 0 0 0 0 0 0 0 0 0
17400 -163.039 0 0 0 1.14758 100 47 -2.29466 100 41 0 0 0 -2.8667 100 28 0 0 0 0 0 0 0 0 0 0 0
17500 -162.97 0 0 0 0.365532 100 39 -2.76042 100 42 0 0 0 -2.34586 100 25 0 0 0 0 0 0 0 0 0 0 0
17600 -164.545 0 0 0 -0.0978798 100 39 -5.05539 100 49 0 0 0 -2.61836 100 35 0 0 0 0 0 0 0 0 0 0 0
17700 -164.365 0 0 0 0.951469 100 39 2.63135 100 45 0 0 0 -3.13576 100 23 0 0 0 0 0 0 0 0 0 0 0
17800 -163.236 0 0 0 0.57685 100 30 -3.82154 100 51 0 0 0 -2.87153 100 19 0 0 0 0 0 0 0 0 0 0 0
17900 -162.824 0 0 0 0.847128 100 29 -4.88464 100 46 0 0 0 -2.65226 100 31 0 0 0 0 0 0 0 0 0 0 0
18000 -162.71 0 0 0 0.453136 100 38 -6.57745 100 48 0 0 0 -2.5013 100 19 0 0 0 0 0 0 0 0 0 0 0
18100 -164.483 0 0 0 0.596784 100 30 -7.97771 100 48 0 0 0 -2.28603 100 28 0 0 0 0 0 0 0 0 0 0 0
18200 -163.278 0 0 0 0.0813497 100 37 -1.7414 100 44 0 0 0 -2.36807 100 35 0 0 0 0 0 0 0 0 0 0 0
18300 -162.444 0 0 0 0.832244 100 45 -2.91574 100 56 0 0 0 -2.71932 100 25 0 0 0 0 0 0 0 0 0 0 0
18400 -163.469 0 0 0 0.626358 100 36 1.28818 100 43 0 0 0 -2.7641 100 28 0 0 0 0 0 0 0 0 0 0 0
18500 -162.427 0 0 0 0.510707 100 37 -4.85652 100 46 0 0 0 -2.61501 100 30 0 0 0 0 0 0 0 0 0 0 0
18600 -163.372 0 0 0 0.819921 100 35 -4.96942 100 49 0 0 0 -2.5078 100 25 0 0 0 0 0 0 0 0 0 0 0
18700 -162.959 0 0 0 1.1381 100 27 -1.34343 100 50 0 0 0 -3.00334 100 28 0 0 0 0 0 0 0 0 0 0 0
18800 -163.839 0 0 0 1.09817 100 44 -2.28449 100 43 0 0 0 -3.17097 100 21 0 0 0 0 0 0 0 0 0 0 0
18900 -163.406 0 0 0 0.899644 100 29 1.45225 100 56 0 0 0 -2.98348 100 23 0 0 0 0 0 0 0 0 0 0 0
19000 -162.482 0 0 0 0.524601 100 39 -3.79857 100 40 0 0 0 -2.70424 100 29 0 0 0 0 0 0 0 0 0 0 0
19100 -163.301 0 0 0 0.787123 100 35 -3.41155 100 46 0 0 0 -2.48555 100 27 0 0 0 0 0 0 0 0 0 0 0
19200 -163.42 0 0 0 0.133959 100 35 -8.39544 100 56 0 0 0 -2.25237 100 21 0 0 0 0 0 0 0 0 0 0 0
19300 -162.435 0 0 0 0.791291 100 34 -2.47755 100 47 0 0 0 -2.80762 100 31 0 0 0 0 0 0 0 0 0 0 0
19400 -163.665 0 0 0 -0.13482 100 33 -2.42223 100 49 0 0 0 -2.31755 100 29 0 0 0 0 0 0 0 0 0 0 0
19500 -163.588 0 0 0 0.572094 100 34 -5.10038 100 46 0 0 0 -2.32022 100 32 0 0 0 0 0 0 0 0 0 0 0
19600 -164.116 0 0 0 -0.289222 100 26 -7.72821 100 52 0 0 0 -2.2652 100 29 0 0 0 0 0 0 0 0 0 0 0
19700 -163.195 0 0 0 0.572869 100 29 -6.94331 100 44 0 0 0 -2.70506 100 30 0 0 0 0 0 0 0 0 0 0 0
19800 -163.257 0 0 0 0.939821 100 39 0.110479 100 36 0 0 0 -3.0582 100 31 0 0 0 0 0 0 0 0 0 0 0
19900 -162.755 0 0 0 0.982203 100 34 -1.66963 100 55 0 0 0 -2.75998 100 30 0 0 0 0 0 0 0 0 0 0 0
20000 -163.14 0 0 0 0.104088 100 43 -3.03301 100 47 0 0 0 -2.27404 100 21 0 0 0 0 0 0 0 0 0 0 0
20100 -162.603 0 0 0 0.252531 100 34 -3.01513 100 54 0 0 0 -2.40334 100 24 0 0 0 0 0 0 0 0 0 0 0
20200 -163.523 0 0 0 0.229136 100 35 -5.12168 100 47 0 0 0 -2.18074 100 24 0 0 0 0 0 0 0 0 0 0 0
20300 -163.461 0 0 0 0.866835 100 30 -2.48786 100 44 0 0 0 -2.52993 100 34 0 0 0 0 0 0 0 0 0 0 0
20400 -164.095 0 0 0 -0.307759 100 26 -6.15816 100 56 0 0 0 -2.32791 100 25 0 0 0 0 0 0 0 0 0 0 0
20500 -163.041 0 0 0 1.12825 100 30 -3.03998 100 43 0 0 0 -2.87093 100 35 0 0 0 0 0 0 0 0 0 0 0
20600 -162.675 0 0 0 0.802008 100 38 -0.212285 100 53 0 0 0 -2.81916 100 29 0 0 0 0 0 0 0 0 0 0 0
20700 -162.493 0 0 0 0.330942 100 37 -5.27034 100 56 0 0 0 -2.42642 100 26 0 0 0 0 0 0 0 0 0 0 0
20800 -163.144 0 0 0 0.903843 100 25 -5.95792 100 43 0 0 0 -2.74537 100 34 0 0 0 0 0 0 0 0 0 0 0
20900 -166.179 0 0 0 0.67125 100 35 -0.974919 100 48 0 0 0 -2.2635 100 26 0 0 0 0 0 0 0 0 0 0 0
21000 -163.026 0 0 0 0.109998 100 37 -2.00611 100 50 0 0 0 -2.4164 100 30 0 0 0 0 0 0 0 0 0 0 0
21100 -163.942 0 0 0 0.662219 100 46 -2.17063 100 53 0 0 0 -3.03493 100 32 0 0 0 0 0 0 0 0 0 0 0
21200 -165.622 0 0 0 0.833835 100 34 4.08392 100 46 0 0 0 -3.08022 100 32 0 0 0 0 0 0 0 0 0 0 0
21300 -164.598 0 0 0 0.814219 100 29 -5.20922 100 54 0 0 0 -3.07651 100 27 0 0 0 0 0 0 0 0 0 0 0
21400 -163.821 0 0 0 0.032931 100 40 -1.58239 100 46 0 0 0 -2.27266 100 20 0 0 0 0 0 0 0 0 0 0 0
21500 -162.78 0 0 0 0.302243 100 39 -1.97792 100 42 0 0 0 -2.64451 100 28 0 0 0 0 0 0 0 0 0 0 0
21600 -163.6 0 0 0 1.29109 100 24 -3.20267 100 49 0 0 0 -3.05742 100 20 0 0 0 0 0 0 0 0 0 0 0
21700 -165.162 0 0 0 -0.381082 100 33 -10.1822 100 58 0 0 0 -1.99558 100 24 0 0 0 0 0 0 0 0 0 0 0
21800 -164.823 0 0 0 -0.320317 100 39 -3.36435 100 51 0 0 0 -2.48846 100 23 0 0 0 0 0 0 0 0 0 0 0
21900 -164.071 0 0 0 -0.0415784 100 29 -7.50661 100 40 0 0 0 -2.50688 100 29 0 0 0 0 0 0 0 0 0 0 0
22000 -164.374 0 0 0 -0.0519097 100 32 -10.6293 100 55 0 0 0 -2.30119 100 32 0 0 0 0 0 0 0 0 0 0 0
22100 -164.258 0 0 0 0.234592 100 37 -10.9052 100 42 0 0 0 -2.28754 100 27 0 0 0 0 0 0 0 0 0 0 0
22200 -162.438 0 0 0 0.388452 100 37 -5.16021 100 49 0 0 0 -2.52498 100 20 0 0 0 0 0 0 0 0 0 0 0
22300 -163.099 0 0 0 0.944906 100 27 -1.94717 100 47 0 0 0 -3.0266 100 28 0 0 0 0 0 0 0 0 0 0 0
22400 -162.58 0 0 0 0.92295 100 28 -2.50374 100 53 0 0 0 -2.7519 100 33 0 0 0 0 0 0 0 0 0 0 0
22500 -163.662 0 0 0 1.16766 100 34 -3.42843 100 44 0 0 0 -3.10305 100 26 0 0 0 0 0 0 0 0 0 0 0
22600 -165.479 0 0 0 1.11734 100 35 -10.0036 100 40 0 0 0 -2.79817 100 32 0 0 0 0 0 0 0 0 0 0 0
22700 -163.913 0 0 0 0.432454 100 34 -10.0246 100 54 0 0 0 -2.50777 100 30 0 0 0 0 0 0 0 0 0 0 0
22800 -165.326 0 0 0 -0.614404 100 36 -6.20327 100 50 0 0 0 -1.99883 100 36 0 0 0 0 0 0 0 0 0 0 0
22900 -163.075 0 0 0 0.146772 100 34 -3.24634 100 49 0 0 0 -2.60446 100 28 0 0 0 0 0 0 0 0 0 0 0
23000 -162.958 0 0 0 0.0661674 100 34 -6.54908 100 51 0 0 0 -2.30581 100 26 0 0 0 0 0 0 0 0 0 0 0
23100 -166.056 0 0 0 1.40412 100 39 -7.78952 100 53 0 0 0 -3.19088 100 29 0 0 0 0 0 0 0 0 0 0 0
23200 -164.535 0 0 0 1.41875 100 36 -0.857955 100 45 0 0 0 -3.36293 100 28 0 0 0 0 0 0 0 0 0 0 0
23300 -163.669 0 0 0 -0.0495392 100 44 -2.96254 100 44 0 0 0 -2.1987 100 22 0 0 0 0 0 0 0 0 0 0 0
23400 -162.805 0 0 0 0.719498 100 36 -4.44494 100 46 0 0 0 -2.52023 100 28 0 0 0 0 0 0 0 0 0 0 0
23500 -162.855 0 0 0 1.04898 100 31 -1.09934 100 41 0 0 0 -2.81899 100 30 0 0 0 0 0 0 0 0 0 0 0
23600 -162.925 0 0 0 0.135779 100 40 -4.1752 100 54 0 0 0 -2.5522 100 30 0 0 0 0 0 0 0 0 0 0 0
23700 -162.634 0 0 0 0.461722 100 44 -1.80945 100 52 0 0 0 -2.72413 100 26 0 0 0 0 0 0 0 0 0 0 0
23800 -166.841 0 0 0 0.943572 100 25 -1.11111 100 38 0 0 0 -2.36025 100 32 0 0 0 0 0 0 0 0 0 0 0
23900 -162.905 0 0 0 0.371826 100 35 -5.03002 100 49 0 0 0 -2.31612 100 38 0 0 0 0 0 0 0 0 0 0 0
24000 -163.433 0 0 0 -0.0856194 100 34 -6.25212 100 50 0 0 0 -2.40438 100 26 0 0 0 0 0 0 0 0 0 0 0
24100 -164.603 0 0 0 0.463009 100 34 -11.4776 100 46 0 0 0 -2.40274 100 23 0 0 0 0 0 0 0 0 0 0 0
24200 -169.161 0 0 0 1.30199 100 32 7.15632 100 44 0 0 0 -3.54176 100 33 0 0 0 0 0 0 0 0 0 0 0
24300 -162.748 0 0 0 0.856065 100 34 -0.0324936 100 41 0 0 0 -2.86681 100 24 0 0 0 0 0 0 0 0 0 0 0
24400 -162.375 0 0 0 0.781442 100 26 -2.84265 100 54 0 0 0 -2.75136 100 26 0 0 0 0 0 0 0 0 0 0 0
24500 -167.921 0 0 0 1.15886 100 36 -5.26607 100 48 0 0 0 -2.40283 100 30 0 0 0 0 0 0 0 0 0 0 0
24600 -163.182 0 0 0 0.123626 100 40 -4.8478 100 41 0 0 0 -2.20733 100 28 0 0 0 0 0 0 0 0 0 0 0
24700 -164.001 0 0 0 1.48801 100 31 -1.56826 100 49 0 0 0 -3.18936 100 31 0 0 0 0 0 0 0 0 0 0 0
24800 -163.575 0 0 0 0.170097 100 34 -8.99134 100 43 0 0 0 -2.43011 100 20 0 0 0 0 0 0 0 0 0 0 0
24900 -165.421 0 0 0 -0.00470186 100 32 -13.2544 100 47 0 0 0 -2.18151 100 28 0 0 0 0 0 0 0 0 0 0 0
25000 -163.975 0 0 0 -0.173577 100 31 -1.96456 100 61 0 0 0 -2.32349 100 28 0 0 0 0 0 0 0 0 0 0 0
25100 -162.466 0 0 0 0.665084 100 32 -3.26828 100 49 0 0 0 -2.77149 100 31 0 0 0 0 0 0 0 0 0 0 0
25200 -162.584 0 0 0 0.948424 100 37 -2.57424 100 53 0 0 0 -2.80078 100 20 0 0 0 0 0 0 0 0 0 0 0
25300 -163.349 0 0 0 0.473702 100 28 -8.53221 100 44 0 0 0 -2.45503 100 25 0 0 0 0 0 0 0 0 0 0 0
25400 -163.598 0 0 0 0.371692 100 37 -9.35629 100 49 0 0 0 -2.47367 100 25 0 0 0 0 0 0 0 0 0 0 0
25500 -164.456 0 0 0 1.60107 100 35 0.984501 100 48 0 0 0 -3.15326 100 26 0 0 0 0 0 0 0 0 0 0 0
25600 -162.96 0 0 0 0.766795 100 33 0.54097 100 47 0 0 0 -2.77887 100 35 0 0 0 0 0 0 0 0 0 0 0
25700 -163.059 0 0 0 0.837383 100 34 -0.341051 100 56 0 0 0 -2.65709 100 25 0 0 0 0 0 0 0 0 0 0 0
25800 -163.518 0 0 0 0.845723 100 27 -4.40679 100 38 0 0 0 -2.49987 100 37 0 0 0 0 0 0 0 0 0 0 0
25900 -163.114 0 0 0 0.0759615 100 31 -2.08463 100 42 0 0 0 -2.49533 100 31 0 0 0 0 0 0 0 0 0 0 0
26000 -164.285 0 0 0 0.420424 100 34 -4.2376 100 50 0 0 0 -2.18709 100 18 0 0 0 0 0 0 0 0 0 0 0
26100 -162.44 0 0 0 0.537491 100 33 -1.73546 100 51 0 0 0 -2.70132 100 28 0 0 0 0 0 0 0 0 0 0 0
26200 -164.065 0 0 0 0.0818377 100 28 -5.83804 100 49 0 0 0 -2.07692 100 22 0 0 0 0 0 0 0 0 0 0 0
26300 -164.277 0 0 0 1.17167 100 34 -3.87099 100 49 0 0 0 -2.67418 100 31 0 0 0 0 0 0 0 0 0 0 0
26400 -163.258 0 0 0 1.01055 100 30 -5.31685 100 47 0 0 0 -2.85861 100 32 0 0 0 0 0 0 0 0 0 0 0
26500 -164.502 0 0 0 1.37979 100 37 3.10824 100 44 0 0 0 -3.15062 100 32 0 0 0 0 0 0 0 0 0 0 0
26600 -163.248 0 0 0 1.14108 100 29 -3.68483 100 43 0 0 0 -2.83516 100 21 0 0 0 0 0 0 0 0 0 0 0
26700 -164.859 0 0 0 0.134584 100 31 -7.99942 100 50 0 0 0 -2.02647 100 26 0 0 0 0 0 0 0 0 0 0 0
26800 -163.269 0 0 0 1.16359 100 37 0.767291 100 44 0 0 0 -3.07068 100 24 0 0 0 0 0 0 0 0 0 0 0
26900 -163.403 0 0 0 1.05291 100 27 -1.29566 100 49 0 0 0 -3.11804 100 31 0 0 0 0 0 0 0 0 0 0 0
27000 -162.856 0 0 0 0.800201 100 30 -2.57213 100 47 0 0 0 -2.56996 100 19 0 0 0 0 0 0 0 0 0 0 0
27100 -162.301 0 0 0 0.43195 100 31 -3.79837 100 55 0 0 0 -2.52316 100 29 0 0 0 0 0 0 0 0 0 0 0
27200 -163.025 0 0 0 0.0241828 100 37 -4.67062 100 44 0 0 0 -2.46311 100 38 0 0 0 0 0 0 0 0 0 0 0
27300 -165.546 0 0 0 0.413229 100 33 2.9406 100 51 0 0 0 -2.87387 100 33 0 0 0 0 0 0 0 0 0 0 0
27400 -162.831 0 0 0 0.124327 100 34 -2.92457 100 44 0 0 0 -2.36597 100 26 0 0 0 0 0 0 0 0 0 0 0
27500 -162.301 0 0 0 0.543597 100 35 -4.09904 100 51 0 0 0 -2.58436 100 35 0 0 0 0 0 0 0 0 0 0 0
27600 -163.293 0 0 0 0.791063 100 36 -5.91807 100 53 0 0 0 -2.52491 100 30 0 0 0 0 0 0 0 0 0 0 0
27700 -164.897 0 0 0 1.26837 100 28 -1.03141 100 47 0 0 0 -2.70554 100 25 0 0 0 0 0 0 0 0 0 0 0
27800 -163.684 0 0 0 -0.209123 100 31 -6.43732 100 47 0 0 0 -2.32122 100 28 0 0 0 0 0 0 0 0 0 0 0
27900 -162.694 0 0 0 1.02993 100 34 -1.63326 100 42 0 0 0 -2.88012 100 30 0 0 0 0 0 0 0 0 0 0 0
28000 -163.873 0 0 0 1.32215 100 36 2.04131 100 44 0 0 0 -3.12374 100 33 0 0 0 0 0 0 0 0 0 0 0
28100 -163.52 0 0 0 0.0819106 100 42 -8.46802 100 50 0 0 0 -2.40977 100 34 0 0 0 0 0 0 0 0 0 0 0
28200 -163.346 0 0 0 -0.00415368 100 37 -2.71251 100 49 0 0 0 -2.27483 100 29 0 0 0 0 0 0 0 0 0 0 0
28300 -163.809 0 0 0 1.39614 100 39 -1.5941 100 53 0 0 0 -2.97822 100 33 0 0 0 0 0 0 0 0 0 0 0
28400 -163.586 0 0 0 0.547432 100 26 -3.7233 100 47 0 0 0 -2.31532 100 21 0 0 0 0 0 0 0 0 0 0 0
28500 -164.674 0 0 0 -0.466955 100 37 -5.87757 100 48 0 0 0 -2.0394 100 30 0 0 0 0 0 0 0 0 0 0 0
28600 -163.557 0 0 0 1.24094 100 30 0.0570884 100 43 0 0 0 -2.88657 100 30 0 0 0 0 0 0 0 0 0 0 0
28700 -165.002 0 0 0 1.02155 100 27 3.85218 100 45 0 0 0 -3.08965 100 22 0 0 0 0 0 0 0 0 0 0 0
28800 -164.367 0 0 0 0.603214 100 33 -9.45934 100 43 0 0 0 -2.36664 100 37 0 0 0 0 0 0 0 0 0 0 0
28900 -165.906 0 0 0 0.805618 100 34 0.763359 100 44 0 0 0 -2.43174 100 28 0 0 0 0 0 0 0 0 0 0 0
29000 -163.284 0 0 0 0.361572 100 44 -1.43416 100 49 0 0 0 -2.78763 100 28 0 0 0 0 0 0 0 0 0 0 0
29100 -163.892 0 0 0 1.49276 100 35 0.263453 100 42 0 0 0 -3.16991 100 28 0 0 0 0 0 0 0 0 0 0 0
29200 -163.875 0 0 0 0.979941 100 24 -6.60072 100 41 0 0 0 -2.92809 100 33 0 0 0 0 0 0 0 0 0 0 0
29300 -162.538 0 0 0 0.565831 100 33 -3.52413 100 48 0 0 0 -2.47866 100 23 0 0 0 0 0 0 0 0 0 0 0
29400 -162.727 0 0 0 0.948337 100 46 -0.571406 100 50 0 0 0 -2.92641 100 28 0 0 0 0 0 0 0 0 0 0 0
29500 -165.893 0 0 0 1.65267 100 27 -4.95591 100 58 0 0 0 -3.0683 100 34 0 0 0 0 0 0 0 0 0 0 0
29600 -166.033 0 0 0 -0.657868 100 38 -3.01882 100 44 0 0 0 -2.24932 100 21 0 0 0 0 0 0 0 0 0 0 0
29700 -163.761 0 0 0 0.517906 100 36 -8.72879 100 48 0 0 0 -2.3693 100 22 0 0 0 0 0 0 0 0 0 0 0
29800 -162.285 0 0 0 0.530795 100 38 -2.7391 100 39 0 0 0 -2.63736 100 33 0 0 0 0 0 0 0 0 0 0 0
29900 -162.767 0 0 0 0.70683 100 31 -5.38537 100 52 0 0 0 -2.74305 100 28 0 0 0 0 0 0 0 0 0 0 0
30000 -164.406 0 0 0 1.21609 100 34 -2.02502 100 40 0 0 0 -2.69533 100 32 0 0 0 0 0 0 0 0 0 0 0
30100 -164.161 0 0 0 1.32689 100 32 2.67065 100 42 0 0 0 -3.17065 100 19 0 0 0 0 0 0 0 0 0 0 0
30200 -163.121 0 0 0 1.09949 100 32 -3.685 100 44 0 0 0 -2.9448 100 28 0 0 0 0 0 0 0 0 0 0 0
30300 -162.862 0 0 0 1.01688 100 29 -3.68704 100 46 0 0 0 -2.85982 100 18 0 0 0 0 0 0 0 0 0 0 0
30400 -162.79 0 0 0 0.807483 100 38 -4.72701 100 48 0 0 0 -2.81065 100 24 0 0 0 0 0 0 0 0 0 0 0
30500 -168.19 0 0 0 1.22869 100 32 -4.05135 100 48 0 0 0 -3.56216 100 23 0 0 0 0 0 0 0 0 0 0 0
30600 -164.161 0 0 0 0.273093 100 31 -8.14065 100 50 0 0 0 -2.67359 100 32 0 0 0 0 0 0 0 0 0 0 0
30700 -164.312 0 0 0 0.424889 100 40 -3.23272 100 47 0 0 0 -2.94187 100 25 0 0 0 0 0 0 0 0 0 0 0
30800 -165.192 0 0 0 -0.0396734 100 31 -5.96947 100 43 0 0 0 -1.94743 100 26 0 0 0 0 0 0 0 0 0 0 0
30900 -166.276 0 0 0 1.25735 100 31 3.94641 100 42 0 0 0 -2.9021 100 22 0 0 0 0 0 0 0 0 0 0 0
31000 -162.572 0 0 0 0.444133 100 32 -1.69635 100 47 0 0 0 -2.51812 100 21 0 0 0 0 0 0 0 0 0 0 0
31100 -163.018 0 0 0 -0.00617235 100 36 -4.23586 100 55 0 0 0 -2.42849 100 22 0 0 0 0 0 0 0 0 0 0 0
31200 -163.04 0 0 0 0.87044 100 31 -5.64885 100 52 0 0 0 -2.66566 100 26 0 0 0 0 0 0 0 0 0 0 0
31300 -162.786 0 0 0 0.66851 100 34 -0.48015 100 48 0 0 0 -2.84444 100 25 0 0 0 0 0 0 0 0 0 0 0
31400 -162.499 0 0 0 0.847205 100 26 -3.33215 100 44 0 0 0 -2.78536 100 22 0 0 0 0 0 0 0 0 0 0 0
31500 -162.731 0 0 0 1.02677 100 22 -0.856897 100 44 0 0 0 -2.90553 100 26 0 0 0 0 0 0 0 0 0 0 0
31600 -163.679 0 0 0 0.929164 100 30 -6.78879 100 51 0 0 0 -2.86471 100 15 0 0 0 0 0 0 0 0 0 0 0
31700 -163.602 0 0 0 1.35257 100 27 0.775611 100 48 0 0 0 -3.06816 100 28 0 0 0 0 0 0 0 0 0 0 0
31800 -163.547 0 0 0 1.26475 100 33 0.345689 100 43 0 0 0 -2.93014 100 26 0 0 0 0 0 0 0 0 0 0 0
31900 -163.709 0 0 0 0.526747 100 36 -2.20325 100 47 0 0 0 -2.33303 100 27 0 0 0 0 0 0 0 0 0 0 0
32000 -164.147 0 0 0 0.561706 100 37 -5.52021 100 47 0 0 0 -2.92099 100 26 0 0 0 0 0 0 0 0 0 0 0
32100 -162.539 0 0 0 0.444352 100 32 -2.58048 100 46 0 0 0 -2.46051 100 24 0 0 0 0 0 0 0 0 0 0 0
32200 -163.406 0 0 0 -0.134472 100 36 -6.7649 100 45 0 0 0 -2.27524 100 22 0 0 0 0 0 0 0 0 0 0 0
32300 -163.656 0 0 0 -0.0633985 100 36 -8.01492 100 49 0 0 0 -2.15673 100 31 0 0 0 0 0 0 0 0 0 0 0
32400 -164.953 0 0 0 0.486518 100 40 -7.67315 100 47 0 0 0 -2.17092 100 29 0 0 0 0 0 0 0 0 0 0 0
32500 -163.497 0 0 0 1.0861 100 30 1.19539 100 50 0 0 0 -3.11392 100 22 0 0 0 0 0 0 0 0 0 0 0
32600 -162.888 0 0 0 0.444481 100 32 -2.12248 100 48 0 0 0 -2.77645 100 20 0 0 0 0 0 0 0 0 0 0 0
32700 -163.36 0 0 0 0.753105 100 30 -7.55781 100 48 0 0 0 -2.62414 100 34 0 0 0 0 0 0 0 0 0 0 0
32800 -165.162 0 0 0 0.696246 100 26 3.38542 100 45 0 0 0 -2.84723 100 27 0 0 0 0 0 0 0 0 0 0 0
32900 -163.878 0 0 0 0.455553 100 20 -7.6891 100 43 0 0 0 -2.26379 100 44 0 0 0 0 0 0 0 0 0 0 0
33000 -162.568 0 0 0 0.945067 100 32 -2.10435 100 45 0 0 0 -2.85603 100 27 0 0 0 0 0 0 0 0 0 0 0
33100 -163.965 0 0 0 0.657218 100 37 -3.54011 100 41 0 0 0 -3.00537 100 30 0 0 0 0 0 0 0 0 0 0 0
33200 -163.325 0 0 0 0.321264 100 28 -4.33254 100 45 0 0 0 -2.74361 100 26 0 0 0 0 0 0 0 0 0 0 0
33300 -162.498 0 0 0 0.729503 100 30 -2.09484 100 39 0 0 0 -2.82513 100 27 0 0 0 0 0 0 0 0 0 0 0
33400 -162.474 0 0 0 0.677189 100 30 -1.09798 100 58 0 0 0 -2.75515 100 28 0 0 0 0 0 0 0 0 0 0 0
33500 -163.884 0 0 0 0.241179 100 28 -5.52499 100 50 0 0 0 -2.73696 100 25 0 0 0 0 0 0 0 0 0 0 0
33600 -162.909 0 0 0 0.38026 100 38 -4.54542 100 46 0 0 0 -2.70175 100 25 0 0 0 0 0 0 0 0 0 0 0
33700 -163.351 0 0 0 -0.0786734 100 29 -4.68061 100 46 0 0 0 -2.44438 100 25 0 0 0 0 0 0 0 0 0 0 0
33800 -164.957 0 0 0 1.73426 100 39 -1.3516 100 43 0 0 0 -3.2909 100 30 0 0 0 0 0 0 0 0 0 0 0
33900 -162.648 0 0 0 0.41733 100 41 -5.64364 100 41 0 0 0 -2.60312 100 31 0 0 0 0 0 0 0 0 0 0 0
34000 -164.622 0 0 0 1.56031 100 30 -1.19602 100 50 0 0 0 -3.0212 100 33 0 0 0 0 0 0 0 0 0 0 0
34100 -163.378 0 0 0 0.0593349 100 32 -2.31125 100 46 0 0 0 -2.57851 100 21 0 0 0 0 0 0 0 0 0 0 0
34200 -163.802 0 0 0 0.0818328 100 30 -6.06947 100 47 0 0 0 -2.10607 100 26 0 0 0 0 0 0 0 0 0 0 0
34300 -163.636 0 0 0 -0.233897 100 39 -4.26709 100 46 0 0 0 -2.23793 100 34 0 0 0 0 0 0 0 0 0 0 0
34400 -162.909 0 0 0 0.933042 100 26 -4.28661 100 44 0 0 0 -2.87399 100 28 0 0 0 0 0 0 0 0 0 0 0
34500 -164.324 0 0 0 0.42881 100 39 -9.30567 100 50 0 0 0 -2.69361 100 34 0 0 0 0 0 0 0 0 0 0 0
34600 -166.181 0 0 0 1.90733 100 39 -1.18261 100 37 0 0 0 -3.57057 100 28 0 0 0 0 0 0 0 0 0 0 0
34700 -162.965 0 0 0 0.69002 100 20 -5.26676 100 41 0 0 0 -2.80322 100 24 0 0 0 0 0 0 0 0 0 0 0
34800 -164.004 0 0 0 0.652848 100 41 2.02928 100 40 0 0 0 -2.89432 100 20 0 0 0 0 0 0 0 0 0 0 0
34900 -162.658 0 0 0 0.793732 100 37 -0.751923 100 50 0 0 0 -2.87595 100 27 0 0 0 0 0 0 0 0 0 0 0
35000 -164.714 0 0 0 0.704178 100 36 -6.74988 100 53 0 0 0 -2.30725 100 24 0 0 0 0 0 0 0 0 0 0 0
35100 -164.094 0 0 0 0.584263 100 33 1.83609 100 41 0 0 0 -2.90112 100 23 0 0 0 0 0 0 0 0 0 0 0
35200 -166.175 0 0 0 0.899163 100 39 -3.34393 100 47 0 0 0 -2.32484 100 33 0 0 0 0 0 0 0 0 0 0 0
35300 -162.791 0 0 0 1.00397 100 44 -3.49095 100 50 0 0 0 -2.83441 100 35 0 0 0 0 0 0 0 0 0 0 0
35400 -164.559 0 0 0 0.811678 100 27 -10.1293 100 46 0 0 0 -2.67816 100 28 0 0 0 0 0 0 0 0 0 0 0
35500 -163.573 0 0 0 1.0985 100 40 -5.4489 100 45 0 0 0 -2.79467 100 32 0 0 0 0 0 0 0 0 0 0 0
35600 -164.517 0 0 0 0.49014 100 35 -8.60335 100 46 0 0 0 -2.23506 100 29 0 0 0 0 0 0 0 0 0 0 0
35700 -164.436 0 0 0 1.46646 100 35 -2.04019 100 48 0 0 0 -2.9421 100 27 0 0 0 0 0 0 0 0 0 0 0
35800 -162.82 0 0 0 0.315501 100 35 -3.89066 100 49 0 0 0 -2.66578 100 24 0 0 0 0 0 0 0 0 0 0 0
35900 -162.988 0 0 0 1.111 100 38 -3.06629 100 46 0 0 0 -2.8751 100 30 0 0 0 0 0 0 0 0 0 0 0
36000 -166.643 0 0 0 0.286614 100 46 3.39112 100 51 0 0 0 -2.67389 100 24 0 0 0 0 0 0 0 0 0 0 0
36100 -163.174 0 0 0 1.11992 100 40 -3.29562 100 49 0 0 0 -2.99301 100 22 0 0 0 0 0 0 0 0 0 0 0
36200 -162.338 0 0 0 0.443884 100 31 -4.22946 100 51 0 0 0 -2.49854 100 24 0 0 0 0 0 0 0 0 0 0 0
36300 -162.478 0 0 0 0.748523 100 30 -3.01525 100 48 0 0 0 -2.80481 100 34 0 0 0 0 0 0 0 0 0 0 0
36400 -162.775 0 0 0 0.39177 100 34 -4.61463 100 56 0 0 0 -2.67878 100 22 0 0 0 0 0 0 0 0 0 0 0
36500 -164.336 0 0 0 -0.286172 100 35 -8.86457 100 64 0 0 0 -2.09356 100 25 0 0 0 0 0 0 0 0 0 0 0
36600 -163.566 0 0 0 0.0695083 100 36 -1.81267 100 44 0 0 0 -2.61345 100 29 0 0 0 0 0 0 0 0 0 0 0
36700 -163 0 0 0 0.0122001 100 34 -6.18341 100 52 0 0 0 -2.28636 100 20 0 0 0 0 0 0 0 0 0 0 0
36800 -164.712 0 0 0 -0.0161543 100 44 -1.24457 100 52 0 0 0 -2.71174 100 30 0 0 0 0 0 0 0 0 0 0 0
36900 -162.495 0 0 0 0.557352 100 29 -5.16207 100 41 0 0 0 -2.63246 100 31 0 0 0 0 0 0 0 0 0 0 0
37000 -163.739 0 0 0 0.533417 100 30 -8.62429 100 45 0 0 0 -2.67158 100 27 0 0 0 0 0 0 0 0 0 0 0
37100 -163.618 0 0 0 1.10597 100 44 1.94832 100 49 0 0 0 -3.05014 100 25 0 0 0 0 0 0 0 0 0 0 0
37200 -164.616 0 0 0 1.64382 100 31 2.14082 100 44 0 0 0 -3.30694 100 21 0 0 0 0 0 0 0 0 0 0 0
37300 -164.618 0 0 0 -0.402957 100 38 -3.17502 100 45 0 0 0 -2.31603 100 27 0 0 0 0 0 0 0 0 0 0 0
37400 -163.835 0 0 0 0.383878 100 37 1.05622 100 48 0 0 0 -2.72508 100 28 0 0 0 0 0 0 0 0 0 0 0
37500 -162.466 0 0 0 0.787314 100 28 -3.79293 100 49 0 0 0 -2.74371 100 22 0 0 0 0 0 0 0 0 0 0 0
37600 -162.73 0 0 0 0.919736 100 36 -0.404497 100 47 0 0 0 -2.91534 100 33 0 0 0 0 0 0 0 0 0 0 0
37700 -166.167 0 0 0 1.90705 100 31 -1.4586 100 49 0 0 0 -3.54891 100 28 0 0 0 0 0 0 0 0 0 0 0
37800 -164.931 0 0 0 0.336036 100 42 -1.97102 100 49 0 0 0 -2.17267 100 34 0 0 0 0 0 0 0 0 0 0 0
37900 -162.638 0 0 0 0.868393 100 29 -3.9892 100 52 0 0 0 -2.79943 100 31 0 0 0 0 0 0 0 0 0 0 0
38000 -163.156 0 0 0 0.0491142 100 35 -6.635 100 48 0 0 0 -2.22192 100 33 0 0 0 0 0 0 0 0 0 0 0
38100 -163.95 0 0 0 0.876528 100 35 0.221702 100 48 0 0 0 -2.59177 100 23 0 0 0 0 0 0 0 0 0 0 0
38200 -163.719 0 0 0 0.994306 100 35 0.905686 100 52 0 0 0 -2.73718 100 29 0 0 0 0 0 0 0 0 0 0 0
38300 -163.501 0 0 0 0.183015 100 41 -5.07878 100 52 0 0 0 -2.66637 100 28 0 0 0 0 0 0 0 0 0 0 0
38400 -163.281 0 0 0 1.00859 100 34 -1.62568 100 52 0 0 0 -2.67284 100 27 0 0 0 0 0 0 0 0 0 0 0
38500 -162.875 0 0 0 0.223225 100 38 -1.61767 100 50 0 0 0 -2.55525 100 28 0 0 0 0 0 0 0 0 0 0 0
38600 -165.76 0 0 0 0.594914 100 37 1.03898 100 54 0 0 0 -3.18859 100 29 0 0 0 0 0 0 0 0 0 0 0
38700 -166.023 0 0 0 -0.608817 100 32 -9.94789 100 41 0 0 0 -1.90628 100 32 0 0 0 0 0 0 0 0 0 0 0
38800 -163.662 0 0 0 0.784039 100 37 -8.20465 100 49 0 0 0 -2.66389 100 24 0 0 0 0 0 0 0 0 0 0 0
38900 -163.456 0 0 0 0.601127 100 32 -0.285477 100 40 0 0 0 -2.49908 100 28 0 0 0 0 0 0 0 0 0 0 0
39000 -164.847 0 0 0 -0.25539 100 36 -10.856 100 43 0 0 0 -2.10579 100 26 0 0 0 0 0 0 0 0 0 0 0
39100 -163.148 0 0 0 0.702478 100 37 -6.57793 100 52 0 0 0 -2.74804 100 31 0 0 0 0 0 0 0 0 0 0 0
39200 -164.452 0 0 0 0.0626574 100 24 -6.45574 100 42 0 0 0 -2.03222 100 27 0 0 0 0 0 0 0 0 0 0 0
39300 -163.547 0 0 0 0.683802 100 25 1.12989 100 48 0 0 0 -2.93356 100 27 0 0 0 0 0 0 0 0 0 0 0
39400 -163.536 0 0 0 0.692081 100 35 -0.192066 100 46 0 0 0 -3.00219 100 34 0 0 0 0 0 0 0 0 0 0 0
39500 -163.125 0 0 0 0.505185 100 39 0.23655 100 49 0 0 0 -2.75763 100 26 0 0 0 0 0 0 0 0 0 0 0
39600 -162.389 0 0 0 0.470493 100 34 -3.34594 100 47 0 0 0 -2.48385 100 26 0 0 0 0 0 0 0 0 0 0 0
39700 -165 0 0 0 0.667982 100 33 0.682671 100 59 0 0 0 -3.15754 100 24 0 0 0 0 0 0 0 0 0 0 0
39800 -163.082 0 0 0 0.905795 100 34 -5.70924 100 41 0 0 0 -2.76783 100 31 0 0 0 0 0 0 0 0 0 0 0
39900 -163.28 0 0 0 0.58142 100 35 -6.79761 100 47 0 0 0 -2.40097 100 21 0 0 0 0 0 0 0 0 0 0 0
40000 -164.472 0 0 0 -0.320035 100 33 -8.99856 100 45 0 0 0 -2.21998 100 31 0 0 0 0 0 0 0 0 0 0 0
40100 -163.322 0 0 0 0.787426 100 33 -2.10616 100 48 0 0 0 -3.00987 100 31 0 0 0 0 0 0 0 0 0 0 0
40200 -163.367 0 0 0 0.358012 100 28 -5.37377 100 50 0 0 0 -2.7347 100 28 0 0 0 0 0 0 0 0 0 0 0
40300 -163.291 0 0 0 0.908247 100 32 -0.582152 100 42 0 0 0 -3.06215 100 37 0 0 0 0 0 0 0 0 0 0 0
40400 -165.84 0 0 0 -0.0226591 100 28 -12.3055 100 50 0 0 0 -2.4856 100 31 0 0 0 0 0 0 0 0 0 0 0
40500 -166.206 0 0 0 1.12417 100 41 -10.4907 100 49 0 0 0 -2.65875 100 24 0 0 0 0 0 0 0 0 0 0 0
40600 -164.243 0 0 0 0.274315 100 47 -0.276972 100 45 0 0 0 -2.84508 100 25 0 0 0 0 0 0 0 0 0 0 0
40700 -162.692 0 0 0 0.555766 100 37 -0.4983 100 47 0 0 0 -2.67032 100 29 0 0 0 0 0 0 0 0 0 0 0
40800 -162.489 0 0 0 0.414009 100 30 -3.76458 100 46 0 0 0 -2.42573 100 37 0 0 0 0 0 0 0 0 0 0 0
40900 -163.467 0 0 0 1.11448 100 29 -5.12511 100 46 0 0 0 -2.88127 100 30 0 0 0 0 0 0 0 0 0 0 0
41000 -163.822 0 0 0 0.710408 100 38 0.983085 100 51 0 0 0 -2.60751 100 34 0 0 0 0 0 0 0 0 0 0 0
41100 -163.371 0 0 0 0.0338456 100 34 -6.58715 100 46 0 0 0 -2.16828 100 22 0 0 0 0 0 0 0 0 0 0 0
41200 -163.624 0 0 0 1.2121 100 38 -4.33841 100 40 0 0 0 -3.00352 100 36 0 0 0 0 0 0 0 0 0 0 0
41300 -162.785 0 0 0 0.698413 100 31 -3.48144 100 49 0 0 0 -2.50462 100 37 0 0 0 0 0 0 0 0 0 0 0
41400 -162.876 0 0 0 0.96064 100 31 -4.44572 100 48 0 0 0 -2.79065 100 28 0 0 0 0 0 0 0 0 0 0 0
41500 -163.718 0 0 0 0.961605 100 33 -6.30893 100 46 0 0 0 -2.62801 100 25 0 0 0 0 0 0 0 0 0 0 0
41600 -164.618 0 0 0 0.641254 100 34 -8.29654 100 43 0 0 0 -2.87382 100 29 0 0 0 0 0 0 0 0 0 0 0
41700 -165.618 0 0 0 1.69441 100 32 -4.13323 100 44 0 0 0 -3.16094 100 35 0 0 0 0 0 0 0 0 0 0 0
41800 -163.227 0 0 0 1.09453 100 31 -0.165062 100 47 0 0 0 -2.8114 100 31 0 0 0 0 0 0 0 0 0 0 0
41900 -163.763 0 0 0 0.652282 100 35 -3.52196 100 55 0 0 0 -2.35408 100 23 0 0 0 0 0 0 0 0 0 0 0
42000 -163.073 0 0 0 0.0466648 100 37 -3.10257 100 54 0 0 0 -2.50397 100 24 0 0 0 0 0 0 0 0 0 0 0
42100 -163.366 0 0 0 1.14356 100 35 -2.52861 100 51 0 0 0 -3.0862 100 29 0 0 0 0 0 0 0 0 0 0 0
42200 -164.031 0 0 0 -0.3085 100 35 -4.14714 100 42 0 0 0 -2.33203 100 34 0 0 0 0 0 0 0 0 0 0 0
42300 -162.436 0 0 0 0.350666 100 28 -4.5071 100 51 0 0 0 -2.42869 100 23 0 0 0 0 0 0 0 0 0 0 0
42400 -164.121 0 0 0 0.79778 100 33 -5.58125 100 41 0 0 0 -3.00036 100 32 0 0 0 0 0 0 0 0 0 0 0
42500 -164.238 0 0 0 0.430503 100 29 -9.21653 100 44 0 0 0 -2.25839 100 21 0 0 0 0 0 0 0 0 0 0 0
42600 -164.66 0 0 0 1.69778 100 44 1.39801 100 41 0 0 0 -3.32667 100 20 0 0 0 0 0 0 0 0 0 0 0
42700 -163.331 0 0 0 0.976943 100 31 1.27595 100 42 0 0 0 -3.01628 100 29 0 0 0 0 0 0 0 0 0 0 0
42800 -165.82 0 0 0 1.72283 100 37 -0.97622 100 46 0 0 0 -3.04323 100 23 0 0 0 0 0 0 0 0 0 0 0
42900 -166.198 0 0 0 1.16245 100 32 -2.28881 100 43 0 0 0 -3.43771 100 26 0 0 0 0 0 0 0 0 0 0 0
43000 -163.1 0 0 0 0.430164 100 30 -6.07279 100 36 0 0 0 -2.69259 100 23 0 0 0 0 0 0 0 0 0 0 0
43100 -164.91 0 0 0 1.04296 100 33 -5.29514 100 49 0 0 0 -3.17299 100 28 0 0 0 0 0 0 0 0 0 0 0
43200 -162.286 0 0 0 0.657895 100 40 -2.82345 100 46 0 0 0 -2.68759 100 24 0 0 0 0 0 0 0 0 0 0 0
43300 -164.413 0 0 0 0.87193 100 33 -1.24296 100 57 0 0 0 -3.18888 100 28 0 0 0 0 0 0 0 0 0 0 0
43400 -165.158 0 0 0 -0.129217 100 29 -6.27322 100 45 0 0 0 -1.93089 100 22 0 0 0 0 0 0 0 0 0 0 0
43500 -162.976 0 0 0 0.693529 100 37 -2.47749 100 44 0 0 0 -2.91292 100 26 0 0 0 0 0 0 0 0 0 0 0
43600 -163.6 0 0 0 0.9376 100 37 -5.97022 100 57 0 0 0 -2.60741 100 27 0 0 0 0 0 0 0 0 0 0 0
43700 -164.256 0 0 0 1.56647 100 29 -1.12316 100 49 0 0 0 -3.25119 100 28 0 0 0 0 0 0 0 0 0 0 0
43800 -163.116 0 0 0 0.982255 100 38 -4.30247 100 49 0 0 0 -2.93109 100 28 0 0 0 0 0 0 0 0 0 0 0
43900 -165.287 0 0 0 0.707485 100 32 -0.97108 100 47 0 0 0 -3.20478 100 27 0 0 0 0 0 0 0 0 0 0 0
44000 -163.679 0 0 0 1.13469 100 32 -5.5272 100 45 0 0 0 -2.91683 100 28 0 0 0 0 0 0 0 0 0 0 0
44100 -164.899 0 0 0 1.21121 100 36 3.27963 100 43 0 0 0 -3.31054 100 30 0 0 0 0 0 0 0 0 0 0 0
44200 -163.7 0 0 0 -0.062945 100 37 -8.12014 100 45 0 0 0 -2.15024 100 24 0 0 0 0 0 0 0 0 0 0 0
44300 -162.325 0 0 0 0.667313 100 31 -2.76524 100 49 0 0 0 -2.72631 100 21 0 0 0 0 0 0 0 0 0 0 0
44400 -163.481 0 0 0 0.190618 100 38 -0.569115 100 54 0 0 0 -2.6333 100 25 0 0 0 0 0 0 0 0 0 0 0
44500 -164.329 0 0 0 1.21963 100 28 3.10492 100 46 0 0 0 -3.1339 100 31 0 0 0 0 0 0 0 0 0 0 0
44600 -163.307 0 0 0 0.0472911 100 24 -7.93807 100 48 0 0 0 -2.34665 100 25 0 0 0 0 0 0 0 0 0 0 0
44700 -163.061 0 0 0 0.961196 100 38 -5.091 100 43 0 0 0 -2.82733 100 30 0 0 0 0 0 0 0 0 0 0 0
44800 -162.444 0 0 0 0.5342 100 34 -2.86076 100 47 0 0 0 -2.50332 100 27 0 0 0 0 0 0 0 0 0 0 0
44900 -164.393 0 0 0 0.319289 100 39 -9.63616 100 51 0 0 0 -2.19603 100 33 0 0 0 0 0 0 0 0 0 0 0
45000 -162.593 0 0 0 0.782177 100 43 -4.26361 100 59 0 0 0 -2.77587 100 23 0 0 0 0 0 0 0 0 0 0 0
45100 -164.388 0 0 0 1.12189 100 31 -7.48162 100 42 0 0 0 -2.7914 100 28 0 0 0 0 0 0 0 0 0 0 0
45200 -164.074 0 0 0 1.1591 100 34 -6.44835 100 55 0 0 0 -2.85011 100 22 0 0 0 0 0 0 0 0 0 0 0
45300 -164.072 0 0 0 0.233117 100 35 0.782191 100 56 0 0 0 -2.65607 100 27 0 0 0 0 0 0 0 0 0 0 0
45400 -162.807 0 0 0 0.967657 100 42 -0.161761 100 55 0 0 0 -2.93727 100 30 0 0 0 0 0 0 0 0 0 0 0
45500 -162.877 0 0 0 0.741857 100 35 -2.91663 100 46 0 0 0 -2.90366 100 26 0 0 0 0 0 0 0 0 0 0 0
45600 -163.803 0 0 0 0.455814 100 41 -2.38864 100 43 0 0 0 -2.9153 100 29 0 0 0 0 0 0 0 0 0 0 0
45700 -162.402 0 0 0 0.664315 100 33 -3.27408 100 49 0 0 0 -2.74828 100 17 0 0 0 0 0 0 0 0 0 0 0
45800 -164.463 0 0 0 -0.399415 100 29 -4.68002 100 44 0 0 0 -2.32786 100 27 0 0 0 0 0 0 0 0 0 0 0
45900 -162.686 0 0 0 0.765817 100 25 -4.36666 100 45 0 0 0 -2.80289 100 32 0 0 0 0 0 0 0 0 0 0 0
46000 -162.519 0 0 0 0.287088 100 29 -2.55362 100 44 0 0 0 -2.53124 100 22 0 0 0 0 0 0 0 0 0 0 0
46100 -163.138 0 0 0 0.673579 100 29 -1.39289 100 40 0 0 0 -2.94104 100 25 0 0 0 0 0 0 0 0 0 0 0
46200 -163.228 0 0 0 0.618053 100 36 -1.1367 100 43 0 0 0 -2.92738 100 29 0 0 0 0 0 0 0 0 0 0 0
46300 -162.486 0 0 0 0.470758 100 38 -1.70453 100 42 0 0 0 -2.66698 100 31 0 0 0 0 0 0 0 0 0 0 0
46400 -165.727 0 0 0 1.52853 100 32 4.74321 100 56 0 0 0 -3.35838 100 34 0 0 0 0 0 0 0 0 0 0 0
46500 -165.914 0 0 0 -0.275406 100 38 -13.1771 100 47 0 0 0 -2.04663 100 19 0 0 0 0 0 0 0 0 0 0 0
46600 -162.993 0 0 0 0.224404 100 37 -1.28988 100 41 0 0 0 -2.57487 100 27 0 0 0 0 0 0 0 0 0 0 0
46700 -165.87 0 0 0 0.780616 100 38 -1.73917 100 34 0 0 0 -2.30688 100 32 0 0 0 0 0 0 0 0 0 0 0
46800 -163.197 0 0 0 0.190822 100 36 -2.52894 100 36 0 0 0 -2.66161 100 24 0 0 0 0 0 0 0 0 0 0 0
46900 -163.623 0 0 0 1.21362 100 37 -2.69251 100 38 0 0 0 -3.13148 100 29 0 0 0 0 0 0 0 0 0 0 0
47000 -162.55 0 0 0 0.409027 100 36 -4.10784 100 46 0 0 0 -2.65304 100 33 0 0 0 0 0 0 0 0 0 0 0
47100 -165.353 0 0 0 1.18187 100 31 -8.99301 100 58 0 0 0 -2.78444 100 23 0 0 0 0 0 0 0 0 0 0 0
47200 -164.219 0 0 0 1.02931 100 38 -5.77456 100 49 0 0 0 -2.59044 100 26 0 0 0 0 0 0 0 0 0 0 0
47300 -162.352 0 0 0 0.661847 100 33 -3.75457 100 53 0 0 0 -2.69559 100 27 0 0 0 0 0 0 0 0 0 0 0
47400 -164.958 0 0 0 1.32334 100 37 2.10994 100 43 0 0 0 -3.41732 100 34 0 0 0 0 0 0 0 0 0 0 0
47500 -163.031 0 0 0 0.773486 100 33 -5.98823 100 55 0 0 0 -2.57634 100 21 0 0 0 0 0 0 0 0 0 0 0
47600 -162.688 0 0 0 0.639768 100 29 -1.78029 100 51 0 0 0 -2.83998 100 25 0 0 0 0 0 0 0 0 0 0 0
47700 -164.198 0 0 0 0.311868 100 28 -7.91689 100 47 0 0 0 -2.70961 100 25 0 0 0 0 0 0 0 0 0 0 0
47800 -164.87 0 0 0 0.590426 100 34 2.40043 100 51 0 0 0 -2.64496 100 23 0 0 0 0 0 0 0 0 0 0 0
47900 -162.727 0 0 0 0.421909 100 32 -1.24906 100 47 0 0 0 -2.69509 100 20 0 0 0 0 0 0 0 0 0 0 0
48000 -165.617 0 0 0 1.85265 100 30 3.42327 100 45 0 0 0 -3.47135 100 29 0 0 0 0 0 0 0 0 0 0 0
48100 -163.298 0 0 0 0.131182 100 30 -8.21606 100 45 0 0 0 -2.28689 100 25 0 0 0 0 0 0 0 0 0 0 0
48200 -163.209 0 0 0 0.702693 100 24 -0.143737 100 59 0 0 0 -2.58488 100 30 0 0 0 0 0 0 0 0 0 0 0
48300 -164.065 0 0 0 1.27349 100 33 -4.34465 100 47 0 0 0 -2.83293 100 38 0 0 0 0 0 0 0 0 0 0 0
48400 -163.082 0 0 0 0.532097 100 40 -0.552409 100 53 0 0 0 -2.51697 100 27 0 0 0 0 0 0 0 0 0 0 0
48500 -163.45 0 0 0 0.860312 100 43 -2.18016 100 48 0 0 0 -3.0528 100 27 0 0 0 0 0 0 0 0 0 0 0
48600 -164.441 0 0 0 0.420446 100 41 -10.641 100 43 0 0 0 -2.30759 100 24 0 0 0 0 0 0 0 0 0 0 0
48700 -163.353 0 0 0 0.712279 100 32 -7.62345 100 46 0 0 0 -2.56488 100 26 0 0 0 0 0 0 0 0 0 0 0
48800 -163.826 0 0 0 -0.0795758 100 37 -1.41595 100 54 0 0 0 -2.40717 100 27 0 0 0 0 0 0 0 0 0 0 0
48900 -164.996 0 0 0 -0.304336 100 26 -1.42068 100 57 0 0 0 -2.45549 100 30 0 0 0 0 0 0 0 0 0 0 0
49000 -162.478 0 0 0 0.627089 100 31 -2.52227 100 48 0 0 0 -2.54791 100 28 0 0 0 0 0 0 0 0 0 0 0
49100 -163.741 0 0 0 0.744814 100 31 -6.66176 100 43 0 0 0 -2.87431 100 22 0 0 0 0 0 0 0 0 0 0 0
49200 -163.772 0 0 0 1.32931 100 37 -3.58805 100 41 0 0 0 -2.99538 100 30 0 0 0 0 0 0 0 0 0 0 0
49300 -163.917 0 0 0 0.430147 100 31 1.33489 100 49 0 0 0 -2.66304 100 21 0 0 0 0 0 0 0 0 0 0 0
49400 -164.472 0 0 0 1.24533 100 28 3.30228 100 42 0 0 0 -3.14098 100 26 0 0 0 0 0 0 0 0 0 0 0
49500 -163.556 0 0 0 0.0114567 100 39 -7.89436 100 37 0 0 0 -2.41827 100 22 0 0 0 0 0 0 0 0 0 0 0
49600 -165.466 0 0 0 0.770988 100 42 -11.9514 100 57 0 0 0 -2.71816 100 27 0 0 0 0 0 0 0 0 0 0 0
49700 -165.265 0 0 0 -0.344416 100 33 -4.09041 100 39 0 0 0 -1.9663 100 24 0 0 0 0 0 0 0 0 0 0 0
49800 -162.324 0 0 0 0.442018 100 39 -2.9531 100 60 0 0 0 -2.52765 100 21 0 0 0 0 0 0 0 0 0 0 0
49900 -163.08 0 0 0 0.494931 100 31 0.0596368 100 55 0 0 0 -2.75784 100 23 0 0 0 0 0 0 0 0 0 0 0
50000 -167.156 0 0 0 1.33645 100 38 2.75651 100 54 0 0 0 -2.75793 100 26 0 0 0 0 0 0 0 0 0 0 0
50100 -162.565 0 0 0 0.317079 100 39 -2.05127 100 50 0 0 0 -2.5155 100 30 0 0 0 0 0 0 0 0 0 0 0
50200 -163.949 0 0 0 -0.125777 100 36 -1.68378 100 41 0 0 0 -2.44914 100 33 0 0 0 0 0 0 0 0 0 0 0
50300 -164.829 0 0 0 1.53005 100 27 1.36422 100 45 0 0 0 -3.01792 100 35 0 0 0 0 0 0 0 0 0 0 0
50400 -163.215 0 0 0 0.879808 100 37 1.21984 100 46 0 0 0 -2.88329 100 25 0 0 0 0 0 0 0 0 0 0 0
50500 -162.65 0 0 0 0.314602 100 29 -3.55335 100 43 0 0 0 -2.63252 100 22 0 0 0 0 0 0 0 0 0 0 0
50600 -162.545 0 0 0 0.861373 100 30 -0.909494 100 43 0 0 0 -2.8099 100 21 0 0 0 0 0 0 0 0 0 0 0
50700 -162.686 0 0 0 0.283307 100 37 -4.75713 100 54 0 0 0 -2.33344 100 28 0 0 0 0 0 0 0 0 0 0 0
50800 -164.159 0 0 0 0.0802006 100 32 -1.27343 100 38 0 0 0 -2.71201 100 33 0 0 0 0 0 0 0 0 0 0 0
50900 -162.326 0 0 0 0.454345 100 33 -3.63937 100 45 0 0 0 -2.60996 100 24 0 0 0 0 0 0 0 0 0 0 0
51000 -165.274 0 0 0 1.08794 100 38 1.4649 100 47 0 0 0 -2.66295 100 23 0 0 0 0 0 0 0 0 0 0 0
51100 -164.974 0 0 0 1.53957 100 31 1.63848 100 46 0 0 0 -3.02206 100 19 0 0 0 0 0 0 0 0 0 0 0
51200 -163.756 0 0 0 0.401922 100 41 -9.77712 100 49 0 0 0 -2.45149 100 26 0 0 0 0 0 0 0 0 0 0 0
51300 -162.742 0 0 0 0.781515 100 34 -1.95499 100 48 0 0 0 -2.59569 100 24 0 0 0 0 0 0 0 0 0 0 0
51400 -163.975 0 0 0 0.92608 100 38 -6.23846 100 43 0 0 0 -2.97371 100 27 0 0 0 0 0 0 0 0 0 0 0
51500 -162.809 0 0 0 0.301378 100 45 -1.39328 100 44 0 0 0 -2.60944 100 25 0 0 0 0 0 0 0 0 0 0 0
51600 -163.434 0 0 0 -0.0250664 100 36 -3.09985 100 44 0 0 0 -2.52313 100 31 0 0 0 0 0 0 0 0 0 0 0
51700 -162.612 0 0 0 0.330453 100 27 -1.73814 100 43 0 0 0 -2.53986 100 22 0 0 0 0 0 0 0 0 0 0 0
51800 -165.8 0 0 0 0.334501 100 37 -9.88357 100 50 0 0 0 -2.06615 100 30 0 0 0 0 0 0 0 0 0 0 0
51900 -162.601 0 0 0 0.688022 100 36 -0.599822 100 49 0 0 0 -2.78385 100 25 0 0 0 0 0 0 0 0 0 0 0
52000 -162.37 0 0 0 0.401906 100 34 -3.35598 100 48 0 0 0 -2.60212 100 23 0 0 0 0 0 0 0 0 0 0 0
52100 -163.303 0 0 0 0.311615 100 42 -7.38294 100 44 0 0 0 -2.59407 100 24 0 0 0 0 0 0 0 0 0 0 0
52200 -162.787 0 0 0 0.082796 100 28 -4.86963 100 50 0 0 0 -2.31144 100 22 0 0 0 0 0 0 0 0 0 0 0
52300 -162.521 0 0 0 0.825712 100 41 -3.19249 100 50 0 0 0 -2.67053 100 24 0 0 0 0 0 0 0 0 0 0 0
52400 -162.36 0 0 0 0.372585 100 50 -4.43651 100 53 0 0 0 -2.5198 100 23 0 0 0 0 0 0 0 0 0 0 0
52500 -162.324 0 0 0 0.54985 100 37 -2.60023 100 54 0 0 0 -2.67874 100 26 0 0 0 0 0 0 0 0 0 0 0
52600 -166.166 0 0 0 -0.704879 100 30 -4.17655 100 52 0 0 0 -1.98878 100 31 0 0 0 0 0 0 0 0 0 0 0
52700 -164.147 0 0 0 0.538034 100 27 -10.281 100 57 0 0 0 -2.45125 100 24 0 0 0 0 0 0 0 0 0 0 0
52800 -162.896 0 0 0 0.933201 100 30 -3.75251 100 48 0 0 0 -2.91034 100 24 0 0 0 0 0 0 0 0 0 0 0
52900 -163.268 0 0 0 0.137324 100 31 -4.97131 100 46 0 0 0 -2.60297 100 30 0 0 0 0 0 0 0 0 0 0 0
53000 -163.553 0 0 0 1.07245 100 36 -1.65963 100 50 0 0 0 -3.13973 100 31 0 0 0 0 0 0 0 0 0 0 0
53100 -162.425 0 0 0 0.845976 100 33 -2.24551 100 50 0 0 0 -2.77425 100 27 0 0 0 0 0 0 0 0 0 0 0
53200 -164.721 0 0 0 0.773516 100 30 2.13679 100 51 0 0 0 -3.13556 100 26 0 0 0 0 0 0 0 0 0 0 0
53300 -164.557 0 0 0 0.888774 100 39 -6.97233 100 42 0 0 0 -3.00869 100 23 0 0 0 0 0 0 0 0 0 0 0
53400 -162.486 0 0 0 0.329337 100 35 -4.0762 100 53 0 0 0 -2.58094 100 29 0 0 0 0 0 0 0 0 0 0 0
53500 -163.924 0 0 0 1.25985 100 35 1.93213 100 55 0 0 0 -2.99236 100 28 0 0 0 0 0 0 0 0 0 0 0
53600 -162.384 0 0 0 0.773601 100 40 -2.37948 100 48 0 0 0 -2.69046 100 26 0 0 0 0 0 0 0 0 0 0 0
53700 -162.604 0 0 0 0.638372 100 31 -1.57907 100 44 0 0 0 -2.56858 100 22 0 0 0 0 0 0 0 0 0 0 0
53800 -163.345 0 0 0 0.743604 100 34 -3.88743 100 47 0 0 0 -2.9495 100 26 0 0 0 0 0 0 0 0 0 0 0
53900 -162.607 0 0 0 0.521503 100 29 -6.00429 100 41 0 0 0 -2.52651 100 33 0 0 0 0 0 0 0 0 0 0 0
54000 -162.448 0 0 0 0.674172 100 32 -3.925 100 52 0 0 0 -2.57397 100 34 0 0 0 0 0 0 0 0 0 0 0
54100 -162.432 0 0 0 0.620693 100 34 -4.09019 100 48 0 0 0 -2.54361 100 22 0 0 0 0 0 0 0 0 0 0 0
54200 -165.983 0 0 0 1.11295 100 32 -7.23907 100 51 0 0 0 -3.21194 100 30 0 0 0 0 0 0 0 0 0 0 0
54300 -163.069 0 0 0 0.290375 100 37 -0.837635 100 41 0 0 0 -2.48777 100 33 0 0 0 0 0 0 0 0 0 0 0
54400 -162.971 0 0 0 0.632913 100 38 -5.52309 100 55 0 0 0 -2.44976 100 40 0 0 0 0 0 0 0 0 0 0 0
54500 -162.795 0 0 0 0.754571 100 27 -0.915233 100 53 0 0 0 -2.90669 100 20 0 0 0 0 0 0 0 0 0 0 0
54600 -164.227 0 0 0 1.59177 100 27 0.50073 100 45 0 0 0 -3.24931 100 30 0 0 0 0 0 0 0 0 0 0 0
54700 -165.263 0 0 0 -0.104306 100 33 -2.0422 100 43 0 0 0 -2.0679 100 20 0 0 0 0 0 0 0 0 0 0 0
54800 -164.032 0 0 0 0.65563 100 29 0.622213 100 48 0 0 0 -2.52406 100 20 0 0 0 0 0 0 0 0 0 0 0
54900 -163.866 0 0 0 1.00873 100 39 -6.97856 100 46 0 0 0 -2.87093 100 20 0 0 0 0 0 0 0 0 0 0 0
55000 -162.543 0 0 0 0.57471 100 34 -2.8479 100 39 0 0 0 -2.49547 100 24 0 0 0 0 0 0 0 0 0 0 0
55100 -162.797 0 0 0 0.444833 100 37 -3.79568 100 58 0 0 0 -2.37001 100 24 0 0 0 0 0 0 0 0 0 0 0
55200 -165.441 0 0 0 1.02755 100 34 2.85854 100 49 0 0 0 -3.33473 100 28 0 0 0 0 0 0 0 0 0 0 0
55300 -164.946 0 0 0 0.323985 100 35 -9.61785 100 51 0 0 0 -2.71767 100 36 0 0 0 0 0 0 0 0 0 0 0
55400 -163.66 0 0 0 0.406337 100 33 -4.21675 100 41 0 0 0 -2.8364 100 39 0 0 0 0 0 0 0 0 0 0 0
55500 -163.921 0 0 0 0.844033 100 33 1.80877 100 49 0 0 0 -3.05982 100 31 0 0 0 0 0 0 0 0 0 0 0
55600 -164.297 0 0 0 1.4947 100 35 1.02452 100 53 0 0 0 -3.05406 100 36 0 0 0 0 0 0 0 0 0 0 0
55700 -162.486 0 0 0 0.840926 100 26 -2.75127 100 60 0 0 0 -2.82144 100 27 0 0 0 0 0 0 0 0 0 0 0
55800 -163.618 0 0 0 -0.22318 100 36 -5.6207 100 46 0 0 0 -2.31158 100 30 0 0 0 0 0 0 0 0 0 0 0
55900 -167.775 0 0 0 -0.772409 100 25 -4.63781 100 49 0 0 0 -2.44001 100 28 0 0 0 0 0 0 0 0 0 0 0
56000 -163.211 0 0 0 1.05546 100 31 -3.94569 100 55 0 0 0 -2.97371 100 34 0 0 0 0 0 0 0 0 0 0 0
56100 -163.31 0 0 0 0.668898 100 33 -1.7106 100 57 0 0 0 -2.45826 100 24 0 0 0 0 0 0 0 0 0 0 0
56200 -163.279 0 0 0 0.463784 100 35 -5.85783 100 47 0 0 0 -2.74995 100 24 0 0 0 0 0 0 0 0 0 0 0
56300 -166.064 0 0 0 -0.471365 100 31 -6.65776 100 50 0 0 0 -1.83127 100 30 0 0 0 0 0 0 0 0 0 0 0
56400 -166.837 0 0 0 1.31733 100 37 -10.8477 100 56 0 0 0 -3.02783 100 24 0 0 0 0 0 0 0 0 0 0 0
56500 -163.6 0 0 0 0.626839 100 32 -2.85574 100 46 0 0 0 -2.36923 100 28 0 0 0 0 0 0 0 0 0 0 0
56600 -163.861 0 0 0 0.199594 100 32 -1.8155 100 47 0 0 0 -2.24636 100 29 0 0 0 0 0 0 0 0 0 0 0
56700 -165.351 0 0 0 -0.254277 100 33 -4.87087 100 48 0 0 0 -2.60233 100 36 0 0 0 0 0 0 0 0 0 0 0
56800 -164.125 0 0 0 1.19679 100 33 2.64208 100 41 0 0 0 -3.01848 100 22 0 0 0 0 0 0 0 0 0 0 0
56900 -163.487 0 0 0 0.170555 100 36 -7.9683 100 54 0 0 0 -2.21238 100 29 0 0 0 0 0 0 0 0 0 0 0
57000 -163.055 0 0 0 1.1474 100 32 -0.856055 100 51 0 0 0 -2.87495 100 31 0 0 0 0 0 0 0 0 0 0 0
57100 -165.393 0 0 0 0.416161 100 35 -6.23383 100 60 0 0 0 -2.0913 100 25 0 0 0 0 0 0 0 0 0 0 0
57200 -165.402 0 0 0 0.0706968 100 39 -8.54561 100 45 0 0 0 -1.96571 100 28 0 0 0 0 0 0 0 0 0 0 0
57300 -164.025 0 0 0 0.668673 100 36 -0.634588 100 52 0 0 0 -2.43502 100 26 0 0 0 0 0 0 0 0 0 0 0
57400 -165.725 0 0 0 -0.569092 100 32 -8.19092 100 56 0 0 0 -1.88817 100 28 0 0 0 0 0 0 0 0 0 0 0
57500 -164.871 0 0 0 1.41247 100 37 2.21217 100 49 0 0 0 -2.96924 100 31 0 0 0 0 0 0 0 0 0 0 0
57600 -163.038 0 0 0 0.695405 100 33 -5.33682 100 45 0 0 0 -2.81592 100 32 0 0 0 0 0 0 0 0 0 0 0
57700 -163.723 0 0 0 0.6239 100 33 -8.62848e-05 100 47 0 0 0 -2.98944 100 30 0 0 0 0 0 0 0 0 0 0 0
57800 -162.999 0 0 0 1.05388 100 36 -0.822278 100 43 0 0 0 -3.03722 100 25 0 0 0 0 0 0 0 0 0 0 0
57900 -164.785 0 0 0 1.50284 100 39 -1.47222 100 37 0 0 0 -3.38497 100 23 0 0 0 0 0 0 0 0 0 0 0
58000 -163.74 0 0 0 0.0254117 100 47 -5.09903 100 44 0 0 0 -2.11071 100 28 0 0 0 0 0 0 0 0 0 0 0
58100 -163.11 0 0 0 0.474238 100 46 -7.34481 100 51 0 0 0 -2.61632 100 31 0 0 0 0 0 0 0 0 0 0 0
58200 -163.711 0 0 0 0.225519 100 31 0.257792 100 49 0 0 0 -2.56488 100 35 0 0 0 0 0 0 0 0 0 0 0
58300 -163.786 0 0 0 1.09522 100 31 -1.94662 100 46 0 0 0 -2.66643 100 34 0 0 0 0 0 0 0 0 0 0 0
58400 -163.292 0 0 0 0.2123 100 36 -8.15591 100 49 0 0 0 -2.28811 100 28 0 0 0 0 0 0 0 0 0 0 0
58500 -162.768 0 0 0 0.393791 100 35 -6.10362 100 47 0 0 0 -2.59453 100 34 0 0 0 0 0 0 0 0 0 0 0
58600 -165.92 0 0 0 1.33739 100 32 -3.6963 100 48 0 0 0 -3.41454 100 30 0 0 0 0 0 0 0 0 0 0 0
58700 -163.167 0 0 0 0.382272 100 36 -1.1713 100 45 0 0 0 -2.77449 100 24 0 0 0 0 0 0 0 0 0 0 0
58800 -163.272 0 0 0 0.421122 100 42 -8.26487 100 46 0 0 0 -2.53913 100 24 0 0 0 0 0 0 0 0 0 0 0
58900 -166.058 0 0 0 1.90426 100 27 -1.92227 100 53 0 0 0 -3.30233 100 28 0 0 0 0 0 0 0 0 0 0 0
59000 -163.486 0 0 0 -0.197596 100 41 -5.17026 100 47 0 0 0 -2.21158 100 29 0 0 0 0 0 0 0 0 0 0 0
59100 -162.68 0 0 0 0.158912 100 35 -2.98227 100 58 0 0 0 -2.4627 100 24 0 0 0 0 0 0 0 0 0 0 0
59200 -162.828 0 0 0 0.610637 100 31 -0.0616779 100 49 0 0 0 -2.68016 100 27 0 0 0 0 0 0 0 0 0 0 0
59300 -169.439 0 0 0 -0.353613 100 35 -5.12726 100 43 0 0 0 -2.87425 100 27 0 0 0 0 0 0 0 0 0 0 0
59400 -163.9 0 0 0 0.301568 100 33 -9.42749 100 48 0 0 0 -2.26066 100 29 0 0 0 0 0 0 0 0 0 0 0
59500 -165.35 0 0 0 -0.455777 100 36 -10.2112 100 53 0 0 0 -2.18464 100 29 0 0 0 0 0 0 0 0 0 0 0
59600 -162.797 0 0 0 0.896732 100 40 -0.0432933 100 52 0 0 0 -2.91332 100 27 0 0 0 0 0 0 0 0 0 0 0
59700 -164.468 0 0 0 1.28344 100 27 -3.30968 100 50 0 0 0 -2.75143 100 27 0 0 0 0 0 0 0 0 0 0 0
59800 -163.491 0 0 0 0.863332 100 36 -0.550572 100 55 0 0 0 -3.07705 100 24 0 0 0 0 0 0 0 0 0 0 0
59900 -162.593 0 0 0 0.372541 100 34 -3.27416 100 58 0 0 0 -2.40027 100 27 0 0 0 0 0 0 0 0 0 0 0
60000 -164.206 0 0 0 -0.113347 100 33 -6.27756 100 53 0 0 0 -2.02893 100 16 0 0 0 0 0 0 0 0 0 0 0
60100 -162.892 0 0 0 0.0759579 100 31 -3.19328 100 38 0 0 0 -2.34437 100 30 0 0 0 0 0 0 0 0 0 0 0
60200 -162.925 0 0 0 0.56573 100 39 -4.9379 100 46 0 0 0 -2.40469 100 31 0 0 0 0 0 0 0 0 0 0 0
60300 -162.525 0 0 0 0.787819 100 32 -1.49528 100 49 0 0 0 -2.67958 100 19 0 0 0 0 0 0 0 0 0 0 0
60400 -162.979 0 0 0 0.234731 100 36 -7.3719 100 46 0 0 0 -2.34508 100 35 0 0 0 0 0 0 0 0 0 0 0
60500 -164.422 0 0 0 -0.42286 100 34 -4.46796 100 60 0 0 0 -2.13774 100 27 0 0 0 0 0 0 0 0 0 0 0
60600 -164.041 0 0 0 0.500062 100 37 -2.64249 100 46 0 0 0 -2.96149 100 40 0 0 0 0 0 0 0 0 0 0 0
60700 -163.589 0 0 0 1.12236 100 35 -5.28306 100 43 0 0 0 -2.93115 100 23 0 0 0 0 0 0 0 0 0 0 0
60800 -162.535 0 0 0 0.928562 100 22 -2.24984 100 38 0 0 0 -2.82435 100 25 0 0 0 0 0 0 0 0 0 0 0
60900 -166.813 0 0 0 1.23223 100 31 5.05517 100 52 0 0 0 -3.01568 100 30 0 0 0 0 0 0 0 0 0 0 0
61000 -162.352 0 0 0 0.453034 100 22 -4.2681 100 47 0 0 0 -2.49233 100 25 0 0 0 0 0 0 0 0 0 0 0
61100 -162.598 0 0 0 0.667542 100 36 -3.49446 100 48 0 0 0 -2.80162 100 31 0 0 0 0 0 0 0 0 0 0 0
61200 -165.286 0 0 0 -0.332379 100 35 -9.98918 100 40 0 0 0 -1.94648 100 36 0 0 0 0 0 0 0 0 0 0 0
61300 -163.276 0 0 0 0.524262 100 37 -6.08145 100 42 0 0 0 -2.7626 100 19 0 0 0 0 0 0 0 0 0 0 0
61400 -163.559 0 0 0 0.580497 100 34 0.761674 100 51 0 0 0 -2.59585 100 28 0 0 0 0 0 0 0 0 0 0 0
61500 -164.784 0 0 0 -0.324022 100 31 -10.2112 100 49 0 0 0 -2.11291 100 21 0 0 0 0 0 0 0 0 0 0 0
61600 -163.64 0 0 0 0.731282 100 45 -7.67513 100 53 0 0 0 -2.49695 100 27 0 0 0 0 0 0 0 0 0 0 0
61700 -163.255 0 0 0 0.129611 100 36 -6.15672 100 52 0 0 0 -2.54882 100 29 0 0 0 0 0 0 0 0 0 0 0
61800 -162.317 0 0 0 0.432048 100 40 -3.78145 100 54 0 0 0 -2.50422 100 22 0 0 0 0 0 0 0 0 0 0 0
61900 -164.307 0 0 0 1.12844 100 32 -2.89075 100 53 0 0 0 -3.21969 100 32 0 0 0 0 0 0 0 0 0 0 0
62000 -163.88 0 0 0 1.47431 100 36 0.675571 100 41 0 0 0 -3.15101 100 28 0 0 0 0 0 0 0 0 0 0 0
62100 -163.163 0 0 0 0.672813 100 33 0.631413 100 43 0 0 0 -2.8672 100 29 0 0 0 0 0 0 0 0 0 0 0
62200 -162.937 0 0 0 0.657783 100 32 -6.10677 100 47 0 0 0 -2.50164 100 32 0 0 0 0 0 0 0 0 0 0 0
62300 -164.059 0 0 0 0.456807 100 30 -10.3119 100 50 0 0 0 -2.52085 100 30 0 0 0 0 0 0 0 0 0 0 0
62400 -162.926 0 0 0 0.609783 100 30 -4.65806 100 50 0 0 0 -2.42745 100 30 0 0 0 0 0 0 0 0 0 0 0
62500 -163.212 0 0 0 1.13488 100 35 -3.27569 100 46 0 0 0 -3.00186 100 23 0 0 0 0 0 0 0 0 0 0 0
62600 -163.64 0 0 0 -0.0271216 100 36 -2.04178 100 53 0 0 0 -2.27931 100 29 0 0 0 0 0 0 0 0 0 0 0
62700 -164.302 0 0 0 0.606673 100 35 -1.07442 100 44 0 0 0 -3.05928 100 21 0 0 0 0 0 0 0 0 0 0 0
62800 -162.708 0 0 0 0.23945 100 29 -2.62956 100 50 0 0 0 -2.39671 100 30 0 0 0 0 0 0 0 0 0 0 0
62900 -162.767 0 0 0 0.685528 100 28 -5.82236 100 42 0 0 0 -2.56838 100 29 0 0 0 0 0 0 0 0 0 0 0
63000 -164.666 0 0 0 -0.159126 100 36 -3.56946 100 48 0 0 0 -2.61021 100 24 0 0 0 0 0 0 0 0 0 0 0
63100 -163.659 0 0 0 1.03909 100 34 -5.87795 100 50 0 0 0 -2.93108 100 27 0 0 0 0 0 0 0 0 0 0 0
63200 -163.018 0 0 0 0.993082 100 33 -4.06144 100 40 0 0 0 -2.91785 100 26 0 0 0 0 0 0 0 0 0 0 0
63300 -162.413 0 0 0 0.798318 100 28 -2.75541 100 56 0 0 0 -2.785 100 27 0 0 0 0 0 0 0 0 0 0 0
63400 -164.264 0 0 0 1.46604 100 36 -3.03653 100 49 0 0 0 -3.01831 100 23 0 0 0 0 0 0 0 0 0 0 0
63500 -162.638 0 0 0 0.744421 100 41 -4.58728 100 44 0 0 0 -2.58948 100 27 0 0 0 0 0 0 0 0 0 0 0
63600 -162.931 0 0 0 1.09817 100 36 -1.38863 100 54 0 0 0 -2.83929 100 28 0 0 0 0 0 0 0 0 0 0 0
63700 -162.907 0 0 0 0.432851 100 36 -0.463251 100 45 0 0 0 -2.69126 100 31 0 0 0 0 0 0 0 0 0 0 0
63800 -162.731 0 0 0 0.897248 100 39 -2.23178 100 52 0 0 0 -2.92931 100 26 0 0 0 0 0 0 0 0 0 0 0
63900 -162.272 0 0 0 0.503145 100 20 -3.23234 100 47 0 0 0 -2.60646 100 29 0 0 0 0 0 0 0 0 0 0 0
64000 -164.061 0 0 0 1.0356 100 32 -5.30857 100 46 0 0 0 -2.60387 100 26 0 0 0 0 0 0 0 0 0 0 0
64100 -163.157 0 0 0 0.329055 100 39 -2.25437 100 50 0 0 0 -2.75235 100 29 0 0 0 0 0 0 0 0 0 0 0
64200 -163.284 0 0 0 1.24308 100 35 -0.651852 100 53 0 0 0 -3.10892 100 28 0 0 0 0 0 0 0 0 0 0 0
64300 -163.478 0 0 0 1.2756 100 32 -0.175499 100 36 0 0 0 -2.93019 100 27 0 0 0 0 0 0 0 0 0 0 0
64400 -164.485 0 0 0 1.231 100 28 0.768527 100 49 0 0 0 -2.78248 100 28 0 0 0 0 0 0 0 0 0 0 0
64500 -163.135 0 0 0 0.301443 100 39 -2.88047 100 51 0 0 0 -2.72913 100 22 0 0 0 0 0 0 0 0 0 0 0
64600 -163.053 0 0 0 0.531097 100 33 -2.63737 100 46 0 0 0 -2.84939 100 27 0 0 0 0 0 0 0 0 0 0 0
64700 -162.936 0 0 0 1.08308 100 36 -0.405239 100 45 0 0 0 -2.87199 100 23 0 0 0 0 0 0 0 0 0 0 0
64800 -163.636 0 0 0 0.501142 100 37 -3.20262 100 46 0 0 0 -2.29911 100 25 0 0 0 0 0 0 0 0 0 0 0
64900 -163.552 0 0 0 1.11062 100 33 -5.37306 100 51 0 0 0 -2.82493 100 30 0 0 0 0 0 0 0 0 0 0 0
65000 -164.186 0 0 0 0.74241 100 32 0.741548 100 48 0 0 0 -2.54719 100 30 0 0 0 0 0 0 0 0 0 0 0
65100 -163.01 0 0 0 0.0826289 100 38 -2.35179 100 38 0 0 0 -2.38969 100 27 0 0 0 0 0 0 0 0 0 0 0
65200 -163.155 0 0 0 0.603778 100 33 0.00608273 100 53 0 0 0 -2.58026 100 25 0 0 0 0 0 0 0 0 0 0 0
65300 -164.058 0 0 0 -0.203642 100 27 -5.43391 100 48 0 0 0 -2.4548 100 30 0 0 0 0 0 0 0 0 0 0 0
65400 -162.402 0 0 0 0.582578 100 36 -2.54618 100 46 0 0 0 -2.73203 100 33 0 0 0 0 0 0 0 0 0 0 0
65500 -165.296 0 0 0 0.87543 100 42 -0.00242829 100 51 0 0 0 -3.28918 100 35 0 0 0 0 0 0 0 0 0 0 0
65600 -164.222 0 0 0 0.732833 100 42 -8.46939 100 50 0 0 0 -2.82535 100 25 0 0 0 0 0 0 0 0 0 0 0
65700 -164.22 0 0 0 1.43671 100 33 1.27825 100 41 0 0 0 -3.33019 100 23 0 0 0 0 0 0 0 0 0 0 0
65800 -162.607 0 0 0 0.438177 100 35 -1.21542 100 37 0 0 0 -2.64093 100 25 0 0 0 0 0 0 0 0 0 0 0
65900 -163.725 0 0 0 0.256398 100 38 -6.13707 100 54 0 0 0 -2.70161 100 30 0 0 0 0 0 0 0 0 0 0 0
66000 -163.805 0 0 0 0.214626 100 31 -0.12357 100 46 0 0 0 -2.42606 100 31 0 0 0 0 0 0 0 0 0 0 0
66100 -162.524 0 0 0 0.872995 100 34 -1.16019 100 41 0 0 0 -2.79285 100 37 0 0 0 0 0 0 0 0 0 0 0
66200 -162.791 0 0 0 0.660201 100 33 -0.616658 100 56 0 0 0 -2.61122 100 30 0 0 0 0 0 0 0 0 0 0 0
66300 -162.972 0 0 0 0.285218 100 26 -4.89187 100 40 0 0 0 -2.64733 100 25 0 0 0 0 0 0 0 0 0 0 0
66400 -162.967 0 0 0 0.323618 100 38 -0.756098 100 49 0 0 0 -2.6221 100 31 0 0 0 0 0 0 0 0 0 0 0
66500 -162.886 0 0 0 0.836306 100 30 -1.55687 100 45 0 0 0 -2.96059 100 18 0 0 0 0 0 0 0 0 0 0 0
66600 -162.704 0 0 0 1.02478 100 38 -2.18118 100 39 0 0 0 -2.84392 100 25 0 0 0 0 0 0 0 0 0 0 0
66700 -164.738 0 0 0 -0.311849 100 44 -1.78671 100 54 0 0 0 -2.40107 100 27 0 0 0 0 0 0 0 0 0 0 0
66800 -164.723 0 0 0 0.247354 100 40 -12.0867 100 49 0 0 0 -2.32247 100 31 0 0 0 0 0 0 0 0 0 0 0
66900 -163.051 0 0 0 -0.013826 100 35 -6.14307 100 51 0 0 0 -2.34546 100 33 0 0 0 0 0 0 0 0 0 0 0
67000 -163.075 0 0 0 0.674798 100 36 -6.78361 100 45 0 0 0 -2.69923 100 22 0 0 0 0 0 0 0 0 0 0 0
67100 -164.316 0 0 0 1.24192 100 33 -6.30633 100 52 0 0 0 -2.91141 100 30 0 0 0 0 0 0 0 0 0 0 0
67200 -166.021 0 0 0 0.779182 100 36 2.65916 100 43 0 0 0 -2.58417 100 28 0 0 0 0 0 0 0 0 0 0 0
67300 -162.558 0 0 0 0.324281 100 37 -5.83178 100 51 0 0 0 -2.46657 100 22 0 0 0 0 0 0 0 0 0 0 0
67400 -162.652 0 0 0 0.952641 100 36 -2.87529 100 59 0 0 0 -2.76196 100 27 0 0 0 0 0 0 0 0 0 0 0
67500 -162.766 0 0 0 0.518695 100 26 -5.09001 100 52 0 0 0 -2.41022 100 21 0 0 0 0 0 0 0 0 0 0 0
67600 -163.873 0 0 0 0.922081 100 43 -4.3804 100 53 0 0 0 -2.51481 100 24 0 0 0 0 0 0 0 0 0 0 0
67700 -163.306 0 0 0 0.629228 100 36 -3.06786 100 55 0 0 0 -2.92395 100 23 0 0 0 0 0 0 0 0 0 0 0
67800 -163.472 0 0 0 0.358186 100 29 -1.23484 100 46 0 0 0 -2.81303 100 30 0 0 0 0 0 0 0 0 0 0 0
67900 -164.46 0 0 0 0.723246 100 34 1.11905 100 51 0 0 0 -2.54611 100 31 0 0 0 0 0 0 0 0 0 0 0
68000 -163.002 0 0 0 1.02678 100 33 0.543485 100 49 0 0 0 -2.93461 100 35 0 0 0 0 0 0 0 0 0 0 0
68100 -164.265 0 0 0 -0.343894 100 30 -4.20314 100 52 0 0 0 -2.35222 100 30 0 0 0 0 0 0 0 0 0 0 0
68200 -163.165 0 0 0 0.2354 100 36 -8.03124 100 46 0 0 0 -2.4365 100 23 0 0 0 0 0 0 0 0 0 0 0
68300 -162.986 0 0 0 0.754605 100 44 -0.386196 100 52 0 0 0 -2.93803 100 25 0 0 0 0 0 0 0 0 0 0 0
68400 -162.599 0 0 0 0.705555 100 45 -5.00455 100 48 0 0 0 -2.71017 100 23 0 0 0 0 0 0 0 0 0 0 0
68500 -163.391 0 0 0 1.25795 100 25 0.824691 100 44 0 0 0 -3.04822 100 31 0 0 0 0 0 0 0 0 0 0 0
68600 -163.063 0 0 0 0.432208 100 40 -0.937893 100 46 0 0 0 -2.78106 100 28 0 0 0 0 0 0 0 0 0 0 0
68700 -162.486 0 0 0 0.517024 100 34 -5.32282 100 42 0 0 0 -2.51197 100 33 0 0 0 0 0 0 0 0 0 0 0
68800 -162.512 0 0 0 0.801652 100 29 -3.45232 100 46 0 0 0 -2.80045 100 23 0 0 0 0 0 0 0 0 0 0 0
68900 -162.845 0 0 0 0.904131 100 31 0.264566 100 50 0 0 0 -2.88695 100 28 0 0 0 0 0 0 0 0 0 0 0
69000 -162.512 0 0 0 0.376137 100 35 -3.70303 100 51 0 0 0 -2.4105 100 30 0 0 0 0 0 0 0 0 0 0 0
69100 -162.895 0 0 0 0.202945 100 34 -6.19414 100 48 0 0 0 -2.51144 100 24 0 0 0 0 0 0 0 0 0 0 0
69200 -166.42 0 0 0 1.62619 100 34 3.30731 100 37 0 0 0 -3.04645 100 21 0 0 0 0 0 0 0 0 0 0 0
69300 -163.368 0 0 0 0.145474 100 29 -8.31346 100 50 0 0 0 -2.26507 100 30 0 0 0 0 0 0 0 0 0 0 0
69400 -163.522 0 0 0 0.977488 100 35 -6.51772 100 48 0 0 0 -2.75334 100 27 0 0 0 0 0 0 0 0 0 0 0
69500 -162.577 0 0 0 0.359311 100 34 -2.93788 100 52 0 0 0 -2.41559 100 30 0 0 0 0 0 0 0 0 0 0 0
69600 -163.294 0 0 0 1.05704 100 38 -2.25798 100 53 0 0 0 -3.07596 100 30 0 0 0 0 0 0 0 0 0 0 0
69700 -162.393 0 0 0 0.660028 100 41 -1.82189 100 47 0 0 0 -2.75308 100 30 0 0 0 0 0 0 0 0 0 0 0
69800 -162.699 0 0 0 0.388091 100 33 -4.50864 100 46 0 0 0 -2.66405 100 31 0 0 0 0 0 0 0 0 0 0 0
69900 -162.667 0 0 0 0.735567 100 41 -0.447621 100 44 0 0 0 -2.83161 100 28 0 0 0 0 0 0 0 0 0 0 0
70000 -162.886 0 0 0 0.370107 100 36 -7.20353 100 47 0 0 0 -2.49974 100 35 0 0 0 0 0 0 0 0 0 0 0
70100 -163.039 0 0 0 1.14649 100 35 -1.75572 100 41 0 0 0 -2.85879 100 27 0 0 0 0 0 0 0 0 0 0 0
70200 -162.536 0 0 0 0.417798 100 32 -4.31328 100 53 0 0 0 -2.64604 100 30 0 0 0 0 0 0 0 0 0 0 0
70300 -164.172 0 0 0 1.22529 100 33 2.12339 100 44 0 0 0 -3.25555 100 32 0 0 0 0 0 0 0 0 0 0 0
70400 -163.444 0 0 0 0.710509 100 31 -2.87648 100 33 0 0 0 -2.42955 100 27 0 0 0 0 0 0 0 0 0 0 0
70500 -164.014 0 0 0 1.52247 100 33 -0.665175 100 51 0 0 0 -3.14061 100 28 0 0 0 0 0 0 0 0 0 0 0
70600 -164.823 0 0 0 -0.0482161 100 21 -7.51388 100 43 0 0 0 -1.97444 100 36 0 0 0 0 0 0 0 0 0 0 0
70700 -162.753 0 0 0 0.399858 100 36 -5.68378 100 42 0 0 0 -2.6239 100 23 0 0 0 0 0 0 0 0 0 0 0
70800 -162.774 0 0 0 0.740418 100 39 -3.07393 100 50 0 0 0 -2.53732 100 27 0 0 0 0 0 0 0 0 0 0 0
70900 -163.209 0 0 0 0.57954 100 28 -1.58026 100 51 0 0 0 -2.43819 100 29 0 0 0 0 0 0 0 0 0 0 0
71000 -163.027 0 0 0 0.067883 100 42 -3.30176 100 46 0 0 0 -2.2908 100 27 0 0 0 0 0 0 0 0 0 0 0
71100 -163.633 0 0 0 1.30375 100 41 -3.01293 100 50 0 0 0 -3.08267 100 34 0 0 0 0 0 0 0 0 0 0 0
71200 -166.509 0 0 0 0.643962 100 30 0.393495 100 48 0 0 0 -3.28446 100 27 0 0 0 0 0 0 0 0 0 0 0
71300 -164.464 0 0 0 0.342872 100 43 -0.645713 100 53 0 0 0 -2.92785 100 29 0 0 0 0 0 0 0 0 0 0 0
71400 -162.662 0 0 0 0.283915 100 36 -1.89665 100 45 0 0 0 -2.49831 100 27 0 0 0 0 0 0 0 0 0 0 0
71500 -163.957 0 0 0 0.498774 100 39 -5.13073 100 55 0 0 0 -2.24459 100 26 0 0 0 0 0 0 0 0 0 0 0
71600 -163.4 0 0 0 0.217222 100 38 -8.55683 100 55 0 0 0 -2.45451 100 21 0 0 0 0 0 0 0 0 0 0 0
71700 -164.029 0 0 0 0.312715 100 40 -5.94286 100 42 0 0 0 -2.15427 100 28 0 0 0 0 0 0 0 0 0 0 0
71800 -164.12 0 0 0 0.799377 100 32 1.68582 100 43 0 0 0 -2.67884 100 30 0 0 0 0 0 0 0 0 0 0 0
71900 -163.039 0 0 0 0.730665 100 32 -4.58952 100 47 0 0 0 -2.86615 100 29 0 0 0 0 0 0 0 0 0 0 0
72000 -163.882 0 0 0 0.699971 100 41 1.05368 100 52 0 0 0 -2.60403 100 34 0 0 0 0 0 0 0 0 0 0 0
72100 -162.473 0 0 0 0.331051 100 37 -2.6759 100 56 0 0 0 -2.57713 100 27 0 0 0 0 0 0 0 0 0 0 0
72200 -162.895 0 0 0 0.052706 100 30 -5.79069 100 40 0 0 0 -2.39115 100 25 0 0 0 0 0 0 0 0 0 0 0
72300 -163.72 0 0 0 -0.157034 100 34 -7.83273 100 50 0 0 0 -2.29162 100 39 0 0 0 0 0 0 0 0 0 0 0
72400 -163.69 0 0 0 1.03191 100 37 -6.38192 100 49 0 0 0 -2.74232 100 27 0 0 0 0 0 0 0 0 0 0 0
72500 -162.752 0 0 0 0.212527 100 41 -2.08574 100 47 0 0 0 -2.52168 100 25 0 0 0 0 0 0 0 0 0 0 0
72600 -164.552 0 0 0 -0.213679 100 34 -1.13878 100 44 0 0 0 -2.42085 100 25 0 0 0 0 0 0 0 0 0 0 0
72700 -163.697 0 0 0 0.890286 100 35 0.446583 100 52 0 0 0 -3.10901 100 26 0 0 0 0 0 0 0 0 0 0 0
72800 -164.002 0 0 0 0.235409 100 37 -10.2155 100 45 0 0 0 -2.44843 100 30 0 0 0 0 0 0 0 0 0 0 0
72900 -162.987 0 0 0 0.652389 100 37 -6.95419 100 42 0 0 0 -2.6079 100 25 0 0 0 0 0 0 0 0 0 0 0
73000 -163.006 0 0 0 0.47829 100 42 -1.78018 100 47 0 0 0 -2.81712 100 28 0 0 0 0 0 0 0 0 0 0 0
73100 -164.385 0 0 0 1.41713 100 38 0.976112 100 51 0 0 0 -3.36476 100 28 0 0 0 0 0 0 0 0 0 0 0
73200 -162.751 0 0 0 0.692829 100 42 -5.90514 100 52 0 0 0 -2.60569 100 25 0 0 0 0 0 0 0 0 0 0 0
73300 -164.258 0 0 0 -0.355303 100 43 -3.43603 100 47 0 0 0 -2.26757 100 29 0 0 0 0 0 0 0 0 0 0 0
73400 -165.157 0 0 0 0.440744 100 44 2.68366 100 40 0 0 0 -2.86217 100 28 0 0 0 0 0 0 0 0 0 0 0
73500 -164.134 0 0 0 0.325921 100 37 -10.5344 100 54 0 0 0 -2.32295 100 30 0 0 0 0 0 0 0 0 0 0 0
73600 -163.602 0 0 0 1.15801 100 37 -1.6381 100 52 0 0 0 -3.16371 100 27 0 0 0 0 0 0 0 0 0 0 0
73700 -162.917 0 0 0 1.05188 100 35 0.0967494 100 55 0 0 0 -2.95047 100 27 0 0 0 0 0 0 0 0 0 0 0
73800 -162.41 0 0 0 0.35526 100 41 -4.49242 100 50 0 0 0 -2.44308 100 20 0 0 0 0 0 0 0 0 0 0 0
73900 -162.495 0 0 0 0.672462 100 32 -4.82295 100 46 0 0 0 -2.6035 100 22 0 0 0 0 0 0 0 0 0 0 0
74000 -164.364 0 0 0 0.0855635 100 26 -8.87959 100 56 0 0 0 -2.55919 100 24 0 0 0 0 0 0 0 0 0 0 0
74100 -162.567 0 0 0 0.638748 100 33 -0.851222 100 44 0 0 0 -2.65836 100 24 0 0 0 0 0 0 0 0 0 0 0
74200 -165.944 0 0 0 1.76635 100 28 4.56931 100 49 0 0 0 -3.489 100 33 0 0 0 0 0 0 0 0 0 0 0
74300 -168.492 0 0 0 -1.14317 100 40 -8.49401 100 44 0 0 0 -1.93557 100 20 0 0 0 0 0 0 0 0 0 0 0
74400 -163.365 0 0 0 -0.00323649 100 28 -6.72868 100 53 0 0 0 -2.17283 100 30 0 0 0 0 0 0 0 0 0 0 0
74500 -162.724 0 0 0 0.0952829 100 28 -5.12242 100 43 0 0 0 -2.36072 100 26 0 0 0 0 0 0 0 0 0 0 0
74600 -163.096 0 0 0 0.681698 100 36 -2.3434 100 53 0 0 0 -2.92985 100 36 0 0 0 0 0 0 0 0 0 0 0
74700 -162.907 0 0 0 0.641516 100 26 -5.61451 100 55 0 0 0 -2.75512 100 27 0 0 0 0 0 0 0 0 0 0 0
74800 -163.801 0 0 0 1.01485 100 29 -0.923252 100 50 0 0 0 -3.17283 100 21 0 0 0 0 0 0 0 0 0 0 0
74900 -162.526 0 0 0 0.363728 100 31 -5.12183 100 44 0 0 0 -2.56753 100 27 0 0 0 0 0 0 0 0 0 0 0
75000 -163.144 0 0 0 0.817561 100 32 -3.22188 100 42 0 0 0 -2.965 100 20 0 0 0 0 0 0 0 0 0 0 0
75100 -163.514 0 0 0 0.874382 100 31 1.0296 100 63 0 0 0 -3.04689 100 29 0 0 0 0 0 0 0 0 0 0 0
75200 -163.646 0 0 0 -0.0474126 100 42 -1.75745 100 57 0 0 0 -2.48116 100 18 0 0 0 0 0 0 0 0 0 0 0
75300 -163.048 0 0 0 0.683963 100 25 0.660529 100 46 0 0 0 -2.78434 100 32 0 0 0 0 0 0 0 0 0 0 0
75400 -163.418 0 0 0 0.854847 100 37 -0.0379743 100 44 0 0 0 -3.05765 100 29 0 0 0 0 0 0 0 0 0 0 0
75500 -163.19 0 0 0 0.308612 100 36 -7.81108 100 44 0 0 0 -2.52432 100 24 0 0 0 0 0 0 0 0 0 0 0
75600 -163.111 0 0 0 0.508637 100 31 0.0123848 100 50 0 0 0 -2.78936 100 22 0 0 0 0 0 0 0 0 0 0 0
75700 -162.314 0 0 0 0.481541 100 35 -3.11909 100 48 0 0 0 -2.63104 100 27 0 0 0 0 0 0 0 0 0 0 0
75800 -162.602 0 0 0 0.352062 100 34 -3.02429 100 45 0 0 0 -2.40395 100 29 0 0 0 0 0 0 0 0 0 0 0
75900 -165.854 0 0 0 0.99086 100 32 -4.77022 100 49 0 0 0 -2.39983 100 31 0 0 0 0 0 0 0 0 0 0 0
76000 -163.156 0 0 0 1.03229 100 35 -0.927508 100 46 0 0 0 -3.07171 100 18 0 0 0 0 0 0 0 0 0 0 0
76100 -162.302 0 0 0 0.508608 100 31 -2.91073 100 47 0 0 0 -2.64114 100 24 0 0 0 0 0 0 0 0 0 0 0
76200 -163.051 0 0 0 0.759351 100 37 -4.89702 100 38 0 0 0 -2.51162 100 21 0 0 0 0 0 0 0 0 0 0 0
76300 -162.737 0 0 0 0.494341 100 35 -6.40518 100 39 0 0 0 -2.58781 100 30 0 0 0 0 0 0 0 0 0 0 0
76400 -165.488 0 0 0 0.718576 100 28 -8.62838 100 49 0 0 0 -2.28924 100 28 0 0 0 0 0 0 0 0 0 0 0
76500 -162.619 0 0 0 0.707427 100 33 -5.15833 100 52 0 0 0 -2.69967 100 22 0 0 0 0 0 0 0 0 0 0 0
76600 -163.488 0 0 0 0.173787 100 32 -6.27828 100 52 0 0 0 -2.6134 100 23 0 0 0 0 0 0 0 0 0 0 0
76700 -162.314 0 0 0 0.690752 100 35 -3.30381 100 55 0 0 0 -2.68792 100 30 0 0 0 0 0 0 0 0 0 0 0
76800 -164.336 0 0 0 1.21615 100 34 -5.01434 100 57 0 0 0 -2.74003 100 29 0 0 0 0 0 0 0 0 0 0 0
76900 -165.133 0 0 0 -0.145657 100 36 -0.24946 100 50 0 0 0 -2.28253 100 23 0 0 0 0 0 0 0 0 0 0 0
77000 -163.002 0 0 0 0.781633 100 31 0.620527 100 46 0 0 0 -2.87171 100 28 0 0 0 0 0 0 0 0 0 0 0
77100 -164.55 0 0 0 -0.45938 100 33 -4.62371 100 47 0 0 0 -2.13198 100 32 0 0 0 0 0 0 0 0 0 0 0
77200 -166.658 0 0 0 -0.392109 100 43 -0.645298 100 46 0 0 0 -2.10497 100 23 0 0 0 0 0 0 0 0 0 0 0
77300 -163.942 0 0 0 0.926768 100 25 -5.16556 100 48 0 0 0 -3.03024 100 22 0 0 0 0 0 0 0 0 0 0 0
77400 -165.662 0 0 0 0.875644 100 37 3.96716 100 57 0 0 0 -3.17174 100 35 0 0 0 0 0 0 0 0 0 0 0
77500 -162.503 0 0 0 0.352978 100 41 -2.45259 100 54 0 0 0 -2.47416 100 23 0 0 0 0 0 0 0 0 0 0 0
77600 -168.956 0 0 0 1.1183 100 42 -3.45269 100 48 0 0 0 -2.32695 100 26 0 0 0 0 0 0 0 0 0 0 0
77700 -163.314 0 0 0 -0.129663 100 34 -5.78143 100 43 0 0 0 -2.21935 100 24 0 0 0 0 0 0 0 0 0 0 0
77800 -163.857 0 0 0 0.533292 100 37 -8.88175 100 46 0 0 0 -2.37084 100 27 0 0 0 0 0 0 0 0 0 0 0
77900 -165.273 0 0 0 0.260539 100 37 -10.9373 100 46 0 0 0 -2.1129 100 29 0 0 0 0 0 0 0 0 0 0 0
78000 -163.153 0 0 0 0.878768 100 39 -3.76317 100 55 0 0 0 -2.96127 100 26 0 0 0 0 0 0 0 0 0 0 0
78100 -162.862 0 0 0 0.987019 100 34 -3.84807 100 58 0 0 0 -2.87341 100 22 0 0 0 0 0 0 0 0 0 0 0
78200 -162.915 0 0 0 0.881881 100 35 -5.26748 100 52 0 0 0 -2.76957 100 37 0 0 0 0 0 0 0 0 0 0 0
78300 -164.045 0 0 0 0.174071 100 33 -1.98237 100 46 0 0 0 -2.21184 100 31 0 0 0 0 0 0 0 0 0 0 0
78400 -165.243 0 0 0 -0.495597 100 33 -9.20339 100 43 0 0 0 -2.19455 100 29 0 0 0 0 0 0 0 0 0 0 0
78500 -164.632 0 0 0 1.29924 100 35 -2.68445 100 51 0 0 0 -2.7428 100 37 0 0 0 0 0 0 0 0 0 0 0
78600 -162.691 0 0 0 0.513641 100 28 -2.44716 100 55 0 0 0 -2.45353 100 25 0 0 0 0 0 0 0 0 0 0 0
78700 -162.746 0 0 0 0.729542 100 33 -2.02508 100 54 0 0 0 -2.89004 100 23 0 0 0 0 0 0 0 0 0 0 0
78800 -162.47 0 0 0 0.727639 100 30 -1.28455 100 39 0 0 0 -2.79451 100 21 0 0 0 0 0 0 0 0 0 0 0
78900 -162.314 0 0 0 0.577881 100 36 -2.22527 100 45 0 0 0 -2.67222 100 30 0 0 0 0 0 0 0 0 0 0 0
79000 -164.047 0 0 0 1.16534 100 30 2.68864 100 48 0 0 0 -3.06802 100 30 0 0 0 0 0 0 0 0 0 0 0
79100 -165.386 0 0 0 1.50361 100 25 -3.76047 100 50 0 0 0 -3.36597 100 25 0 0 0 0 0 0 0 0 0 0 0
79200 -162.462 0 0 0 0.330065 100 40 -3.23452 100 53 0 0 0 -2.58447 100 27 0 0 0 0 0 0 0 0 0 0 0
79300 -164.331 0 0 0 1.30082 100 35 -4.34596 100 47 0 0 0 -2.8156 100 28 0 0 0 0 0 0 0 0 0 0 0
79400 -163.901 0 0 0 -0.0411413 100 36 -5.1593 100 44 0 0 0 -2.0828 100 32 0 0 0 0 0 0 0 0 0 0 0
79500 -163.5 0 0 0 0.689997 100 37 -4.24339 100 46 0 0 0 -2.39726 100 17 0 0 0 0 0 0 0 0 0 0 0
79600 -162.663 0 0 0 0.202178 100 28 -2.95801 100 52 0 0 0 -2.532 100 25 0 0 0 0 0 0 0 0 0 0 0
79700 -163.771 0 0 0 1.15396 100 24 0.379629 100 44 0 0 0 -2.79438 100 28 0 0 0 0 0 0 0 0 0 0 0
79800 -162.669 0 0 0 0.272923 100 21 -6.25269 100 51 0 0 0 -2.40647 100 20 0 0 0 0 0 0 0 0 0 0 0
79900 -162.687 0 0 0 0.578872 100 31 -1.21882 100 47 0 0 0 -2.55384 100 27 0 0 0 0 0 0 0 0 0 0 0
80000 -162.864 0 0 0 0.578418 100 37 -0.295385 100 49 0 0 0 -2.79484 100 23 0 0 0 0 0 0 0 0 0 0 0
80100 -163.215 0 0 0 0.1462 100 29 -7.27458 100 35 0 0 0 -2.48127 100 34 0 0 0 0 0 0 0 0 0 0 0
80200 -164.18 0 0 0 0.757828 100 31 -7.72621 100 42 0 0 0 -2.42891 100 25 0 0 0 0 0 0 0 0 0 0 0
80300 -164.254 0 0 0 0.0389752 100 39 -6.93287 100 40 0 0 0 -2.61267 100 24 0 0 0 0 0 0 0 0 0 0 0
80400 -164.243 0 0 0 1.02482 100 38 1.68519 100 51 0 0 0 -3.2161 100 25 0 0 0 0 0 0 0 0 0 0 0
80500 -162.701 0 0 0 1.02398 100 42 -1.80936 100 39 0 0 0 -2.84053 100 22 0 0 0 0 0 0 0 0 0 0 0
80600 -162.625 0 0 0 0.24448 100 27 -5.60357 100 58 0 0 0 -2.36767 100 25 0 0 0 0 0 0 0 0 0 0 0
80700 -165.592 0 0 0 0.775467 100 39 -7.59154 100 47 0 0 0 -3.06309 100 20 0 0 0 0 0 0 0 0 0 0 0
80800 -163.068 0 0 0 0.81813 100 32 -1.16324 100 43 0 0 0 -2.59387 100 31 0 0 0 0 0 0 0 0 0 0 0
80900 -163.379 0 0 0 1.13743 100 45 -2.81646 100 50 0 0 0 -3.07592 100 30 0 0 0 0 0 0 0 0 0 0 0
81000 -166.221 0 0 0 -0.25317 100 25 0.756973 100 54 0 0 0 -2.37756 100 28 0 0 0 0 0 0 0 0 0 0 0
81100 -163.121 0 0 0 0.302851 100 29 -1.44417 100 52 0 0 0 -2.7131 100 33 0 0 0 0 0 0 0 0 0 0 0
81200 -163.797 0 0 0 0.468976 100 36 0.675748 100 44 0 0 0 -2.5277 100 26 0 0 0 0 0 0 0 0 0 0 0
81300 -162.44 0 0 0 0.582358 100 34 -3.61357 100 45 0 0 0 -2.72247 100 27 0 0 0 0 0 0 0 0 0 0 0
81400 -163.462 0 0 0 -0.0131188 100 29 -5.70045 100 53 0 0 0 -2.50175 100 26 0 0 0 0 0 0 0 0 0 0 0
81500 -165.458 0 0 0 0.821796 100 37 -0.508239 100 45 0 0 0 -2.39912 100 26 0 0 0 0 0 0 0 0 0 0 0
81600 -165.61 0 0 0 1.16313 100 23 -7.54227 100 39 0 0 0 -2.6144 100 21 0 0 0 0 0 0 0 0 0 0 0
81700 -162.977 0 0 0 1.13953 100 28 -2.23416 100 48 0 0 0 -2.88599 100 27 0 0 0 0 0 0 0 0 0 0 0
81800 -163.422 0 0 0 0.457015 100 42 -8.51232 100 39 0 0 0 -2.57278 100 34 0 0 0 0 0 0 0 0 0 0 0
81900 -162.971 0 0 0 0.55625 100 38 -0.567693 100 49 0 0 0 -2.82981 100 25 0 0 0 0 0 0 0 0 0 0 0
82000 -163.645 0 0 0 0.434135 100 34 -7.73869 100 55 0 0 0 -2.28654 100 18 0 0 0 0 0 0 0 0 0 0 0
82100 -166.23 0 0 0 0.75004 100 33 -10.8537 100 58 0 0 0 -2.31759 100 27 0 0 0 0 0 0 0 0 0 0 0
82200 -162.966 0 0 0 0.716973 100 33 -0.607364 100 45 0 0 0 -2.5951 100 25 0 0 0 0 0 0 0 0 0 0 0
82300 -164.141 0 0 0 0.553778 100 35 1.80833 100 47 0 0 0 -2.6702 100 22 0 0 0 0 0 0 0 0 0 0 0
82400 -164.441 0 0 0 -0.30434 100 35 -6.05651 100 51 0 0 0 -2.40991 100 30 0 0 0 0 0 0 0 0 0 0 0
82500 -162.493 0 0 0 0.605424 100 28 -1.59427 100 45 0 0 0 -2.76238 100 28 0 0 0 0 0 0 0 0 0 0 0
82600 -164.959 0 0 0 0.258341 100 29 -4.53587 100 44 0 0 0 -2.88943 100 24 0 0 0 0 0 0 0 0 0 0 0
82700 -165.57 0 0 0 0.117658 100 28 -5.62932 100 43 0 0 0 -1.96539 100 28 0 0 0 0 0 0 0 0 0 0 0
82800 -162.718 0 0 0 0.206048 100 41 -4.49816 100 48 0 0 0 -2.31648 100 30 0 0 0 0 0 0 0 0 0 0 0
82900 -165.043 0 0 0 1.47988 100 26 1.74209 100 54 0 0 0 -3.47459 100 14 0 0 0 0 0 0 0 0 0 0 0
83000 -164.298 0 0 0 0.674064 100 36 -6.30638 100 56 0 0 0 -2.9483 100 24 0 0 0 0 0 0 0 0 0 0 0
83100 -162.805 0 0 0 0.36785 100 38 -6.77505 100 40 0 0 0 -2.525 100 28 0 0 0 0 0 0 0 0 0 0 0
83200 -165.591 0 0 0 0.790319 100 35 -0.745287 100 46 0 0 0 -3.27171 100 25 0 0 0 0 0 0 0 0 0 0 0
83300 -163.849 0 0 0 0.1959 100 36 -8.90932 100 42 0 0 0 -2.19576 100 25 0 0 0 0 0 0 0 0 0 0 0
83400 -162.444 0 0 0 0.566781 100 33 -4.82677 100 47 0 0 0 -2.64246 100 28 0 0 0 0 0 0 0 0 0 0 0
83500 -163.907 0 0 0 1.48496 100 32 -0.0525843 100 48 0 0 0 -3.10741 100 27 0 0 0 0 0 0 0 0 0 0 0
83600 -162.34 0 0 0 0.492101 100 39 -4.48686 100 45 0 0 0 -2.58025 100 30 0 0 0 0 0 0 0 0 0 0 0
83700 -162.96 0 0 0 0.013973 100 38 -4.64003 100 51 0 0 0 -2.27325 100 27 0 0 0 0 0 0 0 0 0 0 0
83800 -162.877 0 0 0 0.799165 100 38 -2.74155 100 51 0 0 0 -2.92641 100 19 0 0 0 0 0 0 0 0 0 0 0
83900 -169.256 0 0 0 0.154306 100 39 -11.2525 100 45 0 0 0 -1.79654 100 19 0 0 0 0 0 0 0 0 0 0 0
84000 -162.517 0 0 0 0.376352 100 28 -1.99808 100 49 0 0 0 -2.5165 100 30 0 0 0 0 0 0 0 0 0 0 0
84100 -165.488 0 0 0 0.235093 100 39 -1.13096 100 44 0 0 0 -2.15051 100 32 0 0 0 0 0 0 0 0 0 0 0
84200 -163.495 0 0 0 1.32609 100 35 0.662026 100 51 0 0 0 -3.10894 100 24 0 0 0 0 0 0 0 0 0 0 0
84300 -165.261 0 0 0 0.0693242 100 38 -12.8106 100 51 0 0 0 -2.16854 100 25 0 0 0 0 0 0 0 0 0 0 0
84400 -164.717 0 0 0 1.40532 100 37 2.89569 100 40 0 0 0 -3.3656 100 24 0 0 0 0 0 0 0 0 0 0 0
84500 -162.609 0 0 0 0.621023 100 28 -5.6191 100 43 0 0 0 -2.63803 100 29 0 0 0 0 0 0 0 0 0 0 0
84600 -164.095 0 0 0 1.10936 100 36 0.901408 100 44 0 0 0 -2.75424 100 34 0 0 0 0 0 0 0 0 0 0 0
84700 -162.69 0 0 0 0.324789 100 33 -2.29443 100 44 0 0 0 -2.64735 100 26 0 0 0 0 0 0 0 0 0 0 0
84800 -164.809 0 0 0 -0.080317 100 39 -2.2903 100 46 0 0 0 -2.09541 100 25 0 0 0 0 0 0 0 0 0 0 0
84900 -163.21 0 0 0 0.1745 100 42 -2.28917 100 46 0 0 0 -2.64782 100 26 0 0 0 0 0 0 0 0 0 0 0
85000 -163.525 0 0 0 0.53051 100 33 -3.74936 100 46 0 0 0 -2.31319 100 25 0 0 0 0 0 0 0 0 0 0 0
85100 -163.517 0 0 0 0.245294 100 24 -5.83182 100 44 0 0 0 -2.67836 100 31 0 0 0 0 0 0 0 0 0 0 0
85200 -163.666 0 0 0 0.872895 100 22 2.00927 100 50 0 0 0 -2.89787 100 25 0 0 0 0 0 0 0 0 0 0 0
85300 -162.505 0 0 0 0.566397 100 33 -4.9476 100 44 0 0 0 -2.66173 100 23 0 0 0 0 0 0 0 0 0 0 0
85400 -163.275 0 0 0 0.301096 100 37 -4.14188 100 47 0 0 0 -2.24498 100 30 0 0 0 0 0 0 0 0 0 0 0
85500 -163.341 0 0 0 0.520393 100 42 -4.36072 100 45 0 0 0 -2.84469 100 37 0 0 0 0 0 0 0 0 0 0 0
85600 -163.236 0 0 0 0.322861 100 28 -1.99893 100 55 0 0 0 -2.33534 100 30 0 0 0 0 0 0 0 0 0 0 0
85700 -163.689 0 0 0 0.886406 100 37 -7.45558 100 50 0 0 0 -2.78929 100 26 0 0 0 0 0 0 0 0 0 0 0
85800 -163.368 0 0 0 -0.0311256 100 32 -5.95918 100 54 0 0 0 -2.16215 100 28 0 0 0 0 0 0 0 0 0 0 0
85900 -164.4 0 0 0 0.617684 100 38 -1.35659 100 48 0 0 0 -2.34374 100 24 0 0 0 0 0 0 0 0 0 0 0
86000 -165.846 0 0 0 1.48933 100 36 -4.22726 100 44 0 0 0 -3.40377 100 21 0 0 0 0 0 0 0 0 0 0 0
86100 -162.548 0 0 0 0.638751 100 36 -2.33649 100 55 0 0 0 -2.54267 100 33 0 0 0 0 0 0 0 0 0 0 0
86200 -162.358 0 0 0 0.721838 100 37 -3.03252 100 46 0 0 0 -2.64555 100 36 0 0 0 0 0 0 0 0 0 0 0
86300 -164.128 0 0 0 -0.0141556 100 36 -8.31205 100 51 0 0 0 -2.07474 100 21 0 0 0 0 0 0 0 0 0 0 0
86400 -165.981 0 0 0 0.241423 100 35 -13.971 100 45 0 0 0 -2.50065 100 30 0 0 0 0 0 0 0 0 0 0 0
86500 -162.477 0 0 0 0.834713 100 25 -3.0957 100 47 0 0 0 -2.70271 100 29 0 0 0 0 0 0 0 0 0 0 0
86600 -162.793 0 0 0 0.441737 100 37 -4.65141 100 52 0 0 0 -2.36351 100 29 0 0 0 0 0 0 0 0 0 0 0
86700 -162.641 0 0 0 0.934064 100 31 -0.907113 100 52 0 0 0 -2.80296 100 27 0 0 0 0 0 0 0 0 0 0 0
86800 -162.336 0 0 0 0.47956 100 37 -2.31838 100 47 0 0 0 -2.60735 100 26 0 0 0 0 0 0 0 0 0 0 0
86900 -165.574 0 0 0 0.816161 100 36 3.04887 100 50 0 0 0 -3.22266 100 31 0 0 0 0 0 0 0 0 0 0 0
87000 -162.443 0 0 0 0.75112 100 39 -3.58053 100 48 0 0 0 -2.76092 100 21 0 0 0 0 0 0 0 0 0 0 0
87100 -164.767 0 0 0 0.515666 100 37 -10.3464 100 43 0 0 0 -2.71686 100 32 0 0 0 0 0 0 0 0 0 0 0
87200 -162.43 0 0 0 0.456403 100 32 -1.83315 100 39 0 0 0 -2.6135 100 26 0 0 0 0 0 0 0 0 0 0 0
87300 -165.968 0 0 0 -0.400479 100 33 -2.53772 100 48 0 0 0 -1.99289 100 28 0 0 0 0 0 0 0 0 0 0 0
87400 -163.247 0 0 0 0.632022 100 35 0.765655 100 52 0 0 0 -2.84392 100 30 0 0 0 0 0 0 0 0 0 0 0
87500 -169.314 0 0 0 0.372845 100 28 -4.43406 100 38 0 0 0 -1.89136 100 28 0 0 0 0 0 0 0 0 0 0 0
87600 -162.662 0 0 0 0.990683 100 34 -1.05714 100 49 0 0 0 -2.88501 100 27 0 0 0 0 0 0 0 0 0 0 0
87700 -163.279 0 0 0 0.668682 100 29 -7.221 100 40 0 0 0 -2.71705 100 33 0 0 0 0 0 0 0 0 0 0 0
87800 -163.577 0 0 0 -0.113782 100 33 -2.40399 100 45 0 0 0 -2.37722 100 25 0 0 0 0 0 0 0 0 0 0 0
87900 -163.428 0 0 0 0.82641 100 39 -4.44842 100 45 0 0 0 -2.96449 100 27 0 0 0 0 0 0 0 0 0 0 0
88000 -162.742 0 0 0 0.435032 100 36 -5.95485 100 44 0 0 0 -2.39766 100 23 0 0 0 0 0 0 0 0 0 0 0
88100 -163.021 0 0 0 0.192453 100 45 -4.38187 100 42 0 0 0 -2.25175 100 21 0 0 0 0 0 0 0 0 0 0 0
88200 -162.932 0 0 0 0.185144 100 43 -3.79285 100 49 0 0 0 -2.28167 100 27 0 0 0 0 0 0 0 0 0 0 0
88300 -164.558 0 0 0 0.300144 100 24 -10.986 100 42 0 0 0 -2.54161 100 27 0 0 0 0 0 0 0 0 0 0 0
88400 -163.404 0 0 0 1.25465 100 28 0.622281 100 50 0 0 0 -3.12358 100 21 0 0 0 0 0 0 0 0 0 0 0
88500 -163.422 0 0 0 1.03738 100 32 -4.4921 100 45 0 0 0 -2.68576 100 40 0 0 0 0 0 0 0 0 0 0 0
88600 -162.804 0 0 0 0.979766 100 38 -3.46892 100 46 0 0 0 -2.88739 100 21 0 0 0 0 0 0 0 0 0 0 0
88700 -163.482 0 0 0 1.34749 100 33 0.232584 100 54 0 0 0 -3.08883 100 27 0 0 0 0 0 0 0 0 0 0 0
88800 -163.735 0 0 0 1.30621 100 27 0.964739 100 41 0 0 0 -2.9738 100 31 0 0 0 0 0 0 0 0 0 0 0
88900 -166.132 0 0 0 1.07674 100 40 -0.891384 100 62 0 0 0 -3.43354 100 34 0 0 0 0 0 0 0 0 0 0 0
89000 -163.511 0 0 0 0.256321 100 44 -0.84215 100 49 0 0 0 -2.38133 100 27 0 0 0 0 0 0 0 0 0 0 0
89100 -163.244 0 0 0 -0.0679688 100 32 -3.15553 100 51 0 0 0 -2.38465 100 29 0 0 0 0 0 0 0 0 0 0 0
89200 -163.703 0 0 0 0.473396 100 43 -8.4092 100 48 0 0 0 -2.66552 100 27 0 0 0 0 0 0 0 0 0 0 0
89300 -164.54 0 0 0 0.716664 100 43 2.47223 100 44 0 0 0 -3.03384 100 29 0 0 0 0 0 0 0 0 0 0 0
89400 -164.019 0 0 0 1.00056 100 37 1.81945 100 45 0 0 0 -2.79184 100 21 0 0 0 0 0 0 0 0 0 0 0
89500 -162.806 0 0 0 0.945552 100 32 -2.85225 100 46 0 0 0 -2.93282 100 28 0 0 0 0 0 0 0 0 0 0 0
89600 -162.537 0 0 0 0.231716 100 35 -4.71057 100 52 0 0 0 -2.48909 100 23 0 0 0 0 0 0 0 0 0 0 0
89700 -162.554 0 0 0 0.620807 100 38 -1.22525 100 55 0 0 0 -2.60743 100 33 0 0 0 0 0 0 0 0 0 0 0
89800 -162.54 0 0 0 0.701874 100 29 -4.94908 100 44 0 0 0 -2.67235 100 25 0 0 0 0 0 0 0 0 0 0 0
89900 -162.968 0 0 0 0.160575 100 37 -3.97669 100 51 0 0 0 -2.2672 100 28 0 0 0 0 0 0 0 0 0 0 0
90000 -163.631 0 0 0 0.406609 100 29 0.386348 100 48 0 0 0 -2.80415 100 27 0 0 0 0 0 0 0 0 0 0 0
90100 -162.49 0 0 0 0.4224 100 33 -5.06924 100 46 0 0 0 -2.5893 100 33 0 0 0 0 0 0 0 0 0 0 0
90200 -164.409 0 0 0 1.24034 100 36 -3.76151 100 49 0 0 0 -2.72241 100 23 0 0 0 0 0 0 0 0 0 0 0
90300 -162.781 0 0 0 0.359284 100 34 -3.74513 100 52 0 0 0 -2.34463 100 26 0 0 0 0 0 0 0 0 0 0 0
90400 -163.837 0 0 0 0.980325 100 31 -6.31639 100 42 0 0 0 -2.94479 100 25 0 0 0 0 0 0 0 0 0 0 0
90500 -163.884 0 0 0 0.870562 100 23 1.27061 100 44 0 0 0 -3.10352 100 23 0 0 0 0 0 0 0 0 0 0 0
90600 -163.857 0 0 0 0.324274 100 34 -7.8447 100 52 0 0 0 -2.67054 100 23 0 0 0 0 0 0 0 0 0 0 0
90700 -162.65 0 0 0 0.186984 100 36 -3.07325 100 38 0 0 0 -2.40326 100 29 0 0 0 0 0 0 0 0 0 0 0
90800 -164.083 0 0 0 -0.213473 100 38 -8.18566 100 50 0 0 0 -2.31699 100 28 0 0 0 0 0 0 0 0 0 0 0
90900 -162.607 0 0 0 0.838215 100 38 -1.45287 100 49 0 0 0 -2.8896 100 19 0 0 0 0 0 0 0 0 0 0 0
91000 -163.286 0 0 0 0.675194 100 27 -4.89284 100 46 0 0 0 -2.87717 100 25 0 0 0 0 0 0 0 0 0 0 0
91100 -163.251 0 0 0 0.377756 100 36 -8.26001 100 52 0 0 0 -2.38286 100 24 0 0 0 0 0 0 0 0 0 0 0
91200 -163.251 0 0 0 0.779201 100 33 -7.11745 100 41 0 0 0 -2.66745 100 19 0 0 0 0 0 0 0 0 0 0 0
91300 -165.284 0 0 0 1.07961 100 23 -9.29344 100 51 0 0 0 -2.95706 100 24 0 0 0 0 0 0 0 0 0 0 0
91400 -162.81 0 0 0 0.28214 100 37 -1.45076 100 49 0 0 0 -2.49369 100 27 0 0 0 0 0 0 0 0 0 0 0
91500 -163.272 0 0 0 1.00195 100 31 -0.0104093 100 48 0 0 0 -3.08389 100 27 0 0 0 0 0 0 0 0 0 0 0
91600 -164.407 0 0 0 1.46696 100 33 2.17482 100 51 0 0 0 -3.34202 100 30 0 0 0 0 0 0 0 0 0 0 0
91700 -162.342 0 0 0 0.686649 100 34 -1.90274 100 47 0 0 0 -2.68447 100 28 0 0 0 0 0 0 0 0 0 0 0
91800 -163.188 0 0 0 0.5149 100 41 0.50825 100 52 0 0 0 -2.6881 100 34 0 0 0 0 0 0 0 0 0 0 0
91900 -163.343 0 0 0 0.624295 100 36 -7.653 100 48 0 0 0 -2.47298 100 28 0 0 0 0 0 0 0 0 0 0 0
92000 -165.761 0 0 0 1.83338 100 38 2.8683 100 34 0 0 0 -3.2893 100 38 0 0 0 0 0 0 0 0 0 0 0
92100 -162.465 0 0 0 0.670124 100 36 -4.67618 100 47 0 0 0 -2.60675 100 33 0 0 0 0 0 0 0 0 0 0 0
92200 -162.443 0 0 0 0.384027 100 35 -3.19885 100 53 0 0 0 -2.44961 100 26 0 0 0 0 0 0 0 0 0 0 0
92300 -163.16 0 0 0 0.268333 100 41 -1.28097 100 42 0 0 0 -2.68564 100 29 0 0 0 0 0 0 0 0 0 0 0
92400 -165.789 0 0 0 -0.546295 100 34 -4.89215 100 54 0 0 0 -1.91605 100 27 0 0 0 0 0 0 0 0 0 0 0
92500 -164.314 0 0 0 -0.26379 100 42 -2.90699 100 54 0 0 0 -2.44392 100 28 0 0 0 0 0 0 0 0 0 0 0
92600 -162.37 0 0 0 0.399327 100 32 -3.92823 100 52 0 0 0 -2.58639 100 25 0 0 0 0 0 0 0 0 0 0 0
92700 -167.83 0 0 0 0.771618 100 42 -9.37327 100 51 0 0 0 -3.18097 100 32 0 0 0 0 0 0 0 0 0 0 0
92800 -164.262 0 0 0 1.45522 100 26 2.4497 100 48 0 0 0 -3.20536 100 29 0 0 0 0 0 0 0 0 0 0 0
92900 -163.243 0 0 0 0.738348 100 41 -1.29409 100 51 0 0 0 -2.98699 100 32 0 0 0 0 0 0 0 0 0 0 0
93000 -162.525 0 0 0 0.875189 100 33 -1.56241 100 42 0 0 0 -2.75068 100 29 0 0 0 0 0 0 0 0 0 0 0
93100 -163.195 0 0 0 0.0484277 100 30 -7.17095 100 46 0 0 0 -2.39943 100 26 0 0 0 0 0 0 0 0 0 0 0
93200 -162.873 0 0 0 0.918679 100 30 -1.54953 100 43 0 0 0 -2.98046 100 31 0 0 0 0 0 0 0 0 0 0 0
93300 -162.803 0 0 0 0.780577 100 34 -5.63127 100 52 0 0 0 -2.67851 100 29 0 0 0 0 0 0 0 0 0 0 0
93400 -164.674 0 0 0 0.160576 100 32 0.203045 100 46 0 0 0 -2.79729 100 26 0 0 0 0 0 0 0 0 0 0 0
93500 -162.67 0 0 0 0.425831 100 41 -3.59095 100 45 0 0 0 -2.3901 100 29 0 0 0 0 0 0 0 0 0 0 0
93600 -164.017 0 0 0 1.31127 100 30 0.833947 100 55 0 0 0 -2.91101 100 31 0 0 0 0 0 0 0 0 0 0 0
93700 -162.89 0 0 0 0.748084 100 28 -6.10409 100 55 0 0 0 -2.68754 100 32 0 0 0 0 0 0 0 0 0 0 0
93800 -165.835 0 0 0 -0.200075 100 29 0.645689 100 51 0 0 0 -2.539 100 21 0 0 0 0 0 0 0 0 0 0 0
93900 -163.865 0 0 0 -0.0642379 100 39 -2.1252 100 39 0 0 0 -2.23499 100 25 0 0 0 0 0 0 0 0 0 0 0
94000 -164.325 0 0 0 0.516863 100 34 -5.14114 100 53 0 0 0 -2.22106 100 28 0 0 0 0 0 0 0 0 0 0 0
94100 -162.399 0 0 0 0.817395 100 39 -2.6669 100 43 0 0 0 -2.75495 100 27 0 0 0 0 0 0 0 0 0 0 0
94200 -164.235 0 0 0 1.5776 100 38 0.929746 100 52 0 0 0 -3.28414 100 29 0 0 0 0 0 0 0 0 0 0 0
94300 -163.049 0 0 0 0.255991 100 37 -1.69587 100 42 0 0 0 -2.6656 100 28 0 0 0 0 0 0 0 0 0 0 0
94400 -164.447 0 0 0 1.64627 100 37 0.400642 100 48 0 0 0 -3.22516 100 32 0 0 0 0 0 0 0 0 0 0 0
94500 -162.985 0 0 0 0.843524 100 33 -5.84859 100 49 0 0 0 -2.69383 100 25 0 0 0 0 0 0 0 0 0 0 0
94600 -163.156 0 0 0 0.00471323 100 34 -5.43211 100 50 0 0 0 -2.20652 100 25 0 0 0 0 0 0 0 0 0 0 0
94700 -166.006 0 0 0 1.73353 100 33 -4.63613 100 46 0 0 0 -3.1845 100 25 0 0 0 0 0 0 0 0 0 0 0
94800 -163.08 0 0 0 1.00191 100 37 -4.2364 100 45 0 0 0 -2.71886 100 25 0 0 0 0 0 0 0 0 0 0 0
94900 -162.41 0 0 0 0.660087 100 34 -1.36198 100 51 0 0 0 -2.71515 100 29 0 0 0 0 0 0 0 0 0 0 0
95000 -162.701 0 0 0 0.754148 100 39 -2.3714 100 44 0 0 0 -2.88421 100 26 0 0 0 0 0 0 0 0 0 0 0
95100 -171.152 0 0 0 2.86306 100 25 3.80908 100 41 0 0 0 -3.93791 100 28 0 0 0 0 0 0 0 0 0 0 0
95200 -166.133 0 0 0 0.62064 100 31 -5.87275 100 44 0 0 0 -3.12043 100 31 0 0 0 0 0 0 0 0 0 0 0
95300 -163.999 0 0 0 1.01521 100 35 2.39376 100 57 0 0 0 -2.90113 100 27 0 0 0 0 0 0 0 0 0 0 0
95400 -163.419 0 0 0 1.2224 100 34 0.750341 100 52 0 0 0 -3.13029 100 26 0 0 0 0 0 0 0 0 0 0 0
95500 -163.872 0 0 0 -0.185042 100 32 -7.44675 100 54 0 0 0 -2.34596 100 28 0 0 0 0 0 0 0 0 0 0 0
95600 -164.84 0 0 0 0.330704 100 38 -11.057 100 43 0 0 0 -2.60488 100 34 0 0 0 0 0 0 0 0 0 0 0
95700 -164.938 0 0 0 0.317409 100 45 2.13035 100 50 0 0 0 -2.66499 100 22 0 0 0 0 0 0 0 0 0 0 0
95800 -162.731 0 0 0 0.324833 100 29 -1.86878 100 46 0 0 0 -2.64458 100 29 0 0 0 0 0 0 0 0 0 0 0
95900 -166.229 0 0 0 -0.0352709 100 34 0.822146 100 52 0 0 0 -2.25895 100 29 0 0 0 0 0 0 0 0 0 0 0
96000 -162.452 0 0 0 0.340067 100 32 -2.87257 100 47 0 0 0 -2.46549 100 24 0 0 0 0 0 0 0 0 0 0 0
96100 -163.445 0 0 0 0.0900076 100 31 -1.75147 100 51 0 0 0 -2.31677 100 34 0 0 0 0 0 0 0 0 0 0 0
96200 -162.411 0 0 0 0.663954 100 44 -3.20014 100 49 0 0 0 -2.75457 100 40 0 0 0 0 0 0 0 0 0 0 0
96300 -163.849 0 0 0 -0.162706 100 30 -6.60912 100 50 0 0 0 -2.41097 100 36 0 0 0 0 0 0 0 0 0 0 0
96400 -162.39 0 0 0 0.449875 100 41 -3.26232 100 46 0 0 0 -2.64717 100 25 0 0 0 0 0 0 0 0 0 0 0
96500 -163.08 0 0 0 0.962748 100 31 -1.22182 100 49 0 0 0 -3.0385 100 21 0 0 0 0 0 0 0 0 0 0 0
96600 -164.399 0 0 0 0.682828 100 34 -9.82693 100 48 0 0 0 -2.72503 100 22 0 0 0 0 0 0 0 0 0 0 0
96700 -162.39 0 0 0 0.710982 100 30 -1.69329 100 49 0 0 0 -2.67918 100 28 0 0 0 0 0 0 0 0 0 0 0
96800 -163.443 0 0 0 0.328073 100 36 -1.5444 100 38 0 0 0 -2.33671 100 23 0 0 0 0 0 0 0 0 0 0 0
96900 -162.686 0 0 0 0.31251 100 42 -3.77639 100 42 0 0 0 -2.63641 100 28 0 0 0 0 0 0 0 0 0 0 0
97000 -163.618 0 0 0 0.309991 100 37 -7.27502 100 52 0 0 0 -2.21614 100 28 0 0 0 0 0 0 0 0 0 0 0
97100 -162.932 0 0 0 0.256335 100 34 -1.47101 100 51 0 0 0 -2.44537 100 29 0 0 0 0 0 0 0 0 0 0 0
97200 -165.621 0 0 0 1.3744 100 35 4.36993 100 42 0 0 0 -3.40281 100 31 0 0 0 0 0 0 0 0 0 0 0
97300 -164.263 0 0 0 0.224677 100 31 -8.46801 100 50 0 0 0 -2.64531 100 29 0 0 0 0 0 0 0 0 0 0 0
97400 -164.146 0 0 0 0.00234586 100 26 -0.295359 100 49 0 0 0 -2.43794 100 29 0 0 0 0 0 0 0 0 0 0 0
97500 -163.404 0 0 0 0.942789 100 41 1.541 100 42 0 0 0 -2.98401 100 32 0 0 0 0 0 0 0 0 0 0 0
97600 -162.821 0 0 0 1.0074 100 27 -1.70452 100 48 0 0 0 -2.97486 100 30 0 0 0 0 0 0 0 0 0 0 0
97700 -165.039 0 0 0 0.591039 100 22 -10.3765 100 48 0 0 0 -2.78016 100 23 0 0 0 0 0 0 0 0 0 0 0
97800 -162.924 0 0 0 0.064109 100 32 -3.43138 100 42 0 0 0 -2.31776 100 32 0 0 0 0 0 0 0 0 0 0 0
97900 -163.733 0 0 0 0.231383 100 37 -0.293101 100 42 0 0 0 -2.41134 100 35 0 0 0 0 0 0 0 0 0 0 0
98000 -163.087 0 0 0 0.999327 100 35 0.713719 100 47 0 0 0 -2.98929 100 19 0 0 0 0 0 0 0 0 0 0 0
98100 -166.104 0 0 0 1.45434 100 41 1.9409 100 47 0 0 0 -3.59391 100 19 0 0 0 0 0 0 0 0 0 0 0
98200 -162.759 0 0 0 0.310046 100 40 -3.48345 100 52 0 0 0 -2.34346 100 30 0 0 0 0 0 0 0 0 0 0 0
98300 -164.245 0 0 0 0.86503 100 39 2.14823 100 37 0 0 0 -2.74736 100 27 0 0 0 0 0 0 0 0 0 0 0
98400 -162.465 0 0 0 0.282954 100 38 -4.88299 100 39 0 0 0 -2.47943 100 29 0 0 0 0 0 0 0 0 0 0 0
98500 -165.816 0 0 0 1.0023 100 38 -4.63428 100 43 0 0 0 -3.27835 100 25 0 0 0 0 0 0 0 0 0 0 0
98600 -163.405 0 0 0 0.403532 100 35 -4.78643 100 46 0 0 0 -2.25933 100 33 0 0 0 0 0 0 0 0 0 0 0
98700 -162.729 0 0 0 0.0892705 100 39 -5.04294 100 56 0 0 0 -2.37665 100 28 0 0 0 0 0 0 0 0 0 0 0
98800 -162.508 0 0 0 0.340968 100 33 -5.30873 100 39 0 0 0 -2.42013 100 22 0 0 0 0 0 0 0 0 0 0 0
98900 -163.805 0 0 0 -0.297212 100 35 -5.5721 100 37 0 0 0 -2.18958 100 25 0 0 0 0 0 0 0 0 0 0 0
99000 -164.526 0 0 0 -0.0539831 100 28 -4.44474 100 51 0 0 0 -2.6595 100 17 0 0 0 0 0 0 0 0 0 0 0
99100 -164.912 0 0 0 1.28529 100 36 -0.857439 100 45 0 0 0 -2.7212 100 33 0 0 0 0 0 0 0 0 0 0 0
99200 -163.205 0 0 0 0.670434 100 34 0.114969 100 51 0 0 0 -2.92115 100 20 0 0 0 0 0 0 0 0 0 0 0
99300 -164.199 0 0 0 0.495282 100 45 -2.61904 100 40 0 0 0 -2.97651 100 34 0 0 0 0 0 0 0 0 0 0 0
99400 -164.442 0 0 0 0.61101 100 35 -0.606977 100 40 0 0 0 -3.07747 100 27 0 0 0 0 0 0 0 0 0 0 0
99500 -167.666 0 0 0 1.98107 100 32 -0.147165 100 51 0 0 0 -3.82204 100 28 0 0 0 0 0 0 0 0 0 0 0
99600 -162.679 0 0 0 0.255047 100 31 -1.99381 100 45 0 0 0 -2.5094 100 39 0 0 0 0 0 0 0 0 0 0 0
99700 -163.025 0 0 0 0.509472 100 32 -6.78214 100 49 0 0 0 -2.65709 100 33 0 0 0 0 0 0 0 0 0 0 0
99800 -163.581 0 0 0 -0.0235958 100 23 -7.89846 100 48 0 0 0 -2.39343 100 31 0 0 0 0 0 0 0 0 0 0 0
99900 -163.217 0 0 0 0.0755286 100 34 -7.79488 100 52 0 0 0 -2.2927 100 24 0 0 0 0 0 0 0 0 0 0 0
100000 -163.264 0 0 0 0.861619 100 28 -2.38004 100 42 0 0 0 -2.55303 100 31 0 0 0 0 0 0 0 0 0 0 0
