iteration logLik intercept1 intercept1_p intercept1_a pcov2 pcov2_p pcov2_a pcov3 pcov3_p pcov3_a pcov4 pcov4_p pcov4_a intercept2 intercept2_p intercept2_a intercept3 intercept3_p intercept3_a intercept4 intercept4_p intercept4_a pcov pcov_p pcov_a data_p data_a
0 -267145 0 0 0 -2.51083 0 0 8.4862 0 0 0 0 0 5.6198 0 0 0 0 0 0 0 0 0 0 0 0 0
100 -201.097 0 0 0 1.21664 100 32 4.2607 100 29 0 0 0 -2.81828 100 31 0 0 0 0 0 0 0 0 0 0 0
200 -200.97 0 0 0 1.39468 100 26 4.63561 100 21 0 0 0 -2.92069 100 21 0 0 0 0 0 0 0 0 0 0 0
300 -202.617 0 0 0 1.03077 100 19 3.65883 100 34 0 0 0 -3.1152 100 21 0 0 0 0 0 0 0 0 0 0 0
400 -205.699 0 0 0 3.1176 100 38 6.74212 100 27 0 0 0 -3.92838 100 30 0 0 0 0 0 0 0 0 0 0 0
500 -201.24 0 0 0 1.93184 100 36 5.99102 100 23 0 0 0 -3.48286 100 23 0 0 0 0 0 0 0 0 0 0 0
600 -202.83 0 0 0 1.14643 100 29 5.52298 100 19 0 0 0 -2.82628 100 26 0 0 0 0 0 0 0 0 0 0 0
700 -204.923 0 0 0 2.7823 100 32 11.0647 100 21 0 0 0 -4.14258 100 28 0 0 0 0 0 0 0 0 0 0 0
800 -201.034 0 0 0 1.83614 100 25 4.71468 100 25 0 0 0 -3.17282 100 23 0 0 0 0 0 0 0 0 0 0 0
900 -202.057 0 0 0 1.20965 100 30 1.41746 100 18 0 0 0 -2.59124 100 24 0 0 0 0 0 0 0 0 0 0 0
1000 -203.425 0 0 0 1.83304 100 30 4.97744 100 12 0 0 0 -2.89691 100 20 0 0 0 0 0 0 0 0 0 0 0
1100 -204.82 0 0 0 0.327758 100 31 1.00421 100 26 0 0 0 -2.70352 100 28 0 0 0 0 0 0 0 0 0 0 0
1200 -202.531 0 0 0 1.67547 100 32 7.11885 100 22 0 0 0 -3.20766 100 20 0 0 0 0 0 0 0 0 0 0 0
1300 -205.962 0 0 0 0.96588 100 28 6.74433 100 26 0 0 0 -2.8865 100 23 0 0 0 0 0 0 0 0 0 0 0
1400 -201.943 0 0 0 1.87628 100 35 5.71977 100 22 0 0 0 -3.55355 100 26 0 0 0 0 0 0 0 0 0 0 0
1500 -202.04 0 0 0 0.811323 100 44 1.92409 100 24 0 0 0 -2.77475 100 25 0 0 0 0 0 0 0 0 0 0 0
1600 -201.214 0 0 0 0.841329 100 31 2.76542 100 19 0 0 0 -2.68814 100 30 0 0 0 0 0 0 0 0 0 0 0
1700 -201.799 0 0 0 1.27477 100 24 5.98066 100 21 0 0 0 -3.10646 100 26 0 0 0 0 0 0 0 0 0 0 0
1800 -201.269 0 0 0 1.67114 100 36 6.50562 100 17 0 0 0 -3.33946 100 24 0 0 0 0 0 0 0 0 0 0 0
1900 -201.629 0 0 0 1.69142 100 30 3.13554 100 24 0 0 0 -3.0657 100 29 0 0 0 0 0 0 0 0 0 0 0
2000 -203.141 0 0 0 1.09917 100 34 0.0523147 100 32 0 0 0 -2.50711 100 20 0 0 0 0 0 0 0 0 0 0 0
2100 -202.609 0 0 0 1.98674 100 32 3.52432 100 23 0 0 0 -3.29504 100 20 0 0 0 0 0 0 0 0 0 0 0
2200 -202.288 0 0 0 1.79575 100 32 2.942 100 22 0 0 0 -3.1378 100 21 0 0 0 0 0 0 0 0 0 0 0
2300 -203.369 0 0 0 0.570857 100 31 0.8276 100 21 0 0 0 -2.16278 100 23 0 0 0 0 0 0 0 0 0 0 0
2400 -201.606 0 0 0 0.845371 100 32 3.17885 100 27 0 0 0 -2.57903 100 26 0 0 0 0 0 0 0 0 0 0 0
2500 -202.445 0 0 0 1.34074 100 31 6.30361 100 24 0 0 0 -3.36583 100 27 0 0 0 0 0 0 0 0 0 0 0
2600 -202.568 0 0 0 0.55081 100 29 1.06334 100 22 0 0 0 -2.597 100 21 0 0 0 0 0 0 0 0 0 0 0
2700 -201.443 0 0 0 1.00734 100 28 2.19088 100 23 0 0 0 -2.54981 100 21 0 0 0 0 0 0 0 0 0 0 0
2800 -203.983 0 0 0 3.11522 100 30 9.18957 100 23 0 0 0 -4.26243 100 24 0 0 0 0 0 0 0 0 0 0 0
2900 -205.351 0 0 0 -0.10642 100 33 -1.51419 100 26 0 0 0 -2.15025 100 32 0 0 0 0 0 0 0 0 0 0 0
3000 -200.927 0 0 0 1.22254 100 32 3.24928 100 21 0 0 0 -2.75946 100 23 0 0 0 0 0 0 0 0 0 0 0
3100 -201.322 0 0 0 1.34992 100 31 4.43294 100 20 0 0 0 -3.17752 100 28 0 0 0 0 0 0 0 0 0 0 0
3200 -201.365 0 0 0 1.7182 100 35 3.57068 100 23 0 0 0 -3.03236 100 21 0 0 0 0 0 0 0 0 0 0 0
3300 -203.123 0 0 0 1.18859 100 40 1.86948 100 25 0 0 0 -2.44006 100 33 0 0 0 0 0 0 0 0 0 0 0
3400 -200.82 0 0 0 1.72377 100 37 5.49594 100 28 0 0 0 -3.27965 100 20 0 0 0 0 0 0 0 0 0 0 0
3500 -201.572 0 0 0 1.11099 100 33 1.88454 100 20 0 0 0 -2.80366 100 25 0 0 0 0 0 0 0 0 0 0 0
3600 -201.632 0 0 0 1.78691 100 37 6.01901 100 14 0 0 0 -3.5067 100 27 0 0 0 0 0 0 0 0 0 0 0
3700 -200.699 0 0 0 1.44522 100 32 4.43643 100 26 0 0 0 -2.99045 100 26 0 0 0 0 0 0 0 0 0 0 0
3800 -205.615 0 0 0 2.22151 100 30 7.68418 100 28 0 0 0 -3.22872 100 20 0 0 0 0 0 0 0 0 0 0 0
3900 -201.192 0 0 0 1.44348 100 33 5.26623 100 19 0 0 0 -3.24378 100 24 0 0 0 0 0 0 0 0 0 0 0
4000 -201.976 0 0 0 0.937456 100 35 1.49197 100 29 0 0 0 -2.75604 100 16 0 0 0 0 0 0 0 0 0 0 0
4100 -204.388 0 0 0 0.734676 100 30 -1.50554 100 22 0 0 0 -2.37258 100 19 0 0 0 0 0 0 0 0 0 0 0
4200 -202.676 0 0 0 1.11145 100 30 4.43539 100 25 0 0 0 -3.21484 100 20 0 0 0 0 0 0 0 0 0 0 0
4300 -201.131 0 0 0 1.46101 100 39 5.75014 100 25 0 0 0 -3.12881 100 24 0 0 0 0 0 0 0 0 0 0 0
4400 -201.973 0 0 0 0.823199 100 24 3.62987 100 29 0 0 0 -2.90866 100 25 0 0 0 0 0 0 0 0 0 0 0
4500 -202.592 0 0 0 2.39339 100 39 7.79951 100 17 0 0 0 -3.53277 100 20 0 0 0 0 0 0 0 0 0 0 0
4600 -201.997 0 0 0 2.31509 100 33 6.56705 100 23 0 0 0 -3.71529 100 37 0 0 0 0 0 0 0 0 0 0 0
4700 -200.78 0 0 0 1.63072 100 31 4.43794 100 25 0 0 0 -3.13816 100 34 0 0 0 0 0 0 0 0 0 0 0
4800 -206.31 0 0 0 0.756539 100 33 4.39712 100 22 0 0 0 -3.29926 100 28 0 0 0 0 0 0 0 0 0 0 0
4900 -201.117 0 0 0 1.07097 100 38 2.20939 100 23 0 0 0 -2.70335 100 31 0 0 0 0 0 0 0 0 0 0 0
5000 -201.298 0 0 0 1.26806 100 31 4.04414 100 28 0 0 0 -3.10592 100 32 0 0 0 0 0 0 0 0 0 0 0
5100 -200.796 0 0 0 1.32332 100 28 4.50916 100 23 0 0 0 -3.04512 100 24 0 0 0 0 0 0 0 0 0 0 0
5200 -200.909 0 0 0 1.80931 100 29 4.86323 100 17 0 0 0 -3.22542 100 22 0 0 0 0 0 0 0 0 0 0 0
5300 -200.765 0 0 0 1.50639 100 26 5.03789 100 25 0 0 0 -3.06759 100 27 0 0 0 0 0 0 0 0 0 0 0
5400 -201.891 0 0 0 2.25219 100 23 6.56931 100 28 0 0 0 -3.40417 100 21 0 0 0 0 0 0 0 0 0 0 0
5500 -201.127 0 0 0 1.84008 100 37 5.74996 100 20 0 0 0 -3.42044 100 20 0 0 0 0 0 0 0 0 0 0 0
5600 -200.874 0 0 0 1.4425 100 33 3.65325 100 26 0 0 0 -3.03282 100 27 0 0 0 0 0 0 0 0 0 0 0
5700 -201.975 0 0 0 1.85934 100 33 5.29697 100 15 0 0 0 -3.51186 100 26 0 0 0 0 0 0 0 0 0 0 0
5800 -201.302 0 0 0 0.989263 100 27 1.87248 100 26 0 0 0 -2.59816 100 25 0 0 0 0 0 0 0 0 0 0 0
5900 -201.807 0 0 0 1.85746 100 32 3.61704 100 21 0 0 0 -3.08922 100 17 0 0 0 0 0 0 0 0 0 0 0
6000 -202.146 0 0 0 1.5087 100 45 4.81643 100 22 0 0 0 -2.83191 100 18 0 0 0 0 0 0 0 0 0 0 0
6100 -201.037 0 0 0 1.90545 100 37 6.40488 100 33 0 0 0 -3.39812 100 19 0 0 0 0 0 0 0 0 0 0 0
6200 -206.174 0 0 0 -0.0338877 100 28 -2.28576 100 28 0 0 0 -2.18197 100 27 0 0 0 0 0 0 0 0 0 0 0
6300 -202.042 0 0 0 1.5263 100 45 3.32525 100 16 0 0 0 -3.20128 100 27 0 0 0 0 0 0 0 0 0 0 0
6400 -202.437 0 0 0 2.0699 100 34 8.30988 100 20 0 0 0 -3.75445 100 17 0 0 0 0 0 0 0 0 0 0 0
6500 -201.74 0 0 0 0.60427 100 33 1.71052 100 26 0 0 0 -2.50767 100 24 0 0 0 0 0 0 0 0 0 0 0
6600 -201.188 0 0 0 1.82862 100 36 5.8658 100 23 0 0 0 -3.43819 100 24 0 0 0 0 0 0 0 0 0 0 0
6700 -201.815 0 0 0 1.52297 100 36 2.77709 100 26 0 0 0 -2.785 100 16 0 0 0 0 0 0 0 0 0 0 0
6800 -201.773 0 0 0 0.64663 100 34 1.31361 100 25 0 0 0 -2.51233 100 27 0 0 0 0 0 0 0 0 0 0 0
6900 -203.62 0 0 0 1.78348 100 35 6.39939 100 22 0 0 0 -3.7278 100 20 0 0 0 0 0 0 0 0 0 0 0
7000 -203.991 0 0 0 0.939774 100 39 4.15791 100 21 0 0 0 -3.22027 100 24 0 0 0 0 0 0 0 0 0 0 0
7100 -203.062 0 0 0 0.249891 100 40 1.03029 100 19 0 0 0 -2.22701 100 28 0 0 0 0 0 0 0 0 0 0 0
7200 -201.31 0 0 0 1.13358 100 37 1.98292 100 21 0 0 0 -2.74664 100 25 0 0 0 0 0 0 0 0 0 0 0
7300 -204.168 0 0 0 0.760238 100 33 -1.36004 100 27 0 0 0 -2.31023 100 21 0 0 0 0 0 0 0 0 0 0 0
7400 -200.75 0 0 0 1.38812 100 27 3.7907 100 18 0 0 0 -2.99957 100 23 0 0 0 0 0 0 0 0 0 0 0
7500 -202.35 0 0 0 0.824297 100 32 1.65549 100 19 0 0 0 -2.35536 100 28 0 0 0 0 0 0 0 0 0 0 0
7600 -200.914 0 0 0 1.5688 100 30 5.60968 100 22 0 0 0 -3.23835 100 23 0 0 0 0 0 0 0 0 0 0 0
7700 -202.433 0 0 0 1.69457 100 32 4.05664 100 17 0 0 0 -2.83978 100 17 0 0 0 0 0 0 0 0 0 0 0
7800 -201.331 0 0 0 1.53806 100 38 5.34647 100 17 0 0 0 -3.32146 100 21 0 0 0 0 0 0 0 0 0 0 0
7900 -201.212 0 0 0 0.985531 100 40 2.1658 100 25 0 0 0 -2.72525 100 18 0 0 0 0 0 0 0 0 0 0 0
8000 -202.55 0 0 0 0.888563 100 33 1.57188 100 23 0 0 0 -2.82727 100 27 0 0 0 0 0 0 0 0 0 0 0
8100 -201.467 0 0 0 0.788438 100 35 1.61378 100 22 0 0 0 -2.55936 100 15 0 0 0 0 0 0 0 0 0 0 0
8200 -203.748 0 0 0 0.904614 100 27 -0.108838 100 30 0 0 0 -2.68808 100 26 0 0 0 0 0 0 0 0 0 0 0
8300 -201.232 0 0 0 1.87287 100 49 4.46111 100 18 0 0 0 -3.2391 100 23 0 0 0 0 0 0 0 0 0 0 0
8400 -201.184 0 0 0 1.29853 100 33 3.02159 100 22 0 0 0 -2.73128 100 18 0 0 0 0 0 0 0 0 0 0 0
8500 -203.206 0 0 0 0.722703 100 34 2.5946 100 30 0 0 0 -2.33193 100 27 0 0 0 0 0 0 0 0 0 0 0
8600 -202.344 0 0 0 1.67851 100 30 5.16751 100 19 0 0 0 -3.48504 100 28 0 0 0 0 0 0 0 0 0 0 0
8700 -201.939 0 0 0 1.16666 100 25 5.27751 100 30 0 0 0 -3.18224 100 23 0 0 0 0 0 0 0 0 0 0 0
8800 -202.869 0 0 0 1.35958 100 30 1.05917 100 27 0 0 0 -2.84495 100 27 0 0 0 0 0 0 0 0 0 0 0
8900 -203.419 0 0 0 1.53696 100 33 6.00313 100 25 0 0 0 -3.58031 100 27 0 0 0 0 0 0 0 0 0 0 0
9000 -201.32 0 0 0 2.11712 100 35 5.81962 100 23 0 0 0 -3.4631 100 25 0 0 0 0 0 0 0 0 0 0 0
9100 -201.377 0 0 0 1.37514 100 29 5.26772 100 27 0 0 0 -3.23669 100 23 0 0 0 0 0 0 0 0 0 0 0
9200 -202.461 0 0 0 0.767508 100 35 3.90869 100 23 0 0 0 -2.58853 100 16 0 0 0 0 0 0 0 0 0 0 0
9300 -201.205 0 0 0 2.03629 100 33 5.45041 100 22 0 0 0 -3.3446 100 23 0 0 0 0 0 0 0 0 0 0 0
9400 -201.724 0 0 0 2.25378 100 35 6.45422 100 23 0 0 0 -3.64954 100 23 0 0 0 0 0 0 0 0 0 0 0
9500 -202.538 0 0 0 0.437853 100 31 0.934337 100 18 0 0 0 -2.2631 100 18 0 0 0 0 0 0 0 0 0 0 0
9600 -203.954 0 0 0 2.61505 100 27 5.45936 100 18 0 0 0 -3.74722 100 18 0 0 0 0 0 0 0 0 0 0 0
9700 -203.571 0 0 0 0.587113 100 32 1.36308 100 16 0 0 0 -2.76917 100 20 0 0 0 0 0 0 0 0 0 0 0
9800 -202.177 0 0 0 1.72252 100 33 3.72034 100 21 0 0 0 -3.30647 100 25 0 0 0 0 0 0 0 0 0 0 0
9900 -200.707 0 0 0 1.59033 100 29 5.01627 100 23 0 0 0 -3.12153 100 23 0 0 0 0 0 0 0 0 0 0 0
10000 -201.097 0 0 0 1.18601 100 33 2.39413 100 29 0 0 0 -2.78266 100 19 0 0 0 0 0 0 0 0 0 0 0
10100 -201.092 0 0 0 0.944786 100 35 2.41572 100 30 0 0 0 -2.65574 100 32 0 0 0 0 0 0 0 0 0 0 0
10200 -201.182 0 0 0 1.87203 100 36 5.42254 100 21 0 0 0 -3.16953 100 17 0 0 0 0 0 0 0 0 0 0 0
10300 -204.042 0 0 0 1.0903 100 30 6.35224 100 23 0 0 0 -2.91618 100 18 0 0 0 0 0 0 0 0 0 0 0
10400 -200.949 0 0 0 1.11186 100 25 3.16259 100 23 0 0 0 -2.86976 100 25 0 0 0 0 0 0 0 0 0 0 0
10500 -201.683 0 0 0 0.903763 100 42 2.54609 100 29 0 0 0 -2.50309 100 22 0 0 0 0 0 0 0 0 0 0 0
10600 -201.179 0 0 0 1.12427 100 28 2.89102 100 20 0 0 0 -2.65548 100 29 0 0 0 0 0 0 0 0 0 0 0
10700 -203.599 0 0 0 2.27699 100 35 6.32531 100 22 0 0 0 -3.8729 100 24 0 0 0 0 0 0 0 0 0 0 0
10800 -201.081 0 0 0 1.47448 100 29 5.09189 100 18 0 0 0 -2.9819 100 26 0 0 0 0 0 0 0 0 0 0 0
10900 -200.788 0 0 0 1.19539 100 36 3.66877 100 22 0 0 0 -2.83108 100 15 0 0 0 0 0 0 0 0 0 0 0
11000 -201.643 0 0 0 2.21218 100 36 5.70551 100 19 0 0 0 -3.50239 100 25 0 0 0 0 0 0 0 0 0 0 0
11100 -200.904 0 0 0 1.17991 100 37 3.84516 100 22 0 0 0 -2.80497 100 26 0 0 0 0 0 0 0 0 0 0 0
11200 -201.072 0 0 0 1.17249 100 36 2.72198 100 27 0 0 0 -2.69631 100 24 0 0 0 0 0 0 0 0 0 0 0
11300 -201.245 0 0 0 1.23307 100 34 3.6567 100 21 0 0 0 -2.72691 100 22 0 0 0 0 0 0 0 0 0 0 0
11400 -200.884 0 0 0 1.06376 100 35 3.12315 100 29 0 0 0 -2.76492 100 17 0 0 0 0 0 0 0 0 0 0 0
11500 -201.582 0 0 0 1.79864 100 26 6.47938 100 21 0 0 0 -3.52115 100 25 0 0 0 0 0 0 0 0 0 0 0
11600 -200.845 0 0 0 1.60942 100 36 4.22149 100 12 0 0 0 -3.13125 100 16 0 0 0 0 0 0 0 0 0 0 0
11700 -201.789 0 0 0 0.750953 100 31 3.45863 100 19 0 0 0 -2.62101 100 20 0 0 0 0 0 0 0 0 0 0 0
11800 -202.683 0 0 0 0.66458 100 39 0.146736 100 26 0 0 0 -2.51276 100 29 0 0 0 0 0 0 0 0 0 0 0
11900 -203.131 0 0 0 1.14537 100 34 0.847535 100 16 0 0 0 -2.428 100 24 0 0 0 0 0 0 0 0 0 0 0
12000 -201.27 0 0 0 1.04742 100 25 1.94294 100 24 0 0 0 -2.70625 100 24 0 0 0 0 0 0 0 0 0 0 0
12100 -204.3 0 0 0 1.15843 100 34 4.70645 100 23 0 0 0 -2.58678 100 29 0 0 0 0 0 0 0 0 0 0 0
12200 -201.852 0 0 0 1.44081 100 35 2.75179 100 25 0 0 0 -3.0704 100 22 0 0 0 0 0 0 0 0 0 0 0
12300 -203.833 0 0 0 1.61218 100 38 4.96734 100 20 0 0 0 -2.77186 100 22 0 0 0 0 0 0 0 0 0 0 0
12400 -203.862 0 0 0 0.939227 100 29 1.00426 100 26 0 0 0 -2.89508 100 21 0 0 0 0 0 0 0 0 0 0 0
12500 -201.039 0 0 0 1.85928 100 41 5.04552 100 24 0 0 0 -3.31751 100 20 0 0 0 0 0 0 0 0 0 0 0
12600 -201.961 0 0 0 2.08581 100 25 6.6687 100 21 0 0 0 -3.68941 100 17 0 0 0 0 0 0 0 0 0 0 0
12700 -200.68 0 0 0 1.49087 100 29 4.51007 100 26 0 0 0 -3.08286 100 25 0 0 0 0 0 0 0 0 0 0 0
12800 -203.056 0 0 0 1.2542 100 30 5.8711 100 21 0 0 0 -3.38839 100 25 0 0 0 0 0 0 0 0 0 0 0
12900 -202.399 0 0 0 1.85812 100 28 3.09372 100 27 0 0 0 -3.17906 100 27 0 0 0 0 0 0 0 0 0 0 0
13000 -202.087 0 0 0 1.19355 100 23 5.97403 100 27 0 0 0 -3.08057 100 23 0 0 0 0 0 0 0 0 0 0 0
13100 -201.033 0 0 0 1.30771 100 30 4.3375 100 23 0 0 0 -3.09944 100 13 0 0 0 0 0 0 0 0 0 0 0
13200 -202.586 0 0 0 1.48063 100 37 4.03624 100 23 0 0 0 -2.71698 100 24 0 0 0 0 0 0 0 0 0 0 0
13300 -201.491 0 0 0 1.03178 100 39 2.81129 100 22 0 0 0 -2.90579 100 21 0 0 0 0 0 0 0 0 0 0 0
13400 -201.267 0 0 0 2.14384 100 33 6.26657 100 22 0 0 0 -3.47234 100 26 0 0 0 0 0 0 0 0 0 0 0
13500 -203.221 0 0 0 1.6317 100 39 8.02847 100 22 0 0 0 -3.43619 100 19 0 0 0 0 0 0 0 0 0 0 0
13600 -202.984 0 0 0 2.7973 100 38 9.15397 100 35 0 0 0 -4.08573 100 26 0 0 0 0 0 0 0 0 0 0 0
13700 -204.066 0 0 0 1.27676 100 27 6.19024 100 30 0 0 0 -2.85904 100 30 0 0 0 0 0 0 0 0 0 0 0
13800 -206.385 0 0 0 2.66964 100 32 7.26808 100 32 0 0 0 -3.38728 100 28 0 0 0 0 0 0 0 0 0 0 0
13900 -200.882 0 0 0 1.19417 100 29 3.56725 100 26 0 0 0 -2.78305 100 32 0 0 0 0 0 0 0 0 0 0 0
14000 -204.826 0 0 0 2.64539 100 37 4.76026 100 20 0 0 0 -3.59614 100 21 0 0 0 0 0 0 0 0 0 0 0
14100 -201.823 0 0 0 0.81222 100 39 4.1201 100 18 0 0 0 -2.82557 100 23 0 0 0 0 0 0 0 0 0 0 0
14200 -201.492 0 0 0 0.84111 100 38 2.85072 100 17 0 0 0 -2.55933 100 24 0 0 0 0 0 0 0 0 0 0 0
14300 -201.836 0 0 0 1.171 100 32 5.66238 100 28 0 0 0 -3.03871 100 22 0 0 0 0 0 0 0 0 0 0 0
14400 -201.412 0 0 0 1.15554 100 36 5.12828 100 26 0 0 0 -2.97573 100 17 0 0 0 0 0 0 0 0 0 0 0
14500 -200.986 0 0 0 1.43574 100 38 5.49128 100 24 0 0 0 -3.141 100 25 0 0 0 0 0 0 0 0 0 0 0
14600 -201.389 0 0 0 0.835016 100 31 1.82814 100 19 0 0 0 -2.53585 100 23 0 0 0 0 0 0 0 0 0 0 0
14700 -200.739 0 0 0 1.22665 100 37 3.77167 100 25 0 0 0 -2.87864 100 19 0 0 0 0 0 0 0 0 0 0 0
14800 -201.167 0 0 0 2.06476 100 28 6.56469 100 24 0 0 0 -3.45775 100 16 0 0 0 0 0 0 0 0 0 0 0
14900 -204.369 0 0 0 0.832675 100 34 -1.2544 100 25 0 0 0 -2.46882 100 26 0 0 0 0 0 0 0 0 0 0 0
15000 -200.85 0 0 0 1.79697 100 26 5.77266 100 24 0 0 0 -3.27926 100 19 0 0 0 0 0 0 0 0 0 0 0
15100 -202.681 0 0 0 0.445729 100 40 2.88412 100 30 0 0 0 -2.48152 100 30 0 0 0 0 0 0 0 0 0 0 0
15200 -201.536 0 0 0 0.953176 100 27 1.56551 100 27 0 0 0 -2.67885 100 24 0 0 0 0 0 0 0 0 0 0 0
15300 -201.32 0 0 0 1.06671 100 38 4.16131 100 22 0 0 0 -2.99243 100 21 0 0 0 0 0 0 0 0 0 0 0
15400 -202.185 0 0 0 1.75412 100 40 5.01338 100 23 0 0 0 -3.47805 100 21 0 0 0 0 0 0 0 0 0 0 0
15500 -202.953 0 0 0 0.739465 100 33 4.09989 100 27 0 0 0 -2.57277 100 26 0 0 0 0 0 0 0 0 0 0 0
15600 -204.046 0 0 0 0.599887 100 35 -1.45209 100 22 0 0 0 -2.27681 100 24 0 0 0 0 0 0 0 0 0 0 0
15700 -201.441 0 0 0 0.78187 100 37 1.75242 100 23 0 0 0 -2.58647 100 29 0 0 0 0 0 0 0 0 0 0 0
15800 -201.774 0 0 0 1.55867 100 33 5.19957 100 24 0 0 0 -2.92658 100 23 0 0 0 0 0 0 0 0 0 0 0
15900 -205.115 0 0 0 3.27954 100 39 11.2249 100 19 0 0 0 -4.5577 100 19 0 0 0 0 0 0 0 0 0 0 0
16000 -201.082 0 0 0 1.03421 100 36 2.45093 100 25 0 0 0 -2.7589 100 21 0 0 0 0 0 0 0 0 0 0 0
16100 -201.507 0 0 0 1.89161 100 27 7.1936 100 26 0 0 0 -3.43454 100 28 0 0 0 0 0 0 0 0 0 0 0
16200 -202.07 0 0 0 1.19061 100 30 1.82287 100 26 0 0 0 -2.8963 100 27 0 0 0 0 0 0 0 0 0 0 0
16300 -201.589 0 0 0 1.22383 100 27 1.82718 100 19 0 0 0 -2.79501 100 22 0 0 0 0 0 0 0 0 0 0 0
16400 -204.228 0 0 0 2.02261 100 37 2.30229 100 23 0 0 0 -3.13226 100 23 0 0 0 0 0 0 0 0 0 0 0
16500 -201.906 0 0 0 1.48589 100 28 3.39402 100 23 0 0 0 -3.18639 100 30 0 0 0 0 0 0 0 0 0 0 0
16600 -200.949 0 0 0 1.84937 100 31 5.51269 100 21 0 0 0 -3.3511 100 20 0 0 0 0 0 0 0 0 0 0 0
16700 -205.036 0 0 0 0.859364 100 34 0.638775 100 20 0 0 0 -2.9123 100 23 0 0 0 0 0 0 0 0 0 0 0
16800 -200.949 0 0 0 1.6109 100 30 5.85441 100 20 0 0 0 -3.25177 100 26 0 0 0 0 0 0 0 0 0 0 0
16900 -201.897 0 0 0 1.80268 100 27 5.87387 100 15 0 0 0 -3.5372 100 21 0 0 0 0 0 0 0 0 0 0 0
17000 -201.684 0 0 0 2.04133 100 29 4.64552 100 19 0 0 0 -3.34836 100 27 0 0 0 0 0 0 0 0 0 0 0
17100 -203.91 0 0 0 2.68895 100 33 5.83294 100 24 0 0 0 -3.78725 100 29 0 0 0 0 0 0 0 0 0 0 0
17200 -201.817 0 0 0 1.9034 100 36 6.6733 100 26 0 0 0 -3.24195 100 16 0 0 0 0 0 0 0 0 0 0 0
17300 -201.976 0 0 0 1.09214 100 29 3.7848 100 23 0 0 0 -2.62233 100 31 0 0 0 0 0 0 0 0 0 0 0
17400 -206.883 0 0 0 2.77298 100 38 10.9803 100 27 0 0 0 -4.58268 100 21 0 0 0 0 0 0 0 0 0 0 0
17500 -201.586 0 0 0 2.26303 100 37 6.88542 100 22 0 0 0 -3.50624 100 24 0 0 0 0 0 0 0 0 0 0 0
17600 -201.534 0 0 0 0.965298 100 32 4.11743 100 22 0 0 0 -2.73307 100 23 0 0 0 0 0 0 0 0 0 0 0
17700 -201.76 0 0 0 0.72878 100 34 3.5331 100 28 0 0 0 -2.68445 100 26 0 0 0 0 0 0 0 0 0 0 0
17800 -201.723 0 0 0 1.93922 100 31 6.79135 100 20 0 0 0 -3.28653 100 18 0 0 0 0 0 0 0 0 0 0 0
17900 -201.628 0 0 0 1.55483 100 27 4.92568 100 19 0 0 0 -2.90899 100 23 0 0 0 0 0 0 0 0 0 0 0
18000 -201.75 0 0 0 0.886414 100 36 3.59589 100 27 0 0 0 -2.91969 100 20 0 0 0 0 0 0 0 0 0 0 0
18100 -201.942 0 0 0 0.632001 100 31 1.37833 100 20 0 0 0 -2.57526 100 27 0 0 0 0 0 0 0 0 0 0 0
18200 -204.206 0 0 0 1.17008 100 31 4.79966 100 26 0 0 0 -2.6069 100 26 0 0 0 0 0 0 0 0 0 0 0
18300 -201.608 0 0 0 1.56381 100 48 5.94185 100 32 0 0 0 -3.39617 100 19 0 0 0 0 0 0 0 0 0 0 0
18400 -201.277 0 0 0 1.95832 100 34 6.68994 100 15 0 0 0 -3.52341 100 28 0 0 0 0 0 0 0 0 0 0 0
18500 -201.668 0 0 0 1.7991 100 28 5.43109 100 28 0 0 0 -3.05876 100 23 0 0 0 0 0 0 0 0 0 0 0
18600 -201.359 0 0 0 1.38383 100 38 5.46423 100 25 0 0 0 -2.99447 100 36 0 0 0 0 0 0 0 0 0 0 0
18700 -201.16 0 0 0 1.45357 100 27 5.22639 100 19 0 0 0 -3.2425 100 21 0 0 0 0 0 0 0 0 0 0 0
18800 -201.488 0 0 0 1.49026 100 36 4.9047 100 25 0 0 0 -2.90095 100 22 0 0 0 0 0 0 0 0 0 0 0
18900 -203.041 0 0 0 1.94582 100 31 2.85629 100 15 0 0 0 -3.07786 100 22 0 0 0 0 0 0 0 0 0 0 0
19000 -200.947 0 0 0 1.70768 100 39 4.39923 100 22 0 0 0 -3.07062 100 28 0 0 0 0 0 0 0 0 0 0 0
19100 -201.949 0 0 0 2.3091 100 36 6.78049 100 19 0 0 0 -3.45585 100 16 0 0 0 0 0 0 0 0 0 0 0
19200 -202.937 0 0 0 1.82551 100 35 2.42313 100 39 0 0 0 -3.06775 100 19 0 0 0 0 0 0 0 0 0 0 0
19300 -201.585 0 0 0 1.80249 100 31 5.49421 100 28 0 0 0 -3.07603 100 25 0 0 0 0 0 0 0 0 0 0 0
19400 -200.836 0 0 0 1.28533 100 29 4.3596 100 13 0 0 0 -3.03229 100 19 0 0 0 0 0 0 0 0 0 0 0
19500 -201.038 0 0 0 1.50712 100 32 5.34878 100 28 0 0 0 -3.04064 100 23 0 0 0 0 0 0 0 0 0 0 0
19600 -200.941 0 0 0 1.25375 100 36 2.91319 100 23 0 0 0 -2.87495 100 20 0 0 0 0 0 0 0 0 0 0 0
19700 -203.66 0 0 0 0.557364 100 39 2.61769 100 26 0 0 0 -2.87333 100 25 0 0 0 0 0 0 0 0 0 0 0
19800 -203.541 0 0 0 0.13699 100 38 1.08906 100 19 0 0 0 -2.19951 100 27 0 0 0 0 0 0 0 0 0 0 0
19900 -202.496 0 0 0 2.02956 100 31 5.50814 100 24 0 0 0 -3.11234 100 24 0 0 0 0 0 0 0 0 0 0 0
20000 -201.847 0 0 0 1.94562 100 40 4.92897 100 30 0 0 0 -3.46422 100 21 0 0 0 0 0 0 0 0 0 0 0
20100 -202.084 0 0 0 2.12516 100 35 4.50645 100 29 0 0 0 -3.29977 100 31 0 0 0 0 0 0 0 0 0 0 0
20200 -201.74 0 0 0 1.86731 100 30 4.60027 100 23 0 0 0 -3.39502 100 29 0 0 0 0 0 0 0 0 0 0 0
20300 -204.584 0 0 0 1.95223 100 39 3.85314 100 20 0 0 0 -2.85295 100 23 0 0 0 0 0 0 0 0 0 0 0
20400 -202.345 0 0 0 2.07972 100 35 5.00337 100 18 0 0 0 -3.14551 100 24 0 0 0 0 0 0 0 0 0 0 0
20500 -200.968 0 0 0 1.69619 100 31 5.43447 100 15 0 0 0 -3.32125 100 22 0 0 0 0 0 0 0 0 0 0 0
20600 -201.1 0 0 0 1.67004 100 38 6.05395 100 22 0 0 0 -3.19624 100 27 0 0 0 0 0 0 0 0 0 0 0
20700 -203.214 0 0 0 1.77805 100 38 6.62425 100 20 0 0 0 -3.70494 100 21 0 0 0 0 0 0 0 0 0 0 0
20800 -201.152 0 0 0 1.2566 100 27 4.47962 100 25 0 0 0 -2.84394 100 19 0 0 0 0 0 0 0 0 0 0 0
20900 -201.925 0 0 0 0.642918 100 30 1.16642 100 25 0 0 0 -2.54022 100 28 0 0 0 0 0 0 0 0 0 0 0
21000 -201.527 0 0 0 1.12822 100 34 3.41613 100 17 0 0 0 -2.64038 100 21 0 0 0 0 0 0 0 0 0 0 0
21100 -201.212 0 0 0 0.89063 100 38 2.11719 100 24 0 0 0 -2.61209 100 20 0 0 0 0 0 0 0 0 0 0 0
21200 -202.333 0 0 0 1.09628 100 34 5.66459 100 20 0 0 0 -2.94534 100 20 0 0 0 0 0 0 0 0 0 0 0
21300 -201.371 0 0 0 2.02114 100 28 7.16952 100 22 0 0 0 -3.51765 100 18 0 0 0 0 0 0 0 0 0 0 0
21400 -207.517 0 0 0 3.25973 100 28 9.42998 100 19 0 0 0 -4.68212 100 20 0 0 0 0 0 0 0 0 0 0 0
21500 -201.389 0 0 0 1.6661 100 33 6.22783 100 20 0 0 0 -3.41541 100 29 0 0 0 0 0 0 0 0 0 0 0
21600 -201.377 0 0 0 1.09311 100 43 2.09969 100 22 0 0 0 -2.79957 100 25 0 0 0 0 0 0 0 0 0 0 0
21700 -201.223 0 0 0 1.8405 100 33 4.36637 100 23 0 0 0 -3.13575 100 17 0 0 0 0 0 0 0 0 0 0 0
21800 -201.677 0 0 0 0.917709 100 26 3.33975 100 16 0 0 0 -2.91695 100 24 0 0 0 0 0 0 0 0 0 0 0
21900 -201.458 0 0 0 1.28635 100 29 5.48898 100 22 0 0 0 -2.9991 100 20 0 0 0 0 0 0 0 0 0 0 0
22000 -203.27 0 0 0 0.338177 100 36 2.70394 100 25 0 0 0 -2.39348 100 28 0 0 0 0 0 0 0 0 0 0 0
22100 -202.857 0 0 0 0.796011 100 35 -0.09405 100 17 0 0 0 -2.32742 100 28 0 0 0 0 0 0 0 0 0 0 0
22200 -203.022 0 0 0 2.0175 100 34 5.47013 100 29 0 0 0 -3.67326 100 20 0 0 0 0 0 0 0 0 0 0 0
22300 -203.998 0 0 0 2.40468 100 39 9.58788 100 26 0 0 0 -3.73826 100 27 0 0 0 0 0 0 0 0 0 0 0
22400 -201.987 0 0 0 0.797929 100 36 2.22645 100 29 0 0 0 -2.42411 100 28 0 0 0 0 0 0 0 0 0 0 0
22500 -202.933 0 0 0 2.48425 100 35 6.51239 100 20 0 0 0 -3.84535 100 19 0 0 0 0 0 0 0 0 0 0 0
22600 -201.218 0 0 0 1.48541 100 42 3.07727 100 31 0 0 0 -2.85732 100 32 0 0 0 0 0 0 0 0 0 0 0
22700 -202.877 0 0 0 1.31652 100 34 3.06053 100 26 0 0 0 -2.56202 100 30 0 0 0 0 0 0 0 0 0 0 0
22800 -200.962 0 0 0 1.09468 100 29 4.05003 100 27 0 0 0 -2.85991 100 16 0 0 0 0 0 0 0 0 0 0 0
22900 -203.254 0 0 0 1.93081 100 36 8.78393 100 26 0 0 0 -3.67413 100 24 0 0 0 0 0 0 0 0 0 0 0
23000 -202.21 0 0 0 1.48595 100 40 5.46429 100 17 0 0 0 -3.41495 100 34 0 0 0 0 0 0 0 0 0 0 0
23100 -203.168 0 0 0 0.829152 100 29 1.92223 100 20 0 0 0 -2.90779 100 16 0 0 0 0 0 0 0 0 0 0 0
23200 -201.551 0 0 0 1.87269 100 33 5.47714 100 25 0 0 0 -3.11555 100 21 0 0 0 0 0 0 0 0 0 0 0
23300 -204.217 0 0 0 2.75895 100 37 5.95528 100 19 0 0 0 -3.6567 100 31 0 0 0 0 0 0 0 0 0 0 0
23400 -201.081 0 0 0 1.27648 100 22 4.11988 100 25 0 0 0 -2.81023 100 30 0 0 0 0 0 0 0 0 0 0 0
23500 -202.234 0 0 0 2.17436 100 30 6.4537 100 21 0 0 0 -3.72659 100 20 0 0 0 0 0 0 0 0 0 0 0
23600 -200.79 0 0 0 1.74824 100 28 5.50745 100 32 0 0 0 -3.24531 100 26 0 0 0 0 0 0 0 0 0 0 0
23700 -201.354 0 0 0 1.77179 100 34 4.45191 100 24 0 0 0 -3.02686 100 24 0 0 0 0 0 0 0 0 0 0 0
23800 -200.92 0 0 0 1.12742 100 27 2.74018 100 18 0 0 0 -2.76453 100 23 0 0 0 0 0 0 0 0 0 0 0
23900 -202.388 0 0 0 1.20009 100 28 5.83327 100 21 0 0 0 -3.26313 100 25 0 0 0 0 0 0 0 0 0 0 0
24000 -200.685 0 0 0 1.39223 100 44 4.41959 100 16 0 0 0 -2.99517 100 21 0 0 0 0 0 0 0 0 0 0 0
24100 -201.232 0 0 0 1.73383 100 30 4.94654 100 23 0 0 0 -3.34238 100 17 0 0 0 0 0 0 0 0 0 0 0
24200 -204.256 0 0 0 1.75111 100 34 1.59403 100 29 0 0 0 -2.79447 100 26 0 0 0 0 0 0 0 0 0 0 0
24300 -203.654 0 0 0 0.672654 100 29 1.95342 100 24 0 0 0 -2.23189 100 30 0 0 0 0 0 0 0 0 0 0 0
24400 -202.832 0 0 0 2.32927 100 29 4.90249 100 22 0 0 0 -3.54213 100 27 0 0 0 0 0 0 0 0 0 0 0
24500 -201.055 0 0 0 1.19262 100 34 2.60362 100 19 0 0 0 -2.83572 100 18 0 0 0 0 0 0 0 0 0 0 0
24600 -201.403 0 0 0 0.883898 100 34 2.85911 100 20 0 0 0 -2.80877 100 24 0 0 0 0 0 0 0 0 0 0 0
24700 -200.994 0 0 0 1.15189 100 33 3.76527 100 22 0 0 0 -2.96308 100 26 0 0 0 0 0 0 0 0 0 0 0
24800 -201.288 0 0 0 1.87974 100 29 6.89978 100 21 0 0 0 -3.42157 100 29 0 0 0 0 0 0 0 0 0 0 0
24900 -201.421 0 0 0 2.20581 100 25 6.51743 100 29 0 0 0 -3.47222 100 18 0 0 0 0 0 0 0 0 0 0 0
25000 -203.942 0 0 0 1.38043 100 38 1.17285 100 29 0 0 0 -2.50435 100 26 0 0 0 0 0 0 0 0 0 0 0
25100 -201.863 0 0 0 1.82968 100 33 7.07806 100 21 0 0 0 -3.58178 100 20 0 0 0 0 0 0 0 0 0 0 0
25200 -201.63 0 0 0 0.655533 100 32 1.90747 100 21 0 0 0 -2.56656 100 20 0 0 0 0 0 0 0 0 0 0 0
25300 -201.967 0 0 0 2.1494 100 38 5.60075 100 22 0 0 0 -3.58438 100 27 0 0 0 0 0 0 0 0 0 0 0
25400 -200.716 0 0 0 1.3287 100 34 4.16629 100 24 0 0 0 -2.92864 100 37 0 0 0 0 0 0 0 0 0 0 0
25500 -204.558 0 0 0 2.3329 100 31 10.3136 100 19 0 0 0 -4.01953 100 24 0 0 0 0 0 0 0 0 0 0 0
25600 -204.514 0 0 0 0.762523 100 39 2.71439 100 16 0 0 0 -2.2658 100 23 0 0 0 0 0 0 0 0 0 0 0
25700 -201.383 0 0 0 0.754141 100 28 2.56063 100 30 0 0 0 -2.60362 100 26 0 0 0 0 0 0 0 0 0 0 0
25800 -202.005 0 0 0 0.604907 100 37 1.28678 100 19 0 0 0 -2.55553 100 23 0 0 0 0 0 0 0 0 0 0 0
25900 -201.333 0 0 0 1.09693 100 43 2.42097 100 19 0 0 0 -2.60532 100 32 0 0 0 0 0 0 0 0 0 0 0
26000 -202.17 0 0 0 1.62681 100 21 5.42993 100 21 0 0 0 -2.93978 100 24 0 0 0 0 0 0 0 0 0 0 0
26100 -202.045 0 0 0 1.82382 100 24 7.37369 100 20 0 0 0 -3.34823 100 19 0 0 0 0 0 0 0 0 0 0 0
26200 -201.951 0 0 0 0.787332 100 39 1.7247 100 32 0 0 0 -2.39906 100 25 0 0 0 0 0 0 0 0 0 0 0
26300 -204.422 0 0 0 1.26386 100 38 -0.213952 100 30 0 0 0 -2.75873 100 19 0 0 0 0 0 0 0 0 0 0 0
26400 -201.194 0 0 0 1.90801 100 30 6.77038 100 23 0 0 0 -3.4391 100 18 0 0 0 0 0 0 0 0 0 0 0
26500 -201.871 0 0 0 1.17516 100 34 5.4869 100 21 0 0 0 -2.94505 100 29 0 0 0 0 0 0 0 0 0 0 0
26600 -202.587 0 0 0 2.33872 100 31 8.6681 100 27 0 0 0 -3.91263 100 28 0 0 0 0 0 0 0 0 0 0 0
26700 -203.578 0 0 0 0.439923 100 33 0.293376 100 27 0 0 0 -2.56288 100 24 0 0 0 0 0 0 0 0 0 0 0
26800 -202.633 0 0 0 1.76984 100 38 6.95781 100 21 0 0 0 -3.17139 100 23 0 0 0 0 0 0 0 0 0 0 0
26900 -202.046 0 0 0 1.05228 100 39 5.12978 100 20 0 0 0 -2.85402 100 31 0 0 0 0 0 0 0 0 0 0 0
27000 -201.326 0 0 0 1.07488 100 29 2.40132 100 22 0 0 0 -2.83857 100 20 0 0 0 0 0 0 0 0 0 0 0
27100 -201.018 0 0 0 1.15063 100 34 3.33398 100 18 0 0 0 -2.72104 100 22 0 0 0 0 0 0 0 0 0 0 0
27200 -201.522 0 0 0 1.40426 100 35 3.46063 100 25 0 0 0 -3.12559 100 20 0 0 0 0 0 0 0 0 0 0 0
27300 -203.279 0 0 0 0.236341 100 27 1.3059 100 21 0 0 0 -2.21862 100 26 0 0 0 0 0 0 0 0 0 0 0
27400 -204.919 0 0 0 -0.152842 100 33 0.263175 100 15 0 0 0 -2.26966 100 24 0 0 0 0 0 0 0 0 0 0 0
27500 -204.017 0 0 0 0.119069 100 33 2.44919 100 20 0 0 0 -2.49043 100 19 0 0 0 0 0 0 0 0 0 0 0
27600 -202.879 0 0 0 1.78076 100 31 4.28477 100 32 0 0 0 -3.46861 100 15 0 0 0 0 0 0 0 0 0 0 0
27700 -201.574 0 0 0 1.16873 100 35 3.56666 100 18 0 0 0 -3.0582 100 28 0 0 0 0 0 0 0 0 0 0 0
27800 -205.102 0 0 0 1.13725 100 29 4.46378 100 24 0 0 0 -3.41687 100 22 0 0 0 0 0 0 0 0 0 0 0
27900 -200.874 0 0 0 1.66241 100 27 4.21353 100 26 0 0 0 -3.07375 100 23 0 0 0 0 0 0 0 0 0 0 0
28000 -203.277 0 0 0 0.45062 100 34 -0.786988 100 15 0 0 0 -2.24916 100 26 0 0 0 0 0 0 0 0 0 0 0
28100 -203.54 0 0 0 0.609726 100 29 1.61635 100 16 0 0 0 -2.2029 100 23 0 0 0 0 0 0 0 0 0 0 0
28200 -200.902 0 0 0 1.85897 100 34 5.29259 100 16 0 0 0 -3.25016 100 24 0 0 0 0 0 0 0 0 0 0 0
28300 -200.93 0 0 0 1.07339 100 33 3.80729 100 17 0 0 0 -2.84099 100 29 0 0 0 0 0 0 0 0 0 0 0
28400 -203.133 0 0 0 0.765796 100 36 1.0112 100 24 0 0 0 -2.76471 100 25 0 0 0 0 0 0 0 0 0 0 0
28500 -201.865 0 0 0 1.13933 100 35 2.86346 100 30 0 0 0 -2.56488 100 26 0 0 0 0 0 0 0 0 0 0 0
28600 -201.554 0 0 0 0.965726 100 36 2.6252 100 24 0 0 0 -2.86245 100 22 0 0 0 0 0 0 0 0 0 0 0
28700 -200.795 0 0 0 1.76244 100 25 5.29986 100 30 0 0 0 -3.25235 100 25 0 0 0 0 0 0 0 0 0 0 0
28800 -201.034 0 0 0 1.07226 100 29 4.11067 100 26 0 0 0 -2.85267 100 22 0 0 0 0 0 0 0 0 0 0 0
28900 -201.103 0 0 0 1.70911 100 35 5.64154 100 18 0 0 0 -3.36783 100 19 0 0 0 0 0 0 0 0 0 0 0
29000 -204.296 0 0 0 3.01621 100 27 7.33464 100 28 0 0 0 -3.94606 100 27 0 0 0 0 0 0 0 0 0 0 0
29100 -201.767 0 0 0 1.77064 100 39 5.87494 100 17 0 0 0 -3.50973 100 14 0 0 0 0 0 0 0 0 0 0 0
29200 -201.203 0 0 0 1.63959 100 21 4.638 100 20 0 0 0 -3.2819 100 24 0 0 0 0 0 0 0 0 0 0 0
29300 -201.709 0 0 0 1.9287 100 33 5.3583 100 26 0 0 0 -3.12109 100 26 0 0 0 0 0 0 0 0 0 0 0
29400 -202.369 0 0 0 1.9838 100 37 3.60819 100 21 0 0 0 -3.13675 100 19 0 0 0 0 0 0 0 0 0 0 0
29500 -201.29 0 0 0 1.11446 100 37 1.94017 100 24 0 0 0 -2.709 100 27 0 0 0 0 0 0 0 0 0 0 0
29600 -201.082 0 0 0 1.48738 100 26 5.75105 100 20 0 0 0 -3.13929 100 26 0 0 0 0 0 0 0 0 0 0 0
29700 -201.954 0 0 0 1.1092 100 37 5.12325 100 24 0 0 0 -3.14106 100 26 0 0 0 0 0 0 0 0 0 0 0
29800 -200.903 0 0 0 1.22454 100 33 3.16941 100 32 0 0 0 -2.76654 100 18 0 0 0 0 0 0 0 0 0 0 0
29900 -202.715 0 0 0 1.29952 100 29 0.861671 100 28 0 0 0 -2.65988 100 24 0 0 0 0 0 0 0 0 0 0 0
30000 -202.7 0 0 0 0.589587 100 32 1.48233 100 16 0 0 0 -2.68993 100 31 0 0 0 0 0 0 0 0 0 0 0
30100 -200.816 0 0 0 1.50902 100 28 5.29311 100 26 0 0 0 -3.16583 100 25 0 0 0 0 0 0 0 0 0 0 0
30200 -204.373 0 0 0 1.4668 100 31 0.657649 100 19 0 0 0 -2.57922 100 21 0 0 0 0 0 0 0 0 0 0 0
30300 -204.409 0 0 0 3.00635 100 34 10.54 100 18 0 0 0 -4.40088 100 31 0 0 0 0 0 0 0 0 0 0 0
30400 -202.301 0 0 0 2.03395 100 33 7.76342 100 31 0 0 0 -3.75008 100 15 0 0 0 0 0 0 0 0 0 0 0
30500 -203.903 0 0 0 0.45844 100 30 -0.496203 100 23 0 0 0 -2.48776 100 25 0 0 0 0 0 0 0 0 0 0 0
30600 -201.154 0 0 0 0.96708 100 33 2.67614 100 23 0 0 0 -2.78364 100 23 0 0 0 0 0 0 0 0 0 0 0
30700 -201.998 0 0 0 1.44128 100 31 2.08498 100 19 0 0 0 -2.94679 100 29 0 0 0 0 0 0 0 0 0 0 0
30800 -202.36 0 0 0 1.13619 100 24 5.92217 100 25 0 0 0 -3.17456 100 23 0 0 0 0 0 0 0 0 0 0 0
30900 -204.676 0 0 0 0.717634 100 26 1.36822 100 29 0 0 0 -2.92049 100 26 0 0 0 0 0 0 0 0 0 0 0
31000 -201.943 0 0 0 2.32337 100 40 5.84703 100 21 0 0 0 -3.55301 100 22 0 0 0 0 0 0 0 0 0 0 0
31100 -201.584 0 0 0 2.3094 100 21 6.79945 100 17 0 0 0 -3.56542 100 27 0 0 0 0 0 0 0 0 0 0 0
31200 -201.659 0 0 0 1.98703 100 28 7.26848 100 24 0 0 0 -3.41168 100 27 0 0 0 0 0 0 0 0 0 0 0
31300 -201.749 0 0 0 2.34911 100 24 7.50636 100 21 0 0 0 -3.72931 100 26 0 0 0 0 0 0 0 0 0 0 0
31400 -205.962 0 0 0 1.47421 100 33 -0.636528 100 24 0 0 0 -2.77419 100 30 0 0 0 0 0 0 0 0 0 0 0
31500 -207.546 0 0 0 -0.142538 100 33 -3.23474 100 26 0 0 0 -1.69109 100 25 0 0 0 0 0 0 0 0 0 0 0
31600 -202.67 0 0 0 1.31855 100 40 1.04726 100 19 0 0 0 -2.80554 100 26 0 0 0 0 0 0 0 0 0 0 0
31700 -202.607 0 0 0 0.988982 100 39 3.30521 100 17 0 0 0 -3.06523 100 32 0 0 0 0 0 0 0 0 0 0 0
31800 -200.724 0 0 0 1.44008 100 40 4.73757 100 18 0 0 0 -3.02415 100 21 0 0 0 0 0 0 0 0 0 0 0
31900 -202.725 0 0 0 2.1038 100 34 5.70433 100 26 0 0 0 -3.1515 100 25 0 0 0 0 0 0 0 0 0 0 0
32000 -201.351 0 0 0 1.10473 100 31 1.82617 100 17 0 0 0 -2.67416 100 25 0 0 0 0 0 0 0 0 0 0 0
32100 -201.913 0 0 0 2.34676 100 37 6.53929 100 23 0 0 0 -3.68787 100 27 0 0 0 0 0 0 0 0 0 0 0
32200 -201.805 0 0 0 2.36037 100 33 6.6336 100 22 0 0 0 -3.6632 100 21 0 0 0 0 0 0 0 0 0 0 0
32300 -205.276 0 0 0 -0.0374296 100 35 0.683963 100 23 0 0 0 -2.47499 100 29 0 0 0 0 0 0 0 0 0 0 0
32400 -203.744 0 0 0 2.66756 100 41 5.75162 100 30 0 0 0 -3.64213 100 25 0 0 0 0 0 0 0 0 0 0 0
32500 -203.932 0 0 0 0.97708 100 43 4.71345 100 32 0 0 0 -3.26635 100 21 0 0 0 0 0 0 0 0 0 0 0
32600 -201.561 0 0 0 2.01265 100 36 6.29479 100 18 0 0 0 -3.58373 100 28 0 0 0 0 0 0 0 0 0 0 0
32700 -202.034 0 0 0 0.583209 100 31 2.41132 100 27 0 0 0 -2.45362 100 26 0 0 0 0 0 0 0 0 0 0 0
32800 -201.739 0 0 0 1.75348 100 33 4.61615 100 24 0 0 0 -3.38219 100 18 0 0 0 0 0 0 0 0 0 0 0
32900 -205.399 0 0 0 1.46997 100 33 8.69356 100 21 0 0 0 -3.45358 100 18 0 0 0 0 0 0 0 0 0 0 0
33000 -201.495 0 0 0 1.01745 100 29 4.55043 100 26 0 0 0 -2.83316 100 29 0 0 0 0 0 0 0 0 0 0 0
33100 -203.5 0 0 0 1.8937 100 36 2.96878 100 22 0 0 0 -2.90373 100 22 0 0 0 0 0 0 0 0 0 0 0
33200 -200.923 0 0 0 1.32591 100 28 4.28623 100 24 0 0 0 -3.08092 100 25 0 0 0 0 0 0 0 0 0 0 0
33300 -200.672 0 0 0 1.52613 100 35 4.55904 100 22 0 0 0 -3.08317 100 23 0 0 0 0 0 0 0 0 0 0 0
33400 -201.46 0 0 0 1.72538 100 36 6.86048 100 19 0 0 0 -3.35846 100 26 0 0 0 0 0 0 0 0 0 0 0
33500 -206.08 0 0 0 0.992221 100 33 7.37398 100 26 0 0 0 -3.444 100 23 0 0 0 0 0 0 0 0 0 0 0
33600 -201.846 0 0 0 1.18176 100 45 2.3464 100 24 0 0 0 -2.95077 100 23 0 0 0 0 0 0 0 0 0 0 0
33700 -202.394 0 0 0 0.954348 100 38 5.32331 100 21 0 0 0 -2.91256 100 30 0 0 0 0 0 0 0 0 0 0 0
33800 -202.245 0 0 0 1.67005 100 37 3.05394 100 27 0 0 0 -2.83601 100 24 0 0 0 0 0 0 0 0 0 0 0
33900 -204.108 0 0 0 1.30209 100 31 1.95452 100 30 0 0 0 -2.43429 100 25 0 0 0 0 0 0 0 0 0 0 0
34000 -200.923 0 0 0 1.11906 100 35 3.35279 100 29 0 0 0 -2.88676 100 19 0 0 0 0 0 0 0 0 0 0 0
34100 -200.804 0 0 0 1.77521 100 38 5.51674 100 26 0 0 0 -3.2577 100 28 0 0 0 0 0 0 0 0 0 0 0
34200 -202.676 0 0 0 2.49612 100 28 8.12432 100 20 0 0 0 -3.62643 100 23 0 0 0 0 0 0 0 0 0 0 0
34300 -201.031 0 0 0 1.30913 100 34 3.05753 100 19 0 0 0 -2.94883 100 27 0 0 0 0 0 0 0 0 0 0 0
34400 -203.428 0 0 0 1.81659 100 30 2.15382 100 22 0 0 0 -2.92697 100 18 0 0 0 0 0 0 0 0 0 0 0
34500 -200.952 0 0 0 1.02392 100 41 2.97837 100 23 0 0 0 -2.71485 100 26 0 0 0 0 0 0 0 0 0 0 0
34600 -201.411 0 0 0 2.05964 100 30 7.24137 100 27 0 0 0 -3.55744 100 16 0 0 0 0 0 0 0 0 0 0 0
34700 -202.066 0 0 0 2.3847 100 30 8.15224 100 24 0 0 0 -3.82704 100 19 0 0 0 0 0 0 0 0 0 0 0
34800 -200.762 0 0 0 1.72697 100 26 5.20995 100 28 0 0 0 -3.2001 100 28 0 0 0 0 0 0 0 0 0 0 0
34900 -200.782 0 0 0 1.72884 100 31 5.48382 100 24 0 0 0 -3.24356 100 28 0 0 0 0 0 0 0 0 0 0 0
35000 -202.35 0 0 0 1.99429 100 44 5.54149 100 31 0 0 0 -3.10581 100 19 0 0 0 0 0 0 0 0 0 0 0
35100 -204.59 0 0 0 0.651471 100 37 -1.62432 100 28 0 0 0 -2.38498 100 24 0 0 0 0 0 0 0 0 0 0 0
35200 -204.117 0 0 0 0.104058 100 34 -1.02282 100 21 0 0 0 -2.18071 100 22 0 0 0 0 0 0 0 0 0 0 0
35300 -201.769 0 0 0 1.38384 100 43 2.25159 100 25 0 0 0 -2.71077 100 25 0 0 0 0 0 0 0 0 0 0 0
35400 -203.471 0 0 0 1.05538 100 39 4.14841 100 27 0 0 0 -2.54393 100 21 0 0 0 0 0 0 0 0 0 0 0
35500 -201.349 0 0 0 1.7038 100 31 3.82881 100 19 0 0 0 -2.98019 100 18 0 0 0 0 0 0 0 0 0 0 0
35600 -203.408 0 0 0 0.638923 100 33 1.83609 100 17 0 0 0 -2.82983 100 25 0 0 0 0 0 0 0 0 0 0 0
35700 -201.09 0 0 0 1.76651 100 34 4.54364 100 25 0 0 0 -3.25831 100 21 0 0 0 0 0 0 0 0 0 0 0
35800 -203.655 0 0 0 1.23847 100 32 0.222439 100 28 0 0 0 -2.50401 100 26 0 0 0 0 0 0 0 0 0 0 0
35900 -200.953 0 0 0 1.91582 100 35 5.86132 100 20 0 0 0 -3.37207 100 23 0 0 0 0 0 0 0 0 0 0 0
36000 -203.465 0 0 0 1.94695 100 32 7.56319 100 28 0 0 0 -3.84329 100 22 0 0 0 0 0 0 0 0 0 0 0
36100 -203.31 0 0 0 1.3627 100 33 0.809182 100 24 0 0 0 -2.85558 100 20 0 0 0 0 0 0 0 0 0 0 0
36200 -200.724 0 0 0 1.51267 100 37 4.57352 100 24 0 0 0 -3.01664 100 27 0 0 0 0 0 0 0 0 0 0 0
36300 -201.636 0 0 0 2.07786 100 35 5.84797 100 26 0 0 0 -3.26407 100 21 0 0 0 0 0 0 0 0 0 0 0
36400 -201.583 0 0 0 1.60176 100 36 6.2966 100 16 0 0 0 -3.14402 100 26 0 0 0 0 0 0 0 0 0 0 0
36500 -202.648 0 0 0 2.12808 100 40 7.06197 100 24 0 0 0 -3.81061 100 25 0 0 0 0 0 0 0 0 0 0 0
36600 -202.095 0 0 0 1.75651 100 29 3.03234 100 21 0 0 0 -2.95754 100 22 0 0 0 0 0 0 0 0 0 0 0
36700 -202.985 0 0 0 2.64292 100 34 8.27436 100 22 0 0 0 -3.70094 100 31 0 0 0 0 0 0 0 0 0 0 0
36800 -202.104 0 0 0 0.753862 100 45 0.949545 100 15 0 0 0 -2.6066 100 27 0 0 0 0 0 0 0 0 0 0 0
36900 -204.272 0 0 0 0.321974 100 29 1.19148 100 22 0 0 0 -2.66953 100 20 0 0 0 0 0 0 0 0 0 0 0
37000 -201.123 0 0 0 1.40878 100 32 3.29088 100 23 0 0 0 -2.808 100 27 0 0 0 0 0 0 0 0 0 0 0
37100 -201.575 0 0 0 0.85077 100 42 3.59027 100 27 0 0 0 -2.85222 100 28 0 0 0 0 0 0 0 0 0 0 0
37200 -200.911 0 0 0 1.28144 100 41 2.93075 100 28 0 0 0 -2.85571 100 30 0 0 0 0 0 0 0 0 0 0 0
37300 -201.635 0 0 0 2.32161 100 30 6.56604 100 23 0 0 0 -3.571 100 19 0 0 0 0 0 0 0 0 0 0 0
37400 -201.232 0 0 0 1.95621 100 36 5.89064 100 18 0 0 0 -3.47646 100 27 0 0 0 0 0 0 0 0 0 0 0
37500 -203.375 0 0 0 1.86874 100 41 2.27951 100 24 0 0 0 -3.01798 100 21 0 0 0 0 0 0 0 0 0 0 0
37600 -203.778 0 0 0 0.776662 100 34 5.3494 100 16 0 0 0 -2.77149 100 22 0 0 0 0 0 0 0 0 0 0 0
37700 -202.174 0 0 0 1.68452 100 39 2.76168 100 20 0 0 0 -2.8865 100 28 0 0 0 0 0 0 0 0 0 0 0
37800 -203.04 0 0 0 1.31674 100 40 5.58314 100 25 0 0 0 -2.82418 100 31 0 0 0 0 0 0 0 0 0 0 0
37900 -201.394 0 0 0 0.770825 100 22 2.35329 100 13 0 0 0 -2.65972 100 29 0 0 0 0 0 0 0 0 0 0 0
38000 -202.101 0 0 0 1.1981 100 41 5.98565 100 23 0 0 0 -3.16431 100 25 0 0 0 0 0 0 0 0 0 0 0
38100 -201.601 0 0 0 1.82383 100 39 4.48752 100 21 0 0 0 -3.35367 100 19 0 0 0 0 0 0 0 0 0 0 0
38200 -201.244 0 0 0 1.3395 100 29 5.2208 100 26 0 0 0 -3.18442 100 25 0 0 0 0 0 0 0 0 0 0 0
38300 -200.948 0 0 0 1.53268 100 36 4.54018 100 24 0 0 0 -2.95851 100 25 0 0 0 0 0 0 0 0 0 0 0
38400 -202.594 0 0 0 1.36969 100 27 3.12088 100 15 0 0 0 -3.19363 100 15 0 0 0 0 0 0 0 0 0 0 0
38500 -202.025 0 0 0 0.971324 100 37 0.812897 100 20 0 0 0 -2.59641 100 25 0 0 0 0 0 0 0 0 0 0 0
38600 -201.588 0 0 0 0.989076 100 31 2.84974 100 21 0 0 0 -2.55436 100 26 0 0 0 0 0 0 0 0 0 0 0
38700 -201.355 0 0 0 1.74343 100 33 5.81246 100 22 0 0 0 -3.11888 100 13 0 0 0 0 0 0 0 0 0 0 0
38800 -201.381 0 0 0 2.1126 100 33 7.17821 100 24 0 0 0 -3.56274 100 22 0 0 0 0 0 0 0 0 0 0 0
38900 -201.099 0 0 0 1.70359 100 37 4.36635 100 31 0 0 0 -3.02286 100 25 0 0 0 0 0 0 0 0 0 0 0
39000 -204.763 0 0 0 -0.107158 100 34 -1.08748 100 19 0 0 0 -2.04959 100 23 0 0 0 0 0 0 0 0 0 0 0
39100 -201.826 0 0 0 0.712582 100 36 1.06858 100 32 0 0 0 -2.424 100 19 0 0 0 0 0 0 0 0 0 0 0
39200 -201.843 0 0 0 1.97995 100 31 4.25982 100 18 0 0 0 -3.32804 100 22 0 0 0 0 0 0 0 0 0 0 0
39300 -201.086 0 0 0 1.28062 100 31 5.07588 100 28 0 0 0 -3.08615 100 21 0 0 0 0 0 0 0 0 0 0 0
39400 -201.025 0 0 0 1.4873 100 37 5.70777 100 27 0 0 0 -3.17212 100 22 0 0 0 0 0 0 0 0 0 0 0
39500 -201.432 0 0 0 1.53588 100 31 2.79398 100 24 0 0 0 -2.95666 100 22 0 0 0 0 0 0 0 0 0 0 0
39600 -200.951 0 0 0 1.71163 100 29 5.89808 100 22 0 0 0 -3.21423 100 24 0 0 0 0 0 0 0 0 0 0 0
39700 -203.966 0 0 0 2.90784 100 34 6.98593 100 24 0 0 0 -3.85608 100 24 0 0 0 0 0 0 0 0 0 0 0
39800 -201.745 0 0 0 0.97804 100 39 1.136 100 25 0 0 0 -2.60904 100 21 0 0 0 0 0 0 0 0 0 0 0
39900 -201.317 0 0 0 1.07901 100 31 2.05814 100 19 0 0 0 -2.61235 100 24 0 0 0 0 0 0 0 0 0 0 0
40000 -203.665 0 0 0 1.91018 100 30 8.97205 100 23 0 0 0 -3.73353 100 31 0 0 0 0 0 0 0 0 0 0 0
40100 -202.981 0 0 0 2.29945 100 32 4.45959 100 27 0 0 0 -3.41324 100 21 0 0 0 0 0 0 0 0 0 0 0
40200 -201.48 0 0 0 1.22736 100 39 3.95322 100 28 0 0 0 -2.72277 100 28 0 0 0 0 0 0 0 0 0 0 0
40300 -200.877 0 0 0 1.61514 100 23 4.1514 100 21 0 0 0 -3.01596 100 21 0 0 0 0 0 0 0 0 0 0 0
40400 -202.506 0 0 0 0.59692 100 41 3.44292 100 21 0 0 0 -2.54561 100 18 0 0 0 0 0 0 0 0 0 0 0
40500 -202.132 0 0 0 1.62968 100 24 2.42925 100 25 0 0 0 -2.88938 100 23 0 0 0 0 0 0 0 0 0 0 0
40600 -201.134 0 0 0 1.21354 100 40 4.95934 100 19 0 0 0 -3.0288 100 22 0 0 0 0 0 0 0 0 0 0 0
40700 -200.849 0 0 0 1.18679 100 32 3.30804 100 28 0 0 0 -2.77767 100 24 0 0 0 0 0 0 0 0 0 0 0
40800 -200.959 0 0 0 1.59076 100 32 4.09742 100 28 0 0 0 -3.14867 100 24 0 0 0 0 0 0 0 0 0 0 0
40900 -200.824 0 0 0 1.69862 100 25 5.36227 100 37 0 0 0 -3.15568 100 20 0 0 0 0 0 0 0 0 0 0 0
41000 -201.234 0 0 0 0.917215 100 33 3.65165 100 34 0 0 0 -2.80397 100 29 0 0 0 0 0 0 0 0 0 0 0
41100 -201.403 0 0 0 1.1613 100 35 3.84694 100 20 0 0 0 -2.70758 100 27 0 0 0 0 0 0 0 0 0 0 0
41200 -201.66 0 0 0 1.18304 100 35 2.20191 100 25 0 0 0 -2.89883 100 27 0 0 0 0 0 0 0 0 0 0 0
41300 -201.112 0 0 0 1.59721 100 35 4.82941 100 26 0 0 0 -2.98281 100 24 0 0 0 0 0 0 0 0 0 0 0
41400 -202.164 0 0 0 2.53186 100 38 8.20405 100 23 0 0 0 -3.78711 100 23 0 0 0 0 0 0 0 0 0 0 0
41500 -202.07 0 0 0 1.02299 100 26 4.42866 100 14 0 0 0 -2.70109 100 16 0 0 0 0 0 0 0 0 0 0 0
41600 -202.154 0 0 0 0.801774 100 27 1.99005 100 21 0 0 0 -2.38876 100 23 0 0 0 0 0 0 0 0 0 0 0
41700 -201.426 0 0 0 1.21755 100 33 4.15016 100 30 0 0 0 -3.1079 100 23 0 0 0 0 0 0 0 0 0 0 0
41800 -202.303 0 0 0 2.24732 100 38 4.91427 100 27 0 0 0 -3.45639 100 27 0 0 0 0 0 0 0 0 0 0 0
41900 -201.209 0 0 0 1.59399 100 29 4.14699 100 25 0 0 0 -3.21196 100 23 0 0 0 0 0 0 0 0 0 0 0
42000 -201.928 0 0 0 0.590255 100 36 2.7585 100 25 0 0 0 -2.55119 100 22 0 0 0 0 0 0 0 0 0 0 0
42100 -202.445 0 0 0 1.14221 100 31 0.68928 100 23 0 0 0 -2.6457 100 27 0 0 0 0 0 0 0 0 0 0 0
42200 -201.109 0 0 0 1.9765 100 40 5.5774 100 20 0 0 0 -3.4011 100 22 0 0 0 0 0 0 0 0 0 0 0
42300 -203.268 0 0 0 1.31825 100 35 6.08244 100 15 0 0 0 -2.89898 100 22 0 0 0 0 0 0 0 0 0 0 0
42400 -203.259 0 0 0 0.176871 100 25 1.05881 100 17 0 0 0 -2.39125 100 23 0 0 0 0 0 0 0 0 0 0 0
42500 -201.111 0 0 0 1.22007 100 24 4.88381 100 27 0 0 0 -2.95151 100 31 0 0 0 0 0 0 0 0 0 0 0
42600 -203.6 0 0 0 0.304576 100 28 3.14878 100 15 0 0 0 -2.65033 100 20 0 0 0 0 0 0 0 0 0 0 0
42700 -201.874 0 0 0 0.928362 100 39 0.90089 100 20 0 0 0 -2.54122 100 28 0 0 0 0 0 0 0 0 0 0 0
42800 -201.536 0 0 0 0.809399 100 37 1.49568 100 29 0 0 0 -2.5003 100 20 0 0 0 0 0 0 0 0 0 0 0
42900 -202.035 0 0 0 2.20212 100 25 6.03798 100 22 0 0 0 -3.31225 100 22 0 0 0 0 0 0 0 0 0 0 0
43000 -201.025 0 0 0 1.30875 100 42 2.73752 100 23 0 0 0 -2.84306 100 25 0 0 0 0 0 0 0 0 0 0 0
43100 -201.203 0 0 0 1.96006 100 35 5.32985 100 23 0 0 0 -3.39853 100 27 0 0 0 0 0 0 0 0 0 0 0
43200 -201.934 0 0 0 2.26592 100 38 6.02387 100 26 0 0 0 -3.38653 100 23 0 0 0 0 0 0 0 0 0 0 0
43300 -201.529 0 0 0 1.55797 100 35 4.2923 100 25 0 0 0 -3.2701 100 26 0 0 0 0 0 0 0 0 0 0 0
43400 -201.743 0 0 0 1.47644 100 43 5.70986 100 23 0 0 0 -2.98885 100 21 0 0 0 0 0 0 0 0 0 0 0
43500 -201.564 0 0 0 0.993739 100 33 4.43285 100 24 0 0 0 -2.7916 100 24 0 0 0 0 0 0 0 0 0 0 0
43600 -202.642 0 0 0 1.74 100 38 7.95255 100 20 0 0 0 -3.50844 100 38 0 0 0 0 0 0 0 0 0 0 0
43700 -201.662 0 0 0 1.60491 100 32 6.66697 100 26 0 0 0 -3.23545 100 20 0 0 0 0 0 0 0 0 0 0 0
43800 -202.883 0 0 0 1.98887 100 28 8.35747 100 18 0 0 0 -3.50243 100 20 0 0 0 0 0 0 0 0 0 0 0
43900 -201.105 0 0 0 1.95225 100 32 5.89158 100 19 0 0 0 -3.44182 100 26 0 0 0 0 0 0 0 0 0 0 0
44000 -204.435 0 0 0 -0.00616862 100 33 1.5826 100 27 0 0 0 -2.43217 100 23 0 0 0 0 0 0 0 0 0 0 0
44100 -201.366 0 0 0 2.15052 100 36 6.69736 100 22 0 0 0 -3.45249 100 31 0 0 0 0 0 0 0 0 0 0 0
44200 -202.326 0 0 0 1.63034 100 32 3.53815 100 19 0 0 0 -2.79391 100 28 0 0 0 0 0 0 0 0 0 0 0
44300 -201.938 0 0 0 0.952908 100 39 4.65343 100 33 0 0 0 -2.7849 100 23 0 0 0 0 0 0 0 0 0 0 0
44400 -201.429 0 0 0 1.59848 100 36 3.31401 100 23 0 0 0 -3.10754 100 18 0 0 0 0 0 0 0 0 0 0 0
44500 -202.04 0 0 0 1.72777 100 31 2.84903 100 24 0 0 0 -3.06995 100 20 0 0 0 0 0 0 0 0 0 0 0
44600 -202.019 0 0 0 2.16104 100 38 6.76197 100 23 0 0 0 -3.72241 100 29 0 0 0 0 0 0 0 0 0 0 0
44700 -202.615 0 0 0 2.6078 100 39 6.8096 100 34 0 0 0 -3.66659 100 30 0 0 0 0 0 0 0 0 0 0 0
44800 -201.271 0 0 0 1.8459 100 35 4.2836 100 18 0 0 0 -3.22223 100 20 0 0 0 0 0 0 0 0 0 0 0
44900 -201.293 0 0 0 1.73552 100 27 5.00974 100 21 0 0 0 -3.03815 100 24 0 0 0 0 0 0 0 0 0 0 0
45000 -201.132 0 0 0 1.41967 100 26 2.87467 100 16 0 0 0 -2.85431 100 22 0 0 0 0 0 0 0 0 0 0 0
45100 -201.396 0 0 0 0.759863 100 40 2.67922 100 19 0 0 0 -2.60146 100 21 0 0 0 0 0 0 0 0 0 0 0
45200 -201.718 0 0 0 0.800174 100 44 2.60794 100 23 0 0 0 -2.79091 100 16 0 0 0 0 0 0 0 0 0 0 0
45300 -201.437 0 0 0 2.05379 100 28 5.87104 100 20 0 0 0 -3.5255 100 23 0 0 0 0 0 0 0 0 0 0 0
45400 -202.497 0 0 0 1.19439 100 35 0.949396 100 16 0 0 0 -2.55297 100 16 0 0 0 0 0 0 0 0 0 0 0
45500 -201.151 0 0 0 2.022 100 31 5.95112 100 29 0 0 0 -3.45717 100 29 0 0 0 0 0 0 0 0 0 0 0
45600 -201.308 0 0 0 0.975475 100 32 1.88648 100 23 0 0 0 -2.58747 100 19 0 0 0 0 0 0 0 0 0 0 0
45700 -203.466 0 0 0 2.96561 100 33 8.2696 100 22 0 0 0 -3.97129 100 24 0 0 0 0 0 0 0 0 0 0 0
45800 -201.597 0 0 0 2.00149 100 35 4.78677 100 25 0 0 0 -3.19203 100 23 0 0 0 0 0 0 0 0 0 0 0
45900 -201.242 0 0 0 0.966876 100 36 3.29949 100 25 0 0 0 -2.65559 100 25 0 0 0 0 0 0 0 0 0 0 0
46000 -202.027 0 0 0 1.71192 100 30 5.21719 100 21 0 0 0 -3.46825 100 23 0 0 0 0 0 0 0 0 0 0 0
46100 -201.44 0 0 0 0.959618 100 36 3.48971 100 27 0 0 0 -2.91313 100 23 0 0 0 0 0 0 0 0 0 0 0
46200 -202.598 0 0 0 0.695609 100 30 1.29532 100 22 0 0 0 -2.2832 100 21 0 0 0 0 0 0 0 0 0 0 0
46300 -202.244 0 0 0 0.53298 100 32 2.08864 100 17 0 0 0 -2.63684 100 22 0 0 0 0 0 0 0 0 0 0 0
46400 -202.879 0 0 0 2.67645 100 35 6.83281 100 26 0 0 0 -3.81238 100 20 0 0 0 0 0 0 0 0 0 0 0
46500 -203.158 0 0 0 0.497877 100 29 -0.387131 100 34 0 0 0 -2.4078 100 23 0 0 0 0 0 0 0 0 0 0 0
46600 -201.674 0 0 0 0.804622 100 25 1.19694 100 20 0 0 0 -2.48229 100 20 0 0 0 0 0 0 0 0 0 0 0
46700 -201.298 0 0 0 1.67637 100 38 3.5561 100 19 0 0 0 -2.99356 100 24 0 0 0 0 0 0 0 0 0 0 0
46800 -201.625 0 0 0 1.74981 100 30 4.6504 100 23 0 0 0 -2.98019 100 19 0 0 0 0 0 0 0 0 0 0 0
46900 -201.718 0 0 0 2.31763 100 32 7.69883 100 22 0 0 0 -3.6653 100 23 0 0 0 0 0 0 0 0 0 0 0
47000 -201.559 0 0 0 1.9719 100 36 6.89345 100 26 0 0 0 -3.34326 100 28 0 0 0 0 0 0 0 0 0 0 0
47100 -201.102 0 0 0 1.56939 100 36 5.74421 100 25 0 0 0 -3.29874 100 25 0 0 0 0 0 0 0 0 0 0 0
47200 -202.983 0 0 0 1.82396 100 38 5.03747 100 24 0 0 0 -3.57503 100 30 0 0 0 0 0 0 0 0 0 0 0
47300 -202.308 0 0 0 2.02303 100 30 6.06243 100 17 0 0 0 -3.16713 100 27 0 0 0 0 0 0 0 0 0 0 0
47400 -202.296 0 0 0 0.567399 100 34 2.91815 100 19 0 0 0 -2.71511 100 33 0 0 0 0 0 0 0 0 0 0 0
47500 -202.379 0 0 0 0.542821 100 33 0.320294 100 20 0 0 0 -2.39826 100 17 0 0 0 0 0 0 0 0 0 0 0
47600 -202.847 0 0 0 1.24628 100 34 0.591854 100 25 0 0 0 -2.65937 100 17 0 0 0 0 0 0 0 0 0 0 0
47700 -201.338 0 0 0 0.996038 100 31 3.66867 100 27 0 0 0 -2.6847 100 26 0 0 0 0 0 0 0 0 0 0 0
47800 -202.802 0 0 0 1.17536 100 39 1.61075 100 22 0 0 0 -2.4586 100 25 0 0 0 0 0 0 0 0 0 0 0
47900 -201.228 0 0 0 1.45568 100 29 4.89402 100 21 0 0 0 -2.92438 100 28 0 0 0 0 0 0 0 0 0 0 0
48000 -202.322 0 0 0 0.631881 100 28 3.65434 100 18 0 0 0 -2.62133 100 24 0 0 0 0 0 0 0 0 0 0 0
48100 -201.512 0 0 0 1.76103 100 28 4.397 100 21 0 0 0 -3.32115 100 19 0 0 0 0 0 0 0 0 0 0 0
48200 -201.997 0 0 0 1.65202 100 35 6.6418 100 27 0 0 0 -3.16242 100 26 0 0 0 0 0 0 0 0 0 0 0
48300 -203.8 0 0 0 1.21742 100 29 2.82545 100 25 0 0 0 -2.44703 100 26 0 0 0 0 0 0 0 0 0 0 0
48400 -202.633 0 0 0 1.50342 100 38 1.59166 100 21 0 0 0 -2.76567 100 27 0 0 0 0 0 0 0 0 0 0 0
48500 -204.115 0 0 0 0.477949 100 34 -0.731176 100 22 0 0 0 -2.05461 100 18 0 0 0 0 0 0 0 0 0 0 0
48600 -202.896 0 0 0 0.447451 100 33 0.58788 100 19 0 0 0 -2.19123 100 23 0 0 0 0 0 0 0 0 0 0 0
48700 -201.196 0 0 0 1.37016 100 37 5.01396 100 21 0 0 0 -3.19557 100 23 0 0 0 0 0 0 0 0 0 0 0
48800 -201.124 0 0 0 1.88289 100 27 5.15549 100 21 0 0 0 -3.17827 100 28 0 0 0 0 0 0 0 0 0 0 0
48900 -201.901 0 0 0 0.856842 100 38 0.823873 100 27 0 0 0 -2.48817 100 21 0 0 0 0 0 0 0 0 0 0 0
49000 -201.556 0 0 0 0.740918 100 33 1.49889 100 22 0 0 0 -2.51683 100 25 0 0 0 0 0 0 0 0 0 0 0
49100 -201.921 0 0 0 1.88864 100 40 3.6181 100 21 0 0 0 -3.1953 100 22 0 0 0 0 0 0 0 0 0 0 0
49200 -203.821 0 0 0 2.94642 100 33 10.351 100 29 0 0 0 -4.1899 100 23 0 0 0 0 0 0 0 0 0 0 0
49300 -203.539 0 0 0 2.09505 100 35 4.28791 100 28 0 0 0 -3.04137 100 30 0 0 0 0 0 0 0 0 0 0 0
49400 -202.987 0 0 0 0.905733 100 29 0.973491 100 22 0 0 0 -2.30662 100 25 0 0 0 0 0 0 0 0 0 0 0
49500 -201.219 0 0 0 1.35713 100 35 2.8554 100 34 0 0 0 -2.96306 100 18 0 0 0 0 0 0 0 0 0 0 0
49600 -201.362 0 0 0 1.45572 100 34 3.38611 100 18 0 0 0 -2.7945 100 27 0 0 0 0 0 0 0 0 0 0 0
49700 -203.181 0 0 0 2.89963 100 34 8.40182 100 25 0 0 0 -3.94261 100 34 0 0 0 0 0 0 0 0 0 0 0
49800 -201.08 0 0 0 1.47484 100 32 5.1909 100 26 0 0 0 -3.23703 100 21 0 0 0 0 0 0 0 0 0 0 0
49900 -201.021 0 0 0 1.4331 100 22 3.49306 100 22 0 0 0 -2.84513 100 23 0 0 0 0 0 0 0 0 0 0 0
50000 -203.826 0 0 0 1.31657 100 33 0.205655 100 25 0 0 0 -2.76564 100 27 0 0 0 0 0 0 0 0 0 0 0
50100 -202.01 0 0 0 1.44947 100 37 5.97637 100 25 0 0 0 -3.00595 100 24 0 0 0 0 0 0 0 0 0 0 0
50200 -201.032 0 0 0 1.60488 100 33 3.61061 100 26 0 0 0 -3.02588 100 18 0 0 0 0 0 0 0 0 0 0 0
50300 -202.454 0 0 0 1.59084 100 40 5.18061 100 25 0 0 0 -2.87531 100 17 0 0 0 0 0 0 0 0 0 0 0
50400 -201.728 0 0 0 2.05632 100 26 4.73704 100 26 0 0 0 -3.23697 100 24 0 0 0 0 0 0 0 0 0 0 0
50500 -202.836 0 0 0 1.97438 100 31 3.48776 100 24 0 0 0 -3.03597 100 15 0 0 0 0 0 0 0 0 0 0 0
50600 -205.274 0 0 0 1.66678 100 27 5.86628 100 23 0 0 0 -2.81742 100 22 0 0 0 0 0 0 0 0 0 0 0
50700 -200.791 0 0 0 1.51194 100 34 4.24469 100 20 0 0 0 -3.11127 100 21 0 0 0 0 0 0 0 0 0 0 0
50800 -200.906 0 0 0 1.82424 100 32 5.46589 100 13 0 0 0 -3.32941 100 24 0 0 0 0 0 0 0 0 0 0 0
50900 -205.309 0 0 0 2.52689 100 27 5.69563 100 20 0 0 0 -3.96909 100 33 0 0 0 0 0 0 0 0 0 0 0
51000 -201.935 0 0 0 0.865868 100 28 2.22483 100 30 0 0 0 -2.44158 100 20 0 0 0 0 0 0 0 0 0 0 0
51100 -202.003 0 0 0 1.98827 100 39 6.15888 100 18 0 0 0 -3.18832 100 24 0 0 0 0 0 0 0 0 0 0 0
51200 -200.892 0 0 0 1.33566 100 32 3.07002 100 19 0 0 0 -2.86661 100 22 0 0 0 0 0 0 0 0 0 0 0
51300 -201.473 0 0 0 0.723574 100 32 1.97378 100 24 0 0 0 -2.53196 100 16 0 0 0 0 0 0 0 0 0 0 0
51400 -200.941 0 0 0 1.78952 100 31 5.84426 100 27 0 0 0 -3.35771 100 24 0 0 0 0 0 0 0 0 0 0 0
51500 -201.869 0 0 0 1.39928 100 29 2.02255 100 23 0 0 0 -2.7342 100 29 0 0 0 0 0 0 0 0 0 0 0
51600 -202.645 0 0 0 0.790495 100 28 0.961295 100 22 0 0 0 -2.7108 100 27 0 0 0 0 0 0 0 0 0 0 0
51700 -202.985 0 0 0 1.08497 100 33 0.0998844 100 23 0 0 0 -2.56336 100 27 0 0 0 0 0 0 0 0 0 0 0
51800 -202.872 0 0 0 1.0613 100 40 6.00755 100 23 0 0 0 -2.98483 100 21 0 0 0 0 0 0 0 0 0 0 0
51900 -201.997 0 0 0 1.90194 100 23 4.70456 100 26 0 0 0 -3.44914 100 31 0 0 0 0 0 0 0 0 0 0 0
52000 -201.505 0 0 0 0.985669 100 33 3.0638 100 27 0 0 0 -2.58393 100 21 0 0 0 0 0 0 0 0 0 0 0
52100 -200.94 0 0 0 1.82562 100 34 5.86348 100 25 0 0 0 -3.25293 100 19 0 0 0 0 0 0 0 0 0 0 0
52200 -202.13 0 0 0 1.92532 100 37 4.78352 100 22 0 0 0 -3.04491 100 22 0 0 0 0 0 0 0 0 0 0 0
52300 -201.841 0 0 0 1.18357 100 31 4.59156 100 28 0 0 0 -3.17038 100 21 0 0 0 0 0 0 0 0 0 0 0
52400 -201.387 0 0 0 1.93177 100 37 7.01273 100 25 0 0 0 -3.40776 100 25 0 0 0 0 0 0 0 0 0 0 0
52500 -202.53 0 0 0 1.19214 100 28 4.35347 100 23 0 0 0 -2.66169 100 28 0 0 0 0 0 0 0 0 0 0 0
52600 -203.919 0 0 0 0.497949 100 33 3.77213 100 20 0 0 0 -2.46289 100 18 0 0 0 0 0 0 0 0 0 0 0
52700 -202.597 0 0 0 0.638929 100 31 4.16884 100 20 0 0 0 -2.75618 100 25 0 0 0 0 0 0 0 0 0 0 0
52800 -203.279 0 0 0 2.68398 100 35 8.13305 100 26 0 0 0 -4.08632 100 24 0 0 0 0 0 0 0 0 0 0 0
52900 -202.903 0 0 0 1.04472 100 32 1.74435 100 18 0 0 0 -2.38625 100 28 0 0 0 0 0 0 0 0 0 0 0
53000 -201.405 0 0 0 1.75668 100 34 3.63587 100 27 0 0 0 -3.09964 100 20 0 0 0 0 0 0 0 0 0 0 0
53100 -201.836 0 0 0 2.38676 100 31 7.8363 100 26 0 0 0 -3.73731 100 32 0 0 0 0 0 0 0 0 0 0 0
53200 -202.358 0 0 0 0.616767 100 26 2.77237 100 20 0 0 0 -2.43858 100 18 0 0 0 0 0 0 0 0 0 0 0
53300 -201.863 0 0 0 2.34835 100 37 6.51666 100 22 0 0 0 -3.5015 100 25 0 0 0 0 0 0 0 0 0 0 0
53400 -200.797 0 0 0 1.20002 100 31 3.26727 100 23 0 0 0 -2.86084 100 33 0 0 0 0 0 0 0 0 0 0 0
53500 -201.588 0 0 0 1.66657 100 29 3.30909 100 23 0 0 0 -3.13075 100 24 0 0 0 0 0 0 0 0 0 0 0
53600 -200.978 0 0 0 1.60547 100 35 4.0294 100 26 0 0 0 -2.97624 100 18 0 0 0 0 0 0 0 0 0 0 0
53700 -201.619 0 0 0 1.36954 100 35 5.48907 100 25 0 0 0 -2.95603 100 23 0 0 0 0 0 0 0 0 0 0 0
53800 -201.987 0 0 0 2.04494 100 30 6.52063 100 26 0 0 0 -3.25855 100 17 0 0 0 0 0 0 0 0 0 0 0
53900 -202.137 0 0 0 1.67788 100 39 4.1253 100 19 0 0 0 -3.35213 100 23 0 0 0 0 0 0 0 0 0 0 0
54000 -200.708 0 0 0 1.34452 100 38 4.35955 100 26 0 0 0 -2.96856 100 25 0 0 0 0 0 0 0 0 0 0 0
54100 -202.674 0 0 0 1.00322 100 34 5.72159 100 23 0 0 0 -2.96268 100 18 0 0 0 0 0 0 0 0 0 0 0
54200 -200.726 0 0 0 1.61858 100 37 4.53422 100 25 0 0 0 -3.09804 100 21 0 0 0 0 0 0 0 0 0 0 0
54300 -200.726 0 0 0 1.31307 100 35 4.36194 100 24 0 0 0 -2.97575 100 23 0 0 0 0 0 0 0 0 0 0 0
54400 -201.995 0 0 0 1.00026 100 42 2.50738 100 23 0 0 0 -2.92642 100 20 0 0 0 0 0 0 0 0 0 0 0
54500 -202.51 0 0 0 1.70775 100 38 5.03093 100 19 0 0 0 -2.90296 100 22 0 0 0 0 0 0 0 0 0 0 0
54600 -200.825 0 0 0 1.39557 100 32 5.02699 100 21 0 0 0 -3.07714 100 24 0 0 0 0 0 0 0 0 0 0 0
54700 -201.66 0 0 0 0.944505 100 37 1.73176 100 18 0 0 0 -2.48831 100 21 0 0 0 0 0 0 0 0 0 0 0
54800 -203.307 0 0 0 0.834462 100 28 2.13982 100 14 0 0 0 -2.30486 100 28 0 0 0 0 0 0 0 0 0 0 0
54900 -204.805 0 0 0 1.64355 100 33 5.84101 100 29 0 0 0 -2.82922 100 30 0 0 0 0 0 0 0 0 0 0 0
55000 -201.134 0 0 0 1.50391 100 29 3.13227 100 23 0 0 0 -2.90697 100 19 0 0 0 0 0 0 0 0 0 0 0
55100 -200.789 0 0 0 1.44736 100 39 4.15277 100 25 0 0 0 -3.08322 100 29 0 0 0 0 0 0 0 0 0 0 0
55200 -201.905 0 0 0 0.810126 100 30 2.10415 100 19 0 0 0 -2.77596 100 26 0 0 0 0 0 0 0 0 0 0 0
55300 -201.278 0 0 0 1.88526 100 25 6.22694 100 27 0 0 0 -3.24751 100 30 0 0 0 0 0 0 0 0 0 0 0
55400 -201.39 0 0 0 1.95583 100 29 5.46239 100 25 0 0 0 -3.46237 100 17 0 0 0 0 0 0 0 0 0 0 0
55500 -201.542 0 0 0 1.40893 100 24 2.82405 100 22 0 0 0 -3.02953 100 26 0 0 0 0 0 0 0 0 0 0 0
55600 -200.711 0 0 0 1.5102 100 36 4.92879 100 33 0 0 0 -3.12401 100 23 0 0 0 0 0 0 0 0 0 0 0
55700 -203.611 0 0 0 1.02275 100 24 0.641164 100 24 0 0 0 -2.31212 100 24 0 0 0 0 0 0 0 0 0 0 0
55800 -201.722 0 0 0 1.85624 100 35 6.00521 100 20 0 0 0 -3.54263 100 25 0 0 0 0 0 0 0 0 0 0 0
55900 -202.23 0 0 0 1.97802 100 24 3.81354 100 21 0 0 0 -3.11753 100 23 0 0 0 0 0 0 0 0 0 0 0
56000 -204.378 0 0 0 0.459276 100 35 3.70971 100 25 0 0 0 -2.92532 100 21 0 0 0 0 0 0 0 0 0 0 0
56100 -201.823 0 0 0 1.17787 100 38 5.69375 100 18 0 0 0 -3.08777 100 29 0 0 0 0 0 0 0 0 0 0 0
56200 -202.649 0 0 0 2.18057 100 35 8.8045 100 22 0 0 0 -3.73815 100 21 0 0 0 0 0 0 0 0 0 0 0
56300 -201.527 0 0 0 1.81478 100 34 6.77091 100 25 0 0 0 -3.51648 100 15 0 0 0 0 0 0 0 0 0 0 0
56400 -201.818 0 0 0 1.66168 100 30 5.88521 100 19 0 0 0 -3.4724 100 23 0 0 0 0 0 0 0 0 0 0 0
56500 -200.916 0 0 0 1.87867 100 33 5.92322 100 25 0 0 0 -3.34846 100 19 0 0 0 0 0 0 0 0 0 0 0
56600 -200.927 0 0 0 1.46046 100 33 3.44397 100 17 0 0 0 -3.00411 100 29 0 0 0 0 0 0 0 0 0 0 0
56700 -201.042 0 0 0 0.951144 100 34 2.65711 100 29 0 0 0 -2.70454 100 31 0 0 0 0 0 0 0 0 0 0 0
56800 -204.569 0 0 0 1.76925 100 37 4.70443 100 14 0 0 0 -2.78088 100 19 0 0 0 0 0 0 0 0 0 0 0
56900 -201.456 0 0 0 0.8565 100 26 3.67197 100 33 0 0 0 -2.81634 100 13 0 0 0 0 0 0 0 0 0 0 0
57000 -202.157 0 0 0 0.533998 100 37 1.38938 100 15 0 0 0 -2.54966 100 24 0 0 0 0 0 0 0 0 0 0 0
57100 -201.557 0 0 0 0.811264 100 28 3.70774 100 24 0 0 0 -2.75908 100 32 0 0 0 0 0 0 0 0 0 0 0
57200 -201.972 0 0 0 0.624341 100 27 3.21827 100 23 0 0 0 -2.65915 100 26 0 0 0 0 0 0 0 0 0 0 0
57300 -201.754 0 0 0 1.90847 100 36 7.46428 100 24 0 0 0 -3.56899 100 21 0 0 0 0 0 0 0 0 0 0 0
57400 -203.337 0 0 0 2.08278 100 33 5.28488 100 25 0 0 0 -3.0678 100 22 0 0 0 0 0 0 0 0 0 0 0
57500 -202.027 0 0 0 1.51807 100 34 3.59685 100 24 0 0 0 -2.75672 100 30 0 0 0 0 0 0 0 0 0 0 0
57600 -201.03 0 0 0 1.40576 100 35 3.0421 100 20 0 0 0 -2.94204 100 25 0 0 0 0 0 0 0 0 0 0 0
57700 -203.11 0 0 0 1.08625 100 29 1.85195 100 21 0 0 0 -2.39129 100 20 0 0 0 0 0 0 0 0 0 0 0
57800 -203.448 0 0 0 1.74479 100 33 2.28129 100 25 0 0 0 -2.80903 100 19 0 0 0 0 0 0 0 0 0 0 0
57900 -201.879 0 0 0 1.41788 100 41 5.94829 100 18 0 0 0 -3.34723 100 21 0 0 0 0 0 0 0 0 0 0 0
58000 -202.298 0 0 0 1.21015 100 34 5.38759 100 15 0 0 0 -2.85084 100 26 0 0 0 0 0 0 0 0 0 0 0
58100 -201.296 0 0 0 1.05226 100 38 3.75473 100 30 0 0 0 -2.70254 100 21 0 0 0 0 0 0 0 0 0 0 0
58200 -201.46 0 0 0 1.02702 100 36 4.66689 100 35 0 0 0 -2.89231 100 30 0 0 0 0 0 0 0 0 0 0 0
58300 -202.206 0 0 0 0.971194 100 28 1.72345 100 20 0 0 0 -2.42146 100 18 0 0 0 0 0 0 0 0 0 0 0
58400 -202.005 0 0 0 0.570962 100 39 2.35853 100 20 0 0 0 -2.63456 100 20 0 0 0 0 0 0 0 0 0 0 0
58500 -202.915 0 0 0 0.488302 100 31 -0.21349 100 31 0 0 0 -2.38748 100 21 0 0 0 0 0 0 0 0 0 0 0
58600 -208.108 0 0 0 0.498385 100 34 5.75672 100 18 0 0 0 -2.59813 100 26 0 0 0 0 0 0 0 0 0 0 0
58700 -202.336 0 0 0 1.85716 100 28 5.51877 100 16 0 0 0 -3.57236 100 28 0 0 0 0 0 0 0 0 0 0 0
58800 -202.055 0 0 0 1.66464 100 26 7.2885 100 20 0 0 0 -3.36681 100 24 0 0 0 0 0 0 0 0 0 0 0
58900 -203.433 0 0 0 0.963093 100 23 -0.382885 100 22 0 0 0 -2.56013 100 21 0 0 0 0 0 0 0 0 0 0 0
59000 -202.344 0 0 0 1.13696 100 36 0.764501 100 16 0 0 0 -2.59727 100 20 0 0 0 0 0 0 0 0 0 0 0
59100 -201.38 0 0 0 1.36075 100 40 4.4465 100 14 0 0 0 -2.82351 100 29 0 0 0 0 0 0 0 0 0 0 0
59200 -200.962 0 0 0 1.36556 100 35 3.71891 100 24 0 0 0 -3.05108 100 24 0 0 0 0 0 0 0 0 0 0 0
59300 -202.217 0 0 0 0.531096 100 29 0.83603 100 24 0 0 0 -2.32416 100 25 0 0 0 0 0 0 0 0 0 0 0
59400 -202.116 0 0 0 1.22945 100 30 6.05715 100 23 0 0 0 -3.20473 100 19 0 0 0 0 0 0 0 0 0 0 0
59500 -201.703 0 0 0 1.03988 100 35 1.97496 100 23 0 0 0 -2.51728 100 23 0 0 0 0 0 0 0 0 0 0 0
59600 -202.722 0 0 0 0.748138 100 25 2.6866 100 35 0 0 0 -2.38431 100 23 0 0 0 0 0 0 0 0 0 0 0
59700 -202.148 0 0 0 2.31201 100 28 8.30901 100 18 0 0 0 -3.67221 100 23 0 0 0 0 0 0 0 0 0 0 0
59800 -201.802 0 0 0 2.22879 100 33 5.49545 100 31 0 0 0 -3.40599 100 22 0 0 0 0 0 0 0 0 0 0 0
59900 -200.853 0 0 0 1.63606 100 40 4.12783 100 16 0 0 0 -3.08033 100 20 0 0 0 0 0 0 0 0 0 0 0
60000 -202.041 0 0 0 2.44608 100 30 7.41985 100 21 0 0 0 -3.80454 100 24 0 0 0 0 0 0 0 0 0 0 0
60100 -202.203 0 0 0 1.81099 100 36 7.76934 100 17 0 0 0 -3.53175 100 25 0 0 0 0 0 0 0 0 0 0 0
60200 -201.286 0 0 0 1.78801 100 31 6.6473 100 21 0 0 0 -3.43928 100 25 0 0 0 0 0 0 0 0 0 0 0
60300 -200.877 0 0 0 1.66518 100 36 5.59434 100 25 0 0 0 -3.28459 100 29 0 0 0 0 0 0 0 0 0 0 0
60400 -204.458 0 0 0 1.81218 100 33 2.29787 100 29 0 0 0 -2.77238 100 26 0 0 0 0 0 0 0 0 0 0 0
60500 -200.868 0 0 0 1.61405 100 37 4.08122 100 22 0 0 0 -3.02529 100 21 0 0 0 0 0 0 0 0 0 0 0
60600 -201.929 0 0 0 0.576187 100 31 2.32423 100 24 0 0 0 -2.47415 100 21 0 0 0 0 0 0 0 0 0 0 0
60700 -204.336 0 0 0 1.67448 100 36 6.98097 100 23 0 0 0 -3.03163 100 23 0 0 0 0 0 0 0 0 0 0 0
60800 -200.97 0 0 0 1.71891 100 32 5.28683 100 20 0 0 0 -3.11228 100 15 0 0 0 0 0 0 0 0 0 0 0
60900 -202.592 0 0 0 2.22954 100 31 8.20113 100 28 0 0 0 -3.88177 100 24 0 0 0 0 0 0 0 0 0 0 0
61000 -201.343 0 0 0 2.10156 100 30 6.94854 100 18 0 0 0 -3.47004 100 21 0 0 0 0 0 0 0 0 0 0 0
61100 -200.729 0 0 0 1.36951 100 35 3.73371 100 22 0 0 0 -2.97044 100 26 0 0 0 0 0 0 0 0 0 0 0
61200 -202.967 0 0 0 0.785951 100 30 3.86772 100 20 0 0 0 -3.02063 100 23 0 0 0 0 0 0 0 0 0 0 0
61300 -202.999 0 0 0 0.758937 100 32 -0.43963 100 20 0 0 0 -2.37828 100 24 0 0 0 0 0 0 0 0 0 0 0
61400 -201.393 0 0 0 1.83604 100 30 5.50439 100 23 0 0 0 -3.11917 100 26 0 0 0 0 0 0 0 0 0 0 0
61500 -203.26 0 0 0 2.30807 100 40 4.57537 100 17 0 0 0 -3.55692 100 27 0 0 0 0 0 0 0 0 0 0 0
61600 -201.196 0 0 0 2.06686 100 33 5.97369 100 21 0 0 0 -3.36883 100 20 0 0 0 0 0 0 0 0 0 0 0
61700 -202.635 0 0 0 1.34594 100 34 1.16923 100 31 0 0 0 -2.83142 100 28 0 0 0 0 0 0 0 0 0 0 0
61800 -203.326 0 0 0 0.499011 100 34 0.837212 100 22 0 0 0 -2.15527 100 23 0 0 0 0 0 0 0 0 0 0 0
61900 -201.776 0 0 0 1.5232 100 27 5.18376 100 17 0 0 0 -3.36658 100 24 0 0 0 0 0 0 0 0 0 0 0
62000 -201.705 0 0 0 1.5758 100 34 5.12312 100 22 0 0 0 -2.93025 100 23 0 0 0 0 0 0 0 0 0 0 0
62100 -201.136 0 0 0 1.1123 100 38 2.92948 100 27 0 0 0 -2.66221 100 22 0 0 0 0 0 0 0 0 0 0 0
62200 -207.082 0 0 0 1.77467 100 26 8.80511 100 28 0 0 0 -4.06545 100 20 0 0 0 0 0 0 0 0 0 0 0
62300 -201.887 0 0 0 2.1834 100 33 7.01716 100 18 0 0 0 -3.72509 100 25 0 0 0 0 0 0 0 0 0 0 0
62400 -202.397 0 0 0 0.868904 100 35 0.378808 100 24 0 0 0 -2.56286 100 20 0 0 0 0 0 0 0 0 0 0 0
62500 -201.517 0 0 0 1.03556 100 31 2.15096 100 23 0 0 0 -2.8217 100 28 0 0 0 0 0 0 0 0 0 0 0
62600 -202.689 0 0 0 2.40539 100 36 5.56293 100 13 0 0 0 -3.64447 100 24 0 0 0 0 0 0 0 0 0 0 0
62700 -201.792 0 0 0 1.85901 100 31 4.73567 100 22 0 0 0 -3.42136 100 27 0 0 0 0 0 0 0 0 0 0 0
62800 -202.401 0 0 0 0.435947 100 21 2.13984 100 24 0 0 0 -2.56678 100 24 0 0 0 0 0 0 0 0 0 0 0
62900 -201.46 0 0 0 2.18038 100 27 6.9316 100 19 0 0 0 -3.47953 100 32 0 0 0 0 0 0 0 0 0 0 0
63000 -201.452 0 0 0 1.96217 100 32 7.18592 100 20 0 0 0 -3.54217 100 15 0 0 0 0 0 0 0 0 0 0 0
63100 -201.725 0 0 0 2.05107 100 25 5.68011 100 15 0 0 0 -3.55442 100 34 0 0 0 0 0 0 0 0 0 0 0
63200 -204.106 0 0 0 0.216061 100 36 1.88225 100 24 0 0 0 -2.63081 100 20 0 0 0 0 0 0 0 0 0 0 0
63300 -203.243 0 0 0 1.59904 100 37 7.76163 100 26 0 0 0 -3.31602 100 16 0 0 0 0 0 0 0 0 0 0 0
63400 -202.02 0 0 0 0.94808 100 34 0.828681 100 20 0 0 0 -2.48867 100 25 0 0 0 0 0 0 0 0 0 0 0
63500 -201.479 0 0 0 2.11929 100 42 7.13535 100 17 0 0 0 -3.4725 100 27 0 0 0 0 0 0 0 0 0 0 0
63600 -201.064 0 0 0 1.79592 100 36 6.0701 100 17 0 0 0 -3.23603 100 22 0 0 0 0 0 0 0 0 0 0 0
63700 -202.438 0 0 0 0.976646 100 35 2.93133 100 22 0 0 0 -3.00913 100 27 0 0 0 0 0 0 0 0 0 0 0
63800 -204.581 0 0 0 0.258944 100 32 3.96391 100 30 0 0 0 -2.66584 100 21 0 0 0 0 0 0 0 0 0 0 0
63900 -201.736 0 0 0 1.45267 100 29 4.63029 100 29 0 0 0 -3.29168 100 29 0 0 0 0 0 0 0 0 0 0 0
64000 -201.384 0 0 0 1.56534 100 41 3.99594 100 24 0 0 0 -3.21502 100 24 0 0 0 0 0 0 0 0 0 0 0
64100 -201.338 0 0 0 0.881023 100 35 2.70015 100 24 0 0 0 -2.77708 100 26 0 0 0 0 0 0 0 0 0 0 0
64200 -201.223 0 0 0 1.01333 100 35 4.16418 100 13 0 0 0 -2.81863 100 18 0 0 0 0 0 0 0 0 0 0 0
64300 -202.979 0 0 0 0.235246 100 36 1.6469 100 18 0 0 0 -2.37331 100 33 0 0 0 0 0 0 0 0 0 0 0
64400 -202.105 0 0 0 2.22388 100 41 5.04552 100 25 0 0 0 -3.46174 100 24 0 0 0 0 0 0 0 0 0 0 0
64500 -201.693 0 0 0 1.31084 100 27 3.35747 100 23 0 0 0 -2.67802 100 31 0 0 0 0 0 0 0 0 0 0 0
64600 -201.129 0 0 0 0.974798 100 30 2.20008 100 22 0 0 0 -2.66009 100 28 0 0 0 0 0 0 0 0 0 0 0
64700 -201.607 0 0 0 0.72202 100 33 1.41901 100 22 0 0 0 -2.51651 100 26 0 0 0 0 0 0 0 0 0 0 0
64800 -202.322 0 0 0 0.828483 100 34 4.60805 100 21 0 0 0 -2.95304 100 24 0 0 0 0 0 0 0 0 0 0 0
64900 -202.192 0 0 0 0.544852 100 37 1.40185 100 24 0 0 0 -2.33473 100 14 0 0 0 0 0 0 0 0 0 0 0
65000 -201.674 0 0 0 0.869958 100 32 3.7654 100 17 0 0 0 -2.65999 100 21 0 0 0 0 0 0 0 0 0 0 0
65100 -203.302 0 0 0 1.16841 100 30 1.77562 100 30 0 0 0 -3.02305 100 28 0 0 0 0 0 0 0 0 0 0 0
65200 -200.726 0 0 0 1.61378 100 40 4.9051 100 21 0 0 0 -3.17619 100 20 0 0 0 0 0 0 0 0 0 0 0
65300 -202.005 0 0 0 1.99093 100 35 3.95341 100 20 0 0 0 -3.19607 100 29 0 0 0 0 0 0 0 0 0 0 0
65400 -201.356 0 0 0 0.818325 100 31 3.26267 100 24 0 0 0 -2.69197 100 22 0 0 0 0 0 0 0 0 0 0 0
65500 -200.703 0 0 0 1.31034 100 40 4.17719 100 15 0 0 0 -2.96371 100 26 0 0 0 0 0 0 0 0 0 0 0
65600 -202.573 0 0 0 1.29873 100 27 1.64236 100 21 0 0 0 -2.56109 100 24 0 0 0 0 0 0 0 0 0 0 0
65700 -203.406 0 0 0 2.89469 100 34 8.65764 100 30 0 0 0 -4.15031 100 26 0 0 0 0 0 0 0 0 0 0 0
65800 -201.531 0 0 0 1.42538 100 34 6.1772 100 22 0 0 0 -3.17722 100 29 0 0 0 0 0 0 0 0 0 0 0
65900 -200.936 0 0 0 1.45147 100 37 3.8757 100 21 0 0 0 -2.88134 100 18 0 0 0 0 0 0 0 0 0 0 0
66000 -202.625 0 0 0 1.30912 100 28 5.48278 100 24 0 0 0 -2.84011 100 25 0 0 0 0 0 0 0 0 0 0 0
66100 -201.546 0 0 0 1.41053 100 33 3.99 100 35 0 0 0 -2.77701 100 21 0 0 0 0 0 0 0 0 0 0 0
66200 -200.888 0 0 0 1.61473 100 39 5.05865 100 15 0 0 0 -3.05902 100 21 0 0 0 0 0 0 0 0 0 0 0
66300 -203.193 0 0 0 1.49468 100 30 3.34304 100 24 0 0 0 -3.30958 100 24 0 0 0 0 0 0 0 0 0 0 0
66400 -201.559 0 0 0 1.69254 100 41 6.84646 100 18 0 0 0 -3.4212 100 23 0 0 0 0 0 0 0 0 0 0 0
66500 -201.567 0 0 0 1.94788 100 49 4.27389 100 17 0 0 0 -3.20906 100 23 0 0 0 0 0 0 0 0 0 0 0
66600 -201.825 0 0 0 1.02138 100 39 1.59942 100 25 0 0 0 -2.49505 100 26 0 0 0 0 0 0 0 0 0 0 0
66700 -200.939 0 0 0 1.63882 100 35 4.78126 100 23 0 0 0 -3.24458 100 21 0 0 0 0 0 0 0 0 0 0 0
66800 -203.293 0 0 0 1.83359 100 30 5.56641 100 19 0 0 0 -2.95391 100 23 0 0 0 0 0 0 0 0 0 0 0
66900 -200.814 0 0 0 1.54159 100 28 3.86849 100 22 0 0 0 -3.00513 100 24 0 0 0 0 0 0 0 0 0 0 0
67000 -204.147 0 0 0 1.34265 100 43 7.75983 100 22 0 0 0 -3.31355 100 25 0 0 0 0 0 0 0 0 0 0 0
67100 -202.041 0 0 0 2.00193 100 30 6.72657 100 25 0 0 0 -3.67813 100 25 0 0 0 0 0 0 0 0 0 0 0
67200 -200.831 0 0 0 1.56218 100 36 4.26349 100 22 0 0 0 -2.98777 100 30 0 0 0 0 0 0 0 0 0 0 0
67300 -202.027 0 0 0 0.493829 100 31 1.80649 100 28 0 0 0 -2.47197 100 25 0 0 0 0 0 0 0 0 0 0 0
67400 -200.833 0 0 0 1.27151 100 38 4.13951 100 21 0 0 0 -3.01446 100 26 0 0 0 0 0 0 0 0 0 0 0
67500 -205.76 0 0 0 0.372317 100 37 2.92624 100 19 0 0 0 -2.95365 100 18 0 0 0 0 0 0 0 0 0 0 0
67600 -200.817 0 0 0 1.44962 100 35 4.69217 100 24 0 0 0 -3.13882 100 21 0 0 0 0 0 0 0 0 0 0 0
67700 -201.159 0 0 0 1.3529 100 29 3.55892 100 35 0 0 0 -2.77711 100 28 0 0 0 0 0 0 0 0 0 0 0
67800 -201.807 0 0 0 1.05889 100 30 1.85674 100 25 0 0 0 -2.51056 100 26 0 0 0 0 0 0 0 0 0 0 0
67900 -201.601 0 0 0 1.06077 100 32 4.90611 100 23 0 0 0 -2.88952 100 24 0 0 0 0 0 0 0 0 0 0 0
68000 -201.367 0 0 0 2.07576 100 36 5.99583 100 15 0 0 0 -3.32247 100 21 0 0 0 0 0 0 0 0 0 0 0
68100 -202.979 0 0 0 2.68317 100 31 8.56006 100 30 0 0 0 -4.07404 100 29 0 0 0 0 0 0 0 0 0 0 0
68200 -203.305 0 0 0 0.44 100 28 -0.634854 100 24 0 0 0 -2.16647 100 21 0 0 0 0 0 0 0 0 0 0 0
68300 -201.877 0 0 0 1.72196 100 40 6.57133 100 22 0 0 0 -3.52993 100 24 0 0 0 0 0 0 0 0 0 0 0
68400 -201.607 0 0 0 1.83536 100 40 3.90105 100 21 0 0 0 -3.23451 100 23 0 0 0 0 0 0 0 0 0 0 0
68500 -202.43 0 0 0 1.59581 100 27 2.23155 100 23 0 0 0 -2.80351 100 23 0 0 0 0 0 0 0 0 0 0 0
68600 -201.69 0 0 0 1.48848 100 41 2.56829 100 20 0 0 0 -2.79474 100 26 0 0 0 0 0 0 0 0 0 0 0
68700 -201.092 0 0 0 1.19905 100 29 2.92492 100 19 0 0 0 -2.91364 100 24 0 0 0 0 0 0 0 0 0 0 0
68800 -201.25 0 0 0 1.00675 100 29 1.95189 100 26 0 0 0 -2.62105 100 25 0 0 0 0 0 0 0 0 0 0 0
68900 -201.278 0 0 0 1.42463 100 34 2.68925 100 18 0 0 0 -2.92151 100 23 0 0 0 0 0 0 0 0 0 0 0
69000 -201.304 0 0 0 1.79314 100 26 4.12684 100 24 0 0 0 -3.22323 100 32 0 0 0 0 0 0 0 0 0 0 0
69100 -200.783 0 0 0 1.40123 100 42 4.91752 100 25 0 0 0 -3.07644 100 19 0 0 0 0 0 0 0 0 0 0 0
69200 -201.2 0 0 0 0.914429 100 34 2.15092 100 28 0 0 0 -2.66872 100 21 0 0 0 0 0 0 0 0 0 0 0
69300 -201.277 0 0 0 2.02916 100 29 6.30308 100 25 0 0 0 -3.33586 100 17 0 0 0 0 0 0 0 0 0 0 0
69400 -201.275 0 0 0 1.04839 100 40 3.36114 100 23 0 0 0 -2.65741 100 18 0 0 0 0 0 0 0 0 0 0 0
69500 -201.891 0 0 0 1.88191 100 22 3.66974 100 28 0 0 0 -3.08744 100 30 0 0 0 0 0 0 0 0 0 0 0
69600 -202.374 0 0 0 1.55854 100 28 6.82484 100 21 0 0 0 -3.49734 100 26 0 0 0 0 0 0 0 0 0 0 0
69700 -202.208 0 0 0 0.577207 100 30 3.03858 100 27 0 0 0 -2.70267 100 20 0 0 0 0 0 0 0 0 0 0 0
69800 -200.985 0 0 0 1.16235 100 40 3.74325 100 25 0 0 0 -2.96587 100 20 0 0 0 0 0 0 0 0 0 0 0
69900 -201.094 0 0 0 1.3828 100 28 5.51049 100 24 0 0 0 -3.12063 100 22 0 0 0 0 0 0 0 0 0 0 0
70000 -202.806 0 0 0 0.530881 100 33 -0.271064 100 20 0 0 0 -2.34743 100 19 0 0 0 0 0 0 0 0 0 0 0
70100 -203.461 0 0 0 1.85492 100 37 2.29369 100 33 0 0 0 -2.94932 100 24 0 0 0 0 0 0 0 0 0 0 0
70200 -202.204 0 0 0 2.47988 100 38 6.71973 100 17 0 0 0 -3.58355 100 18 0 0 0 0 0 0 0 0 0 0 0
70300 -201.269 0 0 0 2.12609 100 31 6.70865 100 29 0 0 0 -3.53688 100 26 0 0 0 0 0 0 0 0 0 0 0
70400 -201.508 0 0 0 1.67916 100 31 5.78138 100 25 0 0 0 -3.07219 100 24 0 0 0 0 0 0 0 0 0 0 0
70500 -201.981 0 0 0 0.865596 100 39 1.56044 100 24 0 0 0 -2.41 100 15 0 0 0 0 0 0 0 0 0 0 0
70600 -202.885 0 0 0 0.757389 100 33 3.56963 100 22 0 0 0 -2.97941 100 19 0 0 0 0 0 0 0 0 0 0 0
70700 -203.197 0 0 0 1.32503 100 29 3.66956 100 24 0 0 0 -2.58447 100 31 0 0 0 0 0 0 0 0 0 0 0
70800 -201.118 0 0 0 1.37783 100 36 5.02365 100 22 0 0 0 -2.9512 100 31 0 0 0 0 0 0 0 0 0 0 0
70900 -202.076 0 0 0 0.840762 100 33 3.1567 100 18 0 0 0 -2.91309 100 13 0 0 0 0 0 0 0 0 0 0 0
71000 -203.455 0 0 0 0.148885 100 34 1.36191 100 13 0 0 0 -2.24808 100 28 0 0 0 0 0 0 0 0 0 0 0
71100 -204.941 0 0 0 0.282523 100 33 3.89242 100 22 0 0 0 -2.82253 100 25 0 0 0 0 0 0 0 0 0 0 0
71200 -205.311 0 0 0 1.46201 100 29 -0.19376 100 24 0 0 0 -2.59489 100 20 0 0 0 0 0 0 0 0 0 0 0
71300 -202.878 0 0 0 1.63023 100 29 6.374 100 24 0 0 0 -3.59439 100 23 0 0 0 0 0 0 0 0 0 0 0
71400 -201.44 0 0 0 1.23245 100 40 3.55261 100 26 0 0 0 -3.06627 100 22 0 0 0 0 0 0 0 0 0 0 0
71500 -201.394 0 0 0 1.93746 100 31 6.77604 100 21 0 0 0 -3.54647 100 19 0 0 0 0 0 0 0 0 0 0 0
71600 -201.754 0 0 0 1.46653 100 29 6.23251 100 21 0 0 0 -3.10569 100 35 0 0 0 0 0 0 0 0 0 0 0
71700 -201.773 0 0 0 0.614598 100 49 2.5132 100 23 0 0 0 -2.61009 100 27 0 0 0 0 0 0 0 0 0 0 0
71800 -201.424 0 0 0 1.17791 100 47 2.49361 100 25 0 0 0 -2.90631 100 22 0 0 0 0 0 0 0 0 0 0 0
71900 -201.98 0 0 0 0.686596 100 25 1.20784 100 20 0 0 0 -2.36965 100 25 0 0 0 0 0 0 0 0 0 0 0
72000 -201.598 0 0 0 0.980072 100 36 1.55743 100 14 0 0 0 -2.70372 100 27 0 0 0 0 0 0 0 0 0 0 0
72100 -201.792 0 0 0 2.07383 100 37 4.69734 100 25 0 0 0 -3.25192 100 26 0 0 0 0 0 0 0 0 0 0 0
72200 -202.587 0 0 0 2.04516 100 32 5.12227 100 25 0 0 0 -3.09638 100 24 0 0 0 0 0 0 0 0 0 0 0
72300 -202.406 0 0 0 1.23403 100 35 5.82718 100 29 0 0 0 -2.93455 100 24 0 0 0 0 0 0 0 0 0 0 0
72400 -203.705 0 0 0 1.90009 100 35 6.59385 100 23 0 0 0 -3.79341 100 27 0 0 0 0 0 0 0 0 0 0 0
72500 -201.035 0 0 0 1.82704 100 36 6.25846 100 25 0 0 0 -3.30007 100 28 0 0 0 0 0 0 0 0 0 0 0
72600 -203.796 0 0 0 0.370019 100 32 -0.0331791 100 32 0 0 0 -2.06167 100 34 0 0 0 0 0 0 0 0 0 0 0
72700 -201.709 0 0 0 2.32595 100 31 7.46304 100 34 0 0 0 -3.71659 100 23 0 0 0 0 0 0 0 0 0 0 0
72800 -201.971 0 0 0 1.77076 100 36 6.22875 100 16 0 0 0 -3.55518 100 24 0 0 0 0 0 0 0 0 0 0 0
72900 -201.916 0 0 0 1.24521 100 27 5.97061 100 27 0 0 0 -3.17813 100 30 0 0 0 0 0 0 0 0 0 0 0
73000 -201.68 0 0 0 2.10245 100 46 6.01745 100 28 0 0 0 -3.59114 100 29 0 0 0 0 0 0 0 0 0 0 0
73100 -202.463 0 0 0 1.31107 100 33 4.09522 100 26 0 0 0 -2.66787 100 29 0 0 0 0 0 0 0 0 0 0 0
73200 -201.022 0 0 0 1.22565 100 33 2.71197 100 21 0 0 0 -2.85499 100 26 0 0 0 0 0 0 0 0 0 0 0
73300 -202.717 0 0 0 0.570307 100 36 3.25205 100 16 0 0 0 -2.80105 100 18 0 0 0 0 0 0 0 0 0 0 0
73400 -201.969 0 0 0 0.541545 100 29 2.16523 100 27 0 0 0 -2.57209 100 27 0 0 0 0 0 0 0 0 0 0 0
73500 -202.365 0 0 0 1.14678 100 24 4.1944 100 21 0 0 0 -3.1874 100 23 0 0 0 0 0 0 0 0 0 0 0
73600 -201.593 0 0 0 2.15667 100 33 6.91673 100 17 0 0 0 -3.65832 100 31 0 0 0 0 0 0 0 0 0 0 0
73700 -203.779 0 0 0 1.88558 100 36 2.04817 100 20 0 0 0 -3.06698 100 23 0 0 0 0 0 0 0 0 0 0 0
73800 -200.938 0 0 0 1.12889 100 32 4.14806 100 25 0 0 0 -2.91949 100 23 0 0 0 0 0 0 0 0 0 0 0
73900 -201.16 0 0 0 1.86637 100 33 4.57949 100 25 0 0 0 -3.17572 100 21 0 0 0 0 0 0 0 0 0 0 0
74000 -203.894 0 0 0 1.82849 100 34 3.92878 100 16 0 0 0 -2.81274 100 31 0 0 0 0 0 0 0 0 0 0 0
74100 -203.228 0 0 0 1.76292 100 36 2.32274 100 27 0 0 0 -2.85493 100 20 0 0 0 0 0 0 0 0 0 0 0
74200 -202.008 0 0 0 1.60589 100 30 6.0869 100 17 0 0 0 -3.04517 100 20 0 0 0 0 0 0 0 0 0 0 0
74300 -203.418 0 0 0 0.251079 100 39 -0.603815 100 25 0 0 0 -2.16779 100 27 0 0 0 0 0 0 0 0 0 0 0
74400 -202.842 0 0 0 2.33955 100 35 5.0835 100 20 0 0 0 -3.59179 100 19 0 0 0 0 0 0 0 0 0 0 0
74500 -201.734 0 0 0 2.19358 100 32 6.28954 100 18 0 0 0 -3.36498 100 19 0 0 0 0 0 0 0 0 0 0 0
74600 -203.947 0 0 0 0.715743 100 34 0.141975 100 28 0 0 0 -2.14251 100 35 0 0 0 0 0 0 0 0 0 0 0
74700 -203.555 0 0 0 2.10107 100 30 4.95348 100 28 0 0 0 -3.67291 100 24 0 0 0 0 0 0 0 0 0 0 0
74800 -201.18 0 0 0 1.48704 100 30 3.68153 100 20 0 0 0 -3.12016 100 26 0 0 0 0 0 0 0 0 0 0 0
74900 -201.042 0 0 0 1.02505 100 26 3.57224 100 17 0 0 0 -2.74218 100 21 0 0 0 0 0 0 0 0 0 0 0
75000 -202.159 0 0 0 1.84319 100 30 4.09585 100 19 0 0 0 -2.96934 100 20 0 0 0 0 0 0 0 0 0 0 0
75100 -200.864 0 0 0 1.52678 100 32 5.47163 100 20 0 0 0 -3.18635 100 25 0 0 0 0 0 0 0 0 0 0 0
75200 -202.344 0 0 0 0.945167 100 34 4.61236 100 27 0 0 0 -3.07549 100 27 0 0 0 0 0 0 0 0 0 0 0
75300 -201.098 0 0 0 1.64769 100 34 5.25797 100 27 0 0 0 -3.32212 100 24 0 0 0 0 0 0 0 0 0 0 0
75400 -201.897 0 0 0 1.65289 100 37 2.67002 100 21 0 0 0 -2.97579 100 26 0 0 0 0 0 0 0 0 0 0 0
75500 -204.902 0 0 0 2.66906 100 34 11.0269 100 24 0 0 0 -4.17105 100 26 0 0 0 0 0 0 0 0 0 0 0
75600 -201.9 0 0 0 1.0315 100 43 5.22312 100 26 0 0 0 -2.99531 100 29 0 0 0 0 0 0 0 0 0 0 0
75700 -201.082 0 0 0 1.83431 100 42 5.87536 100 26 0 0 0 -3.41579 100 25 0 0 0 0 0 0 0 0 0 0 0
75800 -201.007 0 0 0 1.14084 100 36 4.17875 100 24 0 0 0 -2.97038 100 35 0 0 0 0 0 0 0 0 0 0 0
75900 -201.457 0 0 0 1.58302 100 28 5.87313 100 27 0 0 0 -3.38125 100 26 0 0 0 0 0 0 0 0 0 0 0
76000 -200.716 0 0 0 1.32503 100 30 3.66232 100 19 0 0 0 -2.90578 100 30 0 0 0 0 0 0 0 0 0 0 0
76100 -202.089 0 0 0 0.527079 100 40 0.912832 100 27 0 0 0 -2.39214 100 24 0 0 0 0 0 0 0 0 0 0 0
76200 -202.037 0 0 0 1.89105 100 32 3.48802 100 24 0 0 0 -3.17656 100 29 0 0 0 0 0 0 0 0 0 0 0
76300 -202.088 0 0 0 1.85349 100 37 5.69889 100 21 0 0 0 -3.56155 100 24 0 0 0 0 0 0 0 0 0 0 0
76400 -203.197 0 0 0 2.74219 100 28 7.6352 100 25 0 0 0 -3.70895 100 21 0 0 0 0 0 0 0 0 0 0 0
76500 -201.029 0 0 0 1.06211 100 32 3.96723 100 27 0 0 0 -2.89571 100 20 0 0 0 0 0 0 0 0 0 0 0
76600 -201.56 0 0 0 2.16039 100 29 6.95641 100 26 0 0 0 -3.65303 100 31 0 0 0 0 0 0 0 0 0 0 0
76700 -203.53 0 0 0 1.05209 100 31 5.18251 100 28 0 0 0 -2.70082 100 22 0 0 0 0 0 0 0 0 0 0 0
76800 -201.11 0 0 0 1.47805 100 41 3.9398 100 22 0 0 0 -2.8637 100 23 0 0 0 0 0 0 0 0 0 0 0
76900 -203.338 0 0 0 1.65414 100 30 1.48993 100 19 0 0 0 -2.88793 100 21 0 0 0 0 0 0 0 0 0 0 0
77000 -202.923 0 0 0 0.704408 100 31 -0.0186876 100 20 0 0 0 -2.25706 100 18 0 0 0 0 0 0 0 0 0 0 0
77100 -202.973 0 0 0 1.7617 100 30 2.87468 100 25 0 0 0 -2.83918 100 30 0 0 0 0 0 0 0 0 0 0 0
77200 -203.569 0 0 0 0.309996 100 44 0.752359 100 14 0 0 0 -2.11668 100 21 0 0 0 0 0 0 0 0 0 0 0
77300 -202.75 0 0 0 0.584109 100 32 1.22528 100 22 0 0 0 -2.24493 100 14 0 0 0 0 0 0 0 0 0 0 0
77400 -202.086 0 0 0 0.934746 100 29 5.02097 100 26 0 0 0 -2.9257 100 26 0 0 0 0 0 0 0 0 0 0 0
77500 -202.491 0 0 0 1.78713 100 37 7.40212 100 26 0 0 0 -3.28616 100 29 0 0 0 0 0 0 0 0 0 0 0
77600 -203.187 0 0 0 1.78574 100 37 2.07865 100 21 0 0 0 -2.98569 100 24 0 0 0 0 0 0 0 0 0 0 0
77700 -200.975 0 0 0 1.34114 100 36 3.40625 100 25 0 0 0 -3.00243 100 27 0 0 0 0 0 0 0 0 0 0 0
77800 -201.948 0 0 0 1.3447 100 33 2.59387 100 19 0 0 0 -2.64423 100 14 0 0 0 0 0 0 0 0 0 0 0
77900 -201.544 0 0 0 1.33453 100 41 2.38665 100 13 0 0 0 -2.70397 100 36 0 0 0 0 0 0 0 0 0 0 0
78000 -201.189 0 0 0 1.53323 100 41 3.10212 100 21 0 0 0 -2.9617 100 26 0 0 0 0 0 0 0 0 0 0 0
78100 -201.36 0 0 0 0.762593 100 28 2.54766 100 21 0 0 0 -2.63339 100 19 0 0 0 0 0 0 0 0 0 0 0
78200 -201.727 0 0 0 2.06251 100 39 6.47471 100 27 0 0 0 -3.29482 100 17 0 0 0 0 0 0 0 0 0 0 0
78300 -200.721 0 0 0 1.39305 100 29 4.33938 100 22 0 0 0 -2.95481 100 23 0 0 0 0 0 0 0 0 0 0 0
78400 -201.921 0 0 0 2.42112 100 36 7.8831 100 23 0 0 0 -3.70187 100 26 0 0 0 0 0 0 0 0 0 0 0
78500 -204.422 0 0 0 0.609351 100 37 -0.685246 100 17 0 0 0 -2.5744 100 34 0 0 0 0 0 0 0 0 0 0 0
78600 -203.476 0 0 0 1.18896 100 31 3.99398 100 15 0 0 0 -2.55393 100 21 0 0 0 0 0 0 0 0 0 0 0
78700 -201.413 0 0 0 2.03292 100 33 6.07659 100 22 0 0 0 -3.54144 100 20 0 0 0 0 0 0 0 0 0 0 0
78800 -202.738 0 0 0 2.36737 100 42 8.96165 100 22 0 0 0 -3.74863 100 20 0 0 0 0 0 0 0 0 0 0 0
78900 -200.871 0 0 0 1.7426 100 39 5.05846 100 24 0 0 0 -3.2706 100 22 0 0 0 0 0 0 0 0 0 0 0
79000 -203.14 0 0 0 0.282373 100 32 2.27212 100 30 0 0 0 -2.37209 100 27 0 0 0 0 0 0 0 0 0 0 0
79100 -202.07 0 0 0 0.935955 100 41 4.26736 100 21 0 0 0 -3.0257 100 28 0 0 0 0 0 0 0 0 0 0 0
79200 -204.122 0 0 0 2.42258 100 41 4.18248 100 25 0 0 0 -3.40996 100 21 0 0 0 0 0 0 0 0 0 0 0
79300 -201.461 0 0 0 1.39173 100 40 5.87551 100 19 0 0 0 -3.24044 100 25 0 0 0 0 0 0 0 0 0 0 0
79400 -201.162 0 0 0 1.29005 100 32 4.99432 100 15 0 0 0 -2.9393 100 31 0 0 0 0 0 0 0 0 0 0 0
79500 -201.855 0 0 0 0.904853 100 30 2.24056 100 26 0 0 0 -2.46086 100 24 0 0 0 0 0 0 0 0 0 0 0
79600 -204.287 0 0 0 0.131144 100 33 1.86007 100 29 0 0 0 -2.19439 100 27 0 0 0 0 0 0 0 0 0 0 0
79700 -201.315 0 0 0 1.48403 100 30 4.61259 100 19 0 0 0 -2.88773 100 25 0 0 0 0 0 0 0 0 0 0 0
79800 -200.952 0 0 0 1.20447 100 31 4.56072 100 24 0 0 0 -2.98682 100 23 0 0 0 0 0 0 0 0 0 0 0
79900 -201.229 0 0 0 1.41144 100 30 4.12967 100 21 0 0 0 -3.16297 100 18 0 0 0 0 0 0 0 0 0 0 0
80000 -201.089 0 0 0 1.02763 100 25 3.26425 100 20 0 0 0 -2.86762 100 32 0 0 0 0 0 0 0 0 0 0 0
80100 -201.334 0 0 0 0.888666 100 36 3.00397 100 20 0 0 0 -2.60629 100 26 0 0 0 0 0 0 0 0 0 0 0
80200 -201.027 0 0 0 1.42611 100 38 4.91266 100 27 0 0 0 -3.19011 100 21 0 0 0 0 0 0 0 0 0 0 0
80300 -200.926 0 0 0 1.57085 100 31 4.38957 100 25 0 0 0 -2.97198 100 22 0 0 0 0 0 0 0 0 0 0 0
80400 -203.82 0 0 0 1.79509 100 37 2.08491 100 20 0 0 0 -3.18627 100 25 0 0 0 0 0 0 0 0 0 0 0
80500 -200.87 0 0 0 1.46175 100 32 3.5623 100 23 0 0 0 -2.91415 100 17 0 0 0 0 0 0 0 0 0 0 0
80600 -201.568 0 0 0 1.27906 100 35 5.24235 100 20 0 0 0 -2.91467 100 18 0 0 0 0 0 0 0 0 0 0 0
80700 -202.175 0 0 0 2.39718 100 34 8.49803 100 28 0 0 0 -3.79379 100 23 0 0 0 0 0 0 0 0 0 0 0
80800 -201.618 0 0 0 0.910768 100 26 4.31102 100 22 0 0 0 -2.88669 100 30 0 0 0 0 0 0 0 0 0 0 0
80900 -202.494 0 0 0 0.914151 100 38 0.21958 100 32 0 0 0 -2.50805 100 21 0 0 0 0 0 0 0 0 0 0 0
81000 -205.164 0 0 0 0.571287 100 33 5.72619 100 25 0 0 0 -2.87963 100 24 0 0 0 0 0 0 0 0 0 0 0
81100 -201.085 0 0 0 1.9674 100 34 5.89872 100 21 0 0 0 -3.43472 100 23 0 0 0 0 0 0 0 0 0 0 0
81200 -201.356 0 0 0 1.37179 100 30 3.41027 100 18 0 0 0 -2.74968 100 36 0 0 0 0 0 0 0 0 0 0 0
81300 -202.346 0 0 0 1.20105 100 30 1.46398 100 37 0 0 0 -2.86859 100 19 0 0 0 0 0 0 0 0 0 0 0
81400 -200.769 0 0 0 1.32694 100 35 4.57891 100 20 0 0 0 -2.98356 100 23 0 0 0 0 0 0 0 0 0 0 0
81500 -202.057 0 0 0 2.4246 100 31 6.31227 100 19 0 0 0 -3.60212 100 21 0 0 0 0 0 0 0 0 0 0 0
81600 -200.821 0 0 0 1.56095 100 30 4.2039 100 20 0 0 0 -3.12117 100 24 0 0 0 0 0 0 0 0 0 0 0
81700 -203.812 0 0 0 0.419455 100 28 -1.3033 100 25 0 0 0 -2.22254 100 25 0 0 0 0 0 0 0 0 0 0 0
81800 -200.853 0 0 0 1.55988 100 28 5.27844 100 28 0 0 0 -3.22348 100 23 0 0 0 0 0 0 0 0 0 0 0
81900 -201.106 0 0 0 1.82265 100 26 6.47666 100 19 0 0 0 -3.33643 100 25 0 0 0 0 0 0 0 0 0 0 0
82000 -201.274 0 0 0 1.93752 100 31 6.52627 100 22 0 0 0 -3.51642 100 23 0 0 0 0 0 0 0 0 0 0 0
82100 -200.856 0 0 0 1.21889 100 29 4.11929 100 21 0 0 0 -2.98312 100 24 0 0 0 0 0 0 0 0 0 0 0
82200 -201.252 0 0 0 1.53478 100 31 3.27973 100 23 0 0 0 -2.87664 100 20 0 0 0 0 0 0 0 0 0 0 0
82300 -201.783 0 0 0 1.14237 100 35 3.68533 100 15 0 0 0 -2.64086 100 19 0 0 0 0 0 0 0 0 0 0 0
82400 -202.301 0 0 0 1.05217 100 36 2.58467 100 26 0 0 0 -2.4765 100 24 0 0 0 0 0 0 0 0 0 0 0
82500 -204.329 0 0 0 1.37899 100 33 3.23928 100 21 0 0 0 -3.3488 100 15 0 0 0 0 0 0 0 0 0 0 0
82600 -200.838 0 0 0 1.25369 100 37 4.41988 100 23 0 0 0 -3.00142 100 18 0 0 0 0 0 0 0 0 0 0 0
82700 -200.676 0 0 0 1.4301 100 38 4.50445 100 21 0 0 0 -3.04573 100 32 0 0 0 0 0 0 0 0 0 0 0
82800 -202.644 0 0 0 2.61228 100 30 7.92538 100 20 0 0 0 -3.69089 100 21 0 0 0 0 0 0 0 0 0 0 0
82900 -201.048 0 0 0 1.02091 100 33 3.49567 100 25 0 0 0 -2.86282 100 21 0 0 0 0 0 0 0 0 0 0 0
83000 -201.507 0 0 0 1.22713 100 31 5.52109 100 18 0 0 0 -3.09434 100 22 0 0 0 0 0 0 0 0 0 0 0
83100 -202.336 0 0 0 0.505069 100 37 2.90261 100 27 0 0 0 -2.5338 100 24 0 0 0 0 0 0 0 0 0 0 0
83200 -200.861 0 0 0 1.73103 100 33 5.83353 100 28 0 0 0 -3.26019 100 24 0 0 0 0 0 0 0 0 0 0 0
83300 -201.34 0 0 0 1.7928 100 32 5.33089 100 22 0 0 0 -3.0883 100 30 0 0 0 0 0 0 0 0 0 0 0
83400 -203.732 0 0 0 0.549169 100 31 3.95705 100 26 0 0 0 -2.92813 100 24 0 0 0 0 0 0 0 0 0 0 0
83500 -203.874 0 0 0 2.7987 100 35 7.45902 100 23 0 0 0 -3.67329 100 21 0 0 0 0 0 0 0 0 0 0 0
83600 -204.19 0 0 0 2.96531 100 38 7.12255 100 23 0 0 0 -3.9657 100 33 0 0 0 0 0 0 0 0 0 0 0
83700 -202.726 0 0 0 1.85392 100 23 3.10981 100 19 0 0 0 -2.94859 100 21 0 0 0 0 0 0 0 0 0 0 0
83800 -201.598 0 0 0 2.09977 100 46 5.37014 100 25 0 0 0 -3.28193 100 35 0 0 0 0 0 0 0 0 0 0 0
83900 -202.495 0 0 0 1.34135 100 37 1.28246 100 21 0 0 0 -2.65167 100 25 0 0 0 0 0 0 0 0 0 0 0
84000 -201.826 0 0 0 2.23798 100 34 7.74859 100 19 0 0 0 -3.74089 100 21 0 0 0 0 0 0 0 0 0 0 0
84100 -202.774 0 0 0 1.01837 100 35 4.201 100 20 0 0 0 -3.15993 100 26 0 0 0 0 0 0 0 0 0 0 0
84200 -201.397 0 0 0 1.02416 100 36 4.31174 100 23 0 0 0 -2.96957 100 28 0 0 0 0 0 0 0 0 0 0 0
84300 -201.947 0 0 0 1.82931 100 35 5.24044 100 20 0 0 0 -3.49534 100 26 0 0 0 0 0 0 0 0 0 0 0
84400 -201.952 0 0 0 0.552258 100 35 2.22619 100 23 0 0 0 -2.58461 100 22 0 0 0 0 0 0 0 0 0 0 0
84500 -204.949 0 0 0 1.42059 100 34 -0.186232 100 19 0 0 0 -2.60129 100 21 0 0 0 0 0 0 0 0 0 0 0
84600 -207.339 0 0 0 2.21454 100 27 6.39464 100 23 0 0 0 -4.11475 100 26 0 0 0 0 0 0 0 0 0 0 0
84700 -201.128 0 0 0 1.2028 100 40 2.87489 100 22 0 0 0 -2.91551 100 33 0 0 0 0 0 0 0 0 0 0 0
84800 -201.849 0 0 0 2.36331 100 35 6.72215 100 25 0 0 0 -3.52785 100 33 0 0 0 0 0 0 0 0 0 0 0
84900 -201.175 0 0 0 2.06188 100 39 6.61691 100 32 0 0 0 -3.45996 100 27 0 0 0 0 0 0 0 0 0 0 0
85000 -201.199 0 0 0 1.18368 100 36 3.82792 100 27 0 0 0 -3.03022 100 27 0 0 0 0 0 0 0 0 0 0 0
85100 -202.359 0 0 0 2.06204 100 28 4.69601 100 17 0 0 0 -3.12893 100 24 0 0 0 0 0 0 0 0 0 0 0
85200 -201.287 0 0 0 1.13287 100 30 4.87359 100 34 0 0 0 -2.99504 100 13 0 0 0 0 0 0 0 0 0 0 0
85300 -200.915 0 0 0 1.85157 100 35 5.96885 100 27 0 0 0 -3.30819 100 24 0 0 0 0 0 0 0 0 0 0 0
85400 -201.998 0 0 0 1.86203 100 32 5.38457 100 26 0 0 0 -3.5242 100 18 0 0 0 0 0 0 0 0 0 0 0
85500 -201.075 0 0 0 1.35115 100 36 4.48091 100 16 0 0 0 -3.13936 100 19 0 0 0 0 0 0 0 0 0 0 0
85600 -202.001 0 0 0 1.78039 100 48 5.31178 100 24 0 0 0 -3.49523 100 22 0 0 0 0 0 0 0 0 0 0 0
85700 -202.131 0 0 0 0.535482 100 30 1.67523 100 29 0 0 0 -2.36744 100 20 0 0 0 0 0 0 0 0 0 0 0
85800 -202.063 0 0 0 0.515145 100 36 1.19855 100 31 0 0 0 -2.38054 100 20 0 0 0 0 0 0 0 0 0 0 0
85900 -201.967 0 0 0 0.934396 100 31 2.90829 100 26 0 0 0 -2.93333 100 24 0 0 0 0 0 0 0 0 0 0 0
86000 -201.784 0 0 0 0.71585 100 33 2.95872 100 24 0 0 0 -2.75708 100 23 0 0 0 0 0 0 0 0 0 0 0
86100 -202.416 0 0 0 0.861106 100 31 0.298107 100 22 0 0 0 -2.41593 100 20 0 0 0 0 0 0 0 0 0 0 0
86200 -202.063 0 0 0 1.90828 100 38 7.83134 100 35 0 0 0 -3.58205 100 31 0 0 0 0 0 0 0 0 0 0 0
86300 -201.952 0 0 0 2.26906 100 33 8.16159 100 21 0 0 0 -3.69135 100 24 0 0 0 0 0 0 0 0 0 0 0
86400 -204.771 0 0 0 1.9487 100 35 3.61262 100 23 0 0 0 -3.56503 100 27 0 0 0 0 0 0 0 0 0 0 0
86500 -203.481 0 0 0 0.419315 100 39 3.86689 100 30 0 0 0 -2.69925 100 30 0 0 0 0 0 0 0 0 0 0 0
86600 -203.152 0 0 0 0.664403 100 33 0.276077 100 31 0 0 0 -2.61392 100 23 0 0 0 0 0 0 0 0 0 0 0
86700 -202.783 0 0 0 1.62554 100 30 7.74659 100 23 0 0 0 -3.50035 100 27 0 0 0 0 0 0 0 0 0 0 0
86800 -201.115 0 0 0 1.29285 100 30 5.21455 100 23 0 0 0 -3.0868 100 32 0 0 0 0 0 0 0 0 0 0 0
86900 -201.166 0 0 0 1.3185 100 38 3.95407 100 28 0 0 0 -2.79019 100 31 0 0 0 0 0 0 0 0 0 0 0
87000 -205.653 0 0 0 2.46851 100 32 9.39962 100 21 0 0 0 -4.31769 100 22 0 0 0 0 0 0 0 0 0 0 0
87100 -201.835 0 0 0 0.785822 100 34 4.01247 100 30 0 0 0 -2.76249 100 24 0 0 0 0 0 0 0 0 0 0 0
87200 -201.04 0 0 0 1.39139 100 32 4.49938 100 22 0 0 0 -3.15338 100 21 0 0 0 0 0 0 0 0 0 0 0
87300 -202.564 0 0 0 0.646959 100 35 4.02091 100 17 0 0 0 -2.65958 100 20 0 0 0 0 0 0 0 0 0 0 0
87400 -206.292 0 0 0 2.95921 100 37 5.48713 100 24 0 0 0 -3.90549 100 22 0 0 0 0 0 0 0 0 0 0 0
87500 -201.953 0 0 0 1.61243 100 35 3.55553 100 26 0 0 0 -3.23905 100 21 0 0 0 0 0 0 0 0 0 0 0
87600 -202.187 0 0 0 2.3975 100 41 5.96319 100 25 0 0 0 -3.60923 100 26 0 0 0 0 0 0 0 0 0 0 0
87700 -200.926 0 0 0 1.80171 100 34 5.4181 100 23 0 0 0 -3.33211 100 34 0 0 0 0 0 0 0 0 0 0 0
87800 -202.19 0 0 0 2.51404 100 35 6.77197 100 16 0 0 0 -3.66335 100 28 0 0 0 0 0 0 0 0 0 0 0
87900 -201.027 0 0 0 0.994805 100 34 3.40685 100 22 0 0 0 -2.73428 100 25 0 0 0 0 0 0 0 0 0 0 0
88000 -200.721 0 0 0 1.50736 100 26 4.56549 100 22 0 0 0 -3.01515 100 32 0 0 0 0 0 0 0 0 0 0 0
88100 -201.71 0 0 0 0.764021 100 35 1.48256 100 29 0 0 0 -2.43694 100 22 0 0 0 0 0 0 0 0 0 0 0
88200 -206.857 0 0 0 -0.00685632 100 31 -2.73169 100 22 0 0 0 -1.74535 100 27 0 0 0 0 0 0 0 0 0 0 0
88300 -206.227 0 0 0 -0.211318 100 25 -2.306 100 28 0 0 0 -1.81808 100 28 0 0 0 0 0 0 0 0 0 0 0
88400 -201.742 0 0 0 0.89251 100 51 3.44323 100 24 0 0 0 -2.91607 100 20 0 0 0 0 0 0 0 0 0 0 0
88500 -203.719 0 0 0 2.0262 100 29 6.39143 100 18 0 0 0 -3.82308 100 31 0 0 0 0 0 0 0 0 0 0 0
88600 -200.95 0 0 0 1.81773 100 31 5.67258 100 26 0 0 0 -3.36175 100 24 0 0 0 0 0 0 0 0 0 0 0
88700 -202.767 0 0 0 2.35376 100 31 6.44672 100 24 0 0 0 -3.81403 100 34 0 0 0 0 0 0 0 0 0 0 0
88800 -201.3 0 0 0 0.925331 100 41 3.45504 100 33 0 0 0 -2.67178 100 30 0 0 0 0 0 0 0 0 0 0 0
88900 -201.376 0 0 0 0.819422 100 38 2.03931 100 24 0 0 0 -2.53495 100 26 0 0 0 0 0 0 0 0 0 0 0
89000 -201.788 0 0 0 0.579719 100 35 2.05329 100 19 0 0 0 -2.51667 100 23 0 0 0 0 0 0 0 0 0 0 0
89100 -202.759 0 0 0 2.28658 100 29 6.72811 100 20 0 0 0 -3.83526 100 29 0 0 0 0 0 0 0 0 0 0 0
89200 -200.83 0 0 0 1.42292 100 22 4.54481 100 27 0 0 0 -2.94808 100 20 0 0 0 0 0 0 0 0 0 0 0
89300 -200.978 0 0 0 1.93332 100 34 6.1089 100 24 0 0 0 -3.37123 100 25 0 0 0 0 0 0 0 0 0 0 0
89400 -203.152 0 0 0 1.51266 100 30 1.92029 100 31 0 0 0 -2.64975 100 19 0 0 0 0 0 0 0 0 0 0 0
89500 -203.454 0 0 0 1.59511 100 31 4.16892 100 23 0 0 0 -2.72069 100 32 0 0 0 0 0 0 0 0 0 0 0
89600 -202.932 0 0 0 0.896748 100 34 4.03881 100 30 0 0 0 -3.09581 100 31 0 0 0 0 0 0 0 0 0 0 0
89700 -201.905 0 0 0 1.15179 100 33 1.3097 100 22 0 0 0 -2.72975 100 22 0 0 0 0 0 0 0 0 0 0 0
89800 -201.225 0 0 0 1.54012 100 31 3.22117 100 25 0 0 0 -3.03722 100 29 0 0 0 0 0 0 0 0 0 0 0
89900 -203.447 0 0 0 0.907621 100 29 0.0597774 100 25 0 0 0 -2.68489 100 27 0 0 0 0 0 0 0 0 0 0 0
90000 -202.01 0 0 0 0.823313 100 28 4.14505 100 20 0 0 0 -2.91109 100 21 0 0 0 0 0 0 0 0 0 0 0
90100 -203.362 0 0 0 2.5797 100 36 6.71567 100 25 0 0 0 -3.92603 100 27 0 0 0 0 0 0 0 0 0 0 0
90200 -201.148 0 0 0 1.18695 100 35 4.88566 100 22 0 0 0 -2.97383 100 18 0 0 0 0 0 0 0 0 0 0 0
90300 -202.017 0 0 0 1.4101 100 36 1.97595 100 26 0 0 0 -2.92649 100 23 0 0 0 0 0 0 0 0 0 0 0
90400 -200.823 0 0 0 1.25462 100 33 3.29005 100 16 0 0 0 -2.81046 100 14 0 0 0 0 0 0 0 0 0 0 0
90500 -201.005 0 0 0 1.23622 100 26 4.48864 100 24 0 0 0 -3.05125 100 24 0 0 0 0 0 0 0 0 0 0 0
90600 -200.786 0 0 0 1.41369 100 29 4.25389 100 18 0 0 0 -2.92643 100 16 0 0 0 0 0 0 0 0 0 0 0
90700 -202.322 0 0 0 1.50236 100 32 1.78383 100 22 0 0 0 -2.88371 100 25 0 0 0 0 0 0 0 0 0 0 0
90800 -201.945 0 0 0 1.4583 100 35 6.19907 100 24 0 0 0 -3.06508 100 25 0 0 0 0 0 0 0 0 0 0 0
90900 -201.2 0 0 0 0.884868 100 27 2.20199 100 34 0 0 0 -2.61093 100 22 0 0 0 0 0 0 0 0 0 0 0
91000 -201.069 0 0 0 1.34126 100 30 5.03745 100 20 0 0 0 -2.96625 100 20 0 0 0 0 0 0 0 0 0 0 0
91100 -201.028 0 0 0 1.04029 100 44 3.00716 100 30 0 0 0 -2.83298 100 30 0 0 0 0 0 0 0 0 0 0 0
91200 -202.119 0 0 0 2.32836 100 30 5.7027 100 21 0 0 0 -3.57902 100 23 0 0 0 0 0 0 0 0 0 0 0
91300 -201.882 0 0 0 2.19333 100 28 5.17367 100 20 0 0 0 -3.35819 100 22 0 0 0 0 0 0 0 0 0 0 0
91400 -201.943 0 0 0 0.753389 100 27 1.36643 100 27 0 0 0 -2.38621 100 27 0 0 0 0 0 0 0 0 0 0 0
91500 -201.488 0 0 0 1.03986 100 35 2.93994 100 20 0 0 0 -2.92327 100 32 0 0 0 0 0 0 0 0 0 0 0
91600 -202.332 0 0 0 1.70621 100 31 3.77603 100 27 0 0 0 -3.33111 100 21 0 0 0 0 0 0 0 0 0 0 0
91700 -204.117 0 0 0 3.07846 100 29 9.45305 100 19 0 0 0 -4.02844 100 27 0 0 0 0 0 0 0 0 0 0 0
91800 -203.33 0 0 0 2.50339 100 35 9.75538 100 21 0 0 0 -4.00932 100 28 0 0 0 0 0 0 0 0 0 0 0
91900 -202.302 0 0 0 1.01428 100 39 0.699373 100 23 0 0 0 -2.48058 100 17 0 0 0 0 0 0 0 0 0 0 0
92000 -202.742 0 0 0 0.596262 100 39 1.91585 100 20 0 0 0 -2.74379 100 31 0 0 0 0 0 0 0 0 0 0 0
92100 -201.337 0 0 0 1.51527 100 32 5.4036 100 24 0 0 0 -3.31353 100 28 0 0 0 0 0 0 0 0 0 0 0
92200 -201.04 0 0 0 1.66492 100 28 4.73657 100 24 0 0 0 -3.02213 100 27 0 0 0 0 0 0 0 0 0 0 0
92300 -201.097 0 0 0 1.42274 100 33 5.43476 100 30 0 0 0 -3.04602 100 26 0 0 0 0 0 0 0 0 0 0 0
92400 -203.111 0 0 0 2.49945 100 41 6.51966 100 31 0 0 0 -3.86942 100 22 0 0 0 0 0 0 0 0 0 0 0
92500 -205.257 0 0 0 1.84421 100 34 9.55269 100 28 0 0 0 -3.65988 100 32 0 0 0 0 0 0 0 0 0 0 0
92600 -202.101 0 0 0 1.39946 100 33 1.71194 100 24 0 0 0 -2.85663 100 26 0 0 0 0 0 0 0 0 0 0 0
92700 -201.317 0 0 0 1.78665 100 37 4.39291 100 24 0 0 0 -3.04583 100 25 0 0 0 0 0 0 0 0 0 0 0
92800 -202.628 0 0 0 1.42037 100 35 5.23051 100 20 0 0 0 -3.41222 100 24 0 0 0 0 0 0 0 0 0 0 0
92900 -200.906 0 0 0 1.72906 100 25 4.62772 100 29 0 0 0 -3.10088 100 27 0 0 0 0 0 0 0 0 0 0 0
93000 -201.644 0 0 0 2.21839 100 32 7.58275 100 27 0 0 0 -3.67996 100 21 0 0 0 0 0 0 0 0 0 0 0
93100 -202.75 0 0 0 0.54977 100 29 0.114506 100 22 0 0 0 -2.2318 100 20 0 0 0 0 0 0 0 0 0 0 0
93200 -201.795 0 0 0 1.71587 100 32 3.78148 100 23 0 0 0 -3.26361 100 31 0 0 0 0 0 0 0 0 0 0 0
93300 -204.466 0 0 0 1.2937 100 41 6.15044 100 27 0 0 0 -3.54576 100 25 0 0 0 0 0 0 0 0 0 0 0
93400 -201.623 0 0 0 1.14086 100 38 3.66703 100 24 0 0 0 -3.06024 100 31 0 0 0 0 0 0 0 0 0 0 0
93500 -200.904 0 0 0 1.47844 100 38 5.23328 100 29 0 0 0 -3.19109 100 23 0 0 0 0 0 0 0 0 0 0 0
93600 -200.877 0 0 0 1.25976 100 37 4.57881 100 26 0 0 0 -2.94472 100 21 0 0 0 0 0 0 0 0 0 0 0
93700 -201.315 0 0 0 0.86913 100 38 2.42329 100 23 0 0 0 -2.56135 100 18 0 0 0 0 0 0 0 0 0 0 0
93800 -201.432 0 0 0 1.43445 100 37 5.16898 100 21 0 0 0 -3.27772 100 25 0 0 0 0 0 0 0 0 0 0 0
93900 -201.293 0 0 0 1.45053 100 36 3.60585 100 20 0 0 0 -3.12185 100 26 0 0 0 0 0 0 0 0 0 0 0
94000 -202.403 0 0 0 2.03295 100 23 7.86262 100 27 0 0 0 -3.76333 100 27 0 0 0 0 0 0 0 0 0 0 0
94100 -202.959 0 0 0 2.72026 100 25 7.00222 100 29 0 0 0 -3.76067 100 22 0 0 0 0 0 0 0 0 0 0 0
94200 -200.943 0 0 0 1.50276 100 37 5.21726 100 19 0 0 0 -3.03859 100 30 0 0 0 0 0 0 0 0 0 0 0
94300 -201.14 0 0 0 0.974702 100 34 2.37716 100 19 0 0 0 -2.73513 100 17 0 0 0 0 0 0 0 0 0 0 0
94400 -203.061 0 0 0 0.30509 100 30 0.914281 100 15 0 0 0 -2.19611 100 25 0 0 0 0 0 0 0 0 0 0 0
94500 -201.539 0 0 0 1.13508 100 32 4.16127 100 18 0 0 0 -3.07915 100 23 0 0 0 0 0 0 0 0 0 0 0
94600 -200.827 0 0 0 1.12329 100 32 3.49014 100 18 0 0 0 -2.85069 100 21 0 0 0 0 0 0 0 0 0 0 0
94700 -201.793 0 0 0 0.980592 100 31 4.3159 100 25 0 0 0 -2.72255 100 22 0 0 0 0 0 0 0 0 0 0 0
94800 -202.013 0 0 0 1.27017 100 32 1.38032 100 18 0 0 0 -2.70931 100 19 0 0 0 0 0 0 0 0 0 0 0
94900 -200.809 0 0 0 1.26075 100 37 3.17315 100 23 0 0 0 -2.85222 100 17 0 0 0 0 0 0 0 0 0 0 0
95000 -202.32 0 0 0 0.464417 100 28 1.85684 100 29 0 0 0 -2.36942 100 25 0 0 0 0 0 0 0 0 0 0 0
95100 -205.265 0 0 0 2.81793 100 41 5.35027 100 20 0 0 0 -3.75835 100 29 0 0 0 0 0 0 0 0 0 0 0
95200 -202.46 0 0 0 2.42894 100 38 5.73214 100 29 0 0 0 -3.59119 100 18 0 0 0 0 0 0 0 0 0 0 0
95300 -203.734 0 0 0 1.08648 100 36 4.39608 100 22 0 0 0 -3.29118 100 24 0 0 0 0 0 0 0 0 0 0 0
95400 -202.796 0 0 0 2.22261 100 35 6.83078 100 13 0 0 0 -3.83506 100 27 0 0 0 0 0 0 0 0 0 0 0
95500 -201.157 0 0 0 1.23627 100 33 5.10097 100 18 0 0 0 -3.0294 100 23 0 0 0 0 0 0 0 0 0 0 0
95600 -202.084 0 0 0 1.77798 100 36 7.58526 100 31 0 0 0 -3.51289 100 26 0 0 0 0 0 0 0 0 0 0 0
95700 -206.301 0 0 0 3.54822 100 28 9.57767 100 16 0 0 0 -4.25966 100 25 0 0 0 0 0 0 0 0 0 0 0
95800 -200.982 0 0 0 1.41708 100 33 5.35077 100 17 0 0 0 -3.06701 100 23 0 0 0 0 0 0 0 0 0 0 0
95900 -202.129 0 0 0 2.54274 100 28 7.29212 100 24 0 0 0 -3.75327 100 27 0 0 0 0 0 0 0 0 0 0 0
96000 -203.203 0 0 0 0.967232 100 32 4.12877 100 8 0 0 0 -3.16748 100 29 0 0 0 0 0 0 0 0 0 0 0
96100 -202.403 0 0 0 1.84711 100 25 4.65402 100 20 0 0 0 -3.48168 100 23 0 0 0 0 0 0 0 0 0 0 0
96200 -201.284 0 0 0 2.03933 100 26 5.4248 100 21 0 0 0 -3.29959 100 28 0 0 0 0 0 0 0 0 0 0 0
96300 -201.312 0 0 0 0.934922 100 32 3.8777 100 23 0 0 0 -2.75787 100 30 0 0 0 0 0 0 0 0 0 0 0
96400 -201.175 0 0 0 1.062 100 38 4.38619 100 27 0 0 0 -2.9025 100 23 0 0 0 0 0 0 0 0 0 0 0
96500 -201.283 0 0 0 1.00582 100 29 4.04197 100 18 0 0 0 -2.92649 100 31 0 0 0 0 0 0 0 0 0 0 0
96600 -203.174 0 0 0 2.30136 100 32 8.4066 100 23 0 0 0 -3.99028 100 26 0 0 0 0 0 0 0 0 0 0 0
96700 -201.06 0 0 0 1.89506 100 29 6.40538 100 21 0 0 0 -3.35485 100 24 0 0 0 0 0 0 0 0 0 0 0
96800 -201.829 0 0 0 1.06758 100 31 4.6241 100 26 0 0 0 -3.09255 100 24 0 0 0 0 0 0 0 0 0 0 0
96900 -201.488 0 0 0 2.03163 100 34 5.30537 100 17 0 0 0 -3.23436 100 21 0 0 0 0 0 0 0 0 0 0 0
97000 -202.12 0 0 0 0.681263 100 25 2.49398 100 21 0 0 0 -2.76517 100 24 0 0 0 0 0 0 0 0 0 0 0
97100 -202.811 0 0 0 1.57331 100 34 7.55064 100 19 0 0 0 -3.32858 100 28 0 0 0 0 0 0 0 0 0 0 0
97200 -202.549 0 0 0 1.68445 100 38 6.20981 100 23 0 0 0 -3.58012 100 22 0 0 0 0 0 0 0 0 0 0 0
97300 -202.02 0 0 0 0.516405 100 41 1.23792 100 18 0 0 0 -2.41283 100 25 0 0 0 0 0 0 0 0 0 0 0
97400 -201.526 0 0 0 2.19768 100 25 6.12084 100 17 0 0 0 -3.40979 100 20 0 0 0 0 0 0 0 0 0 0 0
97500 -201.681 0 0 0 1.83336 100 28 5.26672 100 23 0 0 0 -3.06111 100 23 0 0 0 0 0 0 0 0 0 0 0
97600 -200.919 0 0 0 1.41003 100 35 3.19445 100 30 0 0 0 -2.91478 100 31 0 0 0 0 0 0 0 0 0 0 0
97700 -201.536 0 0 0 1.25116 100 36 1.85162 100 26 0 0 0 -2.74766 100 19 0 0 0 0 0 0 0 0 0 0 0
97800 -201.699 0 0 0 1.9412 100 36 6.19423 100 22 0 0 0 -3.20407 100 21 0 0 0 0 0 0 0 0 0 0 0
97900 -201.961 0 0 0 0.81025 100 32 1.95979 100 15 0 0 0 -2.76704 100 26 0 0 0 0 0 0 0 0 0 0 0
98000 -201.414 0 0 0 1.71454 100 38 5.74453 100 30 0 0 0 -3.43127 100 28 0 0 0 0 0 0 0 0 0 0 0
98100 -202.217 0 0 0 1.44483 100 31 1.75847 100 30 0 0 0 -2.75427 100 20 0 0 0 0 0 0 0 0 0 0 0
98200 -202.183 0 0 0 2.0077 100 32 5.64623 100 21 0 0 0 -3.13701 100 21 0 0 0 0 0 0 0 0 0 0 0
98300 -201.196 0 0 0 1.65558 100 31 3.87748 100 21 0 0 0 -2.96776 100 33 0 0 0 0 0 0 0 0 0 0 0
98400 -201.921 0 0 0 0.832491 100 40 3.91249 100 26 0 0 0 -2.65516 100 22 0 0 0 0 0 0 0 0 0 0 0
98500 -200.774 0 0 0 1.29142 100 35 3.58935 100 21 0 0 0 -2.84755 100 23 0 0 0 0 0 0 0 0 0 0 0
98600 -203.491 0 0 0 2.00182 100 37 3.09575 100 30 0 0 0 -3.33588 100 22 0 0 0 0 0 0 0 0 0 0 0
98700 -200.805 0 0 0 1.27428 100 33 3.50499 100 27 0 0 0 -2.94327 100 25 0 0 0 0 0 0 0 0 0 0 0
98800 -201.591 0 0 0 1.6263 100 34 6.62157 100 24 0 0 0 -3.40887 100 22 0 0 0 0 0 0 0 0 0 0 0
98900 -201.074 0 0 0 1.06651 100 38 2.40915 100 20 0 0 0 -2.66926 100 21 0 0 0 0 0 0 0 0 0 0 0
99000 -202.496 0 0 0 1.6403 100 27 2.84439 100 18 0 0 0 -2.78786 100 28 0 0 0 0 0 0 0 0 0 0 0
99100 -202.842 0 0 0 1.53074 100 30 3.67106 100 19 0 0 0 -2.6995 100 28 0 0 0 0 0 0 0 0 0 0 0
99200 -201.087 0 0 0 1.83282 100 35 6.38156 100 28 0 0 0 -3.41521 100 24 0 0 0 0 0 0 0 0 0 0 0
99300 -201.914 0 0 0 1.42331 100 34 5.7468 100 23 0 0 0 -2.97013 100 19 0 0 0 0 0 0 0 0 0 0 0
99400 -201.679 0 0 0 1.10334 100 29 3.39379 100 25 0 0 0 -2.61446 100 22 0 0 0 0 0 0 0 0 0 0 0
99500 -200.772 0 0 0 1.42484 100 24 4.92483 100 25 0 0 0 -3.04427 100 24 0 0 0 0 0 0 0 0 0 0 0
99600 -201.769 0 0 0 1.89895 100 38 3.86681 100 22 0 0 0 -3.11597 100 17 0 0 0 0 0 0 0 0 0 0 0
99700 -200.92 0 0 0 1.65687 100 31 5.05265 100 22 0 0 0 -3.06933 100 24 0 0 0 0 0 0 0 0 0 0 0
99800 -202.857 0 0 0 2.56879 100 29 7.72285 100 23 0 0 0 -3.98191 100 25 0 0 0 0 0 0 0 0 0 0 0
99900 -202.9 0 0 0 2.4058 100 40 8.78447 100 21 0 0 0 -3.99571 100 28 0 0 0 0 0 0 0 0 0 0 0
100000 -204.145 0 0 0 3.06983 100 34 8.32799 100 29 0 0 0 -3.96034 100 27 0 0 0 0 0 0 0 0 0 0 0
