iteration logLik intercept1 intercept1_p intercept1_a pcov2 pcov2_p pcov2_a pcov3 pcov3_p pcov3_a pcov4 pcov4_p pcov4_a intercept2 intercept2_p intercept2_a intercept3 intercept3_p intercept3_a intercept4 intercept4_p intercept4_a pcov pcov_p pcov_a data_p data_a
0 -838.697 0 0 0 1.25962 0 0 -3.63111 0 0 0 0 0 -10.2073 0 0 0 0 0 0 0 0 0 0 0 0 0
100 -331.316 0 0 0 3.79817 100 29 12.4022 100 23 0 0 0 -4.78241 100 18 0 0 0 0 0 0 0 0 0 0 0
200 -327.942 0 0 0 2.82841 100 20 8.13946 100 26 0 0 0 -3.931 100 19 0 0 0 0 0 0 0 0 0 0 0
300 -326.063 0 0 0 1.94283 100 26 5.59677 100 21 0 0 0 -3.18123 100 10 0 0 0 0 0 0 0 0 0 0 0
400 -326.738 0 0 0 1.74487 100 21 4.41792 100 30 0 0 0 -2.86934 100 25 0 0 0 0 0 0 0 0 0 0 0
500 -326.593 0 0 0 1.97958 100 23 7.32186 100 22 0 0 0 -3.16739 100 17 0 0 0 0 0 0 0 0 0 0 0
600 -326.803 0 0 0 1.68147 100 20 6.04507 100 22 0 0 0 -2.89127 100 20 0 0 0 0 0 0 0 0 0 0 0
700 -326.087 0 0 0 1.61217 100 20 5.00966 100 21 0 0 0 -2.92928 100 17 0 0 0 0 0 0 0 0 0 0 0
800 -326.481 0 0 0 1.61405 100 15 6.15956 100 26 0 0 0 -2.98487 100 18 0 0 0 0 0 0 0 0 0 0 0
900 -327.193 0 0 0 1.5905 100 19 6.5124 100 17 0 0 0 -3.08609 100 16 0 0 0 0 0 0 0 0 0 0 0
1000 -327.563 0 0 0 2.3161 100 24 7.2025 100 25 0 0 0 -3.64432 100 27 0 0 0 0 0 0 0 0 0 0 0
1100 -326.164 0 0 0 1.71736 100 23 4.7346 100 24 0 0 0 -3.00007 100 15 0 0 0 0 0 0 0 0 0 0 0
1200 -326.686 0 0 0 1.98682 100 25 4.7593 100 29 0 0 0 -3.16906 100 13 0 0 0 0 0 0 0 0 0 0 0
1300 -327.354 0 0 0 1.19642 100 18 2.6423 100 22 0 0 0 -2.6279 100 16 0 0 0 0 0 0 0 0 0 0 0
1400 -329.618 0 0 0 2.49787 100 23 6.67257 100 23 0 0 0 -3.8135 100 17 0 0 0 0 0 0 0 0 0 0 0
1500 -327.497 0 0 0 2.73232 100 17 7.99072 100 21 0 0 0 -3.62987 100 14 0 0 0 0 0 0 0 0 0 0 0
1600 -329.546 0 0 0 2.43487 100 24 10.4442 100 25 0 0 0 -3.81703 100 21 0 0 0 0 0 0 0 0 0 0 0
1700 -326.969 0 0 0 1.59241 100 21 5.8365 100 16 0 0 0 -3.08903 100 12 0 0 0 0 0 0 0 0 0 0 0
1800 -327.43 0 0 0 1.72951 100 14 4.19249 100 24 0 0 0 -3.12005 100 16 0 0 0 0 0 0 0 0 0 0 0
1900 -329.074 0 0 0 1.7333 100 23 5.44684 100 28 0 0 0 -3.3171 100 16 0 0 0 0 0 0 0 0 0 0 0
2000 -326.561 0 0 0 2.36364 100 17 8.307 100 24 0 0 0 -3.47084 100 19 0 0 0 0 0 0 0 0 0 0 0
2100 -327.349 0 0 0 1.39544 100 20 2.60453 100 23 0 0 0 -2.66381 100 18 0 0 0 0 0 0 0 0 0 0 0
2200 -327.034 0 0 0 1.67546 100 30 3.86763 100 20 0 0 0 -2.80424 100 21 0 0 0 0 0 0 0 0 0 0 0
2300 -328.088 0 0 0 1.82982 100 17 7.53192 100 26 0 0 0 -3.3632 100 18 0 0 0 0 0 0 0 0 0 0 0
2400 -326.039 0 0 0 1.87001 100 17 5.6534 100 16 0 0 0 -3.04999 100 15 0 0 0 0 0 0 0 0 0 0 0
2500 -326.963 0 0 0 1.9886 100 20 5.60295 100 16 0 0 0 -3.01931 100 15 0 0 0 0 0 0 0 0 0 0 0
2600 -326.224 0 0 0 1.84318 100 20 4.94631 100 21 0 0 0 -3.01419 100 21 0 0 0 0 0 0 0 0 0 0 0
2700 -326.592 0 0 0 1.4188 100 20 5.13809 100 20 0 0 0 -2.85913 100 14 0 0 0 0 0 0 0 0 0 0 0
2800 -326.961 0 0 0 1.78822 100 15 5.48431 100 14 0 0 0 -3.21644 100 25 0 0 0 0 0 0 0 0 0 0 0
2900 -326.699 0 0 0 1.61009 100 28 4.52812 100 18 0 0 0 -3.01892 100 15 0 0 0 0 0 0 0 0 0 0 0
3000 -327.735 0 0 0 1.75312 100 20 6.91793 100 16 0 0 0 -3.28538 100 17 0 0 0 0 0 0 0 0 0 0 0
3100 -328.135 0 0 0 1.77205 100 24 8.0237 100 19 0 0 0 -3.18022 100 22 0 0 0 0 0 0 0 0 0 0 0
3200 -328.645 0 0 0 1.54913 100 21 2.02262 100 33 0 0 0 -2.68695 100 18 0 0 0 0 0 0 0 0 0 0 0
3300 -327.787 0 0 0 1.6281 100 17 2.85101 100 14 0 0 0 -2.76343 100 17 0 0 0 0 0 0 0 0 0 0 0
3400 -327.46 0 0 0 1.4429 100 17 4.59531 100 22 0 0 0 -2.98541 100 21 0 0 0 0 0 0 0 0 0 0 0
3500 -326.137 0 0 0 1.81739 100 17 6.25673 100 20 0 0 0 -3.16075 100 12 0 0 0 0 0 0 0 0 0 0 0
3600 -330.833 0 0 0 3.23762 100 20 12.6711 100 20 0 0 0 -4.2332 100 19 0 0 0 0 0 0 0 0 0 0 0
3700 -326.359 0 0 0 1.97133 100 22 7.15526 100 25 0 0 0 -3.30702 100 23 0 0 0 0 0 0 0 0 0 0 0
3800 -326.533 0 0 0 2.42763 100 14 8.25207 100 28 0 0 0 -3.50375 100 17 0 0 0 0 0 0 0 0 0 0 0
3900 -328.424 0 0 0 1.11489 100 27 2.20115 100 20 0 0 0 -2.66231 100 15 0 0 0 0 0 0 0 0 0 0 0
4000 -326.539 0 0 0 2.24846 100 26 6.06094 100 27 0 0 0 -3.39739 100 21 0 0 0 0 0 0 0 0 0 0 0
4100 -328.835 0 0 0 1.32986 100 21 2.85303 100 24 0 0 0 -2.88914 100 22 0 0 0 0 0 0 0 0 0 0 0
4200 -326.367 0 0 0 1.47454 100 20 4.1186 100 25 0 0 0 -2.78423 100 19 0 0 0 0 0 0 0 0 0 0 0
4300 -327.101 0 0 0 1.14853 100 26 3.46939 100 21 0 0 0 -2.55903 100 17 0 0 0 0 0 0 0 0 0 0 0
4400 -328.39 0 0 0 2.4386 100 14 6.44792 100 31 0 0 0 -3.69477 100 15 0 0 0 0 0 0 0 0 0 0 0
4500 -326.559 0 0 0 1.33499 100 22 4.11549 100 16 0 0 0 -2.72458 100 20 0 0 0 0 0 0 0 0 0 0 0
4600 -326.135 0 0 0 1.70247 100 15 4.76772 100 18 0 0 0 -2.9361 100 17 0 0 0 0 0 0 0 0 0 0 0
4700 -327.811 0 0 0 2.5726 100 18 9.91035 100 17 0 0 0 -3.81282 100 14 0 0 0 0 0 0 0 0 0 0 0
4800 -327.309 0 0 0 1.50361 100 14 5.64095 100 26 0 0 0 -3.04643 100 15 0 0 0 0 0 0 0 0 0 0 0
4900 -327.43 0 0 0 1.32763 100 30 2.42682 100 28 0 0 0 -2.659 100 16 0 0 0 0 0 0 0 0 0 0 0
5000 -327.343 0 0 0 1.17791 100 25 3.50584 100 25 0 0 0 -2.50865 100 31 0 0 0 0 0 0 0 0 0 0 0
5100 -326.054 0 0 0 1.97214 100 18 6.02421 100 19 0 0 0 -3.12259 100 15 0 0 0 0 0 0 0 0 0 0 0
5200 -329.183 0 0 0 0.974004 100 22 4.9455 100 23 0 0 0 -2.66301 100 17 0 0 0 0 0 0 0 0 0 0 0
5300 -327.796 0 0 0 1.92274 100 13 4.89807 100 27 0 0 0 -2.90898 100 19 0 0 0 0 0 0 0 0 0 0 0
5400 -326.354 0 0 0 1.50851 100 26 4.54719 100 17 0 0 0 -2.78398 100 16 0 0 0 0 0 0 0 0 0 0 0
5500 -328.094 0 0 0 1.1898 100 16 3.07486 100 26 0 0 0 -2.76421 100 18 0 0 0 0 0 0 0 0 0 0 0
5600 -328.637 0 0 0 2.9428 100 23 8.67415 100 28 0 0 0 -3.73663 100 16 0 0 0 0 0 0 0 0 0 0 0
5700 -326.878 0 0 0 2.10955 100 20 8.13695 100 30 0 0 0 -3.44486 100 18 0 0 0 0 0 0 0 0 0 0 0
5800 -328.376 0 0 0 1.81868 100 18 4.61882 100 20 0 0 0 -2.79878 100 18 0 0 0 0 0 0 0 0 0 0 0
5900 -326.006 0 0 0 2.0933 100 18 6.25653 100 29 0 0 0 -3.27066 100 17 0 0 0 0 0 0 0 0 0 0 0
6000 -327.677 0 0 0 1.27023 100 24 2.23972 100 22 0 0 0 -2.66007 100 14 0 0 0 0 0 0 0 0 0 0 0
6100 -326.019 0 0 0 2.139 100 15 7.04781 100 24 0 0 0 -3.30966 100 22 0 0 0 0 0 0 0 0 0 0 0
6200 -329.985 0 0 0 1.95216 100 22 7.99081 100 21 0 0 0 -3.01699 100 16 0 0 0 0 0 0 0 0 0 0 0
6300 -330.406 0 0 0 1.12688 100 17 6.02783 100 21 0 0 0 -2.90677 100 22 0 0 0 0 0 0 0 0 0 0 0
6400 -326.544 0 0 0 1.63104 100 17 4.22778 100 25 0 0 0 -2.81894 100 18 0 0 0 0 0 0 0 0 0 0 0
6500 -327.395 0 0 0 1.37473 100 15 2.76897 100 25 0 0 0 -2.60487 100 13 0 0 0 0 0 0 0 0 0 0 0
6600 -327.493 0 0 0 1.43217 100 23 4.66616 100 21 0 0 0 -2.98348 100 16 0 0 0 0 0 0 0 0 0 0 0
6700 -329.208 0 0 0 1.15816 100 16 3.65481 100 25 0 0 0 -2.85475 100 17 0 0 0 0 0 0 0 0 0 0 0
6800 -327.194 0 0 0 1.92568 100 27 4.18384 100 24 0 0 0 -3.00502 100 23 0 0 0 0 0 0 0 0 0 0 0
6900 -328.783 0 0 0 1.72545 100 23 7.55496 100 24 0 0 0 -2.96274 100 15 0 0 0 0 0 0 0 0 0 0 0
7000 -327.415 0 0 0 2.13242 100 16 7.40739 100 15 0 0 0 -3.16437 100 17 0 0 0 0 0 0 0 0 0 0 0
7100 -326.535 0 0 0 2.49839 100 19 8.31808 100 22 0 0 0 -3.56409 100 22 0 0 0 0 0 0 0 0 0 0 0
7200 -326.266 0 0 0 1.80753 100 26 6.65438 100 17 0 0 0 -3.14761 100 21 0 0 0 0 0 0 0 0 0 0 0
7300 -329.608 0 0 0 0.645568 100 25 0.98448 100 22 0 0 0 -2.23247 100 18 0 0 0 0 0 0 0 0 0 0 0
7400 -327.125 0 0 0 1.73199 100 23 3.48871 100 21 0 0 0 -2.93222 100 14 0 0 0 0 0 0 0 0 0 0 0
7500 -327.205 0 0 0 2.66499 100 21 9.61801 100 22 0 0 0 -3.76749 100 18 0 0 0 0 0 0 0 0 0 0 0
7600 -326.689 0 0 0 2.6119 100 11 8.57685 100 22 0 0 0 -3.72614 100 15 0 0 0 0 0 0 0 0 0 0 0
7700 -327.29 0 0 0 2.23224 100 16 5.57174 100 24 0 0 0 -3.43876 100 19 0 0 0 0 0 0 0 0 0 0 0
7800 -326.599 0 0 0 2.12499 100 25 6.51338 100 27 0 0 0 -3.42577 100 25 0 0 0 0 0 0 0 0 0 0 0
7900 -328.171 0 0 0 1.76687 100 20 2.78858 100 29 0 0 0 -2.90988 100 19 0 0 0 0 0 0 0 0 0 0 0
8000 -326.275 0 0 0 1.53349 100 22 4.70728 100 20 0 0 0 -2.91069 100 23 0 0 0 0 0 0 0 0 0 0 0
8100 -327.059 0 0 0 1.24951 100 27 4.02838 100 24 0 0 0 -2.75933 100 24 0 0 0 0 0 0 0 0 0 0 0
8200 -326.756 0 0 0 1.46419 100 21 4.24687 100 29 0 0 0 -2.69568 100 19 0 0 0 0 0 0 0 0 0 0 0
8300 -326.822 0 0 0 2.15879 100 16 5.7153 100 22 0 0 0 -3.38673 100 15 0 0 0 0 0 0 0 0 0 0 0
8400 -329.021 0 0 0 3.15945 100 19 8.38873 100 22 0 0 0 -4.05496 100 18 0 0 0 0 0 0 0 0 0 0 0
8500 -326.179 0 0 0 2.33948 100 14 7.4126 100 23 0 0 0 -3.46515 100 15 0 0 0 0 0 0 0 0 0 0 0
8600 -326.594 0 0 0 2.49813 100 21 7.23866 100 18 0 0 0 -3.54408 100 17 0 0 0 0 0 0 0 0 0 0 0
8700 -329.733 0 0 0 2.27738 100 21 6.42002 100 21 0 0 0 -3.70269 100 14 0 0 0 0 0 0 0 0 0 0 0
8800 -326.889 0 0 0 2.07751 100 28 5.76028 100 20 0 0 0 -3.37425 100 17 0 0 0 0 0 0 0 0 0 0 0
8900 -326.199 0 0 0 2.33684 100 21 7.25082 100 20 0 0 0 -3.43967 100 18 0 0 0 0 0 0 0 0 0 0 0
9000 -328.55 0 0 0 1.38529 100 26 4.01163 100 24 0 0 0 -2.51728 100 22 0 0 0 0 0 0 0 0 0 0 0
9100 -331.631 0 0 0 1.36139 100 18 0.464685 100 27 0 0 0 -2.80273 100 11 0 0 0 0 0 0 0 0 0 0 0
9200 -327.701 0 0 0 1.52544 100 20 5.23846 100 29 0 0 0 -2.6947 100 18 0 0 0 0 0 0 0 0 0 0 0
9300 -327.02 0 0 0 2.38509 100 26 8.7045 100 22 0 0 0 -3.66218 100 19 0 0 0 0 0 0 0 0 0 0 0
9400 -327.011 0 0 0 1.31415 100 23 3.61015 100 24 0 0 0 -2.78225 100 19 0 0 0 0 0 0 0 0 0 0 0
9500 -328.522 0 0 0 1.01016 100 16 4.25387 100 29 0 0 0 -2.4406 100 16 0 0 0 0 0 0 0 0 0 0 0
9600 -326.345 0 0 0 2.05789 100 24 7.1458 100 18 0 0 0 -3.20337 100 16 0 0 0 0 0 0 0 0 0 0 0
9700 -327.186 0 0 0 2.62233 100 24 7.19612 100 17 0 0 0 -3.68377 100 25 0 0 0 0 0 0 0 0 0 0 0
9800 -329.216 0 0 0 1.58829 100 19 6.95301 100 20 0 0 0 -2.81561 100 19 0 0 0 0 0 0 0 0 0 0 0
9900 -327.193 0 0 0 1.77912 100 22 3.59312 100 26 0 0 0 -2.99359 100 22 0 0 0 0 0 0 0 0 0 0 0
10000 -328.685 0 0 0 1.32393 100 15 6.32294 100 28 0 0 0 -2.74563 100 12 0 0 0 0 0 0 0 0 0 0 0
10100 -327.042 0 0 0 1.18763 100 26 3.98842 100 16 0 0 0 -2.59415 100 15 0 0 0 0 0 0 0 0 0 0 0
10200 -326.985 0 0 0 1.65503 100 22 3.42266 100 25 0 0 0 -2.87627 100 19 0 0 0 0 0 0 0 0 0 0 0
10300 -328.829 0 0 0 2.14184 100 22 3.66551 100 27 0 0 0 -3.17435 100 16 0 0 0 0 0 0 0 0 0 0 0
10400 -326.832 0 0 0 1.89245 100 18 5.54704 100 22 0 0 0 -2.96191 100 24 0 0 0 0 0 0 0 0 0 0 0
10500 -327.013 0 0 0 1.52372 100 18 5.92519 100 25 0 0 0 -3.02595 100 22 0 0 0 0 0 0 0 0 0 0 0
10600 -327.071 0 0 0 2.07525 100 19 7.85643 100 26 0 0 0 -3.22163 100 22 0 0 0 0 0 0 0 0 0 0 0
10700 -326.687 0 0 0 2.43441 100 24 8.22623 100 22 0 0 0 -3.47816 100 15 0 0 0 0 0 0 0 0 0 0 0
10800 -326.038 0 0 0 1.89235 100 23 5.67562 100 24 0 0 0 -3.16797 100 14 0 0 0 0 0 0 0 0 0 0 0
10900 -326.498 0 0 0 1.44156 100 17 4.59636 100 18 0 0 0 -2.74064 100 22 0 0 0 0 0 0 0 0 0 0 0
11000 -327.725 0 0 0 1.08472 100 19 2.11661 100 37 0 0 0 -2.50456 100 9 0 0 0 0 0 0 0 0 0 0 0
11100 -327.538 0 0 0 1.03206 100 24 3.57719 100 28 0 0 0 -2.51041 100 13 0 0 0 0 0 0 0 0 0 0 0
11200 -327.845 0 0 0 1.64209 100 26 7.39754 100 22 0 0 0 -3.07737 100 18 0 0 0 0 0 0 0 0 0 0 0
11300 -326.504 0 0 0 1.81038 100 27 6.05451 100 24 0 0 0 -2.97046 100 23 0 0 0 0 0 0 0 0 0 0 0
11400 -327.767 0 0 0 1.81156 100 21 7.23552 100 23 0 0 0 -3.33044 100 26 0 0 0 0 0 0 0 0 0 0 0
11500 -326.767 0 0 0 1.5984 100 22 3.56935 100 26 0 0 0 -2.87963 100 14 0 0 0 0 0 0 0 0 0 0 0
11600 -327.505 0 0 0 2.55602 100 25 7.19925 100 20 0 0 0 -3.73075 100 15 0 0 0 0 0 0 0 0 0 0 0
11700 -327.775 0 0 0 2.98628 100 19 9.1265 100 27 0 0 0 -4.02203 100 12 0 0 0 0 0 0 0 0 0 0 0
11800 -326.697 0 0 0 1.67359 100 27 3.94773 100 12 0 0 0 -2.84852 100 16 0 0 0 0 0 0 0 0 0 0 0
11900 -327.88 0 0 0 1.38969 100 19 2.09995 100 26 0 0 0 -2.69261 100 15 0 0 0 0 0 0 0 0 0 0 0
12000 -328.148 0 0 0 1.34044 100 16 2.96218 100 26 0 0 0 -2.50054 100 18 0 0 0 0 0 0 0 0 0 0 0
12100 -327.062 0 0 0 1.41443 100 21 2.9254 100 25 0 0 0 -2.73393 100 14 0 0 0 0 0 0 0 0 0 0 0
12200 -326.755 0 0 0 2.41844 100 19 6.57898 100 19 0 0 0 -3.43972 100 13 0 0 0 0 0 0 0 0 0 0 0
12300 -327.483 0 0 0 2.16048 100 23 6.79118 100 18 0 0 0 -3.53672 100 16 0 0 0 0 0 0 0 0 0 0 0
12400 -329.721 0 0 0 0.983556 100 20 1.36536 100 14 0 0 0 -2.59704 100 20 0 0 0 0 0 0 0 0 0 0 0
12500 -327.192 0 0 0 1.27858 100 19 2.94297 100 20 0 0 0 -2.70628 100 18 0 0 0 0 0 0 0 0 0 0 0
12600 -327.71 0 0 0 1.50739 100 22 6.7556 100 25 0 0 0 -2.94047 100 16 0 0 0 0 0 0 0 0 0 0 0
12700 -327.117 0 0 0 2.67627 100 21 8.11205 100 22 0 0 0 -3.79858 100 23 0 0 0 0 0 0 0 0 0 0 0
12800 -327.442 0 0 0 2.48936 100 15 7.81916 100 19 0 0 0 -3.41503 100 19 0 0 0 0 0 0 0 0 0 0 0
12900 -329.006 0 0 0 2.97411 100 21 11.3879 100 26 0 0 0 -4.02793 100 9 0 0 0 0 0 0 0 0 0 0 0
13000 -326.7 0 0 0 2.06117 100 18 7.84568 100 29 0 0 0 -3.39683 100 18 0 0 0 0 0 0 0 0 0 0 0
13100 -326.64 0 0 0 1.80974 100 24 4.93001 100 27 0 0 0 -3.15335 100 18 0 0 0 0 0 0 0 0 0 0 0
13200 -327.492 0 0 0 1.55233 100 26 3.49821 100 14 0 0 0 -2.67899 100 19 0 0 0 0 0 0 0 0 0 0 0
13300 -326.185 0 0 0 1.72136 100 23 4.97652 100 17 0 0 0 -2.92267 100 15 0 0 0 0 0 0 0 0 0 0 0
13400 -326.568 0 0 0 2.46375 100 20 7.89643 100 24 0 0 0 -3.49187 100 17 0 0 0 0 0 0 0 0 0 0 0
13500 -327.149 0 0 0 1.21096 100 22 3.77613 100 28 0 0 0 -2.72372 100 12 0 0 0 0 0 0 0 0 0 0 0
13600 -328.097 0 0 0 1.71436 100 20 5.22892 100 19 0 0 0 -3.23933 100 16 0 0 0 0 0 0 0 0 0 0 0
13700 -326.727 0 0 0 1.41284 100 21 4.78965 100 21 0 0 0 -2.71243 100 18 0 0 0 0 0 0 0 0 0 0 0
13800 -328.671 0 0 0 1.51641 100 19 1.77144 100 23 0 0 0 -2.72587 100 16 0 0 0 0 0 0 0 0 0 0 0
13900 -328.443 0 0 0 1.63813 100 20 2.49222 100 27 0 0 0 -2.94004 100 17 0 0 0 0 0 0 0 0 0 0 0
14000 -326.323 0 0 0 1.79784 100 20 4.73914 100 18 0 0 0 -3.07299 100 22 0 0 0 0 0 0 0 0 0 0 0
14100 -326.53 0 0 0 2.19613 100 17 5.79289 100 32 0 0 0 -3.34449 100 21 0 0 0 0 0 0 0 0 0 0 0
14200 -327.809 0 0 0 1.79756 100 25 3.12953 100 28 0 0 0 -2.9653 100 14 0 0 0 0 0 0 0 0 0 0 0
14300 -329.464 0 0 0 1.66525 100 22 4.74013 100 16 0 0 0 -3.25656 100 16 0 0 0 0 0 0 0 0 0 0 0
14400 -328.87 0 0 0 1.78473 100 26 3.7286 100 31 0 0 0 -2.75486 100 13 0 0 0 0 0 0 0 0 0 0 0
14500 -326.868 0 0 0 2.17099 100 25 6.90193 100 32 0 0 0 -3.19241 100 15 0 0 0 0 0 0 0 0 0 0 0
14600 -329.191 0 0 0 2.42452 100 22 5.33205 100 27 0 0 0 -3.61875 100 18 0 0 0 0 0 0 0 0 0 0 0
14700 -326.438 0 0 0 1.52261 100 25 3.93107 100 18 0 0 0 -2.84085 100 14 0 0 0 0 0 0 0 0 0 0 0
14800 -327.076 0 0 0 1.80021 100 21 6.38351 100 22 0 0 0 -3.26772 100 26 0 0 0 0 0 0 0 0 0 0 0
14900 -326.564 0 0 0 1.67875 100 18 5.57515 100 21 0 0 0 -2.87223 100 12 0 0 0 0 0 0 0 0 0 0 0
15000 -326.569 0 0 0 1.8781 100 17 5.15521 100 25 0 0 0 -2.97468 100 18 0 0 0 0 0 0 0 0 0 0 0
15100 -327.217 0 0 0 2.43306 100 28 9.16474 100 22 0 0 0 -3.68912 100 19 0 0 0 0 0 0 0 0 0 0 0
15200 -326.772 0 0 0 1.86998 100 23 4.97007 100 20 0 0 0 -2.94892 100 15 0 0 0 0 0 0 0 0 0 0 0
15300 -328.264 0 0 0 2.12319 100 23 6.26119 100 14 0 0 0 -3.5369 100 19 0 0 0 0 0 0 0 0 0 0 0
15400 -326.167 0 0 0 2.21593 100 21 7.57722 100 21 0 0 0 -3.4292 100 15 0 0 0 0 0 0 0 0 0 0 0
15500 -326.223 0 0 0 1.54328 100 25 4.45529 100 21 0 0 0 -2.86478 100 22 0 0 0 0 0 0 0 0 0 0 0
15600 -328.443 0 0 0 0.909108 100 23 3.30988 100 22 0 0 0 -2.35395 100 19 0 0 0 0 0 0 0 0 0 0 0
15700 -326.116 0 0 0 2.10194 100 26 6.70263 100 18 0 0 0 -3.2259 100 14 0 0 0 0 0 0 0 0 0 0 0
15800 -328.613 0 0 0 1.42758 100 23 1.92731 100 22 0 0 0 -2.79906 100 22 0 0 0 0 0 0 0 0 0 0 0
15900 -326.84 0 0 0 1.71441 100 20 6.70703 100 28 0 0 0 -2.99033 100 23 0 0 0 0 0 0 0 0 0 0 0
16000 -329.268 0 0 0 1.24569 100 22 4.86607 100 25 0 0 0 -2.48302 100 14 0 0 0 0 0 0 0 0 0 0 0
16100 -328.07 0 0 0 1.44169 100 31 4.52401 100 36 0 0 0 -3.02622 100 15 0 0 0 0 0 0 0 0 0 0 0
16200 -329.31 0 0 0 2.05453 100 21 9.43461 100 25 0 0 0 -3.49013 100 18 0 0 0 0 0 0 0 0 0 0 0
16300 -327.198 0 0 0 1.53472 100 20 4.41526 100 22 0 0 0 -3.01473 100 24 0 0 0 0 0 0 0 0 0 0 0
16400 -326.152 0 0 0 2.30289 100 25 7.36534 100 18 0 0 0 -3.46542 100 24 0 0 0 0 0 0 0 0 0 0 0
16500 -326.926 0 0 0 2.55069 100 22 8.66508 100 22 0 0 0 -3.56782 100 22 0 0 0 0 0 0 0 0 0 0 0
16600 -326.824 0 0 0 2.40643 100 22 6.83544 100 22 0 0 0 -3.57694 100 22 0 0 0 0 0 0 0 0 0 0 0
16700 -326.166 0 0 0 1.7096 100 23 6.05667 100 25 0 0 0 -3.00585 100 16 0 0 0 0 0 0 0 0 0 0 0
16800 -326.695 0 0 0 1.79171 100 27 7.06208 100 19 0 0 0 -3.17877 100 12 0 0 0 0 0 0 0 0 0 0 0
16900 -327.389 0 0 0 2.70449 100 22 7.87279 100 19 0 0 0 -3.6145 100 16 0 0 0 0 0 0 0 0 0 0 0
17000 -327.441 0 0 0 2.00052 100 25 7.93489 100 23 0 0 0 -3.43626 100 25 0 0 0 0 0 0 0 0 0 0 0
17100 -327.852 0 0 0 2.98587 100 18 9.43264 100 26 0 0 0 -4.05878 100 18 0 0 0 0 0 0 0 0 0 0 0
17200 -326.98 0 0 0 2.75007 100 27 8.37647 100 27 0 0 0 -3.7522 100 19 0 0 0 0 0 0 0 0 0 0 0
17300 -329.85 0 0 0 2.42083 100 24 9.87563 100 19 0 0 0 -3.4555 100 11 0 0 0 0 0 0 0 0 0 0 0
17400 -327.819 0 0 0 1.11408 100 17 1.981 100 31 0 0 0 -2.52914 100 17 0 0 0 0 0 0 0 0 0 0 0
17500 -327.08 0 0 0 1.584 100 20 3.43757 100 28 0 0 0 -2.75419 100 21 0 0 0 0 0 0 0 0 0 0 0
17600 -327.201 0 0 0 2.57389 100 23 9.49215 100 20 0 0 0 -3.75204 100 14 0 0 0 0 0 0 0 0 0 0 0
17700 -326.683 0 0 0 1.72777 100 22 6.44814 100 25 0 0 0 -3.16583 100 17 0 0 0 0 0 0 0 0 0 0 0
17800 -329.129 0 0 0 3.17264 100 21 10.7358 100 24 0 0 0 -3.99472 100 18 0 0 0 0 0 0 0 0 0 0 0
17900 -326.829 0 0 0 2.62053 100 16 9.0003 100 27 0 0 0 -3.68636 100 22 0 0 0 0 0 0 0 0 0 0 0
18000 -326.639 0 0 0 2.28927 100 25 6.8447 100 25 0 0 0 -3.30056 100 22 0 0 0 0 0 0 0 0 0 0 0
18100 -329.178 0 0 0 1.21508 100 19 5.00583 100 34 0 0 0 -2.49501 100 15 0 0 0 0 0 0 0 0 0 0 0
18200 -327.596 0 0 0 1.26496 100 19 3.10558 100 24 0 0 0 -2.7719 100 16 0 0 0 0 0 0 0 0 0 0 0
18300 -326.438 0 0 0 2.01979 100 20 6.36008 100 20 0 0 0 -3.3453 100 11 0 0 0 0 0 0 0 0 0 0 0
18400 -326.804 0 0 0 1.70913 100 20 4.85847 100 20 0 0 0 -3.11382 100 21 0 0 0 0 0 0 0 0 0 0 0
18500 -327.06 0 0 0 1.80332 100 19 4.06658 100 20 0 0 0 -3.08915 100 17 0 0 0 0 0 0 0 0 0 0 0
18600 -327.735 0 0 0 2.36642 100 16 5.32624 100 24 0 0 0 -3.37106 100 16 0 0 0 0 0 0 0 0 0 0 0
18700 -326.918 0 0 0 2.32346 100 22 6.43356 100 17 0 0 0 -3.30318 100 16 0 0 0 0 0 0 0 0 0 0 0
18800 -326.309 0 0 0 2.20185 100 21 7.15641 100 26 0 0 0 -3.45931 100 21 0 0 0 0 0 0 0 0 0 0 0
18900 -326.586 0 0 0 1.47708 100 26 3.66526 100 28 0 0 0 -2.75363 100 13 0 0 0 0 0 0 0 0 0 0 0
19000 -326.362 0 0 0 1.98516 100 16 7.38418 100 20 0 0 0 -3.23505 100 17 0 0 0 0 0 0 0 0 0 0 0
19100 -328.161 0 0 0 1.89764 100 23 7.14288 100 24 0 0 0 -3.42827 100 18 0 0 0 0 0 0 0 0 0 0 0
19200 -326.055 0 0 0 2.17793 100 28 7.08992 100 29 0 0 0 -3.38598 100 25 0 0 0 0 0 0 0 0 0 0 0
19300 -328.406 0 0 0 2.16165 100 25 4.73908 100 29 0 0 0 -3.4171 100 24 0 0 0 0 0 0 0 0 0 0 0
19400 -326.558 0 0 0 1.35402 100 23 3.86852 100 22 0 0 0 -2.71122 100 16 0 0 0 0 0 0 0 0 0 0 0
19500 -326.176 0 0 0 1.93816 100 22 5.54368 100 28 0 0 0 -3.07371 100 15 0 0 0 0 0 0 0 0 0 0 0
19600 -326.047 0 0 0 1.83362 100 24 5.7541 100 27 0 0 0 -3.02891 100 20 0 0 0 0 0 0 0 0 0 0 0
19700 -328.312 0 0 0 1.12082 100 20 5.29872 100 26 0 0 0 -2.65558 100 14 0 0 0 0 0 0 0 0 0 0 0
19800 -326.247 0 0 0 1.51567 100 21 4.4684 100 20 0 0 0 -2.85561 100 21 0 0 0 0 0 0 0 0 0 0 0
19900 -327.087 0 0 0 2.00558 100 14 7.93389 100 29 0 0 0 -3.22404 100 22 0 0 0 0 0 0 0 0 0 0 0
20000 -326.241 0 0 0 1.56165 100 17 4.78997 100 23 0 0 0 -2.93205 100 17 0 0 0 0 0 0 0 0 0 0 0
20100 -327.606 0 0 0 2.39156 100 21 6.87491 100 15 0 0 0 -3.30082 100 16 0 0 0 0 0 0 0 0 0 0 0
20200 -326.253 0 0 0 1.98353 100 16 6.98033 100 22 0 0 0 -3.30643 100 19 0 0 0 0 0 0 0 0 0 0 0
20300 -326.313 0 0 0 1.58769 100 24 5.27053 100 18 0 0 0 -2.85357 100 21 0 0 0 0 0 0 0 0 0 0 0
20400 -327.497 0 0 0 2.27046 100 21 8.15702 100 20 0 0 0 -3.30143 100 23 0 0 0 0 0 0 0 0 0 0 0
20500 -327.933 0 0 0 1.43685 100 19 2.84582 100 24 0 0 0 -2.58234 100 19 0 0 0 0 0 0 0 0 0 0 0
20600 -327.575 0 0 0 1.49287 100 35 6.53155 100 21 0 0 0 -3.00748 100 23 0 0 0 0 0 0 0 0 0 0 0
20700 -326.669 0 0 0 1.61722 100 18 3.68993 100 19 0 0 0 -2.85544 100 14 0 0 0 0 0 0 0 0 0 0 0
20800 -328.329 0 0 0 1.29961 100 16 4.03777 100 24 0 0 0 -2.92006 100 20 0 0 0 0 0 0 0 0 0 0 0
20900 -326.445 0 0 0 2.19154 100 21 8.0062 100 31 0 0 0 -3.44532 100 22 0 0 0 0 0 0 0 0 0 0 0
21000 -329.847 0 0 0 0.813736 100 14 2.02368 100 22 0 0 0 -2.53816 100 16 0 0 0 0 0 0 0 0 0 0 0
21100 -326.804 0 0 0 1.715 100 26 5.23434 100 22 0 0 0 -3.14337 100 19 0 0 0 0 0 0 0 0 0 0 0
21200 -326.507 0 0 0 1.54992 100 18 5.37687 100 29 0 0 0 -2.99137 100 21 0 0 0 0 0 0 0 0 0 0 0
21300 -326.511 0 0 0 1.96962 100 20 6.78091 100 19 0 0 0 -3.33673 100 17 0 0 0 0 0 0 0 0 0 0 0
21400 -327.033 0 0 0 1.60562 100 28 5.77211 100 28 0 0 0 -3.10663 100 12 0 0 0 0 0 0 0 0 0 0 0
21500 -329.212 0 0 0 2.5124 100 16 8.19126 100 35 0 0 0 -3.89723 100 16 0 0 0 0 0 0 0 0 0 0 0
21600 -327.14 0 0 0 2.17767 100 24 7.09736 100 25 0 0 0 -3.53438 100 19 0 0 0 0 0 0 0 0 0 0 0
21700 -327.144 0 0 0 1.41835 100 19 2.99962 100 18 0 0 0 -2.65623 100 18 0 0 0 0 0 0 0 0 0 0 0
21800 -327.663 0 0 0 1.37101 100 22 5.82771 100 34 0 0 0 -2.74086 100 22 0 0 0 0 0 0 0 0 0 0 0
21900 -326.926 0 0 0 1.26723 100 27 3.12331 100 30 0 0 0 -2.63966 100 18 0 0 0 0 0 0 0 0 0 0 0
22000 -331.681 0 0 0 0.864691 100 25 1.24657 100 18 0 0 0 -2.62995 100 13 0 0 0 0 0 0 0 0 0 0 0
22100 -327.97 0 0 0 1.18285 100 18 1.85092 100 23 0 0 0 -2.58189 100 23 0 0 0 0 0 0 0 0 0 0 0
22200 -326.281 0 0 0 1.70207 100 28 4.56717 100 27 0 0 0 -2.90565 100 10 0 0 0 0 0 0 0 0 0 0 0
22300 -329.342 0 0 0 1.35765 100 18 6.46941 100 23 0 0 0 -2.71028 100 16 0 0 0 0 0 0 0 0 0 0 0
22400 -327.228 0 0 0 1.14949 100 14 4.25893 100 21 0 0 0 -2.64331 100 13 0 0 0 0 0 0 0 0 0 0 0
22500 -327.068 0 0 0 1.44564 100 17 5.98641 100 21 0 0 0 -2.87169 100 13 0 0 0 0 0 0 0 0 0 0 0
22600 -326.071 0 0 0 1.70075 100 18 5.73565 100 21 0 0 0 -3.03654 100 18 0 0 0 0 0 0 0 0 0 0 0
22700 -329.23 0 0 0 1.64342 100 19 1.8858 100 24 0 0 0 -2.89988 100 17 0 0 0 0 0 0 0 0 0 0 0
22800 -327.18 0 0 0 1.55898 100 24 4.96266 100 19 0 0 0 -3.06101 100 22 0 0 0 0 0 0 0 0 0 0 0
22900 -328.391 0 0 0 2.20912 100 23 4.7096 100 12 0 0 0 -3.42006 100 19 0 0 0 0 0 0 0 0 0 0 0
23000 -327.041 0 0 0 2.6322 100 18 7.33126 100 28 0 0 0 -3.63794 100 21 0 0 0 0 0 0 0 0 0 0 0
23100 -327.552 0 0 0 1.30316 100 29 2.27821 100 31 0 0 0 -2.63807 100 18 0 0 0 0 0 0 0 0 0 0 0
23200 -327.675 0 0 0 1.93633 100 25 4.60531 100 22 0 0 0 -2.93332 100 16 0 0 0 0 0 0 0 0 0 0 0
23300 -328.371 0 0 0 2.68856 100 25 8.67095 100 19 0 0 0 -3.54186 100 19 0 0 0 0 0 0 0 0 0 0 0
23400 -331.141 0 0 0 2.74573 100 18 5.30198 100 14 0 0 0 -3.51828 100 19 0 0 0 0 0 0 0 0 0 0 0
23500 -326.746 0 0 0 2.19427 100 13 8.23179 100 25 0 0 0 -3.49419 100 15 0 0 0 0 0 0 0 0 0 0 0
23600 -326.433 0 0 0 1.78977 100 27 6.62773 100 20 0 0 0 -3.17692 100 18 0 0 0 0 0 0 0 0 0 0 0
23700 -329.331 0 0 0 0.679031 100 19 2.7586 100 26 0 0 0 -2.2759 100 16 0 0 0 0 0 0 0 0 0 0 0
23800 -326.669 0 0 0 2.39514 100 24 7.41496 100 24 0 0 0 -3.60699 100 12 0 0 0 0 0 0 0 0 0 0 0
23900 -327.814 0 0 0 2.54076 100 18 9.91154 100 21 0 0 0 -3.77388 100 16 0 0 0 0 0 0 0 0 0 0 0
24000 -328.936 0 0 0 2.70466 100 24 7.84004 100 16 0 0 0 -3.49386 100 17 0 0 0 0 0 0 0 0 0 0 0
24100 -328.651 0 0 0 1.69899 100 31 6.48288 100 27 0 0 0 -3.30664 100 17 0 0 0 0 0 0 0 0 0 0 0
24200 -327.884 0 0 0 2.50189 100 24 9.91804 100 28 0 0 0 -3.69752 100 24 0 0 0 0 0 0 0 0 0 0 0
24300 -328.474 0 0 0 1.82051 100 23 3.78999 100 16 0 0 0 -2.8063 100 24 0 0 0 0 0 0 0 0 0 0 0
24400 -328.296 0 0 0 1.05344 100 20 2.61056 100 29 0 0 0 -2.35302 100 29 0 0 0 0 0 0 0 0 0 0 0
24500 -328.513 0 0 0 1.45058 100 24 6.41968 100 31 0 0 0 -3.08481 100 13 0 0 0 0 0 0 0 0 0 0 0
24600 -328.223 0 0 0 2.41897 100 16 5.21741 100 26 0 0 0 -3.4702 100 15 0 0 0 0 0 0 0 0 0 0 0
24700 -326.033 0 0 0 1.80822 100 21 6.23746 100 22 0 0 0 -3.112 100 10 0 0 0 0 0 0 0 0 0 0 0
24800 -327.008 0 0 0 2.30132 100 18 7.82669 100 18 0 0 0 -3.32428 100 29 0 0 0 0 0 0 0 0 0 0 0
24900 -328.783 0 0 0 1.39651 100 22 2.37602 100 23 0 0 0 -2.50677 100 14 0 0 0 0 0 0 0 0 0 0 0
25000 -326.132 0 0 0 2.00035 100 15 6.13286 100 23 0 0 0 -3.12962 100 20 0 0 0 0 0 0 0 0 0 0 0
25100 -327.245 0 0 0 2.08017 100 22 8.47547 100 21 0 0 0 -3.38581 100 20 0 0 0 0 0 0 0 0 0 0 0
25200 -326.399 0 0 0 2.43801 100 20 7.8289 100 17 0 0 0 -3.59503 100 20 0 0 0 0 0 0 0 0 0 0 0
25300 -326.606 0 0 0 2.30155 100 24 8.45888 100 15 0 0 0 -3.49119 100 11 0 0 0 0 0 0 0 0 0 0 0
25400 -327.794 0 0 0 2.82185 100 18 9.78667 100 26 0 0 0 -3.77149 100 13 0 0 0 0 0 0 0 0 0 0 0
25500 -326.979 0 0 0 2.53876 100 22 7.20863 100 22 0 0 0 -3.50211 100 18 0 0 0 0 0 0 0 0 0 0 0
25600 -326.042 0 0 0 1.98331 100 15 6.50767 100 18 0 0 0 -3.2667 100 21 0 0 0 0 0 0 0 0 0 0 0
25700 -327.893 0 0 0 1.99806 100 22 8.40541 100 23 0 0 0 -3.44081 100 14 0 0 0 0 0 0 0 0 0 0 0
25800 -326.288 0 0 0 2.09786 100 19 7.40588 100 24 0 0 0 -3.266 100 14 0 0 0 0 0 0 0 0 0 0 0
25900 -326.564 0 0 0 1.51366 100 24 5.29822 100 20 0 0 0 -2.96556 100 27 0 0 0 0 0 0 0 0 0 0 0
26000 -327.946 0 0 0 1.07997 100 21 4.32034 100 24 0 0 0 -2.50468 100 33 0 0 0 0 0 0 0 0 0 0 0
26100 -327.016 0 0 0 1.19797 100 21 3.97399 100 20 0 0 0 -2.59487 100 24 0 0 0 0 0 0 0 0 0 0 0
26200 -329.085 0 0 0 1.11242 100 22 0.799261 100 21 0 0 0 -2.43978 100 11 0 0 0 0 0 0 0 0 0 0 0
26300 -326.18 0 0 0 1.72332 100 23 4.96925 100 22 0 0 0 -2.92509 100 17 0 0 0 0 0 0 0 0 0 0 0
26400 -327.291 0 0 0 1.15011 100 14 2.68446 100 21 0 0 0 -2.55666 100 15 0 0 0 0 0 0 0 0 0 0 0
26500 -326.028 0 0 0 2.00299 100 15 6.0274 100 21 0 0 0 -3.15372 100 15 0 0 0 0 0 0 0 0 0 0 0
26600 -327.498 0 0 0 1.53957 100 20 2.98609 100 21 0 0 0 -2.69993 100 23 0 0 0 0 0 0 0 0 0 0 0
26700 -329.167 0 0 0 1.31867 100 24 4.09317 100 18 0 0 0 -2.98763 100 22 0 0 0 0 0 0 0 0 0 0 0
26800 -328.652 0 0 0 1.122 100 18 3.91293 100 30 0 0 0 -2.80055 100 13 0 0 0 0 0 0 0 0 0 0 0
26900 -326.621 0 0 0 1.54586 100 20 3.63069 100 25 0 0 0 -2.81496 100 15 0 0 0 0 0 0 0 0 0 0 0
27000 -326.198 0 0 0 1.89887 100 17 5.07441 100 22 0 0 0 -3.07463 100 15 0 0 0 0 0 0 0 0 0 0 0
27100 -326.421 0 0 0 1.97269 100 20 5.38983 100 23 0 0 0 -3.23865 100 14 0 0 0 0 0 0 0 0 0 0 0
27200 -328.147 0 0 0 2.43516 100 16 7.38357 100 18 0 0 0 -3.31195 100 17 0 0 0 0 0 0 0 0 0 0 0
27300 -326.582 0 0 0 2.14617 100 28 5.44306 100 36 0 0 0 -3.25956 100 19 0 0 0 0 0 0 0 0 0 0 0
27400 -329.164 0 0 0 0.878832 100 17 1.92887 100 28 0 0 0 -2.52892 100 13 0 0 0 0 0 0 0 0 0 0 0
27500 -329.252 0 0 0 1.62016 100 24 2.11668 100 30 0 0 0 -2.67811 100 16 0 0 0 0 0 0 0 0 0 0 0
27600 -327.064 0 0 0 1.28603 100 25 3.66175 100 21 0 0 0 -2.57683 100 29 0 0 0 0 0 0 0 0 0 0 0
27700 -326.546 0 0 0 1.43272 100 24 5.14803 100 23 0 0 0 -2.79485 100 18 0 0 0 0 0 0 0 0 0 0 0
27800 -327.555 0 0 0 1.67364 100 24 4.94497 100 16 0 0 0 -2.75915 100 14 0 0 0 0 0 0 0 0 0 0 0
27900 -326.385 0 0 0 2.27155 100 15 7.32858 100 23 0 0 0 -3.33649 100 11 0 0 0 0 0 0 0 0 0 0 0
28000 -329.225 0 0 0 2.55788 100 21 8.08341 100 18 0 0 0 -3.91602 100 18 0 0 0 0 0 0 0 0 0 0 0
28100 -330.048 0 0 0 1.94137 100 20 8.12711 100 23 0 0 0 -3.57083 100 12 0 0 0 0 0 0 0 0 0 0 0
28200 -328.876 0 0 0 1.94542 100 24 3.16398 100 26 0 0 0 -3.16171 100 21 0 0 0 0 0 0 0 0 0 0 0
28300 -328.282 0 0 0 2.55766 100 25 5.80934 100 21 0 0 0 -3.58385 100 17 0 0 0 0 0 0 0 0 0 0 0
28400 -328.551 0 0 0 2.46385 100 14 5.59964 100 21 0 0 0 -3.60549 100 15 0 0 0 0 0 0 0 0 0 0 0
28500 -329.665 0 0 0 1.74412 100 17 5.93541 100 22 0 0 0 -3.37544 100 13 0 0 0 0 0 0 0 0 0 0 0
28600 -328.962 0 0 0 2.08091 100 18 4.36439 100 26 0 0 0 -2.9846 100 16 0 0 0 0 0 0 0 0 0 0 0
28700 -327.1 0 0 0 2.37606 100 22 9.09527 100 13 0 0 0 -3.58855 100 17 0 0 0 0 0 0 0 0 0 0 0
28800 -326.112 0 0 0 1.80536 100 19 6.33241 100 19 0 0 0 -3.13581 100 12 0 0 0 0 0 0 0 0 0 0 0
28900 -330.009 0 0 0 0.636782 100 18 0.54836 100 26 0 0 0 -2.23927 100 15 0 0 0 0 0 0 0 0 0 0 0
29000 -326.887 0 0 0 1.24596 100 23 4.11748 100 23 0 0 0 -2.72247 100 19 0 0 0 0 0 0 0 0 0 0 0
29100 -326.968 0 0 0 1.47416 100 26 5.20024 100 19 0 0 0 -2.98301 100 24 0 0 0 0 0 0 0 0 0 0 0
29200 -326.067 0 0 0 1.7011 100 28 5.00807 100 29 0 0 0 -3.00166 100 16 0 0 0 0 0 0 0 0 0 0 0
29300 -327.836 0 0 0 1.78523 100 16 6.18259 100 23 0 0 0 -3.30977 100 15 0 0 0 0 0 0 0 0 0 0 0
29400 -326.238 0 0 0 2.07595 100 24 6.75011 100 30 0 0 0 -3.1913 100 14 0 0 0 0 0 0 0 0 0 0 0
29500 -326.42 0 0 0 2.00074 100 18 5.36463 100 22 0 0 0 -3.09521 100 18 0 0 0 0 0 0 0 0 0 0 0
29600 -326.785 0 0 0 2.27664 100 13 5.82629 100 21 0 0 0 -3.39296 100 17 0 0 0 0 0 0 0 0 0 0 0
29700 -327.556 0 0 0 2.23495 100 24 4.94227 100 27 0 0 0 -3.25625 100 9 0 0 0 0 0 0 0 0 0 0 0
29800 -327.371 0 0 0 2.63889 100 16 9.53456 100 21 0 0 0 -3.84125 100 10 0 0 0 0 0 0 0 0 0 0 0
29900 -326.984 0 0 0 2.16731 100 19 5.90963 100 18 0 0 0 -3.16111 100 19 0 0 0 0 0 0 0 0 0 0 0
30000 -330.903 0 0 0 0.528179 100 27 1.6556 100 20 0 0 0 -2.02906 100 15 0 0 0 0 0 0 0 0 0 0 0
30100 -328.058 0 0 0 1.62055 100 24 2.6141 100 20 0 0 0 -2.90871 100 25 0 0 0 0 0 0 0 0 0 0 0
30200 -328.376 0 0 0 2.08667 100 27 5.04556 100 24 0 0 0 -3.42732 100 13 0 0 0 0 0 0 0 0 0 0 0
30300 -326.573 0 0 0 1.94043 100 19 5.71349 100 20 0 0 0 -3.27731 100 16 0 0 0 0 0 0 0 0 0 0 0
30400 -326.194 0 0 0 1.73592 100 19 6.28478 100 25 0 0 0 -3.0552 100 9 0 0 0 0 0 0 0 0 0 0 0
30500 -329.397 0 0 0 0.68117 100 25 2.63791 100 15 0 0 0 -2.23612 100 19 0 0 0 0 0 0 0 0 0 0 0
30600 -327.49 0 0 0 2.3172 100 27 6.30883 100 24 0 0 0 -3.56976 100 20 0 0 0 0 0 0 0 0 0 0 0
30700 -326.534 0 0 0 2.21062 100 24 7.7973 100 22 0 0 0 -3.32613 100 28 0 0 0 0 0 0 0 0 0 0 0
30800 -326.475 0 0 0 1.96201 100 16 7.27642 100 17 0 0 0 -3.17583 100 16 0 0 0 0 0 0 0 0 0 0 0
30900 -326.379 0 0 0 1.84982 100 25 4.66276 100 22 0 0 0 -3.02088 100 17 0 0 0 0 0 0 0 0 0 0 0
31000 -326.938 0 0 0 1.58641 100 23 5.80392 100 24 0 0 0 -2.82588 100 21 0 0 0 0 0 0 0 0 0 0 0
31100 -325.98 0 0 0 1.72663 100 21 5.48212 100 19 0 0 0 -3.00304 100 14 0 0 0 0 0 0 0 0 0 0 0
31200 -326.529 0 0 0 2.5354 100 25 8.0089 100 21 0 0 0 -3.57916 100 27 0 0 0 0 0 0 0 0 0 0 0
31300 -327.79 0 0 0 2.4897 100 20 8.1664 100 19 0 0 0 -3.40942 100 18 0 0 0 0 0 0 0 0 0 0 0
31400 -328.27 0 0 0 3.05078 100 20 8.6449 100 25 0 0 0 -3.90623 100 15 0 0 0 0 0 0 0 0 0 0 0
31500 -331.66 0 0 0 4.07558 100 22 12.7615 100 21 0 0 0 -4.80285 100 20 0 0 0 0 0 0 0 0 0 0 0
31600 -329.558 0 0 0 3.26612 100 21 11.1224 100 23 0 0 0 -4.39344 100 15 0 0 0 0 0 0 0 0 0 0 0
31700 -328.439 0 0 0 1.85349 100 22 8.13309 100 24 0 0 0 -3.11716 100 17 0 0 0 0 0 0 0 0 0 0 0
31800 -327.009 0 0 0 1.66297 100 18 4.44885 100 27 0 0 0 -3.07434 100 16 0 0 0 0 0 0 0 0 0 0 0
31900 -326.732 0 0 0 1.49044 100 19 5.34312 100 31 0 0 0 -2.77915 100 17 0 0 0 0 0 0 0 0 0 0 0
32000 -327.713 0 0 0 1.32963 100 29 4.50533 100 17 0 0 0 -2.91695 100 20 0 0 0 0 0 0 0 0 0 0 0
32100 -326.053 0 0 0 1.76586 100 18 5.10145 100 21 0 0 0 -3.04307 100 18 0 0 0 0 0 0 0 0 0 0 0
32200 -326.577 0 0 0 1.74396 100 21 4.89943 100 21 0 0 0 -2.87933 100 21 0 0 0 0 0 0 0 0 0 0 0
32300 -326.149 0 0 0 1.59758 100 30 5.22894 100 25 0 0 0 -2.8945 100 18 0 0 0 0 0 0 0 0 0 0 0
32400 -331.566 0 0 0 1.61647 100 20 6.35986 100 21 0 0 0 -2.65601 100 19 0 0 0 0 0 0 0 0 0 0 0
32500 -326.498 0 0 0 1.87051 100 14 5.18077 100 15 0 0 0 -2.977 100 17 0 0 0 0 0 0 0 0 0 0 0
32600 -327.108 0 0 0 1.47314 100 19 3.37471 100 21 0 0 0 -2.86849 100 18 0 0 0 0 0 0 0 0 0 0 0
32700 -327.841 0 0 0 1.03211 100 20 2.06023 100 25 0 0 0 -2.44297 100 20 0 0 0 0 0 0 0 0 0 0 0
32800 -327.584 0 0 0 1.6502 100 18 3.02066 100 17 0 0 0 -2.92999 100 22 0 0 0 0 0 0 0 0 0 0 0
32900 -326.321 0 0 0 2.1986 100 19 7.54217 100 30 0 0 0 -3.32138 100 23 0 0 0 0 0 0 0 0 0 0 0
33000 -326.759 0 0 0 1.57472 100 22 6.22262 100 25 0 0 0 -3.01433 100 13 0 0 0 0 0 0 0 0 0 0 0
33100 -326.514 0 0 0 2.13241 100 18 6.22208 100 33 0 0 0 -3.17877 100 16 0 0 0 0 0 0 0 0 0 0 0
33200 -326.55 0 0 0 1.45929 100 16 5.38407 100 20 0 0 0 -2.88403 100 19 0 0 0 0 0 0 0 0 0 0 0
33300 -327.206 0 0 0 1.95663 100 30 4.62405 100 29 0 0 0 -3.23336 100 16 0 0 0 0 0 0 0 0 0 0 0
33400 -330.448 0 0 0 2.74699 100 23 5.6055 100 23 0 0 0 -3.78818 100 19 0 0 0 0 0 0 0 0 0 0 0
33500 -326.823 0 0 0 2.08899 100 15 5.30919 100 23 0 0 0 -3.31473 100 14 0 0 0 0 0 0 0 0 0 0 0
33600 -328.822 0 0 0 1.04549 100 20 1.79293 100 26 0 0 0 -2.60848 100 22 0 0 0 0 0 0 0 0 0 0 0
33700 -327.874 0 0 0 2.64442 100 21 7.86463 100 20 0 0 0 -3.51016 100 23 0 0 0 0 0 0 0 0 0 0 0
33800 -327.454 0 0 0 2.7373 100 26 7.42901 100 22 0 0 0 -3.71105 100 18 0 0 0 0 0 0 0 0 0 0 0
33900 -326.028 0 0 0 2.1351 100 21 6.89142 100 26 0 0 0 -3.28485 100 16 0 0 0 0 0 0 0 0 0 0 0
34000 -327.292 0 0 0 2.54622 100 20 6.79093 100 30 0 0 0 -3.49189 100 20 0 0 0 0 0 0 0 0 0 0 0
34100 -328.821 0 0 0 2.34259 100 27 4.459 100 24 0 0 0 -3.36638 100 25 0 0 0 0 0 0 0 0 0 0 0
34200 -328.756 0 0 0 2.51457 100 20 9.77653 100 19 0 0 0 -3.88801 100 20 0 0 0 0 0 0 0 0 0 0 0
34300 -326.09 0 0 0 1.72989 100 16 6.00783 100 16 0 0 0 -3.02199 100 22 0 0 0 0 0 0 0 0 0 0 0
34400 -326.446 0 0 0 1.92587 100 23 7.18507 100 26 0 0 0 -3.16006 100 13 0 0 0 0 0 0 0 0 0 0 0
34500 -328.315 0 0 0 3.00653 100 20 9.52422 100 21 0 0 0 -4.12497 100 14 0 0 0 0 0 0 0 0 0 0 0
34600 -328.134 0 0 0 2.07018 100 21 6.28342 100 17 0 0 0 -3.01841 100 17 0 0 0 0 0 0 0 0 0 0 0
34700 -327.033 0 0 0 2.0345 100 25 4.56948 100 24 0 0 0 -3.18503 100 21 0 0 0 0 0 0 0 0 0 0 0
34800 -329.915 0 0 0 0.863765 100 19 2.68078 100 18 0 0 0 -2.62232 100 15 0 0 0 0 0 0 0 0 0 0 0
34900 -327.324 0 0 0 1.24275 100 17 4.65037 100 24 0 0 0 -2.60791 100 23 0 0 0 0 0 0 0 0 0 0 0
35000 -326.681 0 0 0 2.49544 100 18 7.22411 100 14 0 0 0 -3.50406 100 24 0 0 0 0 0 0 0 0 0 0 0
35100 -327.476 0 0 0 1.39457 100 16 6.06716 100 21 0 0 0 -2.90153 100 21 0 0 0 0 0 0 0 0 0 0 0
35200 -327.991 0 0 0 1.52089 100 16 2.92295 100 14 0 0 0 -2.63595 100 19 0 0 0 0 0 0 0 0 0 0 0
35300 -330.18 0 0 0 2.64725 100 16 5.20952 100 22 0 0 0 -3.48224 100 18 0 0 0 0 0 0 0 0 0 0 0
35400 -326.409 0 0 0 1.98153 100 22 6.88562 100 20 0 0 0 -3.33244 100 18 0 0 0 0 0 0 0 0 0 0 0
35500 -327.285 0 0 0 1.36165 100 18 5.66766 100 11 0 0 0 -2.77077 100 14 0 0 0 0 0 0 0 0 0 0 0
35600 -326.818 0 0 0 2.446 100 14 6.66527 100 26 0 0 0 -3.45486 100 16 0 0 0 0 0 0 0 0 0 0 0
35700 -326.318 0 0 0 1.96 100 19 5.86008 100 20 0 0 0 -3.06711 100 18 0 0 0 0 0 0 0 0 0 0 0
35800 -326.218 0 0 0 1.68857 100 20 4.50223 100 27 0 0 0 -2.94818 100 20 0 0 0 0 0 0 0 0 0 0 0
35900 -326.847 0 0 0 1.62003 100 17 3.7543 100 20 0 0 0 -2.94991 100 18 0 0 0 0 0 0 0 0 0 0 0
36000 -326.754 0 0 0 1.69933 100 21 5.6964 100 20 0 0 0 -2.87051 100 20 0 0 0 0 0 0 0 0 0 0 0
36100 -328.485 0 0 0 2.2057 100 25 9.15294 100 22 0 0 0 -3.36347 100 22 0 0 0 0 0 0 0 0 0 0 0
36200 -326.42 0 0 0 1.67453 100 18 6.28318 100 17 0 0 0 -3.06467 100 14 0 0 0 0 0 0 0 0 0 0 0
36300 -327.236 0 0 0 2.69685 100 18 9.2634 100 21 0 0 0 -3.86721 100 21 0 0 0 0 0 0 0 0 0 0 0
36400 -327.053 0 0 0 2.41952 100 17 7.36607 100 21 0 0 0 -3.37674 100 15 0 0 0 0 0 0 0 0 0 0 0
36500 -326.445 0 0 0 1.9581 100 20 7.1621 100 22 0 0 0 -3.15855 100 23 0 0 0 0 0 0 0 0 0 0 0
36600 -326.398 0 0 0 2.33163 100 17 6.84923 100 16 0 0 0 -3.37921 100 19 0 0 0 0 0 0 0 0 0 0 0
36700 -329.736 0 0 0 2.6518 100 24 7.28466 100 31 0 0 0 -3.93181 100 17 0 0 0 0 0 0 0 0 0 0 0
36800 -326.02 0 0 0 1.85038 100 21 5.30147 100 16 0 0 0 -3.06217 100 20 0 0 0 0 0 0 0 0 0 0 0
36900 -326.446 0 0 0 2.1069 100 22 7.8359 100 20 0 0 0 -3.33725 100 10 0 0 0 0 0 0 0 0 0 0 0
37000 -326.705 0 0 0 1.4016 100 14 3.41187 100 27 0 0 0 -2.7128 100 26 0 0 0 0 0 0 0 0 0 0 0
37100 -326.52 0 0 0 1.42904 100 19 3.98706 100 20 0 0 0 -2.81726 100 16 0 0 0 0 0 0 0 0 0 0 0
37200 -328.321 0 0 0 1.71597 100 16 3.26908 100 27 0 0 0 -3.07978 100 18 0 0 0 0 0 0 0 0 0 0 0
37300 -334.52 0 0 0 4.18185 100 21 13.5172 100 19 0 0 0 -5.19179 100 22 0 0 0 0 0 0 0 0 0 0 0
37400 -330.618 0 0 0 3.62153 100 18 10.0272 100 22 0 0 0 -4.34421 100 11 0 0 0 0 0 0 0 0 0 0 0
37500 -327.753 0 0 0 2.75526 100 25 9.25559 100 21 0 0 0 -3.95878 100 28 0 0 0 0 0 0 0 0 0 0 0
37600 -328.047 0 0 0 3.12888 100 16 9.57905 100 14 0 0 0 -4.09438 100 5 0 0 0 0 0 0 0 0 0 0 0
37700 -328.874 0 0 0 3.24391 100 20 10.833 100 15 0 0 0 -4.31121 100 17 0 0 0 0 0 0 0 0 0 0 0
37800 -329.262 0 0 0 2.88395 100 23 7.4342 100 22 0 0 0 -3.98178 100 12 0 0 0 0 0 0 0 0 0 0 0
37900 -326.777 0 0 0 2.46971 100 20 8.7923 100 26 0 0 0 -3.56792 100 12 0 0 0 0 0 0 0 0 0 0 0
38000 -326.161 0 0 0 2.14846 100 15 6.19091 100 16 0 0 0 -3.32736 100 17 0 0 0 0 0 0 0 0 0 0 0
38100 -326.059 0 0 0 2.11855 100 15 7.23086 100 21 0 0 0 -3.33625 100 14 0 0 0 0 0 0 0 0 0 0 0
38200 -329.031 0 0 0 2.83055 100 23 6.61013 100 20 0 0 0 -3.79706 100 17 0 0 0 0 0 0 0 0 0 0 0
38300 -326.117 0 0 0 2.27543 100 20 7.37415 100 24 0 0 0 -3.4417 100 21 0 0 0 0 0 0 0 0 0 0 0
38400 -326.405 0 0 0 2.089 100 20 6.78893 100 20 0 0 0 -3.39909 100 16 0 0 0 0 0 0 0 0 0 0 0
38500 -328.482 0 0 0 1.96532 100 13 8.39298 100 18 0 0 0 -3.17324 100 20 0 0 0 0 0 0 0 0 0 0 0
38600 -326.368 0 0 0 2.02388 100 22 7.08519 100 23 0 0 0 -3.356 100 17 0 0 0 0 0 0 0 0 0 0 0
38700 -328.003 0 0 0 2.959 100 13 8.17524 100 21 0 0 0 -3.9086 100 22 0 0 0 0 0 0 0 0 0 0 0
38800 -328.465 0 0 0 1.60669 100 20 3.99003 100 19 0 0 0 -2.64652 100 17 0 0 0 0 0 0 0 0 0 0 0
38900 -328.566 0 0 0 1.13602 100 23 1.51513 100 24 0 0 0 -2.59475 100 21 0 0 0 0 0 0 0 0 0 0 0
39000 -326.866 0 0 0 1.27385 100 27 4.37519 100 19 0 0 0 -2.64983 100 17 0 0 0 0 0 0 0 0 0 0 0
39100 -326.249 0 0 0 1.75116 100 16 4.59875 100 25 0 0 0 -2.9612 100 12 0 0 0 0 0 0 0 0 0 0 0
39200 -327.937 0 0 0 2.38526 100 18 7.95064 100 21 0 0 0 -3.31836 100 19 0 0 0 0 0 0 0 0 0 0 0
39300 -327.425 0 0 0 1.05653 100 23 3.59171 100 20 0 0 0 -2.53005 100 17 0 0 0 0 0 0 0 0 0 0 0
39400 -326.998 0 0 0 1.26612 100 24 4.25861 100 26 0 0 0 -2.61288 100 15 0 0 0 0 0 0 0 0 0 0 0
39500 -329.412 0 0 0 2.76283 100 19 9.79231 100 15 0 0 0 -3.61936 100 20 0 0 0 0 0 0 0 0 0 0 0
39600 -326.205 0 0 0 2.20451 100 18 6.85473 100 26 0 0 0 -3.29305 100 25 0 0 0 0 0 0 0 0 0 0 0
39700 -325.954 0 0 0 1.92443 100 15 5.73777 100 22 0 0 0 -3.12718 100 24 0 0 0 0 0 0 0 0 0 0 0
39800 -327.803 0 0 0 2.73878 100 24 7.69188 100 17 0 0 0 -3.60947 100 18 0 0 0 0 0 0 0 0 0 0 0
39900 -327.173 0 0 0 1.9513 100 20 7.46485 100 14 0 0 0 -3.11617 100 19 0 0 0 0 0 0 0 0 0 0 0
40000 -332.197 0 0 0 1.47703 100 19 8.15602 100 23 0 0 0 -2.89066 100 26 0 0 0 0 0 0 0 0 0 0 0
40100 -329.35 0 0 0 1.32558 100 25 3.4368 100 18 0 0 0 -2.96314 100 17 0 0 0 0 0 0 0 0 0 0 0
40200 -326.014 0 0 0 1.97079 100 24 5.72086 100 22 0 0 0 -3.14629 100 19 0 0 0 0 0 0 0 0 0 0 0
40300 -325.986 0 0 0 1.76349 100 16 5.49039 100 19 0 0 0 -3.06085 100 20 0 0 0 0 0 0 0 0 0 0 0
40400 -327.065 0 0 0 1.84676 100 21 6.8222 100 21 0 0 0 -3.30401 100 17 0 0 0 0 0 0 0 0 0 0 0
40500 -326.218 0 0 0 1.87468 100 20 4.96685 100 16 0 0 0 -3.05487 100 16 0 0 0 0 0 0 0 0 0 0 0
40600 -327.136 0 0 0 2.3466 100 21 7.47756 100 19 0 0 0 -3.31898 100 19 0 0 0 0 0 0 0 0 0 0 0
40700 -327.064 0 0 0 1.21003 100 23 3.8956 100 32 0 0 0 -2.71251 100 17 0 0 0 0 0 0 0 0 0 0 0
40800 -326.335 0 0 0 1.73778 100 11 5.39858 100 17 0 0 0 -3.11373 100 12 0 0 0 0 0 0 0 0 0 0 0
40900 -327.321 0 0 0 1.71224 100 16 4.09681 100 26 0 0 0 -2.79473 100 16 0 0 0 0 0 0 0 0 0 0 0
41000 -329.711 0 0 0 1.62519 100 18 5.2287 100 26 0 0 0 -3.27124 100 21 0 0 0 0 0 0 0 0 0 0 0
41100 -329.197 0 0 0 2.14678 100 23 9.68562 100 16 0 0 0 -3.51398 100 19 0 0 0 0 0 0 0 0 0 0 0
41200 -328.89 0 0 0 3.30569 100 22 11.4976 100 15 0 0 0 -4.29315 100 17 0 0 0 0 0 0 0 0 0 0 0
41300 -328.555 0 0 0 2.7685 100 23 10.6896 100 26 0 0 0 -3.99322 100 17 0 0 0 0 0 0 0 0 0 0 0
41400 -326.249 0 0 0 1.93903 100 27 5.38729 100 22 0 0 0 -3.19748 100 13 0 0 0 0 0 0 0 0 0 0 0
41500 -327.177 0 0 0 1.96999 100 18 4.39046 100 23 0 0 0 -3.18974 100 16 0 0 0 0 0 0 0 0 0 0 0
41600 -327.347 0 0 0 2.74787 100 20 7.64113 100 35 0 0 0 -3.71611 100 24 0 0 0 0 0 0 0 0 0 0 0
41700 -328.237 0 0 0 2.17894 100 18 8.11488 100 21 0 0 0 -3.20636 100 19 0 0 0 0 0 0 0 0 0 0 0
41800 -326.681 0 0 0 2.19766 100 14 8.29147 100 20 0 0 0 -3.40539 100 21 0 0 0 0 0 0 0 0 0 0 0
41900 -326.036 0 0 0 2.12474 100 19 6.82115 100 20 0 0 0 -3.3511 100 16 0 0 0 0 0 0 0 0 0 0 0
42000 -328.132 0 0 0 2.0841 100 17 3.89748 100 22 0 0 0 -3.19471 100 14 0 0 0 0 0 0 0 0 0 0 0
42100 -327.145 0 0 0 1.19205 100 19 3.01752 100 30 0 0 0 -2.54664 100 18 0 0 0 0 0 0 0 0 0 0 0
42200 -326.123 0 0 0 1.94521 100 27 5.3719 100 18 0 0 0 -3.15487 100 17 0 0 0 0 0 0 0 0 0 0 0
42300 -326.222 0 0 0 1.73246 100 23 5.26966 100 23 0 0 0 -3.08465 100 14 0 0 0 0 0 0 0 0 0 0 0
42400 -328.682 0 0 0 2.12895 100 14 4.41484 100 20 0 0 0 -3.04822 100 9 0 0 0 0 0 0 0 0 0 0 0
42500 -327.37 0 0 0 1.26841 100 25 5.04714 100 17 0 0 0 -2.82106 100 20 0 0 0 0 0 0 0 0 0 0 0
42600 -328.379 0 0 0 2.36693 100 23 6.59471 100 25 0 0 0 -3.68031 100 12 0 0 0 0 0 0 0 0 0 0 0
42700 -326.828 0 0 0 2.41421 100 22 6.79031 100 23 0 0 0 -3.39864 100 17 0 0 0 0 0 0 0 0 0 0 0
42800 -328.858 0 0 0 2.49238 100 30 5.137 100 19 0 0 0 -3.52796 100 19 0 0 0 0 0 0 0 0 0 0 0
42900 -326.927 0 0 0 1.73639 100 21 4.14223 100 26 0 0 0 -2.85233 100 20 0 0 0 0 0 0 0 0 0 0 0
43000 -327.182 0 0 0 1.64639 100 22 5.25429 100 17 0 0 0 -2.78356 100 24 0 0 0 0 0 0 0 0 0 0 0
43100 -326.532 0 0 0 2.06083 100 20 5.16509 100 15 0 0 0 -3.20646 100 15 0 0 0 0 0 0 0 0 0 0 0
43200 -327.301 0 0 0 2.32031 100 25 8.92011 100 20 0 0 0 -3.45961 100 10 0 0 0 0 0 0 0 0 0 0 0
43300 -327.964 0 0 0 1.11638 100 13 3.09992 100 22 0 0 0 -2.69869 100 28 0 0 0 0 0 0 0 0 0 0 0
43400 -326.116 0 0 0 1.80758 100 19 6.285 100 19 0 0 0 -3.14403 100 16 0 0 0 0 0 0 0 0 0 0 0
43500 -326.339 0 0 0 1.60533 100 17 4.26667 100 17 0 0 0 -2.92304 100 22 0 0 0 0 0 0 0 0 0 0 0
43600 -326.636 0 0 0 1.71445 100 18 4.33962 100 24 0 0 0 -2.86244 100 19 0 0 0 0 0 0 0 0 0 0 0
43700 -326.799 0 0 0 1.53399 100 20 3.91476 100 21 0 0 0 -2.92701 100 22 0 0 0 0 0 0 0 0 0 0 0
43800 -326.386 0 0 0 1.74756 100 22 6.29291 100 21 0 0 0 -3.14406 100 19 0 0 0 0 0 0 0 0 0 0 0
43900 -327.359 0 0 0 1.58606 100 13 3.00448 100 27 0 0 0 -2.87413 100 22 0 0 0 0 0 0 0 0 0 0 0
44000 -326.401 0 0 0 2.0444 100 15 5.7312 100 28 0 0 0 -3.2993 100 22 0 0 0 0 0 0 0 0 0 0 0
44100 -326.935 0 0 0 2.10204 100 17 7.11224 100 19 0 0 0 -3.47315 100 18 0 0 0 0 0 0 0 0 0 0 0
44200 -327.384 0 0 0 1.69516 100 15 3.25652 100 25 0 0 0 -2.95248 100 18 0 0 0 0 0 0 0 0 0 0 0
44300 -328.542 0 0 0 1.29393 100 23 1.43315 100 31 0 0 0 -2.61655 100 16 0 0 0 0 0 0 0 0 0 0 0
44400 -326.454 0 0 0 1.99365 100 18 7.23817 100 19 0 0 0 -3.17794 100 11 0 0 0 0 0 0 0 0 0 0 0
44500 -326.515 0 0 0 1.46433 100 26 4.01912 100 22 0 0 0 -2.73405 100 19 0 0 0 0 0 0 0 0 0 0 0
44600 -330.692 0 0 0 0.648065 100 21 3.16619 100 28 0 0 0 -2.16512 100 17 0 0 0 0 0 0 0 0 0 0 0
44700 -327.043 0 0 0 2.34132 100 29 8.38237 100 22 0 0 0 -3.64622 100 17 0 0 0 0 0 0 0 0 0 0 0
44800 -330.628 0 0 0 3.5106 100 24 12.9488 100 19 0 0 0 -4.53759 100 18 0 0 0 0 0 0 0 0 0 0 0
44900 -328.481 0 0 0 3.18443 100 18 10.5565 100 17 0 0 0 -4.05522 100 21 0 0 0 0 0 0 0 0 0 0 0
45000 -327.481 0 0 0 2.59773 100 23 6.6911 100 13 0 0 0 -3.55488 100 15 0 0 0 0 0 0 0 0 0 0 0
45100 -327.51 0 0 0 2.35034 100 17 8.55711 100 21 0 0 0 -3.38552 100 29 0 0 0 0 0 0 0 0 0 0 0
45200 -328.85 0 0 0 2.61656 100 29 10.7035 100 22 0 0 0 -3.84251 100 19 0 0 0 0 0 0 0 0 0 0 0
45300 -328.094 0 0 0 2.89229 100 18 10.06 100 19 0 0 0 -4.06729 100 12 0 0 0 0 0 0 0 0 0 0 0
45400 -329.378 0 0 0 0.85658 100 23 0.596335 100 21 0 0 0 -2.34456 100 17 0 0 0 0 0 0 0 0 0 0 0
45500 -327.59 0 0 0 2.13028 100 24 8.82572 100 30 0 0 0 -3.46041 100 18 0 0 0 0 0 0 0 0 0 0 0
45600 -326.118 0 0 0 1.61739 100 21 4.83717 100 15 0 0 0 -2.89325 100 22 0 0 0 0 0 0 0 0 0 0 0
45700 -326.251 0 0 0 1.80365 100 17 5.02623 100 25 0 0 0 -2.96624 100 12 0 0 0 0 0 0 0 0 0 0 0
45800 -326.146 0 0 0 1.79638 100 19 5.13074 100 22 0 0 0 -3.09056 100 18 0 0 0 0 0 0 0 0 0 0 0
45900 -328.071 0 0 0 1.55293 100 20 3.70318 100 16 0 0 0 -3.0362 100 23 0 0 0 0 0 0 0 0 0 0 0
46000 -326.759 0 0 0 2.66696 100 18 8.3271 100 23 0 0 0 -3.69288 100 22 0 0 0 0 0 0 0 0 0 0 0
46100 -327.512 0 0 0 1.48558 100 21 2.57728 100 12 0 0 0 -2.76064 100 20 0 0 0 0 0 0 0 0 0 0 0
46200 -329.639 0 0 0 1.18518 100 19 1.1203 100 24 0 0 0 -2.36118 100 20 0 0 0 0 0 0 0 0 0 0 0
46300 -326.254 0 0 0 1.58426 100 18 5.37073 100 26 0 0 0 -2.87701 100 19 0 0 0 0 0 0 0 0 0 0 0
46400 -327.252 0 0 0 1.62837 100 21 4.93703 100 22 0 0 0 -2.75447 100 13 0 0 0 0 0 0 0 0 0 0 0
46500 -327.284 0 0 0 1.68059 100 24 6.74826 100 19 0 0 0 -3.18099 100 18 0 0 0 0 0 0 0 0 0 0 0
46600 -326.74 0 0 0 1.88053 100 27 4.30743 100 29 0 0 0 -3.06706 100 12 0 0 0 0 0 0 0 0 0 0 0
46700 -327.417 0 0 0 2.04255 100 16 5.49675 100 15 0 0 0 -3.02543 100 16 0 0 0 0 0 0 0 0 0 0 0
46800 -328.159 0 0 0 1.45822 100 20 2.36264 100 17 0 0 0 -2.83497 100 12 0 0 0 0 0 0 0 0 0 0 0
46900 -326.329 0 0 0 2.17097 100 12 7.78359 100 23 0 0 0 -3.35456 100 22 0 0 0 0 0 0 0 0 0 0 0
47000 -327.613 0 0 0 2.60565 100 22 9.91407 100 26 0 0 0 -3.79064 100 20 0 0 0 0 0 0 0 0 0 0 0
47100 -327.427 0 0 0 1.81598 100 19 7.75259 100 18 0 0 0 -3.22193 100 21 0 0 0 0 0 0 0 0 0 0 0
47200 -328.663 0 0 0 2.31113 100 18 5.94831 100 20 0 0 0 -3.16719 100 21 0 0 0 0 0 0 0 0 0 0 0
47300 -327.031 0 0 0 1.52206 100 14 5.08331 100 21 0 0 0 -2.73198 100 14 0 0 0 0 0 0 0 0 0 0 0
47400 -327.344 0 0 0 1.70217 100 27 6.99448 100 16 0 0 0 -2.98232 100 16 0 0 0 0 0 0 0 0 0 0 0
47500 -326.836 0 0 0 2.65531 100 22 7.93046 100 24 0 0 0 -3.7126 100 22 0 0 0 0 0 0 0 0 0 0 0
47600 -332.402 0 0 0 2.96029 100 27 5.3107 100 22 0 0 0 -3.77433 100 21 0 0 0 0 0 0 0 0 0 0 0
47700 -327.754 0 0 0 2.52433 100 11 7.58739 100 23 0 0 0 -3.77602 100 23 0 0 0 0 0 0 0 0 0 0 0
47800 -327.56 0 0 0 2.85681 100 21 8.30269 100 23 0 0 0 -3.76563 100 24 0 0 0 0 0 0 0 0 0 0 0
47900 -326.25 0 0 0 1.98625 100 17 7.17181 100 17 0 0 0 -3.20737 100 18 0 0 0 0 0 0 0 0 0 0 0
48000 -326.194 0 0 0 1.95069 100 25 5.88929 100 22 0 0 0 -3.24568 100 22 0 0 0 0 0 0 0 0 0 0 0
48100 -327.366 0 0 0 2.30043 100 18 7.77395 100 30 0 0 0 -3.29107 100 21 0 0 0 0 0 0 0 0 0 0 0
48200 -327.304 0 0 0 1.6606 100 15 5.38901 100 26 0 0 0 -3.15933 100 15 0 0 0 0 0 0 0 0 0 0 0
48300 -327.159 0 0 0 2.03379 100 24 7.66766 100 26 0 0 0 -3.17147 100 13 0 0 0 0 0 0 0 0 0 0 0
48400 -327.755 0 0 0 2.64024 100 18 8.23779 100 24 0 0 0 -3.52589 100 14 0 0 0 0 0 0 0 0 0 0 0
48500 -328.127 0 0 0 2.79575 100 16 7.64419 100 24 0 0 0 -3.88851 100 23 0 0 0 0 0 0 0 0 0 0 0
48600 -327.152 0 0 0 2.32573 100 23 8.09748 100 23 0 0 0 -3.64872 100 17 0 0 0 0 0 0 0 0 0 0 0
48700 -326.15 0 0 0 2.16394 100 20 7.52628 100 20 0 0 0 -3.36331 100 19 0 0 0 0 0 0 0 0 0 0 0
48800 -327.315 0 0 0 1.94083 100 16 4.89661 100 26 0 0 0 -3.27341 100 14 0 0 0 0 0 0 0 0 0 0 0
48900 -326.458 0 0 0 2.08971 100 15 5.59804 100 23 0 0 0 -3.29941 100 18 0 0 0 0 0 0 0 0 0 0 0
49000 -327.462 0 0 0 1.54619 100 20 2.75336 100 17 0 0 0 -2.76474 100 15 0 0 0 0 0 0 0 0 0 0 0
49100 -327.8 0 0 0 1.14227 100 17 4.82537 100 28 0 0 0 -2.5944 100 15 0 0 0 0 0 0 0 0 0 0 0
49200 -327.048 0 0 0 1.32944 100 23 3.42918 100 34 0 0 0 -2.59462 100 12 0 0 0 0 0 0 0 0 0 0 0
49300 -328.533 0 0 0 1.3745 100 21 1.76393 100 27 0 0 0 -2.73757 100 14 0 0 0 0 0 0 0 0 0 0 0
49400 -329.617 0 0 0 0.747364 100 21 1.74517 100 22 0 0 0 -2.14908 100 15 0 0 0 0 0 0 0 0 0 0 0
49500 -327.349 0 0 0 1.62926 100 23 6.78834 100 31 0 0 0 -2.9435 100 15 0 0 0 0 0 0 0 0 0 0 0
49600 -326.935 0 0 0 1.44206 100 22 4.00947 100 24 0 0 0 -2.8979 100 14 0 0 0 0 0 0 0 0 0 0 0
49700 -329.253 0 0 0 1.57518 100 24 4.5857 100 22 0 0 0 -3.18339 100 17 0 0 0 0 0 0 0 0 0 0 0
49800 -327.682 0 0 0 1.11733 100 24 4.57396 100 18 0 0 0 -2.68613 100 13 0 0 0 0 0 0 0 0 0 0 0
49900 -328.445 0 0 0 1.14248 100 18 1.4306 100 26 0 0 0 -2.55648 100 17 0 0 0 0 0 0 0 0 0 0 0
50000 -326.321 0 0 0 1.99086 100 20 7.08438 100 29 0 0 0 -3.17506 100 16 0 0 0 0 0 0 0 0 0 0 0
50100 -327.327 0 0 0 1.60742 100 27 5.24917 100 22 0 0 0 -2.75482 100 17 0 0 0 0 0 0 0 0 0 0 0
50200 -327.387 0 0 0 1.55701 100 17 3.22518 100 26 0 0 0 -2.91963 100 20 0 0 0 0 0 0 0 0 0 0 0
50300 -327.185 0 0 0 2.44148 100 18 9.21949 100 24 0 0 0 -3.5823 100 15 0 0 0 0 0 0 0 0 0 0 0
50400 -327.3 0 0 0 2.55354 100 27 6.78961 100 26 0 0 0 -3.5012 100 15 0 0 0 0 0 0 0 0 0 0 0
50500 -328.679 0 0 0 2.05236 100 19 3.97916 100 19 0 0 0 -3.00053 100 14 0 0 0 0 0 0 0 0 0 0 0
50600 -327.098 0 0 0 2.32197 100 25 8.03248 100 26 0 0 0 -3.64056 100 20 0 0 0 0 0 0 0 0 0 0 0
50700 -326.591 0 0 0 1.92126 100 27 5.75794 100 19 0 0 0 -3.27283 100 14 0 0 0 0 0 0 0 0 0 0 0
50800 -326.919 0 0 0 1.74282 100 22 3.828 100 15 0 0 0 -2.89266 100 18 0 0 0 0 0 0 0 0 0 0 0
50900 -326.66 0 0 0 1.45848 100 19 3.69868 100 23 0 0 0 -2.71538 100 18 0 0 0 0 0 0 0 0 0 0 0
51000 -326.349 0 0 0 1.7138 100 20 4.7212 100 16 0 0 0 -2.89175 100 18 0 0 0 0 0 0 0 0 0 0 0
51100 -326.593 0 0 0 1.88515 100 23 6.23418 100 19 0 0 0 -3.27679 100 23 0 0 0 0 0 0 0 0 0 0 0
51200 -328.157 0 0 0 1.60456 100 22 6.28873 100 15 0 0 0 -2.79236 100 24 0 0 0 0 0 0 0 0 0 0 0
51300 -327.612 0 0 0 2.13356 100 15 5.1055 100 18 0 0 0 -3.09934 100 13 0 0 0 0 0 0 0 0 0 0 0
51400 -326.323 0 0 0 1.76321 100 26 5.04547 100 34 0 0 0 -3.09964 100 12 0 0 0 0 0 0 0 0 0 0 0
51500 -327.145 0 0 0 1.83137 100 29 7.16027 100 28 0 0 0 -3.29021 100 16 0 0 0 0 0 0 0 0 0 0 0
51600 -328.156 0 0 0 2.24247 100 24 4.57993 100 25 0 0 0 -3.23019 100 19 0 0 0 0 0 0 0 0 0 0 0
51700 -326.26 0 0 0 1.72291 100 22 4.5358 100 24 0 0 0 -2.93644 100 19 0 0 0 0 0 0 0 0 0 0 0
51800 -326.966 0 0 0 2.67154 100 16 8.8836 100 17 0 0 0 -3.67501 100 17 0 0 0 0 0 0 0 0 0 0 0
51900 -329.61 0 0 0 1.81088 100 18 2.07774 100 25 0 0 0 -2.89598 100 24 0 0 0 0 0 0 0 0 0 0 0
52000 -329.025 0 0 0 1.59421 100 25 5.61942 100 23 0 0 0 -2.68125 100 23 0 0 0 0 0 0 0 0 0 0 0
52100 -327.308 0 0 0 1.15541 100 18 3.97077 100 13 0 0 0 -2.6944 100 18 0 0 0 0 0 0 0 0 0 0 0
52200 -326.532 0 0 0 2.27708 100 25 7.46734 100 24 0 0 0 -3.32962 100 13 0 0 0 0 0 0 0 0 0 0 0
52300 -326.731 0 0 0 2.1772 100 16 7.67337 100 21 0 0 0 -3.27039 100 24 0 0 0 0 0 0 0 0 0 0 0
52400 -326.819 0 0 0 2.15059 100 21 5.31929 100 23 0 0 0 -3.204 100 18 0 0 0 0 0 0 0 0 0 0 0
52500 -330.123 0 0 0 1.29594 100 13 5.17147 100 18 0 0 0 -2.48592 100 19 0 0 0 0 0 0 0 0 0 0 0
52600 -327.381 0 0 0 2.60744 100 24 7.77135 100 25 0 0 0 -3.78586 100 21 0 0 0 0 0 0 0 0 0 0 0
52700 -326.202 0 0 0 1.56665 100 16 5.26065 100 28 0 0 0 -2.93528 100 24 0 0 0 0 0 0 0 0 0 0 0
52800 -327.379 0 0 0 2.26114 100 21 8.64532 100 26 0 0 0 -3.61362 100 18 0 0 0 0 0 0 0 0 0 0 0
52900 -326.007 0 0 0 2.09097 100 24 6.66394 100 21 0 0 0 -3.24408 100 22 0 0 0 0 0 0 0 0 0 0 0
53000 -326.116 0 0 0 1.98017 100 13 6.99625 100 13 0 0 0 -3.21139 100 19 0 0 0 0 0 0 0 0 0 0 0
53100 -326.695 0 0 0 1.52599 100 17 4.08204 100 12 0 0 0 -2.73369 100 19 0 0 0 0 0 0 0 0 0 0 0
53200 -326.202 0 0 0 2.22531 100 27 6.71502 100 24 0 0 0 -3.31146 100 25 0 0 0 0 0 0 0 0 0 0 0
53300 -326.87 0 0 0 2.22585 100 17 7.98159 100 27 0 0 0 -3.55399 100 21 0 0 0 0 0 0 0 0 0 0 0
53400 -328.364 0 0 0 2.72126 100 21 7.36129 100 18 0 0 0 -3.54878 100 19 0 0 0 0 0 0 0 0 0 0 0
53500 -327.114 0 0 0 2.34834 100 21 7.64538 100 19 0 0 0 -3.64604 100 17 0 0 0 0 0 0 0 0 0 0 0
53600 -327.829 0 0 0 1.54709 100 23 5.70966 100 18 0 0 0 -3.12636 100 24 0 0 0 0 0 0 0 0 0 0 0
53700 -327.398 0 0 0 1.70467 100 20 6.26903 100 21 0 0 0 -3.22184 100 14 0 0 0 0 0 0 0 0 0 0 0
53800 -327.443 0 0 0 1.64224 100 20 6.76645 100 26 0 0 0 -2.9259 100 15 0 0 0 0 0 0 0 0 0 0 0
53900 -326.02 0 0 0 1.97267 100 25 6.26669 100 20 0 0 0 -3.13892 100 18 0 0 0 0 0 0 0 0 0 0 0
54000 -328.948 0 0 0 2.18119 100 18 8.44481 100 20 0 0 0 -3.20771 100 18 0 0 0 0 0 0 0 0 0 0 0
54100 -330.105 0 0 0 2.97996 100 23 9.11797 100 24 0 0 0 -3.69331 100 19 0 0 0 0 0 0 0 0 0 0 0
54200 -327.494 0 0 0 2.39126 100 21 9.14405 100 15 0 0 0 -3.49895 100 22 0 0 0 0 0 0 0 0 0 0 0
54300 -327.31 0 0 0 2.20743 100 21 6.16189 100 24 0 0 0 -3.50088 100 11 0 0 0 0 0 0 0 0 0 0 0
54400 -326.474 0 0 0 2.35183 100 17 8.36699 100 20 0 0 0 -3.53149 100 19 0 0 0 0 0 0 0 0 0 0 0
54500 -326.102 0 0 0 1.73283 100 17 6.07949 100 21 0 0 0 -3.05293 100 9 0 0 0 0 0 0 0 0 0 0 0
54600 -327.29 0 0 0 1.66943 100 16 4.19546 100 24 0 0 0 -3.07974 100 17 0 0 0 0 0 0 0 0 0 0 0
54700 -326.356 0 0 0 2.37194 100 23 7.51169 100 28 0 0 0 -3.43204 100 15 0 0 0 0 0 0 0 0 0 0 0
54800 -326.368 0 0 0 1.65288 100 21 5.95476 100 20 0 0 0 -2.93478 100 10 0 0 0 0 0 0 0 0 0 0 0
54900 -326.247 0 0 0 1.95147 100 17 5.14662 100 22 0 0 0 -3.12475 100 18 0 0 0 0 0 0 0 0 0 0 0
55000 -329.96 0 0 0 1.62939 100 19 4.74298 100 22 0 0 0 -3.25967 100 12 0 0 0 0 0 0 0 0 0 0 0
55100 -326.515 0 0 0 1.59726 100 23 4.77018 100 24 0 0 0 -2.80016 100 27 0 0 0 0 0 0 0 0 0 0 0
55200 -326.609 0 0 0 1.54394 100 15 5.20782 100 14 0 0 0 -2.79232 100 11 0 0 0 0 0 0 0 0 0 0 0
55300 -326.175 0 0 0 1.63366 100 18 4.59694 100 23 0 0 0 -2.89035 100 14 0 0 0 0 0 0 0 0 0 0 0
55400 -326.133 0 0 0 2.22936 100 17 7.18765 100 26 0 0 0 -3.34614 100 18 0 0 0 0 0 0 0 0 0 0 0
55500 -328.229 0 0 0 2.3487 100 25 5.18282 100 22 0 0 0 -3.27533 100 19 0 0 0 0 0 0 0 0 0 0 0
55600 -326.71 0 0 0 1.93734 100 21 5.16318 100 25 0 0 0 -3.00595 100 19 0 0 0 0 0 0 0 0 0 0 0
55700 -327.976 0 0 0 1.86466 100 17 5.6356 100 14 0 0 0 -3.34267 100 17 0 0 0 0 0 0 0 0 0 0 0
55800 -326.089 0 0 0 2.24328 100 20 7.26404 100 17 0 0 0 -3.42216 100 18 0 0 0 0 0 0 0 0 0 0 0
55900 -329.024 0 0 0 1.51559 100 25 4.2764 100 17 0 0 0 -3.11647 100 19 0 0 0 0 0 0 0 0 0 0 0
56000 -326.69 0 0 0 2.17982 100 21 8.12876 100 27 0 0 0 -3.48143 100 26 0 0 0 0 0 0 0 0 0 0 0
56100 -329.415 0 0 0 2.63829 100 25 6.17979 100 30 0 0 0 -3.79073 100 21 0 0 0 0 0 0 0 0 0 0 0
56200 -326.218 0 0 0 2.22884 100 26 6.38469 100 26 0 0 0 -3.3497 100 16 0 0 0 0 0 0 0 0 0 0 0
56300 -327.419 0 0 0 1.16412 100 17 2.44369 100 22 0 0 0 -2.53811 100 16 0 0 0 0 0 0 0 0 0 0 0
56400 -328.287 0 0 0 2.26729 100 17 4.87454 100 20 0 0 0 -3.1997 100 19 0 0 0 0 0 0 0 0 0 0 0
56500 -326.82 0 0 0 2.4425 100 19 8.94229 100 19 0 0 0 -3.61011 100 24 0 0 0 0 0 0 0 0 0 0 0
56600 -326.431 0 0 0 1.62176 100 18 6.09446 100 28 0 0 0 -2.9612 100 15 0 0 0 0 0 0 0 0 0 0 0
56700 -326.866 0 0 0 1.22334 100 18 3.61703 100 22 0 0 0 -2.6184 100 12 0 0 0 0 0 0 0 0 0 0 0
56800 -331.441 0 0 0 1.35538 100 22 2.20407 100 15 0 0 0 -2.98911 100 10 0 0 0 0 0 0 0 0 0 0 0
56900 -326.15 0 0 0 1.59852 100 21 4.78949 100 30 0 0 0 -2.87377 100 16 0 0 0 0 0 0 0 0 0 0 0
57000 -328.356 0 0 0 2.74146 100 28 9.83557 100 24 0 0 0 -4.00935 100 17 0 0 0 0 0 0 0 0 0 0 0
57100 -327.025 0 0 0 2.48405 100 26 7.55878 100 15 0 0 0 -3.69141 100 15 0 0 0 0 0 0 0 0 0 0 0
57200 -328.231 0 0 0 1.24708 100 20 2.75538 100 23 0 0 0 -2.44388 100 24 0 0 0 0 0 0 0 0 0 0 0
57300 -328.347 0 0 0 1.12492 100 26 4.05621 100 20 0 0 0 -2.78347 100 13 0 0 0 0 0 0 0 0 0 0 0
57400 -328.659 0 0 0 1.43991 100 15 4.92963 100 22 0 0 0 -3.07976 100 16 0 0 0 0 0 0 0 0 0 0 0
57500 -326.284 0 0 0 1.6915 100 27 4.81962 100 29 0 0 0 -2.88655 100 18 0 0 0 0 0 0 0 0 0 0 0
57600 -327.582 0 0 0 1.6352 100 16 6.6234 100 20 0 0 0 -3.17402 100 15 0 0 0 0 0 0 0 0 0 0 0
57700 -326.987 0 0 0 2.36604 100 20 8.73648 100 19 0 0 0 -3.47725 100 24 0 0 0 0 0 0 0 0 0 0 0
57800 -326.423 0 0 0 2.4092 100 16 7.26384 100 18 0 0 0 -3.45287 100 17 0 0 0 0 0 0 0 0 0 0 0
57900 -326.116 0 0 0 1.90224 100 13 6.76102 100 14 0 0 0 -3.20165 100 14 0 0 0 0 0 0 0 0 0 0 0
58000 -326.493 0 0 0 1.51723 100 16 5.62281 100 19 0 0 0 -2.87279 100 22 0 0 0 0 0 0 0 0 0 0 0
58100 -326.057 0 0 0 2.20064 100 23 6.94035 100 23 0 0 0 -3.38758 100 13 0 0 0 0 0 0 0 0 0 0 0
58200 -326.972 0 0 0 2.32558 100 24 8.79043 100 25 0 0 0 -3.59066 100 22 0 0 0 0 0 0 0 0 0 0 0
58300 -329.166 0 0 0 2.82792 100 28 11.1496 100 24 0 0 0 -3.89505 100 23 0 0 0 0 0 0 0 0 0 0 0
58400 -326.836 0 0 0 2.17747 100 23 6.5246 100 21 0 0 0 -3.18557 100 12 0 0 0 0 0 0 0 0 0 0 0
58500 -327.771 0 0 0 1.69137 100 22 6.58632 100 23 0 0 0 -3.24117 100 17 0 0 0 0 0 0 0 0 0 0 0
58600 -326.946 0 0 0 1.41499 100 27 4.66801 100 23 0 0 0 -2.67606 100 20 0 0 0 0 0 0 0 0 0 0 0
58700 -326.143 0 0 0 1.74225 100 23 5.19551 100 25 0 0 0 -2.94336 100 24 0 0 0 0 0 0 0 0 0 0 0
58800 -326.962 0 0 0 1.71676 100 22 5.21081 100 22 0 0 0 -2.83452 100 13 0 0 0 0 0 0 0 0 0 0 0
58900 -326.165 0 0 0 1.84189 100 19 5.30109 100 25 0 0 0 -3.135 100 18 0 0 0 0 0 0 0 0 0 0 0
59000 -327.194 0 0 0 1.95579 100 30 6.87999 100 18 0 0 0 -3.39547 100 22 0 0 0 0 0 0 0 0 0 0 0
59100 -327.785 0 0 0 2.29932 100 18 5.00338 100 22 0 0 0 -3.37398 100 20 0 0 0 0 0 0 0 0 0 0 0
59200 -327.07 0 0 0 1.23416 100 19 2.94027 100 23 0 0 0 -2.63297 100 16 0 0 0 0 0 0 0 0 0 0 0
59300 -326.804 0 0 0 2.03039 100 23 6.05772 100 18 0 0 0 -3.07035 100 11 0 0 0 0 0 0 0 0 0 0 0
59400 -326.064 0 0 0 2.08991 100 20 6.31892 100 17 0 0 0 -3.21867 100 19 0 0 0 0 0 0 0 0 0 0 0
59500 -326.232 0 0 0 1.85858 100 17 5.19848 100 18 0 0 0 -3.0076 100 25 0 0 0 0 0 0 0 0 0 0 0
59600 -326.757 0 0 0 1.45864 100 21 3.59776 100 20 0 0 0 -2.70205 100 13 0 0 0 0 0 0 0 0 0 0 0
59700 -326.405 0 0 0 2.26584 100 25 7.55972 100 20 0 0 0 -3.51811 100 15 0 0 0 0 0 0 0 0 0 0 0
59800 -326.617 0 0 0 1.6314 100 19 4.02905 100 23 0 0 0 -2.95914 100 20 0 0 0 0 0 0 0 0 0 0 0
59900 -326.021 0 0 0 2.10205 100 20 6.52649 100 19 0 0 0 -3.32046 100 10 0 0 0 0 0 0 0 0 0 0 0
60000 -327.639 0 0 0 1.63198 100 29 6.64912 100 16 0 0 0 -2.88502 100 22 0 0 0 0 0 0 0 0 0 0 0
60100 -327.743 0 0 0 2.81354 100 27 7.90052 100 22 0 0 0 -3.87359 100 27 0 0 0 0 0 0 0 0 0 0 0
60200 -328.913 0 0 0 3.22584 100 21 9.50961 100 22 0 0 0 -4.01248 100 12 0 0 0 0 0 0 0 0 0 0 0
60300 -332.071 0 0 0 3.91996 100 14 12.8905 100 18 0 0 0 -4.90297 100 13 0 0 0 0 0 0 0 0 0 0 0
60400 -326.403 0 0 0 2.07752 100 20 6.15334 100 14 0 0 0 -3.14784 100 25 0 0 0 0 0 0 0 0 0 0 0
60500 -327.905 0 0 0 1.91065 100 23 7.84104 100 24 0 0 0 -3.40547 100 21 0 0 0 0 0 0 0 0 0 0 0
60600 -326.921 0 0 0 2.53404 100 29 7.86642 100 25 0 0 0 -3.50179 100 9 0 0 0 0 0 0 0 0 0 0 0
60700 -327.059 0 0 0 1.48413 100 25 5.61965 100 23 0 0 0 -3.00129 100 18 0 0 0 0 0 0 0 0 0 0 0
60800 -326.661 0 0 0 2.54021 100 21 7.40256 100 19 0 0 0 -3.6076 100 16 0 0 0 0 0 0 0 0 0 0 0
60900 -328.777 0 0 0 1.1054 100 23 1.50198 100 29 0 0 0 -2.36058 100 21 0 0 0 0 0 0 0 0 0 0 0
61000 -326.781 0 0 0 2.36045 100 21 6.61482 100 25 0 0 0 -3.53616 100 19 0 0 0 0 0 0 0 0 0 0 0
61100 -326.718 0 0 0 1.34341 100 19 4.66672 100 18 0 0 0 -2.80944 100 21 0 0 0 0 0 0 0 0 0 0 0
61200 -326.137 0 0 0 1.64081 100 20 4.90114 100 21 0 0 0 -2.89221 100 20 0 0 0 0 0 0 0 0 0 0 0
61300 -327.887 0 0 0 1.52986 100 15 6.22089 100 21 0 0 0 -3.11539 100 26 0 0 0 0 0 0 0 0 0 0 0
61400 -326.364 0 0 0 1.62727 100 23 5.78225 100 24 0 0 0 -2.90826 100 22 0 0 0 0 0 0 0 0 0 0 0
61500 -326.289 0 0 0 2.21651 100 27 6.6401 100 19 0 0 0 -3.28508 100 12 0 0 0 0 0 0 0 0 0 0 0
61600 -330.344 0 0 0 0.967668 100 15 3.76946 100 29 0 0 0 -2.26429 100 16 0 0 0 0 0 0 0 0 0 0 0
61700 -327.573 0 0 0 1.65159 100 19 5.13836 100 22 0 0 0 -3.1613 100 17 0 0 0 0 0 0 0 0 0 0 0
61800 -326.207 0 0 0 1.80915 100 24 5.1681 100 22 0 0 0 -2.97476 100 20 0 0 0 0 0 0 0 0 0 0 0
61900 -326.194 0 0 0 1.68693 100 19 6.04991 100 24 0 0 0 -3.01025 100 18 0 0 0 0 0 0 0 0 0 0 0
62000 -326.785 0 0 0 2.41329 100 16 8.85887 100 17 0 0 0 -3.5867 100 16 0 0 0 0 0 0 0 0 0 0 0
62100 -326.672 0 0 0 2.37578 100 18 6.61078 100 22 0 0 0 -3.51653 100 15 0 0 0 0 0 0 0 0 0 0 0
62200 -327.757 0 0 0 1.31019 100 29 5.71428 100 31 0 0 0 -2.88226 100 19 0 0 0 0 0 0 0 0 0 0 0
62300 -326.674 0 0 0 1.47783 100 16 5.51015 100 12 0 0 0 -2.81363 100 21 0 0 0 0 0 0 0 0 0 0 0
62400 -328.106 0 0 0 2.33761 100 26 5.88806 100 25 0 0 0 -3.22709 100 16 0 0 0 0 0 0 0 0 0 0 0
62500 -329.931 0 0 0 2.15708 100 21 9.45857 100 21 0 0 0 -3.69227 100 15 0 0 0 0 0 0 0 0 0 0 0
62600 -326.242 0 0 0 2.17268 100 29 6.30204 100 24 0 0 0 -3.25812 100 16 0 0 0 0 0 0 0 0 0 0 0
62700 -328.205 0 0 0 2.72946 100 18 6.65871 100 29 0 0 0 -3.67918 100 14 0 0 0 0 0 0 0 0 0 0 0
62800 -326.721 0 0 0 2.21996 100 19 5.67845 100 19 0 0 0 -3.27325 100 18 0 0 0 0 0 0 0 0 0 0 0
62900 -326.525 0 0 0 1.416 100 26 4.87111 100 27 0 0 0 -2.76091 100 16 0 0 0 0 0 0 0 0 0 0 0
63000 -326.766 0 0 0 1.66696 100 21 3.83371 100 17 0 0 0 -2.84233 100 20 0 0 0 0 0 0 0 0 0 0 0
63100 -327.413 0 0 0 1.13019 100 16 2.86992 100 30 0 0 0 -2.48251 100 20 0 0 0 0 0 0 0 0 0 0 0
63200 -327.757 0 0 0 2.32548 100 21 7.56743 100 22 0 0 0 -3.26675 100 17 0 0 0 0 0 0 0 0 0 0 0
63300 -326.928 0 0 0 2.13743 100 18 7.88395 100 24 0 0 0 -3.49768 100 18 0 0 0 0 0 0 0 0 0 0 0
63400 -326.337 0 0 0 2.32393 100 23 6.73933 100 30 0 0 0 -3.45694 100 21 0 0 0 0 0 0 0 0 0 0 0
63500 -326.396 0 0 0 2.10833 100 30 6.09128 100 24 0 0 0 -3.35858 100 20 0 0 0 0 0 0 0 0 0 0 0
63600 -326.605 0 0 0 1.54914 100 23 3.65649 100 23 0 0 0 -2.82843 100 16 0 0 0 0 0 0 0 0 0 0 0
63700 -328.687 0 0 0 2.13252 100 21 5.5288 100 20 0 0 0 -3.02052 100 22 0 0 0 0 0 0 0 0 0 0 0
63800 -329.676 0 0 0 3.3198 100 17 9.55016 100 16 0 0 0 -4.04612 100 21 0 0 0 0 0 0 0 0 0 0 0
63900 -326.337 0 0 0 2.42107 100 20 7.64783 100 21 0 0 0 -3.56331 100 17 0 0 0 0 0 0 0 0 0 0 0
64000 -328.059 0 0 0 3.00621 100 18 10.5379 100 20 0 0 0 -3.97506 100 20 0 0 0 0 0 0 0 0 0 0 0
64100 -326.489 0 0 0 1.58094 100 19 3.88647 100 26 0 0 0 -2.8698 100 21 0 0 0 0 0 0 0 0 0 0 0
64200 -326.715 0 0 0 1.86291 100 18 7.3413 100 21 0 0 0 -3.15531 100 19 0 0 0 0 0 0 0 0 0 0 0
64300 -327.988 0 0 0 2.14022 100 22 4.26543 100 18 0 0 0 -3.26982 100 20 0 0 0 0 0 0 0 0 0 0 0
64400 -328.58 0 0 0 1.37027 100 22 1.74834 100 27 0 0 0 -2.5547 100 19 0 0 0 0 0 0 0 0 0 0 0
64500 -327.637 0 0 0 1.37383 100 26 2.46816 100 26 0 0 0 -2.74901 100 16 0 0 0 0 0 0 0 0 0 0 0
64600 -330.695 0 0 0 0.903621 100 21 1.13964 100 27 0 0 0 -2.12827 100 18 0 0 0 0 0 0 0 0 0 0 0
64700 -328.514 0 0 0 0.884139 100 15 3.81273 100 29 0 0 0 -2.43956 100 16 0 0 0 0 0 0 0 0 0 0 0
64800 -329.027 0 0 0 0.863819 100 17 1.07065 100 24 0 0 0 -2.25835 100 20 0 0 0 0 0 0 0 0 0 0 0
64900 -328.719 0 0 0 1.49915 100 13 1.71695 100 24 0 0 0 -2.7545 100 18 0 0 0 0 0 0 0 0 0 0 0
65000 -326.13 0 0 0 1.78968 100 14 5.00833 100 19 0 0 0 -3.0649 100 20 0 0 0 0 0 0 0 0 0 0 0
65100 -327.808 0 0 0 2.27256 100 9 4.85884 100 21 0 0 0 -3.3025 100 18 0 0 0 0 0 0 0 0 0 0 0
65200 -326.022 0 0 0 1.91993 100 21 6.48093 100 17 0 0 0 -3.13385 100 12 0 0 0 0 0 0 0 0 0 0 0
65300 -327.086 0 0 0 2.56199 100 17 7.35279 100 28 0 0 0 -3.50756 100 15 0 0 0 0 0 0 0 0 0 0 0
65400 -329.269 0 0 0 3.31162 100 25 11.8623 100 23 0 0 0 -4.25846 100 21 0 0 0 0 0 0 0 0 0 0 0
65500 -328.244 0 0 0 1.70602 100 24 5.93646 100 16 0 0 0 -3.27443 100 20 0 0 0 0 0 0 0 0 0 0 0
65600 -334.225 0 0 0 3.24983 100 18 6.64776 100 14 0 0 0 -4.26871 100 23 0 0 0 0 0 0 0 0 0 0 0
65700 -327.15 0 0 0 2.07554 100 14 4.81432 100 29 0 0 0 -3.11276 100 15 0 0 0 0 0 0 0 0 0 0 0
65800 -329.671 0 0 0 2.43769 100 19 8.68537 100 31 0 0 0 -3.89627 100 15 0 0 0 0 0 0 0 0 0 0 0
65900 -328.732 0 0 0 2.63528 100 20 8.44608 100 29 0 0 0 -3.47098 100 14 0 0 0 0 0 0 0 0 0 0 0
66000 -328.192 0 0 0 2.33508 100 28 8.41488 100 29 0 0 0 -3.74042 100 19 0 0 0 0 0 0 0 0 0 0 0
66100 -328.238 0 0 0 0.995521 100 18 3.44468 100 22 0 0 0 -2.383 100 22 0 0 0 0 0 0 0 0 0 0 0
66200 -327.946 0 0 0 1.59272 100 17 7.1431 100 23 0 0 0 -2.96676 100 20 0 0 0 0 0 0 0 0 0 0 0
66300 -326.554 0 0 0 2.34596 100 21 6.69552 100 22 0 0 0 -3.37068 100 15 0 0 0 0 0 0 0 0 0 0 0
66400 -326.231 0 0 0 1.97668 100 23 5.27893 100 20 0 0 0 -3.1322 100 11 0 0 0 0 0 0 0 0 0 0 0
66500 -331.078 0 0 0 2.32342 100 25 10.5422 100 26 0 0 0 -3.5152 100 24 0 0 0 0 0 0 0 0 0 0 0
66600 -327.035 0 0 0 2.14531 100 23 7.92706 100 24 0 0 0 -3.51463 100 10 0 0 0 0 0 0 0 0 0 0 0
66700 -326.249 0 0 0 2.17565 100 27 7.3577 100 35 0 0 0 -3.43699 100 11 0 0 0 0 0 0 0 0 0 0 0
66800 -326.471 0 0 0 2.34894 100 12 8.2825 100 25 0 0 0 -3.48393 100 11 0 0 0 0 0 0 0 0 0 0 0
66900 -328.23 0 0 0 2.15893 100 19 5.27614 100 23 0 0 0 -3.46751 100 14 0 0 0 0 0 0 0 0 0 0 0
67000 -326.467 0 0 0 1.63775 100 30 5.43549 100 20 0 0 0 -3.06209 100 26 0 0 0 0 0 0 0 0 0 0 0
67100 -326.144 0 0 0 1.9803 100 15 5.42733 100 21 0 0 0 -3.16288 100 21 0 0 0 0 0 0 0 0 0 0 0
67200 -327.207 0 0 0 1.41877 100 17 4.98516 100 28 0 0 0 -2.67646 100 16 0 0 0 0 0 0 0 0 0 0 0
67300 -326.563 0 0 0 1.579 100 19 3.97759 100 29 0 0 0 -2.79364 100 17 0 0 0 0 0 0 0 0 0 0 0
67400 -326.783 0 0 0 1.28263 100 17 3.89672 100 26 0 0 0 -2.73324 100 15 0 0 0 0 0 0 0 0 0 0 0
67500 -327.626 0 0 0 1.44729 100 21 5.65372 100 31 0 0 0 -2.71761 100 9 0 0 0 0 0 0 0 0 0 0 0
67600 -327.354 0 0 0 2.60641 100 21 7.83747 100 15 0 0 0 -3.78809 100 24 0 0 0 0 0 0 0 0 0 0 0
67700 -329.733 0 0 0 3.17543 100 14 8.67204 100 18 0 0 0 -4.21429 100 16 0 0 0 0 0 0 0 0 0 0 0
67800 -329.514 0 0 0 3.0724 100 20 7.99782 100 17 0 0 0 -4.09596 100 17 0 0 0 0 0 0 0 0 0 0 0
67900 -326.961 0 0 0 2.51891 100 26 7.67079 100 25 0 0 0 -3.70364 100 20 0 0 0 0 0 0 0 0 0 0 0
68000 -326.951 0 0 0 2.55758 100 16 8.52471 100 15 0 0 0 -3.55545 100 16 0 0 0 0 0 0 0 0 0 0 0
68100 -326.603 0 0 0 1.98456 100 15 6.04804 100 20 0 0 0 -3.32647 100 18 0 0 0 0 0 0 0 0 0 0 0
68200 -330.882 0 0 0 0.645074 100 28 4.05272 100 28 0 0 0 -2.42609 100 19 0 0 0 0 0 0 0 0 0 0 0
68300 -326.766 0 0 0 2.50321 100 23 8.57745 100 29 0 0 0 -3.70372 100 22 0 0 0 0 0 0 0 0 0 0 0
68400 -327.811 0 0 0 2.67203 100 21 8.15281 100 22 0 0 0 -3.54503 100 18 0 0 0 0 0 0 0 0 0 0 0
68500 -326.495 0 0 0 1.64829 100 24 6.13457 100 24 0 0 0 -2.94106 100 11 0 0 0 0 0 0 0 0 0 0 0
68600 -327.432 0 0 0 2.54803 100 17 6.72562 100 27 0 0 0 -3.65787 100 21 0 0 0 0 0 0 0 0 0 0 0
68700 -326.83 0 0 0 1.40565 100 28 3.33346 100 23 0 0 0 -2.77464 100 13 0 0 0 0 0 0 0 0 0 0 0
68800 -328.04 0 0 0 1.01733 100 19 2.06761 100 22 0 0 0 -2.52332 100 21 0 0 0 0 0 0 0 0 0 0 0
68900 -327.183 0 0 0 1.15609 100 26 3.90054 100 21 0 0 0 -2.56106 100 24 0 0 0 0 0 0 0 0 0 0 0
69000 -326.432 0 0 0 2.1269 100 24 5.85279 100 24 0 0 0 -3.19386 100 19 0 0 0 0 0 0 0 0 0 0 0
69100 -327.503 0 0 0 2.8921 100 23 9.63821 100 20 0 0 0 -3.98629 100 18 0 0 0 0 0 0 0 0 0 0 0
69200 -328.326 0 0 0 3.12266 100 20 10.9856 100 30 0 0 0 -4.13431 100 13 0 0 0 0 0 0 0 0 0 0 0
69300 -328.375 0 0 0 2.66827 100 21 9.91769 100 28 0 0 0 -3.65194 100 18 0 0 0 0 0 0 0 0 0 0 0
69400 -326.851 0 0 0 1.77564 100 25 7.19132 100 26 0 0 0 -3.11851 100 20 0 0 0 0 0 0 0 0 0 0 0
69500 -326.43 0 0 0 1.88447 100 12 5.05551 100 24 0 0 0 -3.00119 100 14 0 0 0 0 0 0 0 0 0 0 0
69600 -327.115 0 0 0 1.85405 100 23 3.98325 100 20 0 0 0 -3.08494 100 22 0 0 0 0 0 0 0 0 0 0 0
69700 -330.281 0 0 0 1.89338 100 20 5.66808 100 28 0 0 0 -3.47986 100 13 0 0 0 0 0 0 0 0 0 0 0
69800 -329.316 0 0 0 1.42114 100 24 1.5248 100 29 0 0 0 -2.5455 100 14 0 0 0 0 0 0 0 0 0 0 0
69900 -327.029 0 0 0 1.20393 100 19 3.61761 100 24 0 0 0 -2.5678 100 13 0 0 0 0 0 0 0 0 0 0 0
70000 -326.587 0 0 0 1.75774 100 17 5.07484 100 18 0 0 0 -2.88873 100 18 0 0 0 0 0 0 0 0 0 0 0
70100 -329.607 0 0 0 0.891647 100 23 4.69355 100 24 0 0 0 -2.61819 100 16 0 0 0 0 0 0 0 0 0 0 0
70200 -326.22 0 0 0 1.89602 100 21 6.60015 100 24 0 0 0 -3.23869 100 18 0 0 0 0 0 0 0 0 0 0 0
70300 -326.49 0 0 0 2.07371 100 26 6.15931 100 22 0 0 0 -3.13458 100 25 0 0 0 0 0 0 0 0 0 0 0
70400 -326.832 0 0 0 1.66926 100 18 4.59083 100 11 0 0 0 -3.07247 100 13 0 0 0 0 0 0 0 0 0 0 0
70500 -327.42 0 0 0 1.60797 100 23 5.89032 100 22 0 0 0 -2.79968 100 16 0 0 0 0 0 0 0 0 0 0 0
70600 -331.101 0 0 0 1.28996 100 29 5.56406 100 26 0 0 0 -2.48383 100 19 0 0 0 0 0 0 0 0 0 0 0
70700 -328.113 0 0 0 2.36307 100 18 5.15573 100 17 0 0 0 -3.31763 100 14 0 0 0 0 0 0 0 0 0 0 0
70800 -328.36 0 0 0 1.22839 100 23 3.93384 100 17 0 0 0 -2.86478 100 19 0 0 0 0 0 0 0 0 0 0 0
70900 -327.006 0 0 0 2.5866 100 18 7.46224 100 19 0 0 0 -3.54475 100 11 0 0 0 0 0 0 0 0 0 0 0
71000 -327.607 0 0 0 2.88859 100 30 9.5602 100 27 0 0 0 -3.82057 100 15 0 0 0 0 0 0 0 0 0 0 0
71100 -327.32 0 0 0 2.04899 100 23 5.35442 100 26 0 0 0 -3.03898 100 23 0 0 0 0 0 0 0 0 0 0 0
71200 -331.637 0 0 0 1.87425 100 20 9.72579 100 32 0 0 0 -3.39426 100 20 0 0 0 0 0 0 0 0 0 0 0
71300 -326.154 0 0 0 1.79542 100 25 6.44627 100 25 0 0 0 -3.11969 100 20 0 0 0 0 0 0 0 0 0 0 0
71400 -327.444 0 0 0 2.00155 100 21 6.14122 100 15 0 0 0 -3.00774 100 16 0 0 0 0 0 0 0 0 0 0 0
71500 -326.693 0 0 0 1.29811 100 23 4.25982 100 27 0 0 0 -2.73878 100 25 0 0 0 0 0 0 0 0 0 0 0
71600 -328.176 0 0 0 1.71352 100 15 2.63216 100 25 0 0 0 -2.8667 100 14 0 0 0 0 0 0 0 0 0 0 0
71700 -326.522 0 0 0 2.07317 100 15 7.46342 100 26 0 0 0 -3.22649 100 14 0 0 0 0 0 0 0 0 0 0 0
71800 -328.804 0 0 0 0.965649 100 11 1.48398 100 31 0 0 0 -2.51163 100 20 0 0 0 0 0 0 0 0 0 0 0
71900 -326.45 0 0 0 1.68125 100 23 4.83884 100 27 0 0 0 -2.85501 100 28 0 0 0 0 0 0 0 0 0 0 0
72000 -327.572 0 0 0 2.51803 100 21 8.2397 100 24 0 0 0 -3.79507 100 18 0 0 0 0 0 0 0 0 0 0 0
72100 -328.69 0 0 0 3.34829 100 26 10.8988 100 19 0 0 0 -4.27211 100 16 0 0 0 0 0 0 0 0 0 0 0
72200 -327.269 0 0 0 2.7305 100 12 7.66973 100 29 0 0 0 -3.75088 100 18 0 0 0 0 0 0 0 0 0 0 0
72300 -326.535 0 0 0 1.96812 100 22 4.83811 100 22 0 0 0 -3.104 100 24 0 0 0 0 0 0 0 0 0 0 0
72400 -327.567 0 0 0 2.74772 100 22 8.71526 100 29 0 0 0 -3.65041 100 23 0 0 0 0 0 0 0 0 0 0 0
72500 -326.349 0 0 0 2.44237 100 22 7.51642 100 19 0 0 0 -3.52746 100 23 0 0 0 0 0 0 0 0 0 0 0
72600 -326.498 0 0 0 1.44279 100 20 5.07026 100 20 0 0 0 -2.79057 100 22 0 0 0 0 0 0 0 0 0 0 0
72700 -326.926 0 0 0 1.75862 100 17 3.75985 100 23 0 0 0 -2.93693 100 20 0 0 0 0 0 0 0 0 0 0 0
72800 -326.185 0 0 0 1.86295 100 15 6.7602 100 19 0 0 0 -3.17374 100 22 0 0 0 0 0 0 0 0 0 0 0
72900 -326.048 0 0 0 2.03579 100 17 6.91411 100 19 0 0 0 -3.29987 100 18 0 0 0 0 0 0 0 0 0 0 0
73000 -326.36 0 0 0 1.76504 100 18 6.63398 100 20 0 0 0 -3.0746 100 23 0 0 0 0 0 0 0 0 0 0 0
73100 -326.773 0 0 0 2.65137 100 16 8.00897 100 21 0 0 0 -3.69444 100 15 0 0 0 0 0 0 0 0 0 0 0
73200 -327.947 0 0 0 2.60924 100 25 6.268 100 18 0 0 0 -3.57941 100 17 0 0 0 0 0 0 0 0 0 0 0
73300 -327.125 0 0 0 2.37663 100 20 8.90163 100 22 0 0 0 -3.49421 100 12 0 0 0 0 0 0 0 0 0 0 0
73400 -328.539 0 0 0 1.18514 100 20 5.78126 100 29 0 0 0 -2.7864 100 12 0 0 0 0 0 0 0 0 0 0 0
73500 -327.005 0 0 0 2.07231 100 22 5.08369 100 32 0 0 0 -3.3021 100 21 0 0 0 0 0 0 0 0 0 0 0
73600 -327.166 0 0 0 2.67085 100 19 7.393 100 21 0 0 0 -3.66866 100 15 0 0 0 0 0 0 0 0 0 0 0
73700 -327.616 0 0 0 1.24258 100 17 2.38801 100 26 0 0 0 -2.66623 100 17 0 0 0 0 0 0 0 0 0 0 0
73800 -326.264 0 0 0 1.5747 100 17 5.05937 100 25 0 0 0 -2.96344 100 17 0 0 0 0 0 0 0 0 0 0 0
73900 -328.648 0 0 0 1.44484 100 18 5.29081 100 25 0 0 0 -2.61452 100 19 0 0 0 0 0 0 0 0 0 0 0
74000 -326.593 0 0 0 2.3692 100 19 7.45965 100 21 0 0 0 -3.58988 100 17 0 0 0 0 0 0 0 0 0 0 0
74100 -326.449 0 0 0 2.42133 100 20 7.21185 100 28 0 0 0 -3.46333 100 23 0 0 0 0 0 0 0 0 0 0 0
74200 -326.72 0 0 0 2.08581 100 21 5.67062 100 24 0 0 0 -3.34902 100 15 0 0 0 0 0 0 0 0 0 0 0
74300 -326.303 0 0 0 1.8146 100 27 4.70001 100 22 0 0 0 -3.05956 100 15 0 0 0 0 0 0 0 0 0 0 0
74400 -326.312 0 0 0 2.15921 100 16 7.14328 100 21 0 0 0 -3.25988 100 18 0 0 0 0 0 0 0 0 0 0 0
74500 -326.514 0 0 0 1.85204 100 23 7.14559 100 20 0 0 0 -3.19264 100 16 0 0 0 0 0 0 0 0 0 0 0
74600 -326.622 0 0 0 1.87933 100 23 4.45947 100 18 0 0 0 -3.02633 100 16 0 0 0 0 0 0 0 0 0 0 0
74700 -328.946 0 0 0 1.70628 100 22 2.441 100 20 0 0 0 -2.76051 100 12 0 0 0 0 0 0 0 0 0 0 0
74800 -327.214 0 0 0 2.11579 100 25 6.57426 100 24 0 0 0 -3.48109 100 26 0 0 0 0 0 0 0 0 0 0 0
74900 -326.511 0 0 0 2.37882 100 19 8.28606 100 21 0 0 0 -3.48588 100 21 0 0 0 0 0 0 0 0 0 0 0
75000 -327.008 0 0 0 1.74267 100 21 6.7437 100 25 0 0 0 -3.2099 100 24 0 0 0 0 0 0 0 0 0 0 0
75100 -326.677 0 0 0 2.00349 100 20 6.27806 100 15 0 0 0 -3.0715 100 20 0 0 0 0 0 0 0 0 0 0 0
75200 -326.43 0 0 0 1.80162 100 22 4.53692 100 28 0 0 0 -2.96492 100 21 0 0 0 0 0 0 0 0 0 0 0
75300 -328.276 0 0 0 1.56726 100 14 3.69214 100 17 0 0 0 -3.05704 100 17 0 0 0 0 0 0 0 0 0 0 0
75400 -329.443 0 0 0 2.2264 100 20 9.42686 100 22 0 0 0 -3.35031 100 16 0 0 0 0 0 0 0 0 0 0 0
75500 -326.178 0 0 0 2.31038 100 13 7.15532 100 12 0 0 0 -3.41264 100 21 0 0 0 0 0 0 0 0 0 0 0
75600 -327.835 0 0 0 2.94106 100 20 10.2843 100 23 0 0 0 -3.92342 100 23 0 0 0 0 0 0 0 0 0 0 0
75700 -328.028 0 0 0 2.76376 100 18 8.63362 100 20 0 0 0 -3.62124 100 18 0 0 0 0 0 0 0 0 0 0 0
75800 -326.14 0 0 0 1.66255 100 29 5.38656 100 21 0 0 0 -2.91751 100 11 0 0 0 0 0 0 0 0 0 0 0
75900 -329.024 0 0 0 0.773223 100 19 2.34229 100 27 0 0 0 -2.44001 100 9 0 0 0 0 0 0 0 0 0 0 0
76000 -326.76 0 0 0 2.42264 100 21 8.10413 100 23 0 0 0 -3.44889 100 22 0 0 0 0 0 0 0 0 0 0 0
76100 -326.091 0 0 0 1.74294 100 23 5.43758 100 22 0 0 0 -2.96091 100 21 0 0 0 0 0 0 0 0 0 0 0
76200 -330.663 0 0 0 2.16698 100 18 2.75098 100 21 0 0 0 -3.18607 100 23 0 0 0 0 0 0 0 0 0 0 0
76300 -325.935 0 0 0 1.84872 100 22 5.95549 100 22 0 0 0 -3.12332 100 19 0 0 0 0 0 0 0 0 0 0 0
76400 -327.158 0 0 0 1.37776 100 17 3.33541 100 26 0 0 0 -2.60626 100 32 0 0 0 0 0 0 0 0 0 0 0
76500 -327.163 0 0 0 1.30332 100 16 4.62759 100 18 0 0 0 -2.62652 100 17 0 0 0 0 0 0 0 0 0 0 0
76600 -326.984 0 0 0 1.46041 100 24 4.23138 100 22 0 0 0 -2.66879 100 24 0 0 0 0 0 0 0 0 0 0 0
76700 -326.886 0 0 0 1.70648 100 21 3.84425 100 24 0 0 0 -2.85663 100 21 0 0 0 0 0 0 0 0 0 0 0
76800 -328.705 0 0 0 1.51438 100 20 2.1123 100 23 0 0 0 -2.87012 100 19 0 0 0 0 0 0 0 0 0 0 0
76900 -329.815 0 0 0 0.851347 100 16 0.27981 100 33 0 0 0 -2.22796 100 22 0 0 0 0 0 0 0 0 0 0 0
77000 -328.082 0 0 0 1.5415 100 25 2.31979 100 13 0 0 0 -2.71512 100 15 0 0 0 0 0 0 0 0 0 0 0
77100 -326.134 0 0 0 2.1572 100 30 7.39276 100 16 0 0 0 -3.32734 100 14 0 0 0 0 0 0 0 0 0 0 0
77200 -326.962 0 0 0 1.32453 100 16 4.19164 100 19 0 0 0 -2.62069 100 18 0 0 0 0 0 0 0 0 0 0 0
77300 -329.023 0 0 0 3.04962 100 24 7.72513 100 17 0 0 0 -3.94488 100 16 0 0 0 0 0 0 0 0 0 0 0
77400 -330.432 0 0 0 3.14839 100 24 10.6215 100 26 0 0 0 -3.88656 100 18 0 0 0 0 0 0 0 0 0 0 0
77500 -326.906 0 0 0 2.64215 100 17 9.19857 100 14 0 0 0 -3.73124 100 14 0 0 0 0 0 0 0 0 0 0 0
77600 -327.968 0 0 0 2.71699 100 20 8.1987 100 12 0 0 0 -3.57285 100 16 0 0 0 0 0 0 0 0 0 0 0
77700 -326.91 0 0 0 2.3406 100 23 6.71811 100 24 0 0 0 -3.5602 100 22 0 0 0 0 0 0 0 0 0 0 0
77800 -329.013 0 0 0 3.13451 100 22 8.65475 100 16 0 0 0 -3.91891 100 20 0 0 0 0 0 0 0 0 0 0 0
77900 -327.569 0 0 0 2.9755 100 23 9.13187 100 25 0 0 0 -3.97025 100 21 0 0 0 0 0 0 0 0 0 0 0
78000 -327.103 0 0 0 2.10313 100 13 7.22288 100 22 0 0 0 -3.4914 100 16 0 0 0 0 0 0 0 0 0 0 0
78100 -328.602 0 0 0 2.96854 100 21 10.8706 100 23 0 0 0 -4.13735 100 13 0 0 0 0 0 0 0 0 0 0 0
78200 -327.344 0 0 0 2.24426 100 18 5.2026 100 27 0 0 0 -3.37207 100 20 0 0 0 0 0 0 0 0 0 0 0
78300 -329.257 0 0 0 2.15552 100 20 3.49894 100 31 0 0 0 -3.25013 100 17 0 0 0 0 0 0 0 0 0 0 0
78400 -326.932 0 0 0 2.41121 100 24 8.82383 100 15 0 0 0 -3.51997 100 10 0 0 0 0 0 0 0 0 0 0 0
78500 -330.537 0 0 0 3.5655 100 23 9.64961 100 24 0 0 0 -4.39078 100 20 0 0 0 0 0 0 0 0 0 0 0
78600 -328.319 0 0 0 1.89929 100 32 3.26423 100 21 0 0 0 -3.10962 100 18 0 0 0 0 0 0 0 0 0 0 0
78700 -328.479 0 0 0 2.46973 100 21 6.10686 100 29 0 0 0 -3.3232 100 22 0 0 0 0 0 0 0 0 0 0 0
78800 -326.893 0 0 0 1.85317 100 16 7.09608 100 23 0 0 0 -3.06533 100 17 0 0 0 0 0 0 0 0 0 0 0
78900 -327.9 0 0 0 1.58899 100 17 2.83932 100 22 0 0 0 -2.92921 100 17 0 0 0 0 0 0 0 0 0 0 0
79000 -327.058 0 0 0 1.99383 100 19 7.81748 100 26 0 0 0 -3.20068 100 19 0 0 0 0 0 0 0 0 0 0 0
79100 -326.106 0 0 0 1.93956 100 24 6.87183 100 23 0 0 0 -3.18673 100 18 0 0 0 0 0 0 0 0 0 0 0
79200 -328.073 0 0 0 1.78249 100 18 3.10511 100 23 0 0 0 -2.85955 100 14 0 0 0 0 0 0 0 0 0 0 0
79300 -328.652 0 0 0 0.900565 100 18 1.467 100 16 0 0 0 -2.4311 100 17 0 0 0 0 0 0 0 0 0 0 0
79400 -326.761 0 0 0 2.14279 100 23 5.34501 100 27 0 0 0 -3.20174 100 21 0 0 0 0 0 0 0 0 0 0 0
79500 -330.935 0 0 0 1.54882 100 20 2.876 100 22 0 0 0 -2.49637 100 17 0 0 0 0 0 0 0 0 0 0 0
79600 -326.656 0 0 0 1.46312 100 20 3.65112 100 20 0 0 0 -2.72331 100 23 0 0 0 0 0 0 0 0 0 0 0
79700 -328.322 0 0 0 2.14586 100 19 5.45748 100 24 0 0 0 -3.05126 100 18 0 0 0 0 0 0 0 0 0 0 0
79800 -327.129 0 0 0 2.64181 100 19 7.28054 100 22 0 0 0 -3.63192 100 23 0 0 0 0 0 0 0 0 0 0 0
79900 -326.258 0 0 0 2.30777 100 23 7.7405 100 16 0 0 0 -3.50759 100 10 0 0 0 0 0 0 0 0 0 0 0
80000 -326.731 0 0 0 2.3381 100 24 7.6701 100 20 0 0 0 -3.36172 100 17 0 0 0 0 0 0 0 0 0 0 0
80100 -326.246 0 0 0 1.98481 100 23 6.18302 100 23 0 0 0 -3.29137 100 24 0 0 0 0 0 0 0 0 0 0 0
80200 -327.299 0 0 0 2.36294 100 23 5.65707 100 26 0 0 0 -3.39817 100 20 0 0 0 0 0 0 0 0 0 0 0
80300 -327.631 0 0 0 1.56945 100 12 5.28231 100 22 0 0 0 -3.11713 100 21 0 0 0 0 0 0 0 0 0 0 0
80400 -328.432 0 0 0 0.843278 100 24 2.30255 100 24 0 0 0 -2.42972 100 20 0 0 0 0 0 0 0 0 0 0 0
80500 -327.717 0 0 0 1.13923 100 22 4.1037 100 31 0 0 0 -2.73641 100 13 0 0 0 0 0 0 0 0 0 0 0
80600 -328.213 0 0 0 1.70859 100 20 3.90229 100 26 0 0 0 -3.14214 100 19 0 0 0 0 0 0 0 0 0 0 0
80700 -327.446 0 0 0 2.01378 100 18 4.13759 100 20 0 0 0 -3.15368 100 27 0 0 0 0 0 0 0 0 0 0 0
80800 -326.362 0 0 0 1.86922 100 20 4.95507 100 22 0 0 0 -3.00504 100 16 0 0 0 0 0 0 0 0 0 0 0
80900 -326.698 0 0 0 2.08164 100 16 7.33189 100 19 0 0 0 -3.19145 100 18 0 0 0 0 0 0 0 0 0 0 0
81000 -327.491 0 0 0 1.88796 100 16 3.86404 100 22 0 0 0 -3.12481 100 19 0 0 0 0 0 0 0 0 0 0 0
81100 -327.047 0 0 0 1.6994 100 21 5.992 100 31 0 0 0 -2.86987 100 22 0 0 0 0 0 0 0 0 0 0 0
81200 -329.196 0 0 0 1.97937 100 18 2.85363 100 29 0 0 0 -3.0913 100 12 0 0 0 0 0 0 0 0 0 0 0
81300 -327.489 0 0 0 1.8139 100 9 3.58986 100 19 0 0 0 -3.05962 100 15 0 0 0 0 0 0 0 0 0 0 0
81400 -329.168 0 0 0 1.1924 100 27 2.81533 100 22 0 0 0 -2.82372 100 16 0 0 0 0 0 0 0 0 0 0 0
81500 -326.105 0 0 0 1.9898 100 22 5.58979 100 16 0 0 0 -3.14513 100 19 0 0 0 0 0 0 0 0 0 0 0
81600 -328.902 0 0 0 0.999832 100 20 4.79696 100 25 0 0 0 -2.49664 100 20 0 0 0 0 0 0 0 0 0 0 0
81700 -327.716 0 0 0 1.95571 100 19 5.15533 100 29 0 0 0 -3.3371 100 15 0 0 0 0 0 0 0 0 0 0 0
81800 -327.873 0 0 0 1.01387 100 16 4.10329 100 27 0 0 0 -2.57672 100 20 0 0 0 0 0 0 0 0 0 0 0
81900 -326.207 0 0 0 1.60983 100 21 5.55204 100 15 0 0 0 -2.91584 100 25 0 0 0 0 0 0 0 0 0 0 0
82000 -328.397 0 0 0 2.21529 100 23 4.64777 100 22 0 0 0 -3.14879 100 20 0 0 0 0 0 0 0 0 0 0 0
82100 -327.543 0 0 0 1.43462 100 21 5.84251 100 20 0 0 0 -2.75099 100 18 0 0 0 0 0 0 0 0 0 0 0
82200 -327.505 0 0 0 2.24711 100 18 5.73052 100 30 0 0 0 -3.19265 100 13 0 0 0 0 0 0 0 0 0 0 0
82300 -326.108 0 0 0 2.22815 100 20 6.85904 100 19 0 0 0 -3.34221 100 21 0 0 0 0 0 0 0 0 0 0 0
82400 -326.99 0 0 0 1.55186 100 21 6.1603 100 19 0 0 0 -2.87039 100 14 0 0 0 0 0 0 0 0 0 0 0
82500 -326.798 0 0 0 2.15704 100 25 5.49572 100 22 0 0 0 -3.1934 100 15 0 0 0 0 0 0 0 0 0 0 0
82600 -326.906 0 0 0 2.42954 100 20 7.43164 100 13 0 0 0 -3.64967 100 24 0 0 0 0 0 0 0 0 0 0 0
82700 -327.108 0 0 0 1.76597 100 22 7.06501 100 19 0 0 0 -3.02536 100 25 0 0 0 0 0 0 0 0 0 0 0
82800 -326.684 0 0 0 1.95944 100 24 5.59303 100 28 0 0 0 -3.02268 100 16 0 0 0 0 0 0 0 0 0 0 0
82900 -326.953 0 0 0 2.05894 100 13 7.94848 100 21 0 0 0 -3.25017 100 19 0 0 0 0 0 0 0 0 0 0 0
83000 -327.428 0 0 0 1.86999 100 21 3.64695 100 18 0 0 0 -3.02944 100 16 0 0 0 0 0 0 0 0 0 0 0
83100 -326.627 0 0 0 2.08114 100 18 7.22879 100 29 0 0 0 -3.18773 100 28 0 0 0 0 0 0 0 0 0 0 0
83200 -329.335 0 0 0 2.77568 100 20 8.40195 100 22 0 0 0 -3.5441 100 15 0 0 0 0 0 0 0 0 0 0 0
83300 -326.688 0 0 0 1.8027 100 23 6.45696 100 24 0 0 0 -2.98638 100 20 0 0 0 0 0 0 0 0 0 0 0
83400 -326.429 0 0 0 1.52774 100 21 5.19959 100 27 0 0 0 -2.8155 100 11 0 0 0 0 0 0 0 0 0 0 0
83500 -326.496 0 0 0 1.94063 100 23 4.86059 100 27 0 0 0 -3.15493 100 21 0 0 0 0 0 0 0 0 0 0 0
83600 -329.595 0 0 0 0.658186 100 27 1.58166 100 26 0 0 0 -2.14897 100 15 0 0 0 0 0 0 0 0 0 0 0
83700 -326.66 0 0 0 1.59453 100 28 3.65694 100 24 0 0 0 -2.85852 100 26 0 0 0 0 0 0 0 0 0 0 0
83800 -326.343 0 0 0 1.51336 100 24 5.29245 100 22 0 0 0 -2.85376 100 12 0 0 0 0 0 0 0 0 0 0 0
83900 -330.027 0 0 0 1.36782 100 20 0.866997 100 26 0 0 0 -2.50889 100 21 0 0 0 0 0 0 0 0 0 0 0
84000 -326.868 0 0 0 1.25238 100 20 4.37495 100 24 0 0 0 -2.71918 100 18 0 0 0 0 0 0 0 0 0 0 0
84100 -327.003 0 0 0 1.46437 100 19 5.74696 100 29 0 0 0 -2.96598 100 10 0 0 0 0 0 0 0 0 0 0 0
84200 -328.598 0 0 0 3.26657 100 14 10.299 100 30 0 0 0 -4.10914 100 20 0 0 0 0 0 0 0 0 0 0 0
84300 -327.99 0 0 0 3.106 100 23 9.80691 100 13 0 0 0 -4.1123 100 20 0 0 0 0 0 0 0 0 0 0 0
84400 -326.244 0 0 0 2.23725 100 23 7.33016 100 17 0 0 0 -3.46985 100 22 0 0 0 0 0 0 0 0 0 0 0
84500 -327.563 0 0 0 1.57065 100 24 3.30735 100 19 0 0 0 -2.958 100 20 0 0 0 0 0 0 0 0 0 0 0
84600 -327.361 0 0 0 1.15279 100 18 2.78539 100 17 0 0 0 -2.50073 100 11 0 0 0 0 0 0 0 0 0 0 0
84700 -329.273 0 0 0 0.992426 100 16 2.05844 100 24 0 0 0 -2.63565 100 22 0 0 0 0 0 0 0 0 0 0 0
84800 -328.64 0 0 0 1.06818 100 21 4.73964 100 16 0 0 0 -2.49213 100 22 0 0 0 0 0 0 0 0 0 0 0
84900 -327.468 0 0 0 1.27905 100 17 3.59563 100 21 0 0 0 -2.5286 100 13 0 0 0 0 0 0 0 0 0 0 0
85000 -326.571 0 0 0 1.83145 100 27 4.46519 100 25 0 0 0 -2.97322 100 17 0 0 0 0 0 0 0 0 0 0 0
85100 -327.033 0 0 0 2.10468 100 20 8.32115 100 35 0 0 0 -3.43644 100 10 0 0 0 0 0 0 0 0 0 0 0
85200 -327.393 0 0 0 1.88167 100 30 3.71076 100 23 0 0 0 -3.02882 100 25 0 0 0 0 0 0 0 0 0 0 0
85300 -327.8 0 0 0 1.82933 100 26 3.83104 100 25 0 0 0 -3.14688 100 18 0 0 0 0 0 0 0 0 0 0 0
85400 -327.131 0 0 0 2.38834 100 13 6.37201 100 19 0 0 0 -3.55597 100 22 0 0 0 0 0 0 0 0 0 0 0
85500 -326.072 0 0 0 1.67288 100 20 5.10468 100 23 0 0 0 -2.99501 100 25 0 0 0 0 0 0 0 0 0 0 0
85600 -327.286 0 0 0 2.40539 100 29 6.21962 100 21 0 0 0 -3.55489 100 13 0 0 0 0 0 0 0 0 0 0 0
85700 -327.895 0 0 0 1.49712 100 24 4.95662 100 21 0 0 0 -3.07235 100 11 0 0 0 0 0 0 0 0 0 0 0
85800 -327.186 0 0 0 2.2612 100 22 8.3248 100 17 0 0 0 -3.60684 100 16 0 0 0 0 0 0 0 0 0 0 0
85900 -326.453 0 0 0 2.35831 100 19 6.6784 100 23 0 0 0 -3.46988 100 14 0 0 0 0 0 0 0 0 0 0 0
86000 -327.579 0 0 0 2.13105 100 20 6.44012 100 21 0 0 0 -3.0959 100 21 0 0 0 0 0 0 0 0 0 0 0
86100 -326.465 0 0 0 2.29037 100 23 7.8243 100 20 0 0 0 -3.54268 100 20 0 0 0 0 0 0 0 0 0 0 0
86200 -326.882 0 0 0 2.00941 100 24 7.3312 100 21 0 0 0 -3.40666 100 18 0 0 0 0 0 0 0 0 0 0 0
86300 -329.236 0 0 0 2.48069 100 21 5.3025 100 19 0 0 0 -3.32955 100 15 0 0 0 0 0 0 0 0 0 0 0
86400 -330.59 0 0 0 1.23682 100 19 0.188716 100 23 0 0 0 -2.42751 100 14 0 0 0 0 0 0 0 0 0 0 0
86500 -326.339 0 0 0 1.4782 100 19 4.35552 100 17 0 0 0 -2.84775 100 17 0 0 0 0 0 0 0 0 0 0 0
86600 -327.23 0 0 0 1.74844 100 19 4.24749 100 25 0 0 0 -2.82646 100 24 0 0 0 0 0 0 0 0 0 0 0
86700 -326.52 0 0 0 1.40289 100 22 4.26353 100 21 0 0 0 -2.71458 100 17 0 0 0 0 0 0 0 0 0 0 0
86800 -326.179 0 0 0 1.5816 100 31 5.28156 100 20 0 0 0 -2.89179 100 17 0 0 0 0 0 0 0 0 0 0 0
86900 -328.266 0 0 0 1.13853 100 28 3.26748 100 22 0 0 0 -2.75387 100 15 0 0 0 0 0 0 0 0 0 0 0
87000 -328.539 0 0 0 2.20054 100 21 9.32293 100 34 0 0 0 -3.40255 100 14 0 0 0 0 0 0 0 0 0 0 0
87100 -326.533 0 0 0 2.3593 100 25 8.1284 100 15 0 0 0 -3.59063 100 29 0 0 0 0 0 0 0 0 0 0 0
87200 -326.021 0 0 0 2.15953 100 22 6.60207 100 19 0 0 0 -3.31235 100 17 0 0 0 0 0 0 0 0 0 0 0
87300 -326.995 0 0 0 2.4878 100 22 6.63267 100 23 0 0 0 -3.56295 100 18 0 0 0 0 0 0 0 0 0 0 0
87400 -327.138 0 0 0 2.81159 100 21 8.98875 100 14 0 0 0 -3.87869 100 19 0 0 0 0 0 0 0 0 0 0 0
87500 -327.297 0 0 0 2.23038 100 22 5.51044 100 29 0 0 0 -3.42994 100 19 0 0 0 0 0 0 0 0 0 0 0
87600 -326.237 0 0 0 1.90347 100 22 5.12298 100 28 0 0 0 -3.1422 100 16 0 0 0 0 0 0 0 0 0 0 0
87700 -327.956 0 0 0 2.02678 100 26 8.39211 100 19 0 0 0 -3.22582 100 16 0 0 0 0 0 0 0 0 0 0 0
87800 -329.405 0 0 0 2.94862 100 28 8.41372 100 23 0 0 0 -3.68978 100 20 0 0 0 0 0 0 0 0 0 0 0
87900 -328.141 0 0 0 2.58717 100 15 10.1933 100 20 0 0 0 -3.82943 100 17 0 0 0 0 0 0 0 0 0 0 0
88000 -326.481 0 0 0 2.53227 100 15 8.15731 100 19 0 0 0 -3.60787 100 21 0 0 0 0 0 0 0 0 0 0 0
88100 -327.686 0 0 0 1.24659 100 20 4.0859 100 19 0 0 0 -2.83168 100 20 0 0 0 0 0 0 0 0 0 0 0
88200 -327.011 0 0 0 1.44956 100 26 3.13387 100 17 0 0 0 -2.69139 100 19 0 0 0 0 0 0 0 0 0 0 0
88300 -327.473 0 0 0 1.47961 100 21 5.93096 100 23 0 0 0 -3.03535 100 20 0 0 0 0 0 0 0 0 0 0 0
88400 -331.843 0 0 0 1.81995 100 21 3.33501 100 26 0 0 0 -3.33677 100 13 0 0 0 0 0 0 0 0 0 0 0
88500 -326.365 0 0 0 2.04773 100 14 7.57208 100 26 0 0 0 -3.28331 100 20 0 0 0 0 0 0 0 0 0 0 0
88600 -327.193 0 0 0 1.651 100 28 3.41336 100 14 0 0 0 -2.80183 100 20 0 0 0 0 0 0 0 0 0 0 0
88700 -327.598 0 0 0 2.41874 100 17 9.55746 100 16 0 0 0 -3.63285 100 14 0 0 0 0 0 0 0 0 0 0 0
88800 -326.244 0 0 0 1.71716 100 14 4.50533 100 26 0 0 0 -2.95105 100 19 0 0 0 0 0 0 0 0 0 0 0
88900 -326.539 0 0 0 1.53491 100 19 4.9907 100 24 0 0 0 -2.97574 100 18 0 0 0 0 0 0 0 0 0 0 0
89000 -326.043 0 0 0 1.81875 100 19 6.04856 100 19 0 0 0 -3.0452 100 19 0 0 0 0 0 0 0 0 0 0 0
89100 -326.579 0 0 0 2.08758 100 20 5.22189 100 25 0 0 0 -3.23305 100 16 0 0 0 0 0 0 0 0 0 0 0
89200 -326.598 0 0 0 1.72516 100 15 6.75136 100 34 0 0 0 -3.05845 100 18 0 0 0 0 0 0 0 0 0 0 0
89300 -327.261 0 0 0 1.48556 100 18 6.23968 100 23 0 0 0 -2.86455 100 14 0 0 0 0 0 0 0 0 0 0 0
89400 -331.243 0 0 0 1.6916 100 23 6.4663 100 16 0 0 0 -2.70695 100 12 0 0 0 0 0 0 0 0 0 0 0
89500 -327.328 0 0 0 1.51987 100 17 2.9638 100 16 0 0 0 -2.84791 100 23 0 0 0 0 0 0 0 0 0 0 0
89600 -326.313 0 0 0 1.59119 100 21 4.25246 100 22 0 0 0 -2.84584 100 23 0 0 0 0 0 0 0 0 0 0 0
89700 -326.144 0 0 0 2.03683 100 25 5.73764 100 17 0 0 0 -3.17025 100 20 0 0 0 0 0 0 0 0 0 0 0
89800 -326.584 0 0 0 1.95788 100 25 7.54199 100 16 0 0 0 -3.22635 100 20 0 0 0 0 0 0 0 0 0 0 0
89900 -326.399 0 0 0 1.59002 100 17 4.22119 100 20 0 0 0 -2.82008 100 18 0 0 0 0 0 0 0 0 0 0 0
90000 -326.09 0 0 0 1.62013 100 18 5.29609 100 25 0 0 0 -2.94924 100 18 0 0 0 0 0 0 0 0 0 0 0
90100 -326.553 0 0 0 1.82499 100 20 5.38842 100 25 0 0 0 -2.94049 100 14 0 0 0 0 0 0 0 0 0 0 0
90200 -327.27 0 0 0 1.29925 100 21 4.85706 100 23 0 0 0 -2.85021 100 16 0 0 0 0 0 0 0 0 0 0 0
90300 -326.943 0 0 0 2.08693 100 21 5.01697 100 21 0 0 0 -3.28037 100 16 0 0 0 0 0 0 0 0 0 0 0
90400 -326.757 0 0 0 1.39783 100 22 4.00045 100 30 0 0 0 -2.84179 100 19 0 0 0 0 0 0 0 0 0 0 0
90500 -326.532 0 0 0 2.35252 100 16 6.68545 100 20 0 0 0 -3.38415 100 17 0 0 0 0 0 0 0 0 0 0 0
90600 -326.786 0 0 0 1.59571 100 19 5.89335 100 27 0 0 0 -3.06981 100 15 0 0 0 0 0 0 0 0 0 0 0
90700 -326.814 0 0 0 1.49117 100 26 5.33087 100 24 0 0 0 -2.98053 100 19 0 0 0 0 0 0 0 0 0 0 0
90800 -326.345 0 0 0 1.85326 100 26 6.45593 100 24 0 0 0 -3.04474 100 19 0 0 0 0 0 0 0 0 0 0 0
90900 -326.107 0 0 0 1.92289 100 26 6.41062 100 22 0 0 0 -3.10559 100 20 0 0 0 0 0 0 0 0 0 0 0
91000 -326.492 0 0 0 1.6654 100 14 6.04477 100 24 0 0 0 -2.92647 100 17 0 0 0 0 0 0 0 0 0 0 0
91100 -328.348 0 0 0 1.27496 100 18 5.99928 100 26 0 0 0 -2.8816 100 15 0 0 0 0 0 0 0 0 0 0 0
91200 -327.087 0 0 0 1.70589 100 22 4.74448 100 16 0 0 0 -3.12967 100 20 0 0 0 0 0 0 0 0 0 0 0
91300 -327.915 0 0 0 1.39796 100 30 3.18037 100 18 0 0 0 -2.54972 100 18 0 0 0 0 0 0 0 0 0 0 0
91400 -326.375 0 0 0 1.51695 100 17 4.40605 100 21 0 0 0 -2.78068 100 26 0 0 0 0 0 0 0 0 0 0 0
91500 -326.8 0 0 0 1.73812 100 19 5.09886 100 23 0 0 0 -3.14784 100 14 0 0 0 0 0 0 0 0 0 0 0
91600 -327.855 0 0 0 2.71565 100 20 6.89729 100 19 0 0 0 -3.69817 100 23 0 0 0 0 0 0 0 0 0 0 0
91700 -327.334 0 0 0 1.55305 100 27 3.57907 100 23 0 0 0 -2.96075 100 18 0 0 0 0 0 0 0 0 0 0 0
91800 -326.785 0 0 0 1.4646 100 21 5.79041 100 20 0 0 0 -2.88614 100 22 0 0 0 0 0 0 0 0 0 0 0
91900 -327.88 0 0 0 1.356 100 10 3.53782 100 28 0 0 0 -2.52998 100 25 0 0 0 0 0 0 0 0 0 0 0
92000 -327.638 0 0 0 1.12802 100 18 2.95931 100 22 0 0 0 -2.66064 100 29 0 0 0 0 0 0 0 0 0 0 0
92100 -326.715 0 0 0 2.082 100 12 5.42901 100 27 0 0 0 -3.31585 100 12 0 0 0 0 0 0 0 0 0 0 0
92200 -328.638 0 0 0 2.10585 100 15 3.82413 100 22 0 0 0 -3.09067 100 17 0 0 0 0 0 0 0 0 0 0 0
92300 -326.297 0 0 0 2.27751 100 23 7.97386 100 22 0 0 0 -3.45061 100 18 0 0 0 0 0 0 0 0 0 0 0
92400 -326.605 0 0 0 2.43549 100 19 8.47762 100 20 0 0 0 -3.6356 100 20 0 0 0 0 0 0 0 0 0 0 0
92500 -327.743 0 0 0 1.18061 100 23 2.55907 100 24 0 0 0 -2.67227 100 15 0 0 0 0 0 0 0 0 0 0 0
92600 -328.324 0 0 0 1.06641 100 18 2.84455 100 11 0 0 0 -2.35946 100 12 0 0 0 0 0 0 0 0 0 0 0
92700 -326.009 0 0 0 2.06993 100 20 6.95709 100 19 0 0 0 -3.2651 100 18 0 0 0 0 0 0 0 0 0 0 0
92800 -326.182 0 0 0 2.20194 100 28 6.38964 100 20 0 0 0 -3.36364 100 12 0 0 0 0 0 0 0 0 0 0 0
92900 -326.014 0 0 0 1.88878 100 18 6.21166 100 21 0 0 0 -3.18958 100 22 0 0 0 0 0 0 0 0 0 0 0
93000 -327.569 0 0 0 2.29583 100 15 6.35689 100 21 0 0 0 -3.57362 100 16 0 0 0 0 0 0 0 0 0 0 0
93100 -326.387 0 0 0 1.57095 100 19 4.02972 100 26 0 0 0 -2.85755 100 20 0 0 0 0 0 0 0 0 0 0 0
93200 -326.567 0 0 0 2.34159 100 17 6.37099 100 20 0 0 0 -3.43257 100 22 0 0 0 0 0 0 0 0 0 0 0
93300 -326.656 0 0 0 2.33656 100 21 8.02628 100 20 0 0 0 -3.59841 100 18 0 0 0 0 0 0 0 0 0 0 0
93400 -328.061 0 0 0 1.34741 100 20 4.11118 100 28 0 0 0 -2.93904 100 20 0 0 0 0 0 0 0 0 0 0 0
93500 -326.854 0 0 0 1.30996 100 16 3.77571 100 27 0 0 0 -2.76731 100 13 0 0 0 0 0 0 0 0 0 0 0
93600 -326.584 0 0 0 1.34282 100 14 4.0928 100 24 0 0 0 -2.69216 100 20 0 0 0 0 0 0 0 0 0 0 0
93700 -327.004 0 0 0 2.22688 100 17 7.52059 100 26 0 0 0 -3.256 100 17 0 0 0 0 0 0 0 0 0 0 0
93800 -326.438 0 0 0 2.09328 100 22 6.03074 100 21 0 0 0 -3.15589 100 21 0 0 0 0 0 0 0 0 0 0 0
93900 -327.025 0 0 0 2.28155 100 14 6.72109 100 26 0 0 0 -3.25392 100 17 0 0 0 0 0 0 0 0 0 0 0
94000 -327.152 0 0 0 2.01315 100 18 6.82871 100 21 0 0 0 -3.42839 100 18 0 0 0 0 0 0 0 0 0 0 0
94100 -326.877 0 0 0 1.24546 100 17 3.31795 100 30 0 0 0 -2.64038 100 15 0 0 0 0 0 0 0 0 0 0 0
94200 -326.441 0 0 0 1.51865 100 16 4.09632 100 19 0 0 0 -2.7746 100 11 0 0 0 0 0 0 0 0 0 0 0
94300 -326.848 0 0 0 2.33274 100 27 5.99718 100 18 0 0 0 -3.42866 100 24 0 0 0 0 0 0 0 0 0 0 0
94400 -328.229 0 0 0 2.91894 100 24 10.7113 100 23 0 0 0 -3.93661 100 22 0 0 0 0 0 0 0 0 0 0 0
94500 -329.598 0 0 0 1.50001 100 21 3.00019 100 15 0 0 0 -3.04103 100 16 0 0 0 0 0 0 0 0 0 0 0
94600 -326.995 0 0 0 2.44051 100 23 8.92066 100 24 0 0 0 -3.53951 100 20 0 0 0 0 0 0 0 0 0 0 0
94700 -327.711 0 0 0 2.0246 100 26 4.07969 100 31 0 0 0 -3.06878 100 22 0 0 0 0 0 0 0 0 0 0 0
94800 -328.555 0 0 0 2.39429 100 18 7.83303 100 21 0 0 0 -3.78118 100 14 0 0 0 0 0 0 0 0 0 0 0
94900 -328.94 0 0 0 1.74176 100 27 6.35098 100 23 0 0 0 -3.35096 100 21 0 0 0 0 0 0 0 0 0 0 0
95000 -327.131 0 0 0 2.13907 100 25 8.54812 100 27 0 0 0 -3.43887 100 14 0 0 0 0 0 0 0 0 0 0 0
95100 -326.477 0 0 0 2.30189 100 21 8.27347 100 23 0 0 0 -3.46943 100 15 0 0 0 0 0 0 0 0 0 0 0
95200 -327.048 0 0 0 2.14398 100 22 6.08136 100 26 0 0 0 -3.4454 100 23 0 0 0 0 0 0 0 0 0 0 0
95300 -328.321 0 0 0 1.94714 100 15 8.60514 100 23 0 0 0 -3.39669 100 20 0 0 0 0 0 0 0 0 0 0 0
95400 -326.364 0 0 0 2.01211 100 13 5.77547 100 25 0 0 0 -3.28769 100 15 0 0 0 0 0 0 0 0 0 0 0
95500 -326.913 0 0 0 1.27711 100 22 3.89191 100 24 0 0 0 -2.75555 100 13 0 0 0 0 0 0 0 0 0 0 0
95600 -326.721 0 0 0 1.5179 100 19 4.22628 100 20 0 0 0 -2.93922 100 18 0 0 0 0 0 0 0 0 0 0 0
95700 -326.262 0 0 0 2.09523 100 17 5.78516 100 30 0 0 0 -3.28564 100 18 0 0 0 0 0 0 0 0 0 0 0
95800 -326.023 0 0 0 1.86827 100 20 5.83838 100 19 0 0 0 -3.16473 100 21 0 0 0 0 0 0 0 0 0 0 0
95900 -326.233 0 0 0 1.8122 100 19 6.6394 100 22 0 0 0 -3.10196 100 17 0 0 0 0 0 0 0 0 0 0 0
96000 -327.308 0 0 0 1.29887 100 17 4.17853 100 17 0 0 0 -2.84187 100 17 0 0 0 0 0 0 0 0 0 0 0
96100 -327.993 0 0 0 2.3946 100 17 7.40855 100 27 0 0 0 -3.29205 100 23 0 0 0 0 0 0 0 0 0 0 0
96200 -328.885 0 0 0 3.10911 100 21 11.0955 100 19 0 0 0 -4.02077 100 16 0 0 0 0 0 0 0 0 0 0 0
96300 -328.506 0 0 0 2.38652 100 21 8.4168 100 24 0 0 0 -3.79304 100 17 0 0 0 0 0 0 0 0 0 0 0
96400 -332.214 0 0 0 2.56874 100 21 4.14084 100 19 0 0 0 -3.67701 100 22 0 0 0 0 0 0 0 0 0 0 0
96500 -326.94 0 0 0 1.60507 100 24 4.12893 100 25 0 0 0 -3.00574 100 18 0 0 0 0 0 0 0 0 0 0 0
96600 -326.816 0 0 0 2.0094 100 23 5.19878 100 21 0 0 0 -3.28008 100 13 0 0 0 0 0 0 0 0 0 0 0
96700 -326.157 0 0 0 2.0962 100 21 5.87443 100 24 0 0 0 -3.23632 100 17 0 0 0 0 0 0 0 0 0 0 0
96800 -328.888 0 0 0 2.52821 100 22 5.55522 100 27 0 0 0 -3.63274 100 14 0 0 0 0 0 0 0 0 0 0 0
96900 -328.007 0 0 0 1.43639 100 29 3.48682 100 24 0 0 0 -2.94799 100 23 0 0 0 0 0 0 0 0 0 0 0
97000 -326.471 0 0 0 2.01336 100 26 5.86465 100 31 0 0 0 -3.08755 100 23 0 0 0 0 0 0 0 0 0 0 0
97100 -326.677 0 0 0 2.1559 100 26 7.56414 100 24 0 0 0 -3.2538 100 21 0 0 0 0 0 0 0 0 0 0 0
97200 -326.218 0 0 0 1.62775 100 29 5.17215 100 19 0 0 0 -3.00359 100 15 0 0 0 0 0 0 0 0 0 0 0
97300 -327.351 0 0 0 1.86694 100 21 6.84304 100 27 0 0 0 -2.99442 100 19 0 0 0 0 0 0 0 0 0 0 0
97400 -328.457 0 0 0 1.36906 100 11 3.28782 100 27 0 0 0 -2.49702 100 19 0 0 0 0 0 0 0 0 0 0 0
97500 -326.091 0 0 0 1.93928 100 23 5.38996 100 21 0 0 0 -3.12483 100 15 0 0 0 0 0 0 0 0 0 0 0
97600 -327.072 0 0 0 1.92286 100 24 7.63487 100 24 0 0 0 -3.15489 100 15 0 0 0 0 0 0 0 0 0 0 0
97700 -327.231 0 0 0 2.11367 100 9 8.29686 100 27 0 0 0 -3.29509 100 14 0 0 0 0 0 0 0 0 0 0 0
97800 -326.803 0 0 0 1.68876 100 25 5.33099 100 22 0 0 0 -3.13196 100 16 0 0 0 0 0 0 0 0 0 0 0
97900 -329.22 0 0 0 3.25567 100 27 8.79178 100 20 0 0 0 -4.10026 100 21 0 0 0 0 0 0 0 0 0 0 0
98000 -327.355 0 0 0 2.78145 100 25 9.06631 100 17 0 0 0 -3.91812 100 23 0 0 0 0 0 0 0 0 0 0 0
98100 -332.371 0 0 0 0.722712 100 24 0.819987 100 24 0 0 0 -2.53533 100 27 0 0 0 0 0 0 0 0 0 0 0
98200 -327.675 0 0 0 1.27523 100 16 5.31557 100 23 0 0 0 -2.66039 100 25 0 0 0 0 0 0 0 0 0 0 0
98300 -326.955 0 0 0 2.36775 100 24 7.83417 100 37 0 0 0 -3.37063 100 16 0 0 0 0 0 0 0 0 0 0 0
98400 -326.805 0 0 0 1.48467 100 17 5.07529 100 14 0 0 0 -2.74197 100 22 0 0 0 0 0 0 0 0 0 0 0
98500 -329.388 0 0 0 1.40709 100 20 1.27885 100 22 0 0 0 -2.75231 100 15 0 0 0 0 0 0 0 0 0 0 0
98600 -327.069 0 0 0 1.27378 100 14 3.50625 100 20 0 0 0 -2.74957 100 14 0 0 0 0 0 0 0 0 0 0 0
98700 -327.159 0 0 0 1.39441 100 21 3.43795 100 25 0 0 0 -2.83942 100 17 0 0 0 0 0 0 0 0 0 0 0
98800 -327.818 0 0 0 3.01088 100 21 9.5193 100 21 0 0 0 -4.06174 100 18 0 0 0 0 0 0 0 0 0 0 0
98900 -331.283 0 0 0 3.42176 100 22 9.29343 100 23 0 0 0 -4.04899 100 13 0 0 0 0 0 0 0 0 0 0 0
99000 -330.956 0 0 0 2.05385 100 30 8.70075 100 22 0 0 0 -3.10555 100 25 0 0 0 0 0 0 0 0 0 0 0
99100 -326.522 0 0 0 2.4977 100 24 7.86007 100 19 0 0 0 -3.63913 100 13 0 0 0 0 0 0 0 0 0 0 0
99200 -327.636 0 0 0 1.86888 100 23 6.32039 100 19 0 0 0 -2.93089 100 19 0 0 0 0 0 0 0 0 0 0 0
99300 -326.725 0 0 0 1.7722 100 21 5.34692 100 24 0 0 0 -2.89079 100 20 0 0 0 0 0 0 0 0 0 0 0
99400 -326.375 0 0 0 1.61836 100 17 4.6849 100 23 0 0 0 -2.99248 100 15 0 0 0 0 0 0 0 0 0 0 0
99500 -326.167 0 0 0 2.16671 100 16 7.55046 100 21 0 0 0 -3.3903 100 21 0 0 0 0 0 0 0 0 0 0 0
99600 -326.336 0 0 0 1.74797 100 16 6.51037 100 21 0 0 0 -3.04996 100 22 0 0 0 0 0 0 0 0 0 0 0
99700 -326.74 0 0 0 1.62301 100 23 3.77475 100 25 0 0 0 -2.93354 100 19 0 0 0 0 0 0 0 0 0 0 0
99800 -327.306 0 0 0 2.1326 100 13 6.50165 100 25 0 0 0 -3.1167 100 18 0 0 0 0 0 0 0 0 0 0 0
99900 -326.618 0 0 0 2.23207 100 26 5.99297 100 17 0 0 0 -3.40483 100 19 0 0 0 0 0 0 0 0 0 0 0
100000 -327.897 0 0 0 1.78098 100 28 6.69289 100 27 0 0 0 -3.32098 100 22 0 0 0 0 0 0 0 0 0 0 0
