iteration logLik intercept1 intercept1_p intercept1_a pcov2 pcov2_p pcov2_a pcov3 pcov3_p pcov3_a pcov4 pcov4_p pcov4_a intercept2 intercept2_p intercept2_a intercept3 intercept3_p intercept3_a intercept4 intercept4_p intercept4_a pcov pcov_p pcov_a data_p data_a
0 -2.74559e+08 0 0 0 12.3476 0 0 -1.57719 0 0 0 0 0 4.4625 0 0 0 0 0 0 0 0 0 0 0 0 0
100 -239.294 0 0 0 1.30032 100 44 1.74552 100 27 0 0 0 -2.7271 100 32 0 0 0 0 0 0 0 0 0 0 0
200 -240.483 0 0 0 1.53711 100 25 1.11786 100 22 0 0 0 -2.75101 100 18 0 0 0 0 0 0 0 0 0 0 0
300 -242.573 0 0 0 1.58528 100 37 0.0727655 100 24 0 0 0 -2.90037 100 23 0 0 0 0 0 0 0 0 0 0 0
400 -240.934 0 0 0 0.441989 100 34 -1.0015 100 26 0 0 0 -2.27244 100 19 0 0 0 0 0 0 0 0 0 0 0
500 -239.424 0 0 0 1.16744 100 32 2.13409 100 27 0 0 0 -2.79548 100 21 0 0 0 0 0 0 0 0 0 0 0
600 -243.006 0 0 0 1.06371 100 29 2.34591 100 29 0 0 0 -3.0701 100 22 0 0 0 0 0 0 0 0 0 0 0
700 -240.231 0 0 0 1.37259 100 36 2.59336 100 19 0 0 0 -2.55619 100 21 0 0 0 0 0 0 0 0 0 0 0
800 -240.411 0 0 0 0.585603 100 22 -0.602585 100 23 0 0 0 -2.34037 100 28 0 0 0 0 0 0 0 0 0 0 0
900 -239.765 0 0 0 1.61542 100 24 2.86467 100 23 0 0 0 -2.80009 100 21 0 0 0 0 0 0 0 0 0 0 0
1000 -243.264 0 0 0 2.12971 100 34 2.929 100 28 0 0 0 -2.93333 100 26 0 0 0 0 0 0 0 0 0 0 0
1100 -240.342 0 0 0 1.66851 100 30 2.03777 100 29 0 0 0 -2.92068 100 20 0 0 0 0 0 0 0 0 0 0 0
1200 -239.959 0 0 0 0.756393 100 22 -0.123628 100 21 0 0 0 -2.43133 100 21 0 0 0 0 0 0 0 0 0 0 0
1300 -242.511 0 0 0 0.161227 100 27 1.20927 100 22 0 0 0 -2.10186 100 20 0 0 0 0 0 0 0 0 0 0 0
1400 -239.206 0 0 0 1.18184 100 34 1.81593 100 28 0 0 0 -2.72112 100 22 0 0 0 0 0 0 0 0 0 0 0
1500 -239.877 0 0 0 0.9032 100 35 3.07341 100 26 0 0 0 -2.75667 100 23 0 0 0 0 0 0 0 0 0 0 0
1600 -239.905 0 0 0 1.66194 100 29 3.54096 100 23 0 0 0 -2.8275 100 26 0 0 0 0 0 0 0 0 0 0 0
1700 -239.643 0 0 0 1.09641 100 18 2.75799 100 19 0 0 0 -2.8378 100 14 0 0 0 0 0 0 0 0 0 0 0
1800 -239.249 0 0 0 1.19942 100 37 1.48515 100 23 0 0 0 -2.58587 100 31 0 0 0 0 0 0 0 0 0 0 0
1900 -240.758 0 0 0 1.89097 100 30 3.24743 100 24 0 0 0 -3.14169 100 21 0 0 0 0 0 0 0 0 0 0 0
2000 -239.882 0 0 0 1.47101 100 33 2.51862 100 28 0 0 0 -2.96191 100 25 0 0 0 0 0 0 0 0 0 0 0
2100 -241.721 0 0 0 0.948704 100 28 -1.47886 100 23 0 0 0 -2.50762 100 26 0 0 0 0 0 0 0 0 0 0 0
2200 -240.637 0 0 0 0.485662 100 22 1.0026 100 26 0 0 0 -2.49664 100 28 0 0 0 0 0 0 0 0 0 0 0
2300 -239.246 0 0 0 1.15905 100 27 2.55061 100 22 0 0 0 -2.57093 100 17 0 0 0 0 0 0 0 0 0 0 0
2400 -239.893 0 0 0 1.43534 100 28 4.85175 100 25 0 0 0 -3.01875 100 19 0 0 0 0 0 0 0 0 0 0 0
2500 -240.005 0 0 0 1.56327 100 26 1.89027 100 28 0 0 0 -2.75519 100 21 0 0 0 0 0 0 0 0 0 0 0
2600 -240.197 0 0 0 0.463749 100 22 0.999345 100 23 0 0 0 -2.351 100 26 0 0 0 0 0 0 0 0 0 0 0
2700 -239.588 0 0 0 1.47464 100 24 1.95254 100 21 0 0 0 -2.75965 100 22 0 0 0 0 0 0 0 0 0 0 0
2800 -240.294 0 0 0 1.81257 100 26 3.02329 100 23 0 0 0 -3.02477 100 21 0 0 0 0 0 0 0 0 0 0 0
2900 -239.818 0 0 0 0.593235 100 27 0.591781 100 18 0 0 0 -2.37813 100 21 0 0 0 0 0 0 0 0 0 0 0
3000 -241.128 0 0 0 1.02753 100 36 1.64833 100 25 0 0 0 -2.88129 100 23 0 0 0 0 0 0 0 0 0 0 0
3100 -241.447 0 0 0 1.5667 100 34 4.1619 100 27 0 0 0 -2.67412 100 19 0 0 0 0 0 0 0 0 0 0 0
3200 -240.364 0 0 0 0.885072 100 34 -0.544196 100 21 0 0 0 -2.31667 100 21 0 0 0 0 0 0 0 0 0 0 0
3300 -239.235 0 0 0 1.328 100 27 1.95155 100 21 0 0 0 -2.67955 100 21 0 0 0 0 0 0 0 0 0 0 0
3400 -240.468 0 0 0 1.55603 100 29 5.04971 100 28 0 0 0 -2.86497 100 17 0 0 0 0 0 0 0 0 0 0 0
3500 -242.362 0 0 0 1.53861 100 36 0.952488 100 19 0 0 0 -3.03029 100 23 0 0 0 0 0 0 0 0 0 0 0
3600 -239.684 0 0 0 0.922335 100 32 0.165443 100 25 0 0 0 -2.45645 100 26 0 0 0 0 0 0 0 0 0 0 0
3700 -239.76 0 0 0 0.753519 100 34 2.6754 100 24 0 0 0 -2.51868 100 31 0 0 0 0 0 0 0 0 0 0 0
3800 -240.199 0 0 0 0.836911 100 26 1.12454 100 27 0 0 0 -2.27727 100 28 0 0 0 0 0 0 0 0 0 0 0
3900 -240.407 0 0 0 0.867766 100 29 -0.660064 100 26 0 0 0 -2.31748 100 27 0 0 0 0 0 0 0 0 0 0 0
4000 -242.229 0 0 0 0.219519 100 33 -1.47192 100 31 0 0 0 -2.25319 100 27 0 0 0 0 0 0 0 0 0 0 0
4100 -239.642 0 0 0 0.640179 100 40 0.903083 100 25 0 0 0 -2.3853 100 20 0 0 0 0 0 0 0 0 0 0 0
4200 -240.67 0 0 0 1.7606 100 35 2.64043 100 23 0 0 0 -3.07479 100 33 0 0 0 0 0 0 0 0 0 0 0
4300 -240.423 0 0 0 0.639237 100 34 2.8179 100 27 0 0 0 -2.60425 100 22 0 0 0 0 0 0 0 0 0 0 0
4400 -240.924 0 0 0 0.58608 100 30 -0.965476 100 27 0 0 0 -2.38214 100 30 0 0 0 0 0 0 0 0 0 0 0
4500 -239.933 0 0 0 0.606973 100 27 1.0471 100 24 0 0 0 -2.29308 100 16 0 0 0 0 0 0 0 0 0 0 0
4600 -240.144 0 0 0 1.8675 100 31 4.49497 100 26 0 0 0 -3.16102 100 20 0 0 0 0 0 0 0 0 0 0 0
4700 -240.165 0 0 0 1.37183 100 29 2.66458 100 29 0 0 0 -2.56508 100 24 0 0 0 0 0 0 0 0 0 0 0
4800 -242.623 0 0 0 0.633521 100 32 1.53958 100 25 0 0 0 -2.09763 100 24 0 0 0 0 0 0 0 0 0 0 0
4900 -239.602 0 0 0 1.40614 100 28 4.53278 100 26 0 0 0 -2.89018 100 28 0 0 0 0 0 0 0 0 0 0 0
5000 -241.339 0 0 0 1.00458 100 39 3.47226 100 17 0 0 0 -2.98509 100 26 0 0 0 0 0 0 0 0 0 0 0
5100 -239.919 0 0 0 0.785022 100 26 0.9953 100 31 0 0 0 -2.59919 100 19 0 0 0 0 0 0 0 0 0 0 0
5200 -241.768 0 0 0 0.579238 100 29 3.82654 100 17 0 0 0 -2.64822 100 17 0 0 0 0 0 0 0 0 0 0 0
5300 -239.034 0 0 0 1.1282 100 33 2.94736 100 23 0 0 0 -2.68525 100 21 0 0 0 0 0 0 0 0 0 0 0
5400 -239.258 0 0 0 1.28335 100 33 1.66836 100 18 0 0 0 -2.66823 100 16 0 0 0 0 0 0 0 0 0 0 0
5500 -239.478 0 0 0 1.32996 100 27 1.71139 100 30 0 0 0 -2.77488 100 26 0 0 0 0 0 0 0 0 0 0 0
5600 -239.238 0 0 0 0.959071 100 31 2.33251 100 29 0 0 0 -2.51439 100 24 0 0 0 0 0 0 0 0 0 0 0
5700 -239.558 0 0 0 1.49272 100 28 2.42266 100 15 0 0 0 -2.88916 100 27 0 0 0 0 0 0 0 0 0 0 0
5800 -240.705 0 0 0 0.817793 100 33 -1.08362 100 16 0 0 0 -2.37815 100 22 0 0 0 0 0 0 0 0 0 0 0
5900 -240.219 0 0 0 0.766234 100 32 1.59279 100 31 0 0 0 -2.2897 100 19 0 0 0 0 0 0 0 0 0 0 0
6000 -241.467 0 0 0 0.556611 100 37 -0.696493 100 23 0 0 0 -2.47974 100 24 0 0 0 0 0 0 0 0 0 0 0
6100 -239.742 0 0 0 0.758112 100 32 0.786055 100 27 0 0 0 -2.30989 100 20 0 0 0 0 0 0 0 0 0 0 0
6200 -239.74 0 0 0 1.3425 100 30 4.0194 100 28 0 0 0 -2.99298 100 22 0 0 0 0 0 0 0 0 0 0 0
6300 -245.584 0 0 0 0.975136 100 30 6.4349 100 22 0 0 0 -3.23022 100 24 0 0 0 0 0 0 0 0 0 0 0
6400 -239.488 0 0 0 0.919 100 35 1.00859 100 27 0 0 0 -2.59441 100 20 0 0 0 0 0 0 0 0 0 0 0
6500 -241.089 0 0 0 1.2089 100 26 4.62432 100 26 0 0 0 -3.0819 100 27 0 0 0 0 0 0 0 0 0 0 0
6600 -239.352 0 0 0 1.09349 100 20 3.53187 100 23 0 0 0 -2.70605 100 20 0 0 0 0 0 0 0 0 0 0 0
6700 -240.865 0 0 0 1.17042 100 30 -0.347498 100 26 0 0 0 -2.41993 100 27 0 0 0 0 0 0 0 0 0 0 0
6800 -239.97 0 0 0 0.896462 100 33 0.299165 100 26 0 0 0 -2.57168 100 18 0 0 0 0 0 0 0 0 0 0 0
6900 -242.066 0 0 0 1.31109 100 33 6.22829 100 26 0 0 0 -2.98106 100 15 0 0 0 0 0 0 0 0 0 0 0
7000 -242.238 0 0 0 0.618969 100 40 0.102047 100 30 0 0 0 -2.03313 100 22 0 0 0 0 0 0 0 0 0 0 0
7100 -243.045 0 0 0 1.2765 100 34 -0.244496 100 30 0 0 0 -2.2876 100 27 0 0 0 0 0 0 0 0 0 0 0
7200 -240.572 0 0 0 1.9856 100 30 4.9263 100 25 0 0 0 -3.11408 100 20 0 0 0 0 0 0 0 0 0 0 0
7300 -240.005 0 0 0 0.858479 100 24 0.0987563 100 24 0 0 0 -2.53122 100 22 0 0 0 0 0 0 0 0 0 0 0
7400 -240.657 0 0 0 1.04878 100 20 0.457835 100 23 0 0 0 -2.72827 100 31 0 0 0 0 0 0 0 0 0 0 0
7500 -240.623 0 0 0 1.63196 100 40 2.30057 100 21 0 0 0 -3.03734 100 17 0 0 0 0 0 0 0 0 0 0 0
7600 -239.611 0 0 0 0.8675 100 30 1.33483 100 24 0 0 0 -2.62763 100 25 0 0 0 0 0 0 0 0 0 0 0
7700 -239.762 0 0 0 1.10882 100 26 1.89039 100 23 0 0 0 -2.80128 100 22 0 0 0 0 0 0 0 0 0 0 0
7800 -241.123 0 0 0 0.296712 100 22 1.14463 100 27 0 0 0 -2.37839 100 23 0 0 0 0 0 0 0 0 0 0 0
7900 -240.284 0 0 0 1.33363 100 33 1.18584 100 24 0 0 0 -2.8331 100 28 0 0 0 0 0 0 0 0 0 0 0
8000 -240.323 0 0 0 1.73635 100 28 2.5315 100 25 0 0 0 -2.98991 100 15 0 0 0 0 0 0 0 0 0 0 0
8100 -240.33 0 0 0 1.6068 100 27 2.80552 100 28 0 0 0 -3.06202 100 28 0 0 0 0 0 0 0 0 0 0 0
8200 -242.027 0 0 0 2.32914 100 30 4.98505 100 26 0 0 0 -3.34111 100 18 0 0 0 0 0 0 0 0 0 0 0
8300 -239.16 0 0 0 1.13465 100 39 1.50967 100 22 0 0 0 -2.64561 100 22 0 0 0 0 0 0 0 0 0 0 0
8400 -240.227 0 0 0 1.13513 100 36 3.57413 100 25 0 0 0 -2.55536 100 21 0 0 0 0 0 0 0 0 0 0 0
8500 -241.056 0 0 0 1.26778 100 31 5.08822 100 25 0 0 0 -2.75575 100 18 0 0 0 0 0 0 0 0 0 0 0
8600 -240.878 0 0 0 2.04153 100 27 4.34322 100 20 0 0 0 -3.24942 100 21 0 0 0 0 0 0 0 0 0 0 0
8700 -240.191 0 0 0 0.906312 100 34 3.4018 100 23 0 0 0 -2.79995 100 23 0 0 0 0 0 0 0 0 0 0 0
8800 -239.238 0 0 0 1.07647 100 25 2.43408 100 30 0 0 0 -2.74733 100 23 0 0 0 0 0 0 0 0 0 0 0
8900 -239.626 0 0 0 0.666232 100 41 0.840879 100 25 0 0 0 -2.35358 100 19 0 0 0 0 0 0 0 0 0 0 0
9000 -240.152 0 0 0 1.37317 100 29 0.78999 100 32 0 0 0 -2.63362 100 17 0 0 0 0 0 0 0 0 0 0 0
9100 -239.1 0 0 0 1.35187 100 44 2.93375 100 24 0 0 0 -2.72739 100 25 0 0 0 0 0 0 0 0 0 0 0
9200 -241.412 0 0 0 1.65356 100 31 5.74308 100 24 0 0 0 -2.91996 100 19 0 0 0 0 0 0 0 0 0 0 0
9300 -242.157 0 0 0 0.596835 100 39 1.29919 100 21 0 0 0 -2.73298 100 24 0 0 0 0 0 0 0 0 0 0 0
9400 -239.471 0 0 0 1.53195 100 34 2.72521 100 30 0 0 0 -2.78355 100 25 0 0 0 0 0 0 0 0 0 0 0
9500 -239.879 0 0 0 0.634868 100 24 0.186683 100 26 0 0 0 -2.38483 100 20 0 0 0 0 0 0 0 0 0 0 0
9600 -242.094 0 0 0 1.97488 100 37 7.05402 100 26 0 0 0 -3.4565 100 13 0 0 0 0 0 0 0 0 0 0 0
9700 -239.896 0 0 0 1.60046 100 28 2.81027 100 22 0 0 0 -2.99854 100 23 0 0 0 0 0 0 0 0 0 0 0
9800 -239.162 0 0 0 0.920374 100 34 2.32539 100 23 0 0 0 -2.60069 100 16 0 0 0 0 0 0 0 0 0 0 0
9900 -242.128 0 0 0 2.11662 100 32 7.24788 100 22 0 0 0 -3.45357 100 21 0 0 0 0 0 0 0 0 0 0 0
10000 -239.813 0 0 0 1.41887 100 32 4.84103 100 20 0 0 0 -2.95573 100 22 0 0 0 0 0 0 0 0 0 0 0
10100 -240.394 0 0 0 0.42236 100 36 0.112466 100 23 0 0 0 -2.25266 100 21 0 0 0 0 0 0 0 0 0 0 0
10200 -240.084 0 0 0 1.41256 100 35 0.995382 100 25 0 0 0 -2.70133 100 20 0 0 0 0 0 0 0 0 0 0 0
10300 -239.326 0 0 0 1.48998 100 30 3.00549 100 31 0 0 0 -2.90733 100 19 0 0 0 0 0 0 0 0 0 0 0
10400 -239.262 0 0 0 1.39256 100 31 2.27261 100 22 0 0 0 -2.79779 100 24 0 0 0 0 0 0 0 0 0 0 0
10500 -239.998 0 0 0 1.14152 100 33 1.61238 100 34 0 0 0 -2.4241 100 22 0 0 0 0 0 0 0 0 0 0 0
10600 -239.392 0 0 0 1.2747 100 31 3.45335 100 31 0 0 0 -2.67773 100 26 0 0 0 0 0 0 0 0 0 0 0
10700 -240.863 0 0 0 1.91641 100 29 5.96796 100 21 0 0 0 -3.15617 100 15 0 0 0 0 0 0 0 0 0 0 0
10800 -241.338 0 0 0 1.89088 100 23 6.24696 100 27 0 0 0 -3.11925 100 16 0 0 0 0 0 0 0 0 0 0 0
10900 -242.723 0 0 0 0.10922 100 37 1.43777 100 20 0 0 0 -2.41928 100 25 0 0 0 0 0 0 0 0 0 0 0
11000 -242.253 0 0 0 1.66218 100 36 0.272179 100 28 0 0 0 -2.72414 100 26 0 0 0 0 0 0 0 0 0 0 0
11100 -247.445 0 0 0 2.53876 100 36 2.20472 100 24 0 0 0 -3.18073 100 32 0 0 0 0 0 0 0 0 0 0 0
11200 -239.343 0 0 0 1.41084 100 27 3.87828 100 23 0 0 0 -2.9405 100 17 0 0 0 0 0 0 0 0 0 0 0
11300 -240.537 0 0 0 1.59233 100 29 1.94379 100 27 0 0 0 -2.68062 100 23 0 0 0 0 0 0 0 0 0 0 0
11400 -239.288 0 0 0 1.53051 100 30 3.57359 100 24 0 0 0 -2.86307 100 22 0 0 0 0 0 0 0 0 0 0 0
11500 -241.427 0 0 0 1.73691 100 34 6.59973 100 22 0 0 0 -3.24802 100 21 0 0 0 0 0 0 0 0 0 0 0
11600 -239.983 0 0 0 0.618318 100 35 1.04636 100 21 0 0 0 -2.50193 100 20 0 0 0 0 0 0 0 0 0 0 0
11700 -239.088 0 0 0 0.940584 100 33 1.97858 100 24 0 0 0 -2.53583 100 16 0 0 0 0 0 0 0 0 0 0 0
11800 -239.111 0 0 0 1.20284 100 31 3.17286 100 38 0 0 0 -2.68593 100 18 0 0 0 0 0 0 0 0 0 0 0
11900 -239.633 0 0 0 1.26668 100 30 3.95536 100 32 0 0 0 -2.71351 100 21 0 0 0 0 0 0 0 0 0 0 0
12000 -239.608 0 0 0 1.61264 100 30 4.44602 100 24 0 0 0 -2.94247 100 21 0 0 0 0 0 0 0 0 0 0 0
12100 -241.871 0 0 0 2.22709 100 27 6.73672 100 31 0 0 0 -3.47794 100 21 0 0 0 0 0 0 0 0 0 0 0
12200 -239.843 0 0 0 1.78195 100 22 4.44332 100 22 0 0 0 -3.0384 100 23 0 0 0 0 0 0 0 0 0 0 0
12300 -240.128 0 0 0 1.38838 100 33 0.884166 100 22 0 0 0 -2.71592 100 16 0 0 0 0 0 0 0 0 0 0 0
12400 -242.901 0 0 0 0.279007 100 29 2.88429 100 26 0 0 0 -2.30804 100 25 0 0 0 0 0 0 0 0 0 0 0
12500 -241.273 0 0 0 1.85517 100 31 6.03109 100 29 0 0 0 -3.06586 100 34 0 0 0 0 0 0 0 0 0 0 0
12600 -240.143 0 0 0 1.00875 100 32 1.9261 100 28 0 0 0 -2.37243 100 25 0 0 0 0 0 0 0 0 0 0 0
12700 -239.494 0 0 0 0.899984 100 35 1.99858 100 29 0 0 0 -2.6739 100 19 0 0 0 0 0 0 0 0 0 0 0
12800 -240.826 0 0 0 1.17017 100 35 4.99468 100 25 0 0 0 -2.99351 100 26 0 0 0 0 0 0 0 0 0 0 0
12900 -239.932 0 0 0 1.56639 100 31 3.31909 100 27 0 0 0 -3.05537 100 20 0 0 0 0 0 0 0 0 0 0 0
13000 -239.47 0 0 0 0.759163 100 34 1.65914 100 24 0 0 0 -2.41168 100 26 0 0 0 0 0 0 0 0 0 0 0
13100 -239.788 0 0 0 0.890424 100 34 1.50039 100 28 0 0 0 -2.35222 100 12 0 0 0 0 0 0 0 0 0 0 0
13200 -240.746 0 0 0 1.99471 100 26 5.49784 100 26 0 0 0 -3.15221 100 23 0 0 0 0 0 0 0 0 0 0 0
13300 -240.476 0 0 0 0.428292 100 38 0.428625 100 21 0 0 0 -2.37116 100 23 0 0 0 0 0 0 0 0 0 0 0
13400 -239.242 0 0 0 1.23438 100 26 2.61199 100 22 0 0 0 -2.60609 100 16 0 0 0 0 0 0 0 0 0 0 0
13500 -243.136 0 0 0 1.71791 100 37 0.754304 100 26 0 0 0 -3.06916 100 28 0 0 0 0 0 0 0 0 0 0 0
13600 -240.072 0 0 0 1.80916 100 28 3.62591 100 26 0 0 0 -3.08073 100 31 0 0 0 0 0 0 0 0 0 0 0
13700 -242.104 0 0 0 1.79213 100 29 6.83491 100 22 0 0 0 -3.40135 100 24 0 0 0 0 0 0 0 0 0 0 0
13800 -240.672 0 0 0 2.01584 100 28 4.53115 100 29 0 0 0 -3.23289 100 26 0 0 0 0 0 0 0 0 0 0 0
13900 -241.101 0 0 0 0.571181 100 35 2.38867 100 23 0 0 0 -2.66473 100 25 0 0 0 0 0 0 0 0 0 0 0
14000 -244.749 0 0 0 2.67414 100 29 5.87142 100 23 0 0 0 -3.7731 100 24 0 0 0 0 0 0 0 0 0 0 0
14100 -247.052 0 0 0 2.75172 100 26 3.52253 100 28 0 0 0 -3.46786 100 20 0 0 0 0 0 0 0 0 0 0 0
14200 -239.906 0 0 0 1.68446 100 38 3.92074 100 25 0 0 0 -3.10484 100 23 0 0 0 0 0 0 0 0 0 0 0
14300 -239.635 0 0 0 1.53059 100 26 3.73209 100 25 0 0 0 -2.78698 100 22 0 0 0 0 0 0 0 0 0 0 0
14400 -240.353 0 0 0 0.711152 100 37 0.175621 100 21 0 0 0 -2.53225 100 24 0 0 0 0 0 0 0 0 0 0 0
14500 -241.561 0 0 0 0.84949 100 38 1.45881 100 28 0 0 0 -2.82526 100 18 0 0 0 0 0 0 0 0 0 0 0
14600 -240.509 0 0 0 1.13976 100 26 4.07766 100 22 0 0 0 -2.60493 100 25 0 0 0 0 0 0 0 0 0 0 0
14700 -242.112 0 0 0 1.32955 100 30 6.0756 100 22 0 0 0 -3.18444 100 21 0 0 0 0 0 0 0 0 0 0 0
14800 -239.521 0 0 0 1.44413 100 35 1.96843 100 18 0 0 0 -2.799 100 24 0 0 0 0 0 0 0 0 0 0 0
14900 -239.172 0 0 0 1.21301 100 45 1.85855 100 22 0 0 0 -2.59295 100 27 0 0 0 0 0 0 0 0 0 0 0
15000 -240.181 0 0 0 0.560708 100 35 -0.242524 100 29 0 0 0 -2.32267 100 23 0 0 0 0 0 0 0 0 0 0 0
15100 -240.509 0 0 0 0.399686 100 32 0.125026 100 19 0 0 0 -2.30475 100 25 0 0 0 0 0 0 0 0 0 0 0
15200 -239.382 0 0 0 1.03133 100 30 1.29005 100 28 0 0 0 -2.45171 100 30 0 0 0 0 0 0 0 0 0 0 0
15300 -240.553 0 0 0 1.60941 100 37 2.89852 100 29 0 0 0 -3.0978 100 22 0 0 0 0 0 0 0 0 0 0 0
15400 -240.962 0 0 0 1.37037 100 29 1.89848 100 22 0 0 0 -2.99635 100 23 0 0 0 0 0 0 0 0 0 0 0
15500 -240.18 0 0 0 1.06339 100 33 1.45222 100 28 0 0 0 -2.36728 100 23 0 0 0 0 0 0 0 0 0 0 0
15600 -239.901 0 0 0 0.706982 100 25 0.220423 100 26 0 0 0 -2.28055 100 20 0 0 0 0 0 0 0 0 0 0 0
15700 -240.228 0 0 0 1.59718 100 27 2.0766 100 24 0 0 0 -2.94609 100 24 0 0 0 0 0 0 0 0 0 0 0
15800 -241.023 0 0 0 1.40029 100 29 1.1934 100 25 0 0 0 -2.48755 100 24 0 0 0 0 0 0 0 0 0 0 0
15900 -240.717 0 0 0 0.710495 100 34 3.31761 100 23 0 0 0 -2.70675 100 14 0 0 0 0 0 0 0 0 0 0 0
16000 -239.265 0 0 0 1.01953 100 35 1.09589 100 26 0 0 0 -2.58192 100 26 0 0 0 0 0 0 0 0 0 0 0
16100 -239.005 0 0 0 1.30092 100 38 3.01831 100 29 0 0 0 -2.77806 100 29 0 0 0 0 0 0 0 0 0 0 0
16200 -239.089 0 0 0 1.3604 100 35 2.53515 100 19 0 0 0 -2.76805 100 28 0 0 0 0 0 0 0 0 0 0 0
16300 -239.766 0 0 0 1.50003 100 39 2.28868 100 26 0 0 0 -2.91342 100 18 0 0 0 0 0 0 0 0 0 0 0
16400 -240.065 0 0 0 1.68175 100 27 3.7976 100 18 0 0 0 -2.83296 100 28 0 0 0 0 0 0 0 0 0 0 0
16500 -239.497 0 0 0 1.25637 100 29 3.42263 100 28 0 0 0 -2.91115 100 27 0 0 0 0 0 0 0 0 0 0 0
16600 -240.816 0 0 0 0.35145 100 29 0.0980603 100 13 0 0 0 -2.33032 100 12 0 0 0 0 0 0 0 0 0 0 0
16700 -239.522 0 0 0 1.22904 100 23 2.3164 100 18 0 0 0 -2.54467 100 26 0 0 0 0 0 0 0 0 0 0 0
16800 -240.047 0 0 0 1.4095 100 31 1.48784 100 24 0 0 0 -2.84423 100 27 0 0 0 0 0 0 0 0 0 0 0
16900 -239.6 0 0 0 1.18367 100 26 3.52679 100 26 0 0 0 -2.89264 100 28 0 0 0 0 0 0 0 0 0 0 0
17000 -242.31 0 0 0 0.636923 100 33 -2.42816 100 26 0 0 0 -2.11995 100 20 0 0 0 0 0 0 0 0 0 0 0
17100 -239.461 0 0 0 0.917543 100 38 1.7236 100 25 0 0 0 -2.41543 100 21 0 0 0 0 0 0 0 0 0 0 0
17200 -240.79 0 0 0 1.54681 100 26 2.94792 100 25 0 0 0 -2.6272 100 24 0 0 0 0 0 0 0 0 0 0 0
17300 -239.585 0 0 0 1.26763 100 34 2.1399 100 33 0 0 0 -2.84769 100 20 0 0 0 0 0 0 0 0 0 0 0
17400 -241.776 0 0 0 0.384658 100 36 0.569254 100 27 0 0 0 -2.5272 100 23 0 0 0 0 0 0 0 0 0 0 0
17500 -241.915 0 0 0 1.34312 100 38 0.128759 100 23 0 0 0 -2.85758 100 18 0 0 0 0 0 0 0 0 0 0 0
17600 -239.34 0 0 0 0.928804 100 34 0.778851 100 27 0 0 0 -2.50064 100 22 0 0 0 0 0 0 0 0 0 0 0
17700 -239.264 0 0 0 0.855693 100 32 1.49986 100 29 0 0 0 -2.44304 100 17 0 0 0 0 0 0 0 0 0 0 0
17800 -239.468 0 0 0 1.23005 100 30 3.11507 100 25 0 0 0 -2.61132 100 19 0 0 0 0 0 0 0 0 0 0 0
17900 -243.36 0 0 0 1.88048 100 29 3.20051 100 21 0 0 0 -2.70028 100 22 0 0 0 0 0 0 0 0 0 0 0
18000 -239.885 0 0 0 1.59846 100 25 4.68016 100 28 0 0 0 -2.90517 100 27 0 0 0 0 0 0 0 0 0 0 0
18100 -239.266 0 0 0 1.18755 100 22 2.91881 100 22 0 0 0 -2.8259 100 23 0 0 0 0 0 0 0 0 0 0 0
18200 -242.348 0 0 0 1.79093 100 33 1.49225 100 25 0 0 0 -2.71149 100 21 0 0 0 0 0 0 0 0 0 0 0
18300 -240.299 0 0 0 1.07122 100 33 1.23274 100 21 0 0 0 -2.78637 100 18 0 0 0 0 0 0 0 0 0 0 0
18400 -240.076 0 0 0 1.36774 100 34 4.26822 100 23 0 0 0 -2.72509 100 26 0 0 0 0 0 0 0 0 0 0 0
18500 -242.163 0 0 0 1.08014 100 34 0.0255334 100 34 0 0 0 -2.81795 100 21 0 0 0 0 0 0 0 0 0 0 0
18600 -240.472 0 0 0 1.6408 100 29 3.66819 100 22 0 0 0 -3.15936 100 23 0 0 0 0 0 0 0 0 0 0 0
18700 -239.325 0 0 0 0.848413 100 31 2.2998 100 29 0 0 0 -2.51522 100 26 0 0 0 0 0 0 0 0 0 0 0
18800 -239.317 0 0 0 1.40371 100 21 2.87194 100 19 0 0 0 -2.70248 100 23 0 0 0 0 0 0 0 0 0 0 0
18900 -241.254 0 0 0 1.17248 100 35 1.99052 100 23 0 0 0 -2.97091 100 18 0 0 0 0 0 0 0 0 0 0 0
19000 -240.773 0 0 0 0.488253 100 26 1.79872 100 18 0 0 0 -2.54411 100 22 0 0 0 0 0 0 0 0 0 0 0
19100 -239.995 0 0 0 0.966458 100 34 2.0215 100 18 0 0 0 -2.38064 100 25 0 0 0 0 0 0 0 0 0 0 0
19200 -244.116 0 0 0 1.03844 100 34 6.51412 100 30 0 0 0 -3.07882 100 25 0 0 0 0 0 0 0 0 0 0 0
19300 -239.866 0 0 0 0.970994 100 29 0.0375956 100 20 0 0 0 -2.41201 100 20 0 0 0 0 0 0 0 0 0 0 0
19400 -238.962 0 0 0 1.21379 100 26 2.47838 100 20 0 0 0 -2.71055 100 14 0 0 0 0 0 0 0 0 0 0 0
19500 -239.678 0 0 0 0.646532 100 27 1.3495 100 26 0 0 0 -2.468 100 27 0 0 0 0 0 0 0 0 0 0 0
19600 -242.08 0 0 0 2.15439 100 27 5.02959 100 28 0 0 0 -3.07309 100 25 0 0 0 0 0 0 0 0 0 0 0
19700 -239.871 0 0 0 0.66935 100 29 0.170451 100 31 0 0 0 -2.29217 100 19 0 0 0 0 0 0 0 0 0 0 0
19800 -240.499 0 0 0 1.94205 100 22 5.3194 100 20 0 0 0 -3.1332 100 24 0 0 0 0 0 0 0 0 0 0 0
19900 -241.008 0 0 0 1.09669 100 34 0.889336 100 20 0 0 0 -2.30363 100 18 0 0 0 0 0 0 0 0 0 0 0
20000 -240.35 0 0 0 0.872063 100 34 0.16427 100 24 0 0 0 -2.26059 100 19 0 0 0 0 0 0 0 0 0 0 0
20100 -239.068 0 0 0 1.04365 100 33 1.90915 100 26 0 0 0 -2.53945 100 20 0 0 0 0 0 0 0 0 0 0 0
20200 -240.719 0 0 0 0.981509 100 27 2.14943 100 21 0 0 0 -2.86433 100 18 0 0 0 0 0 0 0 0 0 0 0
20300 -240.636 0 0 0 1.81979 100 29 2.63712 100 26 0 0 0 -2.90689 100 21 0 0 0 0 0 0 0 0 0 0 0
20400 -239.113 0 0 0 1.20392 100 33 2.0443 100 23 0 0 0 -2.60039 100 23 0 0 0 0 0 0 0 0 0 0 0
20500 -240.35 0 0 0 1.73918 100 28 2.51557 100 27 0 0 0 -2.99166 100 18 0 0 0 0 0 0 0 0 0 0 0
20600 -244.33 0 0 0 1.4855 100 37 5.19033 100 24 0 0 0 -3.45793 100 22 0 0 0 0 0 0 0 0 0 0 0
20700 -239.852 0 0 0 0.777836 100 33 1.10841 100 24 0 0 0 -2.30462 100 22 0 0 0 0 0 0 0 0 0 0 0
20800 -241.602 0 0 0 1.02685 100 26 4.7341 100 19 0 0 0 -2.62716 100 21 0 0 0 0 0 0 0 0 0 0 0
20900 -242.683 0 0 0 1.87317 100 28 2.83892 100 20 0 0 0 -3.30937 100 18 0 0 0 0 0 0 0 0 0 0 0
21000 -241.4 0 0 0 0.682279 100 28 -1.20535 100 26 0 0 0 -2.12171 100 24 0 0 0 0 0 0 0 0 0 0 0
21100 -240.459 0 0 0 1.51738 100 30 1.34039 100 22 0 0 0 -2.86738 100 21 0 0 0 0 0 0 0 0 0 0 0
21200 -240.488 0 0 0 1.36327 100 31 5.08796 100 17 0 0 0 -3.07547 100 26 0 0 0 0 0 0 0 0 0 0 0
21300 -239.328 0 0 0 0.860919 100 30 1.45675 100 33 0 0 0 -2.42187 100 19 0 0 0 0 0 0 0 0 0 0 0
21400 -242.269 0 0 0 0.0910254 100 26 -0.915621 100 32 0 0 0 -2.0082 100 16 0 0 0 0 0 0 0 0 0 0 0
21500 -242.502 0 0 0 0.873088 100 20 -0.481959 100 28 0 0 0 -2.72256 100 27 0 0 0 0 0 0 0 0 0 0 0
21600 -240.421 0 0 0 0.628893 100 37 -0.425121 100 24 0 0 0 -2.20007 100 22 0 0 0 0 0 0 0 0 0 0 0
21700 -240.487 0 0 0 0.79041 100 25 1.27738 100 24 0 0 0 -2.24767 100 15 0 0 0 0 0 0 0 0 0 0 0
21800 -241.856 0 0 0 1.59622 100 35 5.28992 100 27 0 0 0 -2.79107 100 32 0 0 0 0 0 0 0 0 0 0 0
21900 -239.922 0 0 0 0.792251 100 36 0.522789 100 21 0 0 0 -2.5519 100 24 0 0 0 0 0 0 0 0 0 0 0
22000 -239.919 0 0 0 0.721256 100 35 0.148953 100 17 0 0 0 -2.28162 100 17 0 0 0 0 0 0 0 0 0 0 0
22100 -240.126 0 0 0 0.78186 100 29 0.47682 100 18 0 0 0 -2.57183 100 17 0 0 0 0 0 0 0 0 0 0 0
22200 -239.315 0 0 0 1.4158 100 28 2.1623 100 25 0 0 0 -2.75427 100 19 0 0 0 0 0 0 0 0 0 0 0
22300 -240.292 0 0 0 1.37914 100 26 1.78135 100 20 0 0 0 -2.53521 100 20 0 0 0 0 0 0 0 0 0 0 0
22400 -239.746 0 0 0 1.18058 100 31 3.30169 100 34 0 0 0 -2.58191 100 19 0 0 0 0 0 0 0 0 0 0 0
22500 -239.587 0 0 0 1.68527 100 27 4.11457 100 19 0 0 0 -3.01437 100 22 0 0 0 0 0 0 0 0 0 0 0
22600 -241.02 0 0 0 1.27784 100 27 5.03965 100 25 0 0 0 -2.74899 100 16 0 0 0 0 0 0 0 0 0 0 0
22700 -241.149 0 0 0 0.350835 100 23 -0.581015 100 14 0 0 0 -2.31643 100 26 0 0 0 0 0 0 0 0 0 0 0
22800 -240.043 0 0 0 0.949315 100 36 1.25982 100 28 0 0 0 -2.33091 100 25 0 0 0 0 0 0 0 0 0 0 0
22900 -239.529 0 0 0 1.42062 100 36 3.6076 100 31 0 0 0 -2.98224 100 32 0 0 0 0 0 0 0 0 0 0 0
23000 -239.293 0 0 0 1.54644 100 21 3.5809 100 27 0 0 0 -2.88877 100 19 0 0 0 0 0 0 0 0 0 0 0
23100 -239.36 0 0 0 0.760024 100 26 1.41217 100 24 0 0 0 -2.47947 100 20 0 0 0 0 0 0 0 0 0 0 0
23200 -239.603 0 0 0 0.735568 100 36 1.39753 100 28 0 0 0 -2.54422 100 25 0 0 0 0 0 0 0 0 0 0 0
23300 -239.572 0 0 0 1.20634 100 24 1.41583 100 27 0 0 0 -2.51346 100 17 0 0 0 0 0 0 0 0 0 0 0
23400 -241.203 0 0 0 0.418911 100 27 -1.27478 100 27 0 0 0 -2.25882 100 19 0 0 0 0 0 0 0 0 0 0 0
23500 -241.113 0 0 0 1.40138 100 26 1.30599 100 27 0 0 0 -2.94951 100 18 0 0 0 0 0 0 0 0 0 0 0
23600 -239.999 0 0 0 1.59715 100 26 5.14937 100 25 0 0 0 -3.08868 100 21 0 0 0 0 0 0 0 0 0 0 0
23700 -242.09 0 0 0 1.79373 100 29 6.60532 100 29 0 0 0 -3.07292 100 26 0 0 0 0 0 0 0 0 0 0 0
23800 -239.671 0 0 0 1.42832 100 32 1.78628 100 18 0 0 0 -2.67046 100 29 0 0 0 0 0 0 0 0 0 0 0
23900 -244.614 0 0 0 2.0551 100 30 4.77334 100 28 0 0 0 -3.63733 100 19 0 0 0 0 0 0 0 0 0 0 0
24000 -240.036 0 0 0 0.545748 100 36 1.06024 100 27 0 0 0 -2.29475 100 24 0 0 0 0 0 0 0 0 0 0 0
24100 -239.782 0 0 0 1.43413 100 31 4.60771 100 22 0 0 0 -2.85356 100 22 0 0 0 0 0 0 0 0 0 0 0
24200 -239.724 0 0 0 0.638025 100 31 0.878934 100 27 0 0 0 -2.32959 100 17 0 0 0 0 0 0 0 0 0 0 0
24300 -246.539 0 0 0 -0.0796343 100 33 -1.70048 100 18 0 0 0 -2.409 100 21 0 0 0 0 0 0 0 0 0 0 0
24400 -239.539 0 0 0 0.893053 100 30 2.31806 100 26 0 0 0 -2.4521 100 20 0 0 0 0 0 0 0 0 0 0 0
24500 -240.293 0 0 0 0.542943 100 32 0.661286 100 26 0 0 0 -2.46626 100 25 0 0 0 0 0 0 0 0 0 0 0
24600 -241.064 0 0 0 0.572568 100 24 -0.890604 100 15 0 0 0 -2.11496 100 17 0 0 0 0 0 0 0 0 0 0 0
24700 -242.496 0 0 0 2.06592 100 32 5.04388 100 21 0 0 0 -2.96913 100 18 0 0 0 0 0 0 0 0 0 0 0
24800 -240.126 0 0 0 1.01827 100 34 0.813143 100 27 0 0 0 -2.70351 100 21 0 0 0 0 0 0 0 0 0 0 0
24900 -242.283 0 0 0 0.502101 100 35 -1.57328 100 23 0 0 0 -1.99434 100 21 0 0 0 0 0 0 0 0 0 0 0
25000 -239.992 0 0 0 0.665916 100 22 2.51106 100 24 0 0 0 -2.47553 100 26 0 0 0 0 0 0 0 0 0 0 0
25100 -239.412 0 0 0 1.51424 100 29 4.20597 100 29 0 0 0 -2.90132 100 20 0 0 0 0 0 0 0 0 0 0 0
25200 -241.538 0 0 0 2.18027 100 23 5.54688 100 27 0 0 0 -3.19952 100 21 0 0 0 0 0 0 0 0 0 0 0
25300 -239.929 0 0 0 1.20433 100 29 3.5785 100 29 0 0 0 -2.6015 100 21 0 0 0 0 0 0 0 0 0 0 0
25400 -240.414 0 0 0 0.906168 100 26 -0.512353 100 25 0 0 0 -2.49776 100 17 0 0 0 0 0 0 0 0 0 0 0
25500 -240.228 0 0 0 1.39459 100 31 3.44979 100 19 0 0 0 -3.05705 100 29 0 0 0 0 0 0 0 0 0 0 0
25600 -239.363 0 0 0 0.92863 100 30 2.35331 100 20 0 0 0 -2.68057 100 21 0 0 0 0 0 0 0 0 0 0 0
25700 -239.583 0 0 0 1.10668 100 32 1.1565 100 24 0 0 0 -2.45619 100 15 0 0 0 0 0 0 0 0 0 0 0
25800 -240.405 0 0 0 0.593164 100 25 -0.0382679 100 22 0 0 0 -2.44595 100 26 0 0 0 0 0 0 0 0 0 0 0
25900 -239.528 0 0 0 1.33283 100 34 1.81283 100 33 0 0 0 -2.60419 100 19 0 0 0 0 0 0 0 0 0 0 0
26000 -239.357 0 0 0 1.56902 100 22 3.46973 100 21 0 0 0 -2.93885 100 30 0 0 0 0 0 0 0 0 0 0 0
26100 -241.379 0 0 0 0.55178 100 35 0.127534 100 26 0 0 0 -2.08037 100 21 0 0 0 0 0 0 0 0 0 0 0
26200 -241.424 0 0 0 0.487439 100 34 2.46121 100 23 0 0 0 -2.63048 100 30 0 0 0 0 0 0 0 0 0 0 0
26300 -239.49 0 0 0 1.22968 100 26 1.64411 100 21 0 0 0 -2.53807 100 19 0 0 0 0 0 0 0 0 0 0 0
26400 -239.608 0 0 0 1.12852 100 30 2.35874 100 31 0 0 0 -2.49431 100 28 0 0 0 0 0 0 0 0 0 0 0
26500 -241.016 0 0 0 0.309051 100 30 -0.352437 100 17 0 0 0 -2.27074 100 18 0 0 0 0 0 0 0 0 0 0 0
26600 -239.741 0 0 0 1.50964 100 22 2.60952 100 20 0 0 0 -2.95197 100 17 0 0 0 0 0 0 0 0 0 0 0
26700 -241.821 0 0 0 0.582824 100 24 -2.18479 100 26 0 0 0 -2.16262 100 21 0 0 0 0 0 0 0 0 0 0 0
26800 -239.956 0 0 0 0.715255 100 24 -0.0665693 100 25 0 0 0 -2.42088 100 25 0 0 0 0 0 0 0 0 0 0 0
26900 -239.39 0 0 0 0.815791 100 24 1.00795 100 30 0 0 0 -2.39786 100 23 0 0 0 0 0 0 0 0 0 0 0
27000 -239.849 0 0 0 1.48659 100 34 2.07812 100 25 0 0 0 -2.67454 100 21 0 0 0 0 0 0 0 0 0 0 0
27100 -239.672 0 0 0 0.917593 100 32 3.37556 100 28 0 0 0 -2.66022 100 18 0 0 0 0 0 0 0 0 0 0 0
27200 -240.196 0 0 0 0.535134 100 40 0.855454 100 20 0 0 0 -2.45598 100 28 0 0 0 0 0 0 0 0 0 0 0
27300 -239.182 0 0 0 1.44247 100 33 3.58041 100 19 0 0 0 -2.83118 100 29 0 0 0 0 0 0 0 0 0 0 0
27400 -244.244 0 0 0 2.51394 100 31 5.0835 100 25 0 0 0 -3.24788 100 19 0 0 0 0 0 0 0 0 0 0 0
27500 -239.112 0 0 0 1.201 100 33 2.30212 100 19 0 0 0 -2.60245 100 19 0 0 0 0 0 0 0 0 0 0 0
27600 -239.591 0 0 0 1.37936 100 33 3.01322 100 26 0 0 0 -2.94932 100 24 0 0 0 0 0 0 0 0 0 0 0
27700 -240.26 0 0 0 0.833019 100 21 3.36326 100 29 0 0 0 -2.52015 100 27 0 0 0 0 0 0 0 0 0 0 0
27800 -240.507 0 0 0 0.443427 100 31 0.852905 100 24 0 0 0 -2.42569 100 24 0 0 0 0 0 0 0 0 0 0 0
27900 -240.07 0 0 0 1.21695 100 30 0.322235 100 18 0 0 0 -2.59831 100 17 0 0 0 0 0 0 0 0 0 0 0
28000 -241.284 0 0 0 0.299266 100 33 0.00886909 100 26 0 0 0 -2.3584 100 20 0 0 0 0 0 0 0 0 0 0 0
28100 -239.46 0 0 0 1.2515 100 26 3.02718 100 34 0 0 0 -2.61129 100 15 0 0 0 0 0 0 0 0 0 0 0
28200 -239.85 0 0 0 1.71559 100 36 3.29288 100 24 0 0 0 -3.02047 100 22 0 0 0 0 0 0 0 0 0 0 0
28300 -241.812 0 0 0 0.22538 100 30 1.8229 100 30 0 0 0 -2.29217 100 23 0 0 0 0 0 0 0 0 0 0 0
28400 -241.04 0 0 0 1.94345 100 36 3.37911 100 33 0 0 0 -3.19296 100 20 0 0 0 0 0 0 0 0 0 0 0
28500 -240.686 0 0 0 1.99522 100 29 4.54866 100 26 0 0 0 -3.07538 100 22 0 0 0 0 0 0 0 0 0 0 0
28600 -240.299 0 0 0 0.960552 100 32 3.65924 100 27 0 0 0 -2.84897 100 21 0 0 0 0 0 0 0 0 0 0 0
28700 -240.358 0 0 0 0.632624 100 37 0.574236 100 22 0 0 0 -2.204 100 29 0 0 0 0 0 0 0 0 0 0 0
28800 -238.997 0 0 0 1.11563 100 34 1.94327 100 21 0 0 0 -2.64238 100 20 0 0 0 0 0 0 0 0 0 0 0
28900 -240.045 0 0 0 1.36002 100 26 1.59159 100 20 0 0 0 -2.55132 100 19 0 0 0 0 0 0 0 0 0 0 0
29000 -239.328 0 0 0 1.09808 100 31 2.56702 100 25 0 0 0 -2.53983 100 18 0 0 0 0 0 0 0 0 0 0 0
29100 -241.615 0 0 0 1.56516 100 34 2.2233 100 27 0 0 0 -3.12186 100 19 0 0 0 0 0 0 0 0 0 0 0
29200 -239.62 0 0 0 0.721725 100 33 0.404922 100 20 0 0 0 -2.37308 100 19 0 0 0 0 0 0 0 0 0 0 0
29300 -239.648 0 0 0 0.952435 100 25 0.572212 100 23 0 0 0 -2.57271 100 22 0 0 0 0 0 0 0 0 0 0 0
29400 -240.795 0 0 0 1.17972 100 36 2.20657 100 23 0 0 0 -2.40101 100 14 0 0 0 0 0 0 0 0 0 0 0
29500 -239.377 0 0 0 0.893059 100 36 2.787 100 27 0 0 0 -2.61289 100 18 0 0 0 0 0 0 0 0 0 0 0
29600 -239.729 0 0 0 1.21314 100 25 2.79676 100 23 0 0 0 -2.90104 100 20 0 0 0 0 0 0 0 0 0 0 0
29700 -241.774 0 0 0 0.773826 100 35 -2.01802 100 25 0 0 0 -2.33926 100 21 0 0 0 0 0 0 0 0 0 0 0
29800 -239.888 0 0 0 0.777134 100 26 3.00484 100 31 0 0 0 -2.61249 100 22 0 0 0 0 0 0 0 0 0 0 0
29900 -242.605 0 0 0 0.188434 100 32 1.00306 100 25 0 0 0 -2.05753 100 23 0 0 0 0 0 0 0 0 0 0 0
30000 -241.879 0 0 0 0.552218 100 29 -2.11097 100 24 0 0 0 -2.27982 100 23 0 0 0 0 0 0 0 0 0 0 0
30100 -240.713 0 0 0 0.55484 100 24 0.132915 100 23 0 0 0 -2.48633 100 25 0 0 0 0 0 0 0 0 0 0 0
30200 -242.291 0 0 0 1.9256 100 30 7.23264 100 34 0 0 0 -3.26604 100 25 0 0 0 0 0 0 0 0 0 0 0
30300 -240.106 0 0 0 1.69684 100 29 3.83941 100 30 0 0 0 -2.84154 100 23 0 0 0 0 0 0 0 0 0 0 0
30400 -239.78 0 0 0 0.719448 100 30 0.246008 100 20 0 0 0 -2.31213 100 20 0 0 0 0 0 0 0 0 0 0 0
30500 -242.543 0 0 0 0.207844 100 39 2.52302 100 23 0 0 0 -2.41363 100 21 0 0 0 0 0 0 0 0 0 0 0
30600 -241.658 0 0 0 1.13618 100 24 1.86385 100 19 0 0 0 -2.97763 100 16 0 0 0 0 0 0 0 0 0 0 0
30700 -240.217 0 0 0 1.39983 100 32 0.857051 100 28 0 0 0 -2.73033 100 21 0 0 0 0 0 0 0 0 0 0 0
30800 -240.561 0 0 0 0.410403 100 43 1.33473 100 23 0 0 0 -2.29358 100 20 0 0 0 0 0 0 0 0 0 0 0
30900 -239.797 0 0 0 0.958217 100 39 1.4634 100 16 0 0 0 -2.7092 100 22 0 0 0 0 0 0 0 0 0 0 0
31000 -239.791 0 0 0 1.76796 100 35 4.31393 100 22 0 0 0 -3.02741 100 21 0 0 0 0 0 0 0 0 0 0 0
31100 -240.518 0 0 0 0.938816 100 26 0.954436 100 22 0 0 0 -2.73368 100 20 0 0 0 0 0 0 0 0 0 0 0
31200 -240.073 0 0 0 1.27007 100 24 0.742734 100 27 0 0 0 -2.52099 100 24 0 0 0 0 0 0 0 0 0 0 0
31300 -240.264 0 0 0 1.57214 100 33 1.52537 100 25 0 0 0 -2.8038 100 19 0 0 0 0 0 0 0 0 0 0 0
31400 -239.811 0 0 0 0.7612 100 22 1.52091 100 24 0 0 0 -2.33283 100 19 0 0 0 0 0 0 0 0 0 0 0
31500 -240.191 0 0 0 0.572271 100 29 1.59533 100 26 0 0 0 -2.52422 100 18 0 0 0 0 0 0 0 0 0 0 0
31600 -240.14 0 0 0 0.635365 100 25 2.38442 100 28 0 0 0 -2.56809 100 22 0 0 0 0 0 0 0 0 0 0 0
31700 -241.535 0 0 0 1.69544 100 26 5.80465 100 28 0 0 0 -2.93286 100 22 0 0 0 0 0 0 0 0 0 0 0
31800 -242.762 0 0 0 1.42629 100 33 4.65537 100 25 0 0 0 -2.59771 100 23 0 0 0 0 0 0 0 0 0 0 0
31900 -241.478 0 0 0 2.13069 100 29 4.90393 100 32 0 0 0 -3.39071 100 19 0 0 0 0 0 0 0 0 0 0 0
32000 -240.591 0 0 0 1.73835 100 41 2.05742 100 26 0 0 0 -2.90337 100 19 0 0 0 0 0 0 0 0 0 0 0
32100 -239.815 0 0 0 1.16917 100 35 1.20465 100 30 0 0 0 -2.75007 100 32 0 0 0 0 0 0 0 0 0 0 0
32200 -240.127 0 0 0 0.8823 100 34 3.57035 100 31 0 0 0 -2.75137 100 22 0 0 0 0 0 0 0 0 0 0 0
32300 -239.544 0 0 0 0.708153 100 22 1.83115 100 22 0 0 0 -2.50054 100 21 0 0 0 0 0 0 0 0 0 0 0
32400 -239.943 0 0 0 1.09025 100 35 4.25758 100 31 0 0 0 -2.76833 100 17 0 0 0 0 0 0 0 0 0 0 0
32500 -239.4 0 0 0 1.27871 100 36 2.86566 100 34 0 0 0 -2.61775 100 29 0 0 0 0 0 0 0 0 0 0 0
32600 -240.68 0 0 0 1.67484 100 24 2.21551 100 27 0 0 0 -2.73436 100 20 0 0 0 0 0 0 0 0 0 0 0
32700 -240.213 0 0 0 1.68131 100 32 5.32999 100 17 0 0 0 -3.01582 100 28 0 0 0 0 0 0 0 0 0 0 0
32800 -239.64 0 0 0 1.44688 100 29 2.46949 100 18 0 0 0 -2.6676 100 25 0 0 0 0 0 0 0 0 0 0 0
32900 -242.373 0 0 0 1.26229 100 33 4.1386 100 19 0 0 0 -2.50703 100 23 0 0 0 0 0 0 0 0 0 0 0
33000 -242.51 0 0 0 0.19465 100 29 -2.2279 100 19 0 0 0 -2.11881 100 19 0 0 0 0 0 0 0 0 0 0 0
33100 -239.409 0 0 0 0.845551 100 28 1.60338 100 27 0 0 0 -2.59789 100 16 0 0 0 0 0 0 0 0 0 0 0
33200 -239.834 0 0 0 0.93176 100 26 0.406666 100 20 0 0 0 -2.57613 100 28 0 0 0 0 0 0 0 0 0 0 0
33300 -241.151 0 0 0 0.626174 100 30 -1.33238 100 31 0 0 0 -2.36695 100 20 0 0 0 0 0 0 0 0 0 0 0
33400 -241.277 0 0 0 0.428251 100 35 0.880293 100 24 0 0 0 -2.12602 100 24 0 0 0 0 0 0 0 0 0 0 0
33500 -239.502 0 0 0 1.5008 100 27 3.03083 100 25 0 0 0 -2.95369 100 20 0 0 0 0 0 0 0 0 0 0 0
33600 -239.64 0 0 0 1.03548 100 34 1.34305 100 16 0 0 0 -2.70582 100 32 0 0 0 0 0 0 0 0 0 0 0
33700 -242.215 0 0 0 1.86024 100 23 4.86935 100 19 0 0 0 -3.43788 100 13 0 0 0 0 0 0 0 0 0 0 0
33800 -242.111 0 0 0 0.627096 100 38 3.71167 100 26 0 0 0 -2.42545 100 29 0 0 0 0 0 0 0 0 0 0 0
33900 -240.223 0 0 0 0.900988 100 33 -0.291177 100 23 0 0 0 -2.32049 100 23 0 0 0 0 0 0 0 0 0 0 0
34000 -241.652 0 0 0 1.27607 100 37 5.7247 100 27 0 0 0 -2.85538 100 27 0 0 0 0 0 0 0 0 0 0 0
34100 -239.261 0 0 0 1.17519 100 25 2.96042 100 31 0 0 0 -2.61222 100 20 0 0 0 0 0 0 0 0 0 0 0
34200 -241.7 0 0 0 0.209229 100 31 -1.27787 100 23 0 0 0 -2.13891 100 17 0 0 0 0 0 0 0 0 0 0 0
34300 -239.525 0 0 0 0.908165 100 31 2.94532 100 28 0 0 0 -2.68865 100 28 0 0 0 0 0 0 0 0 0 0 0
34400 -240.623 0 0 0 0.712883 100 38 0.137916 100 18 0 0 0 -2.17974 100 23 0 0 0 0 0 0 0 0 0 0 0
34500 -240.001 0 0 0 1.34148 100 33 0.807379 100 26 0 0 0 -2.6551 100 17 0 0 0 0 0 0 0 0 0 0 0
34600 -239.076 0 0 0 0.952035 100 32 1.7066 100 24 0 0 0 -2.52812 100 24 0 0 0 0 0 0 0 0 0 0 0
34700 -239.486 0 0 0 1.11072 100 30 1.55464 100 25 0 0 0 -2.47072 100 25 0 0 0 0 0 0 0 0 0 0 0
34800 -239.706 0 0 0 1.01223 100 29 1.97572 100 24 0 0 0 -2.42053 100 20 0 0 0 0 0 0 0 0 0 0 0
34900 -239.591 0 0 0 0.913258 100 22 0.689869 100 23 0 0 0 -2.5672 100 23 0 0 0 0 0 0 0 0 0 0 0
35000 -239.573 0 0 0 1.04734 100 31 1.94406 100 34 0 0 0 -2.4457 100 32 0 0 0 0 0 0 0 0 0 0 0
35100 -239.089 0 0 0 1.3996 100 27 3.30932 100 22 0 0 0 -2.82415 100 27 0 0 0 0 0 0 0 0 0 0 0
35200 -239.688 0 0 0 1.35875 100 35 1.34664 100 25 0 0 0 -2.73857 100 26 0 0 0 0 0 0 0 0 0 0 0
35300 -240.02 0 0 0 0.549223 100 25 0.269536 100 20 0 0 0 -2.27851 100 20 0 0 0 0 0 0 0 0 0 0 0
35400 -239.215 0 0 0 0.908821 100 32 1.1906 100 23 0 0 0 -2.53184 100 16 0 0 0 0 0 0 0 0 0 0 0
35500 -239.769 0 0 0 0.842764 100 32 -0.00578133 100 26 0 0 0 -2.41017 100 19 0 0 0 0 0 0 0 0 0 0 0
35600 -243.045 0 0 0 1.58038 100 24 1.15595 100 19 0 0 0 -3.11415 100 23 0 0 0 0 0 0 0 0 0 0 0
35700 -239.415 0 0 0 1.56613 100 34 2.99534 100 27 0 0 0 -2.9008 100 24 0 0 0 0 0 0 0 0 0 0 0
35800 -239.358 0 0 0 1.13081 100 34 2.16355 100 23 0 0 0 -2.77467 100 22 0 0 0 0 0 0 0 0 0 0 0
35900 -239.387 0 0 0 1.31141 100 29 3.74408 100 23 0 0 0 -2.7333 100 22 0 0 0 0 0 0 0 0 0 0 0
36000 -240.509 0 0 0 1.41109 100 24 1.52239 100 30 0 0 0 -2.53846 100 28 0 0 0 0 0 0 0 0 0 0 0
36100 -239.235 0 0 0 1.39044 100 37 2.51115 100 26 0 0 0 -2.70666 100 25 0 0 0 0 0 0 0 0 0 0 0
36200 -242.074 0 0 0 1.05484 100 23 4.93193 100 19 0 0 0 -2.62547 100 25 0 0 0 0 0 0 0 0 0 0 0
36300 -239.379 0 0 0 0.849619 100 36 1.52702 100 21 0 0 0 -2.58795 100 31 0 0 0 0 0 0 0 0 0 0 0
36400 -239.618 0 0 0 1.61636 100 28 4.54579 100 25 0 0 0 -2.96849 100 25 0 0 0 0 0 0 0 0 0 0 0
36500 -240.571 0 0 0 0.615203 100 22 -0.00406777 100 19 0 0 0 -2.16557 100 22 0 0 0 0 0 0 0 0 0 0 0
36600 -239.401 0 0 0 0.950589 100 38 1.96404 100 32 0 0 0 -2.44684 100 27 0 0 0 0 0 0 0 0 0 0 0
36700 -240.331 0 0 0 0.688993 100 43 -0.735117 100 23 0 0 0 -2.29305 100 28 0 0 0 0 0 0 0 0 0 0 0
36800 -239.679 0 0 0 1.59882 100 34 4.4265 100 27 0 0 0 -3.06426 100 20 0 0 0 0 0 0 0 0 0 0 0
36900 -239.247 0 0 0 1.33355 100 30 2.7671 100 24 0 0 0 -2.66625 100 20 0 0 0 0 0 0 0 0 0 0 0
37000 -243.933 0 0 0 0.292268 100 26 2.32694 100 24 0 0 0 -2.71214 100 21 0 0 0 0 0 0 0 0 0 0 0
37100 -241.155 0 0 0 0.283791 100 25 -0.36491 100 25 0 0 0 -2.11827 100 29 0 0 0 0 0 0 0 0 0 0 0
37200 -239.056 0 0 0 1.179 100 33 1.80794 100 18 0 0 0 -2.63917 100 19 0 0 0 0 0 0 0 0 0 0 0
37300 -241.623 0 0 0 2.26921 100 40 5.23017 100 28 0 0 0 -3.33121 100 24 0 0 0 0 0 0 0 0 0 0 0
37400 -240.053 0 0 0 1.29174 100 32 1.03937 100 22 0 0 0 -2.51821 100 14 0 0 0 0 0 0 0 0 0 0 0
37500 -240.3 0 0 0 0.656727 100 36 0.340627 100 23 0 0 0 -2.51435 100 26 0 0 0 0 0 0 0 0 0 0 0
37600 -239.633 0 0 0 1.6122 100 27 2.73476 100 23 0 0 0 -2.85642 100 18 0 0 0 0 0 0 0 0 0 0 0
37700 -240.923 0 0 0 0.561548 100 36 -0.97699 100 31 0 0 0 -2.14023 100 24 0 0 0 0 0 0 0 0 0 0 0
37800 -239.614 0 0 0 1.0287 100 33 2.53239 100 26 0 0 0 -2.47962 100 20 0 0 0 0 0 0 0 0 0 0 0
37900 -240.535 0 0 0 0.575187 100 27 0.403295 100 23 0 0 0 -2.1736 100 17 0 0 0 0 0 0 0 0 0 0 0
38000 -239.185 0 0 0 1.29667 100 24 1.99804 100 21 0 0 0 -2.65591 100 23 0 0 0 0 0 0 0 0 0 0 0
38100 -239.013 0 0 0 1.12438 100 32 2.68337 100 24 0 0 0 -2.71481 100 27 0 0 0 0 0 0 0 0 0 0 0
38200 -239.496 0 0 0 0.971306 100 30 0.498659 100 23 0 0 0 -2.4871 100 19 0 0 0 0 0 0 0 0 0 0 0
38300 -239.569 0 0 0 1.25514 100 29 1.2447 100 25 0 0 0 -2.71379 100 22 0 0 0 0 0 0 0 0 0 0 0
38400 -243.1 0 0 0 1.02998 100 30 5.85964 100 25 0 0 0 -3.07838 100 29 0 0 0 0 0 0 0 0 0 0 0
38500 -239.753 0 0 0 1.69747 100 32 3.28839 100 26 0 0 0 -2.99751 100 29 0 0 0 0 0 0 0 0 0 0 0
38600 -239.627 0 0 0 0.71178 100 31 2.17508 100 31 0 0 0 -2.4904 100 20 0 0 0 0 0 0 0 0 0 0 0
38700 -239.206 0 0 0 1.37439 100 35 3.57112 100 24 0 0 0 -2.89294 100 23 0 0 0 0 0 0 0 0 0 0 0
38800 -240.292 0 0 0 1.79889 100 32 4.18212 100 34 0 0 0 -3.1878 100 16 0 0 0 0 0 0 0 0 0 0 0
38900 -240.203 0 0 0 1.21911 100 30 4.74629 100 25 0 0 0 -2.80735 100 24 0 0 0 0 0 0 0 0 0 0 0
39000 -239.646 0 0 0 1.41094 100 32 1.67425 100 22 0 0 0 -2.78841 100 22 0 0 0 0 0 0 0 0 0 0 0
39100 -239.173 0 0 0 0.940519 100 28 1.20022 100 26 0 0 0 -2.51906 100 22 0 0 0 0 0 0 0 0 0 0 0
39200 -239.322 0 0 0 1.28577 100 31 1.94178 100 23 0 0 0 -2.77816 100 21 0 0 0 0 0 0 0 0 0 0 0
39300 -239.374 0 0 0 1.42745 100 38 3.40361 100 23 0 0 0 -2.74167 100 25 0 0 0 0 0 0 0 0 0 0 0
39400 -240.353 0 0 0 0.43713 100 34 0.39486 100 35 0 0 0 -2.34064 100 24 0 0 0 0 0 0 0 0 0 0 0
39500 -239.336 0 0 0 0.944517 100 37 1.82354 100 17 0 0 0 -2.44803 100 23 0 0 0 0 0 0 0 0 0 0 0
39600 -239.426 0 0 0 1.32911 100 28 2.71145 100 22 0 0 0 -2.62916 100 29 0 0 0 0 0 0 0 0 0 0 0
39700 -239.611 0 0 0 0.855828 100 36 0.267561 100 26 0 0 0 -2.44843 100 17 0 0 0 0 0 0 0 0 0 0 0
39800 -241.397 0 0 0 1.0093 100 35 2.63642 100 22 0 0 0 -2.95893 100 15 0 0 0 0 0 0 0 0 0 0 0
39900 -241.56 0 0 0 0.720036 100 34 0.0467824 100 23 0 0 0 -2.10229 100 23 0 0 0 0 0 0 0 0 0 0 0
40000 -242.237 0 0 0 0.0410807 100 32 -0.0297484 100 21 0 0 0 -2.09711 100 22 0 0 0 0 0 0 0 0 0 0 0
40100 -240.401 0 0 0 1.92759 100 21 3.85433 100 24 0 0 0 -3.11405 100 25 0 0 0 0 0 0 0 0 0 0 0
40200 -239.773 0 0 0 1.06541 100 34 3.57758 100 27 0 0 0 -2.84602 100 31 0 0 0 0 0 0 0 0 0 0 0
40300 -240.243 0 0 0 1.26016 100 31 4.925 100 26 0 0 0 -2.95156 100 29 0 0 0 0 0 0 0 0 0 0 0
40400 -240.453 0 0 0 0.779946 100 26 0.21164 100 20 0 0 0 -2.21618 100 14 0 0 0 0 0 0 0 0 0 0 0
40500 -242.883 0 0 0 2.37459 100 28 5.13743 100 22 0 0 0 -3.22242 100 20 0 0 0 0 0 0 0 0 0 0 0
40600 -239.363 0 0 0 1.20223 100 26 1.3461 100 26 0 0 0 -2.68193 100 20 0 0 0 0 0 0 0 0 0 0 0
40700 -239.359 0 0 0 1.13869 100 32 3.64448 100 21 0 0 0 -2.71656 100 24 0 0 0 0 0 0 0 0 0 0 0
40800 -239.314 0 0 0 1.5208 100 36 3.85333 100 24 0 0 0 -2.87681 100 26 0 0 0 0 0 0 0 0 0 0 0
40900 -239.819 0 0 0 1.09005 100 29 2.67434 100 21 0 0 0 -2.48391 100 19 0 0 0 0 0 0 0 0 0 0 0
41000 -239.076 0 0 0 1.22702 100 36 1.93222 100 26 0 0 0 -2.68619 100 10 0 0 0 0 0 0 0 0 0 0 0
41100 -244.698 0 0 0 2.16705 100 27 7.3733 100 22 0 0 0 -3.78985 100 25 0 0 0 0 0 0 0 0 0 0 0
41200 -240.122 0 0 0 1.60199 100 28 1.85827 100 32 0 0 0 -2.81025 100 34 0 0 0 0 0 0 0 0 0 0 0
41300 -239.949 0 0 0 0.798799 100 31 3.17993 100 27 0 0 0 -2.63865 100 16 0 0 0 0 0 0 0 0 0 0 0
41400 -239.422 0 0 0 0.89938 100 42 1.38964 100 24 0 0 0 -2.61537 100 22 0 0 0 0 0 0 0 0 0 0 0
41500 -239.348 0 0 0 1.03078 100 22 3.33348 100 26 0 0 0 -2.68695 100 19 0 0 0 0 0 0 0 0 0 0 0
41600 -240.453 0 0 0 1.3859 100 29 0.505218 100 29 0 0 0 -2.65321 100 29 0 0 0 0 0 0 0 0 0 0 0
41700 -239.601 0 0 0 1.09606 100 28 2.69963 100 21 0 0 0 -2.82946 100 21 0 0 0 0 0 0 0 0 0 0 0
41800 -240.648 0 0 0 1.05203 100 32 3.18104 100 24 0 0 0 -2.94136 100 26 0 0 0 0 0 0 0 0 0 0 0
41900 -240.754 0 0 0 1.99119 100 33 3.94606 100 20 0 0 0 -3.19375 100 18 0 0 0 0 0 0 0 0 0 0 0
42000 -240.297 0 0 0 0.681534 100 31 2.81973 100 26 0 0 0 -2.63132 100 21 0 0 0 0 0 0 0 0 0 0 0
42100 -240.177 0 0 0 0.68832 100 35 -0.159808 100 22 0 0 0 -2.44275 100 24 0 0 0 0 0 0 0 0 0 0 0
42200 -241.736 0 0 0 0.99027 100 27 3.79587 100 20 0 0 0 -3.01588 100 22 0 0 0 0 0 0 0 0 0 0 0
42300 -239.702 0 0 0 0.822907 100 33 2.66556 100 19 0 0 0 -2.48304 100 23 0 0 0 0 0 0 0 0 0 0 0
42400 -240.106 0 0 0 1.74205 100 33 2.85129 100 26 0 0 0 -2.89444 100 21 0 0 0 0 0 0 0 0 0 0 0
42500 -240.179 0 0 0 1.71255 100 35 3.87626 100 29 0 0 0 -3.14677 100 25 0 0 0 0 0 0 0 0 0 0 0
42600 -240.353 0 0 0 0.930893 100 39 2.91518 100 30 0 0 0 -2.42799 100 19 0 0 0 0 0 0 0 0 0 0 0
42700 -245.549 0 0 0 2.60198 100 21 7.13649 100 26 0 0 0 -3.94622 100 26 0 0 0 0 0 0 0 0 0 0 0
42800 -239.825 0 0 0 1.40872 100 42 1.74214 100 30 0 0 0 -2.84764 100 28 0 0 0 0 0 0 0 0 0 0 0
42900 -241.404 0 0 0 0.671866 100 33 3.97876 100 25 0 0 0 -2.6653 100 21 0 0 0 0 0 0 0 0 0 0 0
43000 -240.26 0 0 0 1.67269 100 26 2.5053 100 23 0 0 0 -2.7828 100 19 0 0 0 0 0 0 0 0 0 0 0
43100 -239.118 0 0 0 1.24503 100 28 2.73335 100 27 0 0 0 -2.64609 100 22 0 0 0 0 0 0 0 0 0 0 0
43200 -242.268 0 0 0 1.95126 100 42 7.351 100 16 0 0 0 -3.36517 100 16 0 0 0 0 0 0 0 0 0 0 0
43300 -239.31 0 0 0 0.828477 100 33 2.13647 100 24 0 0 0 -2.56174 100 22 0 0 0 0 0 0 0 0 0 0 0
43400 -239.439 0 0 0 1.16902 100 31 1.14006 100 23 0 0 0 -2.66224 100 14 0 0 0 0 0 0 0 0 0 0 0
43500 -240.14 0 0 0 1.02008 100 32 0.187205 100 22 0 0 0 -2.61343 100 27 0 0 0 0 0 0 0 0 0 0 0
43600 -239.651 0 0 0 1.20746 100 29 1.65949 100 27 0 0 0 -2.79157 100 25 0 0 0 0 0 0 0 0 0 0 0
43700 -240.516 0 0 0 0.72748 100 37 2.50505 100 23 0 0 0 -2.71646 100 24 0 0 0 0 0 0 0 0 0 0 0
43800 -239.704 0 0 0 0.870009 100 35 0.394051 100 19 0 0 0 -2.35198 100 28 0 0 0 0 0 0 0 0 0 0 0
43900 -241.921 0 0 0 1.72987 100 26 0.786392 100 29 0 0 0 -2.81948 100 22 0 0 0 0 0 0 0 0 0 0 0
44000 -239.301 0 0 0 0.860055 100 28 1.5639 100 24 0 0 0 -2.43407 100 19 0 0 0 0 0 0 0 0 0 0 0
44100 -239.874 0 0 0 0.827158 100 30 3.2423 100 16 0 0 0 -2.63221 100 25 0 0 0 0 0 0 0 0 0 0 0
44200 -241.09 0 0 0 1.17229 100 26 2.42738 100 33 0 0 0 -2.99067 100 30 0 0 0 0 0 0 0 0 0 0 0
44300 -241.961 0 0 0 1.24749 100 27 1.27703 100 27 0 0 0 -2.98225 100 29 0 0 0 0 0 0 0 0 0 0 0
44400 -239.32 0 0 0 1.46 100 32 2.69748 100 24 0 0 0 -2.87226 100 25 0 0 0 0 0 0 0 0 0 0 0
44500 -239.745 0 0 0 1.43281 100 34 2.27719 100 30 0 0 0 -2.91057 100 18 0 0 0 0 0 0 0 0 0 0 0
44600 -241.261 0 0 0 0.440594 100 28 0.282539 100 23 0 0 0 -2.08909 100 26 0 0 0 0 0 0 0 0 0 0 0
44700 -239.856 0 0 0 0.891262 100 31 2.0227 100 34 0 0 0 -2.72391 100 25 0 0 0 0 0 0 0 0 0 0 0
44800 -239.975 0 0 0 0.869886 100 36 0.909346 100 27 0 0 0 -2.64003 100 22 0 0 0 0 0 0 0 0 0 0 0
44900 -240.132 0 0 0 1.54711 100 28 1.56018 100 16 0 0 0 -2.76819 100 37 0 0 0 0 0 0 0 0 0 0 0
45000 -242.09 0 0 0 0.632383 100 36 -1.06257 100 28 0 0 0 -2.0346 100 19 0 0 0 0 0 0 0 0 0 0 0
45100 -239.771 0 0 0 0.868257 100 30 0.529963 100 23 0 0 0 -2.33161 100 24 0 0 0 0 0 0 0 0 0 0 0
45200 -240.566 0 0 0 0.937616 100 29 -0.826911 100 28 0 0 0 -2.41526 100 19 0 0 0 0 0 0 0 0 0 0 0
45300 -240.492 0 0 0 0.795436 100 29 1.7204 100 31 0 0 0 -2.72566 100 22 0 0 0 0 0 0 0 0 0 0 0
45400 -239.235 0 0 0 0.877568 100 34 1.26006 100 24 0 0 0 -2.45117 100 26 0 0 0 0 0 0 0 0 0 0 0
45500 -239.417 0 0 0 1.1168 100 24 3.60916 100 28 0 0 0 -2.68814 100 26 0 0 0 0 0 0 0 0 0 0 0
45600 -239.703 0 0 0 1.71795 100 26 3.534 100 18 0 0 0 -2.98678 100 28 0 0 0 0 0 0 0 0 0 0 0
45700 -240.677 0 0 0 0.579023 100 31 2.61044 100 24 0 0 0 -2.60304 100 13 0 0 0 0 0 0 0 0 0 0 0
45800 -240.319 0 0 0 1.79686 100 41 2.80179 100 29 0 0 0 -2.96577 100 26 0 0 0 0 0 0 0 0 0 0 0
45900 -240.636 0 0 0 0.990425 100 33 2.08904 100 22 0 0 0 -2.33785 100 22 0 0 0 0 0 0 0 0 0 0 0
46000 -239.682 0 0 0 1.26739 100 34 1.80096 100 24 0 0 0 -2.8246 100 24 0 0 0 0 0 0 0 0 0 0 0
46100 -239.588 0 0 0 1.35907 100 19 4.03595 100 23 0 0 0 -2.97339 100 22 0 0 0 0 0 0 0 0 0 0 0
46200 -240.789 0 0 0 1.47907 100 26 3.74458 100 23 0 0 0 -3.15369 100 18 0 0 0 0 0 0 0 0 0 0 0
46300 -241.284 0 0 0 1.92785 100 29 5.80187 100 19 0 0 0 -3.39552 100 29 0 0 0 0 0 0 0 0 0 0 0
46400 -242.31 0 0 0 1.54651 100 31 2.41754 100 20 0 0 0 -2.50941 100 21 0 0 0 0 0 0 0 0 0 0 0
46500 -239.132 0 0 0 1.01451 100 36 1.62028 100 26 0 0 0 -2.62457 100 22 0 0 0 0 0 0 0 0 0 0 0
46600 -242.133 0 0 0 1.60262 100 39 5.04368 100 24 0 0 0 -3.35836 100 29 0 0 0 0 0 0 0 0 0 0 0
46700 -240.168 0 0 0 1.24423 100 26 1.01268 100 26 0 0 0 -2.7841 100 20 0 0 0 0 0 0 0 0 0 0 0
46800 -239.906 0 0 0 1.36702 100 26 1.79458 100 22 0 0 0 -2.57102 100 19 0 0 0 0 0 0 0 0 0 0 0
46900 -239.131 0 0 0 1.35945 100 33 2.7585 100 28 0 0 0 -2.71428 100 25 0 0 0 0 0 0 0 0 0 0 0
47000 -240.071 0 0 0 1.74933 100 34 3.1656 100 26 0 0 0 -3.04391 100 27 0 0 0 0 0 0 0 0 0 0 0
47100 -240.188 0 0 0 1.07685 100 28 0.919171 100 30 0 0 0 -2.74083 100 21 0 0 0 0 0 0 0 0 0 0 0
47200 -239.776 0 0 0 1.03646 100 33 1.41745 100 28 0 0 0 -2.39672 100 21 0 0 0 0 0 0 0 0 0 0 0
47300 -240.665 0 0 0 1.63988 100 35 5.56996 100 20 0 0 0 -3.22008 100 19 0 0 0 0 0 0 0 0 0 0 0
47400 -239.928 0 0 0 1.27002 100 31 2.37792 100 23 0 0 0 -2.52133 100 24 0 0 0 0 0 0 0 0 0 0 0
47500 -239.365 0 0 0 0.759566 100 30 1.41557 100 19 0 0 0 -2.48404 100 20 0 0 0 0 0 0 0 0 0 0 0
47600 -240.932 0 0 0 1.09234 100 24 -0.0107374 100 23 0 0 0 -2.70255 100 19 0 0 0 0 0 0 0 0 0 0 0
47700 -241.753 0 0 0 1.05713 100 41 5.47225 100 20 0 0 0 -2.86189 100 17 0 0 0 0 0 0 0 0 0 0 0
47800 -239.64 0 0 0 1.24529 100 22 2.09592 100 32 0 0 0 -2.84586 100 15 0 0 0 0 0 0 0 0 0 0 0
47900 -239.783 0 0 0 1.23704 100 35 3.34085 100 24 0 0 0 -2.59779 100 25 0 0 0 0 0 0 0 0 0 0 0
48000 -240.879 0 0 0 1.61923 100 32 4.99434 100 23 0 0 0 -3.25279 100 17 0 0 0 0 0 0 0 0 0 0 0
48100 -239.738 0 0 0 0.695978 100 35 2.23233 100 25 0 0 0 -2.45981 100 20 0 0 0 0 0 0 0 0 0 0 0
48200 -243.631 0 0 0 1.26666 100 36 6.76929 100 24 0 0 0 -2.97345 100 22 0 0 0 0 0 0 0 0 0 0 0
48300 -239.019 0 0 0 1.30443 100 32 2.93728 100 24 0 0 0 -2.79186 100 20 0 0 0 0 0 0 0 0 0 0 0
48400 -244.05 0 0 0 2.54617 100 32 8.38919 100 19 0 0 0 -3.65244 100 21 0 0 0 0 0 0 0 0 0 0 0
48500 -240.323 0 0 0 1.1091 100 32 3.66232 100 28 0 0 0 -2.55413 100 22 0 0 0 0 0 0 0 0 0 0 0
48600 -239.529 0 0 0 1.34218 100 29 4.37252 100 24 0 0 0 -2.87525 100 23 0 0 0 0 0 0 0 0 0 0 0
48700 -239.493 0 0 0 1.38385 100 27 3.44428 100 25 0 0 0 -2.70235 100 24 0 0 0 0 0 0 0 0 0 0 0
48800 -239.289 0 0 0 1.01505 100 36 2.99089 100 28 0 0 0 -2.60035 100 17 0 0 0 0 0 0 0 0 0 0 0
48900 -240.667 0 0 0 1.16635 100 36 2.92994 100 13 0 0 0 -2.98475 100 25 0 0 0 0 0 0 0 0 0 0 0
49000 -240.557 0 0 0 1.87573 100 39 5.77592 100 24 0 0 0 -3.17052 100 21 0 0 0 0 0 0 0 0 0 0 0
49100 -238.957 0 0 0 1.14775 100 24 2.52159 100 27 0 0 0 -2.6587 100 22 0 0 0 0 0 0 0 0 0 0 0
49200 -239.785 0 0 0 1.16356 100 34 1.05317 100 22 0 0 0 -2.72237 100 22 0 0 0 0 0 0 0 0 0 0 0
49300 -242.877 0 0 0 1.81882 100 29 3.09071 100 26 0 0 0 -3.34289 100 31 0 0 0 0 0 0 0 0 0 0 0
49400 -240.131 0 0 0 0.715143 100 36 0.610226 100 22 0 0 0 -2.55275 100 22 0 0 0 0 0 0 0 0 0 0 0
49500 -239.197 0 0 0 1.45946 100 29 3.45784 100 31 0 0 0 -2.89818 100 27 0 0 0 0 0 0 0 0 0 0 0
49600 -240.237 0 0 0 0.452866 100 30 0.757273 100 22 0 0 0 -2.2896 100 20 0 0 0 0 0 0 0 0 0 0 0
49700 -239.401 0 0 0 0.819337 100 38 1.63477 100 20 0 0 0 -2.41498 100 25 0 0 0 0 0 0 0 0 0 0 0
49800 -241.166 0 0 0 1.47916 100 22 2.82894 100 35 0 0 0 -3.12317 100 22 0 0 0 0 0 0 0 0 0 0 0
49900 -242.781 0 0 0 1.84521 100 27 1.40081 100 22 0 0 0 -2.73731 100 24 0 0 0 0 0 0 0 0 0 0 0
50000 -241.056 0 0 0 1.61865 100 29 1.19393 100 21 0 0 0 -2.90604 100 30 0 0 0 0 0 0 0 0 0 0 0
50100 -239.636 0 0 0 1.16406 100 31 3.89368 100 29 0 0 0 -2.8728 100 26 0 0 0 0 0 0 0 0 0 0 0
50200 -239.713 0 0 0 1.36574 100 32 1.33969 100 31 0 0 0 -2.74142 100 16 0 0 0 0 0 0 0 0 0 0 0
50300 -239.886 0 0 0 1.70383 100 24 3.38592 100 24 0 0 0 -2.8683 100 20 0 0 0 0 0 0 0 0 0 0 0
50400 -238.976 0 0 0 1.18221 100 36 2.75162 100 25 0 0 0 -2.72585 100 25 0 0 0 0 0 0 0 0 0 0 0
50500 -241.334 0 0 0 0.246122 100 35 0.190187 100 26 0 0 0 -2.11911 100 20 0 0 0 0 0 0 0 0 0 0 0
50600 -241.682 0 0 0 2.0298 100 30 5.29027 100 22 0 0 0 -3.44444 100 21 0 0 0 0 0 0 0 0 0 0 0
50700 -239.532 0 0 0 0.924783 100 27 0.422979 100 27 0 0 0 -2.43504 100 28 0 0 0 0 0 0 0 0 0 0 0
50800 -240.19 0 0 0 1.11751 100 30 2.62176 100 33 0 0 0 -2.45218 100 17 0 0 0 0 0 0 0 0 0 0 0
50900 -241.185 0 0 0 1.11234 100 31 1.8992 100 15 0 0 0 -2.33149 100 15 0 0 0 0 0 0 0 0 0 0 0
51000 -239.997 0 0 0 0.787263 100 25 0.0286576 100 25 0 0 0 -2.28674 100 22 0 0 0 0 0 0 0 0 0 0 0
51100 -240.894 0 0 0 1.96786 100 36 4.08126 100 27 0 0 0 -2.99293 100 26 0 0 0 0 0 0 0 0 0 0 0
51200 -239.826 0 0 0 0.792904 100 28 0.70808 100 17 0 0 0 -2.55895 100 27 0 0 0 0 0 0 0 0 0 0 0
51300 -240.441 0 0 0 1.6935 100 27 4.36736 100 21 0 0 0 -3.20734 100 22 0 0 0 0 0 0 0 0 0 0 0
51400 -239.545 0 0 0 0.86577 100 37 0.400286 100 24 0 0 0 -2.46699 100 16 0 0 0 0 0 0 0 0 0 0 0
51500 -239.664 0 0 0 0.73683 100 24 2.34779 100 30 0 0 0 -2.47695 100 18 0 0 0 0 0 0 0 0 0 0 0
51600 -240.676 0 0 0 1.09189 100 26 -0.0825199 100 26 0 0 0 -2.35292 100 20 0 0 0 0 0 0 0 0 0 0 0
51700 -239.396 0 0 0 1.42439 100 30 2.50901 100 20 0 0 0 -2.6949 100 21 0 0 0 0 0 0 0 0 0 0 0
51800 -239.226 0 0 0 1.31867 100 19 1.8837 100 18 0 0 0 -2.69612 100 21 0 0 0 0 0 0 0 0 0 0 0
51900 -240.984 0 0 0 0.712816 100 25 -1.34028 100 24 0 0 0 -2.35809 100 26 0 0 0 0 0 0 0 0 0 0 0
52000 -240.608 0 0 0 1.00657 100 40 -0.521267 100 24 0 0 0 -2.54575 100 22 0 0 0 0 0 0 0 0 0 0 0
52100 -239.307 0 0 0 1.27634 100 26 3.42847 100 24 0 0 0 -2.69127 100 21 0 0 0 0 0 0 0 0 0 0 0
52200 -239.248 0 0 0 1.16584 100 33 2.34734 100 17 0 0 0 -2.55946 100 24 0 0 0 0 0 0 0 0 0 0 0
52300 -241.23 0 0 0 1.00095 100 26 -1.28946 100 28 0 0 0 -2.39851 100 24 0 0 0 0 0 0 0 0 0 0 0
52400 -240.37 0 0 0 1.93953 100 38 4.90666 100 24 0 0 0 -3.21318 100 14 0 0 0 0 0 0 0 0 0 0 0
52500 -239.728 0 0 0 1.47954 100 32 2.21144 100 21 0 0 0 -2.89663 100 21 0 0 0 0 0 0 0 0 0 0 0
52600 -242.019 0 0 0 0.280191 100 28 -0.0264545 100 21 0 0 0 -2.43413 100 22 0 0 0 0 0 0 0 0 0 0 0
52700 -240.59 0 0 0 1.44648 100 28 1.6418 100 21 0 0 0 -2.55535 100 24 0 0 0 0 0 0 0 0 0 0 0
52800 -239.429 0 0 0 0.98124 100 23 0.757995 100 29 0 0 0 -2.55657 100 21 0 0 0 0 0 0 0 0 0 0 0
52900 -238.977 0 0 0 1.19588 100 32 2.2704 100 24 0 0 0 -2.69508 100 29 0 0 0 0 0 0 0 0 0 0 0
53000 -241.295 0 0 0 0.817429 100 35 1.62215 100 29 0 0 0 -2.80134 100 26 0 0 0 0 0 0 0 0 0 0 0
53100 -239.047 0 0 0 1.03189 100 29 2.50399 100 19 0 0 0 -2.65959 100 24 0 0 0 0 0 0 0 0 0 0 0
53200 -242.718 0 0 0 2.24077 100 33 6.8786 100 25 0 0 0 -3.62864 100 24 0 0 0 0 0 0 0 0 0 0 0
53300 -241.758 0 0 0 1.54692 100 32 6.04151 100 15 0 0 0 -3.29239 100 23 0 0 0 0 0 0 0 0 0 0 0
53400 -239.799 0 0 0 1.51379 100 27 4.88914 100 21 0 0 0 -3.02053 100 26 0 0 0 0 0 0 0 0 0 0 0
53500 -239.228 0 0 0 1.4631 100 35 3.21641 100 27 0 0 0 -2.79013 100 25 0 0 0 0 0 0 0 0 0 0 0
53600 -240.991 0 0 0 0.730546 100 32 2.13466 100 22 0 0 0 -2.7575 100 20 0 0 0 0 0 0 0 0 0 0 0
53700 -240.189 0 0 0 1.29464 100 28 4.83709 100 20 0 0 0 -2.99411 100 19 0 0 0 0 0 0 0 0 0 0 0
53800 -239.016 0 0 0 1.10632 100 31 1.79037 100 18 0 0 0 -2.61076 100 27 0 0 0 0 0 0 0 0 0 0 0
53900 -240.444 0 0 0 1.70276 100 28 2.1902 100 24 0 0 0 -2.96533 100 25 0 0 0 0 0 0 0 0 0 0 0
54000 -243.823 0 0 0 1.88982 100 31 8.11457 100 27 0 0 0 -3.48347 100 24 0 0 0 0 0 0 0 0 0 0 0
54100 -239.601 0 0 0 0.853068 100 36 1.20899 100 24 0 0 0 -2.60654 100 24 0 0 0 0 0 0 0 0 0 0 0
54200 -241.002 0 0 0 0.830794 100 30 -1.03536 100 18 0 0 0 -2.22831 100 27 0 0 0 0 0 0 0 0 0 0 0
54300 -239.111 0 0 0 1.03469 100 37 1.83955 100 27 0 0 0 -2.65249 100 18 0 0 0 0 0 0 0 0 0 0 0
54400 -242.745 0 0 0 1.10885 100 28 -1.94169 100 23 0 0 0 -2.32994 100 26 0 0 0 0 0 0 0 0 0 0 0
54500 -239.142 0 0 0 1.34951 100 30 2.62914 100 23 0 0 0 -2.82018 100 21 0 0 0 0 0 0 0 0 0 0 0
54600 -240.178 0 0 0 1.24463 100 20 1.30533 100 26 0 0 0 -2.45976 100 22 0 0 0 0 0 0 0 0 0 0 0
54700 -240.438 0 0 0 1.84237 100 31 3.00309 100 20 0 0 0 -3.03453 100 21 0 0 0 0 0 0 0 0 0 0 0
54800 -239.449 0 0 0 1.42733 100 28 1.99478 100 23 0 0 0 -2.78666 100 26 0 0 0 0 0 0 0 0 0 0 0
54900 -242.948 0 0 0 2.39314 100 34 6.39882 100 24 0 0 0 -3.65439 100 24 0 0 0 0 0 0 0 0 0 0 0
55000 -239.484 0 0 0 0.885776 100 31 2.27237 100 19 0 0 0 -2.45656 100 25 0 0 0 0 0 0 0 0 0 0 0
55100 -245.413 0 0 0 0.313352 100 28 1.60569 100 17 0 0 0 -1.94503 100 23 0 0 0 0 0 0 0 0 0 0 0
55200 -240.179 0 0 0 1.70386 100 29 2.41797 100 28 0 0 0 -2.86737 100 13 0 0 0 0 0 0 0 0 0 0 0
55300 -239.574 0 0 0 1.67213 100 30 4.15993 100 18 0 0 0 -2.97083 100 26 0 0 0 0 0 0 0 0 0 0 0
55400 -242.6 0 0 0 0.867691 100 39 -2.40749 100 24 0 0 0 -2.22031 100 23 0 0 0 0 0 0 0 0 0 0 0
55500 -241.121 0 0 0 1.51599 100 27 0.945569 100 28 0 0 0 -2.59065 100 23 0 0 0 0 0 0 0 0 0 0 0
55600 -241.228 0 0 0 0.736948 100 28 -1.57855 100 26 0 0 0 -2.34948 100 18 0 0 0 0 0 0 0 0 0 0 0
55700 -239.342 0 0 0 0.802581 100 29 1.95607 100 20 0 0 0 -2.4761 100 21 0 0 0 0 0 0 0 0 0 0 0
55800 -240.398 0 0 0 1.66256 100 36 4.15613 100 33 0 0 0 -3.18557 100 22 0 0 0 0 0 0 0 0 0 0 0
55900 -239.961 0 0 0 1.12216 100 32 2.63893 100 34 0 0 0 -2.88224 100 24 0 0 0 0 0 0 0 0 0 0 0
56000 -240.008 0 0 0 1.7704 100 28 3.77815 100 16 0 0 0 -3.10286 100 17 0 0 0 0 0 0 0 0 0 0 0
56100 -239.616 0 0 0 0.86794 100 33 3.01834 100 23 0 0 0 -2.57305 100 21 0 0 0 0 0 0 0 0 0 0 0
56200 -239.07 0 0 0 1.25552 100 25 2.82974 100 30 0 0 0 -2.80013 100 24 0 0 0 0 0 0 0 0 0 0 0
56300 -241.345 0 0 0 0.670765 100 30 0.512788 100 18 0 0 0 -2.64996 100 18 0 0 0 0 0 0 0 0 0 0 0
56400 -239.784 0 0 0 1.30464 100 37 4.07866 100 27 0 0 0 -2.71782 100 26 0 0 0 0 0 0 0 0 0 0 0
56500 -239.388 0 0 0 0.946685 100 32 1.68376 100 24 0 0 0 -2.66035 100 22 0 0 0 0 0 0 0 0 0 0 0
56600 -240.92 0 0 0 0.785379 100 33 3.87419 100 22 0 0 0 -2.767 100 20 0 0 0 0 0 0 0 0 0 0 0
56700 -240.256 0 0 0 1.32173 100 33 0.48883 100 28 0 0 0 -2.66322 100 21 0 0 0 0 0 0 0 0 0 0 0
56800 -239.974 0 0 0 1.44123 100 31 3.09657 100 24 0 0 0 -2.64523 100 14 0 0 0 0 0 0 0 0 0 0 0
56900 -239.106 0 0 0 1.35248 100 37 2.57618 100 29 0 0 0 -2.71728 100 18 0 0 0 0 0 0 0 0 0 0 0
57000 -239.057 0 0 0 1.03552 100 33 2.31741 100 34 0 0 0 -2.56886 100 22 0 0 0 0 0 0 0 0 0 0 0
57100 -241.774 0 0 0 0.206915 100 34 -1.22373 100 31 0 0 0 -2.05674 100 22 0 0 0 0 0 0 0 0 0 0 0
57200 -239.381 0 0 0 1.37834 100 35 4.07409 100 21 0 0 0 -2.92534 100 19 0 0 0 0 0 0 0 0 0 0 0
57300 -239.374 0 0 0 1.44422 100 32 4.20746 100 19 0 0 0 -2.92219 100 26 0 0 0 0 0 0 0 0 0 0 0
57400 -239.262 0 0 0 1.32741 100 25 2.54967 100 30 0 0 0 -2.84314 100 25 0 0 0 0 0 0 0 0 0 0 0
57500 -240.301 0 0 0 0.960345 100 28 4.07788 100 28 0 0 0 -2.66034 100 22 0 0 0 0 0 0 0 0 0 0 0
57600 -239.299 0 0 0 1.39362 100 37 3.82943 100 14 0 0 0 -2.79871 100 21 0 0 0 0 0 0 0 0 0 0 0
57700 -240.263 0 0 0 1.62902 100 34 1.82478 100 26 0 0 0 -2.84255 100 23 0 0 0 0 0 0 0 0 0 0 0
57800 -239.434 0 0 0 1.6109 100 30 3.40109 100 26 0 0 0 -2.90184 100 19 0 0 0 0 0 0 0 0 0 0 0
57900 -239.217 0 0 0 0.890607 100 35 1.89964 100 20 0 0 0 -2.48079 100 20 0 0 0 0 0 0 0 0 0 0 0
58000 -243.558 0 0 0 1.41417 100 26 0.834141 100 21 0 0 0 -2.33714 100 23 0 0 0 0 0 0 0 0 0 0 0
58100 -239.842 0 0 0 1.17088 100 30 1.62715 100 17 0 0 0 -2.80528 100 30 0 0 0 0 0 0 0 0 0 0 0
58200 -239.294 0 0 0 1.2018 100 32 1.82367 100 23 0 0 0 -2.55519 100 22 0 0 0 0 0 0 0 0 0 0 0
58300 -239.284 0 0 0 1.15741 100 32 3.6242 100 38 0 0 0 -2.76031 100 28 0 0 0 0 0 0 0 0 0 0 0
58400 -239.345 0 0 0 1.32379 100 29 1.66098 100 27 0 0 0 -2.68527 100 23 0 0 0 0 0 0 0 0 0 0 0
58500 -240.588 0 0 0 1.17509 100 30 -0.294947 100 29 0 0 0 -2.56391 100 24 0 0 0 0 0 0 0 0 0 0 0
58600 -240.46 0 0 0 1.58448 100 27 2.39588 100 22 0 0 0 -2.67231 100 21 0 0 0 0 0 0 0 0 0 0 0
58700 -240.902 0 0 0 1.19474 100 28 0.151694 100 20 0 0 0 -2.73853 100 23 0 0 0 0 0 0 0 0 0 0 0
58800 -239.403 0 0 0 1.52604 100 25 2.64028 100 23 0 0 0 -2.83208 100 20 0 0 0 0 0 0 0 0 0 0 0
58900 -239.285 0 0 0 0.863154 100 23 1.25928 100 31 0 0 0 -2.43083 100 26 0 0 0 0 0 0 0 0 0 0 0
59000 -240.688 0 0 0 1.10826 100 16 -0.0969986 100 26 0 0 0 -2.65813 100 21 0 0 0 0 0 0 0 0 0 0 0
59100 -240.036 0 0 0 1.02188 100 27 0.69563 100 27 0 0 0 -2.35594 100 23 0 0 0 0 0 0 0 0 0 0 0
59200 -242.517 0 0 0 2.21854 100 25 3.71441 100 25 0 0 0 -3.36148 100 32 0 0 0 0 0 0 0 0 0 0 0
59300 -240.217 0 0 0 0.572034 100 37 2.14823 100 29 0 0 0 -2.39674 100 18 0 0 0 0 0 0 0 0 0 0 0
59400 -241.859 0 0 0 0.838253 100 32 -0.122296 100 22 0 0 0 -2.70122 100 22 0 0 0 0 0 0 0 0 0 0 0
59500 -239.831 0 0 0 0.969783 100 34 1.84499 100 25 0 0 0 -2.38661 100 33 0 0 0 0 0 0 0 0 0 0 0
59600 -239.154 0 0 0 1.03599 100 26 2.5188 100 21 0 0 0 -2.55991 100 21 0 0 0 0 0 0 0 0 0 0 0
59700 -241.607 0 0 0 0.57311 100 26 3.50363 100 24 0 0 0 -2.68131 100 24 0 0 0 0 0 0 0 0 0 0 0
59800 -240.89 0 0 0 0.747042 100 30 2.45259 100 25 0 0 0 -2.31121 100 19 0 0 0 0 0 0 0 0 0 0 0
59900 -241.525 0 0 0 0.699883 100 29 3.43191 100 23 0 0 0 -2.40716 100 24 0 0 0 0 0 0 0 0 0 0 0
60000 -240.66 0 0 0 1.57439 100 37 5.51417 100 24 0 0 0 -3.19194 100 25 0 0 0 0 0 0 0 0 0 0 0
60100 -239.3 0 0 0 0.990229 100 41 0.936368 100 25 0 0 0 -2.54879 100 22 0 0 0 0 0 0 0 0 0 0 0
60200 -239.85 0 0 0 1.39199 100 27 3.57381 100 19 0 0 0 -2.67201 100 19 0 0 0 0 0 0 0 0 0 0 0
60300 -239.754 0 0 0 1.00446 100 25 0.373118 100 23 0 0 0 -2.56807 100 32 0 0 0 0 0 0 0 0 0 0 0
60400 -239.274 0 0 0 1.3099 100 36 3.91044 100 22 0 0 0 -2.82079 100 19 0 0 0 0 0 0 0 0 0 0 0
60500 -240.367 0 0 0 1.6003 100 30 2.70726 100 21 0 0 0 -2.69651 100 18 0 0 0 0 0 0 0 0 0 0 0
60600 -239.237 0 0 0 0.860656 100 29 1.93315 100 26 0 0 0 -2.48595 100 25 0 0 0 0 0 0 0 0 0 0 0
60700 -239.691 0 0 0 0.779448 100 25 2.74012 100 28 0 0 0 -2.54865 100 16 0 0 0 0 0 0 0 0 0 0 0
60800 -239.161 0 0 0 0.909572 100 37 1.36256 100 32 0 0 0 -2.48711 100 18 0 0 0 0 0 0 0 0 0 0 0
60900 -240.585 0 0 0 1.15089 100 24 4.91816 100 24 0 0 0 -2.92801 100 25 0 0 0 0 0 0 0 0 0 0 0
61000 -239.781 0 0 0 0.660652 100 32 2.13293 100 29 0 0 0 -2.48029 100 27 0 0 0 0 0 0 0 0 0 0 0
61100 -241.724 0 0 0 1.4786 100 39 6.39482 100 15 0 0 0 -3.0645 100 25 0 0 0 0 0 0 0 0 0 0 0
61200 -240.036 0 0 0 1.15796 100 30 1.13104 100 20 0 0 0 -2.76871 100 24 0 0 0 0 0 0 0 0 0 0 0
61300 -241.168 0 0 0 0.644427 100 30 3.6944 100 26 0 0 0 -2.60305 100 20 0 0 0 0 0 0 0 0 0 0 0
61400 -240.67 0 0 0 1.26516 100 27 5.21451 100 23 0 0 0 -3.00995 100 18 0 0 0 0 0 0 0 0 0 0 0
61500 -242.506 0 0 0 0.494469 100 27 2.33187 100 24 0 0 0 -2.74318 100 26 0 0 0 0 0 0 0 0 0 0 0
61600 -240.501 0 0 0 1.37613 100 30 1.29017 100 23 0 0 0 -2.51785 100 31 0 0 0 0 0 0 0 0 0 0 0
61700 -241.58 0 0 0 0.443688 100 33 -1.90068 100 25 0 0 0 -2.15736 100 15 0 0 0 0 0 0 0 0 0 0 0
61800 -239.26 0 0 0 1.28995 100 29 3.86056 100 23 0 0 0 -2.83216 100 21 0 0 0 0 0 0 0 0 0 0 0
61900 -242.393 0 0 0 0.143147 100 23 1.50306 100 17 0 0 0 -2.40785 100 25 0 0 0 0 0 0 0 0 0 0 0
62000 -239.24 0 0 0 0.875474 100 31 2.3282 100 19 0 0 0 -2.55702 100 21 0 0 0 0 0 0 0 0 0 0 0
62100 -239.118 0 0 0 1.07256 100 28 2.3575 100 21 0 0 0 -2.71314 100 22 0 0 0 0 0 0 0 0 0 0 0
62200 -241.109 0 0 0 2.00487 100 29 5.9204 100 21 0 0 0 -3.15764 100 25 0 0 0 0 0 0 0 0 0 0 0
62300 -241.77 0 0 0 1.8434 100 28 2.13892 100 22 0 0 0 -3.12867 100 24 0 0 0 0 0 0 0 0 0 0 0
62400 -239.22 0 0 0 1.14516 100 32 1.8166 100 26 0 0 0 -2.71737 100 27 0 0 0 0 0 0 0 0 0 0 0
62500 -240.131 0 0 0 0.501268 100 27 1.24715 100 29 0 0 0 -2.40942 100 18 0 0 0 0 0 0 0 0 0 0 0
62600 -240.503 0 0 0 1.37556 100 31 0.453472 100 30 0 0 0 -2.69218 100 19 0 0 0 0 0 0 0 0 0 0 0
62700 -241.308 0 0 0 0.47342 100 36 -1.4514 100 28 0 0 0 -2.28521 100 17 0 0 0 0 0 0 0 0 0 0 0
62800 -242.609 0 0 0 1.83746 100 26 1.31542 100 32 0 0 0 -2.75436 100 28 0 0 0 0 0 0 0 0 0 0 0
62900 -242.67 0 0 0 0.201683 100 30 2.24502 100 26 0 0 0 -2.24237 100 25 0 0 0 0 0 0 0 0 0 0 0
63000 -240.931 0 0 0 1.30928 100 37 2.38973 100 22 0 0 0 -2.45998 100 17 0 0 0 0 0 0 0 0 0 0 0
63100 -239.765 0 0 0 1.55205 100 32 4.728 100 20 0 0 0 -3.05744 100 16 0 0 0 0 0 0 0 0 0 0 0
63200 -242.143 0 0 0 1.43145 100 30 6.33891 100 24 0 0 0 -3.23229 100 20 0 0 0 0 0 0 0 0 0 0 0
63300 -240.321 0 0 0 0.919682 100 24 -0.173785 100 27 0 0 0 -2.30142 100 21 0 0 0 0 0 0 0 0 0 0 0
63400 -239.784 0 0 0 0.649726 100 30 2.02521 100 25 0 0 0 -2.48899 100 23 0 0 0 0 0 0 0 0 0 0 0
63500 -240.403 0 0 0 1.34099 100 27 2.35913 100 26 0 0 0 -2.98133 100 23 0 0 0 0 0 0 0 0 0 0 0
63600 -240.88 0 0 0 0.907273 100 33 4.14117 100 21 0 0 0 -2.85975 100 12 0 0 0 0 0 0 0 0 0 0 0
63700 -241.069 0 0 0 0.932627 100 31 -1.26977 100 27 0 0 0 -2.35056 100 21 0 0 0 0 0 0 0 0 0 0 0
63800 -239.84 0 0 0 0.841176 100 25 0.371674 100 33 0 0 0 -2.53853 100 18 0 0 0 0 0 0 0 0 0 0 0
63900 -241.734 0 0 0 0.781938 100 26 4.27418 100 28 0 0 0 -2.55583 100 21 0 0 0 0 0 0 0 0 0 0 0
64000 -240.271 0 0 0 1.10001 100 32 1.44799 100 21 0 0 0 -2.81431 100 19 0 0 0 0 0 0 0 0 0 0 0
64100 -239.865 0 0 0 1.27058 100 25 2.85386 100 20 0 0 0 -2.55659 100 26 0 0 0 0 0 0 0 0 0 0 0
64200 -240.357 0 0 0 1.01571 100 26 -0.488369 100 20 0 0 0 -2.45687 100 21 0 0 0 0 0 0 0 0 0 0 0
64300 -240.99 0 0 0 0.929496 100 31 0.851137 100 24 0 0 0 -2.76341 100 27 0 0 0 0 0 0 0 0 0 0 0
64400 -239.919 0 0 0 1.21711 100 26 0.925175 100 26 0 0 0 -2.48599 100 18 0 0 0 0 0 0 0 0 0 0 0
64500 -239.472 0 0 0 1.30546 100 25 3.79496 100 31 0 0 0 -2.72274 100 19 0 0 0 0 0 0 0 0 0 0 0
64600 -239.852 0 0 0 1.64985 100 29 3.81239 100 17 0 0 0 -3.087 100 16 0 0 0 0 0 0 0 0 0 0 0
64700 -240.96 0 0 0 1.72142 100 29 1.60984 100 25 0 0 0 -2.82808 100 24 0 0 0 0 0 0 0 0 0 0 0
64800 -239.207 0 0 0 1.10002 100 35 2.00198 100 21 0 0 0 -2.52466 100 26 0 0 0 0 0 0 0 0 0 0 0
64900 -242.699 0 0 0 -0.0139626 100 36 -0.0922154 100 28 0 0 0 -2.22448 100 23 0 0 0 0 0 0 0 0 0 0 0
65000 -239.552 0 0 0 0.984705 100 30 0.668265 100 31 0 0 0 -2.41896 100 18 0 0 0 0 0 0 0 0 0 0 0
65100 -240.954 0 0 0 0.852846 100 29 2.76395 100 26 0 0 0 -2.35043 100 17 0 0 0 0 0 0 0 0 0 0 0
65200 -240.594 0 0 0 1.49767 100 28 4.65642 100 29 0 0 0 -2.76826 100 19 0 0 0 0 0 0 0 0 0 0 0
65300 -239.239 0 0 0 0.853495 100 29 1.81867 100 22 0 0 0 -2.56528 100 18 0 0 0 0 0 0 0 0 0 0 0
65400 -239.279 0 0 0 1.4995 100 22 3.47732 100 25 0 0 0 -2.92956 100 17 0 0 0 0 0 0 0 0 0 0 0
65500 -240.406 0 0 0 0.837754 100 36 3.80947 100 29 0 0 0 -2.7147 100 22 0 0 0 0 0 0 0 0 0 0 0
65600 -242.16 0 0 0 2.01258 100 29 2.97972 100 28 0 0 0 -3.27073 100 19 0 0 0 0 0 0 0 0 0 0 0
65700 -240.637 0 0 0 1.52673 100 30 0.929995 100 27 0 0 0 -2.76889 100 25 0 0 0 0 0 0 0 0 0 0 0
65800 -239.326 0 0 0 1.00034 100 30 2.18559 100 30 0 0 0 -2.71177 100 16 0 0 0 0 0 0 0 0 0 0 0
65900 -240.226 0 0 0 1.04818 100 25 4.37284 100 29 0 0 0 -2.7466 100 15 0 0 0 0 0 0 0 0 0 0 0
66000 -243.101 0 0 0 2.00353 100 27 7.64163 100 28 0 0 0 -3.55624 100 17 0 0 0 0 0 0 0 0 0 0 0
66100 -240.524 0 0 0 0.707361 100 33 3.41066 100 23 0 0 0 -2.59037 100 21 0 0 0 0 0 0 0 0 0 0 0
66200 -241.985 0 0 0 1.61978 100 22 4.63196 100 25 0 0 0 -3.33861 100 12 0 0 0 0 0 0 0 0 0 0 0
66300 -239.659 0 0 0 1.30154 100 27 1.37192 100 14 0 0 0 -2.57526 100 34 0 0 0 0 0 0 0 0 0 0 0
66400 -239.889 0 0 0 1.70904 100 17 4.34135 100 27 0 0 0 -3.12266 100 27 0 0 0 0 0 0 0 0 0 0 0
66500 -239.369 0 0 0 0.924958 100 31 0.763492 100 20 0 0 0 -2.44316 100 28 0 0 0 0 0 0 0 0 0 0 0
66600 -240.726 0 0 0 1.04068 100 34 3.82585 100 28 0 0 0 -2.95273 100 20 0 0 0 0 0 0 0 0 0 0 0
66700 -241.423 0 0 0 1.45476 100 38 2.78329 100 23 0 0 0 -2.52247 100 19 0 0 0 0 0 0 0 0 0 0 0
66800 -239.645 0 0 0 1.4736 100 29 1.87249 100 26 0 0 0 -2.79306 100 25 0 0 0 0 0 0 0 0 0 0 0
66900 -239.542 0 0 0 0.968556 100 27 1.65187 100 20 0 0 0 -2.41114 100 24 0 0 0 0 0 0 0 0 0 0 0
67000 -239.36 0 0 0 1.1946 100 32 1.62581 100 23 0 0 0 -2.53984 100 18 0 0 0 0 0 0 0 0 0 0 0
67100 -239.032 0 0 0 1.31573 100 26 2.86595 100 28 0 0 0 -2.72669 100 25 0 0 0 0 0 0 0 0 0 0 0
67200 -242.597 0 0 0 1.42786 100 22 0.442652 100 20 0 0 0 -2.97122 100 19 0 0 0 0 0 0 0 0 0 0 0
67300 -240.165 0 0 0 0.968478 100 22 -0.248808 100 27 0 0 0 -2.51197 100 26 0 0 0 0 0 0 0 0 0 0 0
67400 -242.023 0 0 0 1.75387 100 23 2.17425 100 28 0 0 0 -3.16964 100 27 0 0 0 0 0 0 0 0 0 0 0
67500 -239.567 0 0 0 0.998574 100 29 3.23055 100 19 0 0 0 -2.58136 100 20 0 0 0 0 0 0 0 0 0 0 0
67600 -243.045 0 0 0 2.47127 100 29 4.86885 100 28 0 0 0 -3.38055 100 24 0 0 0 0 0 0 0 0 0 0 0
67700 -240.346 0 0 0 1.27011 100 22 1.78216 100 27 0 0 0 -2.90341 100 23 0 0 0 0 0 0 0 0 0 0 0
67800 -239.861 0 0 0 0.890987 100 22 -0.101763 100 18 0 0 0 -2.43522 100 25 0 0 0 0 0 0 0 0 0 0 0
67900 -240.436 0 0 0 0.442277 100 32 -0.220008 100 20 0 0 0 -2.23348 100 12 0 0 0 0 0 0 0 0 0 0 0
68000 -239.655 0 0 0 1.20889 100 27 3.29223 100 23 0 0 0 -2.91082 100 21 0 0 0 0 0 0 0 0 0 0 0
68100 -239.354 0 0 0 1.04825 100 29 0.865325 100 24 0 0 0 -2.51004 100 23 0 0 0 0 0 0 0 0 0 0 0
68200 -239.469 0 0 0 1.49896 100 31 4.31906 100 25 0 0 0 -2.97909 100 22 0 0 0 0 0 0 0 0 0 0 0
68300 -239.349 0 0 0 0.952451 100 28 0.943469 100 25 0 0 0 -2.43985 100 20 0 0 0 0 0 0 0 0 0 0 0
68400 -241.446 0 0 0 1.09327 100 27 -1.24901 100 29 0 0 0 -2.45203 100 20 0 0 0 0 0 0 0 0 0 0 0
68500 -239.555 0 0 0 0.6859 100 28 1.5541 100 29 0 0 0 -2.47451 100 14 0 0 0 0 0 0 0 0 0 0 0
68600 -239.223 0 0 0 1.50193 100 28 3.29974 100 27 0 0 0 -2.84731 100 23 0 0 0 0 0 0 0 0 0 0 0
68700 -240.449 0 0 0 1.37069 100 28 3.78483 100 20 0 0 0 -3.08601 100 30 0 0 0 0 0 0 0 0 0 0 0
68800 -239.654 0 0 0 0.863567 100 35 0.18961 100 27 0 0 0 -2.4431 100 20 0 0 0 0 0 0 0 0 0 0 0
68900 -242.756 0 0 0 0.531713 100 27 -0.526527 100 24 0 0 0 -2.59793 100 22 0 0 0 0 0 0 0 0 0 0 0
69000 -239.164 0 0 0 1.15566 100 33 1.45367 100 26 0 0 0 -2.60254 100 18 0 0 0 0 0 0 0 0 0 0 0
69100 -240.246 0 0 0 1.5446 100 44 2.07579 100 23 0 0 0 -2.95868 100 24 0 0 0 0 0 0 0 0 0 0 0
69200 -245.396 0 0 0 2.80366 100 34 5.25954 100 28 0 0 0 -3.61837 100 28 0 0 0 0 0 0 0 0 0 0 0
69300 -239.585 0 0 0 1.33952 100 33 1.40634 100 26 0 0 0 -2.72934 100 25 0 0 0 0 0 0 0 0 0 0 0
69400 -239.144 0 0 0 1.17064 100 39 1.8802 100 29 0 0 0 -2.57216 100 15 0 0 0 0 0 0 0 0 0 0 0
69500 -239.174 0 0 0 1.13893 100 42 2.4137 100 27 0 0 0 -2.56786 100 20 0 0 0 0 0 0 0 0 0 0 0
69600 -240.564 0 0 0 1.82771 100 31 3.03756 100 28 0 0 0 -3.09668 100 26 0 0 0 0 0 0 0 0 0 0 0
69700 -239.832 0 0 0 1.77307 100 29 3.739 100 29 0 0 0 -3.0182 100 24 0 0 0 0 0 0 0 0 0 0 0
69800 -239.277 0 0 0 0.804551 100 28 1.38658 100 26 0 0 0 -2.45809 100 17 0 0 0 0 0 0 0 0 0 0 0
69900 -239.211 0 0 0 1.16109 100 35 3.47614 100 29 0 0 0 -2.77088 100 27 0 0 0 0 0 0 0 0 0 0 0
70000 -240.481 0 0 0 1.91205 100 24 4.84936 100 25 0 0 0 -3.04345 100 25 0 0 0 0 0 0 0 0 0 0 0
70100 -239.503 0 0 0 0.747665 100 29 0.65486 100 29 0 0 0 -2.42531 100 27 0 0 0 0 0 0 0 0 0 0 0
70200 -240.33 0 0 0 1.92377 100 27 5.06087 100 21 0 0 0 -3.1264 100 22 0 0 0 0 0 0 0 0 0 0 0
70300 -242.431 0 0 0 1.49834 100 32 2.71585 100 33 0 0 0 -3.21046 100 20 0 0 0 0 0 0 0 0 0 0 0
70400 -243.203 0 0 0 1.23781 100 35 -1.09781 100 31 0 0 0 -2.28975 100 22 0 0 0 0 0 0 0 0 0 0 0
70500 -239.182 0 0 0 0.984243 100 30 1.90144 100 21 0 0 0 -2.65261 100 23 0 0 0 0 0 0 0 0 0 0 0
70600 -240.159 0 0 0 1.64448 100 28 3.37342 100 30 0 0 0 -3.09855 100 22 0 0 0 0 0 0 0 0 0 0 0
70700 -240.435 0 0 0 0.534764 100 32 2.25426 100 22 0 0 0 -2.50888 100 27 0 0 0 0 0 0 0 0 0 0 0
70800 -240.018 0 0 0 0.667282 100 34 2.59699 100 22 0 0 0 -2.53824 100 23 0 0 0 0 0 0 0 0 0 0 0
70900 -239.976 0 0 0 1.25678 100 34 1.47655 100 22 0 0 0 -2.48902 100 23 0 0 0 0 0 0 0 0 0 0 0
71000 -239.899 0 0 0 0.641955 100 29 2.23566 100 29 0 0 0 -2.48709 100 27 0 0 0 0 0 0 0 0 0 0 0
71100 -240.659 0 0 0 0.991646 100 37 0.356764 100 16 0 0 0 -2.27958 100 22 0 0 0 0 0 0 0 0 0 0 0
71200 -239.882 0 0 0 1.499 100 34 3.27324 100 25 0 0 0 -2.69975 100 25 0 0 0 0 0 0 0 0 0 0 0
71300 -240.398 0 0 0 1.57658 100 26 5.3982 100 27 0 0 0 -2.95872 100 24 0 0 0 0 0 0 0 0 0 0 0
71400 -239.135 0 0 0 0.955612 100 24 1.64163 100 25 0 0 0 -2.5962 100 23 0 0 0 0 0 0 0 0 0 0 0
71500 -239.364 0 0 0 1.35501 100 30 3.70961 100 18 0 0 0 -2.92908 100 17 0 0 0 0 0 0 0 0 0 0 0
71600 -239.713 0 0 0 0.960718 100 29 2.49371 100 26 0 0 0 -2.45161 100 26 0 0 0 0 0 0 0 0 0 0 0
71700 -238.996 0 0 0 1.19189 100 26 2.26602 100 21 0 0 0 -2.70861 100 20 0 0 0 0 0 0 0 0 0 0 0
71800 -240.312 0 0 0 1.43892 100 26 3.29651 100 26 0 0 0 -3.0703 100 14 0 0 0 0 0 0 0 0 0 0 0
71900 -240.193 0 0 0 1.90744 100 29 4.37374 100 33 0 0 0 -3.10809 100 27 0 0 0 0 0 0 0 0 0 0 0
72000 -239.688 0 0 0 1.35917 100 21 4.13132 100 17 0 0 0 -2.99018 100 20 0 0 0 0 0 0 0 0 0 0 0
72100 -240.43 0 0 0 1.96323 100 26 4.42305 100 24 0 0 0 -3.18078 100 22 0 0 0 0 0 0 0 0 0 0 0
72200 -239.154 0 0 0 1.44025 100 34 3.32274 100 29 0 0 0 -2.87417 100 27 0 0 0 0 0 0 0 0 0 0 0
72300 -240.52 0 0 0 1.4283 100 30 4.15317 100 23 0 0 0 -3.12755 100 21 0 0 0 0 0 0 0 0 0 0 0
72400 -244.897 0 0 0 2.567 100 29 3.94232 100 24 0 0 0 -3.31866 100 21 0 0 0 0 0 0 0 0 0 0 0
72500 -239.172 0 0 0 1.20815 100 21 2.69344 100 26 0 0 0 -2.61464 100 28 0 0 0 0 0 0 0 0 0 0 0
72600 -241.068 0 0 0 2.09374 100 22 4.86678 100 26 0 0 0 -3.32349 100 20 0 0 0 0 0 0 0 0 0 0 0
72700 -240.564 0 0 0 1.43857 100 33 1.48874 100 19 0 0 0 -2.55504 100 17 0 0 0 0 0 0 0 0 0 0 0
72800 -239.186 0 0 0 1.18853 100 27 3.47496 100 26 0 0 0 -2.78693 100 24 0 0 0 0 0 0 0 0 0 0 0
72900 -239.364 0 0 0 0.950563 100 33 1.1929 100 23 0 0 0 -2.42563 100 18 0 0 0 0 0 0 0 0 0 0 0
73000 -240.136 0 0 0 0.937004 100 33 2.37344 100 22 0 0 0 -2.79922 100 22 0 0 0 0 0 0 0 0 0 0 0
73100 -239.337 0 0 0 0.773924 100 29 1.30759 100 19 0 0 0 -2.4397 100 16 0 0 0 0 0 0 0 0 0 0 0
73200 -245.901 0 0 0 0.260257 100 30 2.61422 100 33 0 0 0 -2.82929 100 26 0 0 0 0 0 0 0 0 0 0 0
73300 -239.9 0 0 0 1.23957 100 25 1.61972 100 25 0 0 0 -2.8281 100 21 0 0 0 0 0 0 0 0 0 0 0
73400 -240.686 0 0 0 1.64195 100 37 5.70362 100 23 0 0 0 -3.21181 100 18 0 0 0 0 0 0 0 0 0 0 0
73500 -240.047 0 0 0 1.11039 100 37 2.54838 100 29 0 0 0 -2.88134 100 25 0 0 0 0 0 0 0 0 0 0 0
73600 -240.48 0 0 0 0.858516 100 32 -0.515249 100 20 0 0 0 -2.50107 100 20 0 0 0 0 0 0 0 0 0 0 0
73700 -239.681 0 0 0 1.55198 100 37 4.55225 100 23 0 0 0 -3.04832 100 24 0 0 0 0 0 0 0 0 0 0 0
73800 -239.893 0 0 0 0.779136 100 28 2.4019 100 27 0 0 0 -2.4141 100 23 0 0 0 0 0 0 0 0 0 0 0
73900 -239.407 0 0 0 0.944031 100 26 2.49566 100 25 0 0 0 -2.70365 100 23 0 0 0 0 0 0 0 0 0 0 0
74000 -240.305 0 0 0 1.41837 100 34 4.46508 100 18 0 0 0 -2.74377 100 19 0 0 0 0 0 0 0 0 0 0 0
74100 -239.432 0 0 0 1.2324 100 28 3.05766 100 23 0 0 0 -2.87985 100 28 0 0 0 0 0 0 0 0 0 0 0
74200 -242.402 0 0 0 0.740664 100 33 -1.29515 100 21 0 0 0 -2.56855 100 23 0 0 0 0 0 0 0 0 0 0 0
74300 -240.411 0 0 0 0.766188 100 32 -0.536859 100 22 0 0 0 -2.24605 100 24 0 0 0 0 0 0 0 0 0 0 0
74400 -239.767 0 0 0 1.66151 100 25 4.7688 100 23 0 0 0 -2.99743 100 28 0 0 0 0 0 0 0 0 0 0 0
74500 -242.967 0 0 0 0.341995 100 25 -0.535798 100 21 0 0 0 -2.51429 100 16 0 0 0 0 0 0 0 0 0 0 0
74600 -239.416 0 0 0 1.38694 100 26 4.22157 100 25 0 0 0 -2.91916 100 24 0 0 0 0 0 0 0 0 0 0 0
74700 -239.123 0 0 0 1.24237 100 33 3.25806 100 29 0 0 0 -2.70445 100 21 0 0 0 0 0 0 0 0 0 0 0
74800 -240.242 0 0 0 0.995645 100 37 1.95359 100 23 0 0 0 -2.36152 100 14 0 0 0 0 0 0 0 0 0 0 0
74900 -240.024 0 0 0 0.999608 100 29 0.0212246 100 25 0 0 0 -2.55091 100 18 0 0 0 0 0 0 0 0 0 0 0
75000 -240.57 0 0 0 0.936504 100 39 3.47574 100 21 0 0 0 -2.48781 100 22 0 0 0 0 0 0 0 0 0 0 0
75100 -239.376 0 0 0 1.06636 100 37 3.06537 100 34 0 0 0 -2.5873 100 18 0 0 0 0 0 0 0 0 0 0 0
75200 -239.797 0 0 0 1.74718 100 29 3.54489 100 28 0 0 0 -3.00464 100 22 0 0 0 0 0 0 0 0 0 0 0
75300 -239.819 0 0 0 1.76121 100 35 4.02705 100 22 0 0 0 -2.97453 100 27 0 0 0 0 0 0 0 0 0 0 0
75400 -239.942 0 0 0 1.68068 100 32 4.1998 100 27 0 0 0 -3.12621 100 21 0 0 0 0 0 0 0 0 0 0 0
75500 -240.367 0 0 0 0.413085 100 30 0.701291 100 22 0 0 0 -2.29828 100 12 0 0 0 0 0 0 0 0 0 0 0
75600 -239.759 0 0 0 1.04217 100 30 1.15437 100 27 0 0 0 -2.70356 100 34 0 0 0 0 0 0 0 0 0 0 0
75700 -239.827 0 0 0 0.585738 100 35 1.40612 100 21 0 0 0 -2.42571 100 25 0 0 0 0 0 0 0 0 0 0 0
75800 -242.087 0 0 0 0.374559 100 33 2.62707 100 22 0 0 0 -2.29331 100 22 0 0 0 0 0 0 0 0 0 0 0
75900 -241.415 0 0 0 1.06743 100 36 -1.21324 100 24 0 0 0 -2.378 100 25 0 0 0 0 0 0 0 0 0 0 0
76000 -244.713 0 0 0 0.223467 100 34 -3.83584 100 26 0 0 0 -1.86722 100 20 0 0 0 0 0 0 0 0 0 0 0
76100 -241.6 0 0 0 0.159059 100 36 -0.332919 100 21 0 0 0 -2.11534 100 22 0 0 0 0 0 0 0 0 0 0 0
76200 -239.505 0 0 0 1.28039 100 24 3.30567 100 19 0 0 0 -2.64356 100 18 0 0 0 0 0 0 0 0 0 0 0
76300 -239.529 0 0 0 1.62261 100 28 3.57459 100 27 0 0 0 -2.99673 100 18 0 0 0 0 0 0 0 0 0 0 0
76400 -239.329 0 0 0 0.955769 100 39 0.813596 100 22 0 0 0 -2.47238 100 19 0 0 0 0 0 0 0 0 0 0 0
76500 -241.053 0 0 0 2.06253 100 32 4.48054 100 28 0 0 0 -3.08792 100 20 0 0 0 0 0 0 0 0 0 0 0
76600 -240.654 0 0 0 0.884083 100 30 -0.554741 100 24 0 0 0 -2.26243 100 20 0 0 0 0 0 0 0 0 0 0 0
76700 -242.299 0 0 0 2.29769 100 30 4.58568 100 22 0 0 0 -3.42121 100 19 0 0 0 0 0 0 0 0 0 0 0
76800 -240.29 0 0 0 1.23881 100 25 4.10372 100 24 0 0 0 -3.01605 100 18 0 0 0 0 0 0 0 0 0 0 0
76900 -241.557 0 0 0 0.356351 100 26 1.1841 100 28 0 0 0 -2.51581 100 19 0 0 0 0 0 0 0 0 0 0 0
77000 -239.849 0 0 0 0.78309 100 30 0.963377 100 21 0 0 0 -2.58468 100 21 0 0 0 0 0 0 0 0 0 0 0
77100 -239.34 0 0 0 1.52017 100 30 2.78555 100 23 0 0 0 -2.83576 100 23 0 0 0 0 0 0 0 0 0 0 0
77200 -240.629 0 0 0 1.85631 100 32 3.83003 100 24 0 0 0 -3.20541 100 26 0 0 0 0 0 0 0 0 0 0 0
77300 -239.608 0 0 0 1.33461 100 30 1.81453 100 24 0 0 0 -2.59063 100 29 0 0 0 0 0 0 0 0 0 0 0
77400 -239.059 0 0 0 1.06615 100 29 1.5771 100 23 0 0 0 -2.58069 100 18 0 0 0 0 0 0 0 0 0 0 0
77500 -239.522 0 0 0 0.702603 100 33 0.922229 100 21 0 0 0 -2.43575 100 19 0 0 0 0 0 0 0 0 0 0 0
77600 -241.525 0 0 0 2.23391 100 24 5.13039 100 25 0 0 0 -3.26255 100 25 0 0 0 0 0 0 0 0 0 0 0
77700 -239.42 0 0 0 1.58248 100 35 4.13708 100 28 0 0 0 -2.95523 100 12 0 0 0 0 0 0 0 0 0 0 0
77800 -239.051 0 0 0 1.26367 100 24 2.67631 100 30 0 0 0 -2.78584 100 19 0 0 0 0 0 0 0 0 0 0 0
77900 -239.531 0 0 0 1.26229 100 30 2.87975 100 32 0 0 0 -2.59325 100 13 0 0 0 0 0 0 0 0 0 0 0
78000 -240.41 0 0 0 0.724944 100 34 3.04594 100 24 0 0 0 -2.46244 100 18 0 0 0 0 0 0 0 0 0 0 0
78100 -240.924 0 0 0 1.54293 100 29 2.24579 100 21 0 0 0 -3.05965 100 13 0 0 0 0 0 0 0 0 0 0 0
78200 -241.877 0 0 0 1.86834 100 35 5.90332 100 26 0 0 0 -3.44642 100 26 0 0 0 0 0 0 0 0 0 0 0
78300 -240.84 0 0 0 0.591827 100 27 -1.12322 100 22 0 0 0 -2.18008 100 25 0 0 0 0 0 0 0 0 0 0 0
78400 -240.089 0 0 0 0.836941 100 47 0.669472 100 23 0 0 0 -2.27655 100 21 0 0 0 0 0 0 0 0 0 0 0
78500 -242.143 0 0 0 1.03746 100 24 -1.54429 100 21 0 0 0 -2.27625 100 25 0 0 0 0 0 0 0 0 0 0 0
78600 -239.748 0 0 0 1.44971 100 30 4.27498 100 20 0 0 0 -2.79749 100 20 0 0 0 0 0 0 0 0 0 0 0
78700 -239.594 0 0 0 1.58229 100 17 2.92703 100 30 0 0 0 -2.80191 100 27 0 0 0 0 0 0 0 0 0 0 0
78800 -239.439 0 0 0 0.772436 100 38 0.814968 100 25 0 0 0 -2.39562 100 18 0 0 0 0 0 0 0 0 0 0 0
78900 -242.344 0 0 0 1.70323 100 30 1.81156 100 22 0 0 0 -2.61478 100 19 0 0 0 0 0 0 0 0 0 0 0
79000 -239.928 0 0 0 1.09212 100 29 4.07225 100 26 0 0 0 -2.86066 100 21 0 0 0 0 0 0 0 0 0 0 0
79100 -240.138 0 0 0 1.79337 100 31 3.38681 100 25 0 0 0 -2.92457 100 26 0 0 0 0 0 0 0 0 0 0 0
79200 -239.998 0 0 0 0.837109 100 25 1.02841 100 29 0 0 0 -2.63972 100 25 0 0 0 0 0 0 0 0 0 0 0
79300 -239.342 0 0 0 1.56757 100 31 3.55097 100 24 0 0 0 -2.93687 100 19 0 0 0 0 0 0 0 0 0 0 0
79400 -239.797 0 0 0 0.596526 100 28 0.887452 100 19 0 0 0 -2.33017 100 20 0 0 0 0 0 0 0 0 0 0 0
79500 -241.704 0 0 0 1.45879 100 33 3.7294 100 22 0 0 0 -2.5714 100 21 0 0 0 0 0 0 0 0 0 0 0
79600 -239.359 0 0 0 1.35489 100 32 2.17144 100 27 0 0 0 -2.82069 100 22 0 0 0 0 0 0 0 0 0 0 0
79700 -239.931 0 0 0 0.977379 100 31 1.10369 100 21 0 0 0 -2.69872 100 23 0 0 0 0 0 0 0 0 0 0 0
79800 -242.484 0 0 0 1.3228 100 29 2.9275 100 21 0 0 0 -2.41037 100 23 0 0 0 0 0 0 0 0 0 0 0
79900 -239.163 0 0 0 1.02946 100 27 2.43986 100 23 0 0 0 -2.70339 100 22 0 0 0 0 0 0 0 0 0 0 0
80000 -239.916 0 0 0 1.57247 100 30 4.4165 100 39 0 0 0 -2.8452 100 22 0 0 0 0 0 0 0 0 0 0 0
80100 -239.841 0 0 0 1.66602 100 26 3.23851 100 20 0 0 0 -3.03077 100 22 0 0 0 0 0 0 0 0 0 0 0
80200 -239.848 0 0 0 1.22722 100 34 4.25105 100 22 0 0 0 -2.9366 100 18 0 0 0 0 0 0 0 0 0 0 0
80300 -240.03 0 0 0 1.51402 100 24 3.68213 100 23 0 0 0 -3.08232 100 24 0 0 0 0 0 0 0 0 0 0 0
80400 -240.141 0 0 0 0.81451 100 28 2.81321 100 25 0 0 0 -2.73288 100 23 0 0 0 0 0 0 0 0 0 0 0
80500 -240.961 0 0 0 1.12188 100 35 -0.789934 100 28 0 0 0 -2.48849 100 21 0 0 0 0 0 0 0 0 0 0 0
80600 -239.343 0 0 0 0.88492 100 24 1.327 100 31 0 0 0 -2.58292 100 17 0 0 0 0 0 0 0 0 0 0 0
80700 -239.51 0 0 0 1.0172 100 40 2.81821 100 23 0 0 0 -2.52459 100 23 0 0 0 0 0 0 0 0 0 0 0
80800 -239.717 0 0 0 1.4589 100 25 1.70933 100 22 0 0 0 -2.78743 100 17 0 0 0 0 0 0 0 0 0 0 0
80900 -241.697 0 0 0 0.876535 100 31 4.59612 100 22 0 0 0 -2.61602 100 22 0 0 0 0 0 0 0 0 0 0 0
81000 -240.414 0 0 0 1.53252 100 24 2.49986 100 28 0 0 0 -3.03285 100 19 0 0 0 0 0 0 0 0 0 0 0
81100 -239.594 0 0 0 0.698696 100 25 1.97219 100 27 0 0 0 -2.47688 100 20 0 0 0 0 0 0 0 0 0 0 0
81200 -240.007 0 0 0 0.728108 100 29 0.0708352 100 21 0 0 0 -2.26798 100 29 0 0 0 0 0 0 0 0 0 0 0
81300 -239.843 0 0 0 0.742441 100 33 2.24563 100 20 0 0 0 -2.40705 100 27 0 0 0 0 0 0 0 0 0 0 0
81400 -241.1 0 0 0 0.802922 100 33 3.53056 100 25 0 0 0 -2.452 100 21 0 0 0 0 0 0 0 0 0 0 0
81500 -239.163 0 0 0 1.16796 100 36 2.19967 100 25 0 0 0 -2.5703 100 19 0 0 0 0 0 0 0 0 0 0 0
81600 -240.854 0 0 0 1.42732 100 33 5.70196 100 29 0 0 0 -3.09796 100 22 0 0 0 0 0 0 0 0 0 0 0
81700 -239.818 0 0 0 0.636959 100 26 1.10904 100 25 0 0 0 -2.48731 100 24 0 0 0 0 0 0 0 0 0 0 0
81800 -240.077 0 0 0 1.47467 100 37 4.17799 100 34 0 0 0 -3.09532 100 26 0 0 0 0 0 0 0 0 0 0 0
81900 -239.072 0 0 0 1.08818 100 33 1.79775 100 26 0 0 0 -2.65471 100 24 0 0 0 0 0 0 0 0 0 0 0
82000 -240.052 0 0 0 0.771724 100 24 3.13013 100 31 0 0 0 -2.64612 100 24 0 0 0 0 0 0 0 0 0 0 0
82100 -244.471 0 0 0 2.57473 100 34 8.71744 100 19 0 0 0 -3.78451 100 16 0 0 0 0 0 0 0 0 0 0 0
82200 -240.074 0 0 0 0.904723 100 34 0.978483 100 24 0 0 0 -2.30483 100 25 0 0 0 0 0 0 0 0 0 0 0
82300 -240.047 0 0 0 0.585839 100 24 1.89763 100 32 0 0 0 -2.50112 100 28 0 0 0 0 0 0 0 0 0 0 0
82400 -241.528 0 0 0 1.09149 100 30 -0.679639 100 24 0 0 0 -2.66061 100 31 0 0 0 0 0 0 0 0 0 0 0
82500 -240.931 0 0 0 2.03732 100 28 4.37746 100 19 0 0 0 -3.26976 100 21 0 0 0 0 0 0 0 0 0 0 0
82600 -239.843 0 0 0 0.861299 100 30 3.35551 100 32 0 0 0 -2.62946 100 24 0 0 0 0 0 0 0 0 0 0 0
82700 -245.085 0 0 0 -0.0348454 100 40 2.13121 100 23 0 0 0 -2.09635 100 26 0 0 0 0 0 0 0 0 0 0 0
82800 -244.094 0 0 0 -0.0471454 100 37 -0.00921152 100 23 0 0 0 -1.89967 100 25 0 0 0 0 0 0 0 0 0 0 0
82900 -241.432 0 0 0 1.04057 100 37 2.74579 100 22 0 0 0 -2.35259 100 27 0 0 0 0 0 0 0 0 0 0 0
83000 -240.091 0 0 0 1.81704 100 35 5.12877 100 20 0 0 0 -3.12196 100 27 0 0 0 0 0 0 0 0 0 0 0
83100 -240.637 0 0 0 1.58467 100 31 1.50252 100 28 0 0 0 -2.6894 100 21 0 0 0 0 0 0 0 0 0 0 0
83200 -242.594 0 0 0 0.58161 100 33 -1.77219 100 25 0 0 0 -2.45881 100 23 0 0 0 0 0 0 0 0 0 0 0
83300 -239.697 0 0 0 1.19252 100 26 4.26732 100 31 0 0 0 -2.84586 100 20 0 0 0 0 0 0 0 0 0 0 0
83400 -239.819 0 0 0 0.824247 100 33 1.52555 100 26 0 0 0 -2.33755 100 21 0 0 0 0 0 0 0 0 0 0 0
83500 -239.549 0 0 0 1.54015 100 22 3.44676 100 23 0 0 0 -2.9995 100 16 0 0 0 0 0 0 0 0 0 0 0
83600 -240.171 0 0 0 1.68926 100 31 2.61638 100 25 0 0 0 -3.00019 100 18 0 0 0 0 0 0 0 0 0 0 0
83700 -239.653 0 0 0 0.729023 100 32 0.869975 100 21 0 0 0 -2.32771 100 22 0 0 0 0 0 0 0 0 0 0 0
83800 -241.517 0 0 0 0.726717 100 32 0.107302 100 23 0 0 0 -2.10844 100 25 0 0 0 0 0 0 0 0 0 0 0
83900 -239.077 0 0 0 1.12507 100 33 2.95677 100 24 0 0 0 -2.73745 100 18 0 0 0 0 0 0 0 0 0 0 0
84000 -240.776 0 0 0 1.86006 100 27 3.96812 100 28 0 0 0 -2.89884 100 23 0 0 0 0 0 0 0 0 0 0 0
84100 -239.742 0 0 0 1.50102 100 37 3.93826 100 27 0 0 0 -2.77494 100 19 0 0 0 0 0 0 0 0 0 0 0
84200 -240.786 0 0 0 1.25259 100 25 4.41372 100 32 0 0 0 -2.64984 100 23 0 0 0 0 0 0 0 0 0 0 0
84300 -240.486 0 0 0 1.17223 100 29 1.01347 100 23 0 0 0 -2.38716 100 24 0 0 0 0 0 0 0 0 0 0 0
84400 -239.887 0 0 0 1.59238 100 32 3.27179 100 30 0 0 0 -3.04705 100 17 0 0 0 0 0 0 0 0 0 0 0
84500 -241.38 0 0 0 0.237022 100 37 0.742777 100 27 0 0 0 -2.34839 100 27 0 0 0 0 0 0 0 0 0 0 0
84600 -243.564 0 0 0 0.450447 100 29 -2.88765 100 30 0 0 0 -2.3201 100 10 0 0 0 0 0 0 0 0 0 0 0
84700 -238.966 0 0 0 1.11965 100 22 2.12681 100 31 0 0 0 -2.64586 100 27 0 0 0 0 0 0 0 0 0 0 0
84800 -239.944 0 0 0 1.12288 100 31 3.1605 100 23 0 0 0 -2.90302 100 16 0 0 0 0 0 0 0 0 0 0 0
84900 -242.971 0 0 0 0.0477104 100 32 -0.718182 100 16 0 0 0 -2.29242 100 19 0 0 0 0 0 0 0 0 0 0 0
85000 -239.174 0 0 0 1.11561 100 30 1.74184 100 23 0 0 0 -2.5345 100 24 0 0 0 0 0 0 0 0 0 0 0
85100 -239.583 0 0 0 0.72663 100 37 2.17664 100 28 0 0 0 -2.51706 100 16 0 0 0 0 0 0 0 0 0 0 0
85200 -239.839 0 0 0 1.6795 100 28 4.85883 100 15 0 0 0 -3.00533 100 22 0 0 0 0 0 0 0 0 0 0 0
85300 -240.334 0 0 0 1.36209 100 33 1.78863 100 29 0 0 0 -2.92168 100 22 0 0 0 0 0 0 0 0 0 0 0
85400 -240.493 0 0 0 1.45967 100 26 2.08031 100 29 0 0 0 -2.57278 100 25 0 0 0 0 0 0 0 0 0 0 0
85500 -241.018 0 0 0 1.82458 100 34 6.17963 100 31 0 0 0 -3.13241 100 19 0 0 0 0 0 0 0 0 0 0 0
85600 -242.762 0 0 0 1.26421 100 30 0.743772 100 22 0 0 0 -2.28511 100 26 0 0 0 0 0 0 0 0 0 0 0
85700 -239.723 0 0 0 1.08592 100 32 0.374638 100 31 0 0 0 -2.50402 100 19 0 0 0 0 0 0 0 0 0 0 0
85800 -239.129 0 0 0 0.966494 100 28 2.42379 100 22 0 0 0 -2.63854 100 21 0 0 0 0 0 0 0 0 0 0 0
85900 -239.609 0 0 0 1.2316 100 33 4.12793 100 22 0 0 0 -2.75761 100 24 0 0 0 0 0 0 0 0 0 0 0
86000 -242.673 0 0 0 0.140175 100 28 0.541144 100 23 0 0 0 -2.01774 100 28 0 0 0 0 0 0 0 0 0 0 0
86100 -241.179 0 0 0 0.512826 100 34 1.28377 100 27 0 0 0 -2.16378 100 21 0 0 0 0 0 0 0 0 0 0 0
86200 -241.582 0 0 0 1.27156 100 26 1.31868 100 24 0 0 0 -2.36366 100 29 0 0 0 0 0 0 0 0 0 0 0
86300 -239.736 0 0 0 0.692782 100 31 1.54574 100 28 0 0 0 -2.35315 100 21 0 0 0 0 0 0 0 0 0 0 0
86400 -239.318 0 0 0 1.27332 100 32 2.67984 100 30 0 0 0 -2.61552 100 23 0 0 0 0 0 0 0 0 0 0 0
86500 -240.825 0 0 0 1.28315 100 33 5.39039 100 19 0 0 0 -2.8863 100 24 0 0 0 0 0 0 0 0 0 0 0
86600 -241.441 0 0 0 1.9918 100 34 5.23675 100 17 0 0 0 -3.01841 100 16 0 0 0 0 0 0 0 0 0 0 0
86700 -241.648 0 0 0 1.69708 100 29 6.6848 100 21 0 0 0 -3.26309 100 23 0 0 0 0 0 0 0 0 0 0 0
86800 -239.944 0 0 0 1.72401 100 29 3.25995 100 30 0 0 0 -3.0384 100 25 0 0 0 0 0 0 0 0 0 0 0
86900 -239.997 0 0 0 1.2935 100 24 4.34125 100 24 0 0 0 -2.73272 100 21 0 0 0 0 0 0 0 0 0 0 0
87000 -240.279 0 0 0 1.0863 100 22 -0.258461 100 25 0 0 0 -2.49722 100 21 0 0 0 0 0 0 0 0 0 0 0
87100 -239.476 0 0 0 1.13183 100 27 3.07139 100 26 0 0 0 -2.57894 100 21 0 0 0 0 0 0 0 0 0 0 0
87200 -241.044 0 0 0 1.75341 100 32 2.61098 100 21 0 0 0 -2.75823 100 23 0 0 0 0 0 0 0 0 0 0 0
87300 -239.419 0 0 0 1.25611 100 24 3.63714 100 20 0 0 0 -2.89657 100 15 0 0 0 0 0 0 0 0 0 0 0
87400 -241.556 0 0 0 0.644051 100 29 2.59339 100 23 0 0 0 -2.2754 100 17 0 0 0 0 0 0 0 0 0 0 0
87500 -239.873 0 0 0 1.2946 100 29 0.835561 100 39 0 0 0 -2.67599 100 21 0 0 0 0 0 0 0 0 0 0 0
87600 -239.08 0 0 0 0.942654 100 28 1.98625 100 23 0 0 0 -2.54214 100 17 0 0 0 0 0 0 0 0 0 0 0
87700 -244.09 0 0 0 1.96607 100 28 0.751367 100 25 0 0 0 -2.83477 100 21 0 0 0 0 0 0 0 0 0 0 0
87800 -240.444 0 0 0 1.76284 100 22 2.49936 100 27 0 0 0 -2.99254 100 30 0 0 0 0 0 0 0 0 0 0 0
87900 -240.101 0 0 0 0.975886 100 33 3.68192 100 25 0 0 0 -2.8284 100 23 0 0 0 0 0 0 0 0 0 0 0
88000 -244.195 0 0 0 0.428566 100 33 -3.78506 100 32 0 0 0 -2.18213 100 27 0 0 0 0 0 0 0 0 0 0 0
88100 -239.059 0 0 0 1.09702 100 34 1.62746 100 23 0 0 0 -2.58398 100 19 0 0 0 0 0 0 0 0 0 0 0
88200 -240.57 0 0 0 0.784032 100 29 -1.00448 100 33 0 0 0 -2.3268 100 30 0 0 0 0 0 0 0 0 0 0 0
88300 -245.373 0 0 0 0.239507 100 23 4.18949 100 26 0 0 0 -2.71566 100 22 0 0 0 0 0 0 0 0 0 0 0
88400 -244.879 0 0 0 2.08379 100 25 8.8312 100 25 0 0 0 -3.62225 100 21 0 0 0 0 0 0 0 0 0 0 0
88500 -239.753 0 0 0 0.608724 100 33 1.34596 100 25 0 0 0 -2.37814 100 21 0 0 0 0 0 0 0 0 0 0 0
88600 -240.002 0 0 0 1.50134 100 35 5.14998 100 24 0 0 0 -3.01341 100 25 0 0 0 0 0 0 0 0 0 0 0
88700 -240.643 0 0 0 0.575538 100 31 -0.806768 100 18 0 0 0 -2.34963 100 20 0 0 0 0 0 0 0 0 0 0 0
88800 -239.25 0 0 0 0.905588 100 37 1.33879 100 27 0 0 0 -2.56961 100 17 0 0 0 0 0 0 0 0 0 0 0
88900 -240.751 0 0 0 1.39135 100 29 3.63176 100 24 0 0 0 -3.1149 100 29 0 0 0 0 0 0 0 0 0 0 0
89000 -239.834 0 0 0 0.947853 100 30 2.04503 100 29 0 0 0 -2.3947 100 18 0 0 0 0 0 0 0 0 0 0 0
89100 -240.786 0 0 0 1.13956 100 32 3.83532 100 24 0 0 0 -2.54233 100 20 0 0 0 0 0 0 0 0 0 0 0
89200 -239.857 0 0 0 0.630586 100 27 2.05002 100 27 0 0 0 -2.45289 100 16 0 0 0 0 0 0 0 0 0 0 0
89300 -239.953 0 0 0 0.706982 100 24 1.32656 100 23 0 0 0 -2.583 100 27 0 0 0 0 0 0 0 0 0 0 0
89400 -239.898 0 0 0 0.650241 100 28 0.969099 100 29 0 0 0 -2.28719 100 22 0 0 0 0 0 0 0 0 0 0 0
89500 -239.966 0 0 0 1.58657 100 30 4.86295 100 25 0 0 0 -3.11135 100 19 0 0 0 0 0 0 0 0 0 0 0
89600 -241.047 0 0 0 0.444649 100 29 -0.104959 100 32 0 0 0 -2.43198 100 20 0 0 0 0 0 0 0 0 0 0 0
89700 -240.272 0 0 0 1.3157 100 31 2.36346 100 30 0 0 0 -2.96211 100 26 0 0 0 0 0 0 0 0 0 0 0
89800 -239.226 0 0 0 1.37269 100 32 2.63305 100 24 0 0 0 -2.69335 100 26 0 0 0 0 0 0 0 0 0 0 0
89900 -239.819 0 0 0 1.30794 100 32 4.65564 100 28 0 0 0 -2.87483 100 20 0 0 0 0 0 0 0 0 0 0 0
90000 -243.668 0 0 0 2.32663 100 30 2.9613 100 23 0 0 0 -3.23751 100 22 0 0 0 0 0 0 0 0 0 0 0
90100 -239.841 0 0 0 1.54139 100 30 4.38582 100 25 0 0 0 -2.83763 100 18 0 0 0 0 0 0 0 0 0 0 0
90200 -240.23 0 0 0 1.86356 100 26 5.25832 100 20 0 0 0 -3.16806 100 20 0 0 0 0 0 0 0 0 0 0 0
90300 -242.71 0 0 0 1.26637 100 31 -1.62178 100 27 0 0 0 -2.49551 100 22 0 0 0 0 0 0 0 0 0 0 0
90400 -239.618 0 0 0 1.57362 100 26 4.12419 100 27 0 0 0 -2.8595 100 21 0 0 0 0 0 0 0 0 0 0 0
90500 -239.603 0 0 0 0.712129 100 30 0.957022 100 19 0 0 0 -2.48654 100 23 0 0 0 0 0 0 0 0 0 0 0
90600 -242.135 0 0 0 0.834463 100 32 -2.16926 100 20 0 0 0 -2.22905 100 11 0 0 0 0 0 0 0 0 0 0 0
90700 -240.962 0 0 0 1.35126 100 28 5.38489 100 25 0 0 0 -3.11532 100 22 0 0 0 0 0 0 0 0 0 0 0
90800 -241.493 0 0 0 1.51945 100 27 5.40026 100 27 0 0 0 -3.27344 100 25 0 0 0 0 0 0 0 0 0 0 0
90900 -239.574 0 0 0 0.951542 100 24 2.03521 100 24 0 0 0 -2.71847 100 23 0 0 0 0 0 0 0 0 0 0 0
91000 -239.656 0 0 0 1.38095 100 27 1.76845 100 20 0 0 0 -2.62402 100 19 0 0 0 0 0 0 0 0 0 0 0
91100 -239.289 0 0 0 0.996488 100 40 0.903479 100 30 0 0 0 -2.51354 100 26 0 0 0 0 0 0 0 0 0 0 0
91200 -239.794 0 0 0 0.792765 100 25 2.8838 100 23 0 0 0 -2.52858 100 21 0 0 0 0 0 0 0 0 0 0 0
91300 -243.208 0 0 0 1.98032 100 28 1.51869 100 25 0 0 0 -2.85775 100 18 0 0 0 0 0 0 0 0 0 0 0
91400 -242.933 0 0 0 1.31477 100 37 -1.58019 100 25 0 0 0 -2.49645 100 17 0 0 0 0 0 0 0 0 0 0 0
91500 -239.966 0 0 0 1.24668 100 32 0.881914 100 22 0 0 0 -2.50546 100 27 0 0 0 0 0 0 0 0 0 0 0
91600 -240.294 0 0 0 0.903902 100 32 0.911202 100 18 0 0 0 -2.69249 100 18 0 0 0 0 0 0 0 0 0 0 0
91700 -241.828 0 0 0 0.98872 100 35 1.74273 100 25 0 0 0 -2.92419 100 29 0 0 0 0 0 0 0 0 0 0 0
91800 -241.609 0 0 0 1.15244 100 24 5.64331 100 29 0 0 0 -2.97278 100 28 0 0 0 0 0 0 0 0 0 0 0
91900 -239.194 0 0 0 1.08931 100 25 1.87543 100 30 0 0 0 -2.70107 100 26 0 0 0 0 0 0 0 0 0 0 0
92000 -239.615 0 0 0 1.27401 100 32 2.13109 100 22 0 0 0 -2.8526 100 22 0 0 0 0 0 0 0 0 0 0 0
92100 -239.874 0 0 0 1.29291 100 32 3.6905 100 26 0 0 0 -2.64587 100 22 0 0 0 0 0 0 0 0 0 0 0
92200 -240.73 0 0 0 0.872081 100 31 3.68267 100 31 0 0 0 -2.51288 100 24 0 0 0 0 0 0 0 0 0 0 0
92300 -240.051 0 0 0 1.32359 100 29 4.9281 100 22 0 0 0 -2.93643 100 21 0 0 0 0 0 0 0 0 0 0 0
92400 -239.781 0 0 0 1.58181 100 21 4.58809 100 25 0 0 0 -2.9019 100 20 0 0 0 0 0 0 0 0 0 0 0
92500 -243.229 0 0 0 1.73669 100 30 6.65564 100 19 0 0 0 -3.50939 100 26 0 0 0 0 0 0 0 0 0 0 0
92600 -240.37 0 0 0 1.90678 100 30 3.94878 100 30 0 0 0 -3.1499 100 23 0 0 0 0 0 0 0 0 0 0 0
92700 -243.267 0 0 0 2.38298 100 34 4.36604 100 28 0 0 0 -3.49702 100 24 0 0 0 0 0 0 0 0 0 0 0
92800 -240.16 0 0 0 0.927271 100 37 -0.428373 100 22 0 0 0 -2.42611 100 24 0 0 0 0 0 0 0 0 0 0 0
92900 -240.861 0 0 0 0.346063 100 26 0.748229 100 30 0 0 0 -2.38102 100 25 0 0 0 0 0 0 0 0 0 0 0
93000 -242.28 0 0 0 0.328222 100 31 -2.19297 100 30 0 0 0 -2.01802 100 29 0 0 0 0 0 0 0 0 0 0 0
93100 -240.146 0 0 0 0.698046 100 29 1.56015 100 23 0 0 0 -2.29096 100 22 0 0 0 0 0 0 0 0 0 0 0
93200 -240.436 0 0 0 0.792271 100 35 -0.708619 100 20 0 0 0 -2.27519 100 25 0 0 0 0 0 0 0 0 0 0 0
93300 -241.098 0 0 0 0.418477 100 31 -0.894684 100 22 0 0 0 -2.31555 100 18 0 0 0 0 0 0 0 0 0 0 0
93400 -239.772 0 0 0 0.991 100 40 0.123657 100 20 0 0 0 -2.47387 100 29 0 0 0 0 0 0 0 0 0 0 0
93500 -239.564 0 0 0 1.33241 100 34 4.24574 100 17 0 0 0 -2.93962 100 20 0 0 0 0 0 0 0 0 0 0 0
93600 -242.917 0 0 0 -0.0255162 100 35 0.978943 100 27 0 0 0 -2.20739 100 22 0 0 0 0 0 0 0 0 0 0 0
93700 -244.903 0 0 0 0.0712848 100 31 1.15785 100 29 0 0 0 -1.93518 100 22 0 0 0 0 0 0 0 0 0 0 0
93800 -241.17 0 0 0 0.632198 100 30 -1.6271 100 25 0 0 0 -2.22514 100 25 0 0 0 0 0 0 0 0 0 0 0
93900 -241.714 0 0 0 1.04051 100 32 2.64499 100 27 0 0 0 -2.32734 100 22 0 0 0 0 0 0 0 0 0 0 0
94000 -239.883 0 0 0 0.591737 100 32 0.383936 100 27 0 0 0 -2.37381 100 23 0 0 0 0 0 0 0 0 0 0 0
94100 -239.335 0 0 0 0.789043 100 28 1.12693 100 22 0 0 0 -2.43145 100 21 0 0 0 0 0 0 0 0 0 0 0
94200 -242.036 0 0 0 1.79581 100 28 1.46344 100 24 0 0 0 -3.05287 100 18 0 0 0 0 0 0 0 0 0 0 0
94300 -240.317 0 0 0 0.557575 100 28 -0.521465 100 34 0 0 0 -2.26315 100 17 0 0 0 0 0 0 0 0 0 0 0
94400 -239.678 0 0 0 1.00399 100 28 1.63732 100 29 0 0 0 -2.40372 100 20 0 0 0 0 0 0 0 0 0 0 0
94500 -239.211 0 0 0 1.30804 100 39 1.87406 100 25 0 0 0 -2.68789 100 21 0 0 0 0 0 0 0 0 0 0 0
94600 -243.579 0 0 0 1.87906 100 33 5.92325 100 24 0 0 0 -3.58571 100 18 0 0 0 0 0 0 0 0 0 0 0
94700 -240.299 0 0 0 0.983349 100 29 -0.145062 100 26 0 0 0 -2.57048 100 24 0 0 0 0 0 0 0 0 0 0 0
94800 -240.588 0 0 0 1.83203 100 30 3.34151 100 21 0 0 0 -3.14614 100 23 0 0 0 0 0 0 0 0 0 0 0
94900 -239.234 0 0 0 0.93793 100 20 2.23885 100 21 0 0 0 -2.5056 100 21 0 0 0 0 0 0 0 0 0 0 0
95000 -239.331 0 0 0 1.46974 100 29 3.65836 100 19 0 0 0 -2.80346 100 20 0 0 0 0 0 0 0 0 0 0 0
95100 -240.03 0 0 0 0.865349 100 40 3.30616 100 25 0 0 0 -2.73926 100 23 0 0 0 0 0 0 0 0 0 0 0
95200 -242.517 0 0 0 1.6863 100 36 5.31627 100 34 0 0 0 -2.78599 100 27 0 0 0 0 0 0 0 0 0 0 0
95300 -242.139 0 0 0 1.44605 100 38 3.05309 100 20 0 0 0 -3.20162 100 23 0 0 0 0 0 0 0 0 0 0 0
95400 -242.417 0 0 0 1.03424 100 29 5.61511 100 23 0 0 0 -2.79129 100 18 0 0 0 0 0 0 0 0 0 0 0
95500 -239.905 0 0 0 1.39682 100 33 4.4188 100 28 0 0 0 -3.0383 100 26 0 0 0 0 0 0 0 0 0 0 0
95600 -240.353 0 0 0 1.06542 100 32 -0.371544 100 23 0 0 0 -2.49667 100 24 0 0 0 0 0 0 0 0 0 0 0
95700 -240.023 0 0 0 0.539852 100 29 0.758283 100 20 0 0 0 -2.40958 100 22 0 0 0 0 0 0 0 0 0 0 0
95800 -241.223 0 0 0 1.94249 100 27 4.42281 100 23 0 0 0 -3.33179 100 22 0 0 0 0 0 0 0 0 0 0 0
95900 -245.562 0 0 0 1.98102 100 22 7.83663 100 25 0 0 0 -3.12331 100 27 0 0 0 0 0 0 0 0 0 0 0
96000 -239.762 0 0 0 1.17348 100 33 2.05561 100 26 0 0 0 -2.83746 100 25 0 0 0 0 0 0 0 0 0 0 0
96100 -244.138 0 0 0 1.59704 100 33 -1.19837 100 22 0 0 0 -2.62685 100 25 0 0 0 0 0 0 0 0 0 0 0
96200 -242.269 0 0 0 0.942149 100 33 0.607076 100 25 0 0 0 -2.84212 100 16 0 0 0 0 0 0 0 0 0 0 0
96300 -240.418 0 0 0 0.673788 100 26 0.33106 100 23 0 0 0 -2.19593 100 23 0 0 0 0 0 0 0 0 0 0 0
96400 -239.725 0 0 0 0.637337 100 31 1.19993 100 29 0 0 0 -2.46633 100 15 0 0 0 0 0 0 0 0 0 0 0
96500 -239.208 0 0 0 1.11186 100 35 2.14659 100 22 0 0 0 -2.53526 100 26 0 0 0 0 0 0 0 0 0 0 0
96600 -239.697 0 0 0 1.56675 100 32 4.14994 100 18 0 0 0 -2.84299 100 17 0 0 0 0 0 0 0 0 0 0 0
96700 -239.688 0 0 0 1.68628 100 38 4.47324 100 23 0 0 0 -2.98423 100 28 0 0 0 0 0 0 0 0 0 0 0
96800 -240.331 0 0 0 0.776343 100 20 -0.382855 100 24 0 0 0 -2.47357 100 23 0 0 0 0 0 0 0 0 0 0 0
96900 -241.253 0 0 0 0.749884 100 25 0.284887 100 34 0 0 0 -2.13811 100 21 0 0 0 0 0 0 0 0 0 0 0
97000 -239.388 0 0 0 0.836828 100 32 1.37846 100 24 0 0 0 -2.40294 100 23 0 0 0 0 0 0 0 0 0 0 0
97100 -240.155 0 0 0 1.71664 100 27 4.71942 100 19 0 0 0 -3.18235 100 19 0 0 0 0 0 0 0 0 0 0 0
97200 -240.927 0 0 0 2.0534 100 31 5.56316 100 27 0 0 0 -3.18183 100 25 0 0 0 0 0 0 0 0 0 0 0
97300 -240.069 0 0 0 1.04965 100 36 1.93926 100 23 0 0 0 -2.81768 100 24 0 0 0 0 0 0 0 0 0 0 0
97400 -239.109 0 0 0 1.32467 100 34 2.25204 100 21 0 0 0 -2.70873 100 22 0 0 0 0 0 0 0 0 0 0 0
97500 -242.197 0 0 0 1.80816 100 30 2.65896 100 20 0 0 0 -2.70734 100 26 0 0 0 0 0 0 0 0 0 0 0
97600 -241.007 0 0 0 1.51492 100 32 0.691319 100 34 0 0 0 -2.81727 100 21 0 0 0 0 0 0 0 0 0 0 0
97700 -240.136 0 0 0 0.670691 100 24 2.62058 100 18 0 0 0 -2.5947 100 22 0 0 0 0 0 0 0 0 0 0 0
97800 -240.683 0 0 0 0.681458 100 27 -0.756647 100 26 0 0 0 -2.4264 100 26 0 0 0 0 0 0 0 0 0 0 0
97900 -239.727 0 0 0 1.02927 100 33 2.33983 100 23 0 0 0 -2.44896 100 21 0 0 0 0 0 0 0 0 0 0 0
98000 -241.088 0 0 0 1.51177 100 39 1.02373 100 24 0 0 0 -2.908 100 24 0 0 0 0 0 0 0 0 0 0 0
98100 -239.942 0 0 0 0.758424 100 27 1.13193 100 24 0 0 0 -2.59945 100 18 0 0 0 0 0 0 0 0 0 0 0
98200 -241.823 0 0 0 1.08578 100 29 1.45556 100 29 0 0 0 -2.93804 100 15 0 0 0 0 0 0 0 0 0 0 0
98300 -239.598 0 0 0 1.69571 100 30 4.05244 100 18 0 0 0 -3.0032 100 27 0 0 0 0 0 0 0 0 0 0 0
98400 -240.466 0 0 0 1.46869 100 31 4.78443 100 18 0 0 0 -3.14493 100 23 0 0 0 0 0 0 0 0 0 0 0
98500 -239.461 0 0 0 1.33466 100 32 2.36809 100 25 0 0 0 -2.86425 100 29 0 0 0 0 0 0 0 0 0 0 0
98600 -239.891 0 0 0 1.76372 100 36 4.58599 100 30 0 0 0 -3.12005 100 17 0 0 0 0 0 0 0 0 0 0 0
98700 -240.211 0 0 0 0.883439 100 39 0.53742 100 32 0 0 0 -2.27723 100 20 0 0 0 0 0 0 0 0 0 0 0
98800 -241.715 0 0 0 0.163809 100 41 0.410907 100 23 0 0 0 -2.30592 100 25 0 0 0 0 0 0 0 0 0 0 0
98900 -239.453 0 0 0 1.32461 100 34 4.03899 100 20 0 0 0 -2.92328 100 13 0 0 0 0 0 0 0 0 0 0 0
99000 -240.429 0 0 0 0.943395 100 34 0.983257 100 20 0 0 0 -2.28454 100 26 0 0 0 0 0 0 0 0 0 0 0
99100 -239.092 0 0 0 1.20624 100 32 3.14471 100 20 0 0 0 -2.68889 100 18 0 0 0 0 0 0 0 0 0 0 0
99200 -239.077 0 0 0 1.04254 100 29 1.50319 100 26 0 0 0 -2.57837 100 20 0 0 0 0 0 0 0 0 0 0 0
99300 -238.992 0 0 0 1.18288 100 29 2.78675 100 24 0 0 0 -2.67329 100 20 0 0 0 0 0 0 0 0 0 0 0
99400 -239.731 0 0 0 0.953292 100 27 2.52758 100 22 0 0 0 -2.7648 100 20 0 0 0 0 0 0 0 0 0 0 0
99500 -242.917 0 0 0 1.08262 100 27 4.3745 100 19 0 0 0 -3.16195 100 21 0 0 0 0 0 0 0 0 0 0 0
99600 -240.012 0 0 0 1.61541 100 35 5.17217 100 30 0 0 0 -3.00419 100 25 0 0 0 0 0 0 0 0 0 0 0
99700 -239.864 0 0 0 1.46878 100 36 2.05735 100 24 0 0 0 -2.8997 100 20 0 0 0 0 0 0 0 0 0 0 0
99800 -241.528 0 0 0 2.21225 100 34 5.93542 100 24 0 0 0 -3.43273 100 15 0 0 0 0 0 0 0 0 0 0 0
99900 -240.079 0 0 0 1.69964 100 31 3.15868 100 21 0 0 0 -3.06162 100 25 0 0 0 0 0 0 0 0 0 0 0
100000 -240.595 0 0 0 1.12847 100 34 3.04723 100 25 0 0 0 -2.96782 100 33 0 0 0 0 0 0 0 0 0 0 0
