iteration logLik intercept1 intercept1_p intercept1_a pcov2 pcov2_p pcov2_a pcov3 pcov3_p pcov3_a pcov4 pcov4_p pcov4_a intercept2 intercept2_p intercept2_a intercept3 intercept3_p intercept3_a intercept4 intercept4_p intercept4_a pcov pcov_p pcov_a data_p data_a
0 -1.15681e+06 0 0 0 4.98207 0 0 -18.4215 0 0 0 0 0 4.40168 0 0 0 0 0 0 0 0 0 0 0 0 0
100 -313.828 0 0 0 -0.590756 100 24 -5.96021 100 31 0 0 0 -0.9628 100 21 0 0 0 0 0 0 0 0 0 0 0
200 -306.58 0 0 0 0.63064 100 28 -0.924982 100 28 0 0 0 -1.98486 100 18 0 0 0 0 0 0 0 0 0 0 0
300 -305.507 0 0 0 1.33201 100 15 3.4187 100 21 0 0 0 -2.68934 100 26 0 0 0 0 0 0 0 0 0 0 0
400 -306.539 0 0 0 1.00457 100 10 3.4735 100 27 0 0 0 -2.47535 100 19 0 0 0 0 0 0 0 0 0 0 0
500 -308.205 0 0 0 0.861384 100 24 3.35761 100 24 0 0 0 -2.57932 100 18 0 0 0 0 0 0 0 0 0 0 0
600 -307.699 0 0 0 2.31481 100 22 8.0611 100 22 0 0 0 -3.51749 100 17 0 0 0 0 0 0 0 0 0 0 0
700 -305.896 0 0 0 1.5469 100 19 2.83763 100 24 0 0 0 -2.67055 100 17 0 0 0 0 0 0 0 0 0 0 0
800 -307.233 0 0 0 0.88234 100 20 -1.29593 100 26 0 0 0 -2.21929 100 10 0 0 0 0 0 0 0 0 0 0 0
900 -305.584 0 0 0 0.964819 100 22 1.79943 100 21 0 0 0 -2.34333 100 19 0 0 0 0 0 0 0 0 0 0 0
1000 -307.455 0 0 0 1.59256 100 20 1.10692 100 19 0 0 0 -2.65397 100 16 0 0 0 0 0 0 0 0 0 0 0
1100 -305.455 0 0 0 1.52621 100 17 3.81879 100 20 0 0 0 -2.78857 100 18 0 0 0 0 0 0 0 0 0 0 0
1200 -305.628 0 0 0 1.47654 100 17 2.52687 100 22 0 0 0 -2.66728 100 19 0 0 0 0 0 0 0 0 0 0 0
1300 -307.498 0 0 0 1.53954 100 31 2.36642 100 23 0 0 0 -2.96651 100 22 0 0 0 0 0 0 0 0 0 0 0
1400 -306.681 0 0 0 1.75036 100 19 5.81202 100 25 0 0 0 -2.95067 100 17 0 0 0 0 0 0 0 0 0 0 0
1500 -306.411 0 0 0 2.2442 100 14 5.77704 100 19 0 0 0 -3.38579 100 22 0 0 0 0 0 0 0 0 0 0 0
1600 -306.523 0 0 0 2.20715 100 22 6.69702 100 31 0 0 0 -3.32748 100 12 0 0 0 0 0 0 0 0 0 0 0
1700 -306.223 0 0 0 0.623016 100 25 -0.346168 100 26 0 0 0 -2.11053 100 20 0 0 0 0 0 0 0 0 0 0 0
1800 -306.212 0 0 0 1.46969 100 21 2.28851 100 19 0 0 0 -2.57225 100 22 0 0 0 0 0 0 0 0 0 0 0
1900 -306.735 0 0 0 0.550251 100 19 -0.308277 100 27 0 0 0 -1.91176 100 17 0 0 0 0 0 0 0 0 0 0 0
2000 -306.386 0 0 0 0.894059 100 27 0.440127 100 18 0 0 0 -2.13598 100 23 0 0 0 0 0 0 0 0 0 0 0
2100 -307.991 0 0 0 0.668525 100 17 0.252889 100 19 0 0 0 -2.36985 100 20 0 0 0 0 0 0 0 0 0 0 0
2200 -305.704 0 0 0 1.03309 100 19 0.963492 100 31 0 0 0 -2.32927 100 26 0 0 0 0 0 0 0 0 0 0 0
2300 -306.082 0 0 0 1.322 100 22 3.01147 100 32 0 0 0 -2.49938 100 23 0 0 0 0 0 0 0 0 0 0 0
2400 -306.247 0 0 0 0.989493 100 15 -0.0660268 100 23 0 0 0 -2.31393 100 21 0 0 0 0 0 0 0 0 0 0 0
2500 -306.099 0 0 0 1.1935 100 24 3.13165 100 24 0 0 0 -2.69073 100 18 0 0 0 0 0 0 0 0 0 0 0
2600 -307.977 0 0 0 2.81864 100 26 6.88013 100 18 0 0 0 -3.76676 100 17 0 0 0 0 0 0 0 0 0 0 0
2700 -306.548 0 0 0 1.77691 100 21 2.98331 100 24 0 0 0 -3.02484 100 18 0 0 0 0 0 0 0 0 0 0 0
2800 -306.314 0 0 0 1.72773 100 20 5.44228 100 12 0 0 0 -3.08826 100 16 0 0 0 0 0 0 0 0 0 0 0
2900 -306.184 0 0 0 2.16743 100 16 5.5063 100 27 0 0 0 -3.29095 100 24 0 0 0 0 0 0 0 0 0 0 0
3000 -307.171 0 0 0 0.651465 100 27 0.413439 100 23 0 0 0 -2.3073 100 29 0 0 0 0 0 0 0 0 0 0 0
3100 -306.228 0 0 0 1.4001 100 18 1.80156 100 24 0 0 0 -2.52189 100 13 0 0 0 0 0 0 0 0 0 0 0
3200 -307.672 0 0 0 0.415415 100 19 0.164375 100 28 0 0 0 -2.15053 100 23 0 0 0 0 0 0 0 0 0 0 0
3300 -305.664 0 0 0 1.15963 100 28 2.19487 100 20 0 0 0 -2.58701 100 16 0 0 0 0 0 0 0 0 0 0 0
3400 -308.186 0 0 0 1.78607 100 19 4.86472 100 20 0 0 0 -3.28406 100 17 0 0 0 0 0 0 0 0 0 0 0
3500 -307.022 0 0 0 1.75191 100 25 5.25731 100 23 0 0 0 -3.19162 100 19 0 0 0 0 0 0 0 0 0 0 0
3600 -305.413 0 0 0 1.19061 100 19 2.5788 100 26 0 0 0 -2.53742 100 23 0 0 0 0 0 0 0 0 0 0 0
3700 -305.99 0 0 0 1.29623 100 16 4.08431 100 22 0 0 0 -2.67865 100 18 0 0 0 0 0 0 0 0 0 0 0
3800 -305.901 0 0 0 0.953816 100 20 0.326193 100 28 0 0 0 -2.2947 100 14 0 0 0 0 0 0 0 0 0 0 0
3900 -311.744 0 0 0 -0.223186 100 16 -2.10446 100 24 0 0 0 -1.7994 100 16 0 0 0 0 0 0 0 0 0 0 0
4000 -305.688 0 0 0 0.928458 100 27 0.845295 100 33 0 0 0 -2.33102 100 22 0 0 0 0 0 0 0 0 0 0 0
4100 -306.596 0 0 0 0.648361 100 37 -0.778375 100 33 0 0 0 -2.14886 100 23 0 0 0 0 0 0 0 0 0 0 0
4200 -306.284 0 0 0 0.604433 100 23 0.973828 100 24 0 0 0 -2.15431 100 23 0 0 0 0 0 0 0 0 0 0 0
4300 -305.452 0 0 0 1.55093 100 20 3.76203 100 27 0 0 0 -2.82659 100 22 0 0 0 0 0 0 0 0 0 0 0
4400 -305.637 0 0 0 1.38351 100 25 2.09496 100 18 0 0 0 -2.66542 100 14 0 0 0 0 0 0 0 0 0 0 0
4500 -306.076 0 0 0 0.966754 100 18 0.656879 100 26 0 0 0 -2.41432 100 20 0 0 0 0 0 0 0 0 0 0 0
4600 -307.124 0 0 0 1.78698 100 27 5.11354 100 22 0 0 0 -2.83282 100 26 0 0 0 0 0 0 0 0 0 0 0
4700 -307.439 0 0 0 0.623308 100 16 1.97913 100 21 0 0 0 -2.31867 100 23 0 0 0 0 0 0 0 0 0 0 0
4800 -308.26 0 0 0 1.26227 100 23 5.1523 100 18 0 0 0 -2.87626 100 29 0 0 0 0 0 0 0 0 0 0 0
4900 -307.519 0 0 0 0.94766 100 15 -0.349612 100 24 0 0 0 -2.09117 100 20 0 0 0 0 0 0 0 0 0 0 0
5000 -305.511 0 0 0 1.50319 100 16 3.94599 100 35 0 0 0 -2.77222 100 26 0 0 0 0 0 0 0 0 0 0 0
5100 -306.292 0 0 0 0.556609 100 31 -0.494948 100 29 0 0 0 -2.04491 100 24 0 0 0 0 0 0 0 0 0 0 0
5200 -306.083 0 0 0 0.893397 100 14 1.49084 100 27 0 0 0 -2.42564 100 17 0 0 0 0 0 0 0 0 0 0 0
5300 -306 0 0 0 1.09944 100 21 0.800535 100 20 0 0 0 -2.47521 100 16 0 0 0 0 0 0 0 0 0 0 0
5400 -307.129 0 0 0 1.54797 100 22 4.78582 100 27 0 0 0 -3.05563 100 13 0 0 0 0 0 0 0 0 0 0 0
5500 -306.262 0 0 0 1.55167 100 28 4.42767 100 17 0 0 0 -2.97864 100 16 0 0 0 0 0 0 0 0 0 0 0
5600 -306.18 0 0 0 1.58081 100 19 2.56594 100 19 0 0 0 -2.67159 100 13 0 0 0 0 0 0 0 0 0 0 0
5700 -306.2 0 0 0 0.920663 100 15 0.410433 100 22 0 0 0 -2.17576 100 23 0 0 0 0 0 0 0 0 0 0 0
5800 -308.247 0 0 0 0.205586 100 24 -3.048 100 24 0 0 0 -1.79147 100 21 0 0 0 0 0 0 0 0 0 0 0
5900 -306.413 0 0 0 2.0022 100 23 3.84399 100 22 0 0 0 -3.05923 100 18 0 0 0 0 0 0 0 0 0 0 0
6000 -307.808 0 0 0 2.52948 100 21 5.48379 100 23 0 0 0 -3.41583 100 21 0 0 0 0 0 0 0 0 0 0 0
6100 -308.952 0 0 0 2.76579 100 25 8.81408 100 29 0 0 0 -3.98451 100 15 0 0 0 0 0 0 0 0 0 0 0
6200 -307.756 0 0 0 2.63916 100 15 8.4622 100 26 0 0 0 -3.67501 100 15 0 0 0 0 0 0 0 0 0 0 0
6300 -307.365 0 0 0 2.64277 100 31 7.7549 100 26 0 0 0 -3.73025 100 22 0 0 0 0 0 0 0 0 0 0 0
6400 -307.323 0 0 0 2.30803 100 15 4.44398 100 31 0 0 0 -3.28679 100 13 0 0 0 0 0 0 0 0 0 0 0
6500 -306.067 0 0 0 2.08425 100 18 5.01702 100 20 0 0 0 -3.20529 100 25 0 0 0 0 0 0 0 0 0 0 0
6600 -306.548 0 0 0 1.14146 100 22 3.9612 100 24 0 0 0 -2.63976 100 18 0 0 0 0 0 0 0 0 0 0 0
6700 -307.153 0 0 0 2.16519 100 17 3.84026 100 24 0 0 0 -3.23115 100 27 0 0 0 0 0 0 0 0 0 0 0
6800 -306.342 0 0 0 2.04383 100 21 4.67076 100 20 0 0 0 -3.068 100 15 0 0 0 0 0 0 0 0 0 0 0
6900 -306.693 0 0 0 0.45723 100 27 0.615334 100 23 0 0 0 -2.00073 100 18 0 0 0 0 0 0 0 0 0 0 0
7000 -306.583 0 0 0 1.0469 100 24 1.97879 100 26 0 0 0 -2.60535 100 19 0 0 0 0 0 0 0 0 0 0 0
7100 -308.199 0 0 0 1.80131 100 24 4.41912 100 18 0 0 0 -3.27462 100 14 0 0 0 0 0 0 0 0 0 0 0
7200 -305.956 0 0 0 0.743441 100 18 0.743421 100 26 0 0 0 -2.12865 100 13 0 0 0 0 0 0 0 0 0 0 0
7300 -305.615 0 0 0 0.911531 100 22 1.06907 100 24 0 0 0 -2.30912 100 16 0 0 0 0 0 0 0 0 0 0 0
7400 -305.89 0 0 0 0.978441 100 25 1.01081 100 20 0 0 0 -2.24979 100 14 0 0 0 0 0 0 0 0 0 0 0
7500 -305.626 0 0 0 1.1525 100 20 2.83504 100 14 0 0 0 -2.47942 100 15 0 0 0 0 0 0 0 0 0 0 0
7600 -308.38 0 0 0 2.11206 100 22 4.68136 100 21 0 0 0 -2.96498 100 20 0 0 0 0 0 0 0 0 0 0 0
7700 -306.292 0 0 0 2.08044 100 13 5.11504 100 20 0 0 0 -3.11488 100 18 0 0 0 0 0 0 0 0 0 0 0
7800 -306.73 0 0 0 1.95657 100 14 6.26746 100 25 0 0 0 -3.09005 100 15 0 0 0 0 0 0 0 0 0 0 0
7900 -305.521 0 0 0 1.49077 100 15 3.91034 100 20 0 0 0 -2.75534 100 27 0 0 0 0 0 0 0 0 0 0 0
8000 -307.948 0 0 0 0.654677 100 23 1.7798 100 19 0 0 0 -2.00311 100 17 0 0 0 0 0 0 0 0 0 0 0
8100 -307.136 0 0 0 2.19797 100 21 6.15409 100 16 0 0 0 -3.16927 100 26 0 0 0 0 0 0 0 0 0 0 0
8200 -308.754 0 0 0 1.58978 100 17 0.120316 100 24 0 0 0 -2.65257 100 16 0 0 0 0 0 0 0 0 0 0 0
8300 -305.673 0 0 0 1.62587 100 25 3.17209 100 19 0 0 0 -2.87259 100 21 0 0 0 0 0 0 0 0 0 0 0
8400 -305.553 0 0 0 1.38036 100 17 3.52282 100 24 0 0 0 -2.64724 100 18 0 0 0 0 0 0 0 0 0 0 0
8500 -307.357 0 0 0 1.87586 100 20 6.34474 100 21 0 0 0 -3.00696 100 15 0 0 0 0 0 0 0 0 0 0 0
8600 -306.447 0 0 0 2.26105 100 23 5.99584 100 30 0 0 0 -3.41 100 25 0 0 0 0 0 0 0 0 0 0 0
8700 -305.498 0 0 0 1.36685 100 24 3.34293 100 20 0 0 0 -2.72578 100 18 0 0 0 0 0 0 0 0 0 0 0
8800 -306.726 0 0 0 0.621514 100 22 -1.16223 100 23 0 0 0 -1.97218 100 17 0 0 0 0 0 0 0 0 0 0 0
8900 -306.846 0 0 0 0.39479 100 21 -0.0197576 100 22 0 0 0 -2.02466 100 22 0 0 0 0 0 0 0 0 0 0 0
9000 -305.427 0 0 0 1.11895 100 22 1.94511 100 27 0 0 0 -2.45881 100 24 0 0 0 0 0 0 0 0 0 0 0
9100 -305.725 0 0 0 1.04153 100 19 2.30915 100 30 0 0 0 -2.50775 100 24 0 0 0 0 0 0 0 0 0 0 0
9200 -305.673 0 0 0 0.858781 100 18 1.11465 100 19 0 0 0 -2.29226 100 20 0 0 0 0 0 0 0 0 0 0 0
9300 -308.054 0 0 0 1.06505 100 19 -1.04683 100 22 0 0 0 -2.20069 100 17 0 0 0 0 0 0 0 0 0 0 0
9400 -306.239 0 0 0 0.673075 100 18 1.40334 100 19 0 0 0 -2.15186 100 22 0 0 0 0 0 0 0 0 0 0 0
9500 -305.594 0 0 0 1.2014 100 21 2.09435 100 19 0 0 0 -2.5938 100 17 0 0 0 0 0 0 0 0 0 0 0
9600 -305.962 0 0 0 1.15096 100 12 0.796069 100 33 0 0 0 -2.47072 100 20 0 0 0 0 0 0 0 0 0 0 0
9700 -306.077 0 0 0 1.21294 100 14 2.11337 100 20 0 0 0 -2.66862 100 18 0 0 0 0 0 0 0 0 0 0 0
9800 -306.891 0 0 0 1.75164 100 20 2.08512 100 26 0 0 0 -2.84706 100 15 0 0 0 0 0 0 0 0 0 0 0
9900 -307.022 0 0 0 1.3971 100 30 1.27891 100 20 0 0 0 -2.45995 100 14 0 0 0 0 0 0 0 0 0 0 0
10000 -307.345 0 0 0 1.11408 100 19 4.29207 100 24 0 0 0 -2.69065 100 14 0 0 0 0 0 0 0 0 0 0 0
10100 -305.762 0 0 0 1.0291 100 25 2.55623 100 21 0 0 0 -2.49181 100 12 0 0 0 0 0 0 0 0 0 0 0
10200 -306.872 0 0 0 1.80345 100 19 4.63177 100 19 0 0 0 -2.82492 100 22 0 0 0 0 0 0 0 0 0 0 0
10300 -306.86 0 0 0 0.450143 100 28 -0.867247 100 27 0 0 0 -2.04251 100 25 0 0 0 0 0 0 0 0 0 0 0
10400 -306.414 0 0 0 0.883351 100 21 1.5162 100 23 0 0 0 -2.45636 100 18 0 0 0 0 0 0 0 0 0 0 0
10500 -307.002 0 0 0 0.800705 100 15 1.21007 100 21 0 0 0 -2.4367 100 13 0 0 0 0 0 0 0 0 0 0 0
10600 -306.213 0 0 0 0.575825 100 21 0.471341 100 19 0 0 0 -2.10822 100 23 0 0 0 0 0 0 0 0 0 0 0
10700 -306.47 0 0 0 1.51091 100 19 1.73292 100 22 0 0 0 -2.61139 100 19 0 0 0 0 0 0 0 0 0 0 0
10800 -306.821 0 0 0 0.684553 100 15 1.46669 100 18 0 0 0 -2.32928 100 20 0 0 0 0 0 0 0 0 0 0 0
10900 -307.814 0 0 0 1.43132 100 20 5.51295 100 30 0 0 0 -2.9794 100 24 0 0 0 0 0 0 0 0 0 0 0
11000 -305.833 0 0 0 1.47672 100 13 2.06829 100 26 0 0 0 -2.7015 100 17 0 0 0 0 0 0 0 0 0 0 0
11100 -306.49 0 0 0 1.68696 100 14 5.52385 100 26 0 0 0 -2.90588 100 20 0 0 0 0 0 0 0 0 0 0 0
11200 -308.438 0 0 0 1.68175 100 18 5.78657 100 31 0 0 0 -2.77994 100 21 0 0 0 0 0 0 0 0 0 0 0
11300 -305.915 0 0 0 0.937101 100 25 0.642429 100 26 0 0 0 -2.22495 100 19 0 0 0 0 0 0 0 0 0 0 0
11400 -305.7 0 0 0 1.12559 100 27 1.97046 100 22 0 0 0 -2.38216 100 20 0 0 0 0 0 0 0 0 0 0 0
11500 -306.004 0 0 0 1.79461 100 18 5.33722 100 27 0 0 0 -2.98504 100 21 0 0 0 0 0 0 0 0 0 0 0
11600 -305.995 0 0 0 1.92964 100 22 5.50337 100 23 0 0 0 -3.07978 100 21 0 0 0 0 0 0 0 0 0 0 0
11700 -306.938 0 0 0 2.31585 100 19 5.46855 100 21 0 0 0 -3.46268 100 16 0 0 0 0 0 0 0 0 0 0 0
11800 -306.607 0 0 0 2.16048 100 17 6.81789 100 19 0 0 0 -3.32274 100 17 0 0 0 0 0 0 0 0 0 0 0
11900 -308.157 0 0 0 1.6931 100 13 1.93644 100 37 0 0 0 -3.02894 100 12 0 0 0 0 0 0 0 0 0 0 0
12000 -307.497 0 0 0 2.20516 100 21 6.76485 100 23 0 0 0 -3.19997 100 25 0 0 0 0 0 0 0 0 0 0 0
12100 -307.918 0 0 0 0.963628 100 22 1.97763 100 22 0 0 0 -2.64245 100 16 0 0 0 0 0 0 0 0 0 0 0
12200 -305.77 0 0 0 1.52679 100 21 4.52736 100 21 0 0 0 -2.82151 100 17 0 0 0 0 0 0 0 0 0 0 0
12300 -305.638 0 0 0 1.23583 100 19 2.43072 100 24 0 0 0 -2.47234 100 15 0 0 0 0 0 0 0 0 0 0 0
12400 -306.446 0 0 0 0.672103 100 17 1.7358 100 31 0 0 0 -2.17772 100 13 0 0 0 0 0 0 0 0 0 0 0
12500 -305.814 0 0 0 1.19479 100 20 3.35923 100 23 0 0 0 -2.63449 100 19 0 0 0 0 0 0 0 0 0 0 0
12600 -305.542 0 0 0 1.41687 100 21 2.57488 100 24 0 0 0 -2.62426 100 13 0 0 0 0 0 0 0 0 0 0 0
12700 -305.576 0 0 0 1.06662 100 22 1.40778 100 25 0 0 0 -2.36668 100 15 0 0 0 0 0 0 0 0 0 0 0
12800 -309.001 0 0 0 0.921008 100 25 -1.3728 100 27 0 0 0 -2.43102 100 14 0 0 0 0 0 0 0 0 0 0 0
12900 -309.005 0 0 0 1.15746 100 25 0.0942011 100 22 0 0 0 -2.16049 100 14 0 0 0 0 0 0 0 0 0 0 0
13000 -306.484 0 0 0 0.874793 100 14 1.01446 100 27 0 0 0 -2.12696 100 21 0 0 0 0 0 0 0 0 0 0 0
13100 -308.19 0 0 0 1.67608 100 22 0.937252 100 25 0 0 0 -2.70026 100 19 0 0 0 0 0 0 0 0 0 0 0
13200 -307.41 0 0 0 2.3814 100 26 5.02005 100 22 0 0 0 -3.30495 100 13 0 0 0 0 0 0 0 0 0 0 0
13300 -308.383 0 0 0 2.50351 100 16 6.92315 100 24 0 0 0 -3.34965 100 19 0 0 0 0 0 0 0 0 0 0 0
13400 -307.341 0 0 0 2.31759 100 23 4.62523 100 29 0 0 0 -3.4022 100 17 0 0 0 0 0 0 0 0 0 0 0
13500 -307.068 0 0 0 2.45801 100 26 5.76276 100 23 0 0 0 -3.51276 100 12 0 0 0 0 0 0 0 0 0 0 0
13600 -305.594 0 0 0 1.56122 100 17 3.89966 100 23 0 0 0 -2.8842 100 17 0 0 0 0 0 0 0 0 0 0 0
13700 -310.052 0 0 0 2.73257 100 20 4.57031 100 20 0 0 0 -3.56411 100 24 0 0 0 0 0 0 0 0 0 0 0
13800 -307.308 0 0 0 2.64199 100 14 7.85297 100 31 0 0 0 -3.68441 100 19 0 0 0 0 0 0 0 0 0 0 0
13900 -308.654 0 0 0 2.14763 100 19 8.2018 100 23 0 0 0 -3.36854 100 21 0 0 0 0 0 0 0 0 0 0 0
14000 -306.205 0 0 0 1.94102 100 22 5.95897 100 24 0 0 0 -3.12513 100 28 0 0 0 0 0 0 0 0 0 0 0
14100 -307.272 0 0 0 1.95602 100 22 3.49605 100 21 0 0 0 -3.20809 100 16 0 0 0 0 0 0 0 0 0 0 0
14200 -307.245 0 0 0 1.31699 100 24 0.565155 100 25 0 0 0 -2.66638 100 23 0 0 0 0 0 0 0 0 0 0 0
14300 -305.964 0 0 0 1.20232 100 21 2.62798 100 15 0 0 0 -2.42439 100 15 0 0 0 0 0 0 0 0 0 0 0
14400 -306.718 0 0 0 0.76835 100 21 1.49786 100 23 0 0 0 -2.39429 100 21 0 0 0 0 0 0 0 0 0 0 0
14500 -306.525 0 0 0 1.09824 100 20 -0.042562 100 31 0 0 0 -2.39614 100 15 0 0 0 0 0 0 0 0 0 0 0
14600 -308.193 0 0 0 1.20621 100 25 -1.00173 100 22 0 0 0 -2.38545 100 15 0 0 0 0 0 0 0 0 0 0 0
14700 -305.563 0 0 0 1.71389 100 21 4.29017 100 18 0 0 0 -2.94864 100 22 0 0 0 0 0 0 0 0 0 0 0
14800 -305.5 0 0 0 1.24806 100 20 2.83586 100 19 0 0 0 -2.63549 100 21 0 0 0 0 0 0 0 0 0 0 0
14900 -305.833 0 0 0 1.47048 100 26 2.03472 100 22 0 0 0 -2.68049 100 19 0 0 0 0 0 0 0 0 0 0 0
15000 -305.912 0 0 0 1.02608 100 13 2.86802 100 20 0 0 0 -2.49146 100 18 0 0 0 0 0 0 0 0 0 0 0
15100 -308.279 0 0 0 0.512933 100 15 -1.66702 100 19 0 0 0 -2.15129 100 21 0 0 0 0 0 0 0 0 0 0 0
15200 -306.064 0 0 0 0.678688 100 22 0.531535 100 24 0 0 0 -2.08274 100 17 0 0 0 0 0 0 0 0 0 0 0
15300 -306.75 0 0 0 0.864704 100 24 3.04308 100 17 0 0 0 -2.39541 100 24 0 0 0 0 0 0 0 0 0 0 0
15400 -307.052 0 0 0 2.00409 100 11 5.24171 100 24 0 0 0 -3.34342 100 17 0 0 0 0 0 0 0 0 0 0 0
15500 -305.664 0 0 0 1.32445 100 22 2.13566 100 20 0 0 0 -2.66805 100 19 0 0 0 0 0 0 0 0 0 0 0
15600 -306.113 0 0 0 1.54363 100 16 2.29313 100 20 0 0 0 -2.82435 100 12 0 0 0 0 0 0 0 0 0 0 0
15700 -308.593 0 0 0 0.610678 100 23 3.00479 100 21 0 0 0 -2.18887 100 20 0 0 0 0 0 0 0 0 0 0 0
15800 -306.452 0 0 0 0.730998 100 19 0.231337 100 38 0 0 0 -2.28363 100 15 0 0 0 0 0 0 0 0 0 0 0
15900 -307.824 0 0 0 1.25907 100 18 0.359452 100 28 0 0 0 -2.67631 100 20 0 0 0 0 0 0 0 0 0 0 0
16000 -305.529 0 0 0 1.32728 100 25 2.72418 100 22 0 0 0 -2.69294 100 24 0 0 0 0 0 0 0 0 0 0 0
16100 -309.518 0 0 0 1.36435 100 15 4.57197 100 23 0 0 0 -3.0694 100 13 0 0 0 0 0 0 0 0 0 0 0
16200 -306.317 0 0 0 0.790967 100 20 -0.580365 100 24 0 0 0 -2.15243 100 19 0 0 0 0 0 0 0 0 0 0 0
16300 -305.938 0 0 0 1.20977 100 21 1.60758 100 24 0 0 0 -2.40042 100 23 0 0 0 0 0 0 0 0 0 0 0
16400 -305.491 0 0 0 1.07969 100 23 1.88135 100 18 0 0 0 -2.47352 100 18 0 0 0 0 0 0 0 0 0 0 0
16500 -305.675 0 0 0 0.889 100 24 0.804788 100 18 0 0 0 -2.26784 100 15 0 0 0 0 0 0 0 0 0 0 0
16600 -307.031 0 0 0 0.931472 100 22 2.23036 100 19 0 0 0 -2.56532 100 12 0 0 0 0 0 0 0 0 0 0 0
16700 -305.987 0 0 0 0.815081 100 24 -0.0160841 100 23 0 0 0 -2.2085 100 16 0 0 0 0 0 0 0 0 0 0 0
16800 -307.295 0 0 0 0.807685 100 22 3.19868 100 25 0 0 0 -2.37408 100 13 0 0 0 0 0 0 0 0 0 0 0
16900 -307.399 0 0 0 1.52957 100 23 5.60077 100 28 0 0 0 -2.79022 100 15 0 0 0 0 0 0 0 0 0 0 0
17000 -306.238 0 0 0 1.08693 100 21 3.48807 100 30 0 0 0 -2.57134 100 22 0 0 0 0 0 0 0 0 0 0 0
17100 -306.559 0 0 0 1.13346 100 22 1.79637 100 18 0 0 0 -2.64841 100 18 0 0 0 0 0 0 0 0 0 0 0
17200 -306.294 0 0 0 0.765632 100 18 1.5783 100 25 0 0 0 -2.34142 100 18 0 0 0 0 0 0 0 0 0 0 0
17300 -307.033 0 0 0 1.64782 100 25 3.83218 100 30 0 0 0 -2.67017 100 20 0 0 0 0 0 0 0 0 0 0 0
17400 -305.906 0 0 0 1.68233 100 21 4.4296 100 22 0 0 0 -2.82655 100 15 0 0 0 0 0 0 0 0 0 0 0
17500 -307.205 0 0 0 0.345712 100 15 -1.36754 100 16 0 0 0 -1.96207 100 20 0 0 0 0 0 0 0 0 0 0 0
17600 -307.453 0 0 0 1.01676 100 19 1.13757 100 25 0 0 0 -2.60506 100 17 0 0 0 0 0 0 0 0 0 0 0
17700 -308.296 0 0 0 0.594154 100 25 -2.73994 100 20 0 0 0 -2.02545 100 21 0 0 0 0 0 0 0 0 0 0 0
17800 -305.687 0 0 0 1.45968 100 24 2.95674 100 21 0 0 0 -2.80439 100 12 0 0 0 0 0 0 0 0 0 0 0
17900 -305.736 0 0 0 1.6889 100 20 3.27938 100 25 0 0 0 -2.83869 100 14 0 0 0 0 0 0 0 0 0 0 0
18000 -306.867 0 0 0 0.925275 100 13 0.788989 100 26 0 0 0 -2.11795 100 19 0 0 0 0 0 0 0 0 0 0 0
18100 -306.14 0 0 0 1.78492 100 20 3.93695 100 24 0 0 0 -2.84811 100 21 0 0 0 0 0 0 0 0 0 0 0
18200 -307.215 0 0 0 1.89219 100 21 2.97397 100 16 0 0 0 -2.86446 100 20 0 0 0 0 0 0 0 0 0 0 0
18300 -305.736 0 0 0 0.869592 100 17 0.732215 100 30 0 0 0 -2.29337 100 19 0 0 0 0 0 0 0 0 0 0 0
18400 -309.773 0 0 0 2.29484 100 24 2.69611 100 20 0 0 0 -3.17219 100 17 0 0 0 0 0 0 0 0 0 0 0
18500 -307.397 0 0 0 1.28756 100 23 1.98328 100 22 0 0 0 -2.80788 100 22 0 0 0 0 0 0 0 0 0 0 0
18600 -309.263 0 0 0 1.13174 100 20 -0.142057 100 17 0 0 0 -2.13144 100 19 0 0 0 0 0 0 0 0 0 0 0
18700 -305.996 0 0 0 0.713086 100 23 1.24783 100 26 0 0 0 -2.20341 100 20 0 0 0 0 0 0 0 0 0 0 0
18800 -306.356 0 0 0 1.09051 100 22 3.27215 100 21 0 0 0 -2.41713 100 22 0 0 0 0 0 0 0 0 0 0 0
18900 -305.777 0 0 0 1.43296 100 21 1.97707 100 18 0 0 0 -2.64437 100 17 0 0 0 0 0 0 0 0 0 0 0
19000 -305.559 0 0 0 1.2672 100 15 1.84519 100 15 0 0 0 -2.58088 100 15 0 0 0 0 0 0 0 0 0 0 0
19100 -305.44 0 0 0 1.54666 100 21 3.63872 100 30 0 0 0 -2.81785 100 18 0 0 0 0 0 0 0 0 0 0 0
19200 -306.381 0 0 0 0.797359 100 19 -0.652943 100 15 0 0 0 -2.16689 100 20 0 0 0 0 0 0 0 0 0 0 0
19300 -307.696 0 0 0 0.101005 100 26 -1.05077 100 17 0 0 0 -1.73574 100 24 0 0 0 0 0 0 0 0 0 0 0
19400 -306.659 0 0 0 1.31565 100 16 0.529821 100 33 0 0 0 -2.53093 100 19 0 0 0 0 0 0 0 0 0 0 0
19500 -307.415 0 0 0 0.912332 100 25 3.71308 100 25 0 0 0 -2.47899 100 23 0 0 0 0 0 0 0 0 0 0 0
19600 -306.853 0 0 0 0.65706 100 19 -0.707675 100 20 0 0 0 -2.19877 100 14 0 0 0 0 0 0 0 0 0 0 0
19700 -306.648 0 0 0 0.793057 100 22 2.57696 100 28 0 0 0 -2.35524 100 20 0 0 0 0 0 0 0 0 0 0 0
19800 -309.4 0 0 0 0.377349 100 28 -3.12616 100 24 0 0 0 -2.00509 100 16 0 0 0 0 0 0 0 0 0 0 0
19900 -308.286 0 0 0 0.141539 100 18 -0.393631 100 23 0 0 0 -1.92683 100 17 0 0 0 0 0 0 0 0 0 0 0
20000 -306.103 0 0 0 0.878358 100 20 1.87161 100 29 0 0 0 -2.22613 100 17 0 0 0 0 0 0 0 0 0 0 0
20100 -308.136 0 0 0 0.383207 100 26 0.898364 100 24 0 0 0 -1.84806 100 16 0 0 0 0 0 0 0 0 0 0 0
20200 -307.539 0 0 0 0.210131 100 22 -0.304805 100 20 0 0 0 -1.90158 100 20 0 0 0 0 0 0 0 0 0 0 0
20300 -305.597 0 0 0 1.2772 100 26 1.71995 100 27 0 0 0 -2.53942 100 18 0 0 0 0 0 0 0 0 0 0 0
20400 -306.519 0 0 0 1.01831 100 24 1.04789 100 19 0 0 0 -2.20702 100 20 0 0 0 0 0 0 0 0 0 0 0
20500 -307.748 0 0 0 0.45367 100 21 -2.61684 100 24 0 0 0 -1.8995 100 19 0 0 0 0 0 0 0 0 0 0 0
20600 -306.152 0 0 0 0.727454 100 5 0.228923 100 28 0 0 0 -2.07238 100 13 0 0 0 0 0 0 0 0 0 0 0
20700 -306.678 0 0 0 1.12687 100 26 3.6518 100 19 0 0 0 -2.44704 100 13 0 0 0 0 0 0 0 0 0 0 0
20800 -305.546 0 0 0 1.07256 100 18 2.32235 100 24 0 0 0 -2.42239 100 19 0 0 0 0 0 0 0 0 0 0 0
20900 -305.703 0 0 0 1.5591 100 17 4.18815 100 23 0 0 0 -2.9045 100 13 0 0 0 0 0 0 0 0 0 0 0
21000 -307.635 0 0 0 2.38815 100 18 8.0916 100 23 0 0 0 -3.50659 100 11 0 0 0 0 0 0 0 0 0 0 0
21100 -305.488 0 0 0 1.39284 100 11 2.48078 100 22 0 0 0 -2.62368 100 22 0 0 0 0 0 0 0 0 0 0 0
21200 -306.087 0 0 0 1.78524 100 19 4.52341 100 22 0 0 0 -2.87643 100 15 0 0 0 0 0 0 0 0 0 0 0
21300 -308.106 0 0 0 2.80232 100 17 7.58888 100 26 0 0 0 -3.65811 100 18 0 0 0 0 0 0 0 0 0 0 0
21400 -307.879 0 0 0 2.65118 100 17 7.35465 100 20 0 0 0 -3.80344 100 20 0 0 0 0 0 0 0 0 0 0 0
21500 -306.602 0 0 0 2.38245 100 20 6.25278 100 24 0 0 0 -3.42409 100 19 0 0 0 0 0 0 0 0 0 0 0
21600 -307.362 0 0 0 1.17037 100 29 0.431677 100 29 0 0 0 -2.26136 100 24 0 0 0 0 0 0 0 0 0 0 0
21700 -306.146 0 0 0 0.76945 100 22 0.663796 100 25 0 0 0 -2.10086 100 13 0 0 0 0 0 0 0 0 0 0 0
21800 -307.408 0 0 0 1.03949 100 24 3.42619 100 27 0 0 0 -2.33142 100 19 0 0 0 0 0 0 0 0 0 0 0
21900 -305.53 0 0 0 1.29908 100 26 3.41209 100 25 0 0 0 -2.6512 100 13 0 0 0 0 0 0 0 0 0 0 0
22000 -306.519 0 0 0 1.54907 100 22 2.81643 100 13 0 0 0 -2.60692 100 19 0 0 0 0 0 0 0 0 0 0 0
22100 -307.137 0 0 0 0.414782 100 14 -0.690137 100 25 0 0 0 -1.80905 100 19 0 0 0 0 0 0 0 0 0 0 0
22200 -308.896 0 0 0 -0.0588837 100 18 -2.50296 100 17 0 0 0 -1.71483 100 20 0 0 0 0 0 0 0 0 0 0 0
22300 -306.115 0 0 0 1.63694 100 12 5.12285 100 28 0 0 0 -2.99387 100 24 0 0 0 0 0 0 0 0 0 0 0
22400 -305.747 0 0 0 1.45169 100 23 3.06926 100 19 0 0 0 -2.81747 100 18 0 0 0 0 0 0 0 0 0 0 0
22500 -308.227 0 0 0 0.401336 100 20 -1.54504 100 21 0 0 0 -1.69815 100 17 0 0 0 0 0 0 0 0 0 0 0
22600 -307.058 0 0 0 1.34034 100 19 0.8042 100 24 0 0 0 -2.42771 100 18 0 0 0 0 0 0 0 0 0 0 0
22700 -307.594 0 0 0 1.43832 100 20 0.245775 100 31 0 0 0 -2.58305 100 21 0 0 0 0 0 0 0 0 0 0 0
22800 -307.376 0 0 0 1.63681 100 13 5.2379 100 28 0 0 0 -2.75771 100 12 0 0 0 0 0 0 0 0 0 0 0
22900 -306.027 0 0 0 1.33128 100 21 1.27451 100 19 0 0 0 -2.59199 100 21 0 0 0 0 0 0 0 0 0 0 0
23000 -306.546 0 0 0 1.05973 100 20 3.6879 100 19 0 0 0 -2.50274 100 13 0 0 0 0 0 0 0 0 0 0 0
23100 -307.24 0 0 0 0.395242 100 20 0.706876 100 24 0 0 0 -2.07301 100 11 0 0 0 0 0 0 0 0 0 0 0
23200 -305.523 0 0 0 1.11291 100 10 2.33734 100 19 0 0 0 -2.43592 100 22 0 0 0 0 0 0 0 0 0 0 0
23300 -307.038 0 0 0 1.32433 100 23 1.20903 100 20 0 0 0 -2.7317 100 18 0 0 0 0 0 0 0 0 0 0 0
23400 -305.86 0 0 0 1.4892 100 20 2.07994 100 23 0 0 0 -2.68423 100 16 0 0 0 0 0 0 0 0 0 0 0
23500 -310.344 0 0 0 2.83963 100 30 5.37745 100 25 0 0 0 -3.86064 100 25 0 0 0 0 0 0 0 0 0 0 0
23600 -307.203 0 0 0 1.33223 100 26 1.75643 100 25 0 0 0 -2.80006 100 21 0 0 0 0 0 0 0 0 0 0 0
23700 -306.476 0 0 0 1.53776 100 23 1.55827 100 29 0 0 0 -2.69428 100 20 0 0 0 0 0 0 0 0 0 0 0
23800 -305.742 0 0 0 0.903318 100 23 0.58925 100 28 0 0 0 -2.28431 100 20 0 0 0 0 0 0 0 0 0 0 0
23900 -306.542 0 0 0 0.712721 100 18 -0.621714 100 26 0 0 0 -2.19689 100 14 0 0 0 0 0 0 0 0 0 0 0
24000 -306.381 0 0 0 1.37047 100 21 3.12905 100 29 0 0 0 -2.84325 100 21 0 0 0 0 0 0 0 0 0 0 0
24100 -306.664 0 0 0 1.98572 100 35 6.42608 100 22 0 0 0 -3.28422 100 24 0 0 0 0 0 0 0 0 0 0 0
24200 -306.011 0 0 0 1.71399 100 20 5.27131 100 34 0 0 0 -3.02344 100 17 0 0 0 0 0 0 0 0 0 0 0
24300 -305.885 0 0 0 1.3302 100 20 2.17684 100 19 0 0 0 -2.71069 100 23 0 0 0 0 0 0 0 0 0 0 0
24400 -306.041 0 0 0 0.783618 100 15 -0.0959282 100 18 0 0 0 -2.20295 100 18 0 0 0 0 0 0 0 0 0 0 0
24500 -306.206 0 0 0 0.706089 100 22 0.0110904 100 30 0 0 0 -2.21274 100 22 0 0 0 0 0 0 0 0 0 0 0
24600 -307.109 0 0 0 0.37812 100 19 -1.85344 100 25 0 0 0 -1.89745 100 18 0 0 0 0 0 0 0 0 0 0 0
24700 -308.918 0 0 0 1.94966 100 25 5.08617 100 14 0 0 0 -2.83513 100 24 0 0 0 0 0 0 0 0 0 0 0
24800 -306.953 0 0 0 1.24686 100 24 4.64672 100 22 0 0 0 -2.6409 100 13 0 0 0 0 0 0 0 0 0 0 0
24900 -306.85 0 0 0 2.26538 100 22 4.70914 100 28 0 0 0 -3.29746 100 22 0 0 0 0 0 0 0 0 0 0 0
25000 -305.823 0 0 0 0.83722 100 19 1.67678 100 18 0 0 0 -2.31503 100 18 0 0 0 0 0 0 0 0 0 0 0
25100 -305.855 0 0 0 1.35427 100 16 2.44161 100 21 0 0 0 -2.74023 100 15 0 0 0 0 0 0 0 0 0 0 0
25200 -305.783 0 0 0 1.55361 100 22 3.89746 100 28 0 0 0 -2.91457 100 23 0 0 0 0 0 0 0 0 0 0 0
25300 -307.788 0 0 0 2.53264 100 18 7.13357 100 25 0 0 0 -3.42805 100 15 0 0 0 0 0 0 0 0 0 0 0
25400 -308.177 0 0 0 2.69311 100 25 8.37435 100 23 0 0 0 -3.87128 100 15 0 0 0 0 0 0 0 0 0 0 0
25500 -306.296 0 0 0 1.4014 100 23 1.76276 100 21 0 0 0 -2.51658 100 17 0 0 0 0 0 0 0 0 0 0 0
25600 -305.374 0 0 0 1.31114 100 21 2.64447 100 24 0 0 0 -2.60248 100 22 0 0 0 0 0 0 0 0 0 0 0
25700 -306.661 0 0 0 0.710214 100 24 2.16226 100 28 0 0 0 -2.20952 100 23 0 0 0 0 0 0 0 0 0 0 0
25800 -306.757 0 0 0 0.700013 100 23 -0.650224 100 19 0 0 0 -2.21764 100 21 0 0 0 0 0 0 0 0 0 0 0
25900 -306.272 0 0 0 0.967949 100 20 2.47479 100 21 0 0 0 -2.52218 100 21 0 0 0 0 0 0 0 0 0 0 0
26000 -306.631 0 0 0 0.587019 100 21 -0.29855 100 17 0 0 0 -1.93897 100 15 0 0 0 0 0 0 0 0 0 0 0
26100 -306.542 0 0 0 1.48761 100 20 3.88528 100 26 0 0 0 -2.95599 100 13 0 0 0 0 0 0 0 0 0 0 0
26200 -305.855 0 0 0 0.932751 100 22 2.28384 100 19 0 0 0 -2.41322 100 21 0 0 0 0 0 0 0 0 0 0 0
26300 -307.849 0 0 0 1.22132 100 29 3.07884 100 18 0 0 0 -2.84938 100 20 0 0 0 0 0 0 0 0 0 0 0
26400 -305.988 0 0 0 1.86674 100 22 4.44116 100 23 0 0 0 -2.94937 100 14 0 0 0 0 0 0 0 0 0 0 0
26500 -306.921 0 0 0 2.47406 100 20 6.66215 100 29 0 0 0 -3.58065 100 17 0 0 0 0 0 0 0 0 0 0 0
26600 -305.87 0 0 0 1.39433 100 27 3.64337 100 28 0 0 0 -2.61007 100 21 0 0 0 0 0 0 0 0 0 0 0
26700 -306.245 0 0 0 1.90001 100 15 4.12189 100 29 0 0 0 -2.94063 100 18 0 0 0 0 0 0 0 0 0 0 0
26800 -306.846 0 0 0 1.67216 100 20 5.30206 100 27 0 0 0 -3.11708 100 18 0 0 0 0 0 0 0 0 0 0 0
26900 -306.36 0 0 0 0.918458 100 22 1.39492 100 22 0 0 0 -2.17643 100 15 0 0 0 0 0 0 0 0 0 0 0
27000 -309.42 0 0 0 -0.250191 100 28 -3.4499 100 18 0 0 0 -1.46498 100 19 0 0 0 0 0 0 0 0 0 0 0
27100 -306.159 0 0 0 1.03857 100 25 0.574526 100 28 0 0 0 -2.26521 100 10 0 0 0 0 0 0 0 0 0 0 0
27200 -305.717 0 0 0 1.6202 100 16 2.94878 100 26 0 0 0 -2.78542 100 17 0 0 0 0 0 0 0 0 0 0 0
27300 -305.742 0 0 0 1.03189 100 28 1.57792 100 26 0 0 0 -2.31197 100 13 0 0 0 0 0 0 0 0 0 0 0
27400 -311.553 0 0 0 0.0270056 100 23 1.57995 100 28 0 0 0 -1.81874 100 16 0 0 0 0 0 0 0 0 0 0 0
27500 -306.299 0 0 0 1.65161 100 26 5.36097 100 26 0 0 0 -3.01752 100 21 0 0 0 0 0 0 0 0 0 0 0
27600 -305.473 0 0 0 1.46219 100 20 2.96897 100 28 0 0 0 -2.75822 100 18 0 0 0 0 0 0 0 0 0 0 0
27700 -305.935 0 0 0 1.6232 100 23 4.9608 100 19 0 0 0 -2.88323 100 18 0 0 0 0 0 0 0 0 0 0 0
27800 -307.935 0 0 0 0.378068 100 26 -0.257282 100 27 0 0 0 -2.12763 100 15 0 0 0 0 0 0 0 0 0 0 0
27900 -307.172 0 0 0 0.969944 100 24 3.60645 100 31 0 0 0 -2.38865 100 19 0 0 0 0 0 0 0 0 0 0 0
28000 -305.848 0 0 0 1.12279 100 23 3.23146 100 26 0 0 0 -2.55546 100 10 0 0 0 0 0 0 0 0 0 0 0
28100 -306.149 0 0 0 1.34909 100 25 1.71239 100 21 0 0 0 -2.70356 100 26 0 0 0 0 0 0 0 0 0 0 0
28200 -306.029 0 0 0 1.47799 100 23 4.29619 100 20 0 0 0 -2.70106 100 14 0 0 0 0 0 0 0 0 0 0 0
28300 -307.99 0 0 0 1.15521 100 22 4.21189 100 14 0 0 0 -2.80997 100 13 0 0 0 0 0 0 0 0 0 0 0
28400 -307.986 0 0 0 1.61606 100 22 3.65302 100 14 0 0 0 -2.58886 100 17 0 0 0 0 0 0 0 0 0 0 0
28500 -308.466 0 0 0 0.489693 100 16 -3.17556 100 23 0 0 0 -1.87251 100 18 0 0 0 0 0 0 0 0 0 0 0
28600 -306.981 0 0 0 0.785794 100 27 -1.24291 100 24 0 0 0 -2.08079 100 19 0 0 0 0 0 0 0 0 0 0 0
28700 -305.919 0 0 0 1.00253 100 22 2.34455 100 24 0 0 0 -2.50589 100 15 0 0 0 0 0 0 0 0 0 0 0
28800 -306.501 0 0 0 1.86193 100 26 5.28506 100 21 0 0 0 -3.21445 100 15 0 0 0 0 0 0 0 0 0 0 0
28900 -305.774 0 0 0 1.23879 100 30 3.05439 100 28 0 0 0 -2.50013 100 18 0 0 0 0 0 0 0 0 0 0 0
29000 -306.364 0 0 0 1.48009 100 17 1.56858 100 18 0 0 0 -2.73247 100 15 0 0 0 0 0 0 0 0 0 0 0
29100 -306.166 0 0 0 1.50865 100 27 1.90465 100 25 0 0 0 -2.64468 100 12 0 0 0 0 0 0 0 0 0 0 0
29200 -307.342 0 0 0 0.886442 100 28 -1.39634 100 25 0 0 0 -2.17821 100 19 0 0 0 0 0 0 0 0 0 0 0
29300 -307.481 0 0 0 0.984681 100 23 1.23758 100 22 0 0 0 -2.12717 100 22 0 0 0 0 0 0 0 0 0 0 0
29400 -305.732 0 0 0 1.77724 100 22 3.78984 100 21 0 0 0 -2.92032 100 19 0 0 0 0 0 0 0 0 0 0 0
29500 -306.474 0 0 0 0.661835 100 23 0.944557 100 28 0 0 0 -2.04483 100 13 0 0 0 0 0 0 0 0 0 0 0
29600 -305.762 0 0 0 1.75804 100 23 4.82248 100 23 0 0 0 -3.03606 100 16 0 0 0 0 0 0 0 0 0 0 0
29700 -307.302 0 0 0 1.91697 100 21 6.91254 100 22 0 0 0 -3.17547 100 22 0 0 0 0 0 0 0 0 0 0 0
29800 -307.128 0 0 0 1.4697 100 26 0.775852 100 26 0 0 0 -2.68692 100 21 0 0 0 0 0 0 0 0 0 0 0
29900 -308.216 0 0 0 1.16133 100 23 0.741551 100 32 0 0 0 -2.19723 100 22 0 0 0 0 0 0 0 0 0 0 0
30000 -305.505 0 0 0 1.18209 100 26 2.58764 100 24 0 0 0 -2.4851 100 23 0 0 0 0 0 0 0 0 0 0 0
30100 -306.158 0 0 0 0.68387 100 24 -0.0726887 100 29 0 0 0 -2.05454 100 13 0 0 0 0 0 0 0 0 0 0 0
30200 -306.026 0 0 0 1.02965 100 16 0.808754 100 22 0 0 0 -2.45427 100 19 0 0 0 0 0 0 0 0 0 0 0
30300 -307.528 0 0 0 2.44602 100 19 4.9725 100 19 0 0 0 -3.43493 100 18 0 0 0 0 0 0 0 0 0 0 0
30400 -307.721 0 0 0 2.48564 100 22 6.17925 100 29 0 0 0 -3.35699 100 15 0 0 0 0 0 0 0 0 0 0 0
30500 -308.35 0 0 0 2.69191 100 21 7.88807 100 16 0 0 0 -3.88546 100 17 0 0 0 0 0 0 0 0 0 0 0
30600 -306.044 0 0 0 2.06397 100 19 5.33618 100 20 0 0 0 -3.15892 100 23 0 0 0 0 0 0 0 0 0 0 0
30700 -308.389 0 0 0 0.189105 100 24 -3.13494 100 17 0 0 0 -1.61651 100 22 0 0 0 0 0 0 0 0 0 0 0
30800 -306.165 0 0 0 0.585013 100 27 0.332152 100 27 0 0 0 -2.10492 100 23 0 0 0 0 0 0 0 0 0 0 0
30900 -309.99 0 0 0 0.350169 100 22 -4.32419 100 23 0 0 0 -1.67814 100 28 0 0 0 0 0 0 0 0 0 0 0
31000 -308.33 0 0 0 0.0834295 100 16 -2.37355 100 27 0 0 0 -1.55467 100 20 0 0 0 0 0 0 0 0 0 0 0
31100 -305.476 0 0 0 1.06341 100 24 1.71804 100 31 0 0 0 -2.40141 100 18 0 0 0 0 0 0 0 0 0 0 0
31200 -309.675 0 0 0 1.6442 100 16 0.49788 100 28 0 0 0 -2.56522 100 17 0 0 0 0 0 0 0 0 0 0 0
31300 -305.764 0 0 0 0.979806 100 24 1.13522 100 24 0 0 0 -2.41774 100 20 0 0 0 0 0 0 0 0 0 0 0
31400 -305.931 0 0 0 1.36512 100 15 2.80893 100 20 0 0 0 -2.52908 100 23 0 0 0 0 0 0 0 0 0 0 0
31500 -307.874 0 0 0 1.66688 100 27 6.31116 100 23 0 0 0 -2.91384 100 21 0 0 0 0 0 0 0 0 0 0 0
31600 -307.269 0 0 0 1.38848 100 18 5.17563 100 27 0 0 0 -2.90299 100 14 0 0 0 0 0 0 0 0 0 0 0
31700 -305.549 0 0 0 1.23289 100 31 2.45679 100 26 0 0 0 -2.4877 100 23 0 0 0 0 0 0 0 0 0 0 0
31800 -305.993 0 0 0 1.37764 100 19 3.83373 100 30 0 0 0 -2.81878 100 17 0 0 0 0 0 0 0 0 0 0 0
31900 -306.643 0 0 0 1.9428 100 15 6.02452 100 23 0 0 0 -3.05518 100 17 0 0 0 0 0 0 0 0 0 0 0
32000 -307.922 0 0 0 0.681932 100 20 -0.501481 100 22 0 0 0 -1.88348 100 24 0 0 0 0 0 0 0 0 0 0 0
32100 -306.745 0 0 0 0.757872 100 22 2.52649 100 23 0 0 0 -2.31664 100 17 0 0 0 0 0 0 0 0 0 0 0
32200 -309.972 0 0 0 -0.0744827 100 24 -0.257829 100 28 0 0 0 -1.8283 100 25 0 0 0 0 0 0 0 0 0 0 0
32300 -308.636 0 0 0 0.001017 100 26 -1.59891 100 22 0 0 0 -1.54081 100 18 0 0 0 0 0 0 0 0 0 0 0
32400 -307.88 0 0 0 0.625264 100 24 -2.45799 100 23 0 0 0 -1.99308 100 25 0 0 0 0 0 0 0 0 0 0 0
32500 -306.223 0 0 0 0.650897 100 20 -0.500226 100 15 0 0 0 -2.10058 100 11 0 0 0 0 0 0 0 0 0 0 0
32600 -306.057 0 0 0 1.88073 100 20 5.26765 100 22 0 0 0 -3.00503 100 18 0 0 0 0 0 0 0 0 0 0 0
32700 -311.033 0 0 0 1.98058 100 20 7.74341 100 25 0 0 0 -3.0438 100 23 0 0 0 0 0 0 0 0 0 0 0
32800 -306.912 0 0 0 2.01024 100 16 6.78616 100 18 0 0 0 -3.30211 100 17 0 0 0 0 0 0 0 0 0 0 0
32900 -305.902 0 0 0 1.89002 100 22 4.66622 100 16 0 0 0 -2.9925 100 21 0 0 0 0 0 0 0 0 0 0 0
33000 -307.153 0 0 0 1.80874 100 14 2.37478 100 30 0 0 0 -2.82219 100 16 0 0 0 0 0 0 0 0 0 0 0
33100 -306.594 0 0 0 0.475296 100 28 -0.696983 100 28 0 0 0 -1.90335 100 24 0 0 0 0 0 0 0 0 0 0 0
33200 -308.299 0 0 0 1.10434 100 27 -0.642869 100 25 0 0 0 -2.18306 100 20 0 0 0 0 0 0 0 0 0 0 0
33300 -305.746 0 0 0 1.23805 100 13 1.38201 100 27 0 0 0 -2.54476 100 13 0 0 0 0 0 0 0 0 0 0 0
33400 -305.731 0 0 0 1.26206 100 14 2.59843 100 19 0 0 0 -2.48162 100 9 0 0 0 0 0 0 0 0 0 0 0
33500 -306.755 0 0 0 2.31859 100 22 7.13481 100 23 0 0 0 -3.46201 100 18 0 0 0 0 0 0 0 0 0 0 0
33600 -307.49 0 0 0 1.88167 100 18 6.49406 100 20 0 0 0 -3.023 100 26 0 0 0 0 0 0 0 0 0 0 0
33700 -311.187 0 0 0 1.61565 100 26 -0.999401 100 20 0 0 0 -2.78406 100 21 0 0 0 0 0 0 0 0 0 0 0
33800 -305.845 0 0 0 0.955253 100 19 1.29122 100 28 0 0 0 -2.42804 100 17 0 0 0 0 0 0 0 0 0 0 0
33900 -305.631 0 0 0 1.14791 100 23 2.94794 100 27 0 0 0 -2.5638 100 17 0 0 0 0 0 0 0 0 0 0 0
34000 -305.582 0 0 0 1.49007 100 22 3.75322 100 22 0 0 0 -2.71265 100 15 0 0 0 0 0 0 0 0 0 0 0
34100 -305.931 0 0 0 1.09885 100 20 1.37472 100 23 0 0 0 -2.53307 100 26 0 0 0 0 0 0 0 0 0 0 0
34200 -306.5 0 0 0 0.452116 100 17 -0.607198 100 26 0 0 0 -1.93068 100 21 0 0 0 0 0 0 0 0 0 0 0
34300 -306.267 0 0 0 0.530867 100 29 -0.241204 100 32 0 0 0 -2.0122 100 13 0 0 0 0 0 0 0 0 0 0 0
34400 -307.241 0 0 0 0.219928 100 21 -0.728021 100 25 0 0 0 -1.85089 100 13 0 0 0 0 0 0 0 0 0 0 0
34500 -306.252 0 0 0 0.979045 100 15 -0.0405705 100 26 0 0 0 -2.33392 100 27 0 0 0 0 0 0 0 0 0 0 0
34600 -307.324 0 0 0 1.87615 100 23 4.90506 100 27 0 0 0 -2.85844 100 20 0 0 0 0 0 0 0 0 0 0 0
34700 -309.496 0 0 0 2.87793 100 20 10.1421 100 24 0 0 0 -3.94391 100 19 0 0 0 0 0 0 0 0 0 0 0
34800 -306.709 0 0 0 2.28525 100 21 5.61011 100 23 0 0 0 -3.43675 100 22 0 0 0 0 0 0 0 0 0 0 0
34900 -306.521 0 0 0 1.76776 100 18 4.7709 100 18 0 0 0 -2.83932 100 13 0 0 0 0 0 0 0 0 0 0 0
35000 -307.64 0 0 0 0.653322 100 21 0.377768 100 27 0 0 0 -2.34241 100 17 0 0 0 0 0 0 0 0 0 0 0
35100 -306.098 0 0 0 0.857948 100 19 1.64563 100 28 0 0 0 -2.19942 100 15 0 0 0 0 0 0 0 0 0 0 0
35200 -306.473 0 0 0 0.946472 100 23 -0.29088 100 23 0 0 0 -2.20492 100 13 0 0 0 0 0 0 0 0 0 0 0
35300 -306.077 0 0 0 0.90903 100 17 0.00398318 100 20 0 0 0 -2.28072 100 15 0 0 0 0 0 0 0 0 0 0 0
35400 -305.969 0 0 0 0.763232 100 17 1.55034 100 23 0 0 0 -2.22635 100 25 0 0 0 0 0 0 0 0 0 0 0
35500 -306.998 0 0 0 1.24829 100 13 4.46436 100 22 0 0 0 -2.78826 100 18 0 0 0 0 0 0 0 0 0 0 0
35600 -306.887 0 0 0 0.613277 100 24 0.434361 100 21 0 0 0 -1.95196 100 20 0 0 0 0 0 0 0 0 0 0 0
35700 -305.953 0 0 0 0.685228 100 15 0.495815 100 20 0 0 0 -2.16852 100 24 0 0 0 0 0 0 0 0 0 0 0
35800 -309.122 0 0 0 0.0103497 100 23 -0.00187619 100 22 0 0 0 -1.70516 100 18 0 0 0 0 0 0 0 0 0 0 0
35900 -306.233 0 0 0 0.870007 100 17 0.533196 100 33 0 0 0 -2.1381 100 24 0 0 0 0 0 0 0 0 0 0 0
36000 -306.39 0 0 0 1.67459 100 27 3.49377 100 26 0 0 0 -3.02621 100 30 0 0 0 0 0 0 0 0 0 0 0
36100 -310.951 0 0 0 0.132023 100 33 -4.79065 100 21 0 0 0 -1.45189 100 17 0 0 0 0 0 0 0 0 0 0 0
36200 -307.688 0 0 0 0.443413 100 21 0.0377188 100 23 0 0 0 -2.17228 100 16 0 0 0 0 0 0 0 0 0 0 0
36300 -306.651 0 0 0 1.32592 100 24 2.62323 100 20 0 0 0 -2.81513 100 14 0 0 0 0 0 0 0 0 0 0 0
36400 -305.663 0 0 0 0.984576 100 11 2.23573 100 30 0 0 0 -2.42281 100 19 0 0 0 0 0 0 0 0 0 0 0
36500 -306.216 0 0 0 1.37341 100 22 3.12285 100 28 0 0 0 -2.82959 100 17 0 0 0 0 0 0 0 0 0 0 0
36600 -307.449 0 0 0 1.05501 100 29 2.28365 100 24 0 0 0 -2.68627 100 17 0 0 0 0 0 0 0 0 0 0 0
36700 -305.942 0 0 0 1.22617 100 23 3.54394 100 15 0 0 0 -2.68281 100 19 0 0 0 0 0 0 0 0 0 0 0
36800 -306.136 0 0 0 1.52766 100 17 4.11147 100 26 0 0 0 -2.6873 100 14 0 0 0 0 0 0 0 0 0 0 0
36900 -306.43 0 0 0 2.30448 100 26 6.29577 100 25 0 0 0 -3.3884 100 18 0 0 0 0 0 0 0 0 0 0 0
37000 -306.804 0 0 0 2.39624 100 17 7.08778 100 20 0 0 0 -3.45303 100 9 0 0 0 0 0 0 0 0 0 0 0
37100 -308.012 0 0 0 2.67924 100 25 7.64289 100 23 0 0 0 -3.83983 100 23 0 0 0 0 0 0 0 0 0 0 0
37200 -306.604 0 0 0 2.08933 100 20 4.69272 100 22 0 0 0 -3.29591 100 18 0 0 0 0 0 0 0 0 0 0 0
37300 -309.771 0 0 0 0.569232 100 29 3.04619 100 26 0 0 0 -2.08356 100 19 0 0 0 0 0 0 0 0 0 0 0
37400 -307.733 0 0 0 0.468528 100 21 -0.933153 100 22 0 0 0 -1.77372 100 15 0 0 0 0 0 0 0 0 0 0 0
37500 -305.794 0 0 0 0.946512 100 18 2.29339 100 33 0 0 0 -2.35765 100 21 0 0 0 0 0 0 0 0 0 0 0
37600 -306.731 0 0 0 1.40163 100 15 4.91922 100 23 0 0 0 -2.71479 100 16 0 0 0 0 0 0 0 0 0 0 0
37700 -307.049 0 0 0 1.69234 100 18 2.22246 100 21 0 0 0 -2.7067 100 22 0 0 0 0 0 0 0 0 0 0 0
37800 -306.778 0 0 0 1.05514 100 15 -0.0574671 100 20 0 0 0 -2.44815 100 23 0 0 0 0 0 0 0 0 0 0 0
37900 -308.435 0 0 0 0.0802759 100 24 -0.036672 100 23 0 0 0 -1.80539 100 19 0 0 0 0 0 0 0 0 0 0 0
38000 -306.748 0 0 0 1.63213 100 27 1.82312 100 26 0 0 0 -2.84497 100 26 0 0 0 0 0 0 0 0 0 0 0
38100 -305.754 0 0 0 1.68568 100 18 4.52424 100 24 0 0 0 -2.99613 100 13 0 0 0 0 0 0 0 0 0 0 0
38200 -307.462 0 0 0 2.00598 100 20 2.98813 100 30 0 0 0 -2.9793 100 18 0 0 0 0 0 0 0 0 0 0 0
38300 -305.748 0 0 0 1.33342 100 20 2.17326 100 19 0 0 0 -2.69102 100 20 0 0 0 0 0 0 0 0 0 0 0
38400 -306.501 0 0 0 1.96783 100 25 6.00986 100 21 0 0 0 -3.08284 100 22 0 0 0 0 0 0 0 0 0 0 0
38500 -309.258 0 0 0 2.35595 100 26 7.00168 100 20 0 0 0 -3.74562 100 18 0 0 0 0 0 0 0 0 0 0 0
38600 -306.808 0 0 0 1.13403 100 24 2.84948 100 26 0 0 0 -2.71124 100 21 0 0 0 0 0 0 0 0 0 0 0
38700 -305.913 0 0 0 1.57232 100 19 4.25001 100 26 0 0 0 -2.94965 100 20 0 0 0 0 0 0 0 0 0 0 0
38800 -305.614 0 0 0 1.14751 100 30 1.37082 100 22 0 0 0 -2.4239 100 18 0 0 0 0 0 0 0 0 0 0 0
38900 -306.054 0 0 0 0.721159 100 23 0.722629 100 16 0 0 0 -2.24746 100 22 0 0 0 0 0 0 0 0 0 0 0
39000 -307.21 0 0 0 1.98642 100 24 3.10093 100 27 0 0 0 -3.14338 100 18 0 0 0 0 0 0 0 0 0 0 0
39100 -307.887 0 0 0 2.6835 100 20 6.91901 100 20 0 0 0 -3.54667 100 19 0 0 0 0 0 0 0 0 0 0 0
39200 -306.776 0 0 0 1.91007 100 17 3.06554 100 31 0 0 0 -2.94017 100 15 0 0 0 0 0 0 0 0 0 0 0
39300 -305.812 0 0 0 1.41925 100 21 4.24833 100 27 0 0 0 -2.78704 100 24 0 0 0 0 0 0 0 0 0 0 0
39400 -306.975 0 0 0 2.37847 100 17 6.11533 100 26 0 0 0 -3.33141 100 16 0 0 0 0 0 0 0 0 0 0 0
39500 -305.463 0 0 0 1.51372 100 20 3.84419 100 25 0 0 0 -2.78745 100 23 0 0 0 0 0 0 0 0 0 0 0
39600 -308.9 0 0 0 1.01398 100 25 -2.10385 100 27 0 0 0 -2.24719 100 23 0 0 0 0 0 0 0 0 0 0 0
39700 -306.631 0 0 0 1.70173 100 16 2.142 100 19 0 0 0 -2.79893 100 23 0 0 0 0 0 0 0 0 0 0 0
39800 -308.724 0 0 0 0.364177 100 26 -2.21354 100 24 0 0 0 -1.6466 100 22 0 0 0 0 0 0 0 0 0 0 0
39900 -307.509 0 0 0 1.6641 100 22 3.15433 100 26 0 0 0 -3.08576 100 20 0 0 0 0 0 0 0 0 0 0 0
40000 -306.507 0 0 0 1.53813 100 23 5.13164 100 26 0 0 0 -2.96442 100 17 0 0 0 0 0 0 0 0 0 0 0
40100 -306.271 0 0 0 1.1855 100 18 0.866976 100 26 0 0 0 -2.55644 100 14 0 0 0 0 0 0 0 0 0 0 0
40200 -305.492 0 0 0 1.60528 100 18 3.4455 100 22 0 0 0 -2.82374 100 13 0 0 0 0 0 0 0 0 0 0 0
40300 -305.575 0 0 0 1.06699 100 21 2.3256 100 23 0 0 0 -2.41229 100 19 0 0 0 0 0 0 0 0 0 0 0
40400 -306.145 0 0 0 0.58936 100 24 0.052486 100 24 0 0 0 -2.04364 100 20 0 0 0 0 0 0 0 0 0 0 0
40500 -306.247 0 0 0 1.08904 100 15 0.96974 100 19 0 0 0 -2.28118 100 23 0 0 0 0 0 0 0 0 0 0 0
40600 -306.061 0 0 0 0.904228 100 16 2.42908 100 19 0 0 0 -2.41393 100 14 0 0 0 0 0 0 0 0 0 0 0
40700 -305.404 0 0 0 1.41626 100 25 3.37951 100 26 0 0 0 -2.70288 100 19 0 0 0 0 0 0 0 0 0 0 0
40800 -305.617 0 0 0 1.75298 100 23 4.20954 100 19 0 0 0 -2.92376 100 17 0 0 0 0 0 0 0 0 0 0 0
40900 -309.101 0 0 0 2.09956 100 23 3.25679 100 24 0 0 0 -3.36608 100 18 0 0 0 0 0 0 0 0 0 0 0
41000 -306.607 0 0 0 0.902372 100 19 2.77931 100 23 0 0 0 -2.29333 100 22 0 0 0 0 0 0 0 0 0 0 0
41100 -306.542 0 0 0 0.874631 100 21 0.46764 100 19 0 0 0 -2.40191 100 21 0 0 0 0 0 0 0 0 0 0 0
41200 -307.981 0 0 0 0.168858 100 17 -0.548192 100 22 0 0 0 -1.92316 100 17 0 0 0 0 0 0 0 0 0 0 0
41300 -307.468 0 0 0 0.555213 100 21 -1.37908 100 22 0 0 0 -2.13406 100 20 0 0 0 0 0 0 0 0 0 0 0
41400 -305.543 0 0 0 1.59505 100 26 4.24924 100 23 0 0 0 -2.86459 100 15 0 0 0 0 0 0 0 0 0 0 0
41500 -309.148 0 0 0 2.42841 100 18 9.09229 100 24 0 0 0 -3.59 100 23 0 0 0 0 0 0 0 0 0 0 0
41600 -307.717 0 0 0 1.532 100 19 6.08884 100 25 0 0 0 -2.96903 100 14 0 0 0 0 0 0 0 0 0 0 0
41700 -311.492 0 0 0 3.04284 100 18 8.29265 100 24 0 0 0 -4.27094 100 19 0 0 0 0 0 0 0 0 0 0 0
41800 -306.587 0 0 0 1.76419 100 22 4.38512 100 28 0 0 0 -2.80653 100 24 0 0 0 0 0 0 0 0 0 0 0
41900 -308.307 0 0 0 2.93581 100 19 7.5588 100 21 0 0 0 -3.92204 100 10 0 0 0 0 0 0 0 0 0 0 0
42000 -307.055 0 0 0 2.13585 100 22 6.85403 100 22 0 0 0 -3.22121 100 17 0 0 0 0 0 0 0 0 0 0 0
42100 -306.667 0 0 0 2.13369 100 21 5.39004 100 18 0 0 0 -3.12227 100 14 0 0 0 0 0 0 0 0 0 0 0
42200 -306.202 0 0 0 1.8146 100 23 5.43034 100 28 0 0 0 -3.14185 100 20 0 0 0 0 0 0 0 0 0 0 0
42300 -305.861 0 0 0 1.73226 100 24 3.23839 100 19 0 0 0 -2.92687 100 20 0 0 0 0 0 0 0 0 0 0 0
42400 -305.871 0 0 0 1.26077 100 22 1.59723 100 26 0 0 0 -2.61815 100 12 0 0 0 0 0 0 0 0 0 0 0
42500 -305.938 0 0 0 1.70123 100 18 3.02506 100 24 0 0 0 -2.91572 100 15 0 0 0 0 0 0 0 0 0 0 0
42600 -306.821 0 0 0 1.25284 100 24 0.456456 100 18 0 0 0 -2.39284 100 19 0 0 0 0 0 0 0 0 0 0 0
42700 -306.293 0 0 0 2.08788 100 18 5.4527 100 26 0 0 0 -3.1338 100 23 0 0 0 0 0 0 0 0 0 0 0
42800 -306.765 0 0 0 2.15832 100 24 4.71535 100 20 0 0 0 -3.33261 100 20 0 0 0 0 0 0 0 0 0 0 0
42900 -306.989 0 0 0 1.02592 100 24 -0.538538 100 27 0 0 0 -2.38166 100 20 0 0 0 0 0 0 0 0 0 0 0
43000 -305.791 0 0 0 1.04929 100 20 0.717192 100 21 0 0 0 -2.36172 100 20 0 0 0 0 0 0 0 0 0 0 0
43100 -306.312 0 0 0 1.36345 100 20 3.5595 100 23 0 0 0 -2.84454 100 18 0 0 0 0 0 0 0 0 0 0 0
43200 -305.753 0 0 0 1.1252 100 22 1.12967 100 25 0 0 0 -2.38216 100 17 0 0 0 0 0 0 0 0 0 0 0
43300 -306.046 0 0 0 0.696737 100 28 1.22412 100 22 0 0 0 -2.17025 100 27 0 0 0 0 0 0 0 0 0 0 0
43400 -308.647 0 0 0 0.865344 100 22 -0.599998 100 26 0 0 0 -1.96448 100 19 0 0 0 0 0 0 0 0 0 0 0
43500 -308.298 0 0 0 1.06016 100 21 3.29423 100 24 0 0 0 -2.76394 100 21 0 0 0 0 0 0 0 0 0 0 0
43600 -307.823 0 0 0 1.73453 100 18 5.57153 100 18 0 0 0 -3.24066 100 18 0 0 0 0 0 0 0 0 0 0 0
43700 -306.193 0 0 0 1.98365 100 11 6.05049 100 23 0 0 0 -3.20128 100 19 0 0 0 0 0 0 0 0 0 0 0
43800 -305.499 0 0 0 1.63166 100 21 3.62794 100 19 0 0 0 -2.86163 100 17 0 0 0 0 0 0 0 0 0 0 0
43900 -306.604 0 0 0 1.65292 100 24 4.15168 100 20 0 0 0 -2.71993 100 11 0 0 0 0 0 0 0 0 0 0 0
44000 -305.536 0 0 0 1.04395 100 19 1.96726 100 26 0 0 0 -2.382 100 20 0 0 0 0 0 0 0 0 0 0 0
44100 -308.077 0 0 0 1.04442 100 24 1.86223 100 22 0 0 0 -2.70009 100 21 0 0 0 0 0 0 0 0 0 0 0
44200 -306.529 0 0 0 1.55284 100 19 5.37343 100 25 0 0 0 -2.93606 100 20 0 0 0 0 0 0 0 0 0 0 0
44300 -306.578 0 0 0 1.57471 100 27 5.50008 100 22 0 0 0 -2.91119 100 15 0 0 0 0 0 0 0 0 0 0 0
44400 -305.663 0 0 0 0.945277 100 19 0.860243 100 23 0 0 0 -2.29294 100 20 0 0 0 0 0 0 0 0 0 0 0
44500 -306.373 0 0 0 0.917144 100 18 0.346521 100 26 0 0 0 -2.39551 100 27 0 0 0 0 0 0 0 0 0 0 0
44600 -305.754 0 0 0 0.966855 100 14 1.7894 100 27 0 0 0 -2.29467 100 19 0 0 0 0 0 0 0 0 0 0 0
44700 -307.339 0 0 0 0.693204 100 20 2.37847 100 18 0 0 0 -2.1475 100 16 0 0 0 0 0 0 0 0 0 0 0
44800 -306.495 0 0 0 0.677559 100 20 0.313629 100 25 0 0 0 -2.2558 100 18 0 0 0 0 0 0 0 0 0 0 0
44900 -307.114 0 0 0 1.7824 100 20 2.26964 100 21 0 0 0 -2.80478 100 24 0 0 0 0 0 0 0 0 0 0 0
45000 -307.55 0 0 0 1.44078 100 11 4.26813 100 24 0 0 0 -2.55637 100 18 0 0 0 0 0 0 0 0 0 0 0
45100 -306.737 0 0 0 1.15728 100 23 4.19351 100 21 0 0 0 -2.57483 100 22 0 0 0 0 0 0 0 0 0 0 0
45200 -305.801 0 0 0 1.38922 100 22 3.1709 100 37 0 0 0 -2.57716 100 22 0 0 0 0 0 0 0 0 0 0 0
45300 -305.915 0 0 0 1.53893 100 13 4.65493 100 20 0 0 0 -2.80255 100 21 0 0 0 0 0 0 0 0 0 0 0
45400 -306.087 0 0 0 0.943376 100 19 0.150783 100 21 0 0 0 -2.33091 100 16 0 0 0 0 0 0 0 0 0 0 0
45500 -307.474 0 0 0 0.382583 100 31 1.1075 100 29 0 0 0 -2.03806 100 22 0 0 0 0 0 0 0 0 0 0 0
45600 -305.828 0 0 0 1.58026 100 15 4.17721 100 18 0 0 0 -2.94212 100 18 0 0 0 0 0 0 0 0 0 0 0
45700 -305.941 0 0 0 1.96732 100 17 4.56358 100 31 0 0 0 -3.06865 100 18 0 0 0 0 0 0 0 0 0 0 0
45800 -305.545 0 0 0 1.10417 100 24 2.38669 100 20 0 0 0 -2.52249 100 19 0 0 0 0 0 0 0 0 0 0 0
45900 -305.439 0 0 0 1.47835 100 21 3.66825 100 17 0 0 0 -2.7516 100 18 0 0 0 0 0 0 0 0 0 0 0
46000 -305.644 0 0 0 0.990585 100 22 1.51635 100 23 0 0 0 -2.30888 100 15 0 0 0 0 0 0 0 0 0 0 0
46100 -307.243 0 0 0 0.69518 100 29 1.61076 100 27 0 0 0 -2.0437 100 10 0 0 0 0 0 0 0 0 0 0 0
46200 -306.563 0 0 0 0.932443 100 25 0.0875136 100 21 0 0 0 -2.39676 100 10 0 0 0 0 0 0 0 0 0 0 0
46300 -305.739 0 0 0 1.08497 100 28 1.62953 100 31 0 0 0 -2.34315 100 19 0 0 0 0 0 0 0 0 0 0 0
46400 -306.36 0 0 0 0.971689 100 16 2.45641 100 25 0 0 0 -2.53659 100 20 0 0 0 0 0 0 0 0 0 0 0
46500 -307.902 0 0 0 2.84449 100 24 7.32911 100 20 0 0 0 -3.82074 100 16 0 0 0 0 0 0 0 0 0 0 0
46600 -306.682 0 0 0 1.8518 100 19 2.76379 100 17 0 0 0 -2.92344 100 18 0 0 0 0 0 0 0 0 0 0 0
46700 -306.148 0 0 0 1.40918 100 23 3.74262 100 21 0 0 0 -2.59471 100 17 0 0 0 0 0 0 0 0 0 0 0
46800 -309.479 0 0 0 0.233654 100 20 -3.08442 100 17 0 0 0 -1.9361 100 16 0 0 0 0 0 0 0 0 0 0 0
46900 -306.526 0 0 0 0.747954 100 26 -0.688046 100 24 0 0 0 -2.19961 100 19 0 0 0 0 0 0 0 0 0 0 0
47000 -305.984 0 0 0 0.750497 100 20 0.21315 100 26 0 0 0 -2.21807 100 18 0 0 0 0 0 0 0 0 0 0 0
47100 -308.256 0 0 0 -0.0179348 100 20 -1.48149 100 17 0 0 0 -1.62132 100 15 0 0 0 0 0 0 0 0 0 0 0
47200 -305.671 0 0 0 0.869198 100 22 0.89409 100 20 0 0 0 -2.27913 100 18 0 0 0 0 0 0 0 0 0 0 0
47300 -305.826 0 0 0 1.75396 100 29 4.58953 100 33 0 0 0 -3.05091 100 19 0 0 0 0 0 0 0 0 0 0 0
47400 -305.738 0 0 0 1.58196 100 22 2.79671 100 20 0 0 0 -2.82835 100 16 0 0 0 0 0 0 0 0 0 0 0
47500 -306.221 0 0 0 0.773604 100 24 -0.30756 100 27 0 0 0 -2.21232 100 22 0 0 0 0 0 0 0 0 0 0 0
47600 -311.666 0 0 0 0.513203 100 17 -1.12779 100 27 0 0 0 -2.37471 100 18 0 0 0 0 0 0 0 0 0 0 0
47700 -305.536 0 0 0 1.62925 100 17 3.45832 100 24 0 0 0 -2.8619 100 14 0 0 0 0 0 0 0 0 0 0 0
47800 -308.968 0 0 0 0.620688 100 26 -0.762321 100 29 0 0 0 -2.33372 100 17 0 0 0 0 0 0 0 0 0 0 0
47900 -305.687 0 0 0 1.41241 100 25 2.09127 100 20 0 0 0 -2.67885 100 17 0 0 0 0 0 0 0 0 0 0 0
48000 -305.982 0 0 0 1.99755 100 19 4.62892 100 23 0 0 0 -3.0967 100 17 0 0 0 0 0 0 0 0 0 0 0
48100 -310.597 0 0 0 2.42562 100 23 8.47411 100 12 0 0 0 -3.87858 100 23 0 0 0 0 0 0 0 0 0 0 0
48200 -306.113 0 0 0 1.21269 100 19 1.42321 100 25 0 0 0 -2.61499 100 18 0 0 0 0 0 0 0 0 0 0 0
48300 -306.693 0 0 0 0.465411 100 25 0.324756 100 21 0 0 0 -1.94202 100 23 0 0 0 0 0 0 0 0 0 0 0
48400 -307.036 0 0 0 0.574036 100 23 -1.6328 100 25 0 0 0 -1.93121 100 15 0 0 0 0 0 0 0 0 0 0 0
48500 -307.141 0 0 0 1.67214 100 22 5.85253 100 27 0 0 0 -2.8879 100 16 0 0 0 0 0 0 0 0 0 0 0
48600 -306.851 0 0 0 1.79452 100 16 5.61523 100 18 0 0 0 -2.91215 100 18 0 0 0 0 0 0 0 0 0 0 0
48700 -306.42 0 0 0 1.79842 100 28 3.28274 100 24 0 0 0 -3.05113 100 21 0 0 0 0 0 0 0 0 0 0 0
48800 -308.264 0 0 0 2.11494 100 24 6.79285 100 33 0 0 0 -3.53195 100 17 0 0 0 0 0 0 0 0 0 0 0
48900 -307.232 0 0 0 1.81975 100 20 6.27072 100 26 0 0 0 -3.23309 100 16 0 0 0 0 0 0 0 0 0 0 0
49000 -309.84 0 0 0 2.72826 100 25 5.01093 100 27 0 0 0 -3.75203 100 17 0 0 0 0 0 0 0 0 0 0 0
49100 -306.425 0 0 0 0.574562 100 23 -0.411341 100 23 0 0 0 -2.11213 100 16 0 0 0 0 0 0 0 0 0 0 0
49200 -306.196 0 0 0 2.18501 100 14 5.6803 100 25 0 0 0 -3.29987 100 17 0 0 0 0 0 0 0 0 0 0 0
49300 -305.722 0 0 0 1.69729 100 21 4.29282 100 24 0 0 0 -2.99491 100 20 0 0 0 0 0 0 0 0 0 0 0
49400 -306.614 0 0 0 1.45266 100 18 1.78977 100 16 0 0 0 -2.52939 100 18 0 0 0 0 0 0 0 0 0 0 0
49500 -309.006 0 0 0 1.51309 100 18 0.818403 100 25 0 0 0 -2.45125 100 18 0 0 0 0 0 0 0 0 0 0 0
49600 -305.377 0 0 0 1.39417 100 17 3.07353 100 26 0 0 0 -2.68899 100 22 0 0 0 0 0 0 0 0 0 0 0
49700 -306.378 0 0 0 1.48484 100 21 2.19696 100 29 0 0 0 -2.57007 100 18 0 0 0 0 0 0 0 0 0 0 0
49800 -307.689 0 0 0 1.60439 100 23 1.57935 100 27 0 0 0 -2.59374 100 13 0 0 0 0 0 0 0 0 0 0 0
49900 -306.355 0 0 0 1.98495 100 21 3.77762 100 28 0 0 0 -3.0663 100 15 0 0 0 0 0 0 0 0 0 0 0
50000 -307.664 0 0 0 2.4892 100 10 8.03733 100 26 0 0 0 -3.69312 100 17 0 0 0 0 0 0 0 0 0 0 0
50100 -307.766 0 0 0 2.65724 100 23 7.02302 100 19 0 0 0 -3.77345 100 19 0 0 0 0 0 0 0 0 0 0 0
50200 -305.92 0 0 0 1.4944 100 15 2.25842 100 16 0 0 0 -2.7766 100 27 0 0 0 0 0 0 0 0 0 0 0
50300 -307.818 0 0 0 1.59163 100 21 0.681754 100 18 0 0 0 -2.71733 100 21 0 0 0 0 0 0 0 0 0 0 0
50400 -307.738 0 0 0 0.416899 100 22 -0.102097 100 20 0 0 0 -2.14947 100 17 0 0 0 0 0 0 0 0 0 0 0
50500 -305.929 0 0 0 0.824897 100 16 1.67132 100 21 0 0 0 -2.22925 100 19 0 0 0 0 0 0 0 0 0 0 0
50600 -306.822 0 0 0 0.534078 100 22 1.35267 100 17 0 0 0 -2.13372 100 19 0 0 0 0 0 0 0 0 0 0 0
50700 -307.626 0 0 0 0.69283 100 15 2.1427 100 18 0 0 0 -2.07893 100 19 0 0 0 0 0 0 0 0 0 0 0
50800 -306.197 0 0 0 0.567491 100 29 -0.187407 100 19 0 0 0 -2.0558 100 11 0 0 0 0 0 0 0 0 0 0 0
50900 -306.06 0 0 0 1.98731 100 23 5.78917 100 20 0 0 0 -3.20199 100 21 0 0 0 0 0 0 0 0 0 0 0
51000 -307.705 0 0 0 1.98335 100 17 2.65942 100 26 0 0 0 -2.95637 100 18 0 0 0 0 0 0 0 0 0 0 0
51100 -308.457 0 0 0 2.38704 100 24 4.59822 100 27 0 0 0 -3.22287 100 27 0 0 0 0 0 0 0 0 0 0 0
51200 -307.683 0 0 0 2.08349 100 25 3.11388 100 21 0 0 0 -3.20145 100 21 0 0 0 0 0 0 0 0 0 0 0
51300 -306.409 0 0 0 1.64373 100 19 3.72374 100 25 0 0 0 -2.70768 100 11 0 0 0 0 0 0 0 0 0 0 0
51400 -307.486 0 0 0 1.62953 100 22 1.09793 100 30 0 0 0 -2.78488 100 22 0 0 0 0 0 0 0 0 0 0 0
51500 -305.906 0 0 0 1.40782 100 22 4.20848 100 17 0 0 0 -2.69303 100 20 0 0 0 0 0 0 0 0 0 0 0
51600 -305.75 0 0 0 1.05613 100 26 1.72079 100 19 0 0 0 -2.32822 100 23 0 0 0 0 0 0 0 0 0 0 0
51700 -306.148 0 0 0 0.859813 100 21 1.2188 100 22 0 0 0 -2.16281 100 19 0 0 0 0 0 0 0 0 0 0 0
51800 -306.606 0 0 0 0.47959 100 15 -0.133914 100 21 0 0 0 -1.91771 100 20 0 0 0 0 0 0 0 0 0 0 0
51900 -309.414 0 0 0 1.85897 100 21 7.348 100 28 0 0 0 -3.38989 100 24 0 0 0 0 0 0 0 0 0 0 0
52000 -306.867 0 0 0 1.03855 100 16 3.11011 100 27 0 0 0 -2.33106 100 24 0 0 0 0 0 0 0 0 0 0 0
52100 -306.853 0 0 0 1.32013 100 16 0.448751 100 22 0 0 0 -2.57896 100 13 0 0 0 0 0 0 0 0 0 0 0
52200 -305.799 0 0 0 1.19764 100 25 2.87183 100 26 0 0 0 -2.46284 100 17 0 0 0 0 0 0 0 0 0 0 0
52300 -306.186 0 0 0 0.607614 100 26 -0.347403 100 29 0 0 0 -2.07746 100 16 0 0 0 0 0 0 0 0 0 0 0
52400 -305.606 0 0 0 1.74008 100 21 4.38962 100 16 0 0 0 -2.92771 100 22 0 0 0 0 0 0 0 0 0 0 0
52500 -307.966 0 0 0 2.15053 100 20 6.67296 100 25 0 0 0 -3.12611 100 22 0 0 0 0 0 0 0 0 0 0 0
52600 -305.674 0 0 0 1.12651 100 19 1.48474 100 28 0 0 0 -2.51443 100 15 0 0 0 0 0 0 0 0 0 0 0
52700 -305.853 0 0 0 1.9457 100 14 4.79949 100 25 0 0 0 -3.06791 100 25 0 0 0 0 0 0 0 0 0 0 0
52800 -309.522 0 0 0 0.234704 100 25 1.27843 100 22 0 0 0 -2.10267 100 20 0 0 0 0 0 0 0 0 0 0 0
52900 -306.013 0 0 0 0.966665 100 24 2.34519 100 30 0 0 0 -2.31115 100 18 0 0 0 0 0 0 0 0 0 0 0
53000 -306.897 0 0 0 1.06157 100 14 3.52476 100 24 0 0 0 -2.39548 100 17 0 0 0 0 0 0 0 0 0 0 0
53100 -308.044 0 0 0 0.55038 100 24 -1.5177 100 21 0 0 0 -2.1687 100 21 0 0 0 0 0 0 0 0 0 0 0
53200 -306.651 0 0 0 0.5212 100 19 0.065688 100 19 0 0 0 -1.92905 100 10 0 0 0 0 0 0 0 0 0 0 0
53300 -308.05 0 0 0 0.0602398 100 27 -1.87842 100 20 0 0 0 -1.76803 100 26 0 0 0 0 0 0 0 0 0 0 0
53400 -307.143 0 0 0 2.43594 100 22 5.85997 100 22 0 0 0 -3.54788 100 14 0 0 0 0 0 0 0 0 0 0 0
53500 -305.624 0 0 0 1.70291 100 21 3.76062 100 26 0 0 0 -2.86331 100 15 0 0 0 0 0 0 0 0 0 0 0
53600 -305.775 0 0 0 1.83805 100 24 4.00596 100 23 0 0 0 -3.01228 100 13 0 0 0 0 0 0 0 0 0 0 0
53700 -307.338 0 0 0 0.998516 100 17 -1.04822 100 22 0 0 0 -2.30627 100 19 0 0 0 0 0 0 0 0 0 0 0
53800 -307.235 0 0 0 0.635544 100 21 -0.0804825 100 25 0 0 0 -2.27369 100 18 0 0 0 0 0 0 0 0 0 0 0
53900 -306.072 0 0 0 1.20472 100 21 0.978979 100 26 0 0 0 -2.54482 100 19 0 0 0 0 0 0 0 0 0 0 0
54000 -307.268 0 0 0 0.525721 100 18 -0.572243 100 25 0 0 0 -2.16794 100 16 0 0 0 0 0 0 0 0 0 0 0
54100 -307.281 0 0 0 0.193524 100 29 -1.46593 100 22 0 0 0 -1.7853 100 19 0 0 0 0 0 0 0 0 0 0 0
54200 -306.253 0 0 0 0.856896 100 23 0.957311 100 24 0 0 0 -2.3946 100 21 0 0 0 0 0 0 0 0 0 0 0
54300 -305.697 0 0 0 0.868711 100 24 0.737636 100 21 0 0 0 -2.25914 100 29 0 0 0 0 0 0 0 0 0 0 0
54400 -305.88 0 0 0 1.41576 100 20 2.11739 100 23 0 0 0 -2.73385 100 26 0 0 0 0 0 0 0 0 0 0 0
54500 -305.799 0 0 0 1.28583 100 12 3.16484 100 25 0 0 0 -2.52586 100 13 0 0 0 0 0 0 0 0 0 0 0
54600 -306.998 0 0 0 1.54459 100 17 2.07891 100 19 0 0 0 -2.57089 100 13 0 0 0 0 0 0 0 0 0 0 0
54700 -307.919 0 0 0 1.69102 100 25 2.86316 100 24 0 0 0 -2.62834 100 21 0 0 0 0 0 0 0 0 0 0 0
54800 -308.3 0 0 0 0.417725 100 28 0.860941 100 15 0 0 0 -2.21238 100 11 0 0 0 0 0 0 0 0 0 0 0
54900 -306.368 0 0 0 1.22167 100 19 2.69643 100 23 0 0 0 -2.40114 100 20 0 0 0 0 0 0 0 0 0 0 0
55000 -306.808 0 0 0 1.08844 100 20 1.00849 100 27 0 0 0 -2.58736 100 16 0 0 0 0 0 0 0 0 0 0 0
55100 -307.408 0 0 0 0.621875 100 21 -2.06105 100 26 0 0 0 -1.99831 100 32 0 0 0 0 0 0 0 0 0 0 0
55200 -305.642 0 0 0 0.965597 100 15 0.91528 100 18 0 0 0 -2.3128 100 16 0 0 0 0 0 0 0 0 0 0 0
55300 -307.958 0 0 0 0.321026 100 24 1.16531 100 26 0 0 0 -2.0119 100 22 0 0 0 0 0 0 0 0 0 0 0
55400 -307.651 0 0 0 0.80198 100 14 -1.77583 100 22 0 0 0 -2.18179 100 15 0 0 0 0 0 0 0 0 0 0 0
55500 -308.955 0 0 0 1.21953 100 14 4.45755 100 21 0 0 0 -2.92611 100 22 0 0 0 0 0 0 0 0 0 0 0
55600 -309.302 0 0 0 3.30401 100 20 8.85959 100 26 0 0 0 -4.14137 100 23 0 0 0 0 0 0 0 0 0 0 0
55700 -309.282 0 0 0 3.0111 100 17 9.4488 100 27 0 0 0 -4.14464 100 12 0 0 0 0 0 0 0 0 0 0 0
55800 -311.293 0 0 0 3.31122 100 20 11.4575 100 31 0 0 0 -4.43185 100 17 0 0 0 0 0 0 0 0 0 0 0
55900 -306.738 0 0 0 2.37532 100 25 6.19448 100 28 0 0 0 -3.5019 100 20 0 0 0 0 0 0 0 0 0 0 0
56000 -305.499 0 0 0 1.39162 100 19 3.17719 100 23 0 0 0 -2.62861 100 19 0 0 0 0 0 0 0 0 0 0 0
56100 -307.755 0 0 0 1.9835 100 20 6.586 100 26 0 0 0 -3.05026 100 29 0 0 0 0 0 0 0 0 0 0 0
56200 -305.656 0 0 0 1.78789 100 26 4.13052 100 26 0 0 0 -2.99274 100 11 0 0 0 0 0 0 0 0 0 0 0
56300 -306.066 0 0 0 0.788684 100 12 -0.189969 100 28 0 0 0 -2.18349 100 20 0 0 0 0 0 0 0 0 0 0 0
56400 -306.665 0 0 0 0.957171 100 23 1.25328 100 31 0 0 0 -2.16474 100 19 0 0 0 0 0 0 0 0 0 0 0
56500 -306.773 0 0 0 0.712726 100 15 1.50628 100 18 0 0 0 -2.3506 100 23 0 0 0 0 0 0 0 0 0 0 0
56600 -305.62 0 0 0 1.22671 100 24 2.67383 100 20 0 0 0 -2.6435 100 22 0 0 0 0 0 0 0 0 0 0 0
56700 -306.465 0 0 0 0.943779 100 20 2.59011 100 24 0 0 0 -2.28189 100 14 0 0 0 0 0 0 0 0 0 0 0
56800 -305.897 0 0 0 0.873895 100 21 0.551 100 19 0 0 0 -2.32012 100 22 0 0 0 0 0 0 0 0 0 0 0
56900 -307.952 0 0 0 1.83331 100 18 1.64249 100 25 0 0 0 -2.86913 100 12 0 0 0 0 0 0 0 0 0 0 0
57000 -306.41 0 0 0 1.73319 100 23 2.67463 100 23 0 0 0 -2.80364 100 14 0 0 0 0 0 0 0 0 0 0 0
57100 -305.877 0 0 0 1.16795 100 16 2.69973 100 22 0 0 0 -2.42488 100 25 0 0 0 0 0 0 0 0 0 0 0
57200 -306.315 0 0 0 1.44245 100 16 1.33566 100 23 0 0 0 -2.64284 100 20 0 0 0 0 0 0 0 0 0 0 0
57300 -306.06 0 0 0 1.84018 100 13 4.40676 100 25 0 0 0 -3.12096 100 13 0 0 0 0 0 0 0 0 0 0 0
57400 -305.673 0 0 0 0.889015 100 19 1.11077 100 19 0 0 0 -2.3262 100 22 0 0 0 0 0 0 0 0 0 0 0
57500 -305.877 0 0 0 0.892383 100 24 1.46045 100 16 0 0 0 -2.39319 100 23 0 0 0 0 0 0 0 0 0 0 0
57600 -307.053 0 0 0 0.713828 100 19 -1.52824 100 15 0 0 0 -2.04997 100 20 0 0 0 0 0 0 0 0 0 0 0
57700 -306.12 0 0 0 1.48791 100 20 2.67587 100 29 0 0 0 -2.85206 100 20 0 0 0 0 0 0 0 0 0 0 0
57800 -307.235 0 0 0 1.54145 100 20 0.91152 100 20 0 0 0 -2.67783 100 25 0 0 0 0 0 0 0 0 0 0 0
57900 -307.917 0 0 0 1.9259 100 22 7.11209 100 23 0 0 0 -3.32944 100 22 0 0 0 0 0 0 0 0 0 0 0
58000 -306.69 0 0 0 2.08595 100 21 6.3579 100 30 0 0 0 -3.37037 100 20 0 0 0 0 0 0 0 0 0 0 0
58100 -306.533 0 0 0 0.720141 100 24 1.96501 100 26 0 0 0 -2.17777 100 26 0 0 0 0 0 0 0 0 0 0 0
58200 -306.908 0 0 0 0.820912 100 19 2.49666 100 25 0 0 0 -2.45139 100 20 0 0 0 0 0 0 0 0 0 0 0
58300 -306.898 0 0 0 1.60012 100 24 2.37952 100 19 0 0 0 -2.94439 100 16 0 0 0 0 0 0 0 0 0 0 0
58400 -306.209 0 0 0 1.42057 100 16 1.97641 100 28 0 0 0 -2.53661 100 16 0 0 0 0 0 0 0 0 0 0 0
58500 -305.661 0 0 0 1.2438 100 24 1.49047 100 29 0 0 0 -2.53178 100 22 0 0 0 0 0 0 0 0 0 0 0
58600 -307.793 0 0 0 1.35738 100 21 1.66918 100 21 0 0 0 -2.84505 100 24 0 0 0 0 0 0 0 0 0 0 0
58700 -311.134 0 0 0 2.44968 100 18 3.82724 100 20 0 0 0 -3.65649 100 16 0 0 0 0 0 0 0 0 0 0 0
58800 -308.438 0 0 0 2.97299 100 22 9.12081 100 32 0 0 0 -3.89948 100 14 0 0 0 0 0 0 0 0 0 0 0
58900 -308.017 0 0 0 2.8524 100 25 7.22668 100 30 0 0 0 -3.7407 100 22 0 0 0 0 0 0 0 0 0 0 0
59000 -305.463 0 0 0 1.14329 100 16 1.71453 100 20 0 0 0 -2.47343 100 19 0 0 0 0 0 0 0 0 0 0 0
59100 -305.915 0 0 0 1.83368 100 28 4.04857 100 23 0 0 0 -3.06618 100 14 0 0 0 0 0 0 0 0 0 0 0
59200 -305.548 0 0 0 1.64156 100 17 4.24908 100 15 0 0 0 -2.86627 100 15 0 0 0 0 0 0 0 0 0 0 0
59300 -307.018 0 0 0 2.48615 100 21 6.21103 100 21 0 0 0 -3.45032 100 14 0 0 0 0 0 0 0 0 0 0 0
59400 -305.851 0 0 0 1.3684 100 21 3.58323 100 32 0 0 0 -2.79436 100 17 0 0 0 0 0 0 0 0 0 0 0
59500 -306.652 0 0 0 2.1343 100 13 6.84176 100 20 0 0 0 -3.31364 100 25 0 0 0 0 0 0 0 0 0 0 0
59600 -306.671 0 0 0 1.06743 100 21 3.59501 100 25 0 0 0 -2.43769 100 24 0 0 0 0 0 0 0 0 0 0 0
59700 -306.212 0 0 0 0.861723 100 21 -0.162326 100 18 0 0 0 -2.2735 100 14 0 0 0 0 0 0 0 0 0 0 0
59800 -309.204 0 0 0 1.20384 100 20 0.451058 100 23 0 0 0 -2.18345 100 16 0 0 0 0 0 0 0 0 0 0 0
59900 -307.228 0 0 0 0.203507 100 24 -1.2434 100 19 0 0 0 -1.79144 100 17 0 0 0 0 0 0 0 0 0 0 0
60000 -306.332 0 0 0 1.6222 100 18 2.06847 100 23 0 0 0 -2.76042 100 17 0 0 0 0 0 0 0 0 0 0 0
60100 -305.73 0 0 0 1.49991 100 27 2.6835 100 21 0 0 0 -2.80048 100 19 0 0 0 0 0 0 0 0 0 0 0
60200 -306.188 0 0 0 1.59233 100 16 3.82821 100 26 0 0 0 -2.98462 100 17 0 0 0 0 0 0 0 0 0 0 0
60300 -306.339 0 0 0 2.20869 100 20 5.54239 100 28 0 0 0 -3.34637 100 17 0 0 0 0 0 0 0 0 0 0 0
60400 -305.487 0 0 0 1.39167 100 27 3.53651 100 17 0 0 0 -2.67536 100 15 0 0 0 0 0 0 0 0 0 0 0
60500 -310.053 0 0 0 -0.0969822 100 22 -3.24274 100 27 0 0 0 -1.73466 100 21 0 0 0 0 0 0 0 0 0 0 0
60600 -307.084 0 0 0 0.317645 100 21 -1.39978 100 21 0 0 0 -1.78161 100 11 0 0 0 0 0 0 0 0 0 0 0
60700 -308.154 0 0 0 0.679921 100 20 2.98388 100 20 0 0 0 -2.38201 100 18 0 0 0 0 0 0 0 0 0 0 0
60800 -307.925 0 0 0 0.570088 100 28 1.95854 100 21 0 0 0 -2.31125 100 17 0 0 0 0 0 0 0 0 0 0 0
60900 -306.003 0 0 0 0.767042 100 21 0.61911 100 26 0 0 0 -2.12072 100 17 0 0 0 0 0 0 0 0 0 0 0
61000 -306.593 0 0 0 0.543412 100 20 -0.919729 100 26 0 0 0 -1.93351 100 19 0 0 0 0 0 0 0 0 0 0 0
61100 -307.07 0 0 0 0.887764 100 18 0.969627 100 18 0 0 0 -2.4896 100 15 0 0 0 0 0 0 0 0 0 0 0
61200 -305.863 0 0 0 1.10723 100 23 0.760139 100 15 0 0 0 -2.4218 100 27 0 0 0 0 0 0 0 0 0 0 0
61300 -306.018 0 0 0 2.01629 100 23 4.71509 100 23 0 0 0 -3.17502 100 23 0 0 0 0 0 0 0 0 0 0 0
61400 -305.526 0 0 0 1.48704 100 20 3.38549 100 20 0 0 0 -2.81276 100 24 0 0 0 0 0 0 0 0 0 0 0
61500 -307.772 0 0 0 0.333536 100 17 0.15402 100 27 0 0 0 -2.08193 100 19 0 0 0 0 0 0 0 0 0 0 0
61600 -306.871 0 0 0 0.547265 100 18 -0.623568 100 19 0 0 0 -2.1383 100 20 0 0 0 0 0 0 0 0 0 0 0
61700 -306.213 0 0 0 1.88653 100 29 5.8481 100 20 0 0 0 -3.16442 100 18 0 0 0 0 0 0 0 0 0 0 0
61800 -306.013 0 0 0 1.174 100 21 2.46494 100 26 0 0 0 -2.39448 100 18 0 0 0 0 0 0 0 0 0 0 0
61900 -306.607 0 0 0 0.515946 100 25 -0.883041 100 26 0 0 0 -1.91716 100 17 0 0 0 0 0 0 0 0 0 0 0
62000 -306.435 0 0 0 0.63143 100 26 1.47499 100 35 0 0 0 -2.18714 100 18 0 0 0 0 0 0 0 0 0 0 0
62100 -308.738 0 0 0 1.00875 100 18 -1.81616 100 23 0 0 0 -2.35403 100 21 0 0 0 0 0 0 0 0 0 0 0
62200 -307.072 0 0 0 0.973917 100 19 3.72617 100 23 0 0 0 -2.52152 100 19 0 0 0 0 0 0 0 0 0 0 0
62300 -307.233 0 0 0 0.958816 100 21 3.77282 100 25 0 0 0 -2.4488 100 28 0 0 0 0 0 0 0 0 0 0 0
62400 -308.602 0 0 0 1.82488 100 22 6.33182 100 21 0 0 0 -3.35245 100 24 0 0 0 0 0 0 0 0 0 0 0
62500 -305.613 0 0 0 1.02531 100 27 1.07588 100 17 0 0 0 -2.35029 100 20 0 0 0 0 0 0 0 0 0 0 0
62600 -305.686 0 0 0 1.19507 100 18 1.41109 100 26 0 0 0 -2.52942 100 21 0 0 0 0 0 0 0 0 0 0 0
62700 -307.183 0 0 0 0.441482 100 23 -1.97768 100 24 0 0 0 -1.85752 100 21 0 0 0 0 0 0 0 0 0 0 0
62800 -307.511 0 0 0 0.48112 100 17 1.68301 100 12 0 0 0 -2.05501 100 22 0 0 0 0 0 0 0 0 0 0 0
62900 -306.126 0 0 0 0.859234 100 18 0.441418 100 27 0 0 0 -2.14544 100 19 0 0 0 0 0 0 0 0 0 0 0
63000 -307.633 0 0 0 1.6336 100 20 1.0127 100 26 0 0 0 -2.72141 100 21 0 0 0 0 0 0 0 0 0 0 0
63100 -305.483 0 0 0 1.55367 100 20 3.98235 100 21 0 0 0 -2.82801 100 20 0 0 0 0 0 0 0 0 0 0 0
63200 -306.456 0 0 0 1.25824 100 19 0.703989 100 23 0 0 0 -2.42795 100 24 0 0 0 0 0 0 0 0 0 0 0
63300 -309.686 0 0 0 2.36866 100 24 3.20451 100 24 0 0 0 -3.21437 100 17 0 0 0 0 0 0 0 0 0 0 0
63400 -308.784 0 0 0 1.23161 100 24 2.50353 100 24 0 0 0 -2.88412 100 17 0 0 0 0 0 0 0 0 0 0 0
63500 -306.992 0 0 0 1.97357 100 19 5.53169 100 34 0 0 0 -3.33199 100 19 0 0 0 0 0 0 0 0 0 0 0
63600 -306.381 0 0 0 1.53664 100 15 1.6528 100 27 0 0 0 -2.69432 100 16 0 0 0 0 0 0 0 0 0 0 0
63700 -306.509 0 0 0 1.47145 100 17 2.33333 100 26 0 0 0 -2.5445 100 14 0 0 0 0 0 0 0 0 0 0 0
63800 -306.111 0 0 0 1.31112 100 25 2.50595 100 34 0 0 0 -2.46518 100 22 0 0 0 0 0 0 0 0 0 0 0
63900 -305.724 0 0 0 1.47208 100 21 4.2344 100 15 0 0 0 -2.75095 100 16 0 0 0 0 0 0 0 0 0 0 0
64000 -305.818 0 0 0 0.832938 100 18 1.23637 100 18 0 0 0 -2.20724 100 19 0 0 0 0 0 0 0 0 0 0 0
64100 -308.914 0 0 0 0.103574 100 23 -3.93162 100 24 0 0 0 -1.62565 100 13 0 0 0 0 0 0 0 0 0 0 0
64200 -306.046 0 0 0 1.09833 100 24 1.25379 100 32 0 0 0 -2.30803 100 26 0 0 0 0 0 0 0 0 0 0 0
64300 -309.596 0 0 0 1.34423 100 16 -0.959976 100 16 0 0 0 -2.64894 100 17 0 0 0 0 0 0 0 0 0 0 0
64400 -309.401 0 0 0 2.44152 100 29 3.47257 100 31 0 0 0 -3.39521 100 20 0 0 0 0 0 0 0 0 0 0 0
64500 -307.357 0 0 0 2.47311 100 16 6.25229 100 24 0 0 0 -3.38194 100 21 0 0 0 0 0 0 0 0 0 0 0
64600 -308.106 0 0 0 1.35024 100 24 -0.223299 100 17 0 0 0 -2.62638 100 18 0 0 0 0 0 0 0 0 0 0 0
64700 -305.977 0 0 0 1.92235 100 22 4.24593 100 24 0 0 0 -3.01092 100 21 0 0 0 0 0 0 0 0 0 0 0
64800 -307.601 0 0 0 0.339318 100 21 -2.11282 100 20 0 0 0 -1.73154 100 22 0 0 0 0 0 0 0 0 0 0 0
64900 -305.751 0 0 0 1.27654 100 20 3.49207 100 25 0 0 0 -2.5733 100 19 0 0 0 0 0 0 0 0 0 0 0
65000 -305.676 0 0 0 1.36932 100 26 3.86375 100 30 0 0 0 -2.67663 100 11 0 0 0 0 0 0 0 0 0 0 0
65100 -305.783 0 0 0 1.06159 100 15 0.929461 100 22 0 0 0 -2.3337 100 15 0 0 0 0 0 0 0 0 0 0 0
65200 -305.824 0 0 0 0.838787 100 14 0.358866 100 31 0 0 0 -2.23791 100 31 0 0 0 0 0 0 0 0 0 0 0
65300 -307.159 0 0 0 0.373347 100 15 -1.97068 100 24 0 0 0 -1.87595 100 14 0 0 0 0 0 0 0 0 0 0 0
65400 -305.776 0 0 0 0.863844 100 21 0.960987 100 34 0 0 0 -2.32494 100 18 0 0 0 0 0 0 0 0 0 0 0
65500 -306.433 0 0 0 1.73117 100 25 2.77106 100 18 0 0 0 -2.97122 100 25 0 0 0 0 0 0 0 0 0 0 0
65600 -306.737 0 0 0 0.957676 100 23 0.311904 100 27 0 0 0 -2.4517 100 18 0 0 0 0 0 0 0 0 0 0 0
65700 -306.144 0 0 0 1.98725 100 19 4.19717 100 25 0 0 0 -3.13597 100 23 0 0 0 0 0 0 0 0 0 0 0
65800 -306.959 0 0 0 0.283481 100 24 -0.991917 100 21 0 0 0 -1.8324 100 17 0 0 0 0 0 0 0 0 0 0 0
65900 -309.159 0 0 0 0.852538 100 21 1.79504 100 22 0 0 0 -2.01121 100 17 0 0 0 0 0 0 0 0 0 0 0
66000 -306.359 0 0 0 1.30531 100 18 0.88618 100 24 0 0 0 -2.4823 100 19 0 0 0 0 0 0 0 0 0 0 0
66100 -305.786 0 0 0 0.870171 100 16 1.72076 100 20 0 0 0 -2.34925 100 16 0 0 0 0 0 0 0 0 0 0 0
66200 -305.922 0 0 0 0.751667 100 24 0.138487 100 28 0 0 0 -2.15183 100 15 0 0 0 0 0 0 0 0 0 0 0
66300 -306.056 0 0 0 0.706572 100 18 0.351416 100 20 0 0 0 -2.21341 100 17 0 0 0 0 0 0 0 0 0 0 0
66400 -307.039 0 0 0 1.83977 100 21 3.85616 100 18 0 0 0 -2.81199 100 21 0 0 0 0 0 0 0 0 0 0 0
66500 -306.197 0 0 0 1.56369 100 20 1.96567 100 22 0 0 0 -2.7221 100 20 0 0 0 0 0 0 0 0 0 0 0
66600 -307.956 0 0 0 1.886 100 20 1.85125 100 24 0 0 0 -2.92289 100 27 0 0 0 0 0 0 0 0 0 0 0
66700 -306.807 0 0 0 1.57447 100 17 5.60257 100 30 0 0 0 -2.98475 100 17 0 0 0 0 0 0 0 0 0 0 0
66800 -306.068 0 0 0 0.814109 100 16 0.199687 100 27 0 0 0 -2.27772 100 15 0 0 0 0 0 0 0 0 0 0 0
66900 -306.055 0 0 0 0.963718 100 12 2.80273 100 27 0 0 0 -2.43655 100 20 0 0 0 0 0 0 0 0 0 0 0
67000 -305.898 0 0 0 1.37817 100 24 2.55521 100 24 0 0 0 -2.53397 100 13 0 0 0 0 0 0 0 0 0 0 0
67100 -307.007 0 0 0 2.06388 100 20 4.55439 100 27 0 0 0 -3.01344 100 24 0 0 0 0 0 0 0 0 0 0 0
67200 -306.527 0 0 0 1.19965 100 19 0.296088 100 28 0 0 0 -2.41143 100 17 0 0 0 0 0 0 0 0 0 0 0
67300 -307.142 0 0 0 0.624462 100 24 -1.76919 100 26 0 0 0 -2.04264 100 20 0 0 0 0 0 0 0 0 0 0 0
67400 -306.018 0 0 0 0.821451 100 20 0.8172 100 35 0 0 0 -2.3296 100 18 0 0 0 0 0 0 0 0 0 0 0
67500 -308.298 0 0 0 1.38343 100 22 0.334461 100 24 0 0 0 -2.74971 100 12 0 0 0 0 0 0 0 0 0 0 0
67600 -307.256 0 0 0 1.32188 100 20 1.29064 100 25 0 0 0 -2.37532 100 20 0 0 0 0 0 0 0 0 0 0 0
67700 -306.678 0 0 0 1.79504 100 20 4.663 100 22 0 0 0 -2.83584 100 16 0 0 0 0 0 0 0 0 0 0 0
67800 -306.149 0 0 0 2.09831 100 17 5.99989 100 27 0 0 0 -3.26967 100 22 0 0 0 0 0 0 0 0 0 0 0
67900 -311.379 0 0 0 0.990172 100 29 -2.66382 100 23 0 0 0 -2.44724 100 24 0 0 0 0 0 0 0 0 0 0 0
68000 -306.894 0 0 0 0.894251 100 23 0.9192 100 25 0 0 0 -2.47706 100 16 0 0 0 0 0 0 0 0 0 0 0
68100 -307.113 0 0 0 0.902223 100 24 0.220899 100 28 0 0 0 -2.07929 100 18 0 0 0 0 0 0 0 0 0 0 0
68200 -306.96 0 0 0 0.978696 100 25 3.63184 100 22 0 0 0 -2.53362 100 19 0 0 0 0 0 0 0 0 0 0 0
68300 -305.849 0 0 0 0.802306 100 28 1.04965 100 31 0 0 0 -2.29231 100 25 0 0 0 0 0 0 0 0 0 0 0
68400 -308.034 0 0 0 0.657479 100 23 -1.18013 100 18 0 0 0 -2.25991 100 15 0 0 0 0 0 0 0 0 0 0 0
68500 -306.511 0 0 0 0.64041 100 22 -0.0208308 100 32 0 0 0 -1.98123 100 26 0 0 0 0 0 0 0 0 0 0 0
68600 -307.047 0 0 0 0.819206 100 26 -1.18092 100 20 0 0 0 -2.21869 100 24 0 0 0 0 0 0 0 0 0 0 0
68700 -307.33 0 0 0 1.00819 100 23 1.28795 100 30 0 0 0 -2.60113 100 13 0 0 0 0 0 0 0 0 0 0 0
68800 -305.971 0 0 0 1.68942 100 17 3.21645 100 26 0 0 0 -2.78761 100 17 0 0 0 0 0 0 0 0 0 0 0
68900 -306.511 0 0 0 1.4736 100 21 4.07543 100 29 0 0 0 -2.94722 100 16 0 0 0 0 0 0 0 0 0 0 0
69000 -306.95 0 0 0 0.960179 100 23 -0.617045 100 24 0 0 0 -2.17698 100 19 0 0 0 0 0 0 0 0 0 0 0
69100 -306.352 0 0 0 1.83746 100 26 4.26776 100 23 0 0 0 -3.1469 100 24 0 0 0 0 0 0 0 0 0 0 0
69200 -306.589 0 0 0 0.890754 100 21 1.72363 100 20 0 0 0 -2.16585 100 19 0 0 0 0 0 0 0 0 0 0 0
69300 -305.742 0 0 0 1.39271 100 27 1.93252 100 29 0 0 0 -2.66352 100 14 0 0 0 0 0 0 0 0 0 0 0
69400 -305.873 0 0 0 0.980275 100 24 1.46055 100 25 0 0 0 -2.45976 100 18 0 0 0 0 0 0 0 0 0 0 0
69500 -306.504 0 0 0 0.580682 100 18 -0.35967 100 26 0 0 0 -2.13562 100 13 0 0 0 0 0 0 0 0 0 0 0
69600 -310.574 0 0 0 0.857753 100 15 1.6601 100 29 0 0 0 -2.69251 100 20 0 0 0 0 0 0 0 0 0 0 0
69700 -306.172 0 0 0 1.82795 100 11 4.52629 100 25 0 0 0 -2.89729 100 15 0 0 0 0 0 0 0 0 0 0 0
69800 -306.186 0 0 0 1.8003 100 17 3.06843 100 19 0 0 0 -2.95996 100 17 0 0 0 0 0 0 0 0 0 0 0
69900 -306.854 0 0 0 2.1129 100 20 6.08048 100 22 0 0 0 -3.40852 100 15 0 0 0 0 0 0 0 0 0 0 0
70000 -305.636 0 0 0 1.68343 100 18 4.25115 100 21 0 0 0 -2.86126 100 26 0 0 0 0 0 0 0 0 0 0 0
70100 -306.766 0 0 0 2.01733 100 34 6.27433 100 30 0 0 0 -3.33646 100 17 0 0 0 0 0 0 0 0 0 0 0
70200 -305.896 0 0 0 1.83596 100 23 4.39327 100 15 0 0 0 -3.09206 100 15 0 0 0 0 0 0 0 0 0 0 0
70300 -305.466 0 0 0 1.17349 100 23 1.75771 100 22 0 0 0 -2.48303 100 22 0 0 0 0 0 0 0 0 0 0 0
70400 -306.319 0 0 0 0.764185 100 23 -0.567321 100 22 0 0 0 -2.17655 100 23 0 0 0 0 0 0 0 0 0 0 0
70500 -306.157 0 0 0 1.37643 100 15 4.5262 100 23 0 0 0 -2.76144 100 18 0 0 0 0 0 0 0 0 0 0 0
70600 -305.698 0 0 0 1.27686 100 18 1.55211 100 29 0 0 0 -2.52079 100 20 0 0 0 0 0 0 0 0 0 0 0
70700 -305.555 0 0 0 1.06807 100 24 2.36921 100 27 0 0 0 -2.42742 100 17 0 0 0 0 0 0 0 0 0 0 0
70800 -306.452 0 0 0 1.74989 100 23 5.86955 100 27 0 0 0 -3.02931 100 20 0 0 0 0 0 0 0 0 0 0 0
70900 -306.89 0 0 0 0.979346 100 25 1.98899 100 31 0 0 0 -2.19915 100 22 0 0 0 0 0 0 0 0 0 0 0
71000 -305.388 0 0 0 1.36131 100 26 2.70275 100 20 0 0 0 -2.65691 100 15 0 0 0 0 0 0 0 0 0 0 0
71100 -306.458 0 0 0 0.859854 100 19 2.73144 100 28 0 0 0 -2.39213 100 15 0 0 0 0 0 0 0 0 0 0 0
71200 -306.093 0 0 0 1.32461 100 20 3.64346 100 25 0 0 0 -2.55576 100 11 0 0 0 0 0 0 0 0 0 0 0
71300 -306.767 0 0 0 2.151 100 27 4.34019 100 16 0 0 0 -3.27585 100 19 0 0 0 0 0 0 0 0 0 0 0
71400 -310.332 0 0 0 2.99129 100 12 7.42952 100 23 0 0 0 -4.12448 100 18 0 0 0 0 0 0 0 0 0 0 0
71500 -310.257 0 0 0 2.63797 100 17 4.35982 100 21 0 0 0 -3.68808 100 15 0 0 0 0 0 0 0 0 0 0 0
71600 -307.731 0 0 0 2.67098 100 20 8.51158 100 19 0 0 0 -3.72817 100 16 0 0 0 0 0 0 0 0 0 0 0
71700 -308.185 0 0 0 2.68504 100 24 6.364 100 19 0 0 0 -3.76701 100 21 0 0 0 0 0 0 0 0 0 0 0
71800 -305.555 0 0 0 1.62579 100 25 4.02293 100 23 0 0 0 -2.91097 100 19 0 0 0 0 0 0 0 0 0 0 0
71900 -310.055 0 0 0 1.02507 100 19 0.293064 100 30 0 0 0 -2.01729 100 16 0 0 0 0 0 0 0 0 0 0 0
72000 -306.599 0 0 0 0.755498 100 21 1.95172 100 26 0 0 0 -2.15829 100 18 0 0 0 0 0 0 0 0 0 0 0
72100 -306.134 0 0 0 1.004 100 21 2.93544 100 35 0 0 0 -2.39246 100 15 0 0 0 0 0 0 0 0 0 0 0
72200 -305.791 0 0 0 1.00614 100 20 1.94737 100 23 0 0 0 -2.48621 100 8 0 0 0 0 0 0 0 0 0 0 0
72300 -307.493 0 0 0 1.09945 100 17 4.15474 100 29 0 0 0 -2.45836 100 19 0 0 0 0 0 0 0 0 0 0 0
72400 -306.508 0 0 0 2.11465 100 26 4.70337 100 15 0 0 0 -3.12027 100 26 0 0 0 0 0 0 0 0 0 0 0
72500 -305.42 0 0 0 1.22503 100 23 2.70976 100 22 0 0 0 -2.54352 100 13 0 0 0 0 0 0 0 0 0 0 0
72600 -306.682 0 0 0 1.3643 100 19 1.55046 100 26 0 0 0 -2.45081 100 17 0 0 0 0 0 0 0 0 0 0 0
72700 -306.14 0 0 0 0.909026 100 18 1.56899 100 24 0 0 0 -2.44756 100 17 0 0 0 0 0 0 0 0 0 0 0
72800 -307.119 0 0 0 0.744499 100 23 -0.438232 100 25 0 0 0 -2.30285 100 15 0 0 0 0 0 0 0 0 0 0 0
72900 -305.577 0 0 0 1.26911 100 23 1.75819 100 22 0 0 0 -2.52641 100 15 0 0 0 0 0 0 0 0 0 0 0
73000 -305.774 0 0 0 1.24441 100 16 1.31008 100 22 0 0 0 -2.49486 100 10 0 0 0 0 0 0 0 0 0 0 0
73100 -306.034 0 0 0 1.25345 100 20 2.62549 100 30 0 0 0 -2.71569 100 16 0 0 0 0 0 0 0 0 0 0 0
73200 -308.497 0 0 0 1.44847 100 25 0.482003 100 27 0 0 0 -2.80328 100 15 0 0 0 0 0 0 0 0 0 0 0
73300 -306.212 0 0 0 0.684801 100 20 -0.496032 100 15 0 0 0 -2.07827 100 24 0 0 0 0 0 0 0 0 0 0 0
73400 -307.393 0 0 0 0.321325 100 17 -0.0080392 100 25 0 0 0 -1.81312 100 18 0 0 0 0 0 0 0 0 0 0 0
73500 -306.287 0 0 0 0.869747 100 27 -0.322005 100 15 0 0 0 -2.25766 100 16 0 0 0 0 0 0 0 0 0 0 0
73600 -305.75 0 0 0 1.83796 100 16 4.546 100 28 0 0 0 -2.97617 100 18 0 0 0 0 0 0 0 0 0 0 0
73700 -305.656 0 0 0 1.53511 100 17 2.68795 100 19 0 0 0 -2.78344 100 16 0 0 0 0 0 0 0 0 0 0 0
73800 -306.41 0 0 0 1.45796 100 21 3.44499 100 21 0 0 0 -2.57449 100 16 0 0 0 0 0 0 0 0 0 0 0
73900 -306.397 0 0 0 1.73492 100 24 2.48905 100 17 0 0 0 -2.8544 100 10 0 0 0 0 0 0 0 0 0 0 0
74000 -307.47 0 0 0 1.56621 100 20 3.02977 100 22 0 0 0 -3.027 100 14 0 0 0 0 0 0 0 0 0 0 0
74100 -307.442 0 0 0 0.406744 100 24 -2.05503 100 23 0 0 0 -1.95564 100 24 0 0 0 0 0 0 0 0 0 0 0
74200 -307.649 0 0 0 0.495859 100 15 -1.80254 100 21 0 0 0 -2.07015 100 20 0 0 0 0 0 0 0 0 0 0 0
74300 -305.467 0 0 0 1.26581 100 23 3.13056 100 18 0 0 0 -2.61377 100 13 0 0 0 0 0 0 0 0 0 0 0
74400 -306.707 0 0 0 2.19949 100 24 5.18767 100 20 0 0 0 -3.17595 100 17 0 0 0 0 0 0 0 0 0 0 0
74500 -305.435 0 0 0 1.54323 100 28 3.70514 100 24 0 0 0 -2.79697 100 20 0 0 0 0 0 0 0 0 0 0 0
74600 -307.086 0 0 0 1.73272 100 30 1.82233 100 21 0 0 0 -2.84267 100 21 0 0 0 0 0 0 0 0 0 0 0
74700 -306.594 0 0 0 2.26808 100 21 6.1047 100 18 0 0 0 -3.28133 100 20 0 0 0 0 0 0 0 0 0 0 0
74800 -306.649 0 0 0 2.10687 100 18 4.21567 100 26 0 0 0 -3.23698 100 22 0 0 0 0 0 0 0 0 0 0 0
74900 -307.379 0 0 0 2.46823 100 22 5.31421 100 25 0 0 0 -3.42766 100 22 0 0 0 0 0 0 0 0 0 0 0
75000 -305.652 0 0 0 0.937137 100 26 1.94922 100 26 0 0 0 -2.36345 100 20 0 0 0 0 0 0 0 0 0 0 0
75100 -308.051 0 0 0 0.559146 100 22 -2.63183 100 26 0 0 0 -1.88655 100 18 0 0 0 0 0 0 0 0 0 0 0
75200 -305.422 0 0 0 1.28103 100 17 2.55395 100 30 0 0 0 -2.62709 100 18 0 0 0 0 0 0 0 0 0 0 0
75300 -305.543 0 0 0 1.10357 100 32 1.83516 100 27 0 0 0 -2.39609 100 15 0 0 0 0 0 0 0 0 0 0 0
75400 -307.69 0 0 0 0.522955 100 17 -0.38599 100 33 0 0 0 -2.21303 100 22 0 0 0 0 0 0 0 0 0 0 0
75500 -305.946 0 0 0 0.78412 100 18 0.0442512 100 28 0 0 0 -2.17339 100 16 0 0 0 0 0 0 0 0 0 0 0
75600 -306.441 0 0 0 1.55543 100 23 3.80451 100 24 0 0 0 -2.98653 100 22 0 0 0 0 0 0 0 0 0 0 0
75700 -306.112 0 0 0 1.2905 100 16 4.18744 100 24 0 0 0 -2.69606 100 12 0 0 0 0 0 0 0 0 0 0 0
75800 -306.2 0 0 0 0.601499 100 21 0.343966 100 26 0 0 0 -2.0353 100 16 0 0 0 0 0 0 0 0 0 0 0
75900 -307.634 0 0 0 1.39816 100 22 0.148211 100 22 0 0 0 -2.63197 100 20 0 0 0 0 0 0 0 0 0 0 0
76000 -309.753 0 0 0 1.75413 100 28 6.88623 100 31 0 0 0 -3.35144 100 22 0 0 0 0 0 0 0 0 0 0 0
76100 -306.466 0 0 0 1.65387 100 15 4.40628 100 27 0 0 0 -3.0673 100 16 0 0 0 0 0 0 0 0 0 0 0
76200 -305.878 0 0 0 1.67755 100 14 3.32864 100 24 0 0 0 -2.94782 100 22 0 0 0 0 0 0 0 0 0 0 0
76300 -306.145 0 0 0 2.11743 100 24 5.04133 100 28 0 0 0 -3.21019 100 23 0 0 0 0 0 0 0 0 0 0 0
76400 -306.875 0 0 0 2.05621 100 22 4.05238 100 21 0 0 0 -3.0287 100 18 0 0 0 0 0 0 0 0 0 0 0
76500 -308.072 0 0 0 2.35069 100 24 5.11494 100 22 0 0 0 -3.1986 100 19 0 0 0 0 0 0 0 0 0 0 0
76600 -308.97 0 0 0 2.93122 100 22 8.26573 100 17 0 0 0 -3.72407 100 17 0 0 0 0 0 0 0 0 0 0 0
76700 -310.177 0 0 0 2.65408 100 20 10.0784 100 18 0 0 0 -3.87078 100 16 0 0 0 0 0 0 0 0 0 0 0
76800 -306.41 0 0 0 1.90564 100 21 6.14059 100 28 0 0 0 -3.11309 100 24 0 0 0 0 0 0 0 0 0 0 0
76900 -306.611 0 0 0 1.51135 100 20 3.88225 100 20 0 0 0 -2.97696 100 11 0 0 0 0 0 0 0 0 0 0 0
77000 -306.215 0 0 0 0.584399 100 14 0.697596 100 20 0 0 0 -2.09487 100 19 0 0 0 0 0 0 0 0 0 0 0
77100 -306.691 0 0 0 1.01308 100 18 1.45093 100 30 0 0 0 -2.56633 100 15 0 0 0 0 0 0 0 0 0 0 0
77200 -305.917 0 0 0 1.34126 100 22 3.27541 100 29 0 0 0 -2.54584 100 15 0 0 0 0 0 0 0 0 0 0 0
77300 -306.933 0 0 0 0.808213 100 22 -0.708597 100 18 0 0 0 -2.04865 100 21 0 0 0 0 0 0 0 0 0 0 0
77400 -306.442 0 0 0 0.61786 100 25 -0.908356 100 34 0 0 0 -2.06387 100 21 0 0 0 0 0 0 0 0 0 0 0
77500 -307.547 0 0 0 2.24682 100 20 5.22766 100 22 0 0 0 -3.13973 100 24 0 0 0 0 0 0 0 0 0 0 0
77600 -305.998 0 0 0 1.97299 100 20 4.32622 100 26 0 0 0 -3.08569 100 29 0 0 0 0 0 0 0 0 0 0 0
77700 -306.837 0 0 0 1.38184 100 16 4.66134 100 23 0 0 0 -2.89272 100 17 0 0 0 0 0 0 0 0 0 0 0
77800 -307.317 0 0 0 1.53699 100 21 0.909617 100 28 0 0 0 -2.74267 100 17 0 0 0 0 0 0 0 0 0 0 0
77900 -305.579 0 0 0 1.70348 100 19 4.02796 100 41 0 0 0 -2.9482 100 16 0 0 0 0 0 0 0 0 0 0 0
78000 -305.96 0 0 0 1.08727 100 19 0.611628 100 26 0 0 0 -2.42175 100 18 0 0 0 0 0 0 0 0 0 0 0
78100 -306.165 0 0 0 1.33369 100 28 1.96935 100 22 0 0 0 -2.72754 100 20 0 0 0 0 0 0 0 0 0 0 0
78200 -307.113 0 0 0 1.60076 100 29 5.95814 100 26 0 0 0 -2.97023 100 21 0 0 0 0 0 0 0 0 0 0 0
78300 -305.576 0 0 0 1.5082 100 30 2.86698 100 18 0 0 0 -2.78882 100 21 0 0 0 0 0 0 0 0 0 0 0
78400 -306.317 0 0 0 1.60694 100 24 3.55877 100 32 0 0 0 -2.68341 100 16 0 0 0 0 0 0 0 0 0 0 0
78500 -306.145 0 0 0 2.07865 100 19 6.00913 100 21 0 0 0 -3.22812 100 18 0 0 0 0 0 0 0 0 0 0 0
78600 -308.364 0 0 0 2.92376 100 21 7.52014 100 21 0 0 0 -3.93062 100 21 0 0 0 0 0 0 0 0 0 0 0
78700 -307.715 0 0 0 2.71387 100 20 7.59461 100 22 0 0 0 -3.81332 100 13 0 0 0 0 0 0 0 0 0 0 0
78800 -306.252 0 0 0 1.8933 100 28 3.42835 100 18 0 0 0 -2.99465 100 20 0 0 0 0 0 0 0 0 0 0 0
78900 -306.599 0 0 0 1.17898 100 28 1.56802 100 18 0 0 0 -2.3143 100 15 0 0 0 0 0 0 0 0 0 0 0
79000 -306.241 0 0 0 1.32614 100 16 4.31214 100 18 0 0 0 -2.77405 100 23 0 0 0 0 0 0 0 0 0 0 0
79100 -305.656 0 0 0 0.879133 100 19 0.92925 100 20 0 0 0 -2.28254 100 22 0 0 0 0 0 0 0 0 0 0 0
79200 -306.143 0 0 0 2.04814 100 20 5.75257 100 24 0 0 0 -3.26658 100 18 0 0 0 0 0 0 0 0 0 0 0
79300 -306.377 0 0 0 0.836932 100 19 0.807152 100 22 0 0 0 -2.11034 100 19 0 0 0 0 0 0 0 0 0 0 0
79400 -306.774 0 0 0 1.88813 100 27 2.99786 100 14 0 0 0 -2.91651 100 20 0 0 0 0 0 0 0 0 0 0 0
79500 -305.639 0 0 0 1.70913 100 26 4.34892 100 24 0 0 0 -2.88729 100 14 0 0 0 0 0 0 0 0 0 0 0
79600 -305.51 0 0 0 1.40048 100 26 2.75333 100 19 0 0 0 -2.72678 100 19 0 0 0 0 0 0 0 0 0 0 0
79700 -308.008 0 0 0 2.03222 100 19 7.02161 100 32 0 0 0 -3.44649 100 16 0 0 0 0 0 0 0 0 0 0 0
79800 -306.641 0 0 0 1.79205 100 23 6.03816 100 31 0 0 0 -3.139 100 14 0 0 0 0 0 0 0 0 0 0 0
79900 -307.446 0 0 0 2.70568 100 21 7.71755 100 32 0 0 0 -3.76024 100 18 0 0 0 0 0 0 0 0 0 0 0
80000 -309.118 0 0 0 3.0176 100 22 10.0244 100 23 0 0 0 -4.06155 100 20 0 0 0 0 0 0 0 0 0 0 0
80100 -307.471 0 0 0 2.12174 100 21 6.26771 100 30 0 0 0 -3.47316 100 17 0 0 0 0 0 0 0 0 0 0 0
80200 -306.692 0 0 0 1.4721 100 16 2.69923 100 16 0 0 0 -2.90105 100 14 0 0 0 0 0 0 0 0 0 0 0
80300 -306.597 0 0 0 1.04989 100 20 3.47592 100 12 0 0 0 -2.59918 100 25 0 0 0 0 0 0 0 0 0 0 0
80400 -306.123 0 0 0 1.69766 100 25 3.23583 100 25 0 0 0 -2.77313 100 19 0 0 0 0 0 0 0 0 0 0 0
80500 -306.848 0 0 0 1.93028 100 21 3.36758 100 15 0 0 0 -2.92483 100 16 0 0 0 0 0 0 0 0 0 0 0
80600 -306.97 0 0 0 2.11988 100 14 3.88288 100 22 0 0 0 -3.11699 100 16 0 0 0 0 0 0 0 0 0 0 0
80700 -305.611 0 0 0 1.61962 100 25 3.29119 100 24 0 0 0 -2.788 100 22 0 0 0 0 0 0 0 0 0 0 0
80800 -307.813 0 0 0 2.11649 100 15 5.17296 100 14 0 0 0 -3.01248 100 18 0 0 0 0 0 0 0 0 0 0 0
80900 -308.673 0 0 0 0.141586 100 18 0.631007 100 13 0 0 0 -1.86126 100 12 0 0 0 0 0 0 0 0 0 0 0
81000 -306.765 0 0 0 0.846906 100 22 2.97823 100 23 0 0 0 -2.3713 100 12 0 0 0 0 0 0 0 0 0 0 0
81100 -305.65 0 0 0 1.55086 100 14 3.01591 100 17 0 0 0 -2.71411 100 25 0 0 0 0 0 0 0 0 0 0 0
81200 -308.591 0 0 0 2.99416 100 27 7.78205 100 25 0 0 0 -3.81756 100 23 0 0 0 0 0 0 0 0 0 0 0
81300 -308.466 0 0 0 2.93537 100 15 9.35987 100 19 0 0 0 -3.92938 100 21 0 0 0 0 0 0 0 0 0 0 0
81400 -307.106 0 0 0 2.49448 100 18 7.51991 100 19 0 0 0 -3.5267 100 15 0 0 0 0 0 0 0 0 0 0 0
81500 -308.329 0 0 0 2.18369 100 22 7.94961 100 25 0 0 0 -3.32074 100 16 0 0 0 0 0 0 0 0 0 0 0
81600 -305.832 0 0 0 1.40206 100 26 2.00009 100 26 0 0 0 -2.57478 100 21 0 0 0 0 0 0 0 0 0 0 0
81700 -306.124 0 0 0 1.27341 100 19 3.57739 100 16 0 0 0 -2.5274 100 21 0 0 0 0 0 0 0 0 0 0 0
81800 -305.717 0 0 0 0.867187 100 25 1.58617 100 22 0 0 0 -2.32267 100 16 0 0 0 0 0 0 0 0 0 0 0
81900 -308.544 0 0 0 0.446551 100 20 -2.42163 100 25 0 0 0 -2.05524 100 11 0 0 0 0 0 0 0 0 0 0 0
82000 -307.958 0 0 0 1.37172 100 18 4.74849 100 28 0 0 0 -2.56401 100 18 0 0 0 0 0 0 0 0 0 0 0
82100 -308.405 0 0 0 1.51048 100 20 2.60567 100 20 0 0 0 -3.0262 100 16 0 0 0 0 0 0 0 0 0 0 0
82200 -306.558 0 0 0 1.68031 100 26 5.74897 100 31 0 0 0 -3.03438 100 10 0 0 0 0 0 0 0 0 0 0 0
82300 -306.652 0 0 0 1.24895 100 26 4.28443 100 17 0 0 0 -2.75866 100 19 0 0 0 0 0 0 0 0 0 0 0
82400 -305.726 0 0 0 1.52105 100 24 2.81848 100 24 0 0 0 -2.8214 100 15 0 0 0 0 0 0 0 0 0 0 0
82500 -305.674 0 0 0 1.25343 100 19 2.76604 100 21 0 0 0 -2.49569 100 15 0 0 0 0 0 0 0 0 0 0 0
82600 -305.945 0 0 0 1.14379 100 21 1.39528 100 22 0 0 0 -2.55914 100 22 0 0 0 0 0 0 0 0 0 0 0
82700 -306.49 0 0 0 1.74626 100 22 4.38851 100 28 0 0 0 -3.12238 100 19 0 0 0 0 0 0 0 0 0 0 0
82800 -305.658 0 0 0 1.55459 100 21 3.55443 100 23 0 0 0 -2.88228 100 14 0 0 0 0 0 0 0 0 0 0 0
82900 -305.433 0 0 0 1.26225 100 20 2.73269 100 19 0 0 0 -2.62493 100 11 0 0 0 0 0 0 0 0 0 0 0
83000 -307.827 0 0 0 1.15172 100 16 4.57792 100 31 0 0 0 -2.51696 100 22 0 0 0 0 0 0 0 0 0 0 0
83100 -305.677 0 0 0 1.44858 100 18 4.11439 100 24 0 0 0 -2.73694 100 23 0 0 0 0 0 0 0 0 0 0 0
83200 -308.818 0 0 0 0.544062 100 12 1.18216 100 15 0 0 0 -2.36171 100 21 0 0 0 0 0 0 0 0 0 0 0
83300 -309.821 0 0 0 1.59898 100 23 6.79862 100 30 0 0 0 -2.8635 100 20 0 0 0 0 0 0 0 0 0 0 0
83400 -309.03 0 0 0 0.94809 100 22 3.49753 100 20 0 0 0 -2.22114 100 18 0 0 0 0 0 0 0 0 0 0 0
83500 -306.506 0 0 0 1.32563 100 18 1.61395 100 20 0 0 0 -2.72528 100 16 0 0 0 0 0 0 0 0 0 0 0
83600 -307.332 0 0 0 1.37096 100 15 2.32134 100 21 0 0 0 -2.41289 100 11 0 0 0 0 0 0 0 0 0 0 0
83700 -305.821 0 0 0 1.4793 100 25 2.39139 100 28 0 0 0 -2.63277 100 19 0 0 0 0 0 0 0 0 0 0 0
83800 -307.042 0 0 0 1.30054 100 24 4.52493 100 21 0 0 0 -2.585 100 19 0 0 0 0 0 0 0 0 0 0 0
83900 -306.451 0 0 0 1.99741 100 19 6.08248 100 17 0 0 0 -3.28447 100 17 0 0 0 0 0 0 0 0 0 0 0
84000 -308.405 0 0 0 1.3225 100 21 5.66089 100 25 0 0 0 -2.88513 100 21 0 0 0 0 0 0 0 0 0 0 0
84100 -305.976 0 0 0 1.97203 100 22 4.36639 100 23 0 0 0 -3.09212 100 18 0 0 0 0 0 0 0 0 0 0 0
84200 -306.034 0 0 0 1.30255 100 19 1.60537 100 15 0 0 0 -2.46517 100 20 0 0 0 0 0 0 0 0 0 0 0
84300 -306.806 0 0 0 1.56143 100 20 1.39606 100 19 0 0 0 -2.76098 100 23 0 0 0 0 0 0 0 0 0 0 0
84400 -308.558 0 0 0 1.39534 100 20 6.0193 100 25 0 0 0 -2.92914 100 19 0 0 0 0 0 0 0 0 0 0 0
84500 -307.067 0 0 0 0.720304 100 29 -0.883526 100 26 0 0 0 -1.97629 100 18 0 0 0 0 0 0 0 0 0 0 0
84600 -306.173 0 0 0 0.656672 100 20 0.776098 100 27 0 0 0 -2.20693 100 21 0 0 0 0 0 0 0 0 0 0 0
84700 -307.188 0 0 0 0.60233 100 20 -0.546373 100 25 0 0 0 -1.88861 100 18 0 0 0 0 0 0 0 0 0 0 0
84800 -307.625 0 0 0 1.1824 100 23 4.88478 100 33 0 0 0 -2.66583 100 14 0 0 0 0 0 0 0 0 0 0 0
84900 -306.771 0 0 0 2.03852 100 12 3.58365 100 30 0 0 0 -3.13971 100 24 0 0 0 0 0 0 0 0 0 0 0
85000 -306.675 0 0 0 0.992504 100 23 -0.490409 100 24 0 0 0 -2.25753 100 12 0 0 0 0 0 0 0 0 0 0 0
85100 -307.277 0 0 0 0.45317 100 18 -2.12569 100 26 0 0 0 -1.87378 100 16 0 0 0 0 0 0 0 0 0 0 0
85200 -308.908 0 0 0 0.12653 100 21 -3.88511 100 24 0 0 0 -1.674 100 17 0 0 0 0 0 0 0 0 0 0 0
85300 -306.969 0 0 0 0.478915 100 11 0.405403 100 19 0 0 0 -2.14179 100 16 0 0 0 0 0 0 0 0 0 0 0
85400 -305.77 0 0 0 1.71926 100 19 3.89841 100 22 0 0 0 -2.84423 100 28 0 0 0 0 0 0 0 0 0 0 0
85500 -305.744 0 0 0 1.74872 100 14 3.78289 100 29 0 0 0 -2.87893 100 19 0 0 0 0 0 0 0 0 0 0 0
85600 -306.544 0 0 0 0.755919 100 26 1.8035 100 20 0 0 0 -2.36236 100 12 0 0 0 0 0 0 0 0 0 0 0
85700 -307.457 0 0 0 0.260196 100 19 -0.953657 100 27 0 0 0 -1.72711 100 20 0 0 0 0 0 0 0 0 0 0 0
85800 -306.63 0 0 0 0.762067 100 25 -1.01349 100 24 0 0 0 -2.11438 100 23 0 0 0 0 0 0 0 0 0 0 0
85900 -306.71 0 0 0 1.66148 100 26 1.88988 100 24 0 0 0 -2.76413 100 16 0 0 0 0 0 0 0 0 0 0 0
86000 -305.54 0 0 0 1.11358 100 15 1.397 100 20 0 0 0 -2.43872 100 16 0 0 0 0 0 0 0 0 0 0 0
86100 -307.031 0 0 0 1.46937 100 24 4.60569 100 19 0 0 0 -2.98929 100 16 0 0 0 0 0 0 0 0 0 0 0
86200 -306.436 0 0 0 0.916816 100 26 0.112982 100 22 0 0 0 -2.15229 100 18 0 0 0 0 0 0 0 0 0 0 0
86300 -306.257 0 0 0 0.859718 100 24 0.0774607 100 29 0 0 0 -2.31981 100 16 0 0 0 0 0 0 0 0 0 0 0
86400 -306.122 0 0 0 1.28127 100 18 3.87353 100 26 0 0 0 -2.5751 100 26 0 0 0 0 0 0 0 0 0 0 0
86500 -310.679 0 0 0 1.09655 100 19 4.13976 100 24 0 0 0 -2.2705 100 21 0 0 0 0 0 0 0 0 0 0 0
86600 -305.946 0 0 0 0.875866 100 22 1.47987 100 23 0 0 0 -2.39117 100 25 0 0 0 0 0 0 0 0 0 0 0
86700 -307.23 0 0 0 2.10185 100 21 4.25726 100 17 0 0 0 -3.32518 100 17 0 0 0 0 0 0 0 0 0 0 0
86800 -307.981 0 0 0 1.88525 100 18 3.89078 100 20 0 0 0 -3.27159 100 16 0 0 0 0 0 0 0 0 0 0 0
86900 -306.251 0 0 0 1.95942 100 18 3.87317 100 21 0 0 0 -3.02587 100 15 0 0 0 0 0 0 0 0 0 0 0
87000 -306.364 0 0 0 2.20275 100 24 6.12551 100 27 0 0 0 -3.2697 100 24 0 0 0 0 0 0 0 0 0 0 0
87100 -306.111 0 0 0 1.5679 100 22 3.23854 100 19 0 0 0 -2.66475 100 17 0 0 0 0 0 0 0 0 0 0 0
87200 -307.788 0 0 0 0.615787 100 15 0.608344 100 27 0 0 0 -2.33572 100 15 0 0 0 0 0 0 0 0 0 0 0
87300 -306.707 0 0 0 0.951259 100 20 1.39917 100 26 0 0 0 -2.52539 100 17 0 0 0 0 0 0 0 0 0 0 0
87400 -306.807 0 0 0 1.4095 100 17 1.56295 100 24 0 0 0 -2.47949 100 23 0 0 0 0 0 0 0 0 0 0 0
87500 -305.675 0 0 0 1.15395 100 22 3.04828 100 18 0 0 0 -2.57559 100 15 0 0 0 0 0 0 0 0 0 0 0
87600 -306.076 0 0 0 1.07002 100 20 3.00106 100 20 0 0 0 -2.41029 100 18 0 0 0 0 0 0 0 0 0 0 0
87700 -307.227 0 0 0 1.45995 100 23 3.17525 100 29 0 0 0 -2.96252 100 22 0 0 0 0 0 0 0 0 0 0 0
87800 -308.296 0 0 0 1.68999 100 33 6.71547 100 26 0 0 0 -2.98089 100 28 0 0 0 0 0 0 0 0 0 0 0
87900 -305.706 0 0 0 1.8121 100 11 4.90778 100 19 0 0 0 -3.02555 100 19 0 0 0 0 0 0 0 0 0 0 0
88000 -305.771 0 0 0 1.89439 100 25 5.02475 100 20 0 0 0 -3.06937 100 21 0 0 0 0 0 0 0 0 0 0 0
88100 -306.091 0 0 0 1.23889 100 21 1.11888 100 16 0 0 0 -2.57958 100 19 0 0 0 0 0 0 0 0 0 0 0
88200 -305.995 0 0 0 1.55466 100 16 2.29407 100 20 0 0 0 -2.6947 100 11 0 0 0 0 0 0 0 0 0 0 0
88300 -306.018 0 0 0 1.85525 100 29 5.08749 100 20 0 0 0 -3.14536 100 26 0 0 0 0 0 0 0 0 0 0 0
88400 -305.843 0 0 0 1.9074 100 22 4.53634 100 26 0 0 0 -3.02257 100 25 0 0 0 0 0 0 0 0 0 0 0
88500 -307.496 0 0 0 2.2564 100 17 6.33274 100 26 0 0 0 -3.19399 100 16 0 0 0 0 0 0 0 0 0 0 0
88600 -308.924 0 0 0 0.231079 100 25 -3.87528 100 33 0 0 0 -1.72502 100 15 0 0 0 0 0 0 0 0 0 0 0
88700 -306.4 0 0 0 0.603106 100 21 -0.819745 100 21 0 0 0 -2.06296 100 14 0 0 0 0 0 0 0 0 0 0 0
88800 -308.031 0 0 0 0.603286 100 18 0.91898 100 32 0 0 0 -1.90172 100 19 0 0 0 0 0 0 0 0 0 0 0
88900 -308.06 0 0 0 0.809908 100 23 1.69746 100 26 0 0 0 -2.03696 100 20 0 0 0 0 0 0 0 0 0 0 0
89000 -306.674 0 0 0 1.8404 100 19 6.0795 100 25 0 0 0 -3.02839 100 17 0 0 0 0 0 0 0 0 0 0 0
89100 -305.75 0 0 0 1.82989 100 24 4.21071 100 23 0 0 0 -3.03987 100 20 0 0 0 0 0 0 0 0 0 0 0
89200 -307.196 0 0 0 2.03418 100 16 5.88763 100 25 0 0 0 -3.03724 100 18 0 0 0 0 0 0 0 0 0 0 0
89300 -306.578 0 0 0 1.96314 100 23 3.45983 100 16 0 0 0 -3.01012 100 15 0 0 0 0 0 0 0 0 0 0 0
89400 -305.667 0 0 0 1.74757 100 21 4.51904 100 19 0 0 0 -3.00886 100 20 0 0 0 0 0 0 0 0 0 0 0
89500 -307.516 0 0 0 2.3873 100 17 7.8944 100 19 0 0 0 -3.60484 100 13 0 0 0 0 0 0 0 0 0 0 0
89600 -308.632 0 0 0 1.41046 100 20 2.8172 100 19 0 0 0 -2.99733 100 13 0 0 0 0 0 0 0 0 0 0 0
89700 -305.873 0 0 0 1.84078 100 19 4.13483 100 19 0 0 0 -2.94245 100 19 0 0 0 0 0 0 0 0 0 0 0
89800 -306.533 0 0 0 1.09282 100 21 1.30393 100 18 0 0 0 -2.58948 100 17 0 0 0 0 0 0 0 0 0 0 0
89900 -306.72 0 0 0 1.03443 100 19 0.141787 100 29 0 0 0 -2.46392 100 15 0 0 0 0 0 0 0 0 0 0 0
90000 -305.374 0 0 0 1.3773 100 13 3.00198 100 20 0 0 0 -2.67595 100 23 0 0 0 0 0 0 0 0 0 0 0
90100 -307.096 0 0 0 0.908178 100 23 -0.663665 100 21 0 0 0 -2.34904 100 17 0 0 0 0 0 0 0 0 0 0 0
90200 -309.124 0 0 0 0.860355 100 25 4.28765 100 25 0 0 0 -2.55906 100 15 0 0 0 0 0 0 0 0 0 0 0
90300 -306.95 0 0 0 1.75875 100 18 4.95028 100 19 0 0 0 -2.81525 100 13 0 0 0 0 0 0 0 0 0 0 0
90400 -306.366 0 0 0 2.03085 100 19 6.32984 100 27 0 0 0 -3.2082 100 15 0 0 0 0 0 0 0 0 0 0 0
90500 -306.173 0 0 0 0.872571 100 18 -0.151254 100 21 0 0 0 -2.26739 100 12 0 0 0 0 0 0 0 0 0 0 0
90600 -307.104 0 0 0 0.555606 100 28 1.73345 100 26 0 0 0 -2.09563 100 19 0 0 0 0 0 0 0 0 0 0 0
90700 -307.925 0 0 0 0.341442 100 25 1.02484 100 29 0 0 0 -2.07937 100 21 0 0 0 0 0 0 0 0 0 0 0
90800 -306.463 0 0 0 0.869802 100 17 2.1061 100 19 0 0 0 -2.45897 100 14 0 0 0 0 0 0 0 0 0 0 0
90900 -308.816 0 0 0 0.676028 100 19 2.64723 100 20 0 0 0 -2.06745 100 22 0 0 0 0 0 0 0 0 0 0 0
91000 -305.759 0 0 0 1.81643 100 26 3.88445 100 22 0 0 0 -2.98184 100 23 0 0 0 0 0 0 0 0 0 0 0
91100 -306.482 0 0 0 1.60742 100 29 3.31185 100 27 0 0 0 -2.99133 100 21 0 0 0 0 0 0 0 0 0 0 0
91200 -305.79 0 0 0 1.02211 100 20 0.681315 100 20 0 0 0 -2.33038 100 20 0 0 0 0 0 0 0 0 0 0 0
91300 -306.597 0 0 0 0.434033 100 21 -0.968832 100 23 0 0 0 -1.9461 100 16 0 0 0 0 0 0 0 0 0 0 0
91400 -306.8 0 0 0 1.23867 100 19 4.16484 100 25 0 0 0 -2.7791 100 19 0 0 0 0 0 0 0 0 0 0 0
91500 -306.615 0 0 0 2.25408 100 22 6.59894 100 26 0 0 0 -3.3126 100 14 0 0 0 0 0 0 0 0 0 0 0
91600 -305.551 0 0 0 0.99312 100 19 1.34944 100 30 0 0 0 -2.33824 100 16 0 0 0 0 0 0 0 0 0 0 0
91700 -305.774 0 0 0 0.878725 100 12 1.86407 100 23 0 0 0 -2.34187 100 11 0 0 0 0 0 0 0 0 0 0 0
91800 -306.798 0 0 0 1.46059 100 26 2.92566 100 27 0 0 0 -2.52423 100 23 0 0 0 0 0 0 0 0 0 0 0
91900 -306.079 0 0 0 1.2474 100 22 2.29068 100 22 0 0 0 -2.42051 100 23 0 0 0 0 0 0 0 0 0 0 0
92000 -305.672 0 0 0 1.5449 100 28 2.62263 100 22 0 0 0 -2.7486 100 19 0 0 0 0 0 0 0 0 0 0 0
92100 -307.454 0 0 0 1.44722 100 21 4.00724 100 25 0 0 0 -3.00054 100 13 0 0 0 0 0 0 0 0 0 0 0
92200 -305.757 0 0 0 1.62505 100 13 3.4424 100 18 0 0 0 -2.75859 100 21 0 0 0 0 0 0 0 0 0 0 0
92300 -305.635 0 0 0 1.76267 100 21 4.37771 100 27 0 0 0 -2.93455 100 23 0 0 0 0 0 0 0 0 0 0 0
92400 -310.3 0 0 0 1.95323 100 25 2.72169 100 19 0 0 0 -2.74102 100 19 0 0 0 0 0 0 0 0 0 0 0
92500 -306.631 0 0 0 0.564106 100 23 -0.680142 100 18 0 0 0 -2.1125 100 16 0 0 0 0 0 0 0 0 0 0 0
92600 -305.559 0 0 0 1.58525 100 26 3.16773 100 16 0 0 0 -2.77335 100 20 0 0 0 0 0 0 0 0 0 0 0
92700 -307.027 0 0 0 1.37842 100 22 0.557722 100 31 0 0 0 -2.50945 100 18 0 0 0 0 0 0 0 0 0 0 0
92800 -307.81 0 0 0 2.11347 100 22 7.4086 100 17 0 0 0 -3.23508 100 22 0 0 0 0 0 0 0 0 0 0 0
92900 -307.227 0 0 0 1.59935 100 19 1.96744 100 23 0 0 0 -2.92753 100 23 0 0 0 0 0 0 0 0 0 0 0
93000 -305.515 0 0 0 1.54904 100 17 3.78541 100 31 0 0 0 -2.76557 100 23 0 0 0 0 0 0 0 0 0 0 0
93100 -305.397 0 0 0 1.19985 100 23 2.47302 100 32 0 0 0 -2.54705 100 11 0 0 0 0 0 0 0 0 0 0 0
93200 -305.785 0 0 0 1.51666 100 15 2.64343 100 27 0 0 0 -2.81024 100 12 0 0 0 0 0 0 0 0 0 0 0
93300 -307.161 0 0 0 0.989989 100 21 1.89877 100 21 0 0 0 -2.60827 100 16 0 0 0 0 0 0 0 0 0 0 0
93400 -306.771 0 0 0 1.36832 100 20 0.628137 100 24 0 0 0 -2.55258 100 23 0 0 0 0 0 0 0 0 0 0 0
93500 -305.399 0 0 0 1.30329 100 17 2.51947 100 25 0 0 0 -2.57709 100 18 0 0 0 0 0 0 0 0 0 0 0
93600 -306.365 0 0 0 1.34785 100 21 4.21035 100 23 0 0 0 -2.6108 100 23 0 0 0 0 0 0 0 0 0 0 0
93700 -305.823 0 0 0 1.13089 100 19 3.23756 100 32 0 0 0 -2.55602 100 15 0 0 0 0 0 0 0 0 0 0 0
93800 -306.068 0 0 0 1.43575 100 19 4.44747 100 20 0 0 0 -2.8502 100 14 0 0 0 0 0 0 0 0 0 0 0
93900 -305.89 0 0 0 1.93172 100 25 4.9542 100 19 0 0 0 -3.04732 100 22 0 0 0 0 0 0 0 0 0 0 0
94000 -306.033 0 0 0 1.89751 100 17 4.21058 100 23 0 0 0 -2.97015 100 19 0 0 0 0 0 0 0 0 0 0 0
94100 -306.564 0 0 0 0.761586 100 18 -0.495446 100 26 0 0 0 -2.24269 100 19 0 0 0 0 0 0 0 0 0 0 0
94200 -305.722 0 0 0 0.929791 100 25 1.0914 100 24 0 0 0 -2.37201 100 22 0 0 0 0 0 0 0 0 0 0 0
94300 -306.516 0 0 0 1.93953 100 20 5.74944 100 22 0 0 0 -3.26484 100 19 0 0 0 0 0 0 0 0 0 0 0
94400 -305.772 0 0 0 1.20676 100 22 3.02375 100 19 0 0 0 -2.65616 100 17 0 0 0 0 0 0 0 0 0 0 0
94500 -305.674 0 0 0 1.35367 100 23 2.68008 100 16 0 0 0 -2.7311 100 24 0 0 0 0 0 0 0 0 0 0 0
94600 -309.975 0 0 0 1.97698 100 29 1.03075 100 22 0 0 0 -3.03747 100 12 0 0 0 0 0 0 0 0 0 0 0
94700 -305.938 0 0 0 1.66828 100 20 4.99059 100 26 0 0 0 -2.9984 100 22 0 0 0 0 0 0 0 0 0 0 0
94800 -306.019 0 0 0 1.53554 100 18 2.04909 100 28 0 0 0 -2.72103 100 20 0 0 0 0 0 0 0 0 0 0 0
94900 -307.162 0 0 0 0.450006 100 13 -0.78859 100 28 0 0 0 -1.81621 100 17 0 0 0 0 0 0 0 0 0 0 0
95000 -305.983 0 0 0 0.817912 100 21 1.74233 100 29 0 0 0 -2.22803 100 10 0 0 0 0 0 0 0 0 0 0 0
95100 -307.26 0 0 0 0.512247 100 18 1.42562 100 21 0 0 0 -2.01228 100 14 0 0 0 0 0 0 0 0 0 0 0
95200 -309.192 0 0 0 1.00174 100 18 0.8358 100 23 0 0 0 -2.04504 100 20 0 0 0 0 0 0 0 0 0 0 0
95300 -305.895 0 0 0 1.45568 100 21 1.92659 100 23 0 0 0 -2.6413 100 18 0 0 0 0 0 0 0 0 0 0 0
95400 -305.548 0 0 0 1.03961 100 18 2.26612 100 27 0 0 0 -2.42612 100 21 0 0 0 0 0 0 0 0 0 0 0
95500 -307.053 0 0 0 0.669678 100 19 1.04269 100 17 0 0 0 -2.33436 100 19 0 0 0 0 0 0 0 0 0 0 0
95600 -306.871 0 0 0 0.581483 100 20 -1.38214 100 23 0 0 0 -1.93846 100 21 0 0 0 0 0 0 0 0 0 0 0
95700 -306.865 0 0 0 0.660022 100 15 -0.355337 100 24 0 0 0 -1.94937 100 17 0 0 0 0 0 0 0 0 0 0 0
95800 -309.187 0 0 0 0.239183 100 10 -3.45951 100 32 0 0 0 -1.57809 100 14 0 0 0 0 0 0 0 0 0 0 0
95900 -306.482 0 0 0 0.742967 100 23 -0.802629 100 20 0 0 0 -2.16001 100 18 0 0 0 0 0 0 0 0 0 0 0
96000 -309.715 0 0 0 0.26879 100 21 0.757733 100 19 0 0 0 -1.71479 100 21 0 0 0 0 0 0 0 0 0 0 0
96100 -305.848 0 0 0 0.768002 100 14 0.519952 100 25 0 0 0 -2.1594 100 15 0 0 0 0 0 0 0 0 0 0 0
96200 -307.282 0 0 0 0.245571 100 22 -0.209861 100 26 0 0 0 -1.8542 100 21 0 0 0 0 0 0 0 0 0 0 0
96300 -305.673 0 0 0 1.25132 100 17 1.8309 100 31 0 0 0 -2.60704 100 8 0 0 0 0 0 0 0 0 0 0 0
96400 -307.193 0 0 0 0.384879 100 16 -2.04416 100 25 0 0 0 -1.87022 100 19 0 0 0 0 0 0 0 0 0 0 0
96500 -307.519 0 0 0 0.911752 100 14 3.60188 100 23 0 0 0 -2.35772 100 22 0 0 0 0 0 0 0 0 0 0 0
96600 -305.518 0 0 0 1.65978 100 16 3.72282 100 28 0 0 0 -2.87832 100 14 0 0 0 0 0 0 0 0 0 0 0
96700 -308.256 0 0 0 0.583816 100 19 -1.64345 100 28 0 0 0 -2.19105 100 16 0 0 0 0 0 0 0 0 0 0 0
96800 -308.912 0 0 0 0.0763735 100 18 -1.5605 100 28 0 0 0 -1.5281 100 18 0 0 0 0 0 0 0 0 0 0 0
96900 -307.081 0 0 0 0.594011 100 22 0.0162935 100 28 0 0 0 -1.90757 100 12 0 0 0 0 0 0 0 0 0 0 0
97000 -305.516 0 0 0 1.62452 100 25 3.50556 100 18 0 0 0 -2.82456 100 18 0 0 0 0 0 0 0 0 0 0 0
97100 -305.527 0 0 0 1.31776 100 24 3.43857 100 21 0 0 0 -2.63481 100 24 0 0 0 0 0 0 0 0 0 0 0
97200 -306.593 0 0 0 1.74286 100 23 3.16056 100 22 0 0 0 -2.76495 100 22 0 0 0 0 0 0 0 0 0 0 0
97300 -306.297 0 0 0 1.72053 100 19 2.54335 100 22 0 0 0 -2.84199 100 18 0 0 0 0 0 0 0 0 0 0 0
97400 -311.681 0 0 0 2.79818 100 15 10.9759 100 28 0 0 0 -4.03243 100 12 0 0 0 0 0 0 0 0 0 0 0
97500 -310.509 0 0 0 2.90276 100 13 9.25901 100 24 0 0 0 -4.17884 100 17 0 0 0 0 0 0 0 0 0 0 0
97600 -306.226 0 0 0 2.14009 100 18 5.93836 100 20 0 0 0 -3.32213 100 17 0 0 0 0 0 0 0 0 0 0 0
97700 -305.937 0 0 0 1.9607 100 12 4.98006 100 26 0 0 0 -3.1729 100 22 0 0 0 0 0 0 0 0 0 0 0
97800 -306.813 0 0 0 2.27963 100 22 6.20645 100 26 0 0 0 -3.48798 100 15 0 0 0 0 0 0 0 0 0 0 0
97900 -305.425 0 0 0 1.46367 100 19 3.10007 100 20 0 0 0 -2.69859 100 21 0 0 0 0 0 0 0 0 0 0 0
98000 -306.12 0 0 0 1.46317 100 19 4.02006 100 14 0 0 0 -2.89908 100 20 0 0 0 0 0 0 0 0 0 0 0
98100 -308.226 0 0 0 0.954987 100 16 4.32106 100 29 0 0 0 -2.56217 100 25 0 0 0 0 0 0 0 0 0 0 0
98200 -305.895 0 0 0 1.20251 100 25 3.57413 100 24 0 0 0 -2.63503 100 16 0 0 0 0 0 0 0 0 0 0 0
98300 -307.335 0 0 0 2.45496 100 27 6.05838 100 25 0 0 0 -3.59766 100 20 0 0 0 0 0 0 0 0 0 0 0
98400 -307.479 0 0 0 1.83258 100 24 2.07203 100 24 0 0 0 -2.85435 100 19 0 0 0 0 0 0 0 0 0 0 0
98500 -305.681 0 0 0 0.882989 100 19 1.39628 100 28 0 0 0 -2.26509 100 16 0 0 0 0 0 0 0 0 0 0 0
98600 -306.081 0 0 0 0.648367 100 19 0.91367 100 29 0 0 0 -2.14952 100 19 0 0 0 0 0 0 0 0 0 0 0
98700 -306.967 0 0 0 1.1823 100 25 1.70922 100 23 0 0 0 -2.70256 100 19 0 0 0 0 0 0 0 0 0 0 0
98800 -306.352 0 0 0 1.55259 100 23 1.74523 100 30 0 0 0 -2.71024 100 17 0 0 0 0 0 0 0 0 0 0 0
98900 -307.569 0 0 0 0.639566 100 15 2.2233 100 25 0 0 0 -2.09898 100 16 0 0 0 0 0 0 0 0 0 0 0
99000 -306.819 0 0 0 1.18537 100 20 0.356026 100 17 0 0 0 -2.55305 100 15 0 0 0 0 0 0 0 0 0 0 0
99100 -307.426 0 0 0 0.632625 100 20 2.47003 100 27 0 0 0 -2.24159 100 19 0 0 0 0 0 0 0 0 0 0 0
99200 -307.008 0 0 0 2.34949 100 21 7.02628 100 24 0 0 0 -3.36803 100 23 0 0 0 0 0 0 0 0 0 0 0
99300 -306.831 0 0 0 1.97917 100 23 3.18812 100 26 0 0 0 -3.04978 100 23 0 0 0 0 0 0 0 0 0 0 0
99400 -309.612 0 0 0 2.68594 100 30 6.93088 100 26 0 0 0 -3.42561 100 25 0 0 0 0 0 0 0 0 0 0 0
99500 -306.304 0 0 0 2.1363 100 20 4.82184 100 25 0 0 0 -3.24757 100 16 0 0 0 0 0 0 0 0 0 0 0
99600 -307.452 0 0 0 1.51711 100 17 1.80325 100 25 0 0 0 -2.90125 100 6 0 0 0 0 0 0 0 0 0 0 0
99700 -305.433 0 0 0 1.17196 100 17 1.98817 100 19 0 0 0 -2.47578 100 21 0 0 0 0 0 0 0 0 0 0 0
99800 -307.465 0 0 0 0.496989 100 17 1.36579 100 22 0 0 0 -1.97737 100 13 0 0 0 0 0 0 0 0 0 0 0
99900 -311.334 0 0 0 0.916495 100 18 -3.73152 100 26 0 0 0 -2.11254 100 12 0 0 0 0 0 0 0 0 0 0 0
100000 -305.533 0 0 0 1.47031 100 28 3.13749 100 32 0 0 0 -2.79227 100 14 0 0 0 0 0 0 0 0 0 0 0
