iteration logLik intercept1 intercept1_p intercept1_a pcov2 pcov2_p pcov2_a pcov3 pcov3_p pcov3_a pcov4 pcov4_p pcov4_a intercept2 intercept2_p intercept2_a intercept3 intercept3_p intercept3_a intercept4 intercept4_p intercept4_a pcov pcov_p pcov_a data_p data_a
0 -253.005 0 0 0 0.296486 0 0 0.0112337 0 0 0 0 0 -0.872091 0 0 0 0 0 0 0 0 0 0 0 0 0
100 -184.274 0 0 0 0.659569 100 24 -12.0005 100 75 0 0 0 -2.51322 100 22 0 0 0 0 0 0 0 0 0 0 0
200 -183.907 0 0 0 0.867513 100 29 -16.6521 100 55 0 0 0 -2.41695 100 27 0 0 0 0 0 0 0 0 0 0 0
300 -183.77 0 0 0 0.960352 100 26 -15.4818 100 70 0 0 0 -2.64313 100 27 0 0 0 0 0 0 0 0 0 0 0
400 -184.592 0 0 0 1.21717 100 22 -2.286 100 63 0 0 0 -2.56352 100 27 0 0 0 0 0 0 0 0 0 0 0
500 -183.896 0 0 0 1.36787 100 26 -4.45897 100 55 0 0 0 -2.9381 100 25 0 0 0 0 0 0 0 0 0 0 0
600 -184.427 0 0 0 1.62027 100 24 -1.46158 100 65 0 0 0 -2.90622 100 25 0 0 0 0 0 0 0 0 0 0 0
700 -183.537 0 0 0 1.28176 100 28 -6.4686 100 73 0 0 0 -2.74266 100 17 0 0 0 0 0 0 0 0 0 0 0
800 -185.393 0 0 0 1.07813 100 23 -4.48697 100 69 0 0 0 -2.37045 100 26 0 0 0 0 0 0 0 0 0 0 0
900 -183.996 0 0 0 1.53521 100 31 -12.7898 100 67 0 0 0 -2.9873 100 31 0 0 0 0 0 0 0 0 0 0 0
1000 -185.243 0 0 0 1.89506 100 28 -3.95166 100 65 0 0 0 -3.00473 100 26 0 0 0 0 0 0 0 0 0 0 0
1100 -184.489 0 0 0 1.47862 100 36 -15.5685 100 69 0 0 0 -2.71043 100 34 0 0 0 0 0 0 0 0 0 0 0
1200 -184.066 0 0 0 0.807505 100 27 -5.10872 100 63 0 0 0 -2.44754 100 19 0 0 0 0 0 0 0 0 0 0 0
1300 -184.753 0 0 0 1.62081 100 23 -13.237 100 70 0 0 0 -2.79201 100 25 0 0 0 0 0 0 0 0 0 0 0
1400 -183.96 0 0 0 1.08692 100 26 -6.37852 100 74 0 0 0 -2.50603 100 18 0 0 0 0 0 0 0 0 0 0 0
1500 -184.488 0 0 0 1.81669 100 17 -3.23198 100 67 0 0 0 -3.13731 100 25 0 0 0 0 0 0 0 0 0 0 0
1600 -184.51 0 0 0 0.590304 100 30 -7.60872 100 69 0 0 0 -2.46419 100 25 0 0 0 0 0 0 0 0 0 0 0
1700 -185.598 0 0 0 1.11892 100 25 0.789414 100 64 0 0 0 -2.95212 100 22 0 0 0 0 0 0 0 0 0 0 0
1800 -184.499 0 0 0 0.914022 100 36 -1.5966 100 77 0 0 0 -2.5016 100 20 0 0 0 0 0 0 0 0 0 0 0
1900 -185.596 0 0 0 2.1648 100 27 -2.55394 100 67 0 0 0 -3.35157 100 31 0 0 0 0 0 0 0 0 0 0 0
2000 -183.837 0 0 0 1.12246 100 24 -4.2364 100 70 0 0 0 -2.59428 100 25 0 0 0 0 0 0 0 0 0 0 0
2100 -183.704 0 0 0 1.24202 100 25 -3.97979 100 65 0 0 0 -2.7179 100 23 0 0 0 0 0 0 0 0 0 0 0
2200 -184.551 0 0 0 1.39603 100 28 -10.4529 100 63 0 0 0 -2.6142 100 29 0 0 0 0 0 0 0 0 0 0 0
2300 -184.62 0 0 0 1.74182 100 31 -16.0584 100 78 0 0 0 -3.09593 100 25 0 0 0 0 0 0 0 0 0 0 0
2400 -183.938 0 0 0 1.44282 100 22 -7.2198 100 67 0 0 0 -2.74534 100 34 0 0 0 0 0 0 0 0 0 0 0
2500 -185.529 0 0 0 0.942352 100 26 2.22504 100 69 0 0 0 -2.62546 100 37 0 0 0 0 0 0 0 0 0 0 0
2600 -184.452 0 0 0 0.773568 100 24 -25.0497 100 66 0 0 0 -2.41213 100 19 0 0 0 0 0 0 0 0 0 0 0
2700 -185.277 0 0 0 1.78105 100 34 1.80592 100 76 0 0 0 -3.2486 100 22 0 0 0 0 0 0 0 0 0 0 0
2800 -183.81 0 0 0 1.42674 100 24 -12.4435 100 71 0 0 0 -2.77151 100 26 0 0 0 0 0 0 0 0 0 0 0
2900 -189.116 0 0 0 0.117736 100 33 0.902928 100 69 0 0 0 -2.28319 100 30 0 0 0 0 0 0 0 0 0 0 0
3000 -185.239 0 0 0 0.467219 100 32 -6.74442 100 64 0 0 0 -2.45587 100 24 0 0 0 0 0 0 0 0 0 0 0
3100 -185.088 0 0 0 1.99606 100 27 -3.58224 100 67 0 0 0 -3.17041 100 18 0 0 0 0 0 0 0 0 0 0 0
3200 -183.708 0 0 0 1.02101 100 23 -11.689 100 68 0 0 0 -2.71031 100 20 0 0 0 0 0 0 0 0 0 0 0
3300 -183.89 0 0 0 1.52197 100 28 -9.68739 100 71 0 0 0 -2.99167 100 21 0 0 0 0 0 0 0 0 0 0 0
3400 -183.76 0 0 0 1.0068 100 27 -16.5468 100 65 0 0 0 -2.65716 100 21 0 0 0 0 0 0 0 0 0 0 0
3500 -184.578 0 0 0 1.34115 100 30 -10.6653 100 68 0 0 0 -3.03775 100 25 0 0 0 0 0 0 0 0 0 0 0
3600 -185.721 0 0 0 1.26202 100 25 -9.59229 100 77 0 0 0 -2.42203 100 23 0 0 0 0 0 0 0 0 0 0 0
3700 -185.546 0 0 0 0.371833 100 28 -5.48983 100 72 0 0 0 -2.34465 100 23 0 0 0 0 0 0 0 0 0 0 0
3800 -186.831 0 0 0 0.101294 100 29 -13.7116 100 80 0 0 0 -2.28493 100 21 0 0 0 0 0 0 0 0 0 0 0
3900 -183.928 0 0 0 1.35407 100 26 -3.10354 100 66 0 0 0 -2.91354 100 20 0 0 0 0 0 0 0 0 0 0 0
4000 -183.672 0 0 0 0.891583 100 30 -9.27821 100 64 0 0 0 -2.46851 100 19 0 0 0 0 0 0 0 0 0 0 0
4100 -184.966 0 0 0 0.925256 100 33 -4.9697 100 73 0 0 0 -2.32916 100 18 0 0 0 0 0 0 0 0 0 0 0
4200 -186.782 0 0 0 2.32058 100 27 -9.35417 100 71 0 0 0 -3.61643 100 23 0 0 0 0 0 0 0 0 0 0 0
4300 -184.877 0 0 0 0.420081 100 27 -17.4214 100 74 0 0 0 -2.24876 100 28 0 0 0 0 0 0 0 0 0 0 0
4400 -183.849 0 0 0 1.0402 100 34 -14.635 100 71 0 0 0 -2.73126 100 29 0 0 0 0 0 0 0 0 0 0 0
4500 -184.997 0 0 0 1.04182 100 33 -9.77033 100 70 0 0 0 -2.91376 100 21 0 0 0 0 0 0 0 0 0 0 0
4600 -184.845 0 0 0 1.2691 100 23 -6.97832 100 67 0 0 0 -2.50487 100 23 0 0 0 0 0 0 0 0 0 0 0
4700 -183.667 0 0 0 1.14698 100 28 -10.6186 100 71 0 0 0 -2.56713 100 14 0 0 0 0 0 0 0 0 0 0 0
4800 -183.891 0 0 0 1.48917 100 24 -3.23879 100 67 0 0 0 -2.9243 100 19 0 0 0 0 0 0 0 0 0 0 0
4900 -183.604 0 0 0 1.18541 100 25 -7.29721 100 75 0 0 0 -2.79313 100 28 0 0 0 0 0 0 0 0 0 0 0
5000 -184.243 0 0 0 0.835054 100 34 -21.7848 100 66 0 0 0 -2.56147 100 20 0 0 0 0 0 0 0 0 0 0 0
5100 -184.269 0 0 0 0.662128 100 26 -8.47455 100 80 0 0 0 -2.5053 100 18 0 0 0 0 0 0 0 0 0 0 0
5200 -185.128 0 0 0 0.335167 100 31 -12.4318 100 61 0 0 0 -2.23737 100 24 0 0 0 0 0 0 0 0 0 0 0
5300 -185.976 0 0 0 2.03398 100 29 1.50524 100 80 0 0 0 -3.45367 100 25 0 0 0 0 0 0 0 0 0 0 0
5400 -184.97 0 0 0 1.98916 100 26 -3.25218 100 68 0 0 0 -3.24032 100 28 0 0 0 0 0 0 0 0 0 0 0
5500 -188.393 0 0 0 0.437462 100 28 -2.75793 100 70 0 0 0 -2.72976 100 25 0 0 0 0 0 0 0 0 0 0 0
5600 -185.325 0 0 0 1.31493 100 24 -3.48881 100 66 0 0 0 -2.52642 100 33 0 0 0 0 0 0 0 0 0 0 0
5700 -183.532 0 0 0 1.1396 100 19 -8.66539 100 73 0 0 0 -2.74701 100 20 0 0 0 0 0 0 0 0 0 0 0
5800 -183.906 0 0 0 0.765158 100 31 -13.559 100 70 0 0 0 -2.52104 100 26 0 0 0 0 0 0 0 0 0 0 0
5900 -185.124 0 0 0 1.40492 100 30 3.02331 100 55 0 0 0 -2.89062 100 21 0 0 0 0 0 0 0 0 0 0 0
6000 -186.658 0 0 0 2.20548 100 29 2.5623 100 68 0 0 0 -3.26344 100 24 0 0 0 0 0 0 0 0 0 0 0
6100 -184.124 0 0 0 0.713853 100 28 -8.88562 100 67 0 0 0 -2.53262 100 20 0 0 0 0 0 0 0 0 0 0 0
6200 -185.393 0 0 0 0.773374 100 28 -9.22502 100 67 0 0 0 -2.76817 100 25 0 0 0 0 0 0 0 0 0 0 0
6300 -183.67 0 0 0 0.989129 100 18 -6.19573 100 77 0 0 0 -2.54574 100 22 0 0 0 0 0 0 0 0 0 0 0
6400 -183.955 0 0 0 1.13046 100 27 -8.86636 100 70 0 0 0 -2.83979 100 16 0 0 0 0 0 0 0 0 0 0 0
6500 -183.689 0 0 0 0.945751 100 30 -16.4406 100 70 0 0 0 -2.56108 100 27 0 0 0 0 0 0 0 0 0 0 0
6600 -186.43 0 0 0 1.3888 100 26 -20.2983 100 64 0 0 0 -2.48376 100 24 0 0 0 0 0 0 0 0 0 0 0
6700 -184.915 0 0 0 1.17736 100 17 -0.341176 100 75 0 0 0 -2.56348 100 17 0 0 0 0 0 0 0 0 0 0 0
6800 -183.547 0 0 0 1.29918 100 20 -8.11551 100 74 0 0 0 -2.82869 100 24 0 0 0 0 0 0 0 0 0 0 0
6900 -183.802 0 0 0 1.22337 100 22 -4.52625 100 67 0 0 0 -2.64718 100 26 0 0 0 0 0 0 0 0 0 0 0
7000 -184.228 0 0 0 1.48177 100 30 -2.72588 100 74 0 0 0 -2.78616 100 20 0 0 0 0 0 0 0 0 0 0 0
7100 -183.792 0 0 0 1.47008 100 30 -4.22477 100 71 0 0 0 -2.9001 100 29 0 0 0 0 0 0 0 0 0 0 0
7200 -184.685 0 0 0 1.72318 100 22 -3.00138 100 70 0 0 0 -3.21216 100 16 0 0 0 0 0 0 0 0 0 0 0
7300 -183.574 0 0 0 1.05443 100 21 -7.21331 100 65 0 0 0 -2.57223 100 13 0 0 0 0 0 0 0 0 0 0 0
7400 -186.966 0 0 0 2.48061 100 27 -2.10682 100 63 0 0 0 -3.53546 100 19 0 0 0 0 0 0 0 0 0 0 0
7500 -184.992 0 0 0 0.953673 100 35 -2.88949 100 71 0 0 0 -2.82627 100 30 0 0 0 0 0 0 0 0 0 0 0
7600 -184.027 0 0 0 0.860918 100 30 -7.09243 100 68 0 0 0 -2.39865 100 22 0 0 0 0 0 0 0 0 0 0 0
7700 -185.003 0 0 0 1.68882 100 24 -7.558 100 70 0 0 0 -3.25398 100 28 0 0 0 0 0 0 0 0 0 0 0
7800 -183.988 0 0 0 1.44018 100 28 -8.20322 100 68 0 0 0 -2.7292 100 21 0 0 0 0 0 0 0 0 0 0 0
7900 -184.873 0 0 0 1.49013 100 33 -19.0007 100 62 0 0 0 -3.07707 100 27 0 0 0 0 0 0 0 0 0 0 0
8000 -185.431 0 0 0 0.860326 100 27 -6.77747 100 75 0 0 0 -2.83338 100 30 0 0 0 0 0 0 0 0 0 0 0
8100 -184.739 0 0 0 1.38302 100 24 1.83358 100 70 0 0 0 -2.89599 100 26 0 0 0 0 0 0 0 0 0 0 0
8200 -184.249 0 0 0 1.4606 100 24 -4.77146 100 60 0 0 0 -3.05383 100 21 0 0 0 0 0 0 0 0 0 0 0
8300 -186.452 0 0 0 0.743352 100 25 -1.09812 100 59 0 0 0 -2.22674 100 32 0 0 0 0 0 0 0 0 0 0 0
8400 -183.661 0 0 0 0.88 100 27 -8.18938 100 74 0 0 0 -2.55148 100 24 0 0 0 0 0 0 0 0 0 0 0
8500 -183.832 0 0 0 1.28614 100 24 -3.29782 100 70 0 0 0 -2.72109 100 24 0 0 0 0 0 0 0 0 0 0 0
8600 -183.835 0 0 0 0.748969 100 26 -12.6631 100 65 0 0 0 -2.46786 100 16 0 0 0 0 0 0 0 0 0 0 0
8700 -184.03 0 0 0 1.06011 100 35 -11.6247 100 68 0 0 0 -2.45295 100 18 0 0 0 0 0 0 0 0 0 0 0
8800 -188.489 0 0 0 0.552236 100 28 -11.9102 100 67 0 0 0 -2.84601 100 16 0 0 0 0 0 0 0 0 0 0 0
8900 -183.754 0 0 0 1.50087 100 29 -10.3756 100 71 0 0 0 -2.88668 100 20 0 0 0 0 0 0 0 0 0 0 0
9000 -184.058 0 0 0 1.54598 100 30 -3.14222 100 64 0 0 0 -2.87925 100 21 0 0 0 0 0 0 0 0 0 0 0
9100 -186.16 0 0 0 1.59888 100 31 -16.4989 100 71 0 0 0 -2.65184 100 26 0 0 0 0 0 0 0 0 0 0 0
9200 -185.617 0 0 0 2.04486 100 23 -15.7809 100 67 0 0 0 -3.21468 100 27 0 0 0 0 0 0 0 0 0 0 0
9300 -183.783 0 0 0 0.974062 100 20 -18.3248 100 63 0 0 0 -2.53399 100 18 0 0 0 0 0 0 0 0 0 0 0
9400 -183.948 0 0 0 1.44266 100 26 -3.89245 100 61 0 0 0 -2.78835 100 32 0 0 0 0 0 0 0 0 0 0 0
9500 -184.606 0 0 0 1.40885 100 34 -0.604631 100 71 0 0 0 -3.03305 100 24 0 0 0 0 0 0 0 0 0 0 0
9600 -183.98 0 0 0 0.845907 100 22 -10.2342 100 69 0 0 0 -2.3719 100 18 0 0 0 0 0 0 0 0 0 0 0
9700 -183.668 0 0 0 1.2844 100 30 -5.89232 100 75 0 0 0 -2.85287 100 26 0 0 0 0 0 0 0 0 0 0 0
9800 -184.979 0 0 0 1.41314 100 25 -14.8304 100 67 0 0 0 -2.59434 100 26 0 0 0 0 0 0 0 0 0 0 0
9900 -184.985 0 0 0 1.50492 100 25 -5.23314 100 63 0 0 0 -3.17593 100 30 0 0 0 0 0 0 0 0 0 0 0
10000 -183.754 0 0 0 1.2606 100 37 -6.06649 100 75 0 0 0 -2.86763 100 21 0 0 0 0 0 0 0 0 0 0 0
10100 -183.809 0 0 0 0.99047 100 33 -10.8383 100 72 0 0 0 -2.71518 100 26 0 0 0 0 0 0 0 0 0 0 0
10200 -184.379 0 0 0 1.52699 100 29 -16.8588 100 66 0 0 0 -2.78947 100 20 0 0 0 0 0 0 0 0 0 0 0
10300 -184.047 0 0 0 1.12392 100 29 -4.25236 100 75 0 0 0 -2.54812 100 23 0 0 0 0 0 0 0 0 0 0 0
10400 -185.241 0 0 0 0.675889 100 33 -0.882493 100 69 0 0 0 -2.4864 100 26 0 0 0 0 0 0 0 0 0 0 0
10500 -185.206 0 0 0 1.69656 100 25 -0.240558 100 62 0 0 0 -2.87601 100 19 0 0 0 0 0 0 0 0 0 0 0
10600 -183.889 0 0 0 1.35947 100 21 -5.26723 100 59 0 0 0 -2.94182 100 24 0 0 0 0 0 0 0 0 0 0 0
10700 -185.987 0 0 0 0.615348 100 28 -0.152176 100 58 0 0 0 -2.56599 100 22 0 0 0 0 0 0 0 0 0 0 0
10800 -186.914 0 0 0 1.48632 100 35 -12.7215 100 65 0 0 0 -2.50517 100 29 0 0 0 0 0 0 0 0 0 0 0
10900 -185.728 0 0 0 0.304108 100 23 -21.6513 100 62 0 0 0 -2.29392 100 20 0 0 0 0 0 0 0 0 0 0 0
11000 -184.883 0 0 0 1.07799 100 22 -2.57115 100 74 0 0 0 -2.45177 100 22 0 0 0 0 0 0 0 0 0 0 0
11100 -184.797 0 0 0 1.31342 100 24 -1.3383 100 66 0 0 0 -3.02311 100 30 0 0 0 0 0 0 0 0 0 0 0
11200 -186.462 0 0 0 1.27312 100 21 5.49726 100 67 0 0 0 -2.83072 100 19 0 0 0 0 0 0 0 0 0 0 0
11300 -183.879 0 0 0 0.92391 100 27 -19.4818 100 62 0 0 0 -2.54885 100 23 0 0 0 0 0 0 0 0 0 0 0
11400 -183.748 0 0 0 1.19084 100 27 -7.63752 100 58 0 0 0 -2.58918 100 25 0 0 0 0 0 0 0 0 0 0 0
11500 -183.835 0 0 0 1.5462 100 28 -5.48269 100 66 0 0 0 -2.94812 100 24 0 0 0 0 0 0 0 0 0 0 0
11600 -184.219 0 0 0 0.800429 100 26 -5.89993 100 72 0 0 0 -2.61507 100 22 0 0 0 0 0 0 0 0 0 0 0
11700 -183.854 0 0 0 1.56008 100 21 -10.102 100 64 0 0 0 -2.92849 100 38 0 0 0 0 0 0 0 0 0 0 0
11800 -184.18 0 0 0 1.0412 100 29 -19.1357 100 72 0 0 0 -2.74577 100 27 0 0 0 0 0 0 0 0 0 0 0
11900 -183.546 0 0 0 1.13693 100 30 -12.5671 100 63 0 0 0 -2.72748 100 23 0 0 0 0 0 0 0 0 0 0 0
12000 -185.255 0 0 0 1.98309 100 24 -9.93667 100 78 0 0 0 -3.33673 100 27 0 0 0 0 0 0 0 0 0 0 0
12100 -183.566 0 0 0 0.941133 100 31 -8.32309 100 71 0 0 0 -2.56937 100 28 0 0 0 0 0 0 0 0 0 0 0
12200 -183.672 0 0 0 0.986408 100 19 -10.2126 100 76 0 0 0 -2.68081 100 23 0 0 0 0 0 0 0 0 0 0 0
12300 -184.566 0 0 0 1.36461 100 24 -14.9973 100 69 0 0 0 -2.60097 100 20 0 0 0 0 0 0 0 0 0 0 0
12400 -184.344 0 0 0 0.81952 100 32 -15.5326 100 63 0 0 0 -2.30798 100 28 0 0 0 0 0 0 0 0 0 0 0
12500 -186.189 0 0 0 2.08766 100 29 -19.8072 100 66 0 0 0 -3.20426 100 21 0 0 0 0 0 0 0 0 0 0 0
12600 -184.878 0 0 0 1.31778 100 31 -11.0012 100 74 0 0 0 -2.52427 100 14 0 0 0 0 0 0 0 0 0 0 0
12700 -187.352 0 0 0 1.84184 100 33 -4.69704 100 69 0 0 0 -3.55042 100 29 0 0 0 0 0 0 0 0 0 0 0
12800 -183.519 0 0 0 1.28745 100 27 -10.3192 100 69 0 0 0 -2.80189 100 27 0 0 0 0 0 0 0 0 0 0 0
12900 -184.997 0 0 0 0.639062 100 22 -5.33609 100 77 0 0 0 -2.2415 100 16 0 0 0 0 0 0 0 0 0 0 0
13000 -185.692 0 0 0 1.84307 100 21 2.42333 100 68 0 0 0 -3.02679 100 24 0 0 0 0 0 0 0 0 0 0 0
13100 -183.63 0 0 0 1.38194 100 25 -6.07359 100 69 0 0 0 -2.79805 100 25 0 0 0 0 0 0 0 0 0 0 0
13200 -184.831 0 0 0 1.25861 100 37 -8.32828 100 68 0 0 0 -3.02954 100 36 0 0 0 0 0 0 0 0 0 0 0
13300 -185.573 0 0 0 2.10495 100 25 -10.7617 100 73 0 0 0 -3.24596 100 18 0 0 0 0 0 0 0 0 0 0 0
13400 -187.032 0 0 0 0.86099 100 30 -14.7218 100 70 0 0 0 -2.10821 100 24 0 0 0 0 0 0 0 0 0 0 0
13500 -183.706 0 0 0 1.12044 100 30 -12.0296 100 73 0 0 0 -2.77267 100 24 0 0 0 0 0 0 0 0 0 0 0
13600 -183.52 0 0 0 1.24525 100 32 -6.24232 100 65 0 0 0 -2.74995 100 25 0 0 0 0 0 0 0 0 0 0 0
13700 -184.008 0 0 0 0.859041 100 28 -7.62799 100 67 0 0 0 -2.39378 100 22 0 0 0 0 0 0 0 0 0 0 0
13800 -185.921 0 0 0 1.43344 100 27 -6.36889 100 75 0 0 0 -2.53704 100 28 0 0 0 0 0 0 0 0 0 0 0
13900 -183.616 0 0 0 0.985695 100 25 -6.3938 100 70 0 0 0 -2.6109 100 15 0 0 0 0 0 0 0 0 0 0 0
14000 -183.553 0 0 0 1.21244 100 27 -5.56476 100 58 0 0 0 -2.73985 100 20 0 0 0 0 0 0 0 0 0 0 0
14100 -185.147 0 0 0 2.03293 100 33 -5.79356 100 59 0 0 0 -3.20535 100 24 0 0 0 0 0 0 0 0 0 0 0
14200 -183.881 0 0 0 1.10895 100 27 -2.75368 100 72 0 0 0 -2.69652 100 24 0 0 0 0 0 0 0 0 0 0 0
14300 -183.728 0 0 0 1.49504 100 20 -8.80805 100 67 0 0 0 -2.87052 100 25 0 0 0 0 0 0 0 0 0 0 0
14400 -184.208 0 0 0 0.874104 100 22 -6.19092 100 69 0 0 0 -2.68569 100 20 0 0 0 0 0 0 0 0 0 0 0
14500 -184.028 0 0 0 0.929635 100 30 -4.50258 100 71 0 0 0 -2.66784 100 23 0 0 0 0 0 0 0 0 0 0 0
14600 -183.738 0 0 0 1.47172 100 36 -5.34097 100 79 0 0 0 -2.87492 100 26 0 0 0 0 0 0 0 0 0 0 0
14700 -184.057 0 0 0 1.66186 100 26 -6.25734 100 70 0 0 0 -3.04898 100 31 0 0 0 0 0 0 0 0 0 0 0
14800 -185.558 0 0 0 1.19246 100 30 3.17954 100 68 0 0 0 -2.69727 100 22 0 0 0 0 0 0 0 0 0 0 0
14900 -184.071 0 0 0 1.60504 100 27 -2.98229 100 74 0 0 0 -3.00151 100 27 0 0 0 0 0 0 0 0 0 0 0
15000 -183.673 0 0 0 1.33206 100 25 -8.11737 100 74 0 0 0 -2.70588 100 26 0 0 0 0 0 0 0 0 0 0 0
15100 -184.09 0 0 0 1.10286 100 32 -6.97788 100 71 0 0 0 -2.84196 100 27 0 0 0 0 0 0 0 0 0 0 0
15200 -184.859 0 0 0 0.540785 100 22 -9.47646 100 66 0 0 0 -2.49754 100 27 0 0 0 0 0 0 0 0 0 0 0
15300 -184.248 0 0 0 1.20839 100 34 -12.0666 100 67 0 0 0 -2.51531 100 34 0 0 0 0 0 0 0 0 0 0 0
15400 -183.915 0 0 0 0.826708 100 27 -8.33819 100 69 0 0 0 -2.39912 100 29 0 0 0 0 0 0 0 0 0 0 0
15500 -185.165 0 0 0 1.59151 100 28 -13.0343 100 72 0 0 0 -3.20722 100 30 0 0 0 0 0 0 0 0 0 0 0
15600 -192.029 0 0 0 2.58496 100 31 9.92104 100 69 0 0 0 -4.13896 100 26 0 0 0 0 0 0 0 0 0 0 0
15700 -183.721 0 0 0 1.13822 100 28 -3.83824 100 68 0 0 0 -2.67944 100 35 0 0 0 0 0 0 0 0 0 0 0
15800 -184.706 0 0 0 0.624554 100 26 -18.1915 100 72 0 0 0 -2.21854 100 29 0 0 0 0 0 0 0 0 0 0 0
15900 -184.763 0 0 0 1.196 100 26 -4.57722 100 73 0 0 0 -2.98015 100 25 0 0 0 0 0 0 0 0 0 0 0
16000 -185.581 0 0 0 1.07598 100 30 2.69687 100 69 0 0 0 -2.81629 100 20 0 0 0 0 0 0 0 0 0 0 0
16100 -183.819 0 0 0 1.43363 100 14 -7.72057 100 68 0 0 0 -2.96241 100 28 0 0 0 0 0 0 0 0 0 0 0
16200 -183.524 0 0 0 0.975334 100 26 -8.76907 100 75 0 0 0 -2.55962 100 20 0 0 0 0 0 0 0 0 0 0 0
16300 -184.116 0 0 0 0.833511 100 33 -3.89977 100 71 0 0 0 -2.52708 100 26 0 0 0 0 0 0 0 0 0 0 0
16400 -185.551 0 0 0 0.285546 100 28 -17.0221 100 73 0 0 0 -2.10923 100 26 0 0 0 0 0 0 0 0 0 0 0
16500 -183.74 0 0 0 0.810489 100 21 -11.4507 100 63 0 0 0 -2.43321 100 27 0 0 0 0 0 0 0 0 0 0 0
16600 -186.225 0 0 0 1.18684 100 24 2.99135 100 68 0 0 0 -2.57282 100 22 0 0 0 0 0 0 0 0 0 0 0
16700 -185.18 0 0 0 1.55062 100 25 -3.8966 100 71 0 0 0 -3.21697 100 24 0 0 0 0 0 0 0 0 0 0 0
16800 -183.564 0 0 0 1.31481 100 24 -7.81208 100 63 0 0 0 -2.84036 100 20 0 0 0 0 0 0 0 0 0 0 0
16900 -184.768 0 0 0 1.69191 100 29 -13.414 100 73 0 0 0 -3.182 100 15 0 0 0 0 0 0 0 0 0 0 0
17000 -185.03 0 0 0 1.74708 100 24 -12.0291 100 67 0 0 0 -2.87556 100 16 0 0 0 0 0 0 0 0 0 0 0
17100 -191.078 0 0 0 0.182992 100 22 -12.9757 100 76 0 0 0 -1.67155 100 29 0 0 0 0 0 0 0 0 0 0 0
17200 -184.854 0 0 0 1.31434 100 32 -21.1161 100 65 0 0 0 -2.56971 100 22 0 0 0 0 0 0 0 0 0 0 0
17300 -183.54 0 0 0 1.27001 100 31 -9.10283 100 72 0 0 0 -2.69357 100 24 0 0 0 0 0 0 0 0 0 0 0
17400 -185.491 0 0 0 0.291791 100 23 -15.8894 100 75 0 0 0 -2.11351 100 29 0 0 0 0 0 0 0 0 0 0 0
17500 -184.936 0 0 0 0.848885 100 27 -10.3187 100 76 0 0 0 -2.77491 100 30 0 0 0 0 0 0 0 0 0 0 0
17600 -183.711 0 0 0 1.42431 100 27 -7.10656 100 66 0 0 0 -2.78846 100 26 0 0 0 0 0 0 0 0 0 0 0
17700 -184.739 0 0 0 1.57609 100 29 -5.74451 100 65 0 0 0 -3.17835 100 26 0 0 0 0 0 0 0 0 0 0 0
17800 -184.527 0 0 0 1.59706 100 26 -16.963 100 73 0 0 0 -2.83768 100 19 0 0 0 0 0 0 0 0 0 0 0
17900 -184.931 0 0 0 1.1399 100 33 0.868019 100 80 0 0 0 -2.60905 100 23 0 0 0 0 0 0 0 0 0 0 0
18000 -183.596 0 0 0 1.22931 100 28 -13.2461 100 69 0 0 0 -2.78067 100 19 0 0 0 0 0 0 0 0 0 0 0
18100 -184.733 0 0 0 0.62844 100 26 -14.1883 100 62 0 0 0 -2.19835 100 23 0 0 0 0 0 0 0 0 0 0 0
18200 -183.873 0 0 0 1.41922 100 36 -2.71918 100 68 0 0 0 -2.87063 100 22 0 0 0 0 0 0 0 0 0 0 0
18300 -184.121 0 0 0 1.61177 100 26 -13.8594 100 70 0 0 0 -2.98172 100 23 0 0 0 0 0 0 0 0 0 0 0
18400 -187.059 0 0 0 1.11373 100 25 -6.40835 100 77 0 0 0 -2.26537 100 28 0 0 0 0 0 0 0 0 0 0 0
18500 -185.121 0 0 0 0.790294 100 21 -6.37992 100 73 0 0 0 -2.24322 100 19 0 0 0 0 0 0 0 0 0 0 0
18600 -184.485 0 0 0 0.81728 100 23 -10.851 100 65 0 0 0 -2.69493 100 32 0 0 0 0 0 0 0 0 0 0 0
18700 -184.176 0 0 0 0.73212 100 25 -5.24545 100 74 0 0 0 -2.46393 100 37 0 0 0 0 0 0 0 0 0 0 0
18800 -184.611 0 0 0 1.6801 100 29 -2.9324 100 74 0 0 0 -3.18583 100 25 0 0 0 0 0 0 0 0 0 0 0
18900 -183.634 0 0 0 0.907129 100 31 -10.4226 100 76 0 0 0 -2.59539 100 22 0 0 0 0 0 0 0 0 0 0 0
19000 -185.476 0 0 0 0.692888 100 23 -8.8405 100 71 0 0 0 -2.71455 100 22 0 0 0 0 0 0 0 0 0 0 0
19100 -184.051 0 0 0 1.17513 100 35 -1.42911 100 67 0 0 0 -2.72501 100 28 0 0 0 0 0 0 0 0 0 0 0
19200 -184.983 0 0 0 1.34768 100 25 0.523325 100 72 0 0 0 -3.03057 100 33 0 0 0 0 0 0 0 0 0 0 0
19300 -183.92 0 0 0 0.854497 100 20 -16.0439 100 69 0 0 0 -2.40289 100 36 0 0 0 0 0 0 0 0 0 0 0
19400 -185.18 0 0 0 1.6263 100 25 -7.87014 100 70 0 0 0 -3.24967 100 23 0 0 0 0 0 0 0 0 0 0 0
19500 -184.378 0 0 0 0.98761 100 29 -13.6059 100 66 0 0 0 -2.37205 100 30 0 0 0 0 0 0 0 0 0 0 0
19600 -184.419 0 0 0 1.01972 100 25 -1.04498 100 69 0 0 0 -2.72458 100 24 0 0 0 0 0 0 0 0 0 0 0
19700 -183.666 0 0 0 1.33151 100 20 -14.1896 100 72 0 0 0 -2.80723 100 27 0 0 0 0 0 0 0 0 0 0 0
19800 -184.168 0 0 0 1.52826 100 24 -1.82967 100 66 0 0 0 -3.0139 100 27 0 0 0 0 0 0 0 0 0 0 0
19900 -188.728 0 0 0 2.54807 100 34 4.95599 100 64 0 0 0 -3.90031 100 28 0 0 0 0 0 0 0 0 0 0 0
20000 -184.433 0 0 0 1.4579 100 28 0.233561 100 68 0 0 0 -2.98076 100 29 0 0 0 0 0 0 0 0 0 0 0
20100 -184.979 0 0 0 0.720158 100 25 -1.44594 100 77 0 0 0 -2.42575 100 25 0 0 0 0 0 0 0 0 0 0 0
20200 -184.632 0 0 0 1.79632 100 23 -11.9359 100 60 0 0 0 -3.00815 100 26 0 0 0 0 0 0 0 0 0 0 0
20300 -183.727 0 0 0 1.18195 100 24 -4.24854 100 67 0 0 0 -2.65827 100 32 0 0 0 0 0 0 0 0 0 0 0
20400 -184.695 0 0 0 0.923708 100 23 -3.49469 100 72 0 0 0 -2.3886 100 25 0 0 0 0 0 0 0 0 0 0 0
20500 -183.772 0 0 0 1.33396 100 28 -3.30133 100 72 0 0 0 -2.79382 100 19 0 0 0 0 0 0 0 0 0 0 0
20600 -184.85 0 0 0 0.426574 100 30 -9.48511 100 68 0 0 0 -2.31736 100 20 0 0 0 0 0 0 0 0 0 0 0
20700 -185.884 0 0 0 2.02278 100 31 1.81651 100 62 0 0 0 -3.42705 100 32 0 0 0 0 0 0 0 0 0 0 0
20800 -184.48 0 0 0 1.49553 100 32 -2.93532 100 78 0 0 0 -3.09342 100 33 0 0 0 0 0 0 0 0 0 0 0
20900 -184.598 0 0 0 1.48165 100 31 1.28761 100 76 0 0 0 -2.94933 100 25 0 0 0 0 0 0 0 0 0 0 0
21000 -184.578 0 0 0 1.45981 100 23 -0.778393 100 70 0 0 0 -2.76327 100 29 0 0 0 0 0 0 0 0 0 0 0
21100 -183.713 0 0 0 1.41644 100 34 -6.27895 100 70 0 0 0 -2.91882 100 28 0 0 0 0 0 0 0 0 0 0 0
21200 -184.856 0 0 0 1.6478 100 27 -21.4684 100 71 0 0 0 -3.06841 100 23 0 0 0 0 0 0 0 0 0 0 0
21300 -185.62 0 0 0 2.0682 100 24 -6.43332 100 71 0 0 0 -3.43657 100 32 0 0 0 0 0 0 0 0 0 0 0
21400 -184.616 0 0 0 1.32056 100 39 -9.55393 100 70 0 0 0 -3.03601 100 24 0 0 0 0 0 0 0 0 0 0 0
21500 -185.002 0 0 0 0.649996 100 38 -2.2147 100 69 0 0 0 -2.48449 100 26 0 0 0 0 0 0 0 0 0 0 0
21600 -183.881 0 0 0 1.38621 100 27 -15.9806 100 74 0 0 0 -2.87401 100 23 0 0 0 0 0 0 0 0 0 0 0
21700 -185.114 0 0 0 1.1045 100 24 1.75855 100 71 0 0 0 -2.63847 100 25 0 0 0 0 0 0 0 0 0 0 0
21800 -185.143 0 0 0 1.69754 100 28 0.440399 100 71 0 0 0 -3.23496 100 24 0 0 0 0 0 0 0 0 0 0 0
21900 -185.373 0 0 0 2.09035 100 28 -8.98945 100 70 0 0 0 -3.31532 100 26 0 0 0 0 0 0 0 0 0 0 0
22000 -185.009 0 0 0 1.57447 100 28 2.35316 100 74 0 0 0 -2.93602 100 24 0 0 0 0 0 0 0 0 0 0 0
22100 -184.657 0 0 0 0.502389 100 23 -8.75586 100 71 0 0 0 -2.25793 100 24 0 0 0 0 0 0 0 0 0 0 0
22200 -184.523 0 0 0 0.531827 100 29 -13.7653 100 69 0 0 0 -2.40802 100 22 0 0 0 0 0 0 0 0 0 0 0
22300 -184.778 0 0 0 0.969484 100 34 -6.16153 100 64 0 0 0 -2.35064 100 30 0 0 0 0 0 0 0 0 0 0 0
22400 -185.336 0 0 0 0.994446 100 24 -0.114772 100 65 0 0 0 -2.44742 100 25 0 0 0 0 0 0 0 0 0 0 0
22500 -187.293 0 0 0 0.209645 100 23 -1.66179 100 63 0 0 0 -2.21699 100 28 0 0 0 0 0 0 0 0 0 0 0
22600 -183.887 0 0 0 1.46427 100 31 -10.4359 100 56 0 0 0 -2.97592 100 18 0 0 0 0 0 0 0 0 0 0 0
22700 -184.266 0 0 0 0.849627 100 24 -3.32334 100 66 0 0 0 -2.46463 100 31 0 0 0 0 0 0 0 0 0 0 0
22800 -185.036 0 0 0 0.459719 100 27 -22.7596 100 72 0 0 0 -2.29268 100 23 0 0 0 0 0 0 0 0 0 0 0
22900 -185.406 0 0 0 0.524978 100 30 -7.58941 100 59 0 0 0 -2.55536 100 32 0 0 0 0 0 0 0 0 0 0 0
23000 -183.751 0 0 0 0.836067 100 28 -11.4357 100 75 0 0 0 -2.56183 100 24 0 0 0 0 0 0 0 0 0 0 0
23100 -184.964 0 0 0 0.655551 100 39 -14.0052 100 81 0 0 0 -2.61535 100 24 0 0 0 0 0 0 0 0 0 0 0
23200 -183.725 0 0 0 1.4793 100 23 -6.06227 100 60 0 0 0 -2.87293 100 20 0 0 0 0 0 0 0 0 0 0 0
23300 -184.07 0 0 0 1.2605 100 21 -3.54339 100 70 0 0 0 -2.90755 100 32 0 0 0 0 0 0 0 0 0 0 0
23400 -184.124 0 0 0 0.716515 100 38 -6.28189 100 65 0 0 0 -2.4131 100 18 0 0 0 0 0 0 0 0 0 0 0
23500 -185.458 0 0 0 1.52728 100 33 -16.4671 100 67 0 0 0 -3.18776 100 25 0 0 0 0 0 0 0 0 0 0 0
23600 -186.673 0 0 0 2.42198 100 30 -5.66167 100 69 0 0 0 -3.52111 100 28 0 0 0 0 0 0 0 0 0 0 0
23700 -184.376 0 0 0 0.931243 100 28 -22.9582 100 70 0 0 0 -2.65411 100 24 0 0 0 0 0 0 0 0 0 0 0
23800 -183.927 0 0 0 1.4283 100 22 -13.411 100 64 0 0 0 -2.7494 100 27 0 0 0 0 0 0 0 0 0 0 0
23900 -184.315 0 0 0 1.00152 100 25 -11.404 100 68 0 0 0 -2.3852 100 31 0 0 0 0 0 0 0 0 0 0 0
24000 -183.755 0 0 0 1.37931 100 30 -4.15125 100 74 0 0 0 -2.79156 100 28 0 0 0 0 0 0 0 0 0 0 0
24100 -185.157 0 0 0 0.508324 100 26 -18.7164 100 72 0 0 0 -2.47335 100 28 0 0 0 0 0 0 0 0 0 0 0
24200 -183.796 0 0 0 0.954349 100 34 -6.9088 100 63 0 0 0 -2.47725 100 22 0 0 0 0 0 0 0 0 0 0 0
24300 -183.849 0 0 0 1.40651 100 27 -2.89018 100 66 0 0 0 -2.8744 100 14 0 0 0 0 0 0 0 0 0 0 0
24400 -184.395 0 0 0 1.10342 100 25 -1.15317 100 70 0 0 0 -2.58489 100 28 0 0 0 0 0 0 0 0 0 0 0
24500 -184.533 0 0 0 0.89581 100 35 -2.16562 100 64 0 0 0 -2.45627 100 26 0 0 0 0 0 0 0 0 0 0 0
24600 -183.844 0 0 0 0.880739 100 29 -7.41411 100 70 0 0 0 -2.62286 100 20 0 0 0 0 0 0 0 0 0 0 0
24700 -185.553 0 0 0 1.83875 100 25 3.53361 100 69 0 0 0 -3.14561 100 22 0 0 0 0 0 0 0 0 0 0 0
24800 -184.775 0 0 0 1.25188 100 26 -2.65249 100 72 0 0 0 -3.00068 100 28 0 0 0 0 0 0 0 0 0 0 0
24900 -188.141 0 0 0 0.241824 100 28 -2.96111 100 65 0 0 0 -1.97088 100 30 0 0 0 0 0 0 0 0 0 0 0
25000 -183.93 0 0 0 1.33361 100 31 -14.9134 100 64 0 0 0 -2.67402 100 29 0 0 0 0 0 0 0 0 0 0 0
25100 -183.568 0 0 0 1.05689 100 19 -6.6764 100 72 0 0 0 -2.59103 100 23 0 0 0 0 0 0 0 0 0 0 0
25200 -184.658 0 0 0 1.18546 100 29 1.0115 100 74 0 0 0 -2.71583 100 26 0 0 0 0 0 0 0 0 0 0 0
25300 -184.652 0 0 0 1.26707 100 29 -3.29579 100 62 0 0 0 -2.56377 100 21 0 0 0 0 0 0 0 0 0 0 0
25400 -185.098 0 0 0 1.36765 100 27 -5.43539 100 65 0 0 0 -2.5597 100 28 0 0 0 0 0 0 0 0 0 0 0
25500 -184.572 0 0 0 1.54273 100 30 0.903194 100 68 0 0 0 -3.01224 100 23 0 0 0 0 0 0 0 0 0 0 0
25600 -183.606 0 0 0 1.13651 100 25 -5.71292 100 76 0 0 0 -2.63175 100 28 0 0 0 0 0 0 0 0 0 0 0
25700 -185.146 0 0 0 1.53305 100 30 -0.187586 100 69 0 0 0 -2.75543 100 26 0 0 0 0 0 0 0 0 0 0 0
25800 -183.848 0 0 0 0.89637 100 18 -5.50223 100 68 0 0 0 -2.59688 100 17 0 0 0 0 0 0 0 0 0 0 0
25900 -184.486 0 0 0 0.867159 100 32 -2.84127 100 67 0 0 0 -2.43067 100 24 0 0 0 0 0 0 0 0 0 0 0
26000 -184.094 0 0 0 0.940871 100 23 -6.90779 100 74 0 0 0 -2.41356 100 24 0 0 0 0 0 0 0 0 0 0 0
26100 -183.963 0 0 0 1.01703 100 24 -18.1067 100 70 0 0 0 -2.47953 100 25 0 0 0 0 0 0 0 0 0 0 0
26200 -183.549 0 0 0 1.26906 100 27 -13.0646 100 67 0 0 0 -2.74429 100 16 0 0 0 0 0 0 0 0 0 0 0
26300 -183.823 0 0 0 0.88257 100 29 -17.6976 100 71 0 0 0 -2.53862 100 23 0 0 0 0 0 0 0 0 0 0 0
26400 -184.005 0 0 0 1.25805 100 20 -1.56614 100 68 0 0 0 -2.75091 100 14 0 0 0 0 0 0 0 0 0 0 0
26500 -183.928 0 0 0 1.16217 100 31 -2.69264 100 73 0 0 0 -2.77977 100 25 0 0 0 0 0 0 0 0 0 0 0
26600 -185.581 0 0 0 1.96688 100 22 2.08195 100 73 0 0 0 -3.16898 100 30 0 0 0 0 0 0 0 0 0 0 0
26700 -185.881 0 0 0 2.23901 100 22 -4.3956 100 67 0 0 0 -3.4504 100 27 0 0 0 0 0 0 0 0 0 0 0
26800 -183.902 0 0 0 1.51901 100 34 -6.60203 100 69 0 0 0 -2.83286 100 30 0 0 0 0 0 0 0 0 0 0 0
26900 -183.619 0 0 0 0.942666 100 26 -7.54612 100 76 0 0 0 -2.60064 100 27 0 0 0 0 0 0 0 0 0 0 0
27000 -183.649 0 0 0 1.3622 100 21 -5.13202 100 72 0 0 0 -2.7968 100 26 0 0 0 0 0 0 0 0 0 0 0
27100 -184.011 0 0 0 1.08044 100 22 -12.55 100 68 0 0 0 -2.8044 100 20 0 0 0 0 0 0 0 0 0 0 0
27200 -185.064 0 0 0 0.870092 100 32 -0.887182 100 64 0 0 0 -2.41981 100 21 0 0 0 0 0 0 0 0 0 0 0
27300 -184.609 0 0 0 1.03035 100 25 -9.26046 100 62 0 0 0 -2.37383 100 25 0 0 0 0 0 0 0 0 0 0 0
27400 -183.961 0 0 0 1.14962 100 25 -10.7329 100 74 0 0 0 -2.51525 100 28 0 0 0 0 0 0 0 0 0 0 0
27500 -185.552 0 0 0 1.62457 100 25 -9.9088 100 72 0 0 0 -2.70427 100 21 0 0 0 0 0 0 0 0 0 0 0
27600 -185.076 0 0 0 0.924651 100 24 -9.43119 100 71 0 0 0 -2.84466 100 25 0 0 0 0 0 0 0 0 0 0 0
27700 -184.445 0 0 0 1.26244 100 34 -12.2086 100 66 0 0 0 -2.9726 100 26 0 0 0 0 0 0 0 0 0 0 0
27800 -189.691 0 0 0 1.44205 100 25 9.65822 100 69 0 0 0 -2.91968 100 19 0 0 0 0 0 0 0 0 0 0 0
27900 -184.478 0 0 0 0.608641 100 37 -6.42471 100 71 0 0 0 -2.45189 100 23 0 0 0 0 0 0 0 0 0 0 0
28000 -184.7 0 0 0 0.802659 100 31 -1.39309 100 64 0 0 0 -2.55058 100 19 0 0 0 0 0 0 0 0 0 0 0
28100 -184.493 0 0 0 1.80303 100 36 -3.6829 100 69 0 0 0 -3.05624 100 32 0 0 0 0 0 0 0 0 0 0 0
28200 -185.514 0 0 0 1.20821 100 32 3.19078 100 72 0 0 0 -2.71308 100 22 0 0 0 0 0 0 0 0 0 0 0
28300 -184.731 0 0 0 0.637176 100 27 -20.3807 100 71 0 0 0 -2.2349 100 25 0 0 0 0 0 0 0 0 0 0 0
28400 -184.143 0 0 0 1.62949 100 33 -13.5923 100 81 0 0 0 -2.97078 100 30 0 0 0 0 0 0 0 0 0 0 0
28500 -183.725 0 0 0 1.35325 100 35 -10.2017 100 65 0 0 0 -2.9021 100 27 0 0 0 0 0 0 0 0 0 0 0
28600 -184.848 0 0 0 0.716255 100 29 -1.90589 100 69 0 0 0 -2.51673 100 25 0 0 0 0 0 0 0 0 0 0 0
28700 -186.337 0 0 0 0.962189 100 25 3.1601 100 72 0 0 0 -2.81858 100 27 0 0 0 0 0 0 0 0 0 0 0
28800 -187.722 0 0 0 -0.00679608 100 31 -6.6301 100 76 0 0 0 -2.21014 100 23 0 0 0 0 0 0 0 0 0 0 0
28900 -185.15 0 0 0 1.69745 100 26 2.82438 100 71 0 0 0 -3.08156 100 31 0 0 0 0 0 0 0 0 0 0 0
29000 -184.827 0 0 0 1.18913 100 28 -4.36493 100 65 0 0 0 -2.48239 100 29 0 0 0 0 0 0 0 0 0 0 0
29100 -187.618 0 0 0 1.60949 100 21 0.120433 100 73 0 0 0 -2.62499 100 25 0 0 0 0 0 0 0 0 0 0 0
29200 -184.491 0 0 0 0.522079 100 24 -9.51082 100 65 0 0 0 -2.29574 100 28 0 0 0 0 0 0 0 0 0 0 0
29300 -184.581 0 0 0 1.35689 100 38 1.08759 100 67 0 0 0 -2.81024 100 27 0 0 0 0 0 0 0 0 0 0 0
29400 -185.971 0 0 0 1.10006 100 21 3.48587 100 75 0 0 0 -2.86203 100 28 0 0 0 0 0 0 0 0 0 0 0
29500 -184.703 0 0 0 1.18236 100 37 0.632376 100 70 0 0 0 -2.85396 100 25 0 0 0 0 0 0 0 0 0 0 0
29600 -184.339 0 0 0 1.65085 100 29 -11.2059 100 65 0 0 0 -2.88003 100 24 0 0 0 0 0 0 0 0 0 0 0
29700 -183.473 0 0 0 1.0302 100 22 -9.59599 100 80 0 0 0 -2.63156 100 19 0 0 0 0 0 0 0 0 0 0 0
29800 -183.767 0 0 0 0.881218 100 30 -11.6867 100 69 0 0 0 -2.42488 100 18 0 0 0 0 0 0 0 0 0 0 0
29900 -188.663 0 0 0 0.0878002 100 25 -3.4462 100 73 0 0 0 -1.92918 100 31 0 0 0 0 0 0 0 0 0 0 0
30000 -183.878 0 0 0 1.18807 100 30 -3.93786 100 59 0 0 0 -2.8255 100 27 0 0 0 0 0 0 0 0 0 0 0
30100 -183.966 0 0 0 1.46243 100 30 -3.00597 100 74 0 0 0 -2.82981 100 23 0 0 0 0 0 0 0 0 0 0 0
30200 -184.155 0 0 0 0.881593 100 23 -3.87099 100 71 0 0 0 -2.63318 100 32 0 0 0 0 0 0 0 0 0 0 0
30300 -185.577 0 0 0 0.709873 100 32 -7.90385 100 65 0 0 0 -2.73702 100 21 0 0 0 0 0 0 0 0 0 0 0
30400 -186.204 0 0 0 1.89458 100 21 -5.23043 100 67 0 0 0 -3.47171 100 21 0 0 0 0 0 0 0 0 0 0 0
30500 -183.954 0 0 0 1.01749 100 30 -11.8923 100 73 0 0 0 -2.44196 100 25 0 0 0 0 0 0 0 0 0 0 0
30600 -183.69 0 0 0 1.05341 100 27 -17.2119 100 64 0 0 0 -2.6345 100 25 0 0 0 0 0 0 0 0 0 0 0
30700 -184.514 0 0 0 1.48259 100 31 -10.3408 100 68 0 0 0 -3.09688 100 18 0 0 0 0 0 0 0 0 0 0 0
30800 -183.524 0 0 0 1.29018 100 26 -9.9902 100 72 0 0 0 -2.80841 100 33 0 0 0 0 0 0 0 0 0 0 0
30900 -184.671 0 0 0 0.748615 100 27 -11.558 100 71 0 0 0 -2.23837 100 16 0 0 0 0 0 0 0 0 0 0 0
31000 -183.958 0 0 0 1.4098 100 33 -17.6986 100 72 0 0 0 -2.82552 100 25 0 0 0 0 0 0 0 0 0 0 0
31100 -185.763 0 0 0 2.17102 100 33 -4.0975 100 74 0 0 0 -3.26904 100 19 0 0 0 0 0 0 0 0 0 0 0
31200 -184.462 0 0 0 1.44218 100 30 -0.257761 100 66 0 0 0 -2.79516 100 31 0 0 0 0 0 0 0 0 0 0 0
31300 -184.261 0 0 0 1.71219 100 24 -3.42891 100 77 0 0 0 -3.09201 100 20 0 0 0 0 0 0 0 0 0 0 0
31400 -183.554 0 0 0 1.23846 100 29 -6.34329 100 74 0 0 0 -2.78982 100 19 0 0 0 0 0 0 0 0 0 0 0
31500 -183.757 0 0 0 0.865888 100 24 -6.87291 100 77 0 0 0 -2.55251 100 23 0 0 0 0 0 0 0 0 0 0 0
31600 -184.026 0 0 0 0.712404 100 28 -16.754 100 64 0 0 0 -2.39162 100 28 0 0 0 0 0 0 0 0 0 0 0
31700 -183.81 0 0 0 1.39837 100 22 -8.12209 100 63 0 0 0 -2.94832 100 29 0 0 0 0 0 0 0 0 0 0 0
31800 -184.785 0 0 0 0.503296 100 21 -7.02607 100 66 0 0 0 -2.39585 100 23 0 0 0 0 0 0 0 0 0 0 0
31900 -184.349 0 0 0 1.60713 100 24 -3.26242 100 67 0 0 0 -3.11509 100 21 0 0 0 0 0 0 0 0 0 0 0
32000 -184.14 0 0 0 1.4347 100 28 -9.74598 100 74 0 0 0 -3.02303 100 27 0 0 0 0 0 0 0 0 0 0 0
32100 -184.08 0 0 0 1.09374 100 27 -12.2673 100 75 0 0 0 -2.46548 100 29 0 0 0 0 0 0 0 0 0 0 0
32200 -183.462 0 0 0 1.05282 100 20 -9.89735 100 64 0 0 0 -2.59629 100 17 0 0 0 0 0 0 0 0 0 0 0
32300 -183.79 0 0 0 1.29802 100 33 -4.89727 100 73 0 0 0 -2.88329 100 26 0 0 0 0 0 0 0 0 0 0 0
32400 -184.679 0 0 0 0.817904 100 26 -3.98056 100 53 0 0 0 -2.3485 100 21 0 0 0 0 0 0 0 0 0 0 0
32500 -184.366 0 0 0 1.37601 100 17 -23.2963 100 67 0 0 0 -2.85547 100 33 0 0 0 0 0 0 0 0 0 0 0
32600 -184.361 0 0 0 1.03645 100 31 -2.15173 100 76 0 0 0 -2.52169 100 22 0 0 0 0 0 0 0 0 0 0 0
32700 -184.833 0 0 0 1.95163 100 28 -6.74672 100 71 0 0 0 -3.17513 100 21 0 0 0 0 0 0 0 0 0 0 0
32800 -187.95 0 0 0 1.53903 100 21 7.82902 100 66 0 0 0 -2.91883 100 23 0 0 0 0 0 0 0 0 0 0 0
32900 -183.743 0 0 0 1.50706 100 35 -7.80896 100 64 0 0 0 -2.93235 100 26 0 0 0 0 0 0 0 0 0 0 0
33000 -184.859 0 0 0 1.74282 100 30 -0.316325 100 72 0 0 0 -2.97282 100 27 0 0 0 0 0 0 0 0 0 0 0
33100 -183.545 0 0 0 1.11648 100 35 -6.78983 100 72 0 0 0 -2.71851 100 26 0 0 0 0 0 0 0 0 0 0 0
33200 -186.487 0 0 0 0.98604 100 30 4.34622 100 65 0 0 0 -2.67374 100 16 0 0 0 0 0 0 0 0 0 0 0
33300 -184.464 0 0 0 1.05203 100 26 -5.5575 100 74 0 0 0 -2.43073 100 22 0 0 0 0 0 0 0 0 0 0 0
33400 -184.808 0 0 0 0.539519 100 27 -5.8628 100 74 0 0 0 -2.43129 100 24 0 0 0 0 0 0 0 0 0 0 0
33500 -184.403 0 0 0 0.610052 100 29 -7.68372 100 63 0 0 0 -2.30513 100 25 0 0 0 0 0 0 0 0 0 0 0
33600 -183.505 0 0 0 1.04691 100 27 -8.22602 100 76 0 0 0 -2.58474 100 23 0 0 0 0 0 0 0 0 0 0 0
33700 -184.178 0 0 0 1.4203 100 24 -0.916178 100 64 0 0 0 -2.8268 100 34 0 0 0 0 0 0 0 0 0 0 0
33800 -185.03 0 0 0 1.7055 100 24 -4.49149 100 73 0 0 0 -3.26659 100 29 0 0 0 0 0 0 0 0 0 0 0
33900 -185.175 0 0 0 0.367303 100 26 -12.1032 100 77 0 0 0 -2.14686 100 16 0 0 0 0 0 0 0 0 0 0 0
34000 -183.988 0 0 0 1.5895 100 27 -6.46474 100 68 0 0 0 -2.89066 100 27 0 0 0 0 0 0 0 0 0 0 0
34100 -184.782 0 0 0 0.557259 100 26 -7.18289 100 69 0 0 0 -2.48202 100 18 0 0 0 0 0 0 0 0 0 0 0
34200 -183.651 0 0 0 1.25771 100 28 -4.87478 100 78 0 0 0 -2.81169 100 22 0 0 0 0 0 0 0 0 0 0 0
34300 -183.953 0 0 0 0.895726 100 22 -12.2734 100 75 0 0 0 -2.3891 100 20 0 0 0 0 0 0 0 0 0 0 0
34400 -186.076 0 0 0 1.08757 100 21 -4.15576 100 69 0 0 0 -3.0378 100 25 0 0 0 0 0 0 0 0 0 0 0
34500 -183.855 0 0 0 0.892412 100 18 -5.06745 100 75 0 0 0 -2.53506 100 26 0 0 0 0 0 0 0 0 0 0 0
34600 -183.54 0 0 0 1.20417 100 19 -8.62798 100 63 0 0 0 -2.6449 100 23 0 0 0 0 0 0 0 0 0 0 0
34700 -185.251 0 0 0 0.55634 100 19 -15.5902 100 69 0 0 0 -2.55708 100 30 0 0 0 0 0 0 0 0 0 0 0
34800 -183.592 0 0 0 1.11014 100 26 -6.05522 100 68 0 0 0 -2.71983 100 18 0 0 0 0 0 0 0 0 0 0 0
34900 -184.815 0 0 0 1.92696 100 25 -5.72319 100 66 0 0 0 -3.1256 100 21 0 0 0 0 0 0 0 0 0 0 0
35000 -185.806 0 0 0 0.20767 100 25 -14.8142 100 68 0 0 0 -2.22248 100 28 0 0 0 0 0 0 0 0 0 0 0
35100 -184.089 0 0 0 0.97187 100 28 -20.4136 100 72 0 0 0 -2.46021 100 25 0 0 0 0 0 0 0 0 0 0 0
35200 -184.228 0 0 0 1.34951 100 26 -5.39401 100 71 0 0 0 -2.63996 100 22 0 0 0 0 0 0 0 0 0 0 0
35300 -183.62 0 0 0 1.34253 100 31 -11.8253 100 73 0 0 0 -2.8434 100 21 0 0 0 0 0 0 0 0 0 0 0
35400 -183.487 0 0 0 1.0434 100 32 -12.5929 100 68 0 0 0 -2.61609 100 23 0 0 0 0 0 0 0 0 0 0 0
35500 -185.864 0 0 0 2.08626 100 27 -17.2995 100 68 0 0 0 -3.30994 100 24 0 0 0 0 0 0 0 0 0 0 0
35600 -185.456 0 0 0 1.97853 100 31 -6.81327 100 77 0 0 0 -3.39877 100 27 0 0 0 0 0 0 0 0 0 0 0
35700 -187.544 0 0 0 1.56698 100 26 -10.1203 100 60 0 0 0 -3.41522 100 18 0 0 0 0 0 0 0 0 0 0 0
35800 -184.348 0 0 0 1.65647 100 37 -11.0293 100 69 0 0 0 -3.11694 100 22 0 0 0 0 0 0 0 0 0 0 0
35900 -184.356 0 0 0 1.20433 100 24 -2.90171 100 75 0 0 0 -2.57312 100 24 0 0 0 0 0 0 0 0 0 0 0
36000 -184.232 0 0 0 1.14705 100 28 -18.1509 100 72 0 0 0 -2.50787 100 18 0 0 0 0 0 0 0 0 0 0 0
36100 -186.522 0 0 0 1.8077 100 33 -12.3583 100 67 0 0 0 -2.79225 100 25 0 0 0 0 0 0 0 0 0 0 0
36200 -186.098 0 0 0 2.10546 100 25 3.52456 100 68 0 0 0 -3.38997 100 24 0 0 0 0 0 0 0 0 0 0 0
36300 -183.767 0 0 0 0.925309 100 30 -5.40536 100 77 0 0 0 -2.56989 100 27 0 0 0 0 0 0 0 0 0 0 0
36400 -183.85 0 0 0 1.01879 100 30 -4.00545 100 67 0 0 0 -2.57145 100 24 0 0 0 0 0 0 0 0 0 0 0
36500 -184.234 0 0 0 1.6232 100 24 -1.67056 100 81 0 0 0 -3.03262 100 32 0 0 0 0 0 0 0 0 0 0 0
36600 -184.368 0 0 0 1.79748 100 27 -5.20733 100 74 0 0 0 -3.10149 100 25 0 0 0 0 0 0 0 0 0 0 0
36700 -184.457 0 0 0 1.43006 100 19 0.746069 100 72 0 0 0 -2.88207 100 21 0 0 0 0 0 0 0 0 0 0 0
36800 -186.628 0 0 0 2.3416 100 30 -0.192373 100 66 0 0 0 -3.61375 100 21 0 0 0 0 0 0 0 0 0 0 0
36900 -186.047 0 0 0 1.82155 100 33 2.16264 100 75 0 0 0 -3.38238 100 21 0 0 0 0 0 0 0 0 0 0 0
37000 -183.901 0 0 0 1.31728 100 22 -4.77132 100 72 0 0 0 -2.91942 100 19 0 0 0 0 0 0 0 0 0 0 0
37100 -185.585 0 0 0 2.01488 100 25 -1.46628 100 71 0 0 0 -3.42174 100 28 0 0 0 0 0 0 0 0 0 0 0
37200 -183.815 0 0 0 1.38977 100 34 -3.11406 100 71 0 0 0 -2.83663 100 28 0 0 0 0 0 0 0 0 0 0 0
37300 -186.173 0 0 0 2.26613 100 31 -3.96622 100 69 0 0 0 -3.3282 100 23 0 0 0 0 0 0 0 0 0 0 0
37400 -185.707 0 0 0 1.95112 100 24 -8.55598 100 70 0 0 0 -3.4212 100 16 0 0 0 0 0 0 0 0 0 0 0
37500 -184.771 0 0 0 0.732499 100 21 -8.69119 100 68 0 0 0 -2.23702 100 30 0 0 0 0 0 0 0 0 0 0 0
37600 -184.292 0 0 0 1.35645 100 33 -12.2876 100 64 0 0 0 -2.99801 100 27 0 0 0 0 0 0 0 0 0 0 0
37700 -183.712 0 0 0 1.0336 100 31 -8.18397 100 67 0 0 0 -2.50771 100 22 0 0 0 0 0 0 0 0 0 0 0
37800 -184.886 0 0 0 1.34412 100 27 -1.39375 100 72 0 0 0 -3.05423 100 26 0 0 0 0 0 0 0 0 0 0 0
37900 -185.039 0 0 0 1.42266 100 30 2.57474 100 70 0 0 0 -2.84969 100 23 0 0 0 0 0 0 0 0 0 0 0
38000 -184.842 0 0 0 1.80232 100 25 0.613289 100 71 0 0 0 -3.14964 100 30 0 0 0 0 0 0 0 0 0 0 0
38100 -184.283 0 0 0 0.601336 100 26 -8.22604 100 69 0 0 0 -2.39183 100 28 0 0 0 0 0 0 0 0 0 0 0
38200 -183.604 0 0 0 1.21598 100 32 -11.5607 100 75 0 0 0 -2.80037 100 28 0 0 0 0 0 0 0 0 0 0 0
38300 -185.676 0 0 0 1.15902 100 26 0.0420598 100 74 0 0 0 -3.00687 100 25 0 0 0 0 0 0 0 0 0 0 0
38400 -184.865 0 0 0 1.92531 100 36 -5.31955 100 59 0 0 0 -3.10725 100 19 0 0 0 0 0 0 0 0 0 0 0
38500 -188.618 0 0 0 2.15739 100 29 -12.7116 100 68 0 0 0 -3.75013 100 26 0 0 0 0 0 0 0 0 0 0 0
38600 -185.1 0 0 0 1.83907 100 26 1.50583 100 67 0 0 0 -3.2101 100 25 0 0 0 0 0 0 0 0 0 0 0
38700 -185.608 0 0 0 1.25524 100 28 -3.29734 100 74 0 0 0 -3.09711 100 23 0 0 0 0 0 0 0 0 0 0 0
38800 -184.749 0 0 0 0.612112 100 26 -4.61009 100 66 0 0 0 -2.31873 100 29 0 0 0 0 0 0 0 0 0 0 0
38900 -185.25 0 0 0 1.62761 100 25 -6.10805 100 75 0 0 0 -3.2617 100 26 0 0 0 0 0 0 0 0 0 0 0
39000 -183.868 0 0 0 0.930971 100 34 -4.77368 100 68 0 0 0 -2.6194 100 21 0 0 0 0 0 0 0 0 0 0 0
39100 -184.971 0 0 0 0.747336 100 25 -6.95458 100 75 0 0 0 -2.23742 100 28 0 0 0 0 0 0 0 0 0 0 0
39200 -183.546 0 0 0 0.9318 100 30 -10.9231 100 67 0 0 0 -2.52792 100 26 0 0 0 0 0 0 0 0 0 0 0
39300 -184.457 0 0 0 0.649324 100 30 -5.65608 100 58 0 0 0 -2.48557 100 19 0 0 0 0 0 0 0 0 0 0 0
39400 -184.765 0 0 0 1.5499 100 31 -7.34732 100 61 0 0 0 -3.16922 100 25 0 0 0 0 0 0 0 0 0 0 0
39500 -183.628 0 0 0 1.38997 100 24 -8.30885 100 70 0 0 0 -2.88565 100 21 0 0 0 0 0 0 0 0 0 0 0
39600 -184.043 0 0 0 0.894769 100 29 -6.88215 100 68 0 0 0 -2.67845 100 16 0 0 0 0 0 0 0 0 0 0 0
39700 -184.413 0 0 0 1.35172 100 29 -2.52116 100 70 0 0 0 -2.66389 100 26 0 0 0 0 0 0 0 0 0 0 0
39800 -183.864 0 0 0 1.11256 100 27 -5.90585 100 66 0 0 0 -2.54343 100 25 0 0 0 0 0 0 0 0 0 0 0
39900 -186.404 0 0 0 1.98107 100 23 3.6011 100 77 0 0 0 -3.4583 100 26 0 0 0 0 0 0 0 0 0 0 0
40000 -186.057 0 0 0 0.89326 100 25 -15.6289 100 68 0 0 0 -2.8917 100 32 0 0 0 0 0 0 0 0 0 0 0
40100 -184.339 0 0 0 1.75669 100 24 -6.83121 100 72 0 0 0 -3.14217 100 28 0 0 0 0 0 0 0 0 0 0 0
40200 -184.295 0 0 0 1.49891 100 26 -4.03257 100 64 0 0 0 -3.07329 100 27 0 0 0 0 0 0 0 0 0 0 0
40300 -185.035 0 0 0 0.892428 100 35 -4.31754 100 71 0 0 0 -2.3206 100 20 0 0 0 0 0 0 0 0 0 0 0
40400 -184.23 0 0 0 1.04622 100 34 -16.0713 100 68 0 0 0 -2.79077 100 24 0 0 0 0 0 0 0 0 0 0 0
40500 -184.018 0 0 0 1.539 100 34 -2.62911 100 74 0 0 0 -2.91802 100 31 0 0 0 0 0 0 0 0 0 0 0
40600 -184.022 0 0 0 1.32054 100 24 -4.68799 100 72 0 0 0 -2.66107 100 22 0 0 0 0 0 0 0 0 0 0 0
40700 -183.932 0 0 0 1.61587 100 22 -6.82039 100 67 0 0 0 -2.97119 100 24 0 0 0 0 0 0 0 0 0 0 0
40800 -183.988 0 0 0 1.30619 100 21 -8.10841 100 72 0 0 0 -2.94404 100 26 0 0 0 0 0 0 0 0 0 0 0
40900 -184.511 0 0 0 1.53911 100 22 -7.55921 100 68 0 0 0 -3.13025 100 23 0 0 0 0 0 0 0 0 0 0 0
41000 -186.338 0 0 0 2.07101 100 33 -1.79149 100 69 0 0 0 -3.54553 100 31 0 0 0 0 0 0 0 0 0 0 0
41100 -184.162 0 0 0 1.611 100 28 -12.6113 100 69 0 0 0 -2.89002 100 27 0 0 0 0 0 0 0 0 0 0 0
41200 -185.509 0 0 0 1.5688 100 28 -9.51361 100 65 0 0 0 -2.66174 100 31 0 0 0 0 0 0 0 0 0 0 0
41300 -184.371 0 0 0 1.45052 100 27 -0.536401 100 68 0 0 0 -2.9999 100 26 0 0 0 0 0 0 0 0 0 0 0
41400 -183.89 0 0 0 1.22002 100 27 -2.39882 100 75 0 0 0 -2.71809 100 24 0 0 0 0 0 0 0 0 0 0 0
41500 -183.94 0 0 0 0.950334 100 33 -20.6128 100 72 0 0 0 -2.57109 100 31 0 0 0 0 0 0 0 0 0 0 0
41600 -185.663 0 0 0 2.13268 100 24 -0.0666655 100 69 0 0 0 -3.39616 100 31 0 0 0 0 0 0 0 0 0 0 0
41700 -184.106 0 0 0 0.765192 100 25 -11.8379 100 71 0 0 0 -2.32427 100 29 0 0 0 0 0 0 0 0 0 0 0
41800 -184.621 0 0 0 1.25923 100 30 -19.5577 100 68 0 0 0 -2.93391 100 23 0 0 0 0 0 0 0 0 0 0 0
41900 -184.005 0 0 0 1.51484 100 27 -3.39211 100 71 0 0 0 -2.85532 100 26 0 0 0 0 0 0 0 0 0 0 0
42000 -183.543 0 0 0 1.21948 100 33 -6.12301 100 75 0 0 0 -2.76724 100 16 0 0 0 0 0 0 0 0 0 0 0
42100 -184.227 0 0 0 1.54423 100 34 -2.35913 100 80 0 0 0 -3.05267 100 20 0 0 0 0 0 0 0 0 0 0 0
42200 -183.629 0 0 0 1.23937 100 29 -13.9343 100 69 0 0 0 -2.78547 100 28 0 0 0 0 0 0 0 0 0 0 0
42300 -183.579 0 0 0 0.896916 100 25 -10.404 100 72 0 0 0 -2.53592 100 30 0 0 0 0 0 0 0 0 0 0 0
42400 -185.367 0 0 0 0.525205 100 29 -5.14018 100 69 0 0 0 -2.52159 100 19 0 0 0 0 0 0 0 0 0 0 0
42500 -183.719 0 0 0 1.28144 100 34 -11.5044 100 59 0 0 0 -2.86304 100 26 0 0 0 0 0 0 0 0 0 0 0
42600 -187.55 0 0 0 2.44305 100 23 -2.47092 100 69 0 0 0 -3.36162 100 26 0 0 0 0 0 0 0 0 0 0 0
42700 -183.562 0 0 0 1.06314 100 28 -11.8835 100 67 0 0 0 -2.55165 100 30 0 0 0 0 0 0 0 0 0 0 0
42800 -183.581 0 0 0 1.21022 100 27 -14.6957 100 65 0 0 0 -2.69896 100 25 0 0 0 0 0 0 0 0 0 0 0
42900 -184.864 0 0 0 1.6801 100 29 -0.900422 100 72 0 0 0 -3.20583 100 36 0 0 0 0 0 0 0 0 0 0 0
43000 -184.719 0 0 0 1.68852 100 23 -7.64571 100 68 0 0 0 -2.8486 100 26 0 0 0 0 0 0 0 0 0 0 0
43100 -184.404 0 0 0 0.605029 100 26 -14.6726 100 75 0 0 0 -2.25583 100 22 0 0 0 0 0 0 0 0 0 0 0
43200 -185.601 0 0 0 1.36914 100 34 4.13938 100 74 0 0 0 -2.87952 100 24 0 0 0 0 0 0 0 0 0 0 0
43300 -187.484 0 0 0 2.13903 100 31 7.55431 100 72 0 0 0 -3.38745 100 24 0 0 0 0 0 0 0 0 0 0 0
43400 -185.238 0 0 0 0.387988 100 28 -18.0751 100 73 0 0 0 -2.13759 100 28 0 0 0 0 0 0 0 0 0 0 0
43500 -184.35 0 0 0 1.24499 100 29 -8.16197 100 67 0 0 0 -2.5326 100 20 0 0 0 0 0 0 0 0 0 0 0
43600 -184.067 0 0 0 1.08187 100 30 -5.7111 100 69 0 0 0 -2.81713 100 23 0 0 0 0 0 0 0 0 0 0 0
43700 -185.688 0 0 0 1.4703 100 34 4.11215 100 67 0 0 0 -3.05917 100 28 0 0 0 0 0 0 0 0 0 0 0
43800 -183.804 0 0 0 0.766033 100 26 -13.0246 100 73 0 0 0 -2.42831 100 30 0 0 0 0 0 0 0 0 0 0 0
43900 -184.182 0 0 0 1.52493 100 30 -7.21803 100 64 0 0 0 -2.77476 100 18 0 0 0 0 0 0 0 0 0 0 0
44000 -183.99 0 0 0 1.4989 100 24 -3.25637 100 69 0 0 0 -2.84861 100 23 0 0 0 0 0 0 0 0 0 0 0
44100 -184.315 0 0 0 1.13034 100 26 -1.80702 100 68 0 0 0 -2.8311 100 26 0 0 0 0 0 0 0 0 0 0 0
44200 -185.963 0 0 0 1.84816 100 36 -0.836025 100 62 0 0 0 -3.42029 100 22 0 0 0 0 0 0 0 0 0 0 0
44300 -184.242 0 0 0 0.592553 100 28 -15.1988 100 67 0 0 0 -2.35371 100 25 0 0 0 0 0 0 0 0 0 0 0
44400 -184.265 0 0 0 1.46362 100 29 -6.79378 100 73 0 0 0 -3.06286 100 20 0 0 0 0 0 0 0 0 0 0 0
44500 -184.915 0 0 0 1.36788 100 28 1.005 100 70 0 0 0 -2.72321 100 18 0 0 0 0 0 0 0 0 0 0 0
44600 -185.424 0 0 0 1.35991 100 19 2.17494 100 71 0 0 0 -2.70354 100 20 0 0 0 0 0 0 0 0 0 0 0
44700 -185.986 0 0 0 1.43132 100 27 -24.4968 100 71 0 0 0 -2.57258 100 21 0 0 0 0 0 0 0 0 0 0 0
44800 -184.344 0 0 0 0.551206 100 30 -10.3549 100 75 0 0 0 -2.33277 100 19 0 0 0 0 0 0 0 0 0 0 0
44900 -184.649 0 0 0 0.928462 100 23 -16.0304 100 73 0 0 0 -2.77167 100 24 0 0 0 0 0 0 0 0 0 0 0
45000 -184.694 0 0 0 0.449815 100 22 -13.1245 100 71 0 0 0 -2.32334 100 26 0 0 0 0 0 0 0 0 0 0 0
45100 -185.214 0 0 0 1.35205 100 32 2.01863 100 65 0 0 0 -2.72272 100 27 0 0 0 0 0 0 0 0 0 0 0
45200 -184.091 0 0 0 1.4785 100 26 -16.9606 100 65 0 0 0 -2.81613 100 24 0 0 0 0 0 0 0 0 0 0 0
45300 -184.424 0 0 0 1.16068 100 29 -12.1927 100 69 0 0 0 -2.46424 100 19 0 0 0 0 0 0 0 0 0 0 0
45400 -183.891 0 0 0 1.34703 100 26 -3.65516 100 77 0 0 0 -2.91291 100 22 0 0 0 0 0 0 0 0 0 0 0
45500 -183.802 0 0 0 1.47206 100 29 -12.4602 100 70 0 0 0 -2.91428 100 18 0 0 0 0 0 0 0 0 0 0 0
45600 -183.524 0 0 0 1.08762 100 31 -10.9296 100 67 0 0 0 -2.7049 100 27 0 0 0 0 0 0 0 0 0 0 0
45700 -184.322 0 0 0 1.57799 100 33 -3.34738 100 76 0 0 0 -2.83939 100 27 0 0 0 0 0 0 0 0 0 0 0
45800 -184.744 0 0 0 1.19835 100 19 -28.5881 100 71 0 0 0 -2.79041 100 19 0 0 0 0 0 0 0 0 0 0 0
45900 -185.282 0 0 0 0.980251 100 29 -3.66544 100 66 0 0 0 -2.88808 100 21 0 0 0 0 0 0 0 0 0 0 0
46000 -184.558 0 0 0 0.926768 100 26 -17.2332 100 70 0 0 0 -2.74927 100 22 0 0 0 0 0 0 0 0 0 0 0
46100 -184.012 0 0 0 0.834641 100 25 -7.19457 100 73 0 0 0 -2.61899 100 26 0 0 0 0 0 0 0 0 0 0 0
46200 -183.591 0 0 0 1.05699 100 32 -10.6948 100 72 0 0 0 -2.53652 100 19 0 0 0 0 0 0 0 0 0 0 0
46300 -185.714 0 0 0 1.94654 100 22 -1.58661 100 66 0 0 0 -3.42806 100 29 0 0 0 0 0 0 0 0 0 0 0
46400 -186.252 0 0 0 0.320475 100 22 -2.95328 100 75 0 0 0 -2.24568 100 24 0 0 0 0 0 0 0 0 0 0 0
46500 -184.154 0 0 0 1.02982 100 27 -10.4317 100 72 0 0 0 -2.42099 100 20 0 0 0 0 0 0 0 0 0 0 0
46600 -183.701 0 0 0 1.31921 100 25 -5.29868 100 72 0 0 0 -2.87104 100 24 0 0 0 0 0 0 0 0 0 0 0
46700 -184.495 0 0 0 1.30147 100 24 -4.99866 100 66 0 0 0 -3.01108 100 30 0 0 0 0 0 0 0 0 0 0 0
46800 -183.852 0 0 0 1.3502 100 24 -10.6012 100 67 0 0 0 -2.92932 100 27 0 0 0 0 0 0 0 0 0 0 0
46900 -183.46 0 0 0 1.23842 100 25 -8.17474 100 78 0 0 0 -2.73879 100 23 0 0 0 0 0 0 0 0 0 0 0
47000 -183.651 0 0 0 1.36602 100 25 -5.77975 100 64 0 0 0 -2.87337 100 23 0 0 0 0 0 0 0 0 0 0 0
47100 -184.529 0 0 0 0.753195 100 26 -2.7333 100 67 0 0 0 -2.50895 100 24 0 0 0 0 0 0 0 0 0 0 0
47200 -183.899 0 0 0 0.771246 100 30 -7.55877 100 60 0 0 0 -2.4354 100 22 0 0 0 0 0 0 0 0 0 0 0
47300 -186.617 0 0 0 2.0151 100 30 0.024381 100 67 0 0 0 -3.01777 100 32 0 0 0 0 0 0 0 0 0 0 0
47400 -184.213 0 0 0 1.40949 100 25 -1.12144 100 65 0 0 0 -2.9587 100 22 0 0 0 0 0 0 0 0 0 0 0
47500 -183.936 0 0 0 1.06764 100 29 -14.7766 100 68 0 0 0 -2.7654 100 26 0 0 0 0 0 0 0 0 0 0 0
47600 -183.733 0 0 0 0.890964 100 22 -8.97027 100 76 0 0 0 -2.61235 100 19 0 0 0 0 0 0 0 0 0 0 0
47700 -184.48 0 0 0 1.80812 100 25 -9.63402 100 74 0 0 0 -3.05604 100 21 0 0 0 0 0 0 0 0 0 0 0
47800 -183.646 0 0 0 1.19017 100 36 -10.4765 100 74 0 0 0 -2.60011 100 23 0 0 0 0 0 0 0 0 0 0 0
47900 -184.964 0 0 0 1.93939 100 34 -2.12426 100 72 0 0 0 -3.27972 100 24 0 0 0 0 0 0 0 0 0 0 0
48000 -183.779 0 0 0 1.4733 100 24 -12.2868 100 75 0 0 0 -2.89982 100 27 0 0 0 0 0 0 0 0 0 0 0
48100 -183.972 0 0 0 1.05968 100 34 -5.02497 100 67 0 0 0 -2.77582 100 20 0 0 0 0 0 0 0 0 0 0 0
48200 -185.644 0 0 0 1.48986 100 30 -0.267401 100 66 0 0 0 -2.67222 100 24 0 0 0 0 0 0 0 0 0 0 0
48300 -184.68 0 0 0 1.804 100 28 -10.3324 100 76 0 0 0 -3.20938 100 22 0 0 0 0 0 0 0 0 0 0 0
48400 -183.965 0 0 0 0.992807 100 16 -11.3173 100 65 0 0 0 -2.42819 100 27 0 0 0 0 0 0 0 0 0 0 0
48500 -185.143 0 0 0 1.90426 100 19 -11.3251 100 65 0 0 0 -3.03476 100 17 0 0 0 0 0 0 0 0 0 0 0
48600 -186.588 0 0 0 0.77758 100 30 -6.15608 100 73 0 0 0 -2.12886 100 29 0 0 0 0 0 0 0 0 0 0 0
48700 -184.709 0 0 0 0.604101 100 26 -7.80833 100 69 0 0 0 -2.52966 100 24 0 0 0 0 0 0 0 0 0 0 0
48800 -183.779 0 0 0 0.883795 100 29 -6.00158 100 56 0 0 0 -2.52947 100 22 0 0 0 0 0 0 0 0 0 0 0
48900 -184.183 0 0 0 1.42694 100 28 -6.64493 100 65 0 0 0 -2.69392 100 22 0 0 0 0 0 0 0 0 0 0 0
49000 -185.458 0 0 0 2.0181 100 31 -0.687894 100 74 0 0 0 -3.38666 100 26 0 0 0 0 0 0 0 0 0 0 0
49100 -185.016 0 0 0 1.58599 100 25 -3.49318 100 65 0 0 0 -2.74914 100 34 0 0 0 0 0 0 0 0 0 0 0
49200 -183.612 0 0 0 1.28374 100 20 -5.21633 100 66 0 0 0 -2.81178 100 21 0 0 0 0 0 0 0 0 0 0 0
49300 -183.867 0 0 0 1.52554 100 22 -7.28111 100 73 0 0 0 -2.84707 100 21 0 0 0 0 0 0 0 0 0 0 0
49400 -184.889 0 0 0 0.644897 100 32 -16.9949 100 64 0 0 0 -2.57728 100 30 0 0 0 0 0 0 0 0 0 0 0
49500 -183.528 0 0 0 1.20214 100 27 -7.49863 100 72 0 0 0 -2.65979 100 23 0 0 0 0 0 0 0 0 0 0 0
49600 -186.692 0 0 0 2.39537 100 30 -5.01228 100 74 0 0 0 -3.61534 100 19 0 0 0 0 0 0 0 0 0 0 0
49700 -185.487 0 0 0 1.56458 100 29 3.92545 100 75 0 0 0 -2.95917 100 25 0 0 0 0 0 0 0 0 0 0 0
49800 -183.662 0 0 0 1.14874 100 32 -4.49508 100 69 0 0 0 -2.66703 100 26 0 0 0 0 0 0 0 0 0 0 0
49900 -184.273 0 0 0 1.72604 100 30 -3.68376 100 74 0 0 0 -3.02762 100 27 0 0 0 0 0 0 0 0 0 0 0
50000 -185.391 0 0 0 1.4838 100 32 3.67025 100 71 0 0 0 -3.01967 100 23 0 0 0 0 0 0 0 0 0 0 0
50100 -186.882 0 0 0 1.59652 100 17 3.11998 100 58 0 0 0 -2.73869 100 27 0 0 0 0 0 0 0 0 0 0 0
50200 -184.673 0 0 0 1.53803 100 25 -13.2148 100 68 0 0 0 -2.725 100 28 0 0 0 0 0 0 0 0 0 0 0
50300 -184.124 0 0 0 1.36393 100 23 -12.9743 100 71 0 0 0 -2.96931 100 23 0 0 0 0 0 0 0 0 0 0 0
50400 -187.089 0 0 0 1.22824 100 27 -2.16333 100 67 0 0 0 -2.37424 100 32 0 0 0 0 0 0 0 0 0 0 0
50500 -184.681 0 0 0 0.476727 100 32 -17.5612 100 65 0 0 0 -2.28994 100 22 0 0 0 0 0 0 0 0 0 0 0
50600 -183.597 0 0 0 1.01458 100 22 -7.56261 100 74 0 0 0 -2.54345 100 28 0 0 0 0 0 0 0 0 0 0 0
50700 -185.643 0 0 0 1.40478 100 31 -23.1366 100 75 0 0 0 -2.57291 100 28 0 0 0 0 0 0 0 0 0 0 0
50800 -184.857 0 0 0 1.42838 100 21 1.91213 100 66 0 0 0 -2.98585 100 29 0 0 0 0 0 0 0 0 0 0 0
50900 -186.632 0 0 0 2.07559 100 32 5.56671 100 63 0 0 0 -3.29829 100 22 0 0 0 0 0 0 0 0 0 0 0
51000 -183.736 0 0 0 1.46922 100 33 -10.7643 100 75 0 0 0 -2.91258 100 34 0 0 0 0 0 0 0 0 0 0 0
51100 -184.183 0 0 0 1.59195 100 27 -5.73541 100 73 0 0 0 -3.09141 100 37 0 0 0 0 0 0 0 0 0 0 0
51200 -183.765 0 0 0 0.782803 100 30 -9.89775 100 70 0 0 0 -2.4572 100 28 0 0 0 0 0 0 0 0 0 0 0
51300 -184.63 0 0 0 1.76353 100 27 -0.328089 100 75 0 0 0 -3.11903 100 22 0 0 0 0 0 0 0 0 0 0 0
51400 -183.777 0 0 0 1.44865 100 33 -11.8999 100 71 0 0 0 -2.91885 100 21 0 0 0 0 0 0 0 0 0 0 0
51500 -185.051 0 0 0 1.83965 100 33 -0.373483 100 66 0 0 0 -3.27512 100 27 0 0 0 0 0 0 0 0 0 0 0
51600 -183.446 0 0 0 1.12388 100 35 -9.73951 100 74 0 0 0 -2.69173 100 21 0 0 0 0 0 0 0 0 0 0 0
51700 -184.453 0 0 0 1.59029 100 32 -9.58731 100 78 0 0 0 -3.13224 100 31 0 0 0 0 0 0 0 0 0 0 0
51800 -184.076 0 0 0 0.973767 100 28 -3.87406 100 80 0 0 0 -2.70576 100 30 0 0 0 0 0 0 0 0 0 0 0
51900 -184.686 0 0 0 1.4092 100 25 -6.48902 100 71 0 0 0 -3.09489 100 21 0 0 0 0 0 0 0 0 0 0 0
52000 -183.692 0 0 0 0.849401 100 33 -10.3342 100 73 0 0 0 -2.4529 100 25 0 0 0 0 0 0 0 0 0 0 0
52100 -183.493 0 0 0 1.23026 100 28 -8.79028 100 69 0 0 0 -2.6834 100 23 0 0 0 0 0 0 0 0 0 0 0
52200 -190.218 0 0 0 2.74304 100 28 -8.20668 100 61 0 0 0 -4.09731 100 20 0 0 0 0 0 0 0 0 0 0 0
52300 -183.913 0 0 0 0.725363 100 33 -12.6359 100 75 0 0 0 -2.47647 100 24 0 0 0 0 0 0 0 0 0 0 0
52400 -184.163 0 0 0 1.63875 100 20 -5.56 100 72 0 0 0 -2.90618 100 24 0 0 0 0 0 0 0 0 0 0 0
52500 -188.227 0 0 0 2.64903 100 29 4.61282 100 68 0 0 0 -3.68115 100 20 0 0 0 0 0 0 0 0 0 0 0
52600 -184.413 0 0 0 0.98607 100 29 -10.6235 100 69 0 0 0 -2.80886 100 21 0 0 0 0 0 0 0 0 0 0 0
52700 -184.568 0 0 0 1.07496 100 25 -8.52318 100 67 0 0 0 -2.40533 100 27 0 0 0 0 0 0 0 0 0 0 0
52800 -184.045 0 0 0 0.742839 100 21 -6.22285 100 72 0 0 0 -2.45498 100 25 0 0 0 0 0 0 0 0 0 0 0
52900 -183.823 0 0 0 1.19888 100 33 -16.6675 100 65 0 0 0 -2.7872 100 13 0 0 0 0 0 0 0 0 0 0 0
53000 -185.732 0 0 0 2.2009 100 25 -2.70594 100 68 0 0 0 -3.41128 100 23 0 0 0 0 0 0 0 0 0 0 0
53100 -184.023 0 0 0 1.28245 100 26 -5.24399 100 67 0 0 0 -2.9301 100 25 0 0 0 0 0 0 0 0 0 0 0
53200 -184.094 0 0 0 1.35251 100 30 -14.6744 100 67 0 0 0 -2.65571 100 17 0 0 0 0 0 0 0 0 0 0 0
53300 -185.355 0 0 0 0.41509 100 30 -10.547 100 66 0 0 0 -2.44329 100 17 0 0 0 0 0 0 0 0 0 0 0
53400 -184.123 0 0 0 0.897725 100 24 -9.8525 100 63 0 0 0 -2.36716 100 20 0 0 0 0 0 0 0 0 0 0 0
53500 -184.26 0 0 0 1.52239 100 26 -3.31345 100 73 0 0 0 -2.80153 100 20 0 0 0 0 0 0 0 0 0 0 0
53600 -185.304 0 0 0 1.0656 100 24 -4.53124 100 70 0 0 0 -2.9546 100 23 0 0 0 0 0 0 0 0 0 0 0
53700 -183.503 0 0 0 1.07959 100 20 -7.78932 100 63 0 0 0 -2.68245 100 18 0 0 0 0 0 0 0 0 0 0 0
53800 -185.404 0 0 0 0.68552 100 26 -18.0594 100 69 0 0 0 -2.6677 100 29 0 0 0 0 0 0 0 0 0 0 0
53900 -184.589 0 0 0 0.88358 100 34 -6.64279 100 69 0 0 0 -2.32916 100 30 0 0 0 0 0 0 0 0 0 0 0
54000 -184.523 0 0 0 0.541445 100 30 -7.55647 100 72 0 0 0 -2.33735 100 24 0 0 0 0 0 0 0 0 0 0 0
54100 -183.897 0 0 0 0.87518 100 18 -14.1647 100 71 0 0 0 -2.39912 100 25 0 0 0 0 0 0 0 0 0 0 0
54200 -183.82 0 0 0 1.53553 100 28 -7.29216 100 71 0 0 0 -2.97294 100 33 0 0 0 0 0 0 0 0 0 0 0
54300 -186.537 0 0 0 0.544434 100 26 -0.678431 100 59 0 0 0 -2.21332 100 30 0 0 0 0 0 0 0 0 0 0 0
54400 -186.755 0 0 0 0.640895 100 22 0.844993 100 70 0 0 0 -2.6752 100 18 0 0 0 0 0 0 0 0 0 0 0
54500 -187.847 0 0 0 -0.126607 100 27 -12.0543 100 66 0 0 0 -2.04108 100 24 0 0 0 0 0 0 0 0 0 0 0
54600 -184.012 0 0 0 1.29677 100 31 -3.67371 100 74 0 0 0 -2.6676 100 29 0 0 0 0 0 0 0 0 0 0 0
54700 -183.846 0 0 0 1.50141 100 36 -7.95786 100 68 0 0 0 -2.98475 100 19 0 0 0 0 0 0 0 0 0 0 0
54800 -183.781 0 0 0 0.971758 100 36 -8.18325 100 78 0 0 0 -2.69415 100 29 0 0 0 0 0 0 0 0 0 0 0
54900 -184.145 0 0 0 1.5562 100 31 -11.6024 100 62 0 0 0 -2.81806 100 26 0 0 0 0 0 0 0 0 0 0 0
55000 -184.126 0 0 0 0.81535 100 32 -18.0787 100 76 0 0 0 -2.57875 100 28 0 0 0 0 0 0 0 0 0 0 0
55100 -186.341 0 0 0 1.34792 100 28 5.28033 100 68 0 0 0 -2.81823 100 14 0 0 0 0 0 0 0 0 0 0 0
55200 -183.711 0 0 0 0.939275 100 24 -16.2093 100 64 0 0 0 -2.58466 100 20 0 0 0 0 0 0 0 0 0 0 0
55300 -185.236 0 0 0 1.17096 100 30 0.675685 100 61 0 0 0 -2.94469 100 22 0 0 0 0 0 0 0 0 0 0 0
55400 -184.556 0 0 0 1.567 100 18 -10.9744 100 78 0 0 0 -3.13203 100 21 0 0 0 0 0 0 0 0 0 0 0
55500 -183.962 0 0 0 1.11599 100 35 -14.4358 100 70 0 0 0 -2.80295 100 36 0 0 0 0 0 0 0 0 0 0 0
55600 -185.967 0 0 0 1.1527 100 28 0.0763111 100 67 0 0 0 -3.0326 100 21 0 0 0 0 0 0 0 0 0 0 0
55700 -183.86 0 0 0 1.5047 100 25 -12.8993 100 68 0 0 0 -2.87081 100 23 0 0 0 0 0 0 0 0 0 0 0
55800 -184.336 0 0 0 0.955539 100 33 -4.89632 100 69 0 0 0 -2.76056 100 25 0 0 0 0 0 0 0 0 0 0 0
55900 -184.444 0 0 0 1.72374 100 28 -12.7967 100 74 0 0 0 -3.11598 100 22 0 0 0 0 0 0 0 0 0 0 0
56000 -184.516 0 0 0 1.82138 100 27 -4.3765 100 67 0 0 0 -3.06501 100 23 0 0 0 0 0 0 0 0 0 0 0
56100 -184.403 0 0 0 0.525175 100 39 -12.5197 100 70 0 0 0 -2.33432 100 20 0 0 0 0 0 0 0 0 0 0 0
56200 -183.699 0 0 0 1.19823 100 25 -5.62939 100 69 0 0 0 -2.81256 100 25 0 0 0 0 0 0 0 0 0 0 0
56300 -187.114 0 0 0 0.759446 100 22 -1.50383 100 71 0 0 0 -2.16969 100 27 0 0 0 0 0 0 0 0 0 0 0
56400 -184.256 0 0 0 0.786479 100 28 -3.70637 100 79 0 0 0 -2.50519 100 20 0 0 0 0 0 0 0 0 0 0 0
56500 -185.463 0 0 0 1.78142 100 22 -11.0839 100 64 0 0 0 -2.85578 100 27 0 0 0 0 0 0 0 0 0 0 0
56600 -184.469 0 0 0 1.41812 100 29 -2.6198 100 69 0 0 0 -2.69965 100 24 0 0 0 0 0 0 0 0 0 0 0
56700 -184.736 0 0 0 1.49676 100 27 1.77739 100 70 0 0 0 -2.92801 100 30 0 0 0 0 0 0 0 0 0 0 0
56800 -186.586 0 0 0 2.05542 100 26 -7.72401 100 74 0 0 0 -3.01622 100 21 0 0 0 0 0 0 0 0 0 0 0
56900 -184.734 0 0 0 1.69017 100 31 -2.50747 100 74 0 0 0 -2.88904 100 24 0 0 0 0 0 0 0 0 0 0 0
57000 -184.344 0 0 0 1.44385 100 29 -8.55323 100 68 0 0 0 -2.67758 100 22 0 0 0 0 0 0 0 0 0 0 0
57100 -184.032 0 0 0 1.47114 100 33 -5.97731 100 68 0 0 0 -3.02255 100 28 0 0 0 0 0 0 0 0 0 0 0
57200 -184.87 0 0 0 1.81228 100 37 -2.39313 100 59 0 0 0 -2.99303 100 32 0 0 0 0 0 0 0 0 0 0 0
57300 -184.751 0 0 0 0.579501 100 22 -12.3084 100 66 0 0 0 -2.52087 100 27 0 0 0 0 0 0 0 0 0 0 0
57400 -183.866 0 0 0 1.00758 100 21 -3.5707 100 69 0 0 0 -2.62318 100 20 0 0 0 0 0 0 0 0 0 0 0
57500 -183.589 0 0 0 1.15282 100 28 -14.742 100 70 0 0 0 -2.63149 100 25 0 0 0 0 0 0 0 0 0 0 0
57600 -184.252 0 0 0 1.43343 100 25 -0.571422 100 60 0 0 0 -2.83325 100 27 0 0 0 0 0 0 0 0 0 0 0
57700 -183.702 0 0 0 0.933597 100 28 -7.35012 100 68 0 0 0 -2.49297 100 21 0 0 0 0 0 0 0 0 0 0 0
57800 -183.704 0 0 0 1.31626 100 18 -5.79661 100 75 0 0 0 -2.71004 100 27 0 0 0 0 0 0 0 0 0 0 0
57900 -185.989 0 0 0 1.62467 100 23 4.63482 100 66 0 0 0 -2.94241 100 26 0 0 0 0 0 0 0 0 0 0 0
58000 -184.587 0 0 0 1.85535 100 23 -5.80036 100 68 0 0 0 -3.20279 100 30 0 0 0 0 0 0 0 0 0 0 0
58100 -184.745 0 0 0 1.56582 100 31 1.71364 100 69 0 0 0 -2.99744 100 26 0 0 0 0 0 0 0 0 0 0 0
58200 -185.707 0 0 0 1.93535 100 27 -10.5181 100 66 0 0 0 -2.98495 100 27 0 0 0 0 0 0 0 0 0 0 0
58300 -186.124 0 0 0 0.705816 100 25 1.74006 100 67 0 0 0 -2.53813 100 29 0 0 0 0 0 0 0 0 0 0 0
58400 -183.955 0 0 0 1.56208 100 25 -6.5438 100 67 0 0 0 -2.8666 100 22 0 0 0 0 0 0 0 0 0 0 0
58500 -185.88 0 0 0 1.47756 100 26 -3.87199 100 67 0 0 0 -2.58944 100 23 0 0 0 0 0 0 0 0 0 0 0
58600 -184.976 0 0 0 1.59311 100 37 -16.6461 100 72 0 0 0 -3.15342 100 34 0 0 0 0 0 0 0 0 0 0 0
58700 -185.282 0 0 0 1.46382 100 33 0.104664 100 72 0 0 0 -3.14925 100 35 0 0 0 0 0 0 0 0 0 0 0
58800 -186.594 0 0 0 1.89047 100 30 3.12947 100 65 0 0 0 -3.46052 100 22 0 0 0 0 0 0 0 0 0 0 0
58900 -183.932 0 0 0 0.985875 100 27 -10.2535 100 66 0 0 0 -2.43205 100 31 0 0 0 0 0 0 0 0 0 0 0
59000 -183.48 0 0 0 1.05795 100 25 -12.4655 100 69 0 0 0 -2.60758 100 23 0 0 0 0 0 0 0 0 0 0 0
59100 -185.367 0 0 0 1.83262 100 20 -10.0521 100 72 0 0 0 -2.91453 100 20 0 0 0 0 0 0 0 0 0 0 0
59200 -184.543 0 0 0 1.03158 100 34 -5.94299 100 73 0 0 0 -2.85358 100 27 0 0 0 0 0 0 0 0 0 0 0
59300 -184.926 0 0 0 1.22098 100 31 1.45202 100 69 0 0 0 -2.68142 100 24 0 0 0 0 0 0 0 0 0 0 0
59400 -186.082 0 0 0 0.954777 100 29 -17.2266 100 68 0 0 0 -2.21756 100 21 0 0 0 0 0 0 0 0 0 0 0
59500 -183.695 0 0 0 0.985499 100 18 -12.2399 100 66 0 0 0 -2.67709 100 26 0 0 0 0 0 0 0 0 0 0 0
59600 -184.095 0 0 0 1.45471 100 30 -1.56326 100 64 0 0 0 -2.84656 100 23 0 0 0 0 0 0 0 0 0 0 0
59700 -184.502 0 0 0 1.19794 100 25 0.0460485 100 66 0 0 0 -2.66872 100 29 0 0 0 0 0 0 0 0 0 0 0
59800 -186.022 0 0 0 0.389931 100 28 -3.21024 100 72 0 0 0 -2.40727 100 30 0 0 0 0 0 0 0 0 0 0 0
59900 -183.789 0 0 0 0.812859 100 23 -13.4068 100 67 0 0 0 -2.53431 100 24 0 0 0 0 0 0 0 0 0 0 0
60000 -183.677 0 0 0 1.09072 100 36 -4.51703 100 68 0 0 0 -2.64966 100 21 0 0 0 0 0 0 0 0 0 0 0
60100 -183.636 0 0 0 1.15195 100 27 -15.0814 100 70 0 0 0 -2.72859 100 35 0 0 0 0 0 0 0 0 0 0 0
60200 -185.018 0 0 0 1.12609 100 25 -14.3958 100 65 0 0 0 -2.94881 100 35 0 0 0 0 0 0 0 0 0 0 0
60300 -185.713 0 0 0 0.672028 100 28 -21.6949 100 76 0 0 0 -2.13304 100 25 0 0 0 0 0 0 0 0 0 0 0
60400 -184.011 0 0 0 1.50322 100 34 -14.9289 100 73 0 0 0 -2.83541 100 22 0 0 0 0 0 0 0 0 0 0 0
60500 -183.786 0 0 0 1.04585 100 25 -5.87858 100 71 0 0 0 -2.73354 100 23 0 0 0 0 0 0 0 0 0 0 0
60600 -185.183 0 0 0 1.98188 100 23 -1.71199 100 68 0 0 0 -3.15203 100 20 0 0 0 0 0 0 0 0 0 0 0
60700 -183.744 0 0 0 1.14189 100 29 -3.86566 100 70 0 0 0 -2.6556 100 30 0 0 0 0 0 0 0 0 0 0 0
60800 -184.115 0 0 0 1.56461 100 27 -5.56434 100 61 0 0 0 -2.83688 100 20 0 0 0 0 0 0 0 0 0 0 0
60900 -184.469 0 0 0 1.12335 100 39 -8.79906 100 68 0 0 0 -2.44155 100 26 0 0 0 0 0 0 0 0 0 0 0
61000 -185.393 0 0 0 1.41379 100 25 3.7479 100 69 0 0 0 -2.93677 100 25 0 0 0 0 0 0 0 0 0 0 0
61100 -183.907 0 0 0 1.564 100 21 -9.91767 100 70 0 0 0 -2.99103 100 25 0 0 0 0 0 0 0 0 0 0 0
61200 -183.852 0 0 0 0.790608 100 26 -7.31998 100 71 0 0 0 -2.47962 100 24 0 0 0 0 0 0 0 0 0 0 0
61300 -184.598 0 0 0 0.475694 100 26 -11.2951 100 68 0 0 0 -2.26862 100 24 0 0 0 0 0 0 0 0 0 0 0
61400 -184.397 0 0 0 1.7309 100 26 -10.3958 100 71 0 0 0 -3.13719 100 31 0 0 0 0 0 0 0 0 0 0 0
61500 -184.872 0 0 0 1.91639 100 28 -11.5207 100 66 0 0 0 -3.20265 100 27 0 0 0 0 0 0 0 0 0 0 0
61600 -187.299 0 0 0 0.000753421 100 24 -9.27657 100 77 0 0 0 -1.99066 100 25 0 0 0 0 0 0 0 0 0 0 0
61700 -183.53 0 0 0 1.32902 100 22 -7.32197 100 74 0 0 0 -2.78255 100 23 0 0 0 0 0 0 0 0 0 0 0
61800 -184.016 0 0 0 1.00278 100 24 -5.13726 100 63 0 0 0 -2.48135 100 27 0 0 0 0 0 0 0 0 0 0 0
61900 -185.672 0 0 0 0.970327 100 27 -7.02112 100 68 0 0 0 -2.93261 100 31 0 0 0 0 0 0 0 0 0 0 0
62000 -183.765 0 0 0 0.980757 100 27 -6.03507 100 77 0 0 0 -2.67432 100 30 0 0 0 0 0 0 0 0 0 0 0
62100 -185.026 0 0 0 0.678875 100 32 -9.766 100 74 0 0 0 -2.18647 100 20 0 0 0 0 0 0 0 0 0 0 0
62200 -185.897 0 0 0 1.79368 100 32 -0.171945 100 73 0 0 0 -3.38514 100 25 0 0 0 0 0 0 0 0 0 0 0
62300 -183.846 0 0 0 1.5267 100 35 -7.49681 100 72 0 0 0 -2.98694 100 16 0 0 0 0 0 0 0 0 0 0 0
62400 -184.203 0 0 0 1.64899 100 23 -11.6198 100 68 0 0 0 -2.91768 100 21 0 0 0 0 0 0 0 0 0 0 0
62500 -184.96 0 0 0 1.85714 100 18 -4.2441 100 80 0 0 0 -3.29832 100 23 0 0 0 0 0 0 0 0 0 0 0
62600 -183.604 0 0 0 1.12215 100 21 -10.9339 100 71 0 0 0 -2.75427 100 24 0 0 0 0 0 0 0 0 0 0 0
62700 -183.771 0 0 0 0.885647 100 26 -15.7581 100 77 0 0 0 -2.57082 100 21 0 0 0 0 0 0 0 0 0 0 0
62800 -183.961 0 0 0 1.24503 100 27 -17.2622 100 70 0 0 0 -2.83541 100 24 0 0 0 0 0 0 0 0 0 0 0
62900 -183.961 0 0 0 1.06589 100 25 -2.53193 100 67 0 0 0 -2.64047 100 20 0 0 0 0 0 0 0 0 0 0 0
63000 -184.075 0 0 0 1.6613 100 20 -7.72444 100 68 0 0 0 -2.95641 100 19 0 0 0 0 0 0 0 0 0 0 0
63100 -185.794 0 0 0 1.91125 100 25 -23.5505 100 68 0 0 0 -3.09099 100 32 0 0 0 0 0 0 0 0 0 0 0
63200 -184.285 0 0 0 1.3841 100 26 -14.0653 100 76 0 0 0 -2.64793 100 18 0 0 0 0 0 0 0 0 0 0 0
63300 -184.169 0 0 0 0.741289 100 28 -5.30901 100 72 0 0 0 -2.42769 100 15 0 0 0 0 0 0 0 0 0 0 0
63400 -184.254 0 0 0 0.674796 100 30 -9.84829 100 69 0 0 0 -2.52568 100 22 0 0 0 0 0 0 0 0 0 0 0
63500 -186.576 0 0 0 2.17534 100 27 -4.00329 100 73 0 0 0 -3.6025 100 20 0 0 0 0 0 0 0 0 0 0 0
63600 -185.53 0 0 0 0.61758 100 32 -1.66232 100 57 0 0 0 -2.30179 100 17 0 0 0 0 0 0 0 0 0 0 0
63700 -183.6 0 0 0 1.00959 100 26 -14.1825 100 68 0 0 0 -2.63899 100 22 0 0 0 0 0 0 0 0 0 0 0
63800 -184.59 0 0 0 1.4196 100 26 -5.84267 100 67 0 0 0 -2.64275 100 26 0 0 0 0 0 0 0 0 0 0 0
63900 -184.77 0 0 0 1.91843 100 28 -9.22595 100 65 0 0 0 -3.16244 100 23 0 0 0 0 0 0 0 0 0 0 0
64000 -185.519 0 0 0 0.378403 100 30 -4.95641 100 69 0 0 0 -2.26418 100 25 0 0 0 0 0 0 0 0 0 0 0
64100 -185.851 0 0 0 1.64964 100 25 4.71008 100 65 0 0 0 -3.00484 100 27 0 0 0 0 0 0 0 0 0 0 0
64200 -183.848 0 0 0 0.8512 100 24 -17.7452 100 67 0 0 0 -2.47468 100 27 0 0 0 0 0 0 0 0 0 0 0
64300 -184.031 0 0 0 1.15205 100 40 -1.64652 100 65 0 0 0 -2.70181 100 21 0 0 0 0 0 0 0 0 0 0 0
64400 -183.988 0 0 0 0.80021 100 30 -13.0796 100 69 0 0 0 -2.58575 100 29 0 0 0 0 0 0 0 0 0 0 0
64500 -185.594 0 0 0 2.11779 100 36 -3.08364 100 78 0 0 0 -3.23239 100 25 0 0 0 0 0 0 0 0 0 0 0
64600 -184.05 0 0 0 1.65296 100 28 -4.79048 100 55 0 0 0 -3.01877 100 25 0 0 0 0 0 0 0 0 0 0 0
64700 -184.1 0 0 0 1.37123 100 27 -10.7324 100 70 0 0 0 -2.98444 100 21 0 0 0 0 0 0 0 0 0 0 0
64800 -184.939 0 0 0 0.974158 100 30 -3.74437 100 73 0 0 0 -2.84561 100 26 0 0 0 0 0 0 0 0 0 0 0
64900 -184.662 0 0 0 1.41978 100 26 -18.4284 100 64 0 0 0 -3.02461 100 32 0 0 0 0 0 0 0 0 0 0 0
65000 -184.03 0 0 0 0.946477 100 28 -11.4169 100 64 0 0 0 -2.39679 100 27 0 0 0 0 0 0 0 0 0 0 0
65100 -184.278 0 0 0 1.40273 100 29 -7.79568 100 66 0 0 0 -3.03694 100 21 0 0 0 0 0 0 0 0 0 0 0
65200 -184.696 0 0 0 0.634982 100 28 -23.5515 100 71 0 0 0 -2.29135 100 27 0 0 0 0 0 0 0 0 0 0 0
65300 -184.785 0 0 0 0.50089 100 25 -9.64922 100 73 0 0 0 -2.43482 100 25 0 0 0 0 0 0 0 0 0 0 0
65400 -184.547 0 0 0 0.872554 100 39 -1.81637 100 73 0 0 0 -2.475 100 27 0 0 0 0 0 0 0 0 0 0 0
65500 -184.255 0 0 0 1.54613 100 24 -0.684812 100 65 0 0 0 -2.97623 100 23 0 0 0 0 0 0 0 0 0 0 0
65600 -184.344 0 0 0 0.592586 100 26 -17.7681 100 67 0 0 0 -2.34017 100 27 0 0 0 0 0 0 0 0 0 0 0
65700 -185.035 0 0 0 1.57958 100 25 2.58507 100 62 0 0 0 -2.96014 100 25 0 0 0 0 0 0 0 0 0 0 0
65800 -183.946 0 0 0 1.00306 100 26 -10.4638 100 67 0 0 0 -2.43721 100 21 0 0 0 0 0 0 0 0 0 0 0
65900 -183.58 0 0 0 1.28234 100 25 -7.30064 100 80 0 0 0 -2.70157 100 21 0 0 0 0 0 0 0 0 0 0 0
66000 -183.574 0 0 0 1.31467 100 26 -12.609 100 72 0 0 0 -2.78591 100 30 0 0 0 0 0 0 0 0 0 0 0
66100 -183.773 0 0 0 1.35328 100 23 -7.51992 100 77 0 0 0 -2.92209 100 29 0 0 0 0 0 0 0 0 0 0 0
66200 -183.866 0 0 0 1.20771 100 21 -4.62256 100 67 0 0 0 -2.62005 100 15 0 0 0 0 0 0 0 0 0 0 0
66300 -184.633 0 0 0 1.47612 100 35 -2.99568 100 74 0 0 0 -3.10817 100 30 0 0 0 0 0 0 0 0 0 0 0
66400 -184.32 0 0 0 0.883 100 37 -20.1919 100 61 0 0 0 -2.64835 100 31 0 0 0 0 0 0 0 0 0 0 0
66500 -185.7 0 0 0 0.702176 100 33 0.736019 100 72 0 0 0 -2.51154 100 24 0 0 0 0 0 0 0 0 0 0 0
66600 -183.765 0 0 0 1.30299 100 27 -3.62385 100 69 0 0 0 -2.84275 100 17 0 0 0 0 0 0 0 0 0 0 0
66700 -185.329 0 0 0 2.01608 100 26 -5.94396 100 65 0 0 0 -3.38104 100 32 0 0 0 0 0 0 0 0 0 0 0
66800 -184.018 0 0 0 1.27257 100 42 -12.0412 100 64 0 0 0 -2.91631 100 25 0 0 0 0 0 0 0 0 0 0 0
66900 -183.765 0 0 0 1.23574 100 23 -6.66369 100 64 0 0 0 -2.62433 100 26 0 0 0 0 0 0 0 0 0 0 0
67000 -186.623 0 0 0 0.129223 100 29 -9.27689 100 71 0 0 0 -2.01695 100 28 0 0 0 0 0 0 0 0 0 0 0
67100 -187.731 0 0 0 1.47116 100 23 -20.7486 100 64 0 0 0 -2.46894 100 21 0 0 0 0 0 0 0 0 0 0 0
67200 -184.428 0 0 0 1.48992 100 30 -0.0647588 100 71 0 0 0 -2.85292 100 26 0 0 0 0 0 0 0 0 0 0 0
67300 -184.033 0 0 0 0.857992 100 27 -8.52277 100 66 0 0 0 -2.65451 100 22 0 0 0 0 0 0 0 0 0 0 0
67400 -184.977 0 0 0 1.87553 100 32 -11.9575 100 67 0 0 0 -3.25745 100 19 0 0 0 0 0 0 0 0 0 0 0
67500 -184.237 0 0 0 1.71408 100 26 -4.28491 100 73 0 0 0 -3.00583 100 31 0 0 0 0 0 0 0 0 0 0 0
67600 -187.045 0 0 0 0.391571 100 36 0.0923194 100 73 0 0 0 -2.43226 100 23 0 0 0 0 0 0 0 0 0 0 0
67700 -184.511 0 0 0 0.595831 100 31 -14.7205 100 66 0 0 0 -2.4808 100 25 0 0 0 0 0 0 0 0 0 0 0
67800 -184.558 0 0 0 1.74631 100 23 -6.78274 100 66 0 0 0 -2.93633 100 24 0 0 0 0 0 0 0 0 0 0 0
67900 -183.64 0 0 0 1.41272 100 29 -9.66595 100 65 0 0 0 -2.8005 100 29 0 0 0 0 0 0 0 0 0 0 0
68000 -185.392 0 0 0 0.92622 100 15 -23.0772 100 77 0 0 0 -2.79998 100 22 0 0 0 0 0 0 0 0 0 0 0
68100 -184.429 0 0 0 0.917443 100 25 -2.25169 100 77 0 0 0 -2.47766 100 24 0 0 0 0 0 0 0 0 0 0 0
68200 -184.603 0 0 0 0.47724 100 31 -14.1617 100 70 0 0 0 -2.25532 100 26 0 0 0 0 0 0 0 0 0 0 0
68300 -186.178 0 0 0 0.394535 100 24 -2.29473 100 68 0 0 0 -2.40093 100 28 0 0 0 0 0 0 0 0 0 0 0
68400 -183.866 0 0 0 1.11887 100 40 -4.88003 100 66 0 0 0 -2.56674 100 27 0 0 0 0 0 0 0 0 0 0 0
68500 -184.623 0 0 0 1.36479 100 31 -1.7214 100 74 0 0 0 -3.03395 100 24 0 0 0 0 0 0 0 0 0 0 0
68600 -185.301 0 0 0 0.308004 100 31 -11.4539 100 66 0 0 0 -2.17393 100 21 0 0 0 0 0 0 0 0 0 0 0
68700 -184.65 0 0 0 1.66029 100 21 0.408694 100 67 0 0 0 -2.97648 100 24 0 0 0 0 0 0 0 0 0 0 0
68800 -185.456 0 0 0 0.821295 100 26 -4.79922 100 67 0 0 0 -2.79763 100 30 0 0 0 0 0 0 0 0 0 0 0
68900 -184.182 0 0 0 1.47755 100 24 -12.7786 100 75 0 0 0 -3.02437 100 23 0 0 0 0 0 0 0 0 0 0 0
69000 -184.074 0 0 0 1.31052 100 27 -5.30798 100 66 0 0 0 -2.63614 100 24 0 0 0 0 0 0 0 0 0 0 0
69100 -184.001 0 0 0 1.21612 100 32 -7.28859 100 66 0 0 0 -2.56419 100 24 0 0 0 0 0 0 0 0 0 0 0
69200 -184.709 0 0 0 1.86006 100 29 -11.1726 100 67 0 0 0 -3.18797 100 28 0 0 0 0 0 0 0 0 0 0 0
69300 -184.771 0 0 0 0.583074 100 39 -4.33564 100 71 0 0 0 -2.4034 100 30 0 0 0 0 0 0 0 0 0 0 0
69400 -184.153 0 0 0 1.12936 100 42 -14.5281 100 67 0 0 0 -2.84237 100 29 0 0 0 0 0 0 0 0 0 0 0
69500 -183.797 0 0 0 0.875499 100 36 -15.4791 100 70 0 0 0 -2.43927 100 27 0 0 0 0 0 0 0 0 0 0 0
69600 -184.112 0 0 0 0.84699 100 32 -3.82125 100 74 0 0 0 -2.55669 100 22 0 0 0 0 0 0 0 0 0 0 0
69700 -183.92 0 0 0 0.983327 100 22 -4.56577 100 77 0 0 0 -2.69017 100 14 0 0 0 0 0 0 0 0 0 0 0
69800 -184.565 0 0 0 1.0914 100 25 -0.235221 100 69 0 0 0 -2.60001 100 24 0 0 0 0 0 0 0 0 0 0 0
69900 -184.082 0 0 0 1.01487 100 26 -4.49562 100 78 0 0 0 -2.75579 100 21 0 0 0 0 0 0 0 0 0 0 0
70000 -185.463 0 0 0 0.3998 100 28 -7.1611 100 69 0 0 0 -2.14647 100 26 0 0 0 0 0 0 0 0 0 0 0
70100 -186.222 0 0 0 0.128341 100 27 -17.5617 100 68 0 0 0 -2.13409 100 20 0 0 0 0 0 0 0 0 0 0 0
70200 -185.802 0 0 0 1.87326 100 29 -9.73487 100 68 0 0 0 -2.90835 100 32 0 0 0 0 0 0 0 0 0 0 0
70300 -184.016 0 0 0 0.911467 100 18 -3.62481 100 74 0 0 0 -2.54026 100 18 0 0 0 0 0 0 0 0 0 0 0
70400 -185.118 0 0 0 0.782702 100 14 -3.95923 100 71 0 0 0 -2.28439 100 20 0 0 0 0 0 0 0 0 0 0 0
70500 -184.933 0 0 0 1.42309 100 36 -11.8304 100 64 0 0 0 -3.11362 100 31 0 0 0 0 0 0 0 0 0 0 0
70600 -185.114 0 0 0 1.14497 100 32 -5.36265 100 73 0 0 0 -2.41918 100 22 0 0 0 0 0 0 0 0 0 0 0
70700 -183.992 0 0 0 0.877006 100 33 -5.42346 100 70 0 0 0 -2.62682 100 31 0 0 0 0 0 0 0 0 0 0 0
70800 -184.149 0 0 0 0.714953 100 28 -8.51639 100 68 0 0 0 -2.33471 100 23 0 0 0 0 0 0 0 0 0 0 0
70900 -183.89 0 0 0 1.34329 100 26 -13.4148 100 75 0 0 0 -2.67769 100 25 0 0 0 0 0 0 0 0 0 0 0
71000 -184.179 0 0 0 0.802446 100 32 -4.03844 100 67 0 0 0 -2.47698 100 28 0 0 0 0 0 0 0 0 0 0 0
71100 -185.21 0 0 0 1.42082 100 27 -6.5994 100 62 0 0 0 -3.15815 100 28 0 0 0 0 0 0 0 0 0 0 0
71200 -183.584 0 0 0 1.22661 100 26 -7.57932 100 71 0 0 0 -2.65445 100 27 0 0 0 0 0 0 0 0 0 0 0
71300 -184.575 0 0 0 1.51184 100 25 0.206098 100 74 0 0 0 -3.05096 100 17 0 0 0 0 0 0 0 0 0 0 0
71400 -184.432 0 0 0 0.888998 100 28 -5.35687 100 66 0 0 0 -2.37064 100 27 0 0 0 0 0 0 0 0 0 0 0
71500 -184.039 0 0 0 1.45986 100 31 -15.0793 100 71 0 0 0 -2.95705 100 23 0 0 0 0 0 0 0 0 0 0 0
71600 -184.945 0 0 0 0.566617 100 31 -17.8191 100 62 0 0 0 -2.50587 100 29 0 0 0 0 0 0 0 0 0 0 0
71700 -185.443 0 0 0 1.6899 100 30 2.06445 100 81 0 0 0 -3.23961 100 27 0 0 0 0 0 0 0 0 0 0 0
71800 -183.826 0 0 0 1.29227 100 30 -3.89473 100 71 0 0 0 -2.87158 100 24 0 0 0 0 0 0 0 0 0 0 0
71900 -183.866 0 0 0 1.2564 100 33 -4.25574 100 68 0 0 0 -2.87077 100 22 0 0 0 0 0 0 0 0 0 0 0
72000 -183.82 0 0 0 1.00778 100 32 -10.5441 100 66 0 0 0 -2.73088 100 22 0 0 0 0 0 0 0 0 0 0 0
72100 -184.56 0 0 0 1.43449 100 34 -13.0288 100 68 0 0 0 -3.06572 100 26 0 0 0 0 0 0 0 0 0 0 0
72200 -185.908 0 0 0 1.02261 100 27 3.48062 100 73 0 0 0 -2.72581 100 26 0 0 0 0 0 0 0 0 0 0 0
72300 -184.499 0 0 0 1.38954 100 31 -4.4684 100 76 0 0 0 -3.05623 100 26 0 0 0 0 0 0 0 0 0 0 0
72400 -184.495 0 0 0 1.75763 100 22 -13.9437 100 66 0 0 0 -3.05335 100 24 0 0 0 0 0 0 0 0 0 0 0
72500 -183.779 0 0 0 1.31506 100 26 -7.69082 100 70 0 0 0 -2.90724 100 27 0 0 0 0 0 0 0 0 0 0 0
72600 -183.767 0 0 0 1.3828 100 36 -7.08035 100 78 0 0 0 -2.7318 100 20 0 0 0 0 0 0 0 0 0 0 0
72700 -184.264 0 0 0 1.36693 100 28 -1.6681 100 75 0 0 0 -2.9693 100 22 0 0 0 0 0 0 0 0 0 0 0
72800 -185.248 0 0 0 1.05012 100 28 -4.67696 100 71 0 0 0 -2.36541 100 21 0 0 0 0 0 0 0 0 0 0 0
72900 -184.032 0 0 0 0.680149 100 27 -9.20434 100 74 0 0 0 -2.44763 100 22 0 0 0 0 0 0 0 0 0 0 0
73000 -184.339 0 0 0 0.685184 100 30 -5.89127 100 66 0 0 0 -2.508 100 20 0 0 0 0 0 0 0 0 0 0 0
73100 -184.946 0 0 0 0.886116 100 16 -8.40769 100 72 0 0 0 -2.27735 100 24 0 0 0 0 0 0 0 0 0 0 0
73200 -186.112 0 0 0 1.34451 100 31 -12.2275 100 68 0 0 0 -2.45062 100 19 0 0 0 0 0 0 0 0 0 0 0
73300 -183.845 0 0 0 1.26636 100 22 -16.3381 100 71 0 0 0 -2.82735 100 22 0 0 0 0 0 0 0 0 0 0 0
73400 -184.36 0 0 0 0.987784 100 33 -19.882 100 69 0 0 0 -2.73447 100 19 0 0 0 0 0 0 0 0 0 0 0
73500 -186.61 0 0 0 2.2955 100 27 -9.1512 100 71 0 0 0 -3.5893 100 27 0 0 0 0 0 0 0 0 0 0 0
73600 -183.771 0 0 0 1.39807 100 28 -13.6662 100 78 0 0 0 -2.77135 100 27 0 0 0 0 0 0 0 0 0 0 0
73700 -184.655 0 0 0 1.88927 100 26 -6.17867 100 73 0 0 0 -3.11938 100 33 0 0 0 0 0 0 0 0 0 0 0
73800 -184.277 0 0 0 1.20756 100 26 -5.03505 100 74 0 0 0 -2.92653 100 19 0 0 0 0 0 0 0 0 0 0 0
73900 -184.114 0 0 0 1.58435 100 21 -3.02397 100 71 0 0 0 -2.90779 100 28 0 0 0 0 0 0 0 0 0 0 0
74000 -186.271 0 0 0 0.667626 100 28 -12.2116 100 73 0 0 0 -2.76511 100 24 0 0 0 0 0 0 0 0 0 0 0
74100 -185.136 0 0 0 1.02724 100 34 1.72341 100 72 0 0 0 -2.64579 100 28 0 0 0 0 0 0 0 0 0 0 0
74200 -187.197 0 0 0 1.16644 100 34 -6.36691 100 67 0 0 0 -3.17519 100 24 0 0 0 0 0 0 0 0 0 0 0
74300 -186.086 0 0 0 1.73619 100 26 -6.5977 100 63 0 0 0 -3.39251 100 31 0 0 0 0 0 0 0 0 0 0 0
74400 -184.341 0 0 0 0.691514 100 26 -13.0142 100 70 0 0 0 -2.26827 100 25 0 0 0 0 0 0 0 0 0 0 0
74500 -185.023 0 0 0 0.764363 100 23 -3.6517 100 62 0 0 0 -2.29959 100 31 0 0 0 0 0 0 0 0 0 0 0
74600 -184.724 0 0 0 0.78788 100 28 -6.4604 100 69 0 0 0 -2.69561 100 18 0 0 0 0 0 0 0 0 0 0 0
74700 -185.053 0 0 0 0.411302 100 25 -10.1265 100 74 0 0 0 -2.37437 100 17 0 0 0 0 0 0 0 0 0 0 0
74800 -183.997 0 0 0 1.0254 100 23 -4.28035 100 73 0 0 0 -2.74141 100 27 0 0 0 0 0 0 0 0 0 0 0
74900 -186.06 0 0 0 0.438896 100 27 -1.47173 100 66 0 0 0 -2.35296 100 21 0 0 0 0 0 0 0 0 0 0 0
75000 -185.481 0 0 0 0.615277 100 25 -2.54669 100 74 0 0 0 -2.26321 100 22 0 0 0 0 0 0 0 0 0 0 0
75100 -186.154 0 0 0 0.714245 100 26 -3.30097 100 72 0 0 0 -2.18258 100 19 0 0 0 0 0 0 0 0 0 0 0
75200 -184.079 0 0 0 1.07684 100 29 -1.84866 100 64 0 0 0 -2.70359 100 23 0 0 0 0 0 0 0 0 0 0 0
75300 -184.228 0 0 0 0.604826 100 33 -10.3714 100 60 0 0 0 -2.42106 100 23 0 0 0 0 0 0 0 0 0 0 0
75400 -183.668 0 0 0 1.27144 100 27 -5.01618 100 66 0 0 0 -2.70772 100 25 0 0 0 0 0 0 0 0 0 0 0
75500 -184.964 0 0 0 0.775699 100 23 -0.698747 100 77 0 0 0 -2.53932 100 23 0 0 0 0 0 0 0 0 0 0 0
75600 -184.766 0 0 0 1.67123 100 28 -3.06934 100 68 0 0 0 -2.85776 100 17 0 0 0 0 0 0 0 0 0 0 0
75700 -184.226 0 0 0 0.733916 100 32 -7.31263 100 70 0 0 0 -2.33737 100 22 0 0 0 0 0 0 0 0 0 0 0
75800 -183.745 0 0 0 1.26042 100 30 -7.67271 100 69 0 0 0 -2.87309 100 24 0 0 0 0 0 0 0 0 0 0 0
75900 -183.482 0 0 0 1.05327 100 27 -11.9349 100 66 0 0 0 -2.64394 100 25 0 0 0 0 0 0 0 0 0 0 0
76000 -183.527 0 0 0 1.29069 100 25 -10.3981 100 75 0 0 0 -2.80651 100 21 0 0 0 0 0 0 0 0 0 0 0
76100 -183.92 0 0 0 0.829525 100 32 -6.01129 100 67 0 0 0 -2.55722 100 29 0 0 0 0 0 0 0 0 0 0 0
76200 -183.866 0 0 0 1.19092 100 24 -14.9968 100 72 0 0 0 -2.81903 100 19 0 0 0 0 0 0 0 0 0 0 0
76300 -184.042 0 0 0 1.65444 100 26 -7.65898 100 65 0 0 0 -2.96216 100 27 0 0 0 0 0 0 0 0 0 0 0
76400 -186.985 0 0 0 1.7137 100 27 -11.97 100 63 0 0 0 -3.43807 100 22 0 0 0 0 0 0 0 0 0 0 0
76500 -185.783 0 0 0 1.61619 100 22 -4.02927 100 68 0 0 0 -3.31065 100 25 0 0 0 0 0 0 0 0 0 0 0
76600 -184.094 0 0 0 1.39362 100 29 -6.99612 100 61 0 0 0 -3.00412 100 29 0 0 0 0 0 0 0 0 0 0 0
76700 -184.628 0 0 0 1.74319 100 14 -6.97042 100 71 0 0 0 -3.21456 100 28 0 0 0 0 0 0 0 0 0 0 0
76800 -184.205 0 0 0 1.3718 100 30 -20.7079 100 65 0 0 0 -2.73394 100 21 0 0 0 0 0 0 0 0 0 0 0
76900 -184.299 0 0 0 1.17115 100 25 -8.91633 100 69 0 0 0 -2.48834 100 24 0 0 0 0 0 0 0 0 0 0 0
77000 -184.214 0 0 0 1.7371 100 26 -5.49028 100 74 0 0 0 -3.07253 100 23 0 0 0 0 0 0 0 0 0 0 0
77100 -183.744 0 0 0 1.24992 100 26 -3.33014 100 74 0 0 0 -2.76456 100 22 0 0 0 0 0 0 0 0 0 0 0
77200 -185.879 0 0 0 2.14989 100 20 -7.07276 100 69 0 0 0 -3.21111 100 28 0 0 0 0 0 0 0 0 0 0 0
77300 -185.623 0 0 0 1.46135 100 36 4.03245 100 72 0 0 0 -2.87017 100 27 0 0 0 0 0 0 0 0 0 0 0
77400 -186.373 0 0 0 0.503961 100 32 -7.24673 100 71 0 0 0 -2.0459 100 31 0 0 0 0 0 0 0 0 0 0 0
77500 -184.774 0 0 0 1.21191 100 24 -4.73884 100 68 0 0 0 -2.49599 100 22 0 0 0 0 0 0 0 0 0 0 0
77600 -184.451 0 0 0 1.51607 100 23 -5.46246 100 62 0 0 0 -3.11227 100 22 0 0 0 0 0 0 0 0 0 0 0
77700 -185.249 0 0 0 0.350126 100 36 -11.8648 100 70 0 0 0 -2.33523 100 29 0 0 0 0 0 0 0 0 0 0 0
77800 -183.799 0 0 0 1.29572 100 31 -5.42121 100 69 0 0 0 -2.67606 100 21 0 0 0 0 0 0 0 0 0 0 0
77900 -185.241 0 0 0 0.421787 100 28 -10.5734 100 75 0 0 0 -2.43143 100 24 0 0 0 0 0 0 0 0 0 0 0
78000 -185.058 0 0 0 1.42084 100 27 -11.9765 100 72 0 0 0 -3.12534 100 25 0 0 0 0 0 0 0 0 0 0 0
78100 -183.887 0 0 0 0.94656 100 25 -16.0717 100 72 0 0 0 -2.65697 100 18 0 0 0 0 0 0 0 0 0 0 0
78200 -184.507 0 0 0 1.11184 100 27 -5.51169 100 69 0 0 0 -2.45723 100 28 0 0 0 0 0 0 0 0 0 0 0
78300 -185.265 0 0 0 0.65256 100 29 -1.34034 100 66 0 0 0 -2.38165 100 26 0 0 0 0 0 0 0 0 0 0 0
78400 -183.523 0 0 0 1.20089 100 28 -6.73636 100 68 0 0 0 -2.76053 100 23 0 0 0 0 0 0 0 0 0 0 0
78500 -184.201 0 0 0 1.5133 100 29 -13.0293 100 67 0 0 0 -3.03598 100 28 0 0 0 0 0 0 0 0 0 0 0
78600 -185.68 0 0 0 1.61021 100 26 -1.97332 100 73 0 0 0 -3.29098 100 31 0 0 0 0 0 0 0 0 0 0 0
78700 -184.876 0 0 0 1.90592 100 21 -1.57445 100 64 0 0 0 -3.2444 100 14 0 0 0 0 0 0 0 0 0 0 0
78800 -184.494 0 0 0 0.975344 100 29 -16.4035 100 71 0 0 0 -2.78029 100 26 0 0 0 0 0 0 0 0 0 0 0
78900 -185.395 0 0 0 1.98363 100 23 -14.5615 100 67 0 0 0 -3.30016 100 31 0 0 0 0 0 0 0 0 0 0 0
79000 -184.95 0 0 0 1.08458 100 31 -3.17913 100 70 0 0 0 -2.91929 100 28 0 0 0 0 0 0 0 0 0 0 0
79100 -183.626 0 0 0 0.972056 100 22 -6.5203 100 71 0 0 0 -2.56429 100 19 0 0 0 0 0 0 0 0 0 0 0
79200 -184.661 0 0 0 1.87637 100 30 -5.73793 100 75 0 0 0 -3.2226 100 22 0 0 0 0 0 0 0 0 0 0 0
79300 -184.411 0 0 0 1.31449 100 24 -17.6759 100 73 0 0 0 -2.94875 100 19 0 0 0 0 0 0 0 0 0 0 0
79400 -184.92 0 0 0 1.56769 100 31 -4.62972 100 64 0 0 0 -2.73281 100 25 0 0 0 0 0 0 0 0 0 0 0
79500 -183.603 0 0 0 1.1735 100 24 -15.3735 100 67 0 0 0 -2.70502 100 27 0 0 0 0 0 0 0 0 0 0 0
79600 -184.906 0 0 0 0.432712 100 28 -15.5399 100 74 0 0 0 -2.35609 100 27 0 0 0 0 0 0 0 0 0 0 0
79700 -185.258 0 0 0 1.8608 100 23 2.1789 100 66 0 0 0 -3.21802 100 24 0 0 0 0 0 0 0 0 0 0 0
79800 -184.566 0 0 0 0.66116 100 36 -10.7277 100 65 0 0 0 -2.57303 100 20 0 0 0 0 0 0 0 0 0 0 0
79900 -184.247 0 0 0 1.20654 100 30 -6.41553 100 72 0 0 0 -2.53221 100 21 0 0 0 0 0 0 0 0 0 0 0
80000 -183.862 0 0 0 0.753913 100 32 -12.8823 100 67 0 0 0 -2.39433 100 24 0 0 0 0 0 0 0 0 0 0 0
80100 -186.837 0 0 0 1.69023 100 32 1.10577 100 82 0 0 0 -2.75078 100 32 0 0 0 0 0 0 0 0 0 0 0
80200 -184.739 0 0 0 1.63609 100 30 -10.8217 100 73 0 0 0 -3.18372 100 22 0 0 0 0 0 0 0 0 0 0 0
80300 -184.805 0 0 0 1.81874 100 34 -0.682992 100 68 0 0 0 -3.06251 100 25 0 0 0 0 0 0 0 0 0 0 0
80400 -190.885 0 0 0 2.8837 100 32 5.27084 100 78 0 0 0 -4.21655 100 24 0 0 0 0 0 0 0 0 0 0 0
80500 -186.998 0 0 0 0.0220467 100 32 -9.08102 100 74 0 0 0 -2.10904 100 28 0 0 0 0 0 0 0 0 0 0 0
80600 -184.294 0 0 0 1.75706 100 32 -9.2793 100 74 0 0 0 -3.04893 100 20 0 0 0 0 0 0 0 0 0 0 0
80700 -184.176 0 0 0 1.65786 100 27 -3.63023 100 68 0 0 0 -3.07597 100 18 0 0 0 0 0 0 0 0 0 0 0
80800 -184.444 0 0 0 0.537781 100 29 -14.0305 100 66 0 0 0 -2.26525 100 25 0 0 0 0 0 0 0 0 0 0 0
80900 -184.165 0 0 0 1.54381 100 24 -1.94122 100 74 0 0 0 -2.88688 100 23 0 0 0 0 0 0 0 0 0 0 0
81000 -184.679 0 0 0 1.90303 100 36 -5.09606 100 70 0 0 0 -3.2048 100 28 0 0 0 0 0 0 0 0 0 0 0
81100 -184.695 0 0 0 1.80773 100 21 -10.2008 100 68 0 0 0 -3.21438 100 26 0 0 0 0 0 0 0 0 0 0 0
81200 -184.854 0 0 0 1.81432 100 23 -15.283 100 64 0 0 0 -3.17663 100 22 0 0 0 0 0 0 0 0 0 0 0
81300 -184.602 0 0 0 0.783627 100 21 -16.0808 100 72 0 0 0 -2.65889 100 17 0 0 0 0 0 0 0 0 0 0 0
81400 -184.843 0 0 0 0.42743 100 31 -13.0607 100 67 0 0 0 -2.19996 100 26 0 0 0 0 0 0 0 0 0 0 0
81500 -184.173 0 0 0 1.55444 100 32 -1.31414 100 76 0 0 0 -2.97389 100 24 0 0 0 0 0 0 0 0 0 0 0
81600 -184.975 0 0 0 1.73853 100 26 -9.36606 100 66 0 0 0 -3.25875 100 19 0 0 0 0 0 0 0 0 0 0 0
81700 -184.028 0 0 0 0.882442 100 21 -4.59418 100 77 0 0 0 -2.47134 100 25 0 0 0 0 0 0 0 0 0 0 0
81800 -184.884 0 0 0 1.85362 100 22 -2.47396 100 77 0 0 0 -3.27164 100 20 0 0 0 0 0 0 0 0 0 0 0
81900 -184.168 0 0 0 1.20468 100 32 -3.49247 100 73 0 0 0 -2.58787 100 17 0 0 0 0 0 0 0 0 0 0 0
82000 -184.499 0 0 0 1.17834 100 24 -5.79278 100 76 0 0 0 -2.49226 100 26 0 0 0 0 0 0 0 0 0 0 0
82100 -183.554 0 0 0 1.33814 100 26 -8.4255 100 76 0 0 0 -2.75607 100 27 0 0 0 0 0 0 0 0 0 0 0
82200 -186.549 0 0 0 1.37673 100 30 5.19172 100 63 0 0 0 -3.0818 100 32 0 0 0 0 0 0 0 0 0 0 0
82300 -183.64 0 0 0 1.13278 100 22 -13.5741 100 73 0 0 0 -2.74645 100 24 0 0 0 0 0 0 0 0 0 0 0
82400 -183.907 0 0 0 1.32329 100 32 -5.48824 100 73 0 0 0 -2.9303 100 18 0 0 0 0 0 0 0 0 0 0 0
82500 -184.248 0 0 0 0.721571 100 33 -5.05674 100 69 0 0 0 -2.48778 100 26 0 0 0 0 0 0 0 0 0 0 0
82600 -188.43 0 0 0 2.49204 100 41 -25.1358 100 68 0 0 0 -3.62738 100 25 0 0 0 0 0 0 0 0 0 0 0
82700 -184.062 0 0 0 0.982119 100 24 -2.54033 100 67 0 0 0 -2.60603 100 27 0 0 0 0 0 0 0 0 0 0 0
82800 -191.517 0 0 0 3.1976 100 26 -12.885 100 82 0 0 0 -4.05804 100 18 0 0 0 0 0 0 0 0 0 0 0
82900 -185.027 0 0 0 1.96676 100 30 -10.269 100 67 0 0 0 -3.26562 100 22 0 0 0 0 0 0 0 0 0 0 0
83000 -184.529 0 0 0 0.874408 100 22 -1.65232 100 68 0 0 0 -2.62794 100 30 0 0 0 0 0 0 0 0 0 0 0
83100 -183.715 0 0 0 1.29354 100 32 -15.5693 100 70 0 0 0 -2.79718 100 31 0 0 0 0 0 0 0 0 0 0 0
83200 -187.067 0 0 0 0.931128 100 26 2.22053 100 71 0 0 0 -2.92958 100 26 0 0 0 0 0 0 0 0 0 0 0
83300 -184.221 0 0 0 1.63482 100 32 -3.30829 100 69 0 0 0 -3.08769 100 26 0 0 0 0 0 0 0 0 0 0 0
83400 -184.489 0 0 0 1.46071 100 29 -6.62493 100 66 0 0 0 -3.09444 100 21 0 0 0 0 0 0 0 0 0 0 0
83500 -183.597 0 0 0 1.10852 100 31 -10.4212 100 68 0 0 0 -2.74648 100 31 0 0 0 0 0 0 0 0 0 0 0
83600 -183.795 0 0 0 1.53687 100 34 -8.45795 100 69 0 0 0 -2.89858 100 23 0 0 0 0 0 0 0 0 0 0 0
83700 -184.001 0 0 0 1.40931 100 28 -7.22876 100 62 0 0 0 -2.99431 100 28 0 0 0 0 0 0 0 0 0 0 0
83800 -183.978 0 0 0 0.939162 100 19 -19.4564 100 75 0 0 0 -2.61942 100 20 0 0 0 0 0 0 0 0 0 0 0
83900 -184.152 0 0 0 1.2476 100 20 -2.44923 100 75 0 0 0 -2.89507 100 30 0 0 0 0 0 0 0 0 0 0 0
84000 -184.434 0 0 0 1.61131 100 22 -17.4826 100 68 0 0 0 -2.89026 100 25 0 0 0 0 0 0 0 0 0 0 0
84100 -184.869 0 0 0 1.08991 100 27 -2.36571 100 76 0 0 0 -2.90299 100 23 0 0 0 0 0 0 0 0 0 0 0
84200 -183.681 0 0 0 1.46615 100 20 -6.84024 100 70 0 0 0 -2.87719 100 20 0 0 0 0 0 0 0 0 0 0 0
84300 -183.757 0 0 0 1.11567 100 26 -13.2576 100 71 0 0 0 -2.53616 100 22 0 0 0 0 0 0 0 0 0 0 0
84400 -183.894 0 0 0 1.20638 100 40 -18.7448 100 74 0 0 0 -2.76926 100 23 0 0 0 0 0 0 0 0 0 0 0
84500 -183.954 0 0 0 1.36698 100 27 -18.5591 100 71 0 0 0 -2.79488 100 27 0 0 0 0 0 0 0 0 0 0 0
84600 -183.52 0 0 0 1.09997 100 33 -13.3657 100 68 0 0 0 -2.676 100 20 0 0 0 0 0 0 0 0 0 0 0
84700 -186.543 0 0 0 1.89304 100 22 -1.22254 100 66 0 0 0 -2.89711 100 30 0 0 0 0 0 0 0 0 0 0 0
84800 -183.825 0 0 0 0.942164 100 25 -4.86277 100 66 0 0 0 -2.61556 100 23 0 0 0 0 0 0 0 0 0 0 0
84900 -184.366 0 0 0 1.77165 100 22 -5.33103 100 72 0 0 0 -3.02854 100 23 0 0 0 0 0 0 0 0 0 0 0
85000 -185.823 0 0 0 1.32577 100 29 -6.43311 100 66 0 0 0 -3.16341 100 23 0 0 0 0 0 0 0 0 0 0 0
85100 -186.179 0 0 0 0.231576 100 35 -6.08157 100 65 0 0 0 -2.27713 100 28 0 0 0 0 0 0 0 0 0 0 0
85200 -184.626 0 0 0 1.82112 100 30 -2.23482 100 74 0 0 0 -3.19203 100 22 0 0 0 0 0 0 0 0 0 0 0
85300 -184.549 0 0 0 1.69167 100 28 -5.69434 100 74 0 0 0 -2.88364 100 21 0 0 0 0 0 0 0 0 0 0 0
85400 -184.473 0 0 0 0.739705 100 26 -5.69788 100 74 0 0 0 -2.60294 100 31 0 0 0 0 0 0 0 0 0 0 0
85500 -184.888 0 0 0 1.74451 100 32 -2.77423 100 83 0 0 0 -3.25231 100 23 0 0 0 0 0 0 0 0 0 0 0
85600 -186.741 0 0 0 0.334162 100 27 -2.50831 100 67 0 0 0 -2.13132 100 18 0 0 0 0 0 0 0 0 0 0 0
85700 -185.438 0 0 0 1.49354 100 32 -19.4107 100 68 0 0 0 -2.63949 100 26 0 0 0 0 0 0 0 0 0 0 0
85800 -184.1 0 0 0 1.44972 100 19 -4.12122 100 70 0 0 0 -2.7549 100 26 0 0 0 0 0 0 0 0 0 0 0
85900 -184.245 0 0 0 1.75143 100 27 -7.96609 100 64 0 0 0 -3.07151 100 29 0 0 0 0 0 0 0 0 0 0 0
86000 -183.709 0 0 0 1.04199 100 27 -15.3189 100 67 0 0 0 -2.68655 100 27 0 0 0 0 0 0 0 0 0 0 0
86100 -183.625 0 0 0 0.97413 100 29 -9.15079 100 73 0 0 0 -2.65579 100 20 0 0 0 0 0 0 0 0 0 0 0
86200 -185.386 0 0 0 1.94307 100 20 -12.7155 100 70 0 0 0 -3.05278 100 21 0 0 0 0 0 0 0 0 0 0 0
86300 -184.311 0 0 0 1.08058 100 31 -13.3275 100 75 0 0 0 -2.43031 100 25 0 0 0 0 0 0 0 0 0 0 0
86400 -185.138 0 0 0 2.02307 100 25 -9.45743 100 66 0 0 0 -3.26378 100 19 0 0 0 0 0 0 0 0 0 0 0
86500 -183.729 0 0 0 1.26673 100 25 -7.97851 100 71 0 0 0 -2.87288 100 29 0 0 0 0 0 0 0 0 0 0 0
86600 -185.684 0 0 0 0.654831 100 32 0.160332 100 59 0 0 0 -2.42923 100 24 0 0 0 0 0 0 0 0 0 0 0
86700 -184.607 0 0 0 1.80591 100 23 -5.5891 100 71 0 0 0 -3.21951 100 24 0 0 0 0 0 0 0 0 0 0 0
86800 -183.82 0 0 0 1.55456 100 20 -6.67694 100 68 0 0 0 -2.95015 100 22 0 0 0 0 0 0 0 0 0 0 0
86900 -184.899 0 0 0 0.866926 100 26 -1.03333 100 70 0 0 0 -2.68731 100 31 0 0 0 0 0 0 0 0 0 0 0
87000 -184.295 0 0 0 0.621326 100 26 -7.45214 100 60 0 0 0 -2.35322 100 21 0 0 0 0 0 0 0 0 0 0 0
87100 -184.174 0 0 0 1.6836 100 25 -11.4835 100 70 0 0 0 -3.00949 100 26 0 0 0 0 0 0 0 0 0 0 0
87200 -185.306 0 0 0 0.965595 100 26 1.38174 100 71 0 0 0 -2.54553 100 24 0 0 0 0 0 0 0 0 0 0 0
87300 -184.997 0 0 0 1.9795 100 32 -2.20699 100 63 0 0 0 -3.21714 100 14 0 0 0 0 0 0 0 0 0 0 0
87400 -184.455 0 0 0 1.26451 100 32 -6.05105 100 71 0 0 0 -2.5478 100 20 0 0 0 0 0 0 0 0 0 0 0
87500 -183.586 0 0 0 1.03908 100 27 -7.66765 100 70 0 0 0 -2.68751 100 25 0 0 0 0 0 0 0 0 0 0 0
87600 -183.729 0 0 0 1.47608 100 26 -9.86667 100 72 0 0 0 -2.92106 100 21 0 0 0 0 0 0 0 0 0 0 0
87700 -186.439 0 0 0 1.63923 100 27 1.81781 100 73 0 0 0 -2.76189 100 23 0 0 0 0 0 0 0 0 0 0 0
87800 -186.116 0 0 0 1.8158 100 28 -0.713807 100 64 0 0 0 -2.87293 100 21 0 0 0 0 0 0 0 0 0 0 0
87900 -185.117 0 0 0 1.86 100 25 -9.5228 100 62 0 0 0 -2.97537 100 21 0 0 0 0 0 0 0 0 0 0 0
88000 -183.789 0 0 0 1.14721 100 32 -16.5713 100 67 0 0 0 -2.58146 100 22 0 0 0 0 0 0 0 0 0 0 0
88100 -184.396 0 0 0 1.08239 100 30 -1.93557 100 67 0 0 0 -2.81453 100 28 0 0 0 0 0 0 0 0 0 0 0
88200 -185.05 0 0 0 1.9325 100 24 -0.0836906 100 77 0 0 0 -3.24296 100 15 0 0 0 0 0 0 0 0 0 0 0
88300 -185.417 0 0 0 0.479173 100 24 -8.90978 100 67 0 0 0 -2.11611 100 30 0 0 0 0 0 0 0 0 0 0 0
88400 -185.66 0 0 0 1.51208 100 33 -9.96433 100 74 0 0 0 -3.23884 100 24 0 0 0 0 0 0 0 0 0 0 0
88500 -183.896 0 0 0 1.36419 100 34 -8.88662 100 71 0 0 0 -2.95241 100 21 0 0 0 0 0 0 0 0 0 0 0
88600 -183.926 0 0 0 1.00947 100 27 -9.23561 100 72 0 0 0 -2.44802 100 20 0 0 0 0 0 0 0 0 0 0 0
88700 -183.726 0 0 0 1.49234 100 22 -9.83529 100 74 0 0 0 -2.88733 100 26 0 0 0 0 0 0 0 0 0 0 0
88800 -184.499 0 0 0 1.69846 100 28 -5.75909 100 67 0 0 0 -2.89885 100 23 0 0 0 0 0 0 0 0 0 0 0
88900 -183.77 0 0 0 0.886651 100 23 -10.0307 100 66 0 0 0 -2.42981 100 17 0 0 0 0 0 0 0 0 0 0 0
89000 -183.469 0 0 0 1.15501 100 33 -7.37832 100 70 0 0 0 -2.67947 100 25 0 0 0 0 0 0 0 0 0 0 0
89100 -183.907 0 0 0 1.27668 100 24 -12.4271 100 67 0 0 0 -2.61424 100 29 0 0 0 0 0 0 0 0 0 0 0
89200 -184.775 0 0 0 0.470704 100 36 -14.7183 100 72 0 0 0 -2.19712 100 32 0 0 0 0 0 0 0 0 0 0 0
89300 -184.617 0 0 0 0.796098 100 28 -4.56724 100 68 0 0 0 -2.66596 100 23 0 0 0 0 0 0 0 0 0 0 0
89400 -184.853 0 0 0 0.978609 100 26 -3.97822 100 71 0 0 0 -2.38028 100 26 0 0 0 0 0 0 0 0 0 0 0
89500 -183.818 0 0 0 0.943817 100 23 -4.86818 100 72 0 0 0 -2.61352 100 26 0 0 0 0 0 0 0 0 0 0 0
89600 -186.394 0 0 0 1.82964 100 27 -7.34819 100 68 0 0 0 -3.45863 100 16 0 0 0 0 0 0 0 0 0 0 0
89700 -183.639 0 0 0 0.870355 100 29 -12.819 100 60 0 0 0 -2.48707 100 30 0 0 0 0 0 0 0 0 0 0 0
89800 -188.44 0 0 0 1.86753 100 29 -7.12834 100 61 0 0 0 -3.63579 100 28 0 0 0 0 0 0 0 0 0 0 0
89900 -185.569 0 0 0 0.445575 100 27 -7.58278 100 70 0 0 0 -2.4959 100 27 0 0 0 0 0 0 0 0 0 0 0
90000 -184.719 0 0 0 0.476727 100 22 -8.57883 100 66 0 0 0 -2.35431 100 20 0 0 0 0 0 0 0 0 0 0 0
90100 -183.531 0 0 0 0.97615 100 32 -9.41251 100 69 0 0 0 -2.54023 100 30 0 0 0 0 0 0 0 0 0 0 0
90200 -183.557 0 0 0 1.27275 100 22 -6.15217 100 67 0 0 0 -2.72891 100 26 0 0 0 0 0 0 0 0 0 0 0
90300 -186.402 0 0 0 2.36173 100 28 -1.87376 100 67 0 0 0 -3.53014 100 30 0 0 0 0 0 0 0 0 0 0 0
90400 -183.97 0 0 0 1.50996 100 24 -2.60921 100 75 0 0 0 -2.93246 100 16 0 0 0 0 0 0 0 0 0 0 0
90500 -184.474 0 0 0 0.676036 100 27 -21.763 100 68 0 0 0 -2.46217 100 21 0 0 0 0 0 0 0 0 0 0 0
90600 -184.884 0 0 0 0.898729 100 34 -0.107614 100 75 0 0 0 -2.65848 100 25 0 0 0 0 0 0 0 0 0 0 0
90700 -184.301 0 0 0 1.71719 100 20 -3.34169 100 69 0 0 0 -3.00662 100 25 0 0 0 0 0 0 0 0 0 0 0
90800 -184.822 0 0 0 0.945113 100 30 -0.358272 100 63 0 0 0 -2.71707 100 22 0 0 0 0 0 0 0 0 0 0 0
90900 -186.393 0 0 0 2.31255 100 26 -10.0905 100 70 0 0 0 -3.40537 100 22 0 0 0 0 0 0 0 0 0 0 0
91000 -185.008 0 0 0 1.58259 100 35 -13.2902 100 65 0 0 0 -2.72645 100 33 0 0 0 0 0 0 0 0 0 0 0
91100 -184.271 0 0 0 0.726844 100 25 -15.3751 100 66 0 0 0 -2.56033 100 28 0 0 0 0 0 0 0 0 0 0 0
91200 -185.228 0 0 0 1.80668 100 32 -13.5098 100 59 0 0 0 -2.92103 100 20 0 0 0 0 0 0 0 0 0 0 0
91300 -186.131 0 0 0 1.9919 100 22 3.93422 100 75 0 0 0 -3.39479 100 19 0 0 0 0 0 0 0 0 0 0 0
91400 -185.6 0 0 0 1.25545 100 33 -8.4517 100 68 0 0 0 -3.1019 100 25 0 0 0 0 0 0 0 0 0 0 0
91500 -184.037 0 0 0 1.33733 100 21 -6.47485 100 70 0 0 0 -2.96682 100 17 0 0 0 0 0 0 0 0 0 0 0
91600 -184.823 0 0 0 1.83664 100 28 -0.457401 100 72 0 0 0 -3.0941 100 29 0 0 0 0 0 0 0 0 0 0 0
91700 -185.23 0 0 0 0.783282 100 27 -32.105 100 71 0 0 0 -2.33641 100 20 0 0 0 0 0 0 0 0 0 0 0
91800 -184.439 0 0 0 1.6986 100 26 -8.20362 100 71 0 0 0 -3.16428 100 19 0 0 0 0 0 0 0 0 0 0 0
91900 -184.098 0 0 0 1.40522 100 27 -2.89859 100 68 0 0 0 -2.9787 100 25 0 0 0 0 0 0 0 0 0 0 0
92000 -184.711 0 0 0 1.42323 100 33 0.603144 100 70 0 0 0 -2.77331 100 24 0 0 0 0 0 0 0 0 0 0 0
92100 -183.773 0 0 0 0.843323 100 33 -15.2043 100 68 0 0 0 -2.53377 100 23 0 0 0 0 0 0 0 0 0 0 0
92200 -185.231 0 0 0 1.52573 100 25 -1.27697 100 60 0 0 0 -2.71519 100 22 0 0 0 0 0 0 0 0 0 0 0
92300 -183.84 0 0 0 0.981129 100 31 -4.8357 100 77 0 0 0 -2.66904 100 25 0 0 0 0 0 0 0 0 0 0 0
92400 -184.58 0 0 0 0.49842 100 19 -16.3168 100 70 0 0 0 -2.26905 100 21 0 0 0 0 0 0 0 0 0 0 0
92500 -184.229 0 0 0 0.62194 100 33 -14.9227 100 65 0 0 0 -2.43043 100 21 0 0 0 0 0 0 0 0 0 0 0
92600 -185.264 0 0 0 1.93278 100 30 -12.7441 100 70 0 0 0 -3.30877 100 24 0 0 0 0 0 0 0 0 0 0 0
92700 -183.826 0 0 0 1.40195 100 29 -11.5864 100 71 0 0 0 -2.73353 100 22 0 0 0 0 0 0 0 0 0 0 0
92800 -184.915 0 0 0 1.61485 100 25 0.842715 100 65 0 0 0 -2.8885 100 13 0 0 0 0 0 0 0 0 0 0 0
92900 -184.031 0 0 0 1.17421 100 22 -3.93247 100 69 0 0 0 -2.85206 100 32 0 0 0 0 0 0 0 0 0 0 0
93000 -184.455 0 0 0 1.43702 100 21 0.545824 100 70 0 0 0 -2.95428 100 34 0 0 0 0 0 0 0 0 0 0 0
93100 -184.922 0 0 0 1.5432 100 32 -12.0573 100 72 0 0 0 -3.16493 100 20 0 0 0 0 0 0 0 0 0 0 0
93200 -185.769 0 0 0 1.72901 100 31 -1.74859 100 69 0 0 0 -2.81561 100 21 0 0 0 0 0 0 0 0 0 0 0
93300 -186.623 0 0 0 0.781897 100 26 2.94314 100 75 0 0 0 -2.46357 100 28 0 0 0 0 0 0 0 0 0 0 0
93400 -185.501 0 0 0 1.35738 100 20 -4.83558 100 80 0 0 0 -3.1513 100 22 0 0 0 0 0 0 0 0 0 0 0
93500 -184.608 0 0 0 1.35951 100 30 -3.24159 100 76 0 0 0 -3.04687 100 22 0 0 0 0 0 0 0 0 0 0 0
93600 -184.222 0 0 0 0.96097 100 25 -16.827 100 69 0 0 0 -2.72632 100 30 0 0 0 0 0 0 0 0 0 0 0
93700 -187.802 0 0 0 0.512942 100 30 -6.69414 100 69 0 0 0 -2.77021 100 25 0 0 0 0 0 0 0 0 0 0 0
93800 -184.46 0 0 0 1.74787 100 26 -4.12433 100 70 0 0 0 -2.97902 100 28 0 0 0 0 0 0 0 0 0 0 0
93900 -184.29 0 0 0 1.15873 100 36 -8.97826 100 59 0 0 0 -2.90651 100 24 0 0 0 0 0 0 0 0 0 0 0
94000 -184.236 0 0 0 1.25658 100 30 -12.2367 100 75 0 0 0 -2.9411 100 22 0 0 0 0 0 0 0 0 0 0 0
94100 -183.973 0 0 0 1.08811 100 26 -11.0238 100 68 0 0 0 -2.81081 100 25 0 0 0 0 0 0 0 0 0 0 0
94200 -183.951 0 0 0 0.690552 100 25 -11.0915 100 70 0 0 0 -2.3917 100 21 0 0 0 0 0 0 0 0 0 0 0
94300 -186.307 0 0 0 1.01146 100 22 1.56407 100 65 0 0 0 -2.42506 100 31 0 0 0 0 0 0 0 0 0 0 0
94400 -188.296 0 0 0 2.51306 100 32 6.57624 100 68 0 0 0 -3.5513 100 19 0 0 0 0 0 0 0 0 0 0 0
94500 -184.923 0 0 0 1.77588 100 25 -5.86163 100 81 0 0 0 -3.27451 100 30 0 0 0 0 0 0 0 0 0 0 0
94600 -184.769 0 0 0 1.05737 100 23 -9.81901 100 74 0 0 0 -2.37131 100 21 0 0 0 0 0 0 0 0 0 0 0
94700 -184.518 0 0 0 1.10285 100 31 0.255907 100 62 0 0 0 -2.72691 100 15 0 0 0 0 0 0 0 0 0 0 0
94800 -183.994 0 0 0 0.877766 100 25 -10.0967 100 70 0 0 0 -2.37957 100 26 0 0 0 0 0 0 0 0 0 0 0
94900 -185.305 0 0 0 1.10502 100 28 -0.549965 100 66 0 0 0 -2.47667 100 31 0 0 0 0 0 0 0 0 0 0 0
95000 -184.729 0 0 0 1.19422 100 27 -2.44552 100 66 0 0 0 -2.53049 100 25 0 0 0 0 0 0 0 0 0 0 0
95100 -185.496 0 0 0 2.00647 100 20 1.72346 100 64 0 0 0 -3.24644 100 22 0 0 0 0 0 0 0 0 0 0 0
95200 -184.319 0 0 0 1.36595 100 26 -10.8802 100 72 0 0 0 -3.0149 100 20 0 0 0 0 0 0 0 0 0 0 0
95300 -184.203 0 0 0 0.723377 100 22 -11.457 100 68 0 0 0 -2.56578 100 24 0 0 0 0 0 0 0 0 0 0 0
95400 -183.636 0 0 0 1.17091 100 27 -7.45817 100 65 0 0 0 -2.79524 100 23 0 0 0 0 0 0 0 0 0 0 0
95500 -183.926 0 0 0 1.47666 100 23 -2.8601 100 74 0 0 0 -2.93525 100 19 0 0 0 0 0 0 0 0 0 0 0
95600 -184.607 0 0 0 1.17292 100 23 0.897875 100 68 0 0 0 -2.73655 100 26 0 0 0 0 0 0 0 0 0 0 0
95700 -186.969 0 0 0 2.35826 100 28 -8.14422 100 64 0 0 0 -3.33027 100 24 0 0 0 0 0 0 0 0 0 0 0
95800 -184.432 0 0 0 1.13144 100 23 -3.17492 100 70 0 0 0 -2.51758 100 31 0 0 0 0 0 0 0 0 0 0 0
95900 -184.679 0 0 0 0.812605 100 32 -10.396 100 57 0 0 0 -2.71749 100 31 0 0 0 0 0 0 0 0 0 0 0
96000 -189.398 0 0 0 1.30591 100 27 9.2018 100 64 0 0 0 -3.0536 100 31 0 0 0 0 0 0 0 0 0 0 0
96100 -183.485 0 0 0 1.27095 100 23 -9.25279 100 65 0 0 0 -2.78273 100 16 0 0 0 0 0 0 0 0 0 0 0
96200 -185.431 0 0 0 2.06824 100 23 -7.77039 100 70 0 0 0 -3.38534 100 25 0 0 0 0 0 0 0 0 0 0 0
96300 -191.547 0 0 0 2.94325 100 28 1.63812 100 69 0 0 0 -3.61646 100 23 0 0 0 0 0 0 0 0 0 0 0
96400 -183.754 0 0 0 0.862732 100 23 -15.3997 100 69 0 0 0 -2.45711 100 24 0 0 0 0 0 0 0 0 0 0 0
96500 -184.925 0 0 0 0.475821 100 30 -7.36669 100 69 0 0 0 -2.40397 100 21 0 0 0 0 0 0 0 0 0 0 0
96600 -183.682 0 0 0 1.19007 100 23 -7.79877 100 64 0 0 0 -2.6017 100 29 0 0 0 0 0 0 0 0 0 0 0
96700 -184.429 0 0 0 1.01463 100 27 -18.9398 100 69 0 0 0 -2.77358 100 27 0 0 0 0 0 0 0 0 0 0 0
96800 -185.484 0 0 0 1.96186 100 26 -12.885 100 65 0 0 0 -3.35163 100 19 0 0 0 0 0 0 0 0 0 0 0
96900 -184.801 0 0 0 1.87624 100 28 -2.54953 100 74 0 0 0 -3.2488 100 25 0 0 0 0 0 0 0 0 0 0 0
97000 -183.833 0 0 0 0.922664 100 23 -18.5369 100 66 0 0 0 -2.50071 100 26 0 0 0 0 0 0 0 0 0 0 0
97100 -185.43 0 0 0 1.24923 100 24 3.04891 100 74 0 0 0 -2.72537 100 24 0 0 0 0 0 0 0 0 0 0 0
97200 -185.44 0 0 0 2.06553 100 22 -5.63185 100 71 0 0 0 -3.17509 100 26 0 0 0 0 0 0 0 0 0 0 0
97300 -185.143 0 0 0 1.98927 100 39 -10.6071 100 58 0 0 0 -3.16057 100 23 0 0 0 0 0 0 0 0 0 0 0
97400 -184.184 0 0 0 1.08752 100 21 -18.0823 100 67 0 0 0 -2.47717 100 23 0 0 0 0 0 0 0 0 0 0 0
97500 -184.523 0 0 0 1.59609 100 22 -18.8041 100 65 0 0 0 -2.86894 100 32 0 0 0 0 0 0 0 0 0 0 0
97600 -183.989 0 0 0 1.50005 100 30 -8.82343 100 68 0 0 0 -2.7839 100 26 0 0 0 0 0 0 0 0 0 0 0
97700 -184.019 0 0 0 1.23373 100 34 -2.02224 100 66 0 0 0 -2.83452 100 29 0 0 0 0 0 0 0 0 0 0 0
97800 -184.585 0 0 0 1.77488 100 34 -10.8403 100 79 0 0 0 -3.18072 100 35 0 0 0 0 0 0 0 0 0 0 0
97900 -184.265 0 0 0 0.644717 100 24 -7.03642 100 68 0 0 0 -2.44369 100 26 0 0 0 0 0 0 0 0 0 0 0
98000 -183.556 0 0 0 1.20819 100 28 -6.71102 100 62 0 0 0 -2.78187 100 27 0 0 0 0 0 0 0 0 0 0 0
98100 -183.974 0 0 0 0.693212 100 27 -12.9521 100 74 0 0 0 -2.36947 100 25 0 0 0 0 0 0 0 0 0 0 0
98200 -184.552 0 0 0 1.21046 100 27 -2.75405 100 65 0 0 0 -2.55361 100 18 0 0 0 0 0 0 0 0 0 0 0
98300 -184.171 0 0 0 1.69887 100 32 -8.78752 100 66 0 0 0 -2.9824 100 29 0 0 0 0 0 0 0 0 0 0 0
98400 -186.246 0 0 0 2.2765 100 33 -7.52198 100 75 0 0 0 -3.52912 100 24 0 0 0 0 0 0 0 0 0 0 0
98500 -183.928 0 0 0 1.43571 100 32 -10.4285 100 64 0 0 0 -2.9782 100 24 0 0 0 0 0 0 0 0 0 0 0
98600 -184.51 0 0 0 0.97923 100 34 -10.7855 100 72 0 0 0 -2.35306 100 28 0 0 0 0 0 0 0 0 0 0 0
98700 -183.886 0 0 0 1.09458 100 31 -8.20538 100 66 0 0 0 -2.80467 100 23 0 0 0 0 0 0 0 0 0 0 0
98800 -186.779 0 0 0 0.14 100 29 -6.25437 100 70 0 0 0 -2.26492 100 23 0 0 0 0 0 0 0 0 0 0 0
98900 -184.78 0 0 0 0.490915 100 35 -13.2173 100 65 0 0 0 -2.42289 100 23 0 0 0 0 0 0 0 0 0 0 0
99000 -183.635 0 0 0 1.32583 100 36 -6.58423 100 70 0 0 0 -2.7277 100 26 0 0 0 0 0 0 0 0 0 0 0
99100 -185.1 0 0 0 0.538328 100 22 -6.14279 100 74 0 0 0 -2.20658 100 29 0 0 0 0 0 0 0 0 0 0 0
99200 -184.799 0 0 0 0.47949 100 29 -14.9441 100 71 0 0 0 -2.18865 100 27 0 0 0 0 0 0 0 0 0 0 0
99300 -184.052 0 0 0 0.934245 100 29 -5.20334 100 73 0 0 0 -2.69371 100 17 0 0 0 0 0 0 0 0 0 0 0
99400 -184.171 0 0 0 1.10482 100 34 -15.2585 100 65 0 0 0 -2.46995 100 20 0 0 0 0 0 0 0 0 0 0 0
99500 -185.345 0 0 0 1.99915 100 41 0.364663 100 67 0 0 0 -3.32854 100 29 0 0 0 0 0 0 0 0 0 0 0
99600 -184.5 0 0 0 1.53899 100 27 -11.4588 100 63 0 0 0 -3.11018 100 26 0 0 0 0 0 0 0 0 0 0 0
99700 -184.779 0 0 0 1.92502 100 21 -5.98377 100 80 0 0 0 -3.13621 100 20 0 0 0 0 0 0 0 0 0 0 0
99800 -185.21 0 0 0 1.56919 100 29 -10.4364 100 68 0 0 0 -3.21825 100 22 0 0 0 0 0 0 0 0 0 0 0
99900 -184.352 0 0 0 1.4108 100 32 0.107676 100 70 0 0 0 -2.93375 100 28 0 0 0 0 0 0 0 0 0 0 0
100000 -184.895 0 0 0 1.9062 100 20 -1.5014 100 69 0 0 0 -3.13305 100 22 0 0 0 0 0 0 0 0 0 0 0
