iteration logLik intercept1 intercept1_p intercept1_a pcov2 pcov2_p pcov2_a pcov3 pcov3_p pcov3_a pcov4 pcov4_p pcov4_a intercept2 intercept2_p intercept2_a intercept3 intercept3_p intercept3_a intercept4 intercept4_p intercept4_a pcov pcov_p pcov_a data_p data_a
0 -135443 0 0 0 3.83599 0 0 1.8116 0 0 0 0 0 4.10135 0 0 0 0 0 0 0 0 0 0 0 0 0
100 -223.005 0 0 0 0.604664 100 45 1.55202 100 34 0 0 0 -2.57891 100 28 0 0 0 0 0 0 0 0 0 0 0
200 -222.368 0 0 0 0.521125 100 44 3.0427 100 22 0 0 0 -2.56276 100 29 0 0 0 0 0 0 0 0 0 0 0
300 -231.095 0 0 0 1.60762 100 46 -0.216808 100 22 0 0 0 -2.82831 100 21 0 0 0 0 0 0 0 0 0 0 0
400 -223.384 0 0 0 -0.425806 100 45 1.19932 100 14 0 0 0 -2.19782 100 28 0 0 0 0 0 0 0 0 0 0 0
500 -224.635 0 0 0 0.820903 100 39 0.379442 100 21 0 0 0 -2.06622 100 18 0 0 0 0 0 0 0 0 0 0 0
600 -222.834 0 0 0 0.417197 100 46 1.21778 100 21 0 0 0 -2.08212 100 20 0 0 0 0 0 0 0 0 0 0 0
700 -221.772 0 0 0 0.423921 100 48 1.72376 100 32 0 0 0 -2.32908 100 27 0 0 0 0 0 0 0 0 0 0 0
800 -222.347 0 0 0 0.404584 100 44 3.08539 100 21 0 0 0 -2.46568 100 19 0 0 0 0 0 0 0 0 0 0 0
900 -223.152 0 0 0 0.289621 100 36 1.27993 100 19 0 0 0 -2.03479 100 18 0 0 0 0 0 0 0 0 0 0 0
1000 -223.476 0 0 0 -0.0110788 100 38 -1.27846 100 27 0 0 0 -2.09806 100 21 0 0 0 0 0 0 0 0 0 0 0
1100 -223.599 0 0 0 0.797614 100 44 4.63266 100 18 0 0 0 -2.67336 100 34 0 0 0 0 0 0 0 0 0 0 0
1200 -222.307 0 0 0 -0.0273764 100 38 1.14697 100 23 0 0 0 -2.12787 100 22 0 0 0 0 0 0 0 0 0 0 0
1300 -225.518 0 0 0 -0.101746 100 38 3.78283 100 26 0 0 0 -2.68713 100 17 0 0 0 0 0 0 0 0 0 0 0
1400 -222.553 0 0 0 0.000616386 100 39 -0.369482 100 21 0 0 0 -2.0979 100 27 0 0 0 0 0 0 0 0 0 0 0
1500 -224.038 0 0 0 0.650241 100 42 -0.592739 100 21 0 0 0 -2.35633 100 28 0 0 0 0 0 0 0 0 0 0 0
1600 -222.951 0 0 0 0.540325 100 45 -0.197244 100 22 0 0 0 -2.28899 100 18 0 0 0 0 0 0 0 0 0 0 0
1700 -226.086 0 0 0 0.581224 100 44 4.21962 100 22 0 0 0 -2.29198 100 25 0 0 0 0 0 0 0 0 0 0 0
1800 -225.301 0 0 0 0.123006 100 41 -1.30505 100 36 0 0 0 -1.7538 100 29 0 0 0 0 0 0 0 0 0 0 0
1900 -222.691 0 0 0 0.15032 100 38 0.66521 100 19 0 0 0 -2.366 100 21 0 0 0 0 0 0 0 0 0 0 0
2000 -222.197 0 0 0 0.540013 100 41 0.586372 100 16 0 0 0 -2.22636 100 15 0 0 0 0 0 0 0 0 0 0 0
2100 -223.939 0 0 0 0.650242 100 42 -0.766906 100 24 0 0 0 -2.09344 100 22 0 0 0 0 0 0 0 0 0 0 0
2200 -225.377 0 0 0 0.253553 100 41 3.21856 100 25 0 0 0 -2.80991 100 24 0 0 0 0 0 0 0 0 0 0 0
2300 -222.262 0 0 0 0.141405 100 46 0.336549 100 26 0 0 0 -2.24476 100 22 0 0 0 0 0 0 0 0 0 0 0
2400 -223.159 0 0 0 0.900496 100 43 4.1535 100 21 0 0 0 -2.74119 100 24 0 0 0 0 0 0 0 0 0 0 0
2500 -222.494 0 0 0 0.491443 100 46 1.16724 100 19 0 0 0 -2.13562 100 26 0 0 0 0 0 0 0 0 0 0 0
2600 -224.157 0 0 0 0.386391 100 39 4.3968 100 17 0 0 0 -2.72107 100 15 0 0 0 0 0 0 0 0 0 0 0
2700 -222.367 0 0 0 0.84904 100 44 3.17805 100 27 0 0 0 -2.57024 100 24 0 0 0 0 0 0 0 0 0 0 0
2800 -222.823 0 0 0 0.414106 100 42 1.35043 100 18 0 0 0 -2.09209 100 23 0 0 0 0 0 0 0 0 0 0 0
2900 -223.028 0 0 0 0.365275 100 41 3.54316 100 18 0 0 0 -2.6005 100 27 0 0 0 0 0 0 0 0 0 0 0
3000 -222.432 0 0 0 0.0832105 100 37 -0.0994006 100 19 0 0 0 -2.17929 100 19 0 0 0 0 0 0 0 0 0 0 0
3100 -222.33 0 0 0 0.51748 100 39 1.90364 100 22 0 0 0 -2.52005 100 21 0 0 0 0 0 0 0 0 0 0 0
3200 -223.637 0 0 0 0.525203 100 46 -0.562903 100 17 0 0 0 -2.32574 100 24 0 0 0 0 0 0 0 0 0 0 0
3300 -229.461 0 0 0 -0.275057 100 42 -3.4352 100 25 0 0 0 -1.47739 100 29 0 0 0 0 0 0 0 0 0 0 0
3400 -225.732 0 0 0 0.34998 100 35 -2.64981 100 25 0 0 0 -2.07708 100 30 0 0 0 0 0 0 0 0 0 0 0
3500 -222.432 0 0 0 0.0907094 100 45 2.43031 100 31 0 0 0 -2.33608 100 29 0 0 0 0 0 0 0 0 0 0 0
3600 -226.181 0 0 0 0.852777 100 41 5.74318 100 24 0 0 0 -3.05751 100 18 0 0 0 0 0 0 0 0 0 0 0
3700 -222.813 0 0 0 0.578212 100 38 0.0279437 100 20 0 0 0 -2.3085 100 20 0 0 0 0 0 0 0 0 0 0 0
3800 -222.472 0 0 0 0.136117 100 42 -0.138115 100 23 0 0 0 -2.04033 100 26 0 0 0 0 0 0 0 0 0 0 0
3900 -223.295 0 0 0 0.893139 100 45 0.831524 100 25 0 0 0 -2.24812 100 32 0 0 0 0 0 0 0 0 0 0 0
4000 -222.897 0 0 0 1.08754 100 29 2.31375 100 17 0 0 0 -2.56383 100 22 0 0 0 0 0 0 0 0 0 0 0
4100 -224.187 0 0 0 -0.382006 100 40 -0.0779383 100 14 0 0 0 -2.26022 100 21 0 0 0 0 0 0 0 0 0 0 0
4200 -223.588 0 0 0 0.597527 100 41 2.55059 100 29 0 0 0 -2.71942 100 24 0 0 0 0 0 0 0 0 0 0 0
4300 -223.13 0 0 0 -0.146892 100 42 -0.280168 100 19 0 0 0 -2.20028 100 21 0 0 0 0 0 0 0 0 0 0 0
4400 -222.166 0 0 0 0.402156 100 44 2.82708 100 22 0 0 0 -2.43732 100 17 0 0 0 0 0 0 0 0 0 0 0
4500 -221.849 0 0 0 0.361882 100 42 1.01328 100 19 0 0 0 -2.23048 100 20 0 0 0 0 0 0 0 0 0 0 0
4600 -222.21 0 0 0 0.273584 100 41 1.53328 100 18 0 0 0 -2.41806 100 21 0 0 0 0 0 0 0 0 0 0 0
4700 -222.084 0 0 0 0.1838 100 28 0.328759 100 23 0 0 0 -2.14208 100 20 0 0 0 0 0 0 0 0 0 0 0
4800 -222.03 0 0 0 0.499187 100 38 1.74103 100 17 0 0 0 -2.24727 100 28 0 0 0 0 0 0 0 0 0 0 0
4900 -223.394 0 0 0 -0.160843 100 40 0.247726 100 15 0 0 0 -2.30015 100 17 0 0 0 0 0 0 0 0 0 0 0
5000 -222.895 0 0 0 0.709094 100 40 0.560006 100 19 0 0 0 -2.18035 100 24 0 0 0 0 0 0 0 0 0 0 0
5100 -224.172 0 0 0 1.15676 100 40 1.15606 100 21 0 0 0 -2.35854 100 20 0 0 0 0 0 0 0 0 0 0 0
5200 -223.169 0 0 0 0.90054 100 46 0.810628 100 26 0 0 0 -2.45203 100 26 0 0 0 0 0 0 0 0 0 0 0
5300 -222.122 0 0 0 0.361448 100 44 2.33759 100 25 0 0 0 -2.46616 100 27 0 0 0 0 0 0 0 0 0 0 0
5400 -222.304 0 0 0 -0.0481819 100 44 1.46939 100 24 0 0 0 -2.25384 100 22 0 0 0 0 0 0 0 0 0 0 0
5500 -223.621 0 0 0 1.28772 100 38 3.89614 100 19 0 0 0 -2.70028 100 25 0 0 0 0 0 0 0 0 0 0 0
5600 -221.844 0 0 0 0.282942 100 41 1.03153 100 22 0 0 0 -2.22049 100 31 0 0 0 0 0 0 0 0 0 0 0
5700 -224.205 0 0 0 1.11755 100 43 4.96939 100 20 0 0 0 -2.71975 100 22 0 0 0 0 0 0 0 0 0 0 0
5800 -221.816 0 0 0 0.475771 100 48 1.50797 100 25 0 0 0 -2.35643 100 20 0 0 0 0 0 0 0 0 0 0 0
5900 -225.208 0 0 0 0.190835 100 36 3.83966 100 26 0 0 0 -2.26622 100 24 0 0 0 0 0 0 0 0 0 0 0
6000 -222.151 0 0 0 0.111031 100 41 0.349235 100 22 0 0 0 -2.19935 100 15 0 0 0 0 0 0 0 0 0 0 0
6100 -224.707 0 0 0 -0.154084 100 39 1.86843 100 20 0 0 0 -2.55718 100 21 0 0 0 0 0 0 0 0 0 0 0
6200 -221.957 0 0 0 0.161296 100 42 0.775392 100 28 0 0 0 -2.22308 100 19 0 0 0 0 0 0 0 0 0 0 0
6300 -222.228 0 0 0 0.612941 100 45 3.05231 100 22 0 0 0 -2.45131 100 24 0 0 0 0 0 0 0 0 0 0 0
6400 -222.777 0 0 0 0.486319 100 46 1.93267 100 22 0 0 0 -2.57412 100 21 0 0 0 0 0 0 0 0 0 0 0
6500 -222.237 0 0 0 0.609174 100 43 1.99629 100 25 0 0 0 -2.52287 100 22 0 0 0 0 0 0 0 0 0 0 0
6600 -222.175 0 0 0 0.310754 100 32 0.418554 100 26 0 0 0 -2.11996 100 19 0 0 0 0 0 0 0 0 0 0 0
6700 -222.442 0 0 0 -0.151955 100 38 0.533974 100 18 0 0 0 -2.11608 100 21 0 0 0 0 0 0 0 0 0 0 0
6800 -224.412 0 0 0 -0.107917 100 40 3.20826 100 28 0 0 0 -2.57603 100 21 0 0 0 0 0 0 0 0 0 0 0
6900 -224.447 0 0 0 0.53748 100 30 2.0706 100 20 0 0 0 -2.73927 100 27 0 0 0 0 0 0 0 0 0 0 0
7000 -223.025 0 0 0 0.944644 100 33 2.3583 100 21 0 0 0 -2.34685 100 17 0 0 0 0 0 0 0 0 0 0 0
7100 -221.868 0 0 0 0.279017 100 46 1.10799 100 18 0 0 0 -2.20414 100 20 0 0 0 0 0 0 0 0 0 0 0
7200 -222.356 0 0 0 0.478555 100 47 2.69273 100 13 0 0 0 -2.55543 100 24 0 0 0 0 0 0 0 0 0 0 0
7300 -223.404 0 0 0 0.0302266 100 40 -1.2822 100 29 0 0 0 -2.08747 100 23 0 0 0 0 0 0 0 0 0 0 0
7400 -223.91 0 0 0 0.626625 100 35 -0.0177584 100 18 0 0 0 -2.45776 100 19 0 0 0 0 0 0 0 0 0 0 0
7500 -221.945 0 0 0 0.549314 100 41 1.54191 100 21 0 0 0 -2.40963 100 12 0 0 0 0 0 0 0 0 0 0 0
7600 -222.95 0 0 0 -0.327187 100 38 0.890118 100 20 0 0 0 -2.17262 100 27 0 0 0 0 0 0 0 0 0 0 0
7700 -222.013 0 0 0 0.642202 100 41 1.32898 100 18 0 0 0 -2.36612 100 23 0 0 0 0 0 0 0 0 0 0 0
7800 -223.352 0 0 0 -0.263028 100 37 2.23398 100 13 0 0 0 -2.25831 100 20 0 0 0 0 0 0 0 0 0 0 0
7900 -224.773 0 0 0 0.390202 100 40 1.09885 100 31 0 0 0 -1.93396 100 18 0 0 0 0 0 0 0 0 0 0 0
8000 -222.304 0 0 0 0.294917 100 46 2.64275 100 22 0 0 0 -2.32763 100 19 0 0 0 0 0 0 0 0 0 0 0
8100 -226.836 0 0 0 0.684658 100 43 -1.3598 100 19 0 0 0 -2.48285 100 21 0 0 0 0 0 0 0 0 0 0 0
8200 -222.14 0 0 0 -0.00810169 100 43 0.897835 100 23 0 0 0 -2.19228 100 32 0 0 0 0 0 0 0 0 0 0 0
8300 -224.166 0 0 0 -0.49116 100 31 -1.44614 100 20 0 0 0 -1.91015 100 31 0 0 0 0 0 0 0 0 0 0 0
8400 -222.478 0 0 0 0.803127 100 48 1.90869 100 21 0 0 0 -2.31359 100 27 0 0 0 0 0 0 0 0 0 0 0
8500 -222.616 0 0 0 0.974764 100 39 2.5152 100 20 0 0 0 -2.59922 100 29 0 0 0 0 0 0 0 0 0 0 0
8600 -223.247 0 0 0 -0.436531 100 43 0.322926 100 23 0 0 0 -2.09175 100 19 0 0 0 0 0 0 0 0 0 0 0
8700 -222.22 0 0 0 0.495064 100 37 1.18058 100 28 0 0 0 -2.4235 100 24 0 0 0 0 0 0 0 0 0 0 0
8800 -222.397 0 0 0 0.327467 100 42 1.62087 100 22 0 0 0 -2.14664 100 26 0 0 0 0 0 0 0 0 0 0 0
8900 -222.902 0 0 0 0.782323 100 41 3.08038 100 27 0 0 0 -2.70435 100 24 0 0 0 0 0 0 0 0 0 0 0
9000 -222.124 0 0 0 0.256326 100 36 0.325675 100 26 0 0 0 -2.2275 100 25 0 0 0 0 0 0 0 0 0 0 0
9100 -224.448 0 0 0 -0.0806487 100 40 3.77251 100 22 0 0 0 -2.50313 100 18 0 0 0 0 0 0 0 0 0 0 0
9200 -226.674 0 0 0 -0.599247 100 45 1.32375 100 24 0 0 0 -2.49676 100 17 0 0 0 0 0 0 0 0 0 0 0
9300 -222.035 0 0 0 0.423118 100 43 0.570097 100 18 0 0 0 -2.22014 100 24 0 0 0 0 0 0 0 0 0 0 0
9400 -221.914 0 0 0 0.608881 100 33 1.51756 100 18 0 0 0 -2.37468 100 15 0 0 0 0 0 0 0 0 0 0 0
9500 -223.559 0 0 0 -0.193192 100 39 -1.41467 100 23 0 0 0 -1.96205 100 25 0 0 0 0 0 0 0 0 0 0 0
9600 -226.01 0 0 0 -0.257448 100 36 3.82138 100 22 0 0 0 -2.64814 100 20 0 0 0 0 0 0 0 0 0 0 0
9700 -222.701 0 0 0 0.260681 100 43 -0.195563 100 22 0 0 0 -2.2568 100 28 0 0 0 0 0 0 0 0 0 0 0
9800 -222.15 0 0 0 0.813214 100 36 2.11339 100 26 0 0 0 -2.43189 100 21 0 0 0 0 0 0 0 0 0 0 0
9900 -223.156 0 0 0 0.122528 100 45 -0.607156 100 15 0 0 0 -1.93789 100 27 0 0 0 0 0 0 0 0 0 0 0
10000 -222.604 0 0 0 0.0191767 100 40 0.704121 100 18 0 0 0 -2.31579 100 17 0 0 0 0 0 0 0 0 0 0 0
10100 -224.086 0 0 0 0.21987 100 39 -0.554797 100 26 0 0 0 -2.36171 100 17 0 0 0 0 0 0 0 0 0 0 0
10200 -223.934 0 0 0 -0.0449596 100 46 -0.539553 100 21 0 0 0 -2.29346 100 20 0 0 0 0 0 0 0 0 0 0 0
10300 -222.827 0 0 0 0.699214 100 40 3.39725 100 21 0 0 0 -2.41641 100 25 0 0 0 0 0 0 0 0 0 0 0
10400 -223.625 0 0 0 -0.33263 100 41 -0.46401 100 23 0 0 0 -2.16223 100 19 0 0 0 0 0 0 0 0 0 0 0
10500 -222.927 0 0 0 0.408652 100 38 2.93594 100 15 0 0 0 -2.6247 100 20 0 0 0 0 0 0 0 0 0 0 0
10600 -224.498 0 0 0 0.471484 100 38 2.16681 100 27 0 0 0 -2.7383 100 31 0 0 0 0 0 0 0 0 0 0 0
10700 -222.37 0 0 0 0.56571 100 38 1.58504 100 20 0 0 0 -2.20086 100 30 0 0 0 0 0 0 0 0 0 0 0
10800 -224.594 0 0 0 -0.701008 100 43 -1.0886 100 31 0 0 0 -1.89693 100 25 0 0 0 0 0 0 0 0 0 0 0
10900 -223.759 0 0 0 -0.228232 100 45 1.18727 100 24 0 0 0 -2.39771 100 22 0 0 0 0 0 0 0 0 0 0 0
11000 -221.975 0 0 0 0.141082 100 37 1.37474 100 25 0 0 0 -2.20542 100 20 0 0 0 0 0 0 0 0 0 0 0
11100 -223.094 0 0 0 1.00038 100 38 3.94953 100 15 0 0 0 -2.59871 100 21 0 0 0 0 0 0 0 0 0 0 0
11200 -223.977 0 0 0 0.271048 100 40 -1.59477 100 20 0 0 0 -2.12711 100 15 0 0 0 0 0 0 0 0 0 0 0
11300 -223.773 0 0 0 -0.451774 100 38 1.0249 100 31 0 0 0 -2.00462 100 32 0 0 0 0 0 0 0 0 0 0 0
11400 -222.845 0 0 0 1.03937 100 40 2.02854 100 18 0 0 0 -2.54443 100 24 0 0 0 0 0 0 0 0 0 0 0
11500 -223.437 0 0 0 0.318687 100 38 2.07769 100 12 0 0 0 -2.61338 100 18 0 0 0 0 0 0 0 0 0 0 0
11600 -223.413 0 0 0 0.52491 100 42 2.5647 100 26 0 0 0 -2.69061 100 20 0 0 0 0 0 0 0 0 0 0 0
11700 -223.601 0 0 0 0.21134 100 39 1.59377 100 19 0 0 0 -2.56381 100 17 0 0 0 0 0 0 0 0 0 0 0
11800 -223.962 0 0 0 0.671058 100 37 0.427752 100 19 0 0 0 -2.04295 100 20 0 0 0 0 0 0 0 0 0 0 0
11900 -222.714 0 0 0 0.258875 100 38 2.75723 100 23 0 0 0 -2.27766 100 23 0 0 0 0 0 0 0 0 0 0 0
12000 -222.038 0 0 0 0.262963 100 38 0.604717 100 15 0 0 0 -2.141 100 15 0 0 0 0 0 0 0 0 0 0 0
12100 -222.701 0 0 0 0.726908 100 44 0.500748 100 27 0 0 0 -2.34036 100 25 0 0 0 0 0 0 0 0 0 0 0
12200 -223.603 0 0 0 -0.0336625 100 45 -0.753496 100 22 0 0 0 -2.22668 100 17 0 0 0 0 0 0 0 0 0 0 0
12300 -221.792 0 0 0 0.314678 100 40 1.56905 100 18 0 0 0 -2.30051 100 23 0 0 0 0 0 0 0 0 0 0 0
12400 -227.383 0 0 0 -0.790139 100 38 1.69681 100 21 0 0 0 -2.48462 100 28 0 0 0 0 0 0 0 0 0 0 0
12500 -223.633 0 0 0 0.285418 100 33 -1.24745 100 20 0 0 0 -2.16856 100 20 0 0 0 0 0 0 0 0 0 0 0
12600 -223.777 0 0 0 0.788205 100 36 4.60026 100 22 0 0 0 -2.6009 100 25 0 0 0 0 0 0 0 0 0 0 0
12700 -222.91 0 0 0 0.0779663 100 37 -0.393885 100 31 0 0 0 -2.22093 100 25 0 0 0 0 0 0 0 0 0 0 0
12800 -224.106 0 0 0 0.0657634 100 43 -0.756984 100 22 0 0 0 -1.83009 100 18 0 0 0 0 0 0 0 0 0 0 0
12900 -224.222 0 0 0 0.878356 100 35 5.13897 100 28 0 0 0 -2.77418 100 24 0 0 0 0 0 0 0 0 0 0 0
13000 -222.406 0 0 0 0.789523 100 34 2.31513 100 22 0 0 0 -2.34847 100 20 0 0 0 0 0 0 0 0 0 0 0
13100 -223.129 0 0 0 -0.366585 100 50 0.393655 100 26 0 0 0 -2.01307 100 21 0 0 0 0 0 0 0 0 0 0 0
13200 -222.097 0 0 0 0.192036 100 31 2.12373 100 22 0 0 0 -2.36735 100 20 0 0 0 0 0 0 0 0 0 0 0
13300 -223.787 0 0 0 1.1602 100 39 1.31107 100 22 0 0 0 -2.50312 100 22 0 0 0 0 0 0 0 0 0 0 0
13400 -222.389 0 0 0 0.363301 100 38 2.97918 100 23 0 0 0 -2.49921 100 28 0 0 0 0 0 0 0 0 0 0 0
13500 -223.715 0 0 0 0.558812 100 49 0.320255 100 26 0 0 0 -2.4906 100 17 0 0 0 0 0 0 0 0 0 0 0
13600 -222.263 0 0 0 0.262588 100 37 0.23001 100 19 0 0 0 -2.09353 100 22 0 0 0 0 0 0 0 0 0 0 0
13700 -222.065 0 0 0 0.518375 100 41 1.0611 100 22 0 0 0 -2.37161 100 19 0 0 0 0 0 0 0 0 0 0 0
13800 -222.781 0 0 0 0.792492 100 40 1.45598 100 25 0 0 0 -2.54031 100 21 0 0 0 0 0 0 0 0 0 0 0
13900 -222.227 0 0 0 0.631436 100 50 0.84155 100 16 0 0 0 -2.33788 100 21 0 0 0 0 0 0 0 0 0 0 0
14000 -222.806 0 0 0 0.710306 100 42 0.377203 100 25 0 0 0 -2.22036 100 14 0 0 0 0 0 0 0 0 0 0 0
14100 -224.369 0 0 0 0.196172 100 46 2.50971 100 16 0 0 0 -2.08348 100 24 0 0 0 0 0 0 0 0 0 0 0
14200 -223.877 0 0 0 -0.149055 100 36 1.65155 100 31 0 0 0 -2.00792 100 24 0 0 0 0 0 0 0 0 0 0 0
14300 -222.499 0 0 0 0.176581 100 43 2.67391 100 24 0 0 0 -2.32389 100 23 0 0 0 0 0 0 0 0 0 0 0
14400 -221.932 0 0 0 0.284495 100 43 1.67081 100 20 0 0 0 -2.23233 100 22 0 0 0 0 0 0 0 0 0 0 0
14500 -224.34 0 0 0 0.264867 100 46 2.27111 100 29 0 0 0 -2.05666 100 27 0 0 0 0 0 0 0 0 0 0 0
14600 -222.163 0 0 0 0.114444 100 43 0.191503 100 22 0 0 0 -2.13903 100 26 0 0 0 0 0 0 0 0 0 0 0
14700 -222.536 0 0 0 0.279438 100 40 -0.0212899 100 18 0 0 0 -2.051 100 15 0 0 0 0 0 0 0 0 0 0 0
14800 -222.443 0 0 0 0.707452 100 47 3.10457 100 21 0 0 0 -2.42463 100 23 0 0 0 0 0 0 0 0 0 0 0
14900 -225.869 0 0 0 -0.81413 100 47 0.997714 100 22 0 0 0 -2.29866 100 24 0 0 0 0 0 0 0 0 0 0 0
15000 -224.258 0 0 0 -0.650995 100 38 -0.777074 100 12 0 0 0 -1.92531 100 23 0 0 0 0 0 0 0 0 0 0 0
15100 -222.798 0 0 0 0.181061 100 39 1.46371 100 23 0 0 0 -2.46576 100 26 0 0 0 0 0 0 0 0 0 0 0
15200 -224.207 0 0 0 -0.270994 100 37 1.62963 100 25 0 0 0 -1.9933 100 15 0 0 0 0 0 0 0 0 0 0 0
15300 -221.998 0 0 0 0.260225 100 37 1.91006 100 25 0 0 0 -2.3858 100 19 0 0 0 0 0 0 0 0 0 0 0
15400 -224.611 0 0 0 -0.0359901 100 44 2.12629 100 22 0 0 0 -2.60664 100 32 0 0 0 0 0 0 0 0 0 0 0
15500 -225.679 0 0 0 1.13612 100 39 2.07544 100 25 0 0 0 -2.87633 100 28 0 0 0 0 0 0 0 0 0 0 0
15600 -222.968 0 0 0 -0.164854 100 47 -0.390725 100 19 0 0 0 -2.1416 100 25 0 0 0 0 0 0 0 0 0 0 0
15700 -221.834 0 0 0 0.46753 100 38 1.54974 100 23 0 0 0 -2.37139 100 23 0 0 0 0 0 0 0 0 0 0 0
15800 -222.614 0 0 0 0.22942 100 45 2.83733 100 21 0 0 0 -2.49706 100 24 0 0 0 0 0 0 0 0 0 0 0
15900 -222.368 0 0 0 0.89715 100 45 1.98871 100 28 0 0 0 -2.47557 100 22 0 0 0 0 0 0 0 0 0 0 0
16000 -222.398 0 0 0 0.0462832 100 43 0.773071 100 20 0 0 0 -2.06067 100 18 0 0 0 0 0 0 0 0 0 0 0
16100 -222.319 0 0 0 0.419054 100 42 0.0910122 100 21 0 0 0 -2.19461 100 20 0 0 0 0 0 0 0 0 0 0 0
16200 -223.409 0 0 0 -0.471974 100 46 -0.0400324 100 21 0 0 0 -2.00702 100 20 0 0 0 0 0 0 0 0 0 0 0
16300 -222.223 0 0 0 0.675529 100 38 1.09007 100 22 0 0 0 -2.38377 100 13 0 0 0 0 0 0 0 0 0 0 0
16400 -223.564 0 0 0 1.24133 100 35 2.61208 100 19 0 0 0 -2.68569 100 26 0 0 0 0 0 0 0 0 0 0 0
16500 -222.36 0 0 0 0.305968 100 44 1.54329 100 21 0 0 0 -2.45132 100 18 0 0 0 0 0 0 0 0 0 0 0
16600 -223.826 0 0 0 -0.0453798 100 48 -0.767389 100 21 0 0 0 -1.84022 100 22 0 0 0 0 0 0 0 0 0 0 0
16700 -223.63 0 0 0 1.04233 100 38 3.12958 100 22 0 0 0 -2.80379 100 20 0 0 0 0 0 0 0 0 0 0 0
16800 -223.496 0 0 0 -0.299384 100 40 1.90268 100 22 0 0 0 -2.13467 100 19 0 0 0 0 0 0 0 0 0 0 0
16900 -222.912 0 0 0 0.797437 100 45 3.0639 100 18 0 0 0 -2.70634 100 19 0 0 0 0 0 0 0 0 0 0 0
17000 -221.961 0 0 0 0.451059 100 34 1.4186 100 30 0 0 0 -2.22384 100 26 0 0 0 0 0 0 0 0 0 0 0
17100 -221.835 0 0 0 0.508546 100 36 2.17537 100 17 0 0 0 -2.39301 100 24 0 0 0 0 0 0 0 0 0 0 0
17200 -222.157 0 0 0 0.496075 100 37 2.88068 100 17 0 0 0 -2.49692 100 26 0 0 0 0 0 0 0 0 0 0 0
17300 -223.515 0 0 0 1.05048 100 44 3.54478 100 16 0 0 0 -2.81472 100 26 0 0 0 0 0 0 0 0 0 0 0
17400 -222.687 0 0 0 0.323638 100 36 -0.162933 100 23 0 0 0 -2.26572 100 27 0 0 0 0 0 0 0 0 0 0 0
17500 -223.341 0 0 0 0.896758 100 41 2.93305 100 23 0 0 0 -2.34603 100 19 0 0 0 0 0 0 0 0 0 0 0
17600 -225.297 0 0 0 -0.0694124 100 35 3.79534 100 23 0 0 0 -2.67927 100 21 0 0 0 0 0 0 0 0 0 0 0
17700 -222.286 0 0 0 0.724528 100 37 2.98684 100 19 0 0 0 -2.44329 100 23 0 0 0 0 0 0 0 0 0 0 0
17800 -224.455 0 0 0 1.13929 100 40 4.75564 100 24 0 0 0 -2.62749 100 24 0 0 0 0 0 0 0 0 0 0 0
17900 -225.083 0 0 0 -0.341822 100 42 2.0292 100 24 0 0 0 -2.51985 100 26 0 0 0 0 0 0 0 0 0 0 0
18000 -222.249 0 0 0 -0.00668562 100 45 0.303346 100 23 0 0 0 -2.15251 100 17 0 0 0 0 0 0 0 0 0 0 0
18100 -222.284 0 0 0 0.40675 100 47 0.887173 100 23 0 0 0 -2.38677 100 17 0 0 0 0 0 0 0 0 0 0 0
18200 -222.428 0 0 0 0.626106 100 39 3.39764 100 20 0 0 0 -2.56698 100 18 0 0 0 0 0 0 0 0 0 0 0
18300 -222.815 0 0 0 -0.189059 100 36 -0.133152 100 15 0 0 0 -1.9896 100 31 0 0 0 0 0 0 0 0 0 0 0
18400 -222.933 0 0 0 0.481791 100 37 2.52576 100 25 0 0 0 -2.22073 100 21 0 0 0 0 0 0 0 0 0 0 0
18500 -222.755 0 0 0 -0.149711 100 36 0.884044 100 24 0 0 0 -2.27846 100 16 0 0 0 0 0 0 0 0 0 0 0
18600 -223.812 0 0 0 -0.353129 100 35 0.652341 100 18 0 0 0 -1.92522 100 22 0 0 0 0 0 0 0 0 0 0 0
18700 -222.732 0 0 0 0.75262 100 44 0.584603 100 24 0 0 0 -2.25907 100 19 0 0 0 0 0 0 0 0 0 0 0
18800 -222.772 0 0 0 0.662857 100 33 0.849198 100 33 0 0 0 -2.45994 100 22 0 0 0 0 0 0 0 0 0 0 0
18900 -223.945 0 0 0 0.491666 100 34 -0.489871 100 17 0 0 0 -1.96901 100 19 0 0 0 0 0 0 0 0 0 0 0
19000 -222.17 0 0 0 0.380456 100 42 2.79527 100 24 0 0 0 -2.42668 100 19 0 0 0 0 0 0 0 0 0 0 0
19100 -223.119 0 0 0 0.550039 100 40 -0.262363 100 15 0 0 0 -2.30582 100 27 0 0 0 0 0 0 0 0 0 0 0
19200 -223.032 0 0 0 -0.255029 100 38 0.789874 100 19 0 0 0 -2.01607 100 23 0 0 0 0 0 0 0 0 0 0 0
19300 -222.264 0 0 0 0.216904 100 48 0.00336904 100 22 0 0 0 -2.1789 100 21 0 0 0 0 0 0 0 0 0 0 0
19400 -222.491 0 0 0 0.172751 100 38 -0.234871 100 20 0 0 0 -2.18531 100 21 0 0 0 0 0 0 0 0 0 0 0
19500 -221.963 0 0 0 0.275935 100 41 1.78811 100 20 0 0 0 -2.38026 100 22 0 0 0 0 0 0 0 0 0 0 0
19600 -222.729 0 0 0 0.639067 100 42 0.783013 100 15 0 0 0 -2.44455 100 22 0 0 0 0 0 0 0 0 0 0 0
19700 -221.962 0 0 0 0.299188 100 38 1.01838 100 27 0 0 0 -2.17039 100 21 0 0 0 0 0 0 0 0 0 0 0
19800 -225.244 0 0 0 -0.621471 100 37 1.534 100 26 0 0 0 -2.37116 100 26 0 0 0 0 0 0 0 0 0 0 0
19900 -222.156 0 0 0 0.225668 100 42 0.252601 100 23 0 0 0 -2.21498 100 26 0 0 0 0 0 0 0 0 0 0 0
20000 -226.157 0 0 0 0.991266 100 40 0.0965051 100 22 0 0 0 -2.65164 100 22 0 0 0 0 0 0 0 0 0 0 0
20100 -223.162 0 0 0 0.277129 100 45 3.58761 100 24 0 0 0 -2.43442 100 24 0 0 0 0 0 0 0 0 0 0 0
20200 -221.927 0 0 0 0.507339 100 44 2.35282 100 23 0 0 0 -2.45099 100 22 0 0 0 0 0 0 0 0 0 0 0
20300 -222.556 0 0 0 0.154544 100 40 0.817098 100 20 0 0 0 -2.04232 100 27 0 0 0 0 0 0 0 0 0 0 0
20400 -222.437 0 0 0 0.538262 100 28 0.629211 100 22 0 0 0 -2.37514 100 16 0 0 0 0 0 0 0 0 0 0 0
20500 -222.289 0 0 0 -0.00580826 100 32 1.33174 100 24 0 0 0 -2.14913 100 23 0 0 0 0 0 0 0 0 0 0 0
20600 -222.304 0 0 0 0.232688 100 43 2.13749 100 24 0 0 0 -2.45093 100 21 0 0 0 0 0 0 0 0 0 0 0
20700 -222.411 0 0 0 0.766145 100 38 1.35865 100 28 0 0 0 -2.46037 100 27 0 0 0 0 0 0 0 0 0 0 0
20800 -223.75 0 0 0 -0.292154 100 43 1.62622 100 18 0 0 0 -2.04269 100 21 0 0 0 0 0 0 0 0 0 0 0
20900 -221.812 0 0 0 0.459162 100 32 2.05832 100 19 0 0 0 -2.37118 100 18 0 0 0 0 0 0 0 0 0 0 0
21000 -222.612 0 0 0 0.676099 100 47 1.43926 100 21 0 0 0 -2.20473 100 32 0 0 0 0 0 0 0 0 0 0 0
21100 -222.832 0 0 0 -0.210215 100 42 1.66562 100 17 0 0 0 -2.26183 100 19 0 0 0 0 0 0 0 0 0 0 0
21200 -222.878 0 0 0 0.450521 100 42 -0.342095 100 17 0 0 0 -2.25118 100 24 0 0 0 0 0 0 0 0 0 0 0
21300 -222.271 0 0 0 0.502217 100 44 2.92837 100 22 0 0 0 -2.53737 100 29 0 0 0 0 0 0 0 0 0 0 0
21400 -221.934 0 0 0 0.333237 100 40 0.914603 100 25 0 0 0 -2.18386 100 30 0 0 0 0 0 0 0 0 0 0 0
21500 -222.705 0 0 0 0.111152 100 37 2.84673 100 18 0 0 0 -2.39481 100 21 0 0 0 0 0 0 0 0 0 0 0
21600 -223.807 0 0 0 0.861038 100 41 4.11702 100 23 0 0 0 -2.47854 100 20 0 0 0 0 0 0 0 0 0 0 0
21700 -222.578 0 0 0 -0.0832516 100 47 1.19444 100 25 0 0 0 -2.30559 100 20 0 0 0 0 0 0 0 0 0 0 0
21800 -222.484 0 0 0 0.346901 100 41 1.09443 100 15 0 0 0 -2.09555 100 19 0 0 0 0 0 0 0 0 0 0 0
21900 -223.879 0 0 0 -0.512383 100 41 -0.777867 100 23 0 0 0 -2.02955 100 19 0 0 0 0 0 0 0 0 0 0 0
22000 -222.941 0 0 0 -0.195546 100 40 1.80921 100 21 0 0 0 -2.31134 100 18 0 0 0 0 0 0 0 0 0 0 0
22100 -222.774 0 0 0 0.721183 100 42 1.89848 100 25 0 0 0 -2.23296 100 26 0 0 0 0 0 0 0 0 0 0 0
22200 -223.467 0 0 0 1.04207 100 40 4.41203 100 25 0 0 0 -2.66973 100 25 0 0 0 0 0 0 0 0 0 0 0
22300 -224.779 0 0 0 -0.133786 100 45 3.12294 100 29 0 0 0 -2.60847 100 28 0 0 0 0 0 0 0 0 0 0 0
22400 -222.149 0 0 0 0.515571 100 46 1.66149 100 25 0 0 0 -2.22341 100 27 0 0 0 0 0 0 0 0 0 0 0
22500 -224.315 0 0 0 1.04811 100 42 3.46712 100 26 0 0 0 -2.89658 100 21 0 0 0 0 0 0 0 0 0 0 0
22600 -223.4 0 0 0 0.424256 100 35 -0.601661 100 25 0 0 0 -2.00575 100 25 0 0 0 0 0 0 0 0 0 0 0
22700 -223.675 0 0 0 0.450067 100 47 2.68549 100 19 0 0 0 -2.70477 100 24 0 0 0 0 0 0 0 0 0 0 0
22800 -222.406 0 0 0 0.768685 100 34 1.35049 100 21 0 0 0 -2.45662 100 23 0 0 0 0 0 0 0 0 0 0 0
22900 -222.01 0 0 0 0.707178 100 46 1.81266 100 20 0 0 0 -2.42806 100 18 0 0 0 0 0 0 0 0 0 0 0
23000 -223.294 0 0 0 0.903539 100 39 4.40565 100 21 0 0 0 -2.68673 100 18 0 0 0 0 0 0 0 0 0 0 0
23100 -222.249 0 0 0 0.16691 100 41 -0.0156097 100 21 0 0 0 -2.13196 100 29 0 0 0 0 0 0 0 0 0 0 0
23200 -228.194 0 0 0 2.04029 100 41 3.98349 100 24 0 0 0 -2.91118 100 26 0 0 0 0 0 0 0 0 0 0 0
23300 -222.727 0 0 0 0.593708 100 40 2.65631 100 23 0 0 0 -2.63573 100 23 0 0 0 0 0 0 0 0 0 0 0
23400 -223.72 0 0 0 0.951582 100 44 3.14683 100 19 0 0 0 -2.35879 100 22 0 0 0 0 0 0 0 0 0 0 0
23500 -223.122 0 0 0 0.549691 100 48 2.24009 100 18 0 0 0 -2.18028 100 21 0 0 0 0 0 0 0 0 0 0 0
23600 -225.301 0 0 0 1.2275 100 30 5.74528 100 17 0 0 0 -2.83223 100 20 0 0 0 0 0 0 0 0 0 0 0
23700 -223.747 0 0 0 -0.17626 100 33 2.10632 100 32 0 0 0 -2.46461 100 14 0 0 0 0 0 0 0 0 0 0 0
23800 -226.112 0 0 0 -0.306841 100 37 -3.18576 100 18 0 0 0 -1.74125 100 22 0 0 0 0 0 0 0 0 0 0 0
23900 -223.79 0 0 0 0.798832 100 42 1.03738 100 29 0 0 0 -2.13049 100 23 0 0 0 0 0 0 0 0 0 0 0
24000 -222.593 0 0 0 0.384415 100 46 2.45258 100 24 0 0 0 -2.56012 100 18 0 0 0 0 0 0 0 0 0 0 0
24100 -222.586 0 0 0 0.300192 100 38 1.03258 100 18 0 0 0 -2.07114 100 19 0 0 0 0 0 0 0 0 0 0 0
24200 -223.266 0 0 0 -0.0129518 100 38 -0.106813 100 23 0 0 0 -1.90851 100 24 0 0 0 0 0 0 0 0 0 0 0
24300 -222.886 0 0 0 -0.264956 100 41 1.06666 100 21 0 0 0 -2.23351 100 27 0 0 0 0 0 0 0 0 0 0 0
24400 -223.424 0 0 0 0.122339 100 41 -1.08931 100 18 0 0 0 -2.16602 100 27 0 0 0 0 0 0 0 0 0 0 0
24500 -223.48 0 0 0 0.0795576 100 38 3.00978 100 27 0 0 0 -2.56129 100 22 0 0 0 0 0 0 0 0 0 0 0
24600 -223.489 0 0 0 -0.248348 100 50 -0.355966 100 16 0 0 0 -2.19875 100 23 0 0 0 0 0 0 0 0 0 0 0
24700 -222.487 0 0 0 0.603814 100 42 2.73755 100 15 0 0 0 -2.32555 100 20 0 0 0 0 0 0 0 0 0 0 0
24800 -223.75 0 0 0 0.358622 100 37 -0.544832 100 28 0 0 0 -1.93544 100 25 0 0 0 0 0 0 0 0 0 0 0
24900 -223.447 0 0 0 0.62914 100 49 1.26589 100 19 0 0 0 -2.59276 100 25 0 0 0 0 0 0 0 0 0 0 0
25000 -221.996 0 0 0 0.271482 100 48 1.95609 100 27 0 0 0 -2.2604 100 30 0 0 0 0 0 0 0 0 0 0 0
25100 -223.898 0 0 0 1.04754 100 42 1.32894 100 10 0 0 0 -2.28043 100 18 0 0 0 0 0 0 0 0 0 0 0
25200 -223.167 0 0 0 0.726021 100 48 0.194465 100 18 0 0 0 -2.17354 100 19 0 0 0 0 0 0 0 0 0 0 0
25300 -222.224 0 0 0 0.07232 100 35 0.352719 100 19 0 0 0 -2.08378 100 21 0 0 0 0 0 0 0 0 0 0 0
25400 -222.649 0 0 0 0.235388 100 39 3.05925 100 23 0 0 0 -2.3931 100 22 0 0 0 0 0 0 0 0 0 0 0
25500 -222.105 0 0 0 0.284294 100 50 0.420985 100 28 0 0 0 -2.24938 100 19 0 0 0 0 0 0 0 0 0 0 0
25600 -224.477 0 0 0 1.17594 100 42 4.39236 100 16 0 0 0 -2.9603 100 29 0 0 0 0 0 0 0 0 0 0 0
25700 -226.351 0 0 0 -0.296603 100 37 -1.91706 100 27 0 0 0 -2.23072 100 22 0 0 0 0 0 0 0 0 0 0 0
25800 -224.29 0 0 0 -0.273233 100 46 0.672506 100 29 0 0 0 -2.38987 100 18 0 0 0 0 0 0 0 0 0 0 0
25900 -222.891 0 0 0 0.637265 100 47 0.43398 100 29 0 0 0 -2.40686 100 29 0 0 0 0 0 0 0 0 0 0 0
26000 -223.125 0 0 0 0.299946 100 42 3.6837 100 21 0 0 0 -2.50228 100 20 0 0 0 0 0 0 0 0 0 0 0
26100 -224.357 0 0 0 1.15355 100 33 5.13272 100 15 0 0 0 -2.90531 100 22 0 0 0 0 0 0 0 0 0 0 0
26200 -223.695 0 0 0 1.15668 100 37 4.55308 100 20 0 0 0 -2.72978 100 22 0 0 0 0 0 0 0 0 0 0 0
26300 -225.975 0 0 0 -0.198208 100 33 3.40503 100 20 0 0 0 -2.69167 100 39 0 0 0 0 0 0 0 0 0 0 0
26400 -221.983 0 0 0 0.521663 100 45 1.50223 100 24 0 0 0 -2.24757 100 23 0 0 0 0 0 0 0 0 0 0 0
26500 -222.103 0 0 0 0.467625 100 39 1.5612 100 29 0 0 0 -2.20981 100 11 0 0 0 0 0 0 0 0 0 0 0
26600 -223.888 0 0 0 -0.489732 100 36 -0.585566 100 29 0 0 0 -1.87983 100 12 0 0 0 0 0 0 0 0 0 0 0
26700 -222.422 0 0 0 0.508046 100 42 0.219891 100 28 0 0 0 -2.27493 100 22 0 0 0 0 0 0 0 0 0 0 0
26800 -222.602 0 0 0 0.035711 100 45 0.170729 100 15 0 0 0 -2.25256 100 24 0 0 0 0 0 0 0 0 0 0 0
26900 -222.817 0 0 0 0.824797 100 46 3.80891 100 27 0 0 0 -2.68182 100 32 0 0 0 0 0 0 0 0 0 0 0
27000 -224.396 0 0 0 -0.466124 100 45 2.47089 100 15 0 0 0 -2.27375 100 31 0 0 0 0 0 0 0 0 0 0 0
27100 -222.869 0 0 0 0.286483 100 40 2.93951 100 22 0 0 0 -2.57125 100 18 0 0 0 0 0 0 0 0 0 0 0
27200 -222.634 0 0 0 -0.0340817 100 37 0.536913 100 25 0 0 0 -2.01381 100 27 0 0 0 0 0 0 0 0 0 0 0
27300 -221.838 0 0 0 0.535319 100 40 2.15861 100 22 0 0 0 -2.38297 100 24 0 0 0 0 0 0 0 0 0 0 0
27400 -222.107 0 0 0 0.612465 100 36 1.06187 100 24 0 0 0 -2.36257 100 23 0 0 0 0 0 0 0 0 0 0 0
27500 -222.456 0 0 0 0.391263 100 37 0.249309 100 22 0 0 0 -2.09335 100 20 0 0 0 0 0 0 0 0 0 0 0
27600 -222.044 0 0 0 0.443875 100 36 2.57639 100 25 0 0 0 -2.46477 100 23 0 0 0 0 0 0 0 0 0 0 0
27700 -224.896 0 0 0 0.539802 100 45 -0.271345 100 17 0 0 0 -2.50601 100 19 0 0 0 0 0 0 0 0 0 0 0
27800 -225.657 0 0 0 1.04341 100 41 3.27466 100 19 0 0 0 -2.98667 100 23 0 0 0 0 0 0 0 0 0 0 0
27900 -227.671 0 0 0 -1.30395 100 43 -1.61949 100 22 0 0 0 -1.79172 100 20 0 0 0 0 0 0 0 0 0 0 0
28000 -223.346 0 0 0 0.839531 100 50 1.04119 100 20 0 0 0 -2.54864 100 24 0 0 0 0 0 0 0 0 0 0 0
28100 -221.906 0 0 0 0.485875 100 42 2.41748 100 20 0 0 0 -2.40587 100 20 0 0 0 0 0 0 0 0 0 0 0
28200 -222.737 0 0 0 0.967296 100 29 1.72956 100 24 0 0 0 -2.40136 100 21 0 0 0 0 0 0 0 0 0 0 0
28300 -223.437 0 0 0 -0.416364 100 50 -0.60301 100 25 0 0 0 -2.01839 100 23 0 0 0 0 0 0 0 0 0 0 0
28400 -222.473 0 0 0 0.248921 100 29 1.20403 100 33 0 0 0 -2.42146 100 23 0 0 0 0 0 0 0 0 0 0 0
28500 -222.198 0 0 0 0.332721 100 32 0.175607 100 10 0 0 0 -2.15278 100 20 0 0 0 0 0 0 0 0 0 0 0
28600 -223.515 0 0 0 0.976934 100 32 3.00018 100 18 0 0 0 -2.37092 100 21 0 0 0 0 0 0 0 0 0 0 0
28700 -221.894 0 0 0 0.424204 100 37 1.93618 100 23 0 0 0 -2.41626 100 19 0 0 0 0 0 0 0 0 0 0 0
28800 -225.204 0 0 0 0.223829 100 44 -2.55768 100 21 0 0 0 -1.9281 100 26 0 0 0 0 0 0 0 0 0 0 0
28900 -224.345 0 0 0 -0.509041 100 49 0.640448 100 26 0 0 0 -2.28438 100 20 0 0 0 0 0 0 0 0 0 0 0
29000 -222.334 0 0 0 0.490751 100 36 2.3027 100 23 0 0 0 -2.54272 100 22 0 0 0 0 0 0 0 0 0 0 0
29100 -223.008 0 0 0 0.70834 100 36 3.4975 100 26 0 0 0 -2.71759 100 23 0 0 0 0 0 0 0 0 0 0 0
29200 -226.972 0 0 0 0.705522 100 37 -2.19162 100 20 0 0 0 -2.31533 100 27 0 0 0 0 0 0 0 0 0 0 0
29300 -222.143 0 0 0 0.453672 100 30 1.5507 100 16 0 0 0 -2.19857 100 22 0 0 0 0 0 0 0 0 0 0 0
29400 -221.871 0 0 0 0.488806 100 33 1.17104 100 16 0 0 0 -2.27179 100 18 0 0 0 0 0 0 0 0 0 0 0
29500 -223.139 0 0 0 0.341953 100 39 -0.371462 100 25 0 0 0 -2.29934 100 21 0 0 0 0 0 0 0 0 0 0 0
29600 -222.673 0 0 0 0.385565 100 39 1.17903 100 26 0 0 0 -2.08832 100 26 0 0 0 0 0 0 0 0 0 0 0
29700 -223.702 0 0 0 -0.422968 100 46 1.89036 100 26 0 0 0 -2.23397 100 24 0 0 0 0 0 0 0 0 0 0 0
29800 -224.1 0 0 0 0.820965 100 30 -0.157498 100 22 0 0 0 -2.1389 100 17 0 0 0 0 0 0 0 0 0 0 0
29900 -222.434 0 0 0 -0.088756 100 39 1.54702 100 28 0 0 0 -2.19718 100 18 0 0 0 0 0 0 0 0 0 0 0
30000 -225.965 0 0 0 1.66156 100 41 3.39414 100 28 0 0 0 -2.65646 100 22 0 0 0 0 0 0 0 0 0 0 0
30100 -222.781 0 0 0 0.798191 100 41 1.10481 100 21 0 0 0 -2.24562 100 23 0 0 0 0 0 0 0 0 0 0 0
30200 -222.533 0 0 0 0.0826994 100 43 2.54834 100 23 0 0 0 -2.3543 100 26 0 0 0 0 0 0 0 0 0 0 0
30300 -223.976 0 0 0 1.18728 100 46 4.84281 100 26 0 0 0 -2.82802 100 23 0 0 0 0 0 0 0 0 0 0 0
30400 -224.919 0 0 0 0.18011 100 40 4.62149 100 22 0 0 0 -2.65797 100 16 0 0 0 0 0 0 0 0 0 0 0
30500 -223.807 0 0 0 -0.394897 100 48 0.0570915 100 26 0 0 0 -1.88587 100 23 0 0 0 0 0 0 0 0 0 0 0
30600 -226.277 0 0 0 1.66892 100 45 5.78668 100 21 0 0 0 -3.13266 100 24 0 0 0 0 0 0 0 0 0 0 0
30700 -225.348 0 0 0 1.6652 100 33 3.98229 100 26 0 0 0 -2.88574 100 30 0 0 0 0 0 0 0 0 0 0 0
30800 -222.703 0 0 0 0.716113 100 33 1.02073 100 30 0 0 0 -2.47125 100 36 0 0 0 0 0 0 0 0 0 0 0
30900 -222.53 0 0 0 -0.00672979 100 43 -0.219653 100 17 0 0 0 -2.03169 100 24 0 0 0 0 0 0 0 0 0 0 0
31000 -222.194 0 0 0 0.609754 100 40 2.85781 100 16 0 0 0 -2.54784 100 19 0 0 0 0 0 0 0 0 0 0 0
31100 -223.325 0 0 0 0.176911 100 40 -1.20957 100 22 0 0 0 -1.992 100 21 0 0 0 0 0 0 0 0 0 0 0
31200 -222.929 0 0 0 0.12856 100 48 -0.337786 100 21 0 0 0 -2.24628 100 21 0 0 0 0 0 0 0 0 0 0 0
31300 -223.753 0 0 0 0.424083 100 43 4.02107 100 22 0 0 0 -2.71741 100 29 0 0 0 0 0 0 0 0 0 0 0
31400 -222.674 0 0 0 -0.171676 100 47 1.12965 100 20 0 0 0 -2.09499 100 15 0 0 0 0 0 0 0 0 0 0 0
31500 -222.962 0 0 0 -0.107645 100 45 -0.574871 100 31 0 0 0 -2.12936 100 26 0 0 0 0 0 0 0 0 0 0 0
31600 -223.574 0 0 0 0.360285 100 42 0.983667 100 16 0 0 0 -1.993 100 21 0 0 0 0 0 0 0 0 0 0 0
31700 -222.198 0 0 0 0.613758 100 37 2.30997 100 19 0 0 0 -2.53898 100 17 0 0 0 0 0 0 0 0 0 0 0
31800 -224.501 0 0 0 0.502233 100 43 -1.44764 100 19 0 0 0 -2.23466 100 22 0 0 0 0 0 0 0 0 0 0 0
31900 -221.884 0 0 0 0.542026 100 36 1.87396 100 16 0 0 0 -2.4253 100 27 0 0 0 0 0 0 0 0 0 0 0
32000 -224.107 0 0 0 -0.420324 100 40 -0.0322024 100 20 0 0 0 -2.23879 100 26 0 0 0 0 0 0 0 0 0 0 0
32100 -225.661 0 0 0 -0.285905 100 35 -0.849019 100 21 0 0 0 -1.68764 100 27 0 0 0 0 0 0 0 0 0 0 0
32200 -223.469 0 0 0 0.569905 100 34 4.35899 100 14 0 0 0 -2.61727 100 23 0 0 0 0 0 0 0 0 0 0 0
32300 -223.833 0 0 0 0.129475 100 43 3.84582 100 21 0 0 0 -2.4698 100 19 0 0 0 0 0 0 0 0 0 0 0
32400 -222.678 0 0 0 0.944468 100 45 3.58644 100 24 0 0 0 -2.62362 100 18 0 0 0 0 0 0 0 0 0 0 0
32500 -223.223 0 0 0 0.752985 100 37 0.357996 100 28 0 0 0 -2.42099 100 22 0 0 0 0 0 0 0 0 0 0 0
32600 -226.188 0 0 0 0.186164 100 38 4.39004 100 29 0 0 0 -2.32358 100 22 0 0 0 0 0 0 0 0 0 0 0
32700 -223.972 0 0 0 0.391127 100 30 -1.48401 100 17 0 0 0 -2.13402 100 24 0 0 0 0 0 0 0 0 0 0 0
32800 -224.211 0 0 0 0.606171 100 37 4.89358 100 21 0 0 0 -2.67377 100 24 0 0 0 0 0 0 0 0 0 0 0
32900 -222.831 0 0 0 0.622201 100 41 0.108902 100 22 0 0 0 -2.31972 100 20 0 0 0 0 0 0 0 0 0 0 0
33000 -223.137 0 0 0 -0.202249 100 35 1.04705 100 27 0 0 0 -2.0149 100 22 0 0 0 0 0 0 0 0 0 0 0
33100 -222.937 0 0 0 0.19836 100 43 3.09113 100 21 0 0 0 -2.33692 100 26 0 0 0 0 0 0 0 0 0 0 0
33200 -222.338 0 0 0 0.264449 100 35 1.43991 100 15 0 0 0 -2.42815 100 18 0 0 0 0 0 0 0 0 0 0 0
33300 -223.602 0 0 0 -0.294087 100 45 -0.128629 100 20 0 0 0 -2.22443 100 18 0 0 0 0 0 0 0 0 0 0 0
33400 -225.365 0 0 0 0.426736 100 39 -0.148349 100 14 0 0 0 -1.84797 100 24 0 0 0 0 0 0 0 0 0 0 0
33500 -225.256 0 0 0 1.53672 100 27 3.68369 100 27 0 0 0 -2.95212 100 19 0 0 0 0 0 0 0 0 0 0 0
33600 -224.639 0 0 0 0.137497 100 40 -2.25728 100 35 0 0 0 -1.9142 100 25 0 0 0 0 0 0 0 0 0 0 0
33700 -223.163 0 0 0 0.850849 100 41 0.45168 100 14 0 0 0 -2.36928 100 24 0 0 0 0 0 0 0 0 0 0 0
33800 -221.881 0 0 0 0.21815 100 42 1.07364 100 19 0 0 0 -2.20222 100 24 0 0 0 0 0 0 0 0 0 0 0
33900 -222.673 0 0 0 1.03361 100 41 2.40942 100 16 0 0 0 -2.52967 100 23 0 0 0 0 0 0 0 0 0 0 0
34000 -222.927 0 0 0 0.297516 100 35 3.43026 100 22 0 0 0 -2.4251 100 19 0 0 0 0 0 0 0 0 0 0 0
34100 -222.437 0 0 0 0.344217 100 36 0.81599 100 23 0 0 0 -2.39262 100 23 0 0 0 0 0 0 0 0 0 0 0
34200 -222.518 0 0 0 0.653473 100 44 1.57609 100 27 0 0 0 -2.21407 100 20 0 0 0 0 0 0 0 0 0 0 0
34300 -222.586 0 0 0 0.360429 100 30 1.0048 100 23 0 0 0 -2.0811 100 20 0 0 0 0 0 0 0 0 0 0 0
34400 -222.534 0 0 0 0.913445 100 36 1.64589 100 15 0 0 0 -2.4161 100 26 0 0 0 0 0 0 0 0 0 0 0
34500 -224.67 0 0 0 -0.624231 100 39 1.70887 100 26 0 0 0 -2.08788 100 26 0 0 0 0 0 0 0 0 0 0 0
34600 -222.042 0 0 0 0.591359 100 42 1.42901 100 28 0 0 0 -2.26205 100 23 0 0 0 0 0 0 0 0 0 0 0
34700 -221.816 0 0 0 0.335679 100 40 1.39819 100 22 0 0 0 -2.24638 100 17 0 0 0 0 0 0 0 0 0 0 0
34800 -222.733 0 0 0 -0.00398347 100 44 -0.190833 100 28 0 0 0 -1.97918 100 24 0 0 0 0 0 0 0 0 0 0 0
34900 -227.18 0 0 0 -0.326983 100 48 0.724825 100 20 0 0 0 -2.57859 100 27 0 0 0 0 0 0 0 0 0 0 0
35000 -222.342 0 0 0 0.121512 100 43 0.157596 100 22 0 0 0 -2.22457 100 24 0 0 0 0 0 0 0 0 0 0 0
35100 -223.201 0 0 0 1.12955 100 40 1.95344 100 21 0 0 0 -2.49745 100 23 0 0 0 0 0 0 0 0 0 0 0
35200 -222.976 0 0 0 0.968338 100 42 1.19857 100 15 0 0 0 -2.4061 100 24 0 0 0 0 0 0 0 0 0 0 0
35300 -228.678 0 0 0 -0.361489 100 40 -0.433776 100 17 0 0 0 -2.53856 100 19 0 0 0 0 0 0 0 0 0 0 0
35400 -222.608 0 0 0 0.14005 100 42 0.311097 100 22 0 0 0 -2.30569 100 23 0 0 0 0 0 0 0 0 0 0 0
35500 -222.145 0 0 0 0.112796 100 31 1.28639 100 20 0 0 0 -2.14797 100 17 0 0 0 0 0 0 0 0 0 0 0
35600 -224.655 0 0 0 -0.440734 100 37 1.39054 100 26 0 0 0 -2.4025 100 17 0 0 0 0 0 0 0 0 0 0 0
35700 -222.423 0 0 0 0.0809472 100 44 1.49585 100 28 0 0 0 -2.12444 100 27 0 0 0 0 0 0 0 0 0 0 0
35800 -224.516 0 0 0 0.119845 100 46 -1.39804 100 26 0 0 0 -2.24749 100 27 0 0 0 0 0 0 0 0 0 0 0
35900 -221.8 0 0 0 0.514815 100 35 1.81526 100 29 0 0 0 -2.34088 100 22 0 0 0 0 0 0 0 0 0 0 0
36000 -223.152 0 0 0 0.697506 100 43 0.0877262 100 19 0 0 0 -2.35928 100 18 0 0 0 0 0 0 0 0 0 0 0
36100 -222.88 0 0 0 0.242138 100 48 2.72085 100 15 0 0 0 -2.55587 100 16 0 0 0 0 0 0 0 0 0 0 0
36200 -222.313 0 0 0 0.25036 100 50 2.08853 100 12 0 0 0 -2.21514 100 18 0 0 0 0 0 0 0 0 0 0 0
36300 -221.939 0 0 0 0.671751 100 40 1.79738 100 12 0 0 0 -2.39639 100 20 0 0 0 0 0 0 0 0 0 0 0
36400 -222.089 0 0 0 0.198053 100 36 0.833335 100 24 0 0 0 -2.29878 100 19 0 0 0 0 0 0 0 0 0 0 0
36500 -222.169 0 0 0 0.00846204 100 36 0.542292 100 18 0 0 0 -2.17757 100 28 0 0 0 0 0 0 0 0 0 0 0
36600 -226.596 0 0 0 1.68052 100 43 2.07339 100 21 0 0 0 -2.7132 100 33 0 0 0 0 0 0 0 0 0 0 0
36700 -222.306 0 0 0 0.163738 100 37 1.17153 100 22 0 0 0 -2.10392 100 25 0 0 0 0 0 0 0 0 0 0 0
36800 -224.429 0 0 0 0.932061 100 40 -0.330965 100 21 0 0 0 -2.24687 100 21 0 0 0 0 0 0 0 0 0 0 0
36900 -224.24 0 0 0 0.30874 100 38 2.83403 100 19 0 0 0 -2.72276 100 20 0 0 0 0 0 0 0 0 0 0 0
37000 -224.015 0 0 0 -0.166226 100 42 -0.586225 100 10 0 0 0 -2.25931 100 20 0 0 0 0 0 0 0 0 0 0 0
37100 -225.435 0 0 0 1.65877 100 44 4.19814 100 28 0 0 0 -2.95291 100 27 0 0 0 0 0 0 0 0 0 0 0
37200 -221.976 0 0 0 0.487901 100 40 2.18899 100 27 0 0 0 -2.31096 100 19 0 0 0 0 0 0 0 0 0 0 0
37300 -223.657 0 0 0 -0.107738 100 28 -0.0403332 100 23 0 0 0 -2.31344 100 24 0 0 0 0 0 0 0 0 0 0 0
37400 -222.148 0 0 0 0.357665 100 43 1.75062 100 23 0 0 0 -2.44699 100 30 0 0 0 0 0 0 0 0 0 0 0
37500 -223.582 0 0 0 0.379069 100 49 4.10609 100 19 0 0 0 -2.64054 100 19 0 0 0 0 0 0 0 0 0 0 0
37600 -223.034 0 0 0 0.787206 100 43 0.66972 100 22 0 0 0 -2.44483 100 23 0 0 0 0 0 0 0 0 0 0 0
37700 -223.533 0 0 0 0.516443 100 42 -0.853281 100 25 0 0 0 -2.22291 100 22 0 0 0 0 0 0 0 0 0 0 0
37800 -222.322 0 0 0 0.119934 100 36 2.29896 100 32 0 0 0 -2.37586 100 24 0 0 0 0 0 0 0 0 0 0 0
37900 -222.196 0 0 0 0.723761 100 45 2.48362 100 14 0 0 0 -2.5514 100 23 0 0 0 0 0 0 0 0 0 0 0
38000 -228.207 0 0 0 1.13816 100 47 0.279699 100 31 0 0 0 -2.81144 100 22 0 0 0 0 0 0 0 0 0 0 0
38100 -225.663 0 0 0 1.47521 100 44 4.08176 100 23 0 0 0 -3.04889 100 18 0 0 0 0 0 0 0 0 0 0 0
38200 -222.03 0 0 0 0.0954943 100 32 0.83313 100 17 0 0 0 -2.23037 100 23 0 0 0 0 0 0 0 0 0 0 0
38300 -223.387 0 0 0 0.165504 100 44 1.28254 100 30 0 0 0 -2.50634 100 23 0 0 0 0 0 0 0 0 0 0 0
38400 -223.901 0 0 0 -0.11486 100 44 1.81811 100 25 0 0 0 -2.49827 100 22 0 0 0 0 0 0 0 0 0 0 0
38500 -224.802 0 0 0 0.489659 100 42 4.88421 100 22 0 0 0 -2.56164 100 24 0 0 0 0 0 0 0 0 0 0 0
38600 -223.932 0 0 0 0.44489 100 38 -1.07925 100 17 0 0 0 -2.25527 100 19 0 0 0 0 0 0 0 0 0 0 0
38700 -222.235 0 0 0 0.777876 100 38 2.63131 100 20 0 0 0 -2.41662 100 22 0 0 0 0 0 0 0 0 0 0 0
38800 -226.463 0 0 0 0.482705 100 44 5.79488 100 20 0 0 0 -2.70864 100 20 0 0 0 0 0 0 0 0 0 0 0
38900 -221.856 0 0 0 0.599165 100 44 1.94867 100 20 0 0 0 -2.404 100 26 0 0 0 0 0 0 0 0 0 0 0
39000 -222.778 0 0 0 0.0046631 100 43 0.490689 100 22 0 0 0 -2.3116 100 20 0 0 0 0 0 0 0 0 0 0 0
39100 -224.076 0 0 0 0.930122 100 36 5.01987 100 20 0 0 0 -2.7304 100 22 0 0 0 0 0 0 0 0 0 0 0
39200 -223.266 0 0 0 0.919769 100 48 4.22342 100 23 0 0 0 -2.76262 100 21 0 0 0 0 0 0 0 0 0 0 0
39300 -222.815 0 0 0 0.765735 100 38 3.90166 100 19 0 0 0 -2.58462 100 20 0 0 0 0 0 0 0 0 0 0 0
39400 -223.951 0 0 0 0.443026 100 40 -0.625962 100 21 0 0 0 -2.35674 100 20 0 0 0 0 0 0 0 0 0 0 0
39500 -222.041 0 0 0 0.229733 100 48 0.74469 100 19 0 0 0 -2.13436 100 18 0 0 0 0 0 0 0 0 0 0 0
39600 -223.641 0 0 0 -0.176111 100 31 2.6707 100 23 0 0 0 -2.43483 100 21 0 0 0 0 0 0 0 0 0 0 0
39700 -225.156 0 0 0 -0.39291 100 41 -1.72862 100 19 0 0 0 -2.12117 100 27 0 0 0 0 0 0 0 0 0 0 0
39800 -223.015 0 0 0 0.78836 100 44 3.40531 100 26 0 0 0 -2.4137 100 21 0 0 0 0 0 0 0 0 0 0 0
39900 -223.6 0 0 0 0.810057 100 34 0.240404 100 25 0 0 0 -2.43965 100 22 0 0 0 0 0 0 0 0 0 0 0
40000 -223.8 0 0 0 0.65537 100 37 -0.656536 100 23 0 0 0 -2.29329 100 24 0 0 0 0 0 0 0 0 0 0 0
40100 -222.971 0 0 0 0.854781 100 36 3.1005 100 19 0 0 0 -2.7197 100 20 0 0 0 0 0 0 0 0 0 0 0
40200 -225.959 0 0 0 -0.161929 100 40 -1.60751 100 37 0 0 0 -1.66271 100 24 0 0 0 0 0 0 0 0 0 0 0
40300 -224.901 0 0 0 1.2573 100 42 1.3583 100 24 0 0 0 -2.35319 100 23 0 0 0 0 0 0 0 0 0 0 0
40400 -222.159 0 0 0 0.169333 100 39 0.647511 100 24 0 0 0 -2.0992 100 18 0 0 0 0 0 0 0 0 0 0 0
40500 -222.629 0 0 0 0.410095 100 46 1.34201 100 19 0 0 0 -2.4896 100 18 0 0 0 0 0 0 0 0 0 0 0
40600 -223.132 0 0 0 0.938049 100 45 1.29452 100 16 0 0 0 -2.29578 100 22 0 0 0 0 0 0 0 0 0 0 0
40700 -222.746 0 0 0 -0.101694 100 40 1.27803 100 27 0 0 0 -2.33137 100 24 0 0 0 0 0 0 0 0 0 0 0
40800 -224.46 0 0 0 0.645495 100 48 -1.08261 100 27 0 0 0 -2.04974 100 24 0 0 0 0 0 0 0 0 0 0 0
40900 -223.144 0 0 0 0.917221 100 34 0.724396 100 24 0 0 0 -2.37739 100 19 0 0 0 0 0 0 0 0 0 0 0
41000 -222.036 0 0 0 0.271106 100 51 1.4837 100 14 0 0 0 -2.37957 100 17 0 0 0 0 0 0 0 0 0 0 0
41100 -222.463 0 0 0 -0.137377 100 34 1.30751 100 18 0 0 0 -2.19071 100 25 0 0 0 0 0 0 0 0 0 0 0
41200 -223.999 0 0 0 -0.142234 100 33 0.738153 100 18 0 0 0 -1.89574 100 26 0 0 0 0 0 0 0 0 0 0 0
41300 -222.725 0 0 0 0.146134 100 33 -0.0231124 100 20 0 0 0 -1.99101 100 27 0 0 0 0 0 0 0 0 0 0 0
41400 -223.046 0 0 0 0.714084 100 39 2.37688 100 30 0 0 0 -2.67054 100 17 0 0 0 0 0 0 0 0 0 0 0
41500 -222.595 0 0 0 0.943148 100 43 2.33148 100 14 0 0 0 -2.58777 100 22 0 0 0 0 0 0 0 0 0 0 0
41600 -222.227 0 0 0 0.582014 100 30 0.674715 100 20 0 0 0 -2.23766 100 27 0 0 0 0 0 0 0 0 0 0 0
41700 -222.263 0 0 0 0.265565 100 38 0.466169 100 23 0 0 0 -2.08774 100 22 0 0 0 0 0 0 0 0 0 0 0
41800 -222.376 0 0 0 0.445417 100 48 1.47114 100 33 0 0 0 -2.47594 100 19 0 0 0 0 0 0 0 0 0 0 0
41900 -222.857 0 0 0 0.925251 100 39 2.68603 100 25 0 0 0 -2.38717 100 22 0 0 0 0 0 0 0 0 0 0 0
42000 -222.197 0 0 0 0.104298 100 48 2.06285 100 33 0 0 0 -2.3262 100 26 0 0 0 0 0 0 0 0 0 0 0
42100 -221.841 0 0 0 0.553494 100 39 1.75961 100 21 0 0 0 -2.32805 100 19 0 0 0 0 0 0 0 0 0 0 0
42200 -223.451 0 0 0 0.436567 100 45 3.41341 100 23 0 0 0 -2.70225 100 24 0 0 0 0 0 0 0 0 0 0 0
42300 -223.111 0 0 0 -0.0461897 100 44 -1.01226 100 22 0 0 0 -2.06876 100 21 0 0 0 0 0 0 0 0 0 0 0
42400 -222.854 0 0 0 -0.0320033 100 43 2.4818 100 19 0 0 0 -2.2795 100 25 0 0 0 0 0 0 0 0 0 0 0
42500 -223.397 0 0 0 -0.158307 100 35 -0.686165 100 18 0 0 0 -1.88559 100 26 0 0 0 0 0 0 0 0 0 0 0
42600 -225.331 0 0 0 1.07607 100 48 1.35419 100 16 0 0 0 -2.17781 100 17 0 0 0 0 0 0 0 0 0 0 0
42700 -222.132 0 0 0 0.0472912 100 40 0.493454 100 22 0 0 0 -2.18064 100 20 0 0 0 0 0 0 0 0 0 0 0
42800 -223.097 0 0 0 0.938546 100 42 1.60055 100 27 0 0 0 -2.582 100 21 0 0 0 0 0 0 0 0 0 0 0
42900 -222.366 0 0 0 0.134938 100 46 0.234504 100 16 0 0 0 -2.24884 100 18 0 0 0 0 0 0 0 0 0 0 0
43000 -222.99 0 0 0 0.561654 100 38 2.87471 100 19 0 0 0 -2.27912 100 19 0 0 0 0 0 0 0 0 0 0 0
43100 -222.51 0 0 0 0.623231 100 35 0.389914 100 21 0 0 0 -2.22184 100 17 0 0 0 0 0 0 0 0 0 0 0
43200 -223.89 0 0 0 -0.371849 100 38 1.94391 100 24 0 0 0 -2.11384 100 32 0 0 0 0 0 0 0 0 0 0 0
43300 -226.405 0 0 0 -0.269647 100 42 -0.970989 100 33 0 0 0 -1.64232 100 23 0 0 0 0 0 0 0 0 0 0 0
43400 -223.12 0 0 0 -0.125247 100 39 1.77518 100 27 0 0 0 -2.10197 100 28 0 0 0 0 0 0 0 0 0 0 0
43500 -223.482 0 0 0 -0.175628 100 35 0.0571659 100 22 0 0 0 -1.89244 100 14 0 0 0 0 0 0 0 0 0 0 0
43600 -223.399 0 0 0 0.215238 100 46 1.22053 100 22 0 0 0 -2.51477 100 17 0 0 0 0 0 0 0 0 0 0 0
43700 -223.056 0 0 0 0.783649 100 39 0.487273 100 24 0 0 0 -2.2182 100 25 0 0 0 0 0 0 0 0 0 0 0
43800 -224.542 0 0 0 1.08437 100 43 4.5248 100 24 0 0 0 -2.96506 100 21 0 0 0 0 0 0 0 0 0 0 0
43900 -221.932 0 0 0 0.230377 100 42 1.51756 100 20 0 0 0 -2.21703 100 20 0 0 0 0 0 0 0 0 0 0 0
44000 -224.147 0 0 0 0.0148323 100 35 1.38262 100 17 0 0 0 -2.53604 100 23 0 0 0 0 0 0 0 0 0 0 0
44100 -222.359 0 0 0 0.0592318 100 47 2.06349 100 26 0 0 0 -2.24583 100 16 0 0 0 0 0 0 0 0 0 0 0
44200 -224.083 0 0 0 0.0746808 100 48 -1.32702 100 24 0 0 0 -1.8456 100 26 0 0 0 0 0 0 0 0 0 0 0
44300 -225.408 0 0 0 1.11204 100 33 5.68677 100 17 0 0 0 -3.03014 100 26 0 0 0 0 0 0 0 0 0 0 0
44400 -222.522 0 0 0 0.914336 100 41 2.47724 100 15 0 0 0 -2.41909 100 25 0 0 0 0 0 0 0 0 0 0 0
44500 -221.787 0 0 0 0.465251 100 32 1.58395 100 23 0 0 0 -2.34612 100 27 0 0 0 0 0 0 0 0 0 0 0
44600 -227.704 0 0 0 1.44759 100 40 4.99253 100 20 0 0 0 -3.26933 100 24 0 0 0 0 0 0 0 0 0 0 0
44700 -222.248 0 0 0 0.315481 100 37 0.731338 100 26 0 0 0 -2.34544 100 20 0 0 0 0 0 0 0 0 0 0 0
44800 -222.818 0 0 0 -0.105853 100 37 -0.586914 100 24 0 0 0 -2.07536 100 23 0 0 0 0 0 0 0 0 0 0 0
44900 -222.582 0 0 0 0.717425 100 44 0.731201 100 19 0 0 0 -2.24159 100 17 0 0 0 0 0 0 0 0 0 0 0
45000 -229.047 0 0 0 1.17429 100 43 2.53204 100 24 0 0 0 -3.1251 100 24 0 0 0 0 0 0 0 0 0 0 0
45100 -224.08 0 0 0 1.05966 100 43 4.34048 100 22 0 0 0 -2.55252 100 23 0 0 0 0 0 0 0 0 0 0 0
45200 -224.736 0 0 0 -0.0183786 100 42 2.66108 100 17 0 0 0 -2.64797 100 27 0 0 0 0 0 0 0 0 0 0 0
45300 -222.142 0 0 0 0.792021 100 43 1.99605 100 14 0 0 0 -2.46845 100 25 0 0 0 0 0 0 0 0 0 0 0
45400 -222.136 0 0 0 0.424908 100 36 2.81515 100 24 0 0 0 -2.43531 100 14 0 0 0 0 0 0 0 0 0 0 0
45500 -222.255 0 0 0 0.73354 100 40 1.18548 100 24 0 0 0 -2.32727 100 18 0 0 0 0 0 0 0 0 0 0 0
45600 -221.807 0 0 0 0.405172 100 35 1.96275 100 19 0 0 0 -2.35941 100 16 0 0 0 0 0 0 0 0 0 0 0
45700 -222.592 0 0 0 0.153418 100 46 -0.39311 100 29 0 0 0 -2.03825 100 18 0 0 0 0 0 0 0 0 0 0 0
45800 -222.994 0 0 0 0.141434 100 35 1.61557 100 20 0 0 0 -2.48682 100 18 0 0 0 0 0 0 0 0 0 0 0
45900 -223.269 0 0 0 0.5249 100 33 3.25846 100 12 0 0 0 -2.31138 100 23 0 0 0 0 0 0 0 0 0 0 0
46000 -222.49 0 0 0 -0.0756372 100 38 1.81427 100 24 0 0 0 -2.27195 100 22 0 0 0 0 0 0 0 0 0 0 0
46100 -224.063 0 0 0 0.357103 100 44 3.65212 100 26 0 0 0 -2.30957 100 26 0 0 0 0 0 0 0 0 0 0 0
46200 -223.054 0 0 0 -0.0365542 100 38 -0.322907 100 18 0 0 0 -2.22297 100 25 0 0 0 0 0 0 0 0 0 0 0
46300 -224.199 0 0 0 1.14525 100 35 3.19212 100 18 0 0 0 -2.86501 100 15 0 0 0 0 0 0 0 0 0 0 0
46400 -221.985 0 0 0 0.337644 100 40 2.28287 100 21 0 0 0 -2.41042 100 22 0 0 0 0 0 0 0 0 0 0 0
46500 -223.732 0 0 0 -0.129684 100 30 -0.127251 100 22 0 0 0 -2.30319 100 24 0 0 0 0 0 0 0 0 0 0 0
46600 -223.11 0 0 0 0.169334 100 49 3.34447 100 23 0 0 0 -2.406 100 23 0 0 0 0 0 0 0 0 0 0 0
46700 -223.002 0 0 0 0.648343 100 46 0.367093 100 16 0 0 0 -2.13167 100 35 0 0 0 0 0 0 0 0 0 0 0
46800 -223.936 0 0 0 -0.562826 100 35 -0.698 100 23 0 0 0 -2.00177 100 28 0 0 0 0 0 0 0 0 0 0 0
46900 -222.083 0 0 0 0.369108 100 37 0.81467 100 21 0 0 0 -2.3313 100 23 0 0 0 0 0 0 0 0 0 0 0
47000 -225.289 0 0 0 0.320604 100 33 3.75092 100 19 0 0 0 -2.23742 100 17 0 0 0 0 0 0 0 0 0 0 0
47100 -222.891 0 0 0 1.0689 100 43 3.34673 100 20 0 0 0 -2.56778 100 18 0 0 0 0 0 0 0 0 0 0 0
47200 -222.307 0 0 0 0.810354 100 35 2.09968 100 31 0 0 0 -2.36393 100 26 0 0 0 0 0 0 0 0 0 0 0
47300 -222.611 0 0 0 0.882113 100 37 1.43469 100 30 0 0 0 -2.46987 100 17 0 0 0 0 0 0 0 0 0 0 0
47400 -227.329 0 0 0 0.782324 100 38 5.6763 100 20 0 0 0 -3.14607 100 21 0 0 0 0 0 0 0 0 0 0 0
47500 -224.778 0 0 0 0.21661 100 44 -0.82997 100 18 0 0 0 -2.38033 100 23 0 0 0 0 0 0 0 0 0 0 0
47600 -226.419 0 0 0 0.747633 100 41 -1.24996 100 30 0 0 0 -2.46391 100 27 0 0 0 0 0 0 0 0 0 0 0
47700 -225.116 0 0 0 1.34582 100 41 1.56056 100 24 0 0 0 -2.70209 100 21 0 0 0 0 0 0 0 0 0 0 0
47800 -223.632 0 0 0 -0.464816 100 41 1.50526 100 22 0 0 0 -2.16307 100 22 0 0 0 0 0 0 0 0 0 0 0
47900 -225.578 0 0 0 1.35688 100 46 5.29706 100 23 0 0 0 -3.09614 100 25 0 0 0 0 0 0 0 0 0 0 0
48000 -222.772 0 0 0 0.00581824 100 42 -0.304521 100 22 0 0 0 -2.1914 100 23 0 0 0 0 0 0 0 0 0 0 0
48100 -222.96 0 0 0 1.1144 100 48 3.00204 100 14 0 0 0 -2.54791 100 20 0 0 0 0 0 0 0 0 0 0 0
48200 -222.574 0 0 0 0.552725 100 29 1.49502 100 20 0 0 0 -2.16518 100 20 0 0 0 0 0 0 0 0 0 0 0
48300 -223.699 0 0 0 1.30303 100 40 3.67252 100 30 0 0 0 -2.64956 100 25 0 0 0 0 0 0 0 0 0 0 0
48400 -225.269 0 0 0 0.893655 100 44 -0.85309 100 25 0 0 0 -2.13193 100 29 0 0 0 0 0 0 0 0 0 0 0
48500 -222.422 0 0 0 0.467085 100 39 2.50762 100 20 0 0 0 -2.5597 100 19 0 0 0 0 0 0 0 0 0 0 0
48600 -223.611 0 0 0 0.763187 100 41 0.678591 100 15 0 0 0 -2.12232 100 17 0 0 0 0 0 0 0 0 0 0 0
48700 -223.036 0 0 0 0.911694 100 48 3.86509 100 16 0 0 0 -2.54698 100 22 0 0 0 0 0 0 0 0 0 0 0
48800 -223.079 0 0 0 0.116714 100 40 -1.06804 100 26 0 0 0 -2.06333 100 20 0 0 0 0 0 0 0 0 0 0 0
48900 -225.311 0 0 0 0.943661 100 48 0.0652377 100 16 0 0 0 -2.09379 100 20 0 0 0 0 0 0 0 0 0 0 0
49000 -223.278 0 0 0 -0.42184 100 41 0.230973 100 32 0 0 0 -2.12269 100 22 0 0 0 0 0 0 0 0 0 0 0
49100 -222.944 0 0 0 0.767393 100 40 3.16964 100 24 0 0 0 -2.37639 100 21 0 0 0 0 0 0 0 0 0 0 0
49200 -223.128 0 0 0 0.191734 100 51 2.89322 100 17 0 0 0 -2.2569 100 27 0 0 0 0 0 0 0 0 0 0 0
49300 -222.101 0 0 0 0.0471882 100 45 0.557049 100 22 0 0 0 -2.15451 100 29 0 0 0 0 0 0 0 0 0 0 0
49400 -223.769 0 0 0 0.356829 100 36 2.313 100 19 0 0 0 -2.66757 100 20 0 0 0 0 0 0 0 0 0 0 0
49500 -225.845 0 0 0 1.1934 100 43 3.29162 100 23 0 0 0 -2.33129 100 23 0 0 0 0 0 0 0 0 0 0 0
49600 -222.034 0 0 0 0.401339 100 45 0.600338 100 25 0 0 0 -2.26807 100 26 0 0 0 0 0 0 0 0 0 0 0
49700 -221.907 0 0 0 0.476443 100 40 1.1559 100 19 0 0 0 -2.24316 100 24 0 0 0 0 0 0 0 0 0 0 0
49800 -222.952 0 0 0 -0.0654027 100 37 2.56239 100 23 0 0 0 -2.34681 100 23 0 0 0 0 0 0 0 0 0 0 0
49900 -222.178 0 0 0 0.602096 100 41 2.0149 100 26 0 0 0 -2.51336 100 21 0 0 0 0 0 0 0 0 0 0 0
50000 -222.266 0 0 0 0.0191723 100 34 1.08102 100 12 0 0 0 -2.28845 100 19 0 0 0 0 0 0 0 0 0 0 0
50100 -223.273 0 0 0 0.832072 100 44 0.483133 100 21 0 0 0 -2.22195 100 23 0 0 0 0 0 0 0 0 0 0 0
50200 -222.478 0 0 0 0.396514 100 48 1.38381 100 19 0 0 0 -2.47268 100 24 0 0 0 0 0 0 0 0 0 0 0
50300 -224.007 0 0 0 -0.496221 100 38 1.62384 100 17 0 0 0 -2.10035 100 25 0 0 0 0 0 0 0 0 0 0 0
50400 -222.355 0 0 0 0.575104 100 41 2.43742 100 24 0 0 0 -2.29332 100 17 0 0 0 0 0 0 0 0 0 0 0
50500 -222.286 0 0 0 0.452317 100 42 0.433946 100 16 0 0 0 -2.30772 100 25 0 0 0 0 0 0 0 0 0 0 0
50600 -222.57 0 0 0 0.589764 100 39 0.903608 100 24 0 0 0 -2.44231 100 26 0 0 0 0 0 0 0 0 0 0 0
50700 -223.025 0 0 0 1.12344 100 43 3.4161 100 24 0 0 0 -2.59681 100 21 0 0 0 0 0 0 0 0 0 0 0
50800 -222.777 0 0 0 0.305808 100 39 2.66262 100 25 0 0 0 -2.24685 100 22 0 0 0 0 0 0 0 0 0 0 0
50900 -223.018 0 0 0 -0.320643 100 41 -0.239974 100 21 0 0 0 -2.02775 100 16 0 0 0 0 0 0 0 0 0 0 0
51000 -221.839 0 0 0 0.369715 100 46 1.46525 100 16 0 0 0 -2.24416 100 20 0 0 0 0 0 0 0 0 0 0 0
51100 -222.701 0 0 0 0.642775 100 37 3.47864 100 20 0 0 0 -2.44773 100 28 0 0 0 0 0 0 0 0 0 0 0
51200 -221.945 0 0 0 0.646759 100 46 1.95008 100 19 0 0 0 -2.44373 100 23 0 0 0 0 0 0 0 0 0 0 0
51300 -223.048 0 0 0 1.15372 100 35 3.17269 100 29 0 0 0 -2.59448 100 18 0 0 0 0 0 0 0 0 0 0 0
51400 -222.11 0 0 0 0.0718393 100 37 0.459385 100 20 0 0 0 -2.1775 100 18 0 0 0 0 0 0 0 0 0 0 0
51500 -222.945 0 0 0 0.739546 100 38 1.04274 100 17 0 0 0 -2.50839 100 17 0 0 0 0 0 0 0 0 0 0 0
51600 -224.47 0 0 0 0.474693 100 48 3.5902 100 23 0 0 0 -2.26767 100 18 0 0 0 0 0 0 0 0 0 0 0
51700 -222.64 0 0 0 1.00956 100 45 2.8329 100 26 0 0 0 -2.51153 100 23 0 0 0 0 0 0 0 0 0 0 0
51800 -223.505 0 0 0 0.513759 100 33 -0.537274 100 25 0 0 0 -2.31287 100 25 0 0 0 0 0 0 0 0 0 0 0
51900 -222.59 0 0 0 0.902319 100 32 2.83375 100 23 0 0 0 -2.64078 100 22 0 0 0 0 0 0 0 0 0 0 0
52000 -224.758 0 0 0 1.24145 100 41 5.46916 100 22 0 0 0 -2.9206 100 17 0 0 0 0 0 0 0 0 0 0 0
52100 -222.583 0 0 0 0.278325 100 41 -0.295926 100 18 0 0 0 -2.20499 100 27 0 0 0 0 0 0 0 0 0 0 0
52200 -224.164 0 0 0 1.20206 100 47 4.47156 100 17 0 0 0 -2.63026 100 22 0 0 0 0 0 0 0 0 0 0 0
52300 -222.408 0 0 0 0.5356 100 45 2.78029 100 22 0 0 0 -2.33293 100 20 0 0 0 0 0 0 0 0 0 0 0
52400 -222.379 0 0 0 -0.0185631 100 36 0.143112 100 20 0 0 0 -2.05781 100 23 0 0 0 0 0 0 0 0 0 0 0
52500 -224.145 0 0 0 -0.623351 100 50 -0.771947 100 22 0 0 0 -1.94794 100 19 0 0 0 0 0 0 0 0 0 0 0
52600 -225.27 0 0 0 -0.546043 100 40 -2.04709 100 24 0 0 0 -1.73749 100 27 0 0 0 0 0 0 0 0 0 0 0
52700 -222.085 0 0 0 0.302789 100 42 0.320439 100 23 0 0 0 -2.17453 100 17 0 0 0 0 0 0 0 0 0 0 0
52800 -222.364 0 0 0 -0.0311881 100 42 1.70332 100 22 0 0 0 -2.21302 100 26 0 0 0 0 0 0 0 0 0 0 0
52900 -222.654 0 0 0 0.619141 100 37 3.42538 100 17 0 0 0 -2.44076 100 17 0 0 0 0 0 0 0 0 0 0 0
53000 -224.182 0 0 0 -0.521645 100 45 0.651537 100 20 0 0 0 -1.9291 100 21 0 0 0 0 0 0 0 0 0 0 0
53100 -222.39 0 0 0 0.847955 100 43 1.80711 100 29 0 0 0 -2.49975 100 19 0 0 0 0 0 0 0 0 0 0 0
53200 -225.402 0 0 0 0.325496 100 40 4.73413 100 24 0 0 0 -2.46606 100 24 0 0 0 0 0 0 0 0 0 0 0
53300 -222.115 0 0 0 0.225445 100 44 1.1728 100 23 0 0 0 -2.13843 100 18 0 0 0 0 0 0 0 0 0 0 0
53400 -223.528 0 0 0 0.332865 100 44 3.13393 100 14 0 0 0 -2.25371 100 21 0 0 0 0 0 0 0 0 0 0 0
53500 -222.129 0 0 0 0.014649 100 43 1.19757 100 26 0 0 0 -2.24097 100 22 0 0 0 0 0 0 0 0 0 0 0
53600 -226.101 0 0 0 -0.300331 100 45 4.17212 100 25 0 0 0 -2.47068 100 24 0 0 0 0 0 0 0 0 0 0 0
53700 -222.985 0 0 0 0.394721 100 37 -0.70037 100 25 0 0 0 -2.15114 100 22 0 0 0 0 0 0 0 0 0 0 0
53800 -222.257 0 0 0 0.0917211 100 42 0.243439 100 20 0 0 0 -2.0755 100 23 0 0 0 0 0 0 0 0 0 0 0
53900 -226.635 0 0 0 0.0225789 100 40 -1.60948 100 21 0 0 0 -2.37018 100 23 0 0 0 0 0 0 0 0 0 0 0
54000 -222.352 0 0 0 0.771986 100 42 2.95559 100 21 0 0 0 -2.60169 100 24 0 0 0 0 0 0 0 0 0 0 0
54100 -224.328 0 0 0 0.99029 100 49 2.88259 100 29 0 0 0 -2.85132 100 27 0 0 0 0 0 0 0 0 0 0 0
54200 -221.79 0 0 0 0.483428 100 45 1.74323 100 24 0 0 0 -2.32536 100 28 0 0 0 0 0 0 0 0 0 0 0
54300 -222.802 0 0 0 -0.162988 100 46 1.48131 100 25 0 0 0 -2.11764 100 23 0 0 0 0 0 0 0 0 0 0 0
54400 -223.38 0 0 0 -0.439871 100 34 -0.300518 100 27 0 0 0 -1.9883 100 26 0 0 0 0 0 0 0 0 0 0 0
54500 -221.941 0 0 0 0.173856 100 38 0.816598 100 15 0 0 0 -2.22993 100 20 0 0 0 0 0 0 0 0 0 0 0
54600 -222.728 0 0 0 0.9635 100 32 2.3096 100 28 0 0 0 -2.40226 100 32 0 0 0 0 0 0 0 0 0 0 0
54700 -224.07 0 0 0 0.747571 100 42 4.95438 100 26 0 0 0 -2.72606 100 28 0 0 0 0 0 0 0 0 0 0 0
54800 -222.358 0 0 0 0.0499504 100 39 -0.113947 100 22 0 0 0 -2.09312 100 18 0 0 0 0 0 0 0 0 0 0 0
54900 -225.467 0 0 0 1.11249 100 31 5.83335 100 22 0 0 0 -3.01599 100 20 0 0 0 0 0 0 0 0 0 0 0
55000 -222.811 0 0 0 0.812938 100 37 3.05603 100 17 0 0 0 -2.69284 100 25 0 0 0 0 0 0 0 0 0 0 0
55100 -222.779 0 0 0 0.466182 100 40 3.36954 100 19 0 0 0 -2.39833 100 26 0 0 0 0 0 0 0 0 0 0 0
55200 -223.097 0 0 0 0.549803 100 45 3.39775 100 20 0 0 0 -2.35992 100 19 0 0 0 0 0 0 0 0 0 0 0
55300 -223.048 0 0 0 0.923633 100 40 1.81312 100 30 0 0 0 -2.60887 100 14 0 0 0 0 0 0 0 0 0 0 0
55400 -224.592 0 0 0 0.860718 100 37 4.58976 100 24 0 0 0 -2.50356 100 18 0 0 0 0 0 0 0 0 0 0 0
55500 -223.375 0 0 0 -0.297234 100 38 1.39863 100 26 0 0 0 -2.32282 100 26 0 0 0 0 0 0 0 0 0 0 0
55600 -226.158 0 0 0 -0.356864 100 46 3.86484 100 26 0 0 0 -2.58578 100 19 0 0 0 0 0 0 0 0 0 0 0
55700 -223.443 0 0 0 0.68315 100 46 3.72346 100 27 0 0 0 -2.40296 100 19 0 0 0 0 0 0 0 0 0 0 0
55800 -223.187 0 0 0 0.369904 100 35 2.96334 100 32 0 0 0 -2.645 100 18 0 0 0 0 0 0 0 0 0 0 0
55900 -222.48 0 0 0 0.570087 100 44 0.840291 100 21 0 0 0 -2.15848 100 28 0 0 0 0 0 0 0 0 0 0 0
56000 -223.279 0 0 0 0.733325 100 36 0.139389 100 22 0 0 0 -2.16443 100 27 0 0 0 0 0 0 0 0 0 0 0
56100 -223.028 0 0 0 0.590877 100 42 -0.309951 100 21 0 0 0 -2.23399 100 21 0 0 0 0 0 0 0 0 0 0 0
56200 -221.99 0 0 0 0.623026 100 50 1.2794 100 27 0 0 0 -2.34808 100 18 0 0 0 0 0 0 0 0 0 0 0
56300 -221.963 0 0 0 0.448623 100 41 1.85803 100 25 0 0 0 -2.43704 100 26 0 0 0 0 0 0 0 0 0 0 0
56400 -221.991 0 0 0 0.323481 100 41 2.31394 100 15 0 0 0 -2.39773 100 16 0 0 0 0 0 0 0 0 0 0 0
56500 -223.234 0 0 0 0.72663 100 34 0.102829 100 16 0 0 0 -2.17159 100 14 0 0 0 0 0 0 0 0 0 0 0
56600 -221.966 0 0 0 0.486842 100 39 1.23555 100 19 0 0 0 -2.37438 100 17 0 0 0 0 0 0 0 0 0 0 0
56700 -222.29 0 0 0 0.518223 100 45 0.507747 100 22 0 0 0 -2.18123 100 18 0 0 0 0 0 0 0 0 0 0 0
56800 -222.405 0 0 0 -0.108394 100 41 0.291814 100 15 0 0 0 -2.09213 100 16 0 0 0 0 0 0 0 0 0 0 0
56900 -223.037 0 0 0 1.00264 100 45 1.64482 100 28 0 0 0 -2.36682 100 31 0 0 0 0 0 0 0 0 0 0 0
57000 -222.508 0 0 0 0.188436 100 35 2.20517 100 19 0 0 0 -2.20811 100 17 0 0 0 0 0 0 0 0 0 0 0
57100 -223.559 0 0 0 0.538852 100 42 3.22231 100 23 0 0 0 -2.73949 100 28 0 0 0 0 0 0 0 0 0 0 0
57200 -222.608 0 0 0 -0.0482238 100 36 1.83159 100 24 0 0 0 -2.17567 100 26 0 0 0 0 0 0 0 0 0 0 0
57300 -222.855 0 0 0 0.102268 100 44 -0.711566 100 21 0 0 0 -2.00071 100 20 0 0 0 0 0 0 0 0 0 0 0
57400 -223.638 0 0 0 0.335819 100 32 -1.11738 100 15 0 0 0 -2.20527 100 17 0 0 0 0 0 0 0 0 0 0 0
57500 -223.8 0 0 0 0.833457 100 37 1.26965 100 22 0 0 0 -2.63193 100 21 0 0 0 0 0 0 0 0 0 0 0
57600 -223.475 0 0 0 0.900862 100 40 0.848565 100 21 0 0 0 -2.22641 100 15 0 0 0 0 0 0 0 0 0 0 0
57700 -221.792 0 0 0 0.396172 100 46 1.28744 100 25 0 0 0 -2.27275 100 25 0 0 0 0 0 0 0 0 0 0 0
57800 -226.658 0 0 0 -0.949383 100 40 -1.32694 100 27 0 0 0 -2.07832 100 18 0 0 0 0 0 0 0 0 0 0 0
57900 -225.117 0 0 0 -0.0990108 100 51 4.07696 100 35 0 0 0 -2.58589 100 30 0 0 0 0 0 0 0 0 0 0 0
58000 -223.434 0 0 0 0.594111 100 42 0.346037 100 23 0 0 0 -2.46631 100 26 0 0 0 0 0 0 0 0 0 0 0
58100 -223.65 0 0 0 0.387515 100 37 0.612344 100 20 0 0 0 -1.97248 100 27 0 0 0 0 0 0 0 0 0 0 0
58200 -223.557 0 0 0 0.0578026 100 40 -1.3247 100 19 0 0 0 -1.91834 100 23 0 0 0 0 0 0 0 0 0 0 0
58300 -222.077 0 0 0 0.652339 100 46 1.8346 100 25 0 0 0 -2.30452 100 22 0 0 0 0 0 0 0 0 0 0 0
58400 -223.147 0 0 0 0.285224 100 43 -0.357304 100 26 0 0 0 -2.29874 100 23 0 0 0 0 0 0 0 0 0 0 0
58500 -222.222 0 0 0 0.756421 100 43 3.00511 100 27 0 0 0 -2.49162 100 22 0 0 0 0 0 0 0 0 0 0 0
58600 -223.391 0 0 0 0.0949602 100 34 3.36099 100 18 0 0 0 -2.51858 100 25 0 0 0 0 0 0 0 0 0 0 0
58700 -222.858 0 0 0 -0.129014 100 30 -0.182493 100 24 0 0 0 -1.96528 100 22 0 0 0 0 0 0 0 0 0 0 0
58800 -223.504 0 0 0 0.232856 100 47 -0.620031 100 29 0 0 0 -2.29109 100 23 0 0 0 0 0 0 0 0 0 0 0
58900 -224.425 0 0 0 0.382117 100 38 3.98401 100 18 0 0 0 -2.35085 100 27 0 0 0 0 0 0 0 0 0 0 0
59000 -221.98 0 0 0 0.560891 100 37 1.07662 100 21 0 0 0 -2.27945 100 22 0 0 0 0 0 0 0 0 0 0 0
59100 -222.786 0 0 0 0.117719 100 51 1.96099 100 30 0 0 0 -2.47397 100 22 0 0 0 0 0 0 0 0 0 0 0
59200 -221.997 0 0 0 0.126608 100 40 0.944706 100 20 0 0 0 -2.25229 100 26 0 0 0 0 0 0 0 0 0 0 0
59300 -223.432 0 0 0 0.637304 100 46 -0.281891 100 31 0 0 0 -2.10397 100 29 0 0 0 0 0 0 0 0 0 0 0
59400 -223.775 0 0 0 1.12909 100 39 1.32332 100 29 0 0 0 -2.55668 100 22 0 0 0 0 0 0 0 0 0 0 0
59500 -223.488 0 0 0 0.965283 100 32 3.51417 100 28 0 0 0 -2.43636 100 22 0 0 0 0 0 0 0 0 0 0 0
59600 -224.396 0 0 0 -0.350516 100 38 0.182402 100 19 0 0 0 -1.83149 100 25 0 0 0 0 0 0 0 0 0 0 0
59700 -223.143 0 0 0 0.329714 100 40 -0.742679 100 12 0 0 0 -2.01702 100 20 0 0 0 0 0 0 0 0 0 0 0
59800 -223.779 0 0 0 0.401942 100 45 3.77215 100 24 0 0 0 -2.36391 100 30 0 0 0 0 0 0 0 0 0 0 0
59900 -223.594 0 0 0 0.322209 100 48 4.06995 100 19 0 0 0 -2.59626 100 14 0 0 0 0 0 0 0 0 0 0 0
60000 -222.063 0 0 0 0.689216 100 45 1.95646 100 18 0 0 0 -2.33761 100 21 0 0 0 0 0 0 0 0 0 0 0
60100 -222.563 0 0 0 0.244768 100 39 0.921255 100 23 0 0 0 -2.40275 100 25 0 0 0 0 0 0 0 0 0 0 0
60200 -223.913 0 0 0 0.750996 100 39 4.60569 100 22 0 0 0 -2.81681 100 21 0 0 0 0 0 0 0 0 0 0 0
60300 -222.378 0 0 0 0.796393 100 32 2.72669 100 18 0 0 0 -2.40589 100 19 0 0 0 0 0 0 0 0 0 0 0
60400 -227.222 0 0 0 -0.691931 100 32 3.6528 100 30 0 0 0 -2.38943 100 25 0 0 0 0 0 0 0 0 0 0 0
60500 -222.046 0 0 0 0.0631779 100 44 0.751454 100 18 0 0 0 -2.17059 100 25 0 0 0 0 0 0 0 0 0 0 0
60600 -222.906 0 0 0 0.105646 100 43 0.445111 100 20 0 0 0 -1.97694 100 24 0 0 0 0 0 0 0 0 0 0 0
60700 -221.955 0 0 0 0.449241 100 37 2.44898 100 27 0 0 0 -2.43708 100 25 0 0 0 0 0 0 0 0 0 0 0
60800 -223.513 0 0 0 0.170638 100 35 3.53294 100 12 0 0 0 -2.37682 100 22 0 0 0 0 0 0 0 0 0 0 0
60900 -222.677 0 0 0 0.599128 100 38 0.551858 100 23 0 0 0 -2.14598 100 19 0 0 0 0 0 0 0 0 0 0 0
61000 -222.8 0 0 0 0.773297 100 34 2.41176 100 25 0 0 0 -2.64865 100 34 0 0 0 0 0 0 0 0 0 0 0
61100 -223.29 0 0 0 -0.302476 100 41 1.8595 100 18 0 0 0 -2.28936 100 21 0 0 0 0 0 0 0 0 0 0 0
61200 -223.114 0 0 0 0.517351 100 39 1.96152 100 21 0 0 0 -2.61695 100 21 0 0 0 0 0 0 0 0 0 0 0
61300 -222.351 0 0 0 0.227036 100 34 -0.140095 100 28 0 0 0 -2.16542 100 18 0 0 0 0 0 0 0 0 0 0 0
61400 -224.945 0 0 0 -0.33454 100 45 -2.0271 100 22 0 0 0 -2.05695 100 26 0 0 0 0 0 0 0 0 0 0 0
61500 -223.76 0 0 0 0.753495 100 47 4.50091 100 24 0 0 0 -2.80156 100 21 0 0 0 0 0 0 0 0 0 0 0
61600 -222.134 0 0 0 0.407027 100 37 2.7824 100 30 0 0 0 -2.42588 100 24 0 0 0 0 0 0 0 0 0 0 0
61700 -224.032 0 0 0 1.06751 100 41 2.57647 100 27 0 0 0 -2.79613 100 17 0 0 0 0 0 0 0 0 0 0 0
61800 -223.227 0 0 0 0.233933 100 43 3.59044 100 28 0 0 0 -2.44367 100 23 0 0 0 0 0 0 0 0 0 0 0
61900 -223.926 0 0 0 -0.412373 100 46 0.0354487 100 24 0 0 0 -2.22816 100 26 0 0 0 0 0 0 0 0 0 0 0
62000 -222.971 0 0 0 -0.322078 100 33 0.495796 100 26 0 0 0 -2.16358 100 21 0 0 0 0 0 0 0 0 0 0 0
62100 -222.467 0 0 0 -0.00630229 100 37 2.06054 100 21 0 0 0 -2.25514 100 22 0 0 0 0 0 0 0 0 0 0 0
62200 -222.232 0 0 0 0.277318 100 39 0.279867 100 16 0 0 0 -2.25586 100 18 0 0 0 0 0 0 0 0 0 0 0
62300 -222.241 0 0 0 0.737939 100 47 1.88326 100 27 0 0 0 -2.31831 100 28 0 0 0 0 0 0 0 0 0 0 0
62400 -224.385 0 0 0 0.166432 100 43 3.52703 100 23 0 0 0 -2.70269 100 31 0 0 0 0 0 0 0 0 0 0 0
62500 -222.463 0 0 0 0.636365 100 40 1.12319 100 23 0 0 0 -2.45644 100 25 0 0 0 0 0 0 0 0 0 0 0
62600 -226.407 0 0 0 -0.209762 100 44 4.47151 100 27 0 0 0 -2.46172 100 27 0 0 0 0 0 0 0 0 0 0 0
62700 -222.837 0 0 0 0.498881 100 33 1.10167 100 19 0 0 0 -2.09683 100 27 0 0 0 0 0 0 0 0 0 0 0
62800 -222.389 0 0 0 0.710872 100 32 1.09612 100 28 0 0 0 -2.42234 100 23 0 0 0 0 0 0 0 0 0 0 0
62900 -222.167 0 0 0 0.401913 100 39 0.458362 100 15 0 0 0 -2.28263 100 21 0 0 0 0 0 0 0 0 0 0 0
63000 -223.11 0 0 0 1.06198 100 42 3.95604 100 19 0 0 0 -2.72714 100 25 0 0 0 0 0 0 0 0 0 0 0
63100 -222.3 0 0 0 0.839487 100 42 2.97494 100 27 0 0 0 -2.5045 100 27 0 0 0 0 0 0 0 0 0 0 0
63200 -224.266 0 0 0 0.509098 100 37 -1.51908 100 18 0 0 0 -2.10288 100 18 0 0 0 0 0 0 0 0 0 0 0
63300 -222.708 0 0 0 0.468438 100 39 -0.29094 100 25 0 0 0 -2.17822 100 16 0 0 0 0 0 0 0 0 0 0 0
63400 -221.858 0 0 0 0.421419 100 47 1.02833 100 28 0 0 0 -2.2527 100 19 0 0 0 0 0 0 0 0 0 0 0
63500 -221.958 0 0 0 0.236457 100 45 0.595629 100 17 0 0 0 -2.20564 100 23 0 0 0 0 0 0 0 0 0 0 0
63600 -222.592 0 0 0 0.364664 100 39 0.626661 100 23 0 0 0 -2.39189 100 20 0 0 0 0 0 0 0 0 0 0 0
63700 -222.509 0 0 0 0.783888 100 36 2.10657 100 24 0 0 0 -2.31089 100 17 0 0 0 0 0 0 0 0 0 0 0
63800 -222.491 0 0 0 0.629091 100 43 2.52454 100 18 0 0 0 -2.29963 100 22 0 0 0 0 0 0 0 0 0 0 0
63900 -225.093 0 0 0 1.4869 100 45 4.91952 100 25 0 0 0 -3.01375 100 27 0 0 0 0 0 0 0 0 0 0 0
64000 -223.168 0 0 0 0.627344 100 40 -0.363649 100 30 0 0 0 -2.20874 100 15 0 0 0 0 0 0 0 0 0 0 0
64100 -222.669 0 0 0 -0.177404 100 35 -0.0607565 100 25 0 0 0 -2.10936 100 28 0 0 0 0 0 0 0 0 0 0 0
64200 -222.563 0 0 0 0.445603 100 40 2.60603 100 18 0 0 0 -2.57841 100 22 0 0 0 0 0 0 0 0 0 0 0
64300 -223.123 0 0 0 -0.309434 100 38 -0.53591 100 13 0 0 0 -2.00186 100 25 0 0 0 0 0 0 0 0 0 0 0
64400 -222.002 0 0 0 0.402457 100 43 1.65465 100 22 0 0 0 -2.42146 100 22 0 0 0 0 0 0 0 0 0 0 0
64500 -222.667 0 0 0 0.524228 100 31 -0.110764 100 20 0 0 0 -2.2233 100 22 0 0 0 0 0 0 0 0 0 0 0
64600 -221.808 0 0 0 0.286089 100 40 1.47984 100 21 0 0 0 -2.26731 100 25 0 0 0 0 0 0 0 0 0 0 0
64700 -223.602 0 0 0 0.731425 100 38 3.94143 100 20 0 0 0 -2.80066 100 18 0 0 0 0 0 0 0 0 0 0 0
64800 -222.861 0 0 0 -0.29738 100 45 0.153686 100 17 0 0 0 -2.09812 100 23 0 0 0 0 0 0 0 0 0 0 0
64900 -224.353 0 0 0 -0.229291 100 37 3.29489 100 17 0 0 0 -2.38765 100 19 0 0 0 0 0 0 0 0 0 0 0
65000 -222.36 0 0 0 0.206698 100 37 0.644485 100 19 0 0 0 -2.32981 100 20 0 0 0 0 0 0 0 0 0 0 0
65100 -222.864 0 0 0 0.79033 100 46 3.25308 100 26 0 0 0 -2.40731 100 22 0 0 0 0 0 0 0 0 0 0 0
65200 -221.858 0 0 0 0.448936 100 44 1.88058 100 21 0 0 0 -2.40637 100 27 0 0 0 0 0 0 0 0 0 0 0
65300 -224.439 0 0 0 0.0873611 100 42 3.31538 100 20 0 0 0 -2.67578 100 20 0 0 0 0 0 0 0 0 0 0 0
65400 -221.776 0 0 0 0.375682 100 30 1.67019 100 12 0 0 0 -2.31132 100 23 0 0 0 0 0 0 0 0 0 0 0
65500 -225.343 0 0 0 1.45087 100 45 1.63899 100 21 0 0 0 -2.5393 100 23 0 0 0 0 0 0 0 0 0 0 0
65600 -221.959 0 0 0 0.257425 100 39 1.31453 100 16 0 0 0 -2.3411 100 17 0 0 0 0 0 0 0 0 0 0 0
65700 -222.407 0 0 0 0.812827 100 43 2.0712 100 10 0 0 0 -2.55258 100 20 0 0 0 0 0 0 0 0 0 0 0
65800 -222.736 0 0 0 0.218964 100 39 1.46371 100 19 0 0 0 -2.46961 100 16 0 0 0 0 0 0 0 0 0 0 0
65900 -224.817 0 0 0 -0.122218 100 36 -2.51768 100 24 0 0 0 -1.91727 100 16 0 0 0 0 0 0 0 0 0 0 0
66000 -221.95 0 0 0 0.658212 100 40 1.88515 100 24 0 0 0 -2.43438 100 21 0 0 0 0 0 0 0 0 0 0 0
66100 -221.996 0 0 0 0.377935 100 46 1.01433 100 27 0 0 0 -2.17801 100 23 0 0 0 0 0 0 0 0 0 0 0
66200 -221.91 0 0 0 0.337985 100 38 2.00815 100 18 0 0 0 -2.29216 100 23 0 0 0 0 0 0 0 0 0 0 0
66300 -226.089 0 0 0 -1.05826 100 43 -0.280838 100 16 0 0 0 -1.86762 100 17 0 0 0 0 0 0 0 0 0 0 0
66400 -221.863 0 0 0 0.446936 100 44 1.99015 100 17 0 0 0 -2.41186 100 19 0 0 0 0 0 0 0 0 0 0 0
66500 -225.231 0 0 0 0.887387 100 48 3.83885 100 30 0 0 0 -2.97527 100 17 0 0 0 0 0 0 0 0 0 0 0
66600 -222.686 0 0 0 0.965554 100 38 1.70511 100 20 0 0 0 -2.47824 100 24 0 0 0 0 0 0 0 0 0 0 0
66700 -223.684 0 0 0 0.871197 100 37 4.58015 100 18 0 0 0 -2.80716 100 22 0 0 0 0 0 0 0 0 0 0 0
66800 -222.902 0 0 0 -0.278391 100 41 -0.0816817 100 22 0 0 0 -2.09713 100 19 0 0 0 0 0 0 0 0 0 0 0
66900 -222.278 0 0 0 0.374455 100 39 1.72776 100 14 0 0 0 -2.471 100 23 0 0 0 0 0 0 0 0 0 0 0
67000 -222.886 0 0 0 0.358619 100 36 1.86135 100 22 0 0 0 -2.12435 100 17 0 0 0 0 0 0 0 0 0 0 0
67100 -227.11 0 0 0 0.75949 100 39 5.20605 100 27 0 0 0 -2.45008 100 27 0 0 0 0 0 0 0 0 0 0 0
67200 -222.339 0 0 0 -0.0413484 100 42 0.425849 100 22 0 0 0 -2.1949 100 19 0 0 0 0 0 0 0 0 0 0 0
67300 -223.138 0 0 0 0.0327234 100 44 1.89835 100 24 0 0 0 -2.48093 100 26 0 0 0 0 0 0 0 0 0 0 0
67400 -222.637 0 0 0 -0.163588 100 46 0.650781 100 22 0 0 0 -2.04794 100 17 0 0 0 0 0 0 0 0 0 0 0
67500 -222.556 0 0 0 -0.0430392 100 47 0.8956 100 16 0 0 0 -2.0538 100 18 0 0 0 0 0 0 0 0 0 0 0
67600 -222.349 0 0 0 0.165519 100 41 0.885107 100 21 0 0 0 -2.34619 100 25 0 0 0 0 0 0 0 0 0 0 0
67700 -222.82 0 0 0 0.545953 100 37 1.97038 100 22 0 0 0 -2.59187 100 21 0 0 0 0 0 0 0 0 0 0 0
67800 -222.174 0 0 0 0.507605 100 33 2.17541 100 12 0 0 0 -2.51195 100 18 0 0 0 0 0 0 0 0 0 0 0
67900 -222.623 0 0 0 0.16624 100 43 0.495033 100 22 0 0 0 -2.33987 100 22 0 0 0 0 0 0 0 0 0 0 0
68000 -222.061 0 0 0 0.501374 100 43 1.15561 100 18 0 0 0 -2.3871 100 19 0 0 0 0 0 0 0 0 0 0 0
68100 -223.957 0 0 0 -0.276504 100 35 2.07523 100 22 0 0 0 -2.43512 100 16 0 0 0 0 0 0 0 0 0 0 0
68200 -222.668 0 0 0 0.568357 100 45 2.85773 100 21 0 0 0 -2.31402 100 29 0 0 0 0 0 0 0 0 0 0 0
68300 -223.209 0 0 0 -0.189842 100 37 -0.309728 100 26 0 0 0 -2.18964 100 26 0 0 0 0 0 0 0 0 0 0 0
68400 -222.432 0 0 0 0.527992 100 46 0.238899 100 14 0 0 0 -2.18334 100 27 0 0 0 0 0 0 0 0 0 0 0
68500 -222.633 0 0 0 0.496267 100 43 0.0980322 100 21 0 0 0 -2.11988 100 24 0 0 0 0 0 0 0 0 0 0 0
68600 -222.685 0 0 0 -0.107856 100 39 1.29424 100 14 0 0 0 -2.09089 100 26 0 0 0 0 0 0 0 0 0 0 0
68700 -221.947 0 0 0 0.537595 100 41 2.08646 100 22 0 0 0 -2.45991 100 28 0 0 0 0 0 0 0 0 0 0 0
68800 -223.373 0 0 0 1.23064 100 38 3.00043 100 17 0 0 0 -2.69474 100 24 0 0 0 0 0 0 0 0 0 0 0
68900 -222.076 0 0 0 0.35505 100 43 1.45342 100 25 0 0 0 -2.18203 100 25 0 0 0 0 0 0 0 0 0 0 0
69000 -222.982 0 0 0 1.00333 100 36 2.13026 100 17 0 0 0 -2.38 100 23 0 0 0 0 0 0 0 0 0 0 0
69100 -223.863 0 0 0 0.929451 100 34 4.01513 100 24 0 0 0 -2.8658 100 18 0 0 0 0 0 0 0 0 0 0 0
69200 -226.732 0 0 0 1.17522 100 41 2.56867 100 25 0 0 0 -2.99988 100 24 0 0 0 0 0 0 0 0 0 0 0
69300 -225.876 0 0 0 -0.417785 100 38 -0.722115 100 18 0 0 0 -1.67964 100 25 0 0 0 0 0 0 0 0 0 0 0
69400 -224.412 0 0 0 -0.145037 100 37 3.43584 100 16 0 0 0 -2.52463 100 22 0 0 0 0 0 0 0 0 0 0 0
69500 -221.94 0 0 0 0.160888 100 42 1.13594 100 21 0 0 0 -2.27085 100 30 0 0 0 0 0 0 0 0 0 0 0
69600 -223.711 0 0 0 0.692413 100 48 -0.358239 100 27 0 0 0 -2.11011 100 27 0 0 0 0 0 0 0 0 0 0 0
69700 -222.503 0 0 0 0.22113 100 38 2.62607 100 21 0 0 0 -2.29197 100 24 0 0 0 0 0 0 0 0 0 0 0
69800 -222.025 0 0 0 0.716082 100 39 1.70979 100 29 0 0 0 -2.38093 100 25 0 0 0 0 0 0 0 0 0 0 0
69900 -222.87 0 0 0 0.632905 100 44 -0.0433368 100 19 0 0 0 -2.25433 100 16 0 0 0 0 0 0 0 0 0 0 0
70000 -222.818 0 0 0 -0.238749 100 43 0.844959 100 21 0 0 0 -2.22746 100 26 0 0 0 0 0 0 0 0 0 0 0
70100 -228.288 0 0 0 -0.0699606 100 43 -4.22923 100 15 0 0 0 -1.67964 100 22 0 0 0 0 0 0 0 0 0 0 0
70200 -224.368 0 0 0 -0.19449 100 47 2.23185 100 23 0 0 0 -2.06204 100 22 0 0 0 0 0 0 0 0 0 0 0
70300 -223.656 0 0 0 -0.363559 100 43 1.56657 100 13 0 0 0 -2.32705 100 17 0 0 0 0 0 0 0 0 0 0 0
70400 -222.643 0 0 0 -0.0680882 100 49 -0.0410388 100 18 0 0 0 -2.18289 100 21 0 0 0 0 0 0 0 0 0 0 0
70500 -223.335 0 0 0 0.627383 100 43 1.3321 100 23 0 0 0 -2.10764 100 23 0 0 0 0 0 0 0 0 0 0 0
70600 -223.616 0 0 0 0.357939 100 45 -0.376894 100 29 0 0 0 -2.35935 100 24 0 0 0 0 0 0 0 0 0 0 0
70700 -221.95 0 0 0 0.597456 100 38 2.10186 100 27 0 0 0 -2.46431 100 26 0 0 0 0 0 0 0 0 0 0 0
70800 -224.158 0 0 0 -0.0776537 100 38 3.46239 100 28 0 0 0 -2.52771 100 12 0 0 0 0 0 0 0 0 0 0 0
70900 -223.608 0 0 0 0.205041 100 42 -1.44671 100 19 0 0 0 -2.09042 100 21 0 0 0 0 0 0 0 0 0 0 0
71000 -221.919 0 0 0 0.49345 100 42 2.3796 100 18 0 0 0 -2.37207 100 22 0 0 0 0 0 0 0 0 0 0 0
71100 -222.053 0 0 0 0.68573 100 45 2.50894 100 14 0 0 0 -2.40461 100 17 0 0 0 0 0 0 0 0 0 0 0
71200 -222.092 0 0 0 0.325165 100 32 1.1187 100 18 0 0 0 -2.15026 100 25 0 0 0 0 0 0 0 0 0 0 0
71300 -222.267 0 0 0 0.821561 100 42 2.10565 100 23 0 0 0 -2.51887 100 16 0 0 0 0 0 0 0 0 0 0 0
71400 -223.011 0 0 0 0.50324 100 38 2.45915 100 16 0 0 0 -2.20775 100 22 0 0 0 0 0 0 0 0 0 0 0
71500 -222.884 0 0 0 0.914342 100 46 3.20712 100 18 0 0 0 -2.44411 100 16 0 0 0 0 0 0 0 0 0 0 0
71600 -222.203 0 0 0 0.272076 100 36 0.0840593 100 20 0 0 0 -2.15523 100 11 0 0 0 0 0 0 0 0 0 0 0
71700 -222.334 0 0 0 0.539563 100 43 2.64622 100 12 0 0 0 -2.32181 100 29 0 0 0 0 0 0 0 0 0 0 0
71800 -222.319 0 0 0 0.298254 100 38 0.338194 100 20 0 0 0 -2.29175 100 22 0 0 0 0 0 0 0 0 0 0 0
71900 -226.583 0 0 0 0.73087 100 51 -2.30481 100 26 0 0 0 -2.18596 100 22 0 0 0 0 0 0 0 0 0 0 0
72000 -223.023 0 0 0 0.831501 100 35 4.14952 100 23 0 0 0 -2.66041 100 22 0 0 0 0 0 0 0 0 0 0 0
72100 -222.506 0 0 0 0.110566 100 49 0.719023 100 18 0 0 0 -2.04025 100 22 0 0 0 0 0 0 0 0 0 0 0
72200 -222.452 0 0 0 0.15237 100 45 0.882731 100 25 0 0 0 -2.06012 100 22 0 0 0 0 0 0 0 0 0 0 0
72300 -222.119 0 0 0 0.797764 100 48 2.47759 100 17 0 0 0 -2.46458 100 13 0 0 0 0 0 0 0 0 0 0 0
72400 -224.11 0 0 0 -0.571906 100 37 0.248944 100 12 0 0 0 -1.9188 100 23 0 0 0 0 0 0 0 0 0 0 0
72500 -223.062 0 0 0 -0.197345 100 32 1.33964 100 23 0 0 0 -2.06194 100 15 0 0 0 0 0 0 0 0 0 0 0
72600 -222.018 0 0 0 0.440707 100 43 2.41877 100 23 0 0 0 -2.33759 100 22 0 0 0 0 0 0 0 0 0 0 0
72700 -222.356 0 0 0 0.460284 100 37 0.143754 100 25 0 0 0 -2.23449 100 29 0 0 0 0 0 0 0 0 0 0 0
72800 -223.781 0 0 0 0.296819 100 43 -1.28859 100 21 0 0 0 -1.95692 100 20 0 0 0 0 0 0 0 0 0 0 0
72900 -223.886 0 0 0 1.12215 100 43 4.82035 100 24 0 0 0 -2.75951 100 19 0 0 0 0 0 0 0 0 0 0 0
73000 -225.942 0 0 0 -0.00588085 100 34 4.14111 100 21 0 0 0 -2.76655 100 18 0 0 0 0 0 0 0 0 0 0 0
73100 -225.101 0 0 0 -0.467031 100 49 -2.34938 100 17 0 0 0 -1.79537 100 22 0 0 0 0 0 0 0 0 0 0 0
73200 -221.934 0 0 0 0.316409 100 47 1.09235 100 26 0 0 0 -2.32538 100 32 0 0 0 0 0 0 0 0 0 0 0
73300 -222.966 0 0 0 0.314085 100 32 -0.530882 100 26 0 0 0 -2.23342 100 18 0 0 0 0 0 0 0 0 0 0 0
73400 -222.445 0 0 0 0.563594 100 36 3.37169 100 20 0 0 0 -2.48708 100 26 0 0 0 0 0 0 0 0 0 0 0
73500 -223.605 0 0 0 0.959686 100 35 1.5738 100 30 0 0 0 -2.64214 100 24 0 0 0 0 0 0 0 0 0 0 0
73600 -223.087 0 0 0 -0.366411 100 43 0.714311 100 23 0 0 0 -2.16805 100 17 0 0 0 0 0 0 0 0 0 0 0
73700 -222.021 0 0 0 0.703727 100 45 2.29136 100 22 0 0 0 -2.39437 100 26 0 0 0 0 0 0 0 0 0 0 0
73800 -224.751 0 0 0 -0.522597 100 35 1.04166 100 17 0 0 0 -2.35024 100 19 0 0 0 0 0 0 0 0 0 0 0
73900 -223.101 0 0 0 0.799643 100 44 3.84173 100 26 0 0 0 -2.74257 100 20 0 0 0 0 0 0 0 0 0 0 0
74000 -224.008 0 0 0 -0.518629 100 44 -0.0446674 100 29 0 0 0 -2.1686 100 20 0 0 0 0 0 0 0 0 0 0 0
74100 -222.576 0 0 0 0.57259 100 37 3.17643 100 17 0 0 0 -2.61876 100 16 0 0 0 0 0 0 0 0 0 0 0
74200 -223.135 0 0 0 -0.294046 100 33 1.1022 100 25 0 0 0 -2.05165 100 16 0 0 0 0 0 0 0 0 0 0 0
74300 -222.092 0 0 0 0.306438 100 36 0.467554 100 25 0 0 0 -2.25874 100 17 0 0 0 0 0 0 0 0 0 0 0
74400 -222.874 0 0 0 0.468523 100 33 0.555774 100 24 0 0 0 -2.42882 100 21 0 0 0 0 0 0 0 0 0 0 0
74500 -223.523 0 0 0 0.820681 100 45 0.215153 100 34 0 0 0 -2.19226 100 23 0 0 0 0 0 0 0 0 0 0 0
74600 -223.048 0 0 0 -0.376137 100 44 0.574412 100 17 0 0 0 -2.07852 100 21 0 0 0 0 0 0 0 0 0 0 0
74700 -222.956 0 0 0 0.489664 100 36 0.677689 100 30 0 0 0 -2.06446 100 32 0 0 0 0 0 0 0 0 0 0 0
74800 -222.159 0 0 0 0.80458 100 45 1.91466 100 20 0 0 0 -2.41576 100 19 0 0 0 0 0 0 0 0 0 0 0
74900 -222.973 0 0 0 -0.187329 100 44 0.47536 100 23 0 0 0 -2.25679 100 25 0 0 0 0 0 0 0 0 0 0 0
75000 -224.02 0 0 0 -0.0635987 100 26 3.28762 100 16 0 0 0 -2.53838 100 27 0 0 0 0 0 0 0 0 0 0 0
75100 -221.937 0 0 0 0.171303 100 39 0.783838 100 27 0 0 0 -2.18835 100 21 0 0 0 0 0 0 0 0 0 0 0
75200 -222.423 0 0 0 0.538677 100 41 2.56709 100 22 0 0 0 -2.57839 100 17 0 0 0 0 0 0 0 0 0 0 0
75300 -225.535 0 0 0 -0.420388 100 42 -0.605569 100 22 0 0 0 -1.70659 100 28 0 0 0 0 0 0 0 0 0 0 0
75400 -223.704 0 0 0 0.130232 100 38 3.58747 100 20 0 0 0 -2.37616 100 27 0 0 0 0 0 0 0 0 0 0 0
75500 -225.103 0 0 0 0.916697 100 33 2.87227 100 28 0 0 0 -2.90445 100 27 0 0 0 0 0 0 0 0 0 0 0
75600 -223.176 0 0 0 -0.361255 100 38 1.21901 100 27 0 0 0 -2.21424 100 29 0 0 0 0 0 0 0 0 0 0 0
75700 -225.093 0 0 0 -0.870663 100 48 0.297834 100 24 0 0 0 -2.08077 100 21 0 0 0 0 0 0 0 0 0 0 0
75800 -222.321 0 0 0 0.313895 100 40 2.25168 100 22 0 0 0 -2.23932 100 19 0 0 0 0 0 0 0 0 0 0 0
75900 -222.018 0 0 0 0.137301 100 36 0.546191 100 16 0 0 0 -2.17998 100 24 0 0 0 0 0 0 0 0 0 0 0
76000 -224.295 0 0 0 -0.301646 100 51 -1.79889 100 16 0 0 0 -2.01446 100 15 0 0 0 0 0 0 0 0 0 0 0
76100 -221.86 0 0 0 0.463066 100 37 1.92678 100 25 0 0 0 -2.41193 100 17 0 0 0 0 0 0 0 0 0 0 0
76200 -223.368 0 0 0 1.0686 100 37 3.86929 100 20 0 0 0 -2.79963 100 18 0 0 0 0 0 0 0 0 0 0 0
76300 -222.372 0 0 0 0.358837 100 32 -0.0771544 100 17 0 0 0 -2.17067 100 20 0 0 0 0 0 0 0 0 0 0 0
76400 -223.303 0 0 0 0.450496 100 31 -0.44131 100 25 0 0 0 -2.02116 100 21 0 0 0 0 0 0 0 0 0 0 0
76500 -222.324 0 0 0 0.434809 100 39 2.93343 100 25 0 0 0 -2.38098 100 22 0 0 0 0 0 0 0 0 0 0 0
76600 -222.763 0 0 0 0.489982 100 33 0.517678 100 26 0 0 0 -2.40963 100 28 0 0 0 0 0 0 0 0 0 0 0
76700 -223.194 0 0 0 0.822132 100 38 0.413186 100 20 0 0 0 -2.39615 100 25 0 0 0 0 0 0 0 0 0 0 0
76800 -226.903 0 0 0 0.97662 100 36 6.44423 100 31 0 0 0 -2.83637 100 21 0 0 0 0 0 0 0 0 0 0 0
76900 -223.09 0 0 0 0.56981 100 37 -0.358943 100 25 0 0 0 -2.25793 100 24 0 0 0 0 0 0 0 0 0 0 0
77000 -222.483 0 0 0 0.205593 100 48 2.67848 100 32 0 0 0 -2.31653 100 21 0 0 0 0 0 0 0 0 0 0 0
77100 -223.178 0 0 0 0.265912 100 39 0.754952 100 21 0 0 0 -1.99065 100 15 0 0 0 0 0 0 0 0 0 0 0
77200 -222.384 0 0 0 0.497334 100 31 2.87914 100 19 0 0 0 -2.56543 100 18 0 0 0 0 0 0 0 0 0 0 0
77300 -223.96 0 0 0 0.369598 100 36 2.35978 100 22 0 0 0 -2.68944 100 25 0 0 0 0 0 0 0 0 0 0 0
77400 -224.83 0 0 0 0.109603 100 39 1.15812 100 28 0 0 0 -2.59385 100 27 0 0 0 0 0 0 0 0 0 0 0
77500 -222.494 0 0 0 0.12311 100 37 2.57877 100 19 0 0 0 -2.32744 100 25 0 0 0 0 0 0 0 0 0 0 0
77600 -222.926 0 0 0 0.575189 100 43 3.14583 100 21 0 0 0 -2.33386 100 19 0 0 0 0 0 0 0 0 0 0 0
77700 -222.015 0 0 0 0.0833257 100 37 1.3477 100 22 0 0 0 -2.22266 100 15 0 0 0 0 0 0 0 0 0 0 0
77800 -226.386 0 0 0 -0.195205 100 33 -0.500745 100 23 0 0 0 -1.66929 100 33 0 0 0 0 0 0 0 0 0 0 0
77900 -224.159 0 0 0 0.653498 100 45 3.74687 100 20 0 0 0 -2.83969 100 26 0 0 0 0 0 0 0 0 0 0 0
78000 -223.161 0 0 0 0.827324 100 25 0.313811 100 21 0 0 0 -2.31497 100 22 0 0 0 0 0 0 0 0 0 0 0
78100 -224.241 0 0 0 0.945774 100 43 0.403055 100 26 0 0 0 -2.18551 100 20 0 0 0 0 0 0 0 0 0 0 0
78200 -224.171 0 0 0 0.601618 100 49 4.35009 100 20 0 0 0 -2.46291 100 31 0 0 0 0 0 0 0 0 0 0 0
78300 -223.054 0 0 0 -0.093469 100 36 0.387916 100 24 0 0 0 -2.3003 100 27 0 0 0 0 0 0 0 0 0 0 0
78400 -223.117 0 0 0 0.18284 100 42 3.37414 100 18 0 0 0 -2.51541 100 27 0 0 0 0 0 0 0 0 0 0 0
78500 -223.631 0 0 0 0.319124 100 41 -1.36111 100 26 0 0 0 -2.10679 100 24 0 0 0 0 0 0 0 0 0 0 0
78600 -224.572 0 0 0 -0.00118896 100 43 1.88463 100 16 0 0 0 -2.6006 100 18 0 0 0 0 0 0 0 0 0 0 0
78700 -223.746 0 0 0 -0.415591 100 45 -0.0949744 100 34 0 0 0 -1.89007 100 16 0 0 0 0 0 0 0 0 0 0 0
78800 -223.15 0 0 0 0.569799 100 41 -0.498826 100 31 0 0 0 -2.19017 100 25 0 0 0 0 0 0 0 0 0 0 0
78900 -223.324 0 0 0 -0.148195 100 36 2.5328 100 23 0 0 0 -2.24988 100 20 0 0 0 0 0 0 0 0 0 0 0
79000 -222.362 0 0 0 0.841274 100 39 2.65487 100 19 0 0 0 -2.42487 100 21 0 0 0 0 0 0 0 0 0 0 0
79100 -222.966 0 0 0 0.836837 100 38 1.62282 100 23 0 0 0 -2.58449 100 26 0 0 0 0 0 0 0 0 0 0 0
79200 -222.102 0 0 0 0.481526 100 47 2.63623 100 24 0 0 0 -2.49674 100 20 0 0 0 0 0 0 0 0 0 0 0
79300 -224.356 0 0 0 -0.437925 100 41 -0.97225 100 18 0 0 0 -1.79571 100 24 0 0 0 0 0 0 0 0 0 0 0
79400 -225.74 0 0 0 0.344825 100 38 -2.2945 100 27 0 0 0 -1.84586 100 17 0 0 0 0 0 0 0 0 0 0 0
79500 -222.611 0 0 0 0.499629 100 49 3.50133 100 29 0 0 0 -2.49246 100 19 0 0 0 0 0 0 0 0 0 0 0
79600 -222.608 0 0 0 0.489083 100 37 3.0479 100 24 0 0 0 -2.34958 100 24 0 0 0 0 0 0 0 0 0 0 0
79700 -222.446 0 0 0 0.337931 100 40 2.8979 100 23 0 0 0 -2.51292 100 19 0 0 0 0 0 0 0 0 0 0 0
79800 -222.655 0 0 0 0.199778 100 38 1.30345 100 15 0 0 0 -2.44078 100 25 0 0 0 0 0 0 0 0 0 0 0
79900 -222.699 0 0 0 0.263032 100 48 -0.148543 100 23 0 0 0 -2.0226 100 23 0 0 0 0 0 0 0 0 0 0 0
80000 -222.872 0 0 0 0.44301 100 35 2.16692 100 28 0 0 0 -2.59335 100 23 0 0 0 0 0 0 0 0 0 0 0
80100 -223.088 0 0 0 0.349832 100 37 -0.865613 100 25 0 0 0 -2.08626 100 28 0 0 0 0 0 0 0 0 0 0 0
80200 -223.683 0 0 0 -0.0415753 100 35 0.359751 100 22 0 0 0 -2.38341 100 19 0 0 0 0 0 0 0 0 0 0 0
80300 -221.96 0 0 0 0.580352 100 47 1.30052 100 14 0 0 0 -2.28372 100 19 0 0 0 0 0 0 0 0 0 0 0
80400 -222.856 0 0 0 0.0550683 100 48 2.28768 100 21 0 0 0 -2.46394 100 23 0 0 0 0 0 0 0 0 0 0 0
80500 -222.285 0 0 0 0.755679 100 33 2.95486 100 25 0 0 0 -2.58281 100 24 0 0 0 0 0 0 0 0 0 0 0
80600 -222.139 0 0 0 0.0468217 100 39 1.6412 100 25 0 0 0 -2.263 100 23 0 0 0 0 0 0 0 0 0 0 0
80700 -221.874 0 0 0 0.401825 100 40 2.21062 100 29 0 0 0 -2.35939 100 21 0 0 0 0 0 0 0 0 0 0 0
80800 -222.263 0 0 0 -0.00883592 100 38 0.675174 100 23 0 0 0 -2.09335 100 32 0 0 0 0 0 0 0 0 0 0 0
80900 -223.95 0 0 0 -0.554931 100 36 1.23083 100 19 0 0 0 -2.20405 100 23 0 0 0 0 0 0 0 0 0 0 0
81000 -222.113 0 0 0 0.0467442 100 33 0.913353 100 16 0 0 0 -2.13894 100 25 0 0 0 0 0 0 0 0 0 0 0
81100 -224.787 0 0 0 0.926522 100 41 0.483154 100 20 0 0 0 -2.60322 100 19 0 0 0 0 0 0 0 0 0 0 0
81200 -222.537 0 0 0 0.415245 100 45 3.01579 100 16 0 0 0 -2.35475 100 24 0 0 0 0 0 0 0 0 0 0 0
81300 -221.833 0 0 0 0.560451 100 47 1.89917 100 22 0 0 0 -2.35119 100 22 0 0 0 0 0 0 0 0 0 0 0
81400 -225.174 0 0 0 0.313739 100 40 -2.25729 100 25 0 0 0 -1.89971 100 26 0 0 0 0 0 0 0 0 0 0 0
81500 -222.997 0 0 0 0.982446 100 41 3.99547 100 17 0 0 0 -2.64538 100 20 0 0 0 0 0 0 0 0 0 0 0
81600 -223.043 0 0 0 0.612594 100 45 4.05798 100 24 0 0 0 -2.58843 100 19 0 0 0 0 0 0 0 0 0 0 0
81700 -222.044 0 0 0 0.610018 100 49 1.07678 100 21 0 0 0 -2.30229 100 20 0 0 0 0 0 0 0 0 0 0 0
81800 -225.302 0 0 0 0.787617 100 39 5.60064 100 19 0 0 0 -2.73158 100 31 0 0 0 0 0 0 0 0 0 0 0
81900 -223.051 0 0 0 -0.201271 100 32 1.1242 100 31 0 0 0 -2.31649 100 22 0 0 0 0 0 0 0 0 0 0 0
82000 -222.873 0 0 0 0.286281 100 39 -0.687631 100 19 0 0 0 -2.15842 100 20 0 0 0 0 0 0 0 0 0 0 0
82100 -224.487 0 0 0 0.411164 100 39 1.80267 100 26 0 0 0 -2.01444 100 24 0 0 0 0 0 0 0 0 0 0 0
82200 -223.26 0 0 0 -0.184355 100 46 2.10611 100 27 0 0 0 -2.16539 100 27 0 0 0 0 0 0 0 0 0 0 0
82300 -222.656 0 0 0 -0.0933619 100 39 2.02037 100 23 0 0 0 -2.25267 100 18 0 0 0 0 0 0 0 0 0 0 0
82400 -222.549 0 0 0 0.312227 100 41 2.14858 100 25 0 0 0 -2.5195 100 18 0 0 0 0 0 0 0 0 0 0 0
82500 -222.61 0 0 0 0.503138 100 41 0.872588 100 8 0 0 0 -2.11334 100 19 0 0 0 0 0 0 0 0 0 0 0
82600 -222.912 0 0 0 0.574498 100 44 1.25659 100 23 0 0 0 -2.53312 100 20 0 0 0 0 0 0 0 0 0 0 0
82700 -222.99 0 0 0 0.496588 100 32 1.03553 100 37 0 0 0 -2.07798 100 21 0 0 0 0 0 0 0 0 0 0 0
82800 -221.943 0 0 0 0.650843 100 48 1.7654 100 24 0 0 0 -2.34663 100 19 0 0 0 0 0 0 0 0 0 0 0
82900 -223.607 0 0 0 -0.235552 100 40 1.17998 100 23 0 0 0 -1.98328 100 27 0 0 0 0 0 0 0 0 0 0 0
83000 -223.163 0 0 0 1.1111 100 42 3.93796 100 14 0 0 0 -2.71972 100 28 0 0 0 0 0 0 0 0 0 0 0
83100 -224.112 0 0 0 1.36311 100 55 2.439 100 29 0 0 0 -2.5981 100 18 0 0 0 0 0 0 0 0 0 0 0
83200 -229.106 0 0 0 0.52151 100 49 2.30241 100 21 0 0 0 -3.01582 100 27 0 0 0 0 0 0 0 0 0 0 0
83300 -221.967 0 0 0 0.629926 100 39 2.5083 100 17 0 0 0 -2.41873 100 19 0 0 0 0 0 0 0 0 0 0 0
83400 -222.754 0 0 0 0.877397 100 38 2.82695 100 26 0 0 0 -2.67284 100 22 0 0 0 0 0 0 0 0 0 0 0
83500 -222.313 0 0 0 0.457022 100 38 0.338341 100 25 0 0 0 -2.29034 100 17 0 0 0 0 0 0 0 0 0 0 0
83600 -224.072 0 0 0 0.237638 100 36 3.48446 100 22 0 0 0 -2.69902 100 23 0 0 0 0 0 0 0 0 0 0 0
83700 -222.312 0 0 0 -0.00413066 100 47 1.65707 100 20 0 0 0 -2.20066 100 19 0 0 0 0 0 0 0 0 0 0 0
83800 -223.467 0 0 0 1.06587 100 48 1.4958 100 17 0 0 0 -2.57689 100 16 0 0 0 0 0 0 0 0 0 0 0
83900 -221.886 0 0 0 0.449726 100 42 1.04227 100 31 0 0 0 -2.24623 100 17 0 0 0 0 0 0 0 0 0 0 0
84000 -222.82 0 0 0 0.329552 100 40 1.12285 100 24 0 0 0 -2.05846 100 21 0 0 0 0 0 0 0 0 0 0 0
84100 -224.834 0 0 0 1.35612 100 31 2.74771 100 25 0 0 0 -2.45825 100 18 0 0 0 0 0 0 0 0 0 0 0
84200 -222.461 0 0 0 0.176336 100 36 2.71519 100 26 0 0 0 -2.36273 100 14 0 0 0 0 0 0 0 0 0 0 0
84300 -221.931 0 0 0 0.551232 100 35 1.1699 100 23 0 0 0 -2.32804 100 20 0 0 0 0 0 0 0 0 0 0 0
84400 -224.46 0 0 0 1.41865 100 52 2.50475 100 18 0 0 0 -2.7111 100 14 0 0 0 0 0 0 0 0 0 0 0
84500 -223.347 0 0 0 0.38883 100 43 -0.900575 100 25 0 0 0 -2.03246 100 13 0 0 0 0 0 0 0 0 0 0 0
84600 -222.782 0 0 0 1.04411 100 45 2.7067 100 20 0 0 0 -2.62823 100 31 0 0 0 0 0 0 0 0 0 0 0
84700 -224.449 0 0 0 0.396168 100 43 0.512305 100 25 0 0 0 -1.91711 100 16 0 0 0 0 0 0 0 0 0 0 0
84800 -225.361 0 0 0 -0.0629916 100 39 2.22791 100 25 0 0 0 -1.98257 100 27 0 0 0 0 0 0 0 0 0 0 0
84900 -222.953 0 0 0 0.30685 100 34 3.48982 100 22 0 0 0 -2.54572 100 22 0 0 0 0 0 0 0 0 0 0 0
85000 -222.407 0 0 0 0.088455 100 41 1.85094 100 13 0 0 0 -2.17846 100 23 0 0 0 0 0 0 0 0 0 0 0
85100 -221.877 0 0 0 0.554412 100 33 2.30878 100 16 0 0 0 -2.42675 100 19 0 0 0 0 0 0 0 0 0 0 0
85200 -222.918 0 0 0 0.0305256 100 41 0.559297 100 16 0 0 0 -1.97772 100 26 0 0 0 0 0 0 0 0 0 0 0
85300 -222.771 0 0 0 -0.196877 100 43 0.71579 100 22 0 0 0 -2.03677 100 25 0 0 0 0 0 0 0 0 0 0 0
85400 -222.274 0 0 0 0.710674 100 43 2.10131 100 31 0 0 0 -2.31333 100 22 0 0 0 0 0 0 0 0 0 0 0
85500 -224.109 0 0 0 -0.577833 100 46 0.925524 100 30 0 0 0 -2.21794 100 22 0 0 0 0 0 0 0 0 0 0 0
85600 -221.89 0 0 0 0.222068 100 34 1.43204 100 16 0 0 0 -2.22496 100 26 0 0 0 0 0 0 0 0 0 0 0
85700 -222.071 0 0 0 0.462638 100 47 0.592255 100 29 0 0 0 -2.22222 100 29 0 0 0 0 0 0 0 0 0 0 0
85800 -222.691 0 0 0 -0.164082 100 31 0.137113 100 20 0 0 0 -2.16974 100 20 0 0 0 0 0 0 0 0 0 0 0
85900 -222.275 0 0 0 0.542816 100 36 1.52693 100 30 0 0 0 -2.20259 100 26 0 0 0 0 0 0 0 0 0 0 0
86000 -222.959 0 0 0 0.265033 100 36 0.0785502 100 28 0 0 0 -2.34488 100 26 0 0 0 0 0 0 0 0 0 0 0
86100 -222.087 0 0 0 0.539485 100 41 2.62053 100 19 0 0 0 -2.50912 100 16 0 0 0 0 0 0 0 0 0 0 0
86200 -222.347 0 0 0 0.410684 100 41 0.0465118 100 22 0 0 0 -2.20587 100 24 0 0 0 0 0 0 0 0 0 0 0
86300 -223.4 0 0 0 -0.114935 100 44 0.936386 100 29 0 0 0 -2.38672 100 25 0 0 0 0 0 0 0 0 0 0 0
86400 -222.804 0 0 0 0.823166 100 34 3.90388 100 17 0 0 0 -2.64265 100 23 0 0 0 0 0 0 0 0 0 0 0
86500 -222.558 0 0 0 0.182107 100 51 0.855417 100 18 0 0 0 -2.04687 100 15 0 0 0 0 0 0 0 0 0 0 0
86600 -223.176 0 0 0 -0.0701139 100 44 -0.74556 100 19 0 0 0 -2.15259 100 27 0 0 0 0 0 0 0 0 0 0 0
86700 -222.102 0 0 0 0.682316 100 44 2.11774 100 23 0 0 0 -2.33708 100 23 0 0 0 0 0 0 0 0 0 0 0
86800 -223.165 0 0 0 1.18369 100 38 2.70193 100 18 0 0 0 -2.57077 100 24 0 0 0 0 0 0 0 0 0 0 0
86900 -222.31 0 0 0 0.577378 100 41 2.72529 100 13 0 0 0 -2.57076 100 16 0 0 0 0 0 0 0 0 0 0 0
87000 -222.455 0 0 0 0.716268 100 38 3.47062 100 24 0 0 0 -2.57997 100 27 0 0 0 0 0 0 0 0 0 0 0
87100 -228.47 0 0 0 1.99448 100 35 5.75872 100 21 0 0 0 -3.32942 100 17 0 0 0 0 0 0 0 0 0 0 0
87200 -223.475 0 0 0 1.05037 100 40 2.45596 100 16 0 0 0 -2.72359 100 15 0 0 0 0 0 0 0 0 0 0 0
87300 -222.674 0 0 0 0.0109935 100 40 1.10729 100 20 0 0 0 -2.05085 100 21 0 0 0 0 0 0 0 0 0 0 0
87400 -222.177 0 0 0 0.645231 100 47 2.08474 100 19 0 0 0 -2.52081 100 23 0 0 0 0 0 0 0 0 0 0 0
87500 -222.503 0 0 0 0.715382 100 49 1.10904 100 15 0 0 0 -2.45002 100 20 0 0 0 0 0 0 0 0 0 0 0
87600 -223.167 0 0 0 0.588549 100 29 0.789408 100 19 0 0 0 -2.08379 100 21 0 0 0 0 0 0 0 0 0 0 0
87700 -222.275 0 0 0 0.603345 100 48 1.64646 100 14 0 0 0 -2.49451 100 15 0 0 0 0 0 0 0 0 0 0 0
87800 -226.641 0 0 0 0.241191 100 44 -2.16495 100 21 0 0 0 -2.31454 100 26 0 0 0 0 0 0 0 0 0 0 0
87900 -222.158 0 0 0 0.531527 100 45 2.86623 100 20 0 0 0 -2.51469 100 20 0 0 0 0 0 0 0 0 0 0 0
88000 -224.04 0 0 0 -0.479219 100 34 1.12597 100 30 0 0 0 -1.99267 100 29 0 0 0 0 0 0 0 0 0 0 0
88100 -223.606 0 0 0 1.04165 100 43 0.838215 100 22 0 0 0 -2.43262 100 19 0 0 0 0 0 0 0 0 0 0 0
88200 -223.107 0 0 0 0.664652 100 44 -0.178226 100 18 0 0 0 -2.26183 100 21 0 0 0 0 0 0 0 0 0 0 0
88300 -222.399 0 0 0 0.516027 100 37 1.64459 100 19 0 0 0 -2.50636 100 26 0 0 0 0 0 0 0 0 0 0 0
88400 -221.857 0 0 0 0.381684 100 25 0.965725 100 20 0 0 0 -2.24113 100 22 0 0 0 0 0 0 0 0 0 0 0
88500 -223.584 0 0 0 -0.231574 100 40 -1.38584 100 25 0 0 0 -1.95127 100 19 0 0 0 0 0 0 0 0 0 0 0
88600 -222.58 0 0 0 0.699077 100 45 0.557032 100 25 0 0 0 -2.33803 100 21 0 0 0 0 0 0 0 0 0 0 0
88700 -225.44 0 0 0 -0.834932 100 33 0.593832 100 21 0 0 0 -2.20753 100 28 0 0 0 0 0 0 0 0 0 0 0
88800 -223.686 0 0 0 0.908605 100 37 3.0033 100 15 0 0 0 -2.32787 100 24 0 0 0 0 0 0 0 0 0 0 0
88900 -224.548 0 0 0 1.21903 100 36 1.05486 100 20 0 0 0 -2.57373 100 22 0 0 0 0 0 0 0 0 0 0 0
89000 -223.717 0 0 0 1.1547 100 36 1.56159 100 23 0 0 0 -2.58099 100 23 0 0 0 0 0 0 0 0 0 0 0
89100 -222.876 0 0 0 -0.256027 100 39 1.49499 100 23 0 0 0 -2.18289 100 17 0 0 0 0 0 0 0 0 0 0 0
89200 -222.332 0 0 0 0.888055 100 44 2.82957 100 22 0 0 0 -2.50556 100 16 0 0 0 0 0 0 0 0 0 0 0
89300 -223.616 0 0 0 0.691559 100 49 1.2224 100 15 0 0 0 -2.60713 100 27 0 0 0 0 0 0 0 0 0 0 0
89400 -222.343 0 0 0 0.140981 100 40 2.15918 100 28 0 0 0 -2.4121 100 31 0 0 0 0 0 0 0 0 0 0 0
89500 -224.156 0 0 0 0.623932 100 39 3.87045 100 20 0 0 0 -2.35773 100 21 0 0 0 0 0 0 0 0 0 0 0
89600 -221.867 0 0 0 0.285091 100 44 1.67143 100 14 0 0 0 -2.34498 100 24 0 0 0 0 0 0 0 0 0 0 0
89700 -222.412 0 0 0 0.518636 100 41 0.610446 100 13 0 0 0 -2.36826 100 28 0 0 0 0 0 0 0 0 0 0 0
89800 -223.295 0 0 0 0.023732 100 41 2.85002 100 18 0 0 0 -2.50547 100 15 0 0 0 0 0 0 0 0 0 0 0
89900 -225.697 0 0 0 1.21093 100 41 0.118941 100 19 0 0 0 -2.30959 100 14 0 0 0 0 0 0 0 0 0 0 0
90000 -223.231 0 0 0 1.03517 100 37 2.42819 100 26 0 0 0 -2.69018 100 20 0 0 0 0 0 0 0 0 0 0 0
90100 -222.976 0 0 0 0.862338 100 34 0.677403 100 19 0 0 0 -2.36669 100 26 0 0 0 0 0 0 0 0 0 0 0
90200 -225.355 0 0 0 1.08206 100 40 0.258996 100 12 0 0 0 -2.18994 100 24 0 0 0 0 0 0 0 0 0 0 0
90300 -223.597 0 0 0 0.848128 100 41 2.93652 100 23 0 0 0 -2.30574 100 29 0 0 0 0 0 0 0 0 0 0 0
90400 -223.297 0 0 0 1.07243 100 34 1.46764 100 24 0 0 0 -2.51891 100 20 0 0 0 0 0 0 0 0 0 0 0
90500 -221.862 0 0 0 0.462003 100 42 2.25323 100 13 0 0 0 -2.37569 100 30 0 0 0 0 0 0 0 0 0 0 0
90600 -223.02 0 0 0 1.07541 100 38 1.91456 100 21 0 0 0 -2.53936 100 23 0 0 0 0 0 0 0 0 0 0 0
90700 -223.324 0 0 0 -0.324585 100 34 0.653262 100 21 0 0 0 -2.2529 100 14 0 0 0 0 0 0 0 0 0 0 0
90800 -224.901 0 0 0 -0.184091 100 47 3.53228 100 25 0 0 0 -2.30613 100 24 0 0 0 0 0 0 0 0 0 0 0
90900 -224.064 0 0 0 0.879355 100 46 -0.293099 100 13 0 0 0 -2.26786 100 23 0 0 0 0 0 0 0 0 0 0 0
91000 -222.51 0 0 0 0.326174 100 41 1.82293 100 22 0 0 0 -2.49874 100 20 0 0 0 0 0 0 0 0 0 0 0
91100 -222.191 0 0 0 0.471247 100 48 0.514051 100 22 0 0 0 -2.18101 100 23 0 0 0 0 0 0 0 0 0 0 0
91200 -223.062 0 0 0 0.2152 100 38 2.85108 100 23 0 0 0 -2.57022 100 19 0 0 0 0 0 0 0 0 0 0 0
91300 -225.517 0 0 0 1.31911 100 43 2.99591 100 19 0 0 0 -2.95422 100 19 0 0 0 0 0 0 0 0 0 0 0
91400 -223.416 0 0 0 0.219617 100 36 3.47771 100 22 0 0 0 -2.60162 100 21 0 0 0 0 0 0 0 0 0 0 0
91500 -223.668 0 0 0 0.0609652 100 40 -1.22055 100 24 0 0 0 -1.88865 100 22 0 0 0 0 0 0 0 0 0 0 0
91600 -222.195 0 0 0 0.0290968 100 45 1.60143 100 11 0 0 0 -2.21402 100 18 0 0 0 0 0 0 0 0 0 0 0
91700 -222.127 0 0 0 0.169918 100 39 0.970552 100 17 0 0 0 -2.31518 100 25 0 0 0 0 0 0 0 0 0 0 0
91800 -224.618 0 0 0 0.504209 100 33 -0.570894 100 18 0 0 0 -2.43449 100 22 0 0 0 0 0 0 0 0 0 0 0
91900 -222.554 0 0 0 0.934694 100 38 3.31411 100 25 0 0 0 -2.56269 100 17 0 0 0 0 0 0 0 0 0 0 0
92000 -223.388 0 0 0 -0.0374714 100 31 1.96445 100 15 0 0 0 -2.48356 100 18 0 0 0 0 0 0 0 0 0 0 0
92100 -222.67 0 0 0 0.629731 100 43 3.46792 100 26 0 0 0 -2.45007 100 25 0 0 0 0 0 0 0 0 0 0 0
92200 -222.167 0 0 0 0.064644 100 49 1.80728 100 20 0 0 0 -2.25955 100 26 0 0 0 0 0 0 0 0 0 0 0
92300 -222.147 0 0 0 0.268281 100 43 1.85345 100 26 0 0 0 -2.20823 100 26 0 0 0 0 0 0 0 0 0 0 0
92400 -222.467 0 0 0 0.353507 100 31 3.13875 100 26 0 0 0 -2.44733 100 20 0 0 0 0 0 0 0 0 0 0 0
92500 -222.629 0 0 0 0.234416 100 43 0.494186 100 17 0 0 0 -2.35647 100 21 0 0 0 0 0 0 0 0 0 0 0
92600 -223.25 0 0 0 0.658088 100 40 0.892027 100 22 0 0 0 -2.52701 100 23 0 0 0 0 0 0 0 0 0 0 0
92700 -222.007 0 0 0 0.119888 100 32 0.63626 100 20 0 0 0 -2.17937 100 27 0 0 0 0 0 0 0 0 0 0 0
92800 -222.785 0 0 0 -0.194195 100 40 0.519237 100 18 0 0 0 -2.22289 100 28 0 0 0 0 0 0 0 0 0 0 0
92900 -223.828 0 0 0 -0.444965 100 47 1.77225 100 18 0 0 0 -2.13757 100 20 0 0 0 0 0 0 0 0 0 0 0
93000 -223.042 0 0 0 0.55801 100 46 2.93594 100 19 0 0 0 -2.28293 100 23 0 0 0 0 0 0 0 0 0 0 0
93100 -223.179 0 0 0 0.682705 100 36 -0.210179 100 22 0 0 0 -2.24063 100 24 0 0 0 0 0 0 0 0 0 0 0
93200 -222.417 0 0 0 0.212795 100 34 1.26483 100 17 0 0 0 -2.40939 100 28 0 0 0 0 0 0 0 0 0 0 0
93300 -222.558 0 0 0 0.666798 100 39 0.559973 100 25 0 0 0 -2.35509 100 18 0 0 0 0 0 0 0 0 0 0 0
93400 -222.661 0 0 0 0.992599 100 41 2.03244 100 21 0 0 0 -2.45422 100 21 0 0 0 0 0 0 0 0 0 0 0
93500 -223.19 0 0 0 1.05875 100 41 2.71427 100 26 0 0 0 -2.70915 100 24 0 0 0 0 0 0 0 0 0 0 0
93600 -222.27 0 0 0 0.80444 100 46 1.85758 100 18 0 0 0 -2.49242 100 24 0 0 0 0 0 0 0 0 0 0 0
93700 -223.078 0 0 0 -0.0304365 100 37 2.069 100 19 0 0 0 -2.45091 100 17 0 0 0 0 0 0 0 0 0 0 0
93800 -225.415 0 0 0 1.6355 100 45 3.77806 100 25 0 0 0 -2.92663 100 20 0 0 0 0 0 0 0 0 0 0 0
93900 -223.276 0 0 0 -0.0260471 100 39 2.25315 100 23 0 0 0 -2.14486 100 27 0 0 0 0 0 0 0 0 0 0 0
94000 -222.953 0 0 0 -0.00402047 100 40 -0.351605 100 26 0 0 0 -2.2125 100 21 0 0 0 0 0 0 0 0 0 0 0
94100 -223.072 0 0 0 1.13871 100 30 2.41654 100 17 0 0 0 -2.59374 100 25 0 0 0 0 0 0 0 0 0 0 0
94200 -222.595 0 0 0 -0.00577762 100 26 0.557133 100 14 0 0 0 -2.01888 100 25 0 0 0 0 0 0 0 0 0 0 0
94300 -222.145 0 0 0 0.762388 100 37 2.603 100 18 0 0 0 -2.53396 100 29 0 0 0 0 0 0 0 0 0 0 0
94400 -222.654 0 0 0 0.534515 100 43 1.56845 100 18 0 0 0 -2.53389 100 19 0 0 0 0 0 0 0 0 0 0 0
94500 -222.186 0 0 0 0.830385 100 47 2.54366 100 27 0 0 0 -2.47003 100 22 0 0 0 0 0 0 0 0 0 0 0
94600 -222.388 0 0 0 0.449829 100 48 1.07472 100 20 0 0 0 -2.13187 100 20 0 0 0 0 0 0 0 0 0 0 0
94700 -222.846 0 0 0 0.335328 100 47 2.59488 100 15 0 0 0 -2.58331 100 26 0 0 0 0 0 0 0 0 0 0 0
94800 -224.178 0 0 0 -0.408141 100 42 0.345458 100 15 0 0 0 -1.87101 100 25 0 0 0 0 0 0 0 0 0 0 0
94900 -223.24 0 0 0 0.504281 100 50 1.68677 100 16 0 0 0 -2.10485 100 31 0 0 0 0 0 0 0 0 0 0 0
95000 -222.202 0 0 0 0.466572 100 36 0.458205 100 26 0 0 0 -2.18151 100 23 0 0 0 0 0 0 0 0 0 0 0
95100 -222.23 0 0 0 0.667316 100 41 2.45665 100 21 0 0 0 -2.55752 100 27 0 0 0 0 0 0 0 0 0 0 0
95200 -222.161 0 0 0 0.311352 100 41 2.24557 100 20 0 0 0 -2.26834 100 23 0 0 0 0 0 0 0 0 0 0 0
95300 -222.046 0 0 0 0.679794 100 44 1.52025 100 17 0 0 0 -2.40868 100 22 0 0 0 0 0 0 0 0 0 0 0
95400 -223.445 0 0 0 0.225401 100 31 -1.264 100 28 0 0 0 -2.11822 100 26 0 0 0 0 0 0 0 0 0 0 0
95500 -226.272 0 0 0 0.673503 100 36 0.0174212 100 23 0 0 0 -1.89334 100 22 0 0 0 0 0 0 0 0 0 0 0
95600 -225.432 0 0 0 0.576845 100 34 -1.50898 100 28 0 0 0 -2.33333 100 24 0 0 0 0 0 0 0 0 0 0 0
95700 -221.802 0 0 0 0.371241 100 48 1.774 100 21 0 0 0 -2.35118 100 26 0 0 0 0 0 0 0 0 0 0 0
95800 -222.827 0 0 0 -0.0895224 100 29 -0.651907 100 21 0 0 0 -2.06255 100 20 0 0 0 0 0 0 0 0 0 0 0
95900 -223.283 0 0 0 0.076382 100 35 2.94978 100 23 0 0 0 -2.53079 100 19 0 0 0 0 0 0 0 0 0 0 0
96000 -222.052 0 0 0 0.429453 100 42 1.87794 100 30 0 0 0 -2.45448 100 17 0 0 0 0 0 0 0 0 0 0 0
96100 -223.048 0 0 0 -0.199583 100 39 -0.775374 100 27 0 0 0 -2.01229 100 23 0 0 0 0 0 0 0 0 0 0 0
96200 -223.207 0 0 0 0.821228 100 42 3.14977 100 12 0 0 0 -2.36072 100 22 0 0 0 0 0 0 0 0 0 0 0
96300 -223.738 0 0 0 0.0704803 100 42 -1.61878 100 24 0 0 0 -1.9409 100 24 0 0 0 0 0 0 0 0 0 0 0
96400 -221.996 0 0 0 0.725378 100 39 2.25052 100 20 0 0 0 -2.45154 100 28 0 0 0 0 0 0 0 0 0 0 0
96500 -223.188 0 0 0 1.05912 100 40 3.74444 100 14 0 0 0 -2.56191 100 26 0 0 0 0 0 0 0 0 0 0 0
96600 -224.101 0 0 0 1.19117 100 35 2.10276 100 20 0 0 0 -2.72694 100 25 0 0 0 0 0 0 0 0 0 0 0
96700 -222.413 0 0 0 0.729183 100 43 1.20543 100 14 0 0 0 -2.26335 100 23 0 0 0 0 0 0 0 0 0 0 0
96800 -222.19 0 0 0 0.196451 100 52 0.43212 100 22 0 0 0 -2.09265 100 24 0 0 0 0 0 0 0 0 0 0 0
96900 -222.985 0 0 0 0.810416 100 37 3.95721 100 18 0 0 0 -2.70986 100 23 0 0 0 0 0 0 0 0 0 0 0
97000 -222.475 0 0 0 0.26678 100 44 2.85479 100 19 0 0 0 -2.48094 100 18 0 0 0 0 0 0 0 0 0 0 0
97100 -223.775 0 0 0 1.05498 100 42 1.01061 100 19 0 0 0 -2.53484 100 19 0 0 0 0 0 0 0 0 0 0 0
97200 -222.453 0 0 0 0.492955 100 40 1.65192 100 25 0 0 0 -2.17408 100 21 0 0 0 0 0 0 0 0 0 0 0
97300 -222.938 0 0 0 -0.327982 100 41 0.978371 100 20 0 0 0 -2.15508 100 24 0 0 0 0 0 0 0 0 0 0 0
97400 -222.637 0 0 0 0.0868174 100 44 2.308 100 13 0 0 0 -2.44171 100 20 0 0 0 0 0 0 0 0 0 0 0
97500 -223.096 0 0 0 0.41636 100 42 -0.0987446 100 21 0 0 0 -2.01816 100 20 0 0 0 0 0 0 0 0 0 0 0
97600 -224.681 0 0 0 -0.444563 100 46 0.953357 100 19 0 0 0 -2.37606 100 18 0 0 0 0 0 0 0 0 0 0 0
97700 -224.006 0 0 0 -0.239887 100 48 1.92323 100 20 0 0 0 -2.45743 100 19 0 0 0 0 0 0 0 0 0 0 0
97800 -224.187 0 0 0 0.7504 100 40 -0.168481 100 29 0 0 0 -2.07517 100 18 0 0 0 0 0 0 0 0 0 0 0
97900 -222.064 0 0 0 0.268113 100 32 1.73623 100 27 0 0 0 -2.40137 100 27 0 0 0 0 0 0 0 0 0 0 0
98000 -223.265 0 0 0 0.699765 100 41 4.29448 100 20 0 0 0 -2.68875 100 26 0 0 0 0 0 0 0 0 0 0 0
98100 -224.429 0 0 0 -0.595001 100 42 -1.33832 100 18 0 0 0 -1.86725 100 21 0 0 0 0 0 0 0 0 0 0 0
98200 -226.217 0 0 0 -0.390012 100 40 2.37483 100 19 0 0 0 -2.60552 100 20 0 0 0 0 0 0 0 0 0 0 0
98300 -223.208 0 0 0 0.362917 100 37 -0.966821 100 14 0 0 0 -2.1013 100 20 0 0 0 0 0 0 0 0 0 0 0
98400 -223.216 0 0 0 -0.101691 100 38 1.94864 100 21 0 0 0 -2.11331 100 26 0 0 0 0 0 0 0 0 0 0 0
98500 -223.007 0 0 0 0.629218 100 40 1.35034 100 25 0 0 0 -2.13816 100 25 0 0 0 0 0 0 0 0 0 0 0
98600 -222.944 0 0 0 -0.0240645 100 29 -0.197959 100 17 0 0 0 -2.23061 100 29 0 0 0 0 0 0 0 0 0 0 0
98700 -222.5 0 0 0 0.465149 100 40 3.36021 100 28 0 0 0 -2.50069 100 17 0 0 0 0 0 0 0 0 0 0 0
98800 -222.952 0 0 0 -0.252895 100 36 0.575144 100 23 0 0 0 -2.22464 100 21 0 0 0 0 0 0 0 0 0 0 0
98900 -223.297 0 0 0 0.464544 100 38 2.42266 100 29 0 0 0 -2.17205 100 29 0 0 0 0 0 0 0 0 0 0 0
99000 -222.138 0 0 0 0.252714 100 44 0.53683 100 20 0 0 0 -2.27883 100 21 0 0 0 0 0 0 0 0 0 0 0
99100 -225.551 0 0 0 0.263753 100 37 4.98928 100 20 0 0 0 -2.56333 100 17 0 0 0 0 0 0 0 0 0 0 0
99200 -222.199 0 0 0 0.114894 100 33 2.11733 100 24 0 0 0 -2.3029 100 22 0 0 0 0 0 0 0 0 0 0 0
99300 -223.616 0 0 0 1.21984 100 44 3.72464 100 23 0 0 0 -2.59096 100 21 0 0 0 0 0 0 0 0 0 0 0
99400 -223.847 0 0 0 0.141614 100 45 -1.23508 100 21 0 0 0 -2.20234 100 29 0 0 0 0 0 0 0 0 0 0 0
99500 -224.62 0 0 0 -0.774731 100 41 0.583886 100 23 0 0 0 -2.07936 100 19 0 0 0 0 0 0 0 0 0 0 0
99600 -222.169 0 0 0 0.570068 100 42 0.688165 100 21 0 0 0 -2.25887 100 23 0 0 0 0 0 0 0 0 0 0 0
99700 -222.046 0 0 0 0.520015 100 39 2.69971 100 22 0 0 0 -2.48074 100 29 0 0 0 0 0 0 0 0 0 0 0
99800 -222.798 0 0 0 -0.280637 100 49 0.889371 100 20 0 0 0 -2.10838 100 20 0 0 0 0 0 0 0 0 0 0 0
99900 -223.342 0 0 0 1.12899 100 42 4.17234 100 29 0 0 0 -2.75083 100 21 0 0 0 0 0 0 0 0 0 0 0
100000 -224.91 0 0 0 -0.299062 100 32 0.314966 100 13 0 0 0 -2.3991 100 26 0 0 0 0 0 0 0 0 0 0 0
