iteration logLik intercept1 intercept1_p intercept1_a pcov2 pcov2_p pcov2_a pcov3 pcov3_p pcov3_a pcov4 pcov4_p pcov4_a intercept2 intercept2_p intercept2_a intercept3 intercept3_p intercept3_a intercept4 intercept4_p intercept4_a pcov pcov_p pcov_a data_p data_a
0 -162322 0 0 0 11.3435 0 0 12.1215 0 0 0 0 0 -2.64997 0 0 0 0 0 0 0 0 0 0 0 0 0
100 -271.24 0 0 0 2.74245 100 30 10.2559 100 24 0 0 0 -4.00308 100 30 0 0 0 0 0 0 0 0 0 0 0
200 -268.215 0 0 0 0.884206 100 20 0.328718 100 27 0 0 0 -2.4318 100 25 0 0 0 0 0 0 0 0 0 0 0
300 -267.077 0 0 0 1.21437 100 30 2.7414 100 31 0 0 0 -2.86265 100 23 0 0 0 0 0 0 0 0 0 0 0
400 -269.648 0 0 0 1.55927 100 21 6.39817 100 25 0 0 0 -3.44522 100 20 0 0 0 0 0 0 0 0 0 0 0
500 -268.014 0 0 0 0.788786 100 24 0.430673 100 19 0 0 0 -2.47499 100 20 0 0 0 0 0 0 0 0 0 0 0
600 -267.645 0 0 0 1.02437 100 21 1.40354 100 24 0 0 0 -2.7097 100 27 0 0 0 0 0 0 0 0 0 0 0
700 -268.155 0 0 0 1.73693 100 38 5.31538 100 25 0 0 0 -3.40679 100 20 0 0 0 0 0 0 0 0 0 0 0
800 -267.641 0 0 0 1.17189 100 25 1.51718 100 26 0 0 0 -2.76962 100 24 0 0 0 0 0 0 0 0 0 0 0
900 -268.88 0 0 0 1.92183 100 32 4.40051 100 25 0 0 0 -3.46388 100 25 0 0 0 0 0 0 0 0 0 0 0
1000 -267.773 0 0 0 2.04573 100 19 5.66869 100 22 0 0 0 -3.47309 100 17 0 0 0 0 0 0 0 0 0 0 0
1100 -268.218 0 0 0 1.79245 100 33 3.02724 100 20 0 0 0 -3.1307 100 20 0 0 0 0 0 0 0 0 0 0 0
1200 -269.086 0 0 0 1.39967 100 28 2.61672 100 28 0 0 0 -3.14344 100 21 0 0 0 0 0 0 0 0 0 0 0
1300 -267.913 0 0 0 1.10911 100 32 2.08746 100 28 0 0 0 -2.8702 100 16 0 0 0 0 0 0 0 0 0 0 0
1400 -267.057 0 0 0 1.6701 100 20 5.28846 100 26 0 0 0 -3.1671 100 14 0 0 0 0 0 0 0 0 0 0 0
1500 -267.336 0 0 0 0.882604 100 22 2.45357 100 29 0 0 0 -2.57856 100 26 0 0 0 0 0 0 0 0 0 0 0
1600 -267.401 0 0 0 1.86219 100 22 5.84666 100 22 0 0 0 -3.36735 100 23 0 0 0 0 0 0 0 0 0 0 0
1700 -266.94 0 0 0 1.62553 100 25 4.52973 100 23 0 0 0 -3.12965 100 17 0 0 0 0 0 0 0 0 0 0 0
1800 -267.129 0 0 0 1.39729 100 24 3.85943 100 27 0 0 0 -2.83884 100 23 0 0 0 0 0 0 0 0 0 0 0
1900 -267.525 0 0 0 1.74567 100 25 5.41039 100 27 0 0 0 -3.09745 100 30 0 0 0 0 0 0 0 0 0 0 0
2000 -269.412 0 0 0 2.08978 100 27 5.12341 100 19 0 0 0 -3.62019 100 22 0 0 0 0 0 0 0 0 0 0 0
2100 -267.908 0 0 0 1.18669 100 30 4.8925 100 35 0 0 0 -2.99722 100 26 0 0 0 0 0 0 0 0 0 0 0
2200 -268.882 0 0 0 1.56739 100 30 3.20373 100 21 0 0 0 -3.24411 100 20 0 0 0 0 0 0 0 0 0 0 0
2300 -267.623 0 0 0 1.23189 100 16 4.3289 100 28 0 0 0 -2.77269 100 21 0 0 0 0 0 0 0 0 0 0 0
2400 -267.788 0 0 0 1.15808 100 25 4.81207 100 18 0 0 0 -2.91549 100 16 0 0 0 0 0 0 0 0 0 0 0
2500 -269.746 0 0 0 0.259117 100 22 0.656152 100 31 0 0 0 -2.14054 100 21 0 0 0 0 0 0 0 0 0 0 0
2600 -268.143 0 0 0 1.79132 100 29 3.15081 100 20 0 0 0 -3.16219 100 16 0 0 0 0 0 0 0 0 0 0 0
2700 -267.427 0 0 0 1.88271 100 22 5.66735 100 30 0 0 0 -3.37879 100 19 0 0 0 0 0 0 0 0 0 0 0
2800 -268.838 0 0 0 0.945531 100 22 4.11919 100 23 0 0 0 -2.59583 100 25 0 0 0 0 0 0 0 0 0 0 0
2900 -267.913 0 0 0 0.723652 100 28 1.88436 100 27 0 0 0 -2.41418 100 21 0 0 0 0 0 0 0 0 0 0 0
3000 -273.706 0 0 0 -0.159729 100 26 1.33693 100 19 0 0 0 -2.25468 100 21 0 0 0 0 0 0 0 0 0 0 0
3100 -266.965 0 0 0 1.595 100 26 4.93011 100 29 0 0 0 -3.09078 100 18 0 0 0 0 0 0 0 0 0 0 0
3200 -268.633 0 0 0 1.3276 100 28 6.05616 100 26 0 0 0 -3.10263 100 22 0 0 0 0 0 0 0 0 0 0 0
3300 -269.764 0 0 0 0.527273 100 26 1.53387 100 30 0 0 0 -2.18395 100 24 0 0 0 0 0 0 0 0 0 0 0
3400 -268.335 0 0 0 0.699839 100 29 0.0219341 100 21 0 0 0 -2.36806 100 18 0 0 0 0 0 0 0 0 0 0 0
3500 -267.704 0 0 0 1.14705 100 29 1.21775 100 22 0 0 0 -2.68661 100 20 0 0 0 0 0 0 0 0 0 0 0
3600 -268.064 0 0 0 1.44312 100 26 4.70793 100 15 0 0 0 -2.83265 100 17 0 0 0 0 0 0 0 0 0 0 0
3700 -268.035 0 0 0 1.85734 100 21 5.54452 100 21 0 0 0 -3.11658 100 15 0 0 0 0 0 0 0 0 0 0 0
3800 -268.926 0 0 0 1.44643 100 28 2.98455 100 21 0 0 0 -2.67209 100 16 0 0 0 0 0 0 0 0 0 0 0
3900 -270.207 0 0 0 2.44005 100 30 5.32533 100 24 0 0 0 -3.74718 100 13 0 0 0 0 0 0 0 0 0 0 0
4000 -266.961 0 0 0 1.37457 100 23 4.20275 100 22 0 0 0 -3.01404 100 27 0 0 0 0 0 0 0 0 0 0 0
4100 -269.53 0 0 0 0.487336 100 22 -1.18765 100 21 0 0 0 -2.26309 100 17 0 0 0 0 0 0 0 0 0 0 0
4200 -268.119 0 0 0 1.30322 100 27 1.20681 100 27 0 0 0 -2.76549 100 20 0 0 0 0 0 0 0 0 0 0 0
4300 -267.836 0 0 0 1.68298 100 29 4.24562 100 25 0 0 0 -2.94805 100 19 0 0 0 0 0 0 0 0 0 0 0
4400 -268.402 0 0 0 1.61957 100 25 2.98058 100 25 0 0 0 -3.18926 100 17 0 0 0 0 0 0 0 0 0 0 0
4500 -270.268 0 0 0 0.758367 100 30 0.0530242 100 24 0 0 0 -2.16547 100 16 0 0 0 0 0 0 0 0 0 0 0
4600 -267.5 0 0 0 1.47944 100 21 4.28211 100 23 0 0 0 -2.8619 100 16 0 0 0 0 0 0 0 0 0 0 0
4700 -268.473 0 0 0 2.12342 100 26 6.96959 100 27 0 0 0 -3.65608 100 23 0 0 0 0 0 0 0 0 0 0 0
4800 -267.206 0 0 0 1.77394 100 27 4.44631 100 25 0 0 0 -3.13577 100 20 0 0 0 0 0 0 0 0 0 0 0
4900 -268.245 0 0 0 0.749553 100 20 0.134868 100 19 0 0 0 -2.44723 100 21 0 0 0 0 0 0 0 0 0 0 0
5000 -267.853 0 0 0 1.62725 100 34 3.64303 100 19 0 0 0 -2.89348 100 24 0 0 0 0 0 0 0 0 0 0 0
5100 -267.619 0 0 0 1.94649 100 28 6.53688 100 24 0 0 0 -3.39082 100 20 0 0 0 0 0 0 0 0 0 0 0
5200 -266.968 0 0 0 1.60378 100 26 4.18693 100 27 0 0 0 -3.109 100 16 0 0 0 0 0 0 0 0 0 0 0
5300 -267.118 0 0 0 1.46132 100 24 4.16759 100 29 0 0 0 -3.09805 100 25 0 0 0 0 0 0 0 0 0 0 0
5400 -269.251 0 0 0 0.357095 100 26 1.56662 100 20 0 0 0 -2.35605 100 17 0 0 0 0 0 0 0 0 0 0 0
5500 -266.827 0 0 0 1.465 100 23 3.99516 100 24 0 0 0 -3.00342 100 25 0 0 0 0 0 0 0 0 0 0 0
5600 -268.936 0 0 0 0.680173 100 31 3.56342 100 20 0 0 0 -2.65066 100 26 0 0 0 0 0 0 0 0 0 0 0
5700 -268.482 0 0 0 0.924152 100 33 1.71304 100 21 0 0 0 -2.38844 100 13 0 0 0 0 0 0 0 0 0 0 0
5800 -268.208 0 0 0 0.725805 100 21 2.95951 100 29 0 0 0 -2.51719 100 19 0 0 0 0 0 0 0 0 0 0 0
5900 -267.953 0 0 0 1.31604 100 23 1.53216 100 18 0 0 0 -2.70833 100 16 0 0 0 0 0 0 0 0 0 0 0
6000 -266.856 0 0 0 1.54008 100 31 4.36048 100 24 0 0 0 -3.05348 100 19 0 0 0 0 0 0 0 0 0 0 0
6100 -268.776 0 0 0 1.83954 100 24 3.42544 100 22 0 0 0 -3.31875 100 14 0 0 0 0 0 0 0 0 0 0 0
6200 -268.21 0 0 0 0.924811 100 22 0.64157 100 24 0 0 0 -2.42289 100 18 0 0 0 0 0 0 0 0 0 0 0
6300 -267.094 0 0 0 1.42765 100 31 3.38428 100 17 0 0 0 -2.84479 100 20 0 0 0 0 0 0 0 0 0 0 0
6400 -269.072 0 0 0 1.36234 100 19 1.10731 100 19 0 0 0 -2.63691 100 20 0 0 0 0 0 0 0 0 0 0 0
6500 -267.872 0 0 0 1.68175 100 26 3.25732 100 23 0 0 0 -2.95082 100 24 0 0 0 0 0 0 0 0 0 0 0
6600 -266.981 0 0 0 1.16832 100 25 2.48739 100 24 0 0 0 -2.73457 100 24 0 0 0 0 0 0 0 0 0 0 0
6700 -267.561 0 0 0 1.56986 100 28 4.17114 100 24 0 0 0 -2.89812 100 19 0 0 0 0 0 0 0 0 0 0 0
6800 -267.987 0 0 0 0.981724 100 33 2.49202 100 22 0 0 0 -2.84135 100 23 0 0 0 0 0 0 0 0 0 0 0
6900 -266.84 0 0 0 1.32771 100 22 3.37876 100 24 0 0 0 -2.90668 100 22 0 0 0 0 0 0 0 0 0 0 0
7000 -266.99 0 0 0 1.28487 100 24 4.03814 100 23 0 0 0 -2.95358 100 16 0 0 0 0 0 0 0 0 0 0 0
7100 -268.514 0 0 0 1.89424 100 29 4.89204 100 15 0 0 0 -3.06395 100 21 0 0 0 0 0 0 0 0 0 0 0
7200 -267.185 0 0 0 1.67527 100 17 4.72002 100 29 0 0 0 -3.04863 100 14 0 0 0 0 0 0 0 0 0 0 0
7300 -268.816 0 0 0 0.493814 100 26 1.78936 100 24 0 0 0 -2.49637 100 16 0 0 0 0 0 0 0 0 0 0 0
7400 -267.741 0 0 0 0.955597 100 31 2.67725 100 20 0 0 0 -2.5215 100 16 0 0 0 0 0 0 0 0 0 0 0
7500 -267.02 0 0 0 1.45319 100 21 3.80162 100 23 0 0 0 -3.0517 100 26 0 0 0 0 0 0 0 0 0 0 0
7600 -267.976 0 0 0 0.687055 100 27 2.47355 100 25 0 0 0 -2.5312 100 21 0 0 0 0 0 0 0 0 0 0 0
7700 -269.144 0 0 0 1.61892 100 26 1.64099 100 23 0 0 0 -3.03145 100 26 0 0 0 0 0 0 0 0 0 0 0
7800 -269.134 0 0 0 0.661781 100 26 3.66181 100 27 0 0 0 -2.62487 100 20 0 0 0 0 0 0 0 0 0 0 0
7900 -267.959 0 0 0 1.74612 100 24 6.64898 100 33 0 0 0 -3.34592 100 21 0 0 0 0 0 0 0 0 0 0 0
8000 -268.275 0 0 0 1.80633 100 23 5.27478 100 25 0 0 0 -3.04381 100 21 0 0 0 0 0 0 0 0 0 0 0
8100 -268.495 0 0 0 1.18326 100 22 5.47382 100 24 0 0 0 -2.9489 100 25 0 0 0 0 0 0 0 0 0 0 0
8200 -267.044 0 0 0 1.162 100 22 3.27838 100 33 0 0 0 -2.72471 100 26 0 0 0 0 0 0 0 0 0 0 0
8300 -268.188 0 0 0 2.17697 100 21 5.32992 100 22 0 0 0 -3.40011 100 20 0 0 0 0 0 0 0 0 0 0 0
8400 -268.837 0 0 0 2.44507 100 27 7.96174 100 27 0 0 0 -3.79236 100 10 0 0 0 0 0 0 0 0 0 0 0
8500 -268.193 0 0 0 1.04451 100 30 4.61592 100 27 0 0 0 -2.90717 100 30 0 0 0 0 0 0 0 0 0 0 0
8600 -268.311 0 0 0 2.26803 100 26 6.43009 100 13 0 0 0 -3.46885 100 27 0 0 0 0 0 0 0 0 0 0 0
8700 -272.197 0 0 0 1.36484 100 25 1.2312 100 23 0 0 0 -2.44051 100 19 0 0 0 0 0 0 0 0 0 0 0
8800 -269.51 0 0 0 0.892025 100 32 2.55684 100 22 0 0 0 -2.91609 100 17 0 0 0 0 0 0 0 0 0 0 0
8900 -268.086 0 0 0 2.20442 100 27 6.99422 100 24 0 0 0 -3.5076 100 24 0 0 0 0 0 0 0 0 0 0 0
9000 -268.329 0 0 0 1.52658 100 23 2.37784 100 22 0 0 0 -2.78632 100 22 0 0 0 0 0 0 0 0 0 0 0
9100 -268.155 0 0 0 1.44391 100 24 2.15455 100 19 0 0 0 -3.01108 100 21 0 0 0 0 0 0 0 0 0 0 0
9200 -268.676 0 0 0 1.64824 100 27 4.91057 100 25 0 0 0 -2.899 100 23 0 0 0 0 0 0 0 0 0 0 0
9300 -271.249 0 0 0 0.696972 100 29 5.09491 100 17 0 0 0 -2.74334 100 17 0 0 0 0 0 0 0 0 0 0 0
9400 -267.238 0 0 0 0.973237 100 30 2.96975 100 31 0 0 0 -2.64598 100 20 0 0 0 0 0 0 0 0 0 0 0
9500 -269.004 0 0 0 0.85801 100 24 3.32322 100 11 0 0 0 -2.88154 100 19 0 0 0 0 0 0 0 0 0 0 0
9600 -267.515 0 0 0 1.73178 100 20 6.10064 100 31 0 0 0 -3.21345 100 26 0 0 0 0 0 0 0 0 0 0 0
9700 -266.831 0 0 0 1.35118 100 21 3.93514 100 21 0 0 0 -2.91219 100 21 0 0 0 0 0 0 0 0 0 0 0
9800 -267.164 0 0 0 1.22919 100 31 2.18089 100 26 0 0 0 -2.73873 100 19 0 0 0 0 0 0 0 0 0 0 0
9900 -270.488 0 0 0 0.725966 100 34 0.552129 100 17 0 0 0 -2.14465 100 27 0 0 0 0 0 0 0 0 0 0 0
10000 -267.016 0 0 0 1.41462 100 27 4.69967 100 31 0 0 0 -2.98748 100 23 0 0 0 0 0 0 0 0 0 0 0
10100 -268.828 0 0 0 0.394773 100 21 0.767185 100 24 0 0 0 -2.27583 100 21 0 0 0 0 0 0 0 0 0 0 0
10200 -267.319 0 0 0 1.35421 100 23 3.36683 100 24 0 0 0 -3.02601 100 15 0 0 0 0 0 0 0 0 0 0 0
10300 -267.55 0 0 0 0.811338 100 28 1.47562 100 22 0 0 0 -2.56548 100 15 0 0 0 0 0 0 0 0 0 0 0
10400 -268.048 0 0 0 0.992467 100 17 2.32391 100 21 0 0 0 -2.84297 100 21 0 0 0 0 0 0 0 0 0 0 0
10500 -267.321 0 0 0 0.943483 100 24 1.82537 100 25 0 0 0 -2.6554 100 20 0 0 0 0 0 0 0 0 0 0 0
10600 -267.237 0 0 0 0.981594 100 19 2.08851 100 24 0 0 0 -2.6928 100 26 0 0 0 0 0 0 0 0 0 0 0
10700 -268.435 0 0 0 1.03105 100 27 4.71979 100 25 0 0 0 -2.76785 100 19 0 0 0 0 0 0 0 0 0 0 0
10800 -267.33 0 0 0 1.55369 100 22 3.1219 100 26 0 0 0 -3.03961 100 23 0 0 0 0 0 0 0 0 0 0 0
10900 -270.154 0 0 0 2.68952 100 26 8.72404 100 22 0 0 0 -4.07158 100 17 0 0 0 0 0 0 0 0 0 0 0
11000 -268.295 0 0 0 0.61327 100 33 1.55145 100 27 0 0 0 -2.54091 100 21 0 0 0 0 0 0 0 0 0 0 0
11100 -267.08 0 0 0 1.36461 100 30 3.11067 100 24 0 0 0 -2.96322 100 24 0 0 0 0 0 0 0 0 0 0 0
11200 -266.86 0 0 0 1.39044 100 36 3.71746 100 18 0 0 0 -2.88779 100 24 0 0 0 0 0 0 0 0 0 0 0
11300 -268.528 0 0 0 1.68289 100 22 3.28013 100 27 0 0 0 -3.25272 100 16 0 0 0 0 0 0 0 0 0 0 0
11400 -266.993 0 0 0 1.3979 100 27 3.25003 100 17 0 0 0 -2.84704 100 22 0 0 0 0 0 0 0 0 0 0 0
11500 -272.934 0 0 0 1.42773 100 32 -1.35869 100 35 0 0 0 -2.77458 100 18 0 0 0 0 0 0 0 0 0 0 0
11600 -268.609 0 0 0 1.22884 100 30 4.54141 100 28 0 0 0 -3.13535 100 24 0 0 0 0 0 0 0 0 0 0 0
11700 -268.572 0 0 0 0.7507 100 21 2.78927 100 22 0 0 0 -2.74125 100 18 0 0 0 0 0 0 0 0 0 0 0
11800 -267.5 0 0 0 1.45957 100 25 2.3887 100 27 0 0 0 -2.87453 100 23 0 0 0 0 0 0 0 0 0 0 0
11900 -268.148 0 0 0 1.94829 100 23 3.87629 100 22 0 0 0 -3.24671 100 22 0 0 0 0 0 0 0 0 0 0 0
12000 -266.901 0 0 0 1.39288 100 30 4.13525 100 31 0 0 0 -3.00725 100 23 0 0 0 0 0 0 0 0 0 0 0
12100 -267.27 0 0 0 1.63605 100 30 4.61172 100 30 0 0 0 -3.0011 100 21 0 0 0 0 0 0 0 0 0 0 0
12200 -267.399 0 0 0 1.47453 100 28 5.46981 100 21 0 0 0 -3.0872 100 20 0 0 0 0 0 0 0 0 0 0 0
12300 -271.752 0 0 0 1.62638 100 27 -0.0302898 100 22 0 0 0 -2.92849 100 17 0 0 0 0 0 0 0 0 0 0 0
12400 -269.747 0 0 0 1.58126 100 19 5.84469 100 25 0 0 0 -2.90134 100 22 0 0 0 0 0 0 0 0 0 0 0
12500 -266.958 0 0 0 1.40962 100 22 3.26537 100 29 0 0 0 -2.86753 100 19 0 0 0 0 0 0 0 0 0 0 0
12600 -267.142 0 0 0 1.20628 100 27 3.12822 100 22 0 0 0 -2.70737 100 14 0 0 0 0 0 0 0 0 0 0 0
12700 -266.916 0 0 0 1.13782 100 26 2.89022 100 15 0 0 0 -2.7479 100 17 0 0 0 0 0 0 0 0 0 0 0
12800 -267.757 0 0 0 1.79244 100 26 5.97213 100 26 0 0 0 -3.40346 100 19 0 0 0 0 0 0 0 0 0 0 0
12900 -267.369 0 0 0 1.64863 100 17 5.69494 100 18 0 0 0 -3.13124 100 23 0 0 0 0 0 0 0 0 0 0 0
13000 -267.058 0 0 0 1.28776 100 18 3.7149 100 20 0 0 0 -2.97113 100 21 0 0 0 0 0 0 0 0 0 0 0
13100 -267.743 0 0 0 1.30998 100 21 5.28703 100 22 0 0 0 -2.97037 100 18 0 0 0 0 0 0 0 0 0 0 0
13200 -267.328 0 0 0 1.83005 100 34 5.20945 100 21 0 0 0 -3.3242 100 18 0 0 0 0 0 0 0 0 0 0 0
13300 -269.014 0 0 0 0.978405 100 27 1.24553 100 17 0 0 0 -2.36362 100 22 0 0 0 0 0 0 0 0 0 0 0
13400 -270.113 0 0 0 2.57243 100 25 8.64714 100 19 0 0 0 -3.70406 100 21 0 0 0 0 0 0 0 0 0 0 0
13500 -267.184 0 0 0 1.54538 100 23 5.07408 100 25 0 0 0 -3.17047 100 26 0 0 0 0 0 0 0 0 0 0 0
13600 -267.633 0 0 0 1.93565 100 21 4.93836 100 24 0 0 0 -3.36883 100 13 0 0 0 0 0 0 0 0 0 0 0
13700 -271.945 0 0 0 0.159467 100 27 1.74099 100 20 0 0 0 -2.08036 100 22 0 0 0 0 0 0 0 0 0 0 0
13800 -267.199 0 0 0 1.22874 100 25 3.31095 100 17 0 0 0 -2.94111 100 22 0 0 0 0 0 0 0 0 0 0 0
13900 -268.48 0 0 0 1.15625 100 22 3.56696 100 20 0 0 0 -2.58905 100 15 0 0 0 0 0 0 0 0 0 0 0
14000 -267.37 0 0 0 1.5254 100 23 2.79961 100 16 0 0 0 -2.95153 100 21 0 0 0 0 0 0 0 0 0 0 0
14100 -269.768 0 0 0 1.02635 100 32 -0.814462 100 23 0 0 0 -2.54239 100 22 0 0 0 0 0 0 0 0 0 0 0
14200 -268.76 0 0 0 0.990992 100 20 4.87096 100 27 0 0 0 -2.78883 100 21 0 0 0 0 0 0 0 0 0 0 0
14300 -268.822 0 0 0 1.04882 100 25 2.05555 100 26 0 0 0 -2.43027 100 20 0 0 0 0 0 0 0 0 0 0 0
14400 -271.205 0 0 0 1.82258 100 23 8.25205 100 23 0 0 0 -3.68673 100 23 0 0 0 0 0 0 0 0 0 0 0
14500 -267.589 0 0 0 1.36844 100 20 2.21492 100 15 0 0 0 -2.92296 100 17 0 0 0 0 0 0 0 0 0 0 0
14600 -268.263 0 0 0 2.15804 100 25 7.49793 100 19 0 0 0 -3.56131 100 28 0 0 0 0 0 0 0 0 0 0 0
14700 -267.71 0 0 0 1.52148 100 25 5.91779 100 22 0 0 0 -3.16895 100 15 0 0 0 0 0 0 0 0 0 0 0
14800 -267.878 0 0 0 1.16493 100 23 2.10151 100 23 0 0 0 -2.89222 100 14 0 0 0 0 0 0 0 0 0 0 0
14900 -269.18 0 0 0 2.0361 100 32 5.36998 100 17 0 0 0 -3.60899 100 23 0 0 0 0 0 0 0 0 0 0 0
15000 -267.372 0 0 0 1.14544 100 21 1.96488 100 31 0 0 0 -2.6269 100 16 0 0 0 0 0 0 0 0 0 0 0
15100 -267.983 0 0 0 0.885712 100 16 3.46127 100 23 0 0 0 -2.78261 100 18 0 0 0 0 0 0 0 0 0 0 0
15200 -267.285 0 0 0 1.18259 100 25 4.04524 100 24 0 0 0 -2.77883 100 20 0 0 0 0 0 0 0 0 0 0 0
15300 -268.381 0 0 0 0.814595 100 24 2.09952 100 28 0 0 0 -2.3825 100 20 0 0 0 0 0 0 0 0 0 0 0
15400 -267.346 0 0 0 1.8619 100 21 4.71239 100 26 0 0 0 -3.26973 100 16 0 0 0 0 0 0 0 0 0 0 0
15500 -274.478 0 0 0 0.460745 100 29 -4.0843 100 26 0 0 0 -2.28294 100 10 0 0 0 0 0 0 0 0 0 0 0
15600 -269.07 0 0 0 1.7763 100 31 2.81436 100 26 0 0 0 -3.25308 100 19 0 0 0 0 0 0 0 0 0 0 0
15700 -267.142 0 0 0 1.80049 100 19 5.01257 100 26 0 0 0 -3.24826 100 17 0 0 0 0 0 0 0 0 0 0 0
15800 -269.71 0 0 0 0.376567 100 32 -1.14863 100 29 0 0 0 -2.23439 100 19 0 0 0 0 0 0 0 0 0 0 0
15900 -269.796 0 0 0 2.19463 100 28 3.83659 100 27 0 0 0 -3.30261 100 19 0 0 0 0 0 0 0 0 0 0 0
16000 -268.977 0 0 0 0.502109 100 33 -0.196744 100 20 0 0 0 -2.1919 100 21 0 0 0 0 0 0 0 0 0 0 0
16100 -267.29 0 0 0 0.969777 100 25 1.71777 100 26 0 0 0 -2.57479 100 17 0 0 0 0 0 0 0 0 0 0 0
16200 -268.739 0 0 0 1.06144 100 29 4.90264 100 32 0 0 0 -2.75558 100 18 0 0 0 0 0 0 0 0 0 0 0
16300 -267.341 0 0 0 0.990406 100 31 3.45177 100 18 0 0 0 -2.747 100 23 0 0 0 0 0 0 0 0 0 0 0
16400 -268.195 0 0 0 0.85369 100 20 2.00466 100 19 0 0 0 -2.40293 100 20 0 0 0 0 0 0 0 0 0 0 0
16500 -269.137 0 0 0 0.88711 100 26 4.62724 100 34 0 0 0 -2.703 100 25 0 0 0 0 0 0 0 0 0 0 0
16600 -269.993 0 0 0 0.978054 100 28 4.57338 100 30 0 0 0 -2.58108 100 20 0 0 0 0 0 0 0 0 0 0 0
16700 -268.889 0 0 0 1.37361 100 33 6.0809 100 21 0 0 0 -3.22919 100 22 0 0 0 0 0 0 0 0 0 0 0
16800 -268.319 0 0 0 0.537746 100 29 0.92956 100 22 0 0 0 -2.41386 100 21 0 0 0 0 0 0 0 0 0 0 0
16900 -269.611 0 0 0 2.27983 100 18 4.65475 100 16 0 0 0 -3.35308 100 21 0 0 0 0 0 0 0 0 0 0 0
17000 -267.939 0 0 0 1.29193 100 31 5.02864 100 21 0 0 0 -3.10329 100 19 0 0 0 0 0 0 0 0 0 0 0
17100 -269.399 0 0 0 2.35822 100 33 5.8964 100 17 0 0 0 -3.73941 100 13 0 0 0 0 0 0 0 0 0 0 0
17200 -266.951 0 0 0 1.42262 100 21 4.57361 100 26 0 0 0 -2.98285 100 22 0 0 0 0 0 0 0 0 0 0 0
17300 -267.346 0 0 0 1.68378 100 22 3.56811 100 28 0 0 0 -3.05297 100 21 0 0 0 0 0 0 0 0 0 0 0
17400 -269.368 0 0 0 0.420518 100 32 1.03381 100 26 0 0 0 -2.17626 100 24 0 0 0 0 0 0 0 0 0 0 0
17500 -267.689 0 0 0 1.46024 100 23 5.6549 100 22 0 0 0 -3.15676 100 24 0 0 0 0 0 0 0 0 0 0 0
17600 -268.284 0 0 0 0.665995 100 19 0.75276 100 24 0 0 0 -2.52047 100 21 0 0 0 0 0 0 0 0 0 0 0
17700 -267.615 0 0 0 1.64485 100 28 6.04186 100 21 0 0 0 -3.26805 100 13 0 0 0 0 0 0 0 0 0 0 0
17800 -271.216 0 0 0 1.19628 100 24 0.701017 100 31 0 0 0 -2.37145 100 25 0 0 0 0 0 0 0 0 0 0 0
17900 -268.061 0 0 0 0.637124 100 30 2.00737 100 22 0 0 0 -2.43185 100 18 0 0 0 0 0 0 0 0 0 0 0
18000 -267.042 0 0 0 1.25699 100 21 2.68762 100 28 0 0 0 -2.74687 100 22 0 0 0 0 0 0 0 0 0 0 0
18100 -266.89 0 0 0 1.35258 100 26 3.29509 100 18 0 0 0 -2.84593 100 18 0 0 0 0 0 0 0 0 0 0 0
18200 -268.232 0 0 0 2.04607 100 29 5.81837 100 24 0 0 0 -3.24621 100 22 0 0 0 0 0 0 0 0 0 0 0
18300 -266.855 0 0 0 1.42685 100 24 3.72303 100 20 0 0 0 -2.98647 100 17 0 0 0 0 0 0 0 0 0 0 0
18400 -267.307 0 0 0 1.86035 100 25 4.75237 100 27 0 0 0 -3.21087 100 14 0 0 0 0 0 0 0 0 0 0 0
18500 -269.982 0 0 0 0.754116 100 34 2.2244 100 27 0 0 0 -2.26718 100 16 0 0 0 0 0 0 0 0 0 0 0
18600 -267.477 0 0 0 1.38688 100 23 3.8079 100 20 0 0 0 -3.09295 100 24 0 0 0 0 0 0 0 0 0 0 0
18700 -268.867 0 0 0 1.06006 100 17 1.003 100 23 0 0 0 -2.42223 100 22 0 0 0 0 0 0 0 0 0 0 0
18800 -268.102 0 0 0 1.40462 100 26 5.81205 100 24 0 0 0 -3.01959 100 20 0 0 0 0 0 0 0 0 0 0 0
18900 -267.268 0 0 0 1.55857 100 24 5.40876 100 21 0 0 0 -3.07781 100 20 0 0 0 0 0 0 0 0 0 0 0
19000 -267.732 0 0 0 1.13609 100 26 4.23373 100 27 0 0 0 -2.73694 100 19 0 0 0 0 0 0 0 0 0 0 0
19100 -267.918 0 0 0 1.48772 100 27 3.56943 100 19 0 0 0 -3.16614 100 20 0 0 0 0 0 0 0 0 0 0 0
19200 -268.341 0 0 0 2.0805 100 26 6.85775 100 28 0 0 0 -3.62032 100 22 0 0 0 0 0 0 0 0 0 0 0
19300 -268.861 0 0 0 1.2428 100 20 5.90956 100 26 0 0 0 -3.06787 100 22 0 0 0 0 0 0 0 0 0 0 0
19400 -269.076 0 0 0 2.16316 100 24 4.44107 100 22 0 0 0 -3.49684 100 24 0 0 0 0 0 0 0 0 0 0 0
19500 -267.35 0 0 0 1.57707 100 24 4.2445 100 22 0 0 0 -3.18793 100 13 0 0 0 0 0 0 0 0 0 0 0
19600 -270.34 0 0 0 1.68349 100 21 7.1277 100 14 0 0 0 -3.09347 100 21 0 0 0 0 0 0 0 0 0 0 0
19700 -269.063 0 0 0 1.11828 100 32 5.24929 100 21 0 0 0 -3.06841 100 14 0 0 0 0 0 0 0 0 0 0 0
19800 -268.138 0 0 0 2.05081 100 22 6.73487 100 21 0 0 0 -3.34638 100 17 0 0 0 0 0 0 0 0 0 0 0
19900 -267.418 0 0 0 1.20422 100 24 3.06555 100 22 0 0 0 -2.94328 100 19 0 0 0 0 0 0 0 0 0 0 0
20000 -268.881 0 0 0 1.84281 100 26 3.03964 100 26 0 0 0 -3.26454 100 19 0 0 0 0 0 0 0 0 0 0 0
20100 -269.992 0 0 0 1.12261 100 22 -0.726059 100 26 0 0 0 -2.57058 100 18 0 0 0 0 0 0 0 0 0 0 0
20200 -269.392 0 0 0 0.382731 100 25 -0.42202 100 30 0 0 0 -2.31597 100 31 0 0 0 0 0 0 0 0 0 0 0
20300 -268.245 0 0 0 1.2811 100 27 4.65343 100 23 0 0 0 -2.76248 100 18 0 0 0 0 0 0 0 0 0 0 0
20400 -269.747 0 0 0 1.24045 100 29 0.938301 100 21 0 0 0 -2.94959 100 16 0 0 0 0 0 0 0 0 0 0 0
20500 -269.127 0 0 0 0.590266 100 25 2.02922 100 22 0 0 0 -2.64424 100 16 0 0 0 0 0 0 0 0 0 0 0
20600 -269.709 0 0 0 2.71868 100 26 8.0841 100 19 0 0 0 -3.82901 100 19 0 0 0 0 0 0 0 0 0 0 0
20700 -268.121 0 0 0 1.97158 100 22 7.17884 100 22 0 0 0 -3.48754 100 26 0 0 0 0 0 0 0 0 0 0 0
20800 -267.237 0 0 0 1.37131 100 26 4.88628 100 27 0 0 0 -3.04467 100 20 0 0 0 0 0 0 0 0 0 0 0
20900 -268.021 0 0 0 0.980355 100 28 3.87176 100 25 0 0 0 -2.87327 100 25 0 0 0 0 0 0 0 0 0 0 0
21000 -267.444 0 0 0 1.0944 100 23 3.28534 100 27 0 0 0 -2.64227 100 10 0 0 0 0 0 0 0 0 0 0 0
21100 -267.11 0 0 0 1.43432 100 22 3.74709 100 16 0 0 0 -3.05769 100 22 0 0 0 0 0 0 0 0 0 0 0
21200 -267.907 0 0 0 1.66674 100 24 3.57219 100 27 0 0 0 -2.92046 100 19 0 0 0 0 0 0 0 0 0 0 0
21300 -268.677 0 0 0 2.38658 100 20 7.77708 100 28 0 0 0 -3.75598 100 23 0 0 0 0 0 0 0 0 0 0 0
21400 -266.986 0 0 0 1.36662 100 39 4.37741 100 17 0 0 0 -3.00883 100 19 0 0 0 0 0 0 0 0 0 0 0
21500 -268.345 0 0 0 2.12395 100 28 6.47319 100 21 0 0 0 -3.62694 100 16 0 0 0 0 0 0 0 0 0 0 0
21600 -267.254 0 0 0 1.54005 100 26 3.13188 100 26 0 0 0 -3.0208 100 20 0 0 0 0 0 0 0 0 0 0 0
21700 -267.044 0 0 0 1.34454 100 29 4.44846 100 20 0 0 0 -2.91472 100 20 0 0 0 0 0 0 0 0 0 0 0
21800 -266.949 0 0 0 1.48623 100 26 4.75236 100 18 0 0 0 -3.05448 100 14 0 0 0 0 0 0 0 0 0 0 0
21900 -269.267 0 0 0 0.350405 100 28 0.821543 100 21 0 0 0 -2.19134 100 20 0 0 0 0 0 0 0 0 0 0 0
22000 -268.787 0 0 0 1.34552 100 28 3.95028 100 30 0 0 0 -3.19849 100 25 0 0 0 0 0 0 0 0 0 0 0
22100 -268.884 0 0 0 0.769494 100 20 0.291907 100 21 0 0 0 -2.60591 100 23 0 0 0 0 0 0 0 0 0 0 0
22200 -268.776 0 0 0 2.46511 100 44 7.72137 100 29 0 0 0 -3.78104 100 29 0 0 0 0 0 0 0 0 0 0 0
22300 -267.629 0 0 0 1.71572 100 29 6.23179 100 20 0 0 0 -3.22012 100 19 0 0 0 0 0 0 0 0 0 0 0
22400 -267.485 0 0 0 1.83243 100 25 6.02398 100 24 0 0 0 -3.37142 100 16 0 0 0 0 0 0 0 0 0 0 0
22500 -267.149 0 0 0 1.67731 100 27 4.09442 100 26 0 0 0 -3.15352 100 21 0 0 0 0 0 0 0 0 0 0 0
22600 -268.151 0 0 0 1.39526 100 31 5.72657 100 24 0 0 0 -3.17679 100 25 0 0 0 0 0 0 0 0 0 0 0
22700 -267.018 0 0 0 1.25904 100 25 3.71113 100 30 0 0 0 -2.79471 100 21 0 0 0 0 0 0 0 0 0 0 0
22800 -267.205 0 0 0 1.10451 100 28 3.79272 100 24 0 0 0 -2.83482 100 22 0 0 0 0 0 0 0 0 0 0 0
22900 -266.855 0 0 0 1.45916 100 30 4.3222 100 17 0 0 0 -2.98368 100 13 0 0 0 0 0 0 0 0 0 0 0
23000 -267.958 0 0 0 1.88747 100 16 5.4538 100 30 0 0 0 -3.13727 100 22 0 0 0 0 0 0 0 0 0 0 0
23100 -268.57 0 0 0 1.54538 100 25 4.59521 100 20 0 0 0 -2.82957 100 21 0 0 0 0 0 0 0 0 0 0 0
23200 -269.607 0 0 0 0.69564 100 24 2.00835 100 31 0 0 0 -2.76637 100 28 0 0 0 0 0 0 0 0 0 0 0
23300 -267.999 0 0 0 1.90278 100 22 3.8006 100 27 0 0 0 -3.21197 100 24 0 0 0 0 0 0 0 0 0 0 0
23400 -268.628 0 0 0 0.515916 100 21 2.09337 100 23 0 0 0 -2.4577 100 23 0 0 0 0 0 0 0 0 0 0 0
23500 -267.913 0 0 0 0.827415 100 23 2.76566 100 22 0 0 0 -2.49986 100 25 0 0 0 0 0 0 0 0 0 0 0
23600 -267.154 0 0 0 1.69475 100 23 3.99833 100 21 0 0 0 -3.12278 100 15 0 0 0 0 0 0 0 0 0 0 0
23700 -268.617 0 0 0 0.47996 100 31 0.422805 100 25 0 0 0 -2.36672 100 17 0 0 0 0 0 0 0 0 0 0 0
23800 -268.541 0 0 0 0.898678 100 16 0.316074 100 21 0 0 0 -2.62349 100 14 0 0 0 0 0 0 0 0 0 0 0
23900 -268.259 0 0 0 1.10679 100 37 3.62771 100 24 0 0 0 -2.59691 100 19 0 0 0 0 0 0 0 0 0 0 0
24000 -267.782 0 0 0 0.856706 100 33 2.85685 100 22 0 0 0 -2.73173 100 28 0 0 0 0 0 0 0 0 0 0 0
24100 -269.896 0 0 0 1.94079 100 15 4.44415 100 33 0 0 0 -3.55277 100 28 0 0 0 0 0 0 0 0 0 0 0
24200 -269.053 0 0 0 0.649361 100 21 0.6174 100 20 0 0 0 -2.59089 100 22 0 0 0 0 0 0 0 0 0 0 0
24300 -267.734 0 0 0 1.25747 100 16 1.49421 100 16 0 0 0 -2.77778 100 16 0 0 0 0 0 0 0 0 0 0 0
24400 -267.815 0 0 0 1.87192 100 18 6.45946 100 23 0 0 0 -3.26504 100 21 0 0 0 0 0 0 0 0 0 0 0
24500 -268.756 0 0 0 1.21031 100 27 4.08633 100 24 0 0 0 -2.63755 100 18 0 0 0 0 0 0 0 0 0 0 0
24600 -269.265 0 0 0 1.12668 100 21 0.499516 100 19 0 0 0 -2.45418 100 20 0 0 0 0 0 0 0 0 0 0 0
24700 -266.975 0 0 0 1.3395 100 21 4.23205 100 32 0 0 0 -2.98917 100 24 0 0 0 0 0 0 0 0 0 0 0
24800 -268.618 0 0 0 0.519828 100 29 -0.00096959 100 20 0 0 0 -2.34086 100 20 0 0 0 0 0 0 0 0 0 0 0
24900 -274.204 0 0 0 -0.0548857 100 25 1.09792 100 33 0 0 0 -2.44094 100 26 0 0 0 0 0 0 0 0 0 0 0
25000 -270.345 0 0 0 0.381749 100 25 1.10382 100 24 0 0 0 -2.54374 100 24 0 0 0 0 0 0 0 0 0 0 0
25100 -266.929 0 0 0 1.21318 100 28 2.7573 100 36 0 0 0 -2.81248 100 21 0 0 0 0 0 0 0 0 0 0 0
25200 -274.053 0 0 0 0.37009 100 36 2.11077 100 31 0 0 0 -2.80755 100 13 0 0 0 0 0 0 0 0 0 0 0
25300 -267.266 0 0 0 1.19765 100 26 4.09741 100 23 0 0 0 -2.94311 100 25 0 0 0 0 0 0 0 0 0 0 0
25400 -269.075 0 0 0 0.657012 100 33 2.47882 100 20 0 0 0 -2.34047 100 21 0 0 0 0 0 0 0 0 0 0 0
25500 -267.618 0 0 0 0.814957 100 26 2.72586 100 23 0 0 0 -2.6376 100 19 0 0 0 0 0 0 0 0 0 0 0
25600 -269.28 0 0 0 1.68162 100 28 1.67529 100 25 0 0 0 -2.96168 100 25 0 0 0 0 0 0 0 0 0 0 0
25700 -268.819 0 0 0 0.811261 100 25 3.86806 100 22 0 0 0 -2.80303 100 20 0 0 0 0 0 0 0 0 0 0 0
25800 -267.943 0 0 0 1.71162 100 27 4.33582 100 21 0 0 0 -2.9611 100 24 0 0 0 0 0 0 0 0 0 0 0
25900 -267.92 0 0 0 1.14686 100 24 4.60116 100 21 0 0 0 -2.98674 100 23 0 0 0 0 0 0 0 0 0 0 0
26000 -271.538 0 0 0 1.41313 100 32 2.23579 100 29 0 0 0 -3.26357 100 14 0 0 0 0 0 0 0 0 0 0 0
26100 -268.545 0 0 0 1.26671 100 19 2.64069 100 14 0 0 0 -2.58007 100 17 0 0 0 0 0 0 0 0 0 0 0
26200 -268.201 0 0 0 1.07849 100 33 2.5453 100 23 0 0 0 -2.5092 100 17 0 0 0 0 0 0 0 0 0 0 0
26300 -267.471 0 0 0 1.59226 100 28 5.76771 100 25 0 0 0 -3.21924 100 24 0 0 0 0 0 0 0 0 0 0 0
26400 -267.098 0 0 0 1.16906 100 23 3.01759 100 23 0 0 0 -2.69562 100 12 0 0 0 0 0 0 0 0 0 0 0
26500 -267.186 0 0 0 1.27611 100 27 2.69475 100 22 0 0 0 -2.72605 100 17 0 0 0 0 0 0 0 0 0 0 0
26600 -267.877 0 0 0 0.85999 100 23 3.13765 100 26 0 0 0 -2.74758 100 23 0 0 0 0 0 0 0 0 0 0 0
26700 -268.974 0 0 0 1.4668 100 22 1.13929 100 20 0 0 0 -2.77866 100 17 0 0 0 0 0 0 0 0 0 0 0
26800 -268.006 0 0 0 1.25436 100 18 5.34791 100 21 0 0 0 -2.96259 100 24 0 0 0 0 0 0 0 0 0 0 0
26900 -267.219 0 0 0 1.46187 100 24 3.3158 100 13 0 0 0 -2.84742 100 19 0 0 0 0 0 0 0 0 0 0 0
27000 -269.812 0 0 0 2.17554 100 30 3.65863 100 23 0 0 0 -3.30449 100 21 0 0 0 0 0 0 0 0 0 0 0
27100 -267.072 0 0 0 1.61196 100 21 4.85177 100 22 0 0 0 -3.18301 100 27 0 0 0 0 0 0 0 0 0 0 0
27200 -269.352 0 0 0 1.76657 100 15 6.42914 100 18 0 0 0 -3.06738 100 14 0 0 0 0 0 0 0 0 0 0 0
27300 -268.504 0 0 0 2.19508 100 19 7.09327 100 28 0 0 0 -3.43356 100 25 0 0 0 0 0 0 0 0 0 0 0
27400 -267.75 0 0 0 0.728546 100 21 1.09726 100 21 0 0 0 -2.43393 100 23 0 0 0 0 0 0 0 0 0 0 0
27500 -267.732 0 0 0 0.758373 100 30 2.41437 100 18 0 0 0 -2.60407 100 17 0 0 0 0 0 0 0 0 0 0 0
27600 -267.53 0 0 0 1.24205 100 31 3.33451 100 16 0 0 0 -2.68353 100 23 0 0 0 0 0 0 0 0 0 0 0
27700 -267.516 0 0 0 1.31429 100 29 2.29583 100 25 0 0 0 -2.91724 100 15 0 0 0 0 0 0 0 0 0 0 0
27800 -271.209 0 0 0 2.36775 100 21 6.88148 100 27 0 0 0 -3.33524 100 18 0 0 0 0 0 0 0 0 0 0 0
27900 -269.076 0 0 0 1.24928 100 28 1.6834 100 25 0 0 0 -2.52188 100 22 0 0 0 0 0 0 0 0 0 0 0
28000 -269.219 0 0 0 0.719799 100 29 0.793197 100 24 0 0 0 -2.66565 100 20 0 0 0 0 0 0 0 0 0 0 0
28100 -267.688 0 0 0 0.867565 100 22 1.71423 100 28 0 0 0 -2.45354 100 21 0 0 0 0 0 0 0 0 0 0 0
28200 -267.664 0 0 0 1.33304 100 28 2.85638 100 29 0 0 0 -3.01393 100 23 0 0 0 0 0 0 0 0 0 0 0
28300 -268.252 0 0 0 1.2475 100 22 3.28915 100 23 0 0 0 -3.06679 100 20 0 0 0 0 0 0 0 0 0 0 0
28400 -267.523 0 0 0 1.94408 100 22 5.21583 100 22 0 0 0 -3.23775 100 21 0 0 0 0 0 0 0 0 0 0 0
28500 -268.499 0 0 0 1.99467 100 28 4.27945 100 23 0 0 0 -3.41401 100 18 0 0 0 0 0 0 0 0 0 0 0
28600 -267.588 0 0 0 1.3505 100 25 4.8999 100 18 0 0 0 -2.88606 100 24 0 0 0 0 0 0 0 0 0 0 0
28700 -269.009 0 0 0 1.22102 100 20 2.09831 100 24 0 0 0 -3.01754 100 26 0 0 0 0 0 0 0 0 0 0 0
28800 -269.438 0 0 0 1.00239 100 30 4.66136 100 25 0 0 0 -2.63824 100 25 0 0 0 0 0 0 0 0 0 0 0
28900 -267.07 0 0 0 1.27173 100 30 4.01552 100 19 0 0 0 -2.96606 100 15 0 0 0 0 0 0 0 0 0 0 0
29000 -267.465 0 0 0 1.44109 100 27 3.36524 100 23 0 0 0 -2.79829 100 21 0 0 0 0 0 0 0 0 0 0 0
29100 -266.876 0 0 0 1.35736 100 16 3.33867 100 19 0 0 0 -2.92955 100 13 0 0 0 0 0 0 0 0 0 0 0
29200 -270.17 0 0 0 2.67806 100 18 6.63342 100 21 0 0 0 -3.89293 100 17 0 0 0 0 0 0 0 0 0 0 0
29300 -271.001 0 0 0 0.716441 100 21 3.95851 100 22 0 0 0 -2.92548 100 23 0 0 0 0 0 0 0 0 0 0 0
29400 -269.088 0 0 0 0.70376 100 21 2.14743 100 16 0 0 0 -2.3082 100 25 0 0 0 0 0 0 0 0 0 0 0
29500 -267.589 0 0 0 1.1322 100 30 3.45435 100 30 0 0 0 -2.94147 100 21 0 0 0 0 0 0 0 0 0 0 0
29600 -267.338 0 0 0 1.8787 100 27 5.40395 100 27 0 0 0 -3.22359 100 13 0 0 0 0 0 0 0 0 0 0 0
29700 -267.059 0 0 0 1.46474 100 30 3.68797 100 18 0 0 0 -3.05366 100 21 0 0 0 0 0 0 0 0 0 0 0
29800 -268.539 0 0 0 0.796702 100 23 1.60724 100 18 0 0 0 -2.33513 100 21 0 0 0 0 0 0 0 0 0 0 0
29900 -267.256 0 0 0 1.25411 100 34 4.57561 100 27 0 0 0 -2.92141 100 24 0 0 0 0 0 0 0 0 0 0 0
30000 -269.007 0 0 0 2.51533 100 26 6.95294 100 20 0 0 0 -3.78031 100 20 0 0 0 0 0 0 0 0 0 0 0
30100 -267.465 0 0 0 1.25498 100 22 1.81807 100 18 0 0 0 -2.7196 100 21 0 0 0 0 0 0 0 0 0 0 0
30200 -270.963 0 0 0 1.86477 100 41 2.16446 100 16 0 0 0 -2.91146 100 22 0 0 0 0 0 0 0 0 0 0 0
30300 -267.442 0 0 0 1.95563 100 31 5.11612 100 29 0 0 0 -3.30518 100 19 0 0 0 0 0 0 0 0 0 0 0
30400 -268.955 0 0 0 1.11377 100 26 -0.00215431 100 28 0 0 0 -2.5678 100 25 0 0 0 0 0 0 0 0 0 0 0
30500 -268.284 0 0 0 0.712953 100 21 0.307017 100 24 0 0 0 -2.33416 100 20 0 0 0 0 0 0 0 0 0 0 0
30600 -269.853 0 0 0 1.82604 100 33 8.11706 100 25 0 0 0 -3.45747 100 30 0 0 0 0 0 0 0 0 0 0 0
30700 -268.039 0 0 0 0.821341 100 28 2.93057 100 25 0 0 0 -2.73774 100 15 0 0 0 0 0 0 0 0 0 0 0
30800 -269.441 0 0 0 1.44712 100 27 5.07792 100 32 0 0 0 -3.34762 100 24 0 0 0 0 0 0 0 0 0 0 0
30900 -267.1 0 0 0 1.19895 100 30 4.09261 100 22 0 0 0 -2.87556 100 17 0 0 0 0 0 0 0 0 0 0 0
31000 -268.716 0 0 0 1.49918 100 27 2.17015 100 25 0 0 0 -2.73173 100 29 0 0 0 0 0 0 0 0 0 0 0
31100 -268.252 0 0 0 1.51991 100 21 5.98275 100 25 0 0 0 -3.0272 100 23 0 0 0 0 0 0 0 0 0 0 0
31200 -267.704 0 0 0 1.61539 100 25 5.13021 100 21 0 0 0 -3.29353 100 20 0 0 0 0 0 0 0 0 0 0 0
31300 -268.153 0 0 0 0.60411 100 37 1.7161 100 20 0 0 0 -2.50222 100 22 0 0 0 0 0 0 0 0 0 0 0
31400 -268.986 0 0 0 1.46518 100 24 1.1335 100 19 0 0 0 -2.77432 100 15 0 0 0 0 0 0 0 0 0 0 0
31500 -268.949 0 0 0 1.79938 100 24 3.05325 100 24 0 0 0 -2.9569 100 15 0 0 0 0 0 0 0 0 0 0 0
31600 -268.641 0 0 0 1.7823 100 31 6.5683 100 19 0 0 0 -3.49875 100 20 0 0 0 0 0 0 0 0 0 0 0
31700 -268.232 0 0 0 1.00597 100 23 2.42079 100 27 0 0 0 -2.47173 100 21 0 0 0 0 0 0 0 0 0 0 0
31800 -269.309 0 0 0 0.410225 100 19 1.88757 100 20 0 0 0 -2.29333 100 26 0 0 0 0 0 0 0 0 0 0 0
31900 -268.181 0 0 0 1.3532 100 22 4.17485 100 21 0 0 0 -2.73661 100 20 0 0 0 0 0 0 0 0 0 0 0
32000 -266.961 0 0 0 1.62652 100 25 4.45574 100 19 0 0 0 -3.05589 100 16 0 0 0 0 0 0 0 0 0 0 0
32100 -267.761 0 0 0 0.860827 100 29 1.05466 100 22 0 0 0 -2.44474 100 19 0 0 0 0 0 0 0 0 0 0 0
32200 -267.058 0 0 0 1.17297 100 24 3.2222 100 29 0 0 0 -2.87419 100 19 0 0 0 0 0 0 0 0 0 0 0
32300 -268.506 0 0 0 1.56767 100 30 2.04861 100 17 0 0 0 -3.04061 100 22 0 0 0 0 0 0 0 0 0 0 0
32400 -267.397 0 0 0 1.14864 100 25 1.86984 100 23 0 0 0 -2.62976 100 21 0 0 0 0 0 0 0 0 0 0 0
32500 -270.292 0 0 0 1.55108 100 26 1.09233 100 28 0 0 0 -3.07609 100 15 0 0 0 0 0 0 0 0 0 0 0
32600 -270.151 0 0 0 0.724923 100 24 -1.47644 100 17 0 0 0 -2.42699 100 19 0 0 0 0 0 0 0 0 0 0 0
32700 -268.501 0 0 0 2.08543 100 32 6.74793 100 25 0 0 0 -3.64106 100 22 0 0 0 0 0 0 0 0 0 0 0
32800 -268.326 0 0 0 0.6225 100 21 0.538164 100 17 0 0 0 -2.46525 100 20 0 0 0 0 0 0 0 0 0 0 0
32900 -270.602 0 0 0 0.466625 100 31 -1.87549 100 29 0 0 0 -2.30283 100 19 0 0 0 0 0 0 0 0 0 0 0
33000 -267.48 0 0 0 1.38923 100 28 4.75617 100 24 0 0 0 -3.12294 100 17 0 0 0 0 0 0 0 0 0 0 0
33100 -267.08 0 0 0 1.53114 100 25 5.13428 100 20 0 0 0 -3.10794 100 18 0 0 0 0 0 0 0 0 0 0 0
33200 -270.146 0 0 0 2.4691 100 25 7.51695 100 32 0 0 0 -3.96392 100 21 0 0 0 0 0 0 0 0 0 0 0
33300 -268.819 0 0 0 2.39845 100 23 6.15607 100 20 0 0 0 -3.54659 100 19 0 0 0 0 0 0 0 0 0 0 0
33400 -269.544 0 0 0 2.27402 100 23 8.35985 100 31 0 0 0 -3.56096 100 20 0 0 0 0 0 0 0 0 0 0 0
33500 -267.252 0 0 0 1.67074 100 25 4.57218 100 26 0 0 0 -3.02511 100 28 0 0 0 0 0 0 0 0 0 0 0
33600 -267.452 0 0 0 1.61742 100 23 4.32044 100 21 0 0 0 -2.94806 100 15 0 0 0 0 0 0 0 0 0 0 0
33700 -267.699 0 0 0 1.32711 100 26 5.03663 100 18 0 0 0 -3.09623 100 12 0 0 0 0 0 0 0 0 0 0 0
33800 -267.856 0 0 0 0.992709 100 25 0.792445 100 24 0 0 0 -2.60781 100 14 0 0 0 0 0 0 0 0 0 0 0
33900 -267.359 0 0 0 1.65564 100 24 5.23017 100 20 0 0 0 -3.26792 100 33 0 0 0 0 0 0 0 0 0 0 0
34000 -267.72 0 0 0 1.02785 100 33 2.93608 100 27 0 0 0 -2.86567 100 25 0 0 0 0 0 0 0 0 0 0 0
34100 -268.235 0 0 0 1.05176 100 22 3.02724 100 25 0 0 0 -2.93938 100 19 0 0 0 0 0 0 0 0 0 0 0
34200 -269.267 0 0 0 2.347 100 26 6.87116 100 31 0 0 0 -3.81167 100 18 0 0 0 0 0 0 0 0 0 0 0
34300 -269.61 0 0 0 1.46624 100 27 4.92609 100 23 0 0 0 -2.76294 100 26 0 0 0 0 0 0 0 0 0 0 0
34400 -266.898 0 0 0 1.3049 100 26 3.33997 100 21 0 0 0 -2.81452 100 26 0 0 0 0 0 0 0 0 0 0 0
34500 -269.373 0 0 0 0.376089 100 24 -0.556807 100 20 0 0 0 -2.282 100 23 0 0 0 0 0 0 0 0 0 0 0
34600 -268.674 0 0 0 1.34923 100 37 2.14309 100 30 0 0 0 -3.04251 100 27 0 0 0 0 0 0 0 0 0 0 0
34700 -269.076 0 0 0 0.919737 100 22 3.66044 100 24 0 0 0 -2.9402 100 16 0 0 0 0 0 0 0 0 0 0 0
34800 -267.7 0 0 0 0.841918 100 26 0.882761 100 21 0 0 0 -2.50522 100 27 0 0 0 0 0 0 0 0 0 0 0
34900 -267.167 0 0 0 1.13459 100 24 3.33396 100 18 0 0 0 -2.87335 100 24 0 0 0 0 0 0 0 0 0 0 0
35000 -269.425 0 0 0 2.01442 100 28 4.49909 100 22 0 0 0 -3.08632 100 23 0 0 0 0 0 0 0 0 0 0 0
35100 -267.672 0 0 0 1.95982 100 31 6.28861 100 22 0 0 0 -3.46111 100 22 0 0 0 0 0 0 0 0 0 0 0
35200 -267.305 0 0 0 0.958883 100 21 1.63981 100 22 0 0 0 -2.61996 100 19 0 0 0 0 0 0 0 0 0 0 0
35300 -267.391 0 0 0 1.47051 100 20 3.19706 100 20 0 0 0 -2.82777 100 15 0 0 0 0 0 0 0 0 0 0 0
35400 -267.819 0 0 0 1.07866 100 22 1.35475 100 24 0 0 0 -2.53646 100 12 0 0 0 0 0 0 0 0 0 0 0
35500 -270.367 0 0 0 0.180246 100 31 -0.351099 100 22 0 0 0 -2.26852 100 21 0 0 0 0 0 0 0 0 0 0 0
35600 -267.35 0 0 0 1.33326 100 18 2.79544 100 25 0 0 0 -2.96487 100 18 0 0 0 0 0 0 0 0 0 0 0
35700 -269.554 0 0 0 1.18262 100 27 4.71607 100 16 0 0 0 -2.65564 100 18 0 0 0 0 0 0 0 0 0 0 0
35800 -269.793 0 0 0 0.243336 100 22 -0.803953 100 34 0 0 0 -2.12891 100 21 0 0 0 0 0 0 0 0 0 0 0
35900 -269.079 0 0 0 2.38144 100 26 5.87024 100 22 0 0 0 -3.48469 100 23 0 0 0 0 0 0 0 0 0 0 0
36000 -268.545 0 0 0 0.712942 100 23 0.796644 100 22 0 0 0 -2.59439 100 24 0 0 0 0 0 0 0 0 0 0 0
36100 -267.196 0 0 0 1.3951 100 29 3.11437 100 22 0 0 0 -2.8026 100 19 0 0 0 0 0 0 0 0 0 0 0
36200 -267.112 0 0 0 1.17684 100 28 2.64595 100 24 0 0 0 -2.68365 100 21 0 0 0 0 0 0 0 0 0 0 0
36300 -267.648 0 0 0 1.48442 100 19 3.39648 100 25 0 0 0 -2.80732 100 26 0 0 0 0 0 0 0 0 0 0 0
36400 -267.427 0 0 0 1.39116 100 27 4.65133 100 25 0 0 0 -3.11708 100 22 0 0 0 0 0 0 0 0 0 0 0
36500 -270.971 0 0 0 0.426605 100 27 3.09201 100 28 0 0 0 -2.65762 100 20 0 0 0 0 0 0 0 0 0 0 0
36600 -267.941 0 0 0 1.13344 100 23 2.25941 100 17 0 0 0 -2.9012 100 18 0 0 0 0 0 0 0 0 0 0 0
36700 -268.434 0 0 0 0.705261 100 23 1.13599 100 16 0 0 0 -2.60867 100 25 0 0 0 0 0 0 0 0 0 0 0
36800 -267.813 0 0 0 0.904699 100 21 2.77754 100 22 0 0 0 -2.77949 100 16 0 0 0 0 0 0 0 0 0 0 0
36900 -267.9 0 0 0 2.17863 100 25 6.30928 100 25 0 0 0 -3.53577 100 19 0 0 0 0 0 0 0 0 0 0 0
37000 -267.053 0 0 0 1.75441 100 29 4.97184 100 16 0 0 0 -3.18478 100 20 0 0 0 0 0 0 0 0 0 0 0
37100 -266.985 0 0 0 1.27607 100 23 3.73988 100 26 0 0 0 -2.80975 100 20 0 0 0 0 0 0 0 0 0 0 0
37200 -269.603 0 0 0 1.09275 100 26 -0.257664 100 32 0 0 0 -2.69974 100 19 0 0 0 0 0 0 0 0 0 0 0
37300 -268.177 0 0 0 1.64163 100 19 5.57101 100 25 0 0 0 -3.36853 100 23 0 0 0 0 0 0 0 0 0 0 0
37400 -267.757 0 0 0 1.67975 100 24 3.1233 100 17 0 0 0 -3.11587 100 17 0 0 0 0 0 0 0 0 0 0 0
37500 -268.779 0 0 0 1.21721 100 34 0.404142 100 21 0 0 0 -2.69743 100 14 0 0 0 0 0 0 0 0 0 0 0
37600 -267.261 0 0 0 1.00785 100 25 1.68918 100 24 0 0 0 -2.61834 100 14 0 0 0 0 0 0 0 0 0 0 0
37700 -267.524 0 0 0 0.87559 100 21 1.19696 100 28 0 0 0 -2.52464 100 19 0 0 0 0 0 0 0 0 0 0 0
37800 -267.507 0 0 0 1.81441 100 23 4.05933 100 23 0 0 0 -3.13163 100 22 0 0 0 0 0 0 0 0 0 0 0
37900 -267.912 0 0 0 1.53257 100 22 5.82094 100 22 0 0 0 -3.03971 100 21 0 0 0 0 0 0 0 0 0 0 0
38000 -267.659 0 0 0 1.42383 100 29 2.57564 100 12 0 0 0 -3.00463 100 18 0 0 0 0 0 0 0 0 0 0 0
38100 -267.51 0 0 0 1.13281 100 23 2.34435 100 25 0 0 0 -2.85766 100 25 0 0 0 0 0 0 0 0 0 0 0
38200 -267.452 0 0 0 1.8652 100 26 6.18816 100 20 0 0 0 -3.35709 100 21 0 0 0 0 0 0 0 0 0 0 0
38300 -268.045 0 0 0 2.0963 100 26 4.9954 100 23 0 0 0 -3.33264 100 27 0 0 0 0 0 0 0 0 0 0 0
38400 -271.76 0 0 0 2.12677 100 23 6.91532 100 22 0 0 0 -3.9033 100 26 0 0 0 0 0 0 0 0 0 0 0
38500 -268.343 0 0 0 0.836465 100 22 3.6531 100 26 0 0 0 -2.58943 100 23 0 0 0 0 0 0 0 0 0 0 0
38600 -269.068 0 0 0 2.38763 100 27 8.32413 100 21 0 0 0 -3.68437 100 20 0 0 0 0 0 0 0 0 0 0 0
38700 -266.831 0 0 0 1.48668 100 28 4.23828 100 20 0 0 0 -3.01047 100 22 0 0 0 0 0 0 0 0 0 0 0
38800 -269.355 0 0 0 1.25377 100 29 4.4592 100 24 0 0 0 -2.65376 100 18 0 0 0 0 0 0 0 0 0 0 0
38900 -267.178 0 0 0 1.55644 100 30 3.63897 100 26 0 0 0 -2.92994 100 23 0 0 0 0 0 0 0 0 0 0 0
39000 -267.389 0 0 0 1.7471 100 27 4.93934 100 31 0 0 0 -3.29867 100 16 0 0 0 0 0 0 0 0 0 0 0
39100 -267.764 0 0 0 0.99638 100 23 2.36416 100 15 0 0 0 -2.81681 100 13 0 0 0 0 0 0 0 0 0 0 0
39200 -269.453 0 0 0 1.31271 100 24 4.387 100 23 0 0 0 -3.24685 100 14 0 0 0 0 0 0 0 0 0 0 0
39300 -267.168 0 0 0 1.54754 100 23 5.30625 100 18 0 0 0 -3.08936 100 26 0 0 0 0 0 0 0 0 0 0 0
39400 -267.838 0 0 0 2.04713 100 21 5.16264 100 29 0 0 0 -3.29343 100 22 0 0 0 0 0 0 0 0 0 0 0
39500 -267.622 0 0 0 1.17528 100 29 2.7661 100 18 0 0 0 -2.93082 100 22 0 0 0 0 0 0 0 0 0 0 0
39600 -268.282 0 0 0 0.833409 100 28 3.7458 100 30 0 0 0 -2.73823 100 19 0 0 0 0 0 0 0 0 0 0 0
39700 -268.233 0 0 0 0.668156 100 28 2.05548 100 19 0 0 0 -2.38608 100 28 0 0 0 0 0 0 0 0 0 0 0
39800 -267.416 0 0 0 0.997217 100 24 2.86369 100 24 0 0 0 -2.79651 100 22 0 0 0 0 0 0 0 0 0 0 0
39900 -270.462 0 0 0 2.70574 100 23 7.40247 100 26 0 0 0 -3.68882 100 18 0 0 0 0 0 0 0 0 0 0 0
40000 -267.043 0 0 0 1.0501 100 26 3.02125 100 23 0 0 0 -2.70906 100 24 0 0 0 0 0 0 0 0 0 0 0
40100 -267.446 0 0 0 1.08995 100 23 1.59301 100 22 0 0 0 -2.60067 100 21 0 0 0 0 0 0 0 0 0 0 0
40200 -267.514 0 0 0 1.27831 100 24 4.18124 100 25 0 0 0 -3.04901 100 26 0 0 0 0 0 0 0 0 0 0 0
40300 -268.975 0 0 0 0.837783 100 17 0.684967 100 31 0 0 0 -2.69697 100 19 0 0 0 0 0 0 0 0 0 0 0
40400 -267.823 0 0 0 0.681457 100 20 1.22283 100 25 0 0 0 -2.41802 100 19 0 0 0 0 0 0 0 0 0 0 0
40500 -267.262 0 0 0 1.11603 100 28 2.02844 100 21 0 0 0 -2.76545 100 26 0 0 0 0 0 0 0 0 0 0 0
40600 -268.162 0 0 0 0.79366 100 28 1.00911 100 22 0 0 0 -2.61913 100 12 0 0 0 0 0 0 0 0 0 0 0
40700 -268.059 0 0 0 2.02303 100 29 6.59512 100 25 0 0 0 -3.32202 100 23 0 0 0 0 0 0 0 0 0 0 0
40800 -273.917 0 0 0 3.32946 100 32 11.4586 100 19 0 0 0 -4.28229 100 20 0 0 0 0 0 0 0 0 0 0 0
40900 -268.532 0 0 0 2.38961 100 23 7.57907 100 22 0 0 0 -3.70295 100 14 0 0 0 0 0 0 0 0 0 0 0
41000 -267.625 0 0 0 2.04426 100 25 6.36801 100 24 0 0 0 -3.40798 100 18 0 0 0 0 0 0 0 0 0 0 0
41100 -268.635 0 0 0 0.497891 100 27 0.674943 100 20 0 0 0 -2.24653 100 21 0 0 0 0 0 0 0 0 0 0 0
41200 -268.41 0 0 0 1.97853 100 21 4.09503 100 29 0 0 0 -3.37051 100 22 0 0 0 0 0 0 0 0 0 0 0
41300 -269.786 0 0 0 2.56986 100 27 6.88359 100 27 0 0 0 -3.6052 100 13 0 0 0 0 0 0 0 0 0 0 0
41400 -267.804 0 0 0 1.25688 100 22 5.18641 100 29 0 0 0 -2.99657 100 28 0 0 0 0 0 0 0 0 0 0 0
41500 -267.299 0 0 0 1.7924 100 28 5.13602 100 18 0 0 0 -3.30607 100 21 0 0 0 0 0 0 0 0 0 0 0
41600 -270.171 0 0 0 1.05207 100 22 5.65662 100 22 0 0 0 -2.79305 100 22 0 0 0 0 0 0 0 0 0 0 0
41700 -268.796 0 0 0 0.897785 100 27 -0.314815 100 24 0 0 0 -2.50498 100 27 0 0 0 0 0 0 0 0 0 0 0
41800 -268.385 0 0 0 0.66225 100 32 1.80247 100 26 0 0 0 -2.34091 100 20 0 0 0 0 0 0 0 0 0 0 0
41900 -268.175 0 0 0 0.755148 100 21 1.95913 100 26 0 0 0 -2.38342 100 20 0 0 0 0 0 0 0 0 0 0 0
42000 -266.876 0 0 0 1.24957 100 33 2.96991 100 29 0 0 0 -2.83242 100 21 0 0 0 0 0 0 0 0 0 0 0
42100 -267.941 0 0 0 1.27387 100 30 2.55097 100 19 0 0 0 -2.99045 100 25 0 0 0 0 0 0 0 0 0 0 0
42200 -267.33 0 0 0 1.20638 100 18 3.51539 100 21 0 0 0 -2.95782 100 14 0 0 0 0 0 0 0 0 0 0 0
42300 -267.567 0 0 0 0.98154 100 24 3.10577 100 28 0 0 0 -2.81472 100 22 0 0 0 0 0 0 0 0 0 0 0
42400 -267.633 0 0 0 1.8141 100 20 5.06948 100 22 0 0 0 -3.36397 100 16 0 0 0 0 0 0 0 0 0 0 0
42500 -269.863 0 0 0 1.40978 100 12 3.32432 100 25 0 0 0 -3.25931 100 24 0 0 0 0 0 0 0 0 0 0 0
42600 -268.501 0 0 0 0.586844 100 30 0.0110034 100 20 0 0 0 -2.37826 100 20 0 0 0 0 0 0 0 0 0 0 0
42700 -267.331 0 0 0 0.881607 100 29 2.53768 100 15 0 0 0 -2.59726 100 15 0 0 0 0 0 0 0 0 0 0 0
42800 -269.225 0 0 0 0.364893 100 21 -0.424959 100 11 0 0 0 -2.24565 100 18 0 0 0 0 0 0 0 0 0 0 0
42900 -267.657 0 0 0 0.740912 100 26 1.33337 100 17 0 0 0 -2.49625 100 22 0 0 0 0 0 0 0 0 0 0 0
43000 -268.099 0 0 0 2.24222 100 30 6.04091 100 23 0 0 0 -3.52002 100 13 0 0 0 0 0 0 0 0 0 0 0
43100 -268.104 0 0 0 1.57414 100 19 4.19235 100 25 0 0 0 -3.2666 100 24 0 0 0 0 0 0 0 0 0 0 0
43200 -267.939 0 0 0 1.97594 100 16 6.95125 100 25 0 0 0 -3.48099 100 29 0 0 0 0 0 0 0 0 0 0 0
43300 -267.781 0 0 0 1.52346 100 27 5.79621 100 13 0 0 0 -3.22724 100 20 0 0 0 0 0 0 0 0 0 0 0
43400 -267.156 0 0 0 1.47125 100 32 4.57948 100 22 0 0 0 -3.12319 100 20 0 0 0 0 0 0 0 0 0 0 0
43500 -267.227 0 0 0 1.59226 100 29 3.97585 100 13 0 0 0 -3.14975 100 19 0 0 0 0 0 0 0 0 0 0 0
43600 -269.441 0 0 0 1.59017 100 25 5.83813 100 24 0 0 0 -2.92154 100 25 0 0 0 0 0 0 0 0 0 0 0
43700 -268.503 0 0 0 2.13343 100 30 4.53647 100 21 0 0 0 -3.3861 100 21 0 0 0 0 0 0 0 0 0 0 0
43800 -267.084 0 0 0 1.38061 100 25 4.68276 100 17 0 0 0 -3.0282 100 20 0 0 0 0 0 0 0 0 0 0 0
43900 -268.101 0 0 0 0.947633 100 23 1.73177 100 22 0 0 0 -2.43195 100 20 0 0 0 0 0 0 0 0 0 0 0
44000 -267.209 0 0 0 0.960627 100 23 2.9202 100 17 0 0 0 -2.68852 100 16 0 0 0 0 0 0 0 0 0 0 0
44100 -267.139 0 0 0 1.35563 100 21 3.38836 100 23 0 0 0 -3.00055 100 17 0 0 0 0 0 0 0 0 0 0 0
44200 -267.519 0 0 0 0.969189 100 32 3.21517 100 23 0 0 0 -2.61341 100 24 0 0 0 0 0 0 0 0 0 0 0
44300 -268.371 0 0 0 0.607513 100 24 0.413303 100 19 0 0 0 -2.2906 100 15 0 0 0 0 0 0 0 0 0 0 0
44400 -269.424 0 0 0 0.774875 100 23 1.56505 100 26 0 0 0 -2.77709 100 25 0 0 0 0 0 0 0 0 0 0 0
44500 -267.342 0 0 0 1.93449 100 30 5.5659 100 21 0 0 0 -3.34164 100 21 0 0 0 0 0 0 0 0 0 0 0
44600 -272.845 0 0 0 1.9509 100 30 0.749508 100 24 0 0 0 -3.14731 100 23 0 0 0 0 0 0 0 0 0 0 0
44700 -269.851 0 0 0 0.496946 100 29 -0.819076 100 20 0 0 0 -2.09943 100 25 0 0 0 0 0 0 0 0 0 0 0
44800 -267.663 0 0 0 1.68614 100 22 5.37642 100 25 0 0 0 -3.0461 100 17 0 0 0 0 0 0 0 0 0 0 0
44900 -268.833 0 0 0 1.40569 100 25 6.3452 100 27 0 0 0 -3.06674 100 17 0 0 0 0 0 0 0 0 0 0 0
45000 -267.407 0 0 0 1.5464 100 19 5.30134 100 25 0 0 0 -3.01955 100 19 0 0 0 0 0 0 0 0 0 0 0
45100 -267.971 0 0 0 2.01015 100 29 4.45229 100 22 0 0 0 -3.30186 100 23 0 0 0 0 0 0 0 0 0 0 0
45200 -269.977 0 0 0 1.66645 100 26 5.98725 100 24 0 0 0 -3.53341 100 16 0 0 0 0 0 0 0 0 0 0 0
45300 -269.554 0 0 0 0.721255 100 34 3.88604 100 23 0 0 0 -2.7947 100 16 0 0 0 0 0 0 0 0 0 0 0
45400 -268.461 0 0 0 1.35529 100 21 5.41774 100 21 0 0 0 -3.20631 100 20 0 0 0 0 0 0 0 0 0 0 0
45500 -267.029 0 0 0 1.431 100 29 3.04766 100 21 0 0 0 -2.93901 100 20 0 0 0 0 0 0 0 0 0 0 0
45600 -268.363 0 0 0 1.41949 100 27 4.89953 100 19 0 0 0 -3.24315 100 23 0 0 0 0 0 0 0 0 0 0 0
45700 -267.214 0 0 0 1.51579 100 25 3.00761 100 24 0 0 0 -2.97078 100 23 0 0 0 0 0 0 0 0 0 0 0
45800 -267.779 0 0 0 1.85429 100 22 6.54806 100 21 0 0 0 -3.41457 100 17 0 0 0 0 0 0 0 0 0 0 0
45900 -268.157 0 0 0 0.857928 100 19 1.49684 100 29 0 0 0 -2.38619 100 26 0 0 0 0 0 0 0 0 0 0 0
46000 -267.12 0 0 0 1.59506 100 29 4.22262 100 26 0 0 0 -2.97853 100 25 0 0 0 0 0 0 0 0 0 0 0
46100 -268.962 0 0 0 1.63871 100 21 2.0414 100 28 0 0 0 -2.85985 100 24 0 0 0 0 0 0 0 0 0 0 0
46200 -267.415 0 0 0 1.27955 100 17 3.01744 100 33 0 0 0 -2.97629 100 23 0 0 0 0 0 0 0 0 0 0 0
46300 -268.19 0 0 0 2.09538 100 28 6.76743 100 23 0 0 0 -3.3703 100 20 0 0 0 0 0 0 0 0 0 0 0
46400 -267.3 0 0 0 1.24929 100 22 3.08542 100 16 0 0 0 -2.7004 100 22 0 0 0 0 0 0 0 0 0 0 0
46500 -268.193 0 0 0 2.0514 100 21 4.48937 100 18 0 0 0 -3.27914 100 20 0 0 0 0 0 0 0 0 0 0 0
46600 -267.856 0 0 0 1.74826 100 17 6.52439 100 20 0 0 0 -3.34859 100 25 0 0 0 0 0 0 0 0 0 0 0
46700 -267.095 0 0 0 1.27066 100 30 4.35288 100 24 0 0 0 -2.94322 100 12 0 0 0 0 0 0 0 0 0 0 0
46800 -267.008 0 0 0 1.44351 100 29 4.46249 100 26 0 0 0 -2.9399 100 15 0 0 0 0 0 0 0 0 0 0 0
46900 -271.336 0 0 0 2.07762 100 33 2.11853 100 17 0 0 0 -3.23928 100 17 0 0 0 0 0 0 0 0 0 0 0
47000 -270.222 0 0 0 1.03153 100 26 2.40146 100 22 0 0 0 -3.03111 100 22 0 0 0 0 0 0 0 0 0 0 0
47100 -268.506 0 0 0 1.15767 100 32 3.90132 100 17 0 0 0 -2.62022 100 21 0 0 0 0 0 0 0 0 0 0 0
47200 -267.819 0 0 0 0.677356 100 29 1.44442 100 18 0 0 0 -2.425 100 18 0 0 0 0 0 0 0 0 0 0 0
47300 -267.647 0 0 0 1.41842 100 24 2.07182 100 25 0 0 0 -2.83401 100 17 0 0 0 0 0 0 0 0 0 0 0
47400 -267.084 0 0 0 1.59052 100 27 5.06217 100 25 0 0 0 -3.06243 100 20 0 0 0 0 0 0 0 0 0 0 0
47500 -267.9 0 0 0 2.17321 100 25 6.75045 100 29 0 0 0 -3.53312 100 17 0 0 0 0 0 0 0 0 0 0 0
47600 -267.943 0 0 0 1.32516 100 17 3.81699 100 23 0 0 0 -3.11102 100 19 0 0 0 0 0 0 0 0 0 0 0
47700 -268.019 0 0 0 2.09586 100 24 7.05056 100 23 0 0 0 -3.45539 100 19 0 0 0 0 0 0 0 0 0 0 0
47800 -267.389 0 0 0 1.66882 100 23 3.80255 100 24 0 0 0 -2.99143 100 17 0 0 0 0 0 0 0 0 0 0 0
47900 -267.986 0 0 0 1.83063 100 23 4.89247 100 16 0 0 0 -3.39897 100 19 0 0 0 0 0 0 0 0 0 0 0
48000 -268.639 0 0 0 0.723513 100 20 -0.36026 100 30 0 0 0 -2.38656 100 27 0 0 0 0 0 0 0 0 0 0 0
48100 -267.766 0 0 0 1.42913 100 28 5.49645 100 35 0 0 0 -2.98688 100 21 0 0 0 0 0 0 0 0 0 0 0
48200 -267.626 0 0 0 1.62989 100 18 3.32961 100 19 0 0 0 -3.13834 100 21 0 0 0 0 0 0 0 0 0 0 0
48300 -267.542 0 0 0 1.9763 100 21 5.81024 100 28 0 0 0 -3.42725 100 18 0 0 0 0 0 0 0 0 0 0 0
48400 -269.056 0 0 0 0.763229 100 17 2.27603 100 25 0 0 0 -2.33176 100 23 0 0 0 0 0 0 0 0 0 0 0
48500 -270.127 0 0 0 2.6208 100 23 6.2971 100 24 0 0 0 -3.85099 100 19 0 0 0 0 0 0 0 0 0 0 0
48600 -267.744 0 0 0 2.09528 100 35 5.82836 100 27 0 0 0 -3.47199 100 22 0 0 0 0 0 0 0 0 0 0 0
48700 -268.05 0 0 0 1.26081 100 27 1.34869 100 25 0 0 0 -2.65298 100 19 0 0 0 0 0 0 0 0 0 0 0
48800 -268.036 0 0 0 1.34977 100 23 4.24396 100 21 0 0 0 -3.15277 100 26 0 0 0 0 0 0 0 0 0 0 0
48900 -269.126 0 0 0 2.31958 100 30 5.93739 100 22 0 0 0 -3.71116 100 22 0 0 0 0 0 0 0 0 0 0 0
49000 -273.667 0 0 0 3.20619 100 21 9.89583 100 19 0 0 0 -4.57115 100 16 0 0 0 0 0 0 0 0 0 0 0
49100 -267.507 0 0 0 1.48581 100 27 5.58657 100 26 0 0 0 -3.07246 100 20 0 0 0 0 0 0 0 0 0 0 0
49200 -270.204 0 0 0 2.02008 100 23 8.24254 100 25 0 0 0 -3.3985 100 24 0 0 0 0 0 0 0 0 0 0 0
49300 -269.032 0 0 0 1.90505 100 31 6.8213 100 25 0 0 0 -3.19822 100 14 0 0 0 0 0 0 0 0 0 0 0
49400 -267.86 0 0 0 1.36099 100 32 2.61651 100 22 0 0 0 -2.6944 100 21 0 0 0 0 0 0 0 0 0 0 0
49500 -267.241 0 0 0 1.43788 100 29 5.12574 100 29 0 0 0 -3.08163 100 24 0 0 0 0 0 0 0 0 0 0 0
49600 -268.599 0 0 0 1.47715 100 31 4.36707 100 22 0 0 0 -3.27394 100 16 0 0 0 0 0 0 0 0 0 0 0
49700 -267.227 0 0 0 1.63734 100 16 4.81693 100 20 0 0 0 -3.02439 100 27 0 0 0 0 0 0 0 0 0 0 0
49800 -270.699 0 0 0 1.57819 100 20 1.52162 100 23 0 0 0 -3.18337 100 20 0 0 0 0 0 0 0 0 0 0 0
49900 -268.923 0 0 0 1.86108 100 26 3.77936 100 27 0 0 0 -2.99333 100 17 0 0 0 0 0 0 0 0 0 0 0
50000 -268.891 0 0 0 1.59218 100 24 6.76315 100 26 0 0 0 -3.14002 100 26 0 0 0 0 0 0 0 0 0 0 0
50100 -268.139 0 0 0 1.26005 100 27 2.08948 100 25 0 0 0 -2.95526 100 18 0 0 0 0 0 0 0 0 0 0 0
50200 -266.848 0 0 0 1.45703 100 32 3.92307 100 24 0 0 0 -3.00994 100 19 0 0 0 0 0 0 0 0 0 0 0
50300 -268.457 0 0 0 1.08162 100 26 4.03724 100 18 0 0 0 -3.01077 100 22 0 0 0 0 0 0 0 0 0 0 0
50400 -269.76 0 0 0 2.20382 100 29 3.95574 100 25 0 0 0 -3.30273 100 28 0 0 0 0 0 0 0 0 0 0 0
50500 -266.94 0 0 0 1.5648 100 31 4.37381 100 17 0 0 0 -3.00865 100 24 0 0 0 0 0 0 0 0 0 0 0
50600 -269.535 0 0 0 2.41978 100 28 7.57433 100 26 0 0 0 -3.53078 100 24 0 0 0 0 0 0 0 0 0 0 0
50700 -267.023 0 0 0 1.61104 100 30 4.92113 100 28 0 0 0 -3.06755 100 26 0 0 0 0 0 0 0 0 0 0 0
50800 -268.808 0 0 0 0.952303 100 27 0.391703 100 29 0 0 0 -2.69098 100 24 0 0 0 0 0 0 0 0 0 0 0
50900 -269.344 0 0 0 1.54554 100 18 6.70419 100 21 0 0 0 -3.39074 100 22 0 0 0 0 0 0 0 0 0 0 0
51000 -267.409 0 0 0 1.76642 100 18 5.96932 100 24 0 0 0 -3.3156 100 25 0 0 0 0 0 0 0 0 0 0 0
51100 -268.737 0 0 0 1.90712 100 20 5.77906 100 17 0 0 0 -3.55439 100 20 0 0 0 0 0 0 0 0 0 0 0
51200 -267.739 0 0 0 1.92458 100 27 5.9425 100 25 0 0 0 -3.4585 100 22 0 0 0 0 0 0 0 0 0 0 0
51300 -268.569 0 0 0 2.00746 100 28 4.21816 100 24 0 0 0 -3.41284 100 18 0 0 0 0 0 0 0 0 0 0 0
51400 -266.824 0 0 0 1.47517 100 19 3.96933 100 22 0 0 0 -2.98491 100 24 0 0 0 0 0 0 0 0 0 0 0
51500 -268.486 0 0 0 1.31561 100 32 3.70436 100 26 0 0 0 -2.66167 100 15 0 0 0 0 0 0 0 0 0 0 0
51600 -268.55 0 0 0 0.588619 100 24 2.39057 100 22 0 0 0 -2.55785 100 15 0 0 0 0 0 0 0 0 0 0 0
51700 -267.089 0 0 0 1.55435 100 28 4.74831 100 21 0 0 0 -3.00047 100 22 0 0 0 0 0 0 0 0 0 0 0
51800 -267.25 0 0 0 1.2344 100 26 2.08382 100 30 0 0 0 -2.7967 100 20 0 0 0 0 0 0 0 0 0 0 0
51900 -267.568 0 0 0 1.39801 100 21 2.32816 100 24 0 0 0 -2.94225 100 16 0 0 0 0 0 0 0 0 0 0 0
52000 -267.506 0 0 0 1.0705 100 21 4.0676 100 23 0 0 0 -2.85172 100 19 0 0 0 0 0 0 0 0 0 0 0
52100 -268.218 0 0 0 1.1107 100 23 2.0259 100 18 0 0 0 -2.5048 100 20 0 0 0 0 0 0 0 0 0 0 0
52200 -267.297 0 0 0 1.13946 100 25 1.93449 100 30 0 0 0 -2.76529 100 21 0 0 0 0 0 0 0 0 0 0 0
52300 -269.287 0 0 0 0.615221 100 32 2.0912 100 19 0 0 0 -2.27857 100 22 0 0 0 0 0 0 0 0 0 0 0
52400 -269.158 0 0 0 1.90937 100 24 2.75696 100 20 0 0 0 -3.16242 100 29 0 0 0 0 0 0 0 0 0 0 0
52500 -268.293 0 0 0 0.587869 100 25 1.53431 100 15 0 0 0 -2.34136 100 24 0 0 0 0 0 0 0 0 0 0 0
52600 -267.267 0 0 0 1.10932 100 30 1.75793 100 22 0 0 0 -2.69125 100 20 0 0 0 0 0 0 0 0 0 0 0
52700 -267.309 0 0 0 1.13344 100 22 3.99788 100 37 0 0 0 -2.77287 100 19 0 0 0 0 0 0 0 0 0 0 0
52800 -267.704 0 0 0 0.818726 100 27 2.79235 100 23 0 0 0 -2.67027 100 24 0 0 0 0 0 0 0 0 0 0 0
52900 -267.352 0 0 0 1.71433 100 23 5.92572 100 28 0 0 0 -3.24339 100 24 0 0 0 0 0 0 0 0 0 0 0
53000 -268.515 0 0 0 0.763682 100 20 3.58605 100 23 0 0 0 -2.58924 100 27 0 0 0 0 0 0 0 0 0 0 0
53100 -267.701 0 0 0 2.05509 100 29 5.31036 100 17 0 0 0 -3.34765 100 22 0 0 0 0 0 0 0 0 0 0 0
53200 -268.457 0 0 0 1.09424 100 28 0.413439 100 23 0 0 0 -2.55165 100 12 0 0 0 0 0 0 0 0 0 0 0
53300 -267.885 0 0 0 0.646074 100 27 1.52927 100 20 0 0 0 -2.44119 100 16 0 0 0 0 0 0 0 0 0 0 0
53400 -267.814 0 0 0 0.829166 100 13 0.863867 100 29 0 0 0 -2.43578 100 17 0 0 0 0 0 0 0 0 0 0 0
53500 -269.017 0 0 0 0.980286 100 23 3.04292 100 22 0 0 0 -2.95981 100 19 0 0 0 0 0 0 0 0 0 0 0
53600 -268.704 0 0 0 2.09255 100 24 5.78821 100 24 0 0 0 -3.23539 100 22 0 0 0 0 0 0 0 0 0 0 0
53700 -268.958 0 0 0 1.42332 100 27 1.07154 100 15 0 0 0 -2.72928 100 15 0 0 0 0 0 0 0 0 0 0 0
53800 -269.897 0 0 0 0.457245 100 27 -0.769474 100 27 0 0 0 -2.39797 100 21 0 0 0 0 0 0 0 0 0 0 0
53900 -268.106 0 0 0 1.78832 100 26 3.6505 100 27 0 0 0 -3.26671 100 22 0 0 0 0 0 0 0 0 0 0 0
54000 -267.99 0 0 0 1.64147 100 31 2.59594 100 21 0 0 0 -2.96908 100 23 0 0 0 0 0 0 0 0 0 0 0
54100 -266.978 0 0 0 1.4858 100 20 4.53834 100 19 0 0 0 -2.97281 100 20 0 0 0 0 0 0 0 0 0 0 0
54200 -269.698 0 0 0 1.16271 100 23 6.13016 100 28 0 0 0 -3.02925 100 26 0 0 0 0 0 0 0 0 0 0 0
54300 -267.023 0 0 0 1.3935 100 23 3.28353 100 23 0 0 0 -2.97968 100 15 0 0 0 0 0 0 0 0 0 0 0
54400 -268.468 0 0 0 2.16797 100 29 7.32047 100 24 0 0 0 -3.67008 100 24 0 0 0 0 0 0 0 0 0 0 0
54500 -267.851 0 0 0 1.53456 100 25 5.5972 100 37 0 0 0 -3.26225 100 20 0 0 0 0 0 0 0 0 0 0 0
54600 -269.407 0 0 0 0.559181 100 27 0.133323 100 20 0 0 0 -2.14915 100 23 0 0 0 0 0 0 0 0 0 0 0
54700 -268.977 0 0 0 1.45574 100 22 4.80934 100 22 0 0 0 -3.31081 100 22 0 0 0 0 0 0 0 0 0 0 0
54800 -267.044 0 0 0 1.30721 100 23 2.89706 100 22 0 0 0 -2.77428 100 23 0 0 0 0 0 0 0 0 0 0 0
54900 -271.377 0 0 0 1.89998 100 22 3.61065 100 17 0 0 0 -2.87828 100 16 0 0 0 0 0 0 0 0 0 0 0
55000 -267.868 0 0 0 0.851387 100 23 1.46559 100 24 0 0 0 -2.41751 100 15 0 0 0 0 0 0 0 0 0 0 0
55100 -267.374 0 0 0 1.04881 100 29 2.91483 100 20 0 0 0 -2.83121 100 21 0 0 0 0 0 0 0 0 0 0 0
55200 -267.098 0 0 0 1.74011 100 27 4.52522 100 22 0 0 0 -3.13061 100 19 0 0 0 0 0 0 0 0 0 0 0
55300 -268.327 0 0 0 0.993478 100 33 2.28996 100 26 0 0 0 -2.45243 100 22 0 0 0 0 0 0 0 0 0 0 0
55400 -270.203 0 0 0 0.489029 100 20 -1.17485 100 18 0 0 0 -2.39376 100 18 0 0 0 0 0 0 0 0 0 0 0
55500 -267.075 0 0 0 1.12783 100 30 2.32226 100 29 0 0 0 -2.67629 100 22 0 0 0 0 0 0 0 0 0 0 0
55600 -268.341 0 0 0 2.04817 100 26 4.45812 100 27 0 0 0 -3.40759 100 22 0 0 0 0 0 0 0 0 0 0 0
55700 -266.917 0 0 0 1.49928 100 26 4.67391 100 17 0 0 0 -3.03261 100 30 0 0 0 0 0 0 0 0 0 0 0
55800 -268.034 0 0 0 1.12837 100 25 4.89449 100 19 0 0 0 -2.93269 100 21 0 0 0 0 0 0 0 0 0 0 0
55900 -269.975 0 0 0 2.43361 100 24 5.0763 100 20 0 0 0 -3.4958 100 18 0 0 0 0 0 0 0 0 0 0 0
56000 -266.941 0 0 0 1.48372 100 22 3.43581 100 16 0 0 0 -2.97141 100 22 0 0 0 0 0 0 0 0 0 0 0
56100 -268.584 0 0 0 1.44188 100 23 3.6275 100 22 0 0 0 -3.20938 100 16 0 0 0 0 0 0 0 0 0 0 0
56200 -267.959 0 0 0 1.74254 100 23 6.67694 100 25 0 0 0 -3.31649 100 17 0 0 0 0 0 0 0 0 0 0 0
56300 -269.554 0 0 0 1.84936 100 25 2.33977 100 22 0 0 0 -3.19986 100 23 0 0 0 0 0 0 0 0 0 0 0
56400 -268.391 0 0 0 0.975097 100 28 3.13163 100 24 0 0 0 -2.90775 100 20 0 0 0 0 0 0 0 0 0 0 0
56500 -267.285 0 0 0 0.997695 100 23 2.95062 100 28 0 0 0 -2.62351 100 23 0 0 0 0 0 0 0 0 0 0 0
56600 -268.455 0 0 0 2.0314 100 21 4.19233 100 32 0 0 0 -3.38003 100 17 0 0 0 0 0 0 0 0 0 0 0
56700 -269.201 0 0 0 0.656221 100 23 3.44537 100 26 0 0 0 -2.69539 100 23 0 0 0 0 0 0 0 0 0 0 0
56800 -268.143 0 0 0 1.27642 100 21 3.1161 100 25 0 0 0 -3.05973 100 16 0 0 0 0 0 0 0 0 0 0 0
56900 -267.402 0 0 0 1.37107 100 20 2.42683 100 24 0 0 0 -2.92497 100 15 0 0 0 0 0 0 0 0 0 0 0
57000 -268.315 0 0 0 2.05238 100 30 6.07182 100 22 0 0 0 -3.58193 100 25 0 0 0 0 0 0 0 0 0 0 0
57100 -270.197 0 0 0 2.33254 100 32 5.13887 100 22 0 0 0 -3.32823 100 25 0 0 0 0 0 0 0 0 0 0 0
57200 -267.306 0 0 0 1.42248 100 32 5.19128 100 20 0 0 0 -3.0695 100 21 0 0 0 0 0 0 0 0 0 0 0
57300 -267.435 0 0 0 0.916723 100 28 2.77053 100 29 0 0 0 -2.7238 100 22 0 0 0 0 0 0 0 0 0 0 0
57400 -267.475 0 0 0 1.54224 100 21 2.93251 100 22 0 0 0 -3.03841 100 22 0 0 0 0 0 0 0 0 0 0 0
57500 -267.354 0 0 0 1.22138 100 30 2.83314 100 22 0 0 0 -2.92464 100 20 0 0 0 0 0 0 0 0 0 0 0
57600 -268.654 0 0 0 0.715106 100 28 1.49593 100 26 0 0 0 -2.66772 100 22 0 0 0 0 0 0 0 0 0 0 0
57700 -268.012 0 0 0 1.45531 100 27 1.81185 100 27 0 0 0 -2.8718 100 18 0 0 0 0 0 0 0 0 0 0 0
57800 -267.538 0 0 0 1.36951 100 30 2.03997 100 27 0 0 0 -2.85312 100 19 0 0 0 0 0 0 0 0 0 0 0
57900 -267.102 0 0 0 1.64843 100 19 5.31926 100 23 0 0 0 -3.19449 100 25 0 0 0 0 0 0 0 0 0 0 0
58000 -267.771 0 0 0 1.33467 100 20 3.13183 100 19 0 0 0 -3.05185 100 21 0 0 0 0 0 0 0 0 0 0 0
58100 -268.063 0 0 0 1.38351 100 28 2.41566 100 24 0 0 0 -2.69211 100 19 0 0 0 0 0 0 0 0 0 0 0
58200 -268.611 0 0 0 0.561687 100 32 -0.184463 100 25 0 0 0 -2.29943 100 22 0 0 0 0 0 0 0 0 0 0 0
58300 -266.945 0 0 0 1.18551 100 34 3.122 100 21 0 0 0 -2.8461 100 20 0 0 0 0 0 0 0 0 0 0 0
58400 -267.344 0 0 0 1.6423 100 22 5.63947 100 16 0 0 0 -3.12345 100 21 0 0 0 0 0 0 0 0 0 0 0
58500 -267.002 0 0 0 1.48411 100 22 3.87053 100 21 0 0 0 -3.06412 100 20 0 0 0 0 0 0 0 0 0 0 0
58600 -268.122 0 0 0 1.86544 100 25 3.69488 100 24 0 0 0 -3.09806 100 18 0 0 0 0 0 0 0 0 0 0 0
58700 -268.911 0 0 0 1.25417 100 30 1.87527 100 26 0 0 0 -2.99988 100 21 0 0 0 0 0 0 0 0 0 0 0
58800 -268.37 0 0 0 0.906102 100 30 2.13417 100 29 0 0 0 -2.80917 100 15 0 0 0 0 0 0 0 0 0 0 0
58900 -268.188 0 0 0 1.11478 100 29 1.49458 100 13 0 0 0 -2.83531 100 23 0 0 0 0 0 0 0 0 0 0 0
59000 -269.906 0 0 0 0.402647 100 26 -1.02427 100 24 0 0 0 -2.0776 100 19 0 0 0 0 0 0 0 0 0 0 0
59100 -268.412 0 0 0 1.82824 100 23 5.71522 100 16 0 0 0 -3.0811 100 16 0 0 0 0 0 0 0 0 0 0 0
59200 -267.133 0 0 0 1.50664 100 24 4.69475 100 15 0 0 0 -2.96508 100 18 0 0 0 0 0 0 0 0 0 0 0
59300 -270.236 0 0 0 2.55797 100 25 9.13448 100 25 0 0 0 -3.7661 100 27 0 0 0 0 0 0 0 0 0 0 0
59400 -267.928 0 0 0 1.74667 100 28 4.38066 100 22 0 0 0 -2.98955 100 20 0 0 0 0 0 0 0 0 0 0 0
59500 -268.838 0 0 0 0.687603 100 23 0.555071 100 19 0 0 0 -2.58617 100 22 0 0 0 0 0 0 0 0 0 0 0
59600 -269.021 0 0 0 1.1307 100 30 0.720252 100 19 0 0 0 -2.46762 100 23 0 0 0 0 0 0 0 0 0 0 0
59700 -267.952 0 0 0 1.35365 100 24 1.80639 100 25 0 0 0 -2.7117 100 21 0 0 0 0 0 0 0 0 0 0 0
59800 -269.723 0 0 0 0.527932 100 17 2.65646 100 14 0 0 0 -2.65167 100 20 0 0 0 0 0 0 0 0 0 0 0
59900 -267.867 0 0 0 0.757198 100 30 2.24601 100 31 0 0 0 -2.45315 100 27 0 0 0 0 0 0 0 0 0 0 0
60000 -269.231 0 0 0 0.802961 100 27 2.88654 100 27 0 0 0 -2.84916 100 20 0 0 0 0 0 0 0 0 0 0 0
60100 -269.658 0 0 0 2.40834 100 21 6.58712 100 27 0 0 0 -3.45042 100 19 0 0 0 0 0 0 0 0 0 0 0
60200 -266.922 0 0 0 1.48906 100 26 4.64006 100 22 0 0 0 -3.01616 100 12 0 0 0 0 0 0 0 0 0 0 0
60300 -267.38 0 0 0 0.898841 100 32 2.10979 100 21 0 0 0 -2.66589 100 16 0 0 0 0 0 0 0 0 0 0 0
60400 -266.933 0 0 0 1.2424 100 20 2.77458 100 19 0 0 0 -2.82862 100 22 0 0 0 0 0 0 0 0 0 0 0
60500 -267.921 0 0 0 1.90595 100 26 6.79077 100 22 0 0 0 -3.33333 100 13 0 0 0 0 0 0 0 0 0 0 0
60600 -268.418 0 0 0 0.797058 100 23 0.265927 100 23 0 0 0 -2.34666 100 14 0 0 0 0 0 0 0 0 0 0 0
60700 -269.31 0 0 0 0.476062 100 28 2.22183 100 25 0 0 0 -2.54774 100 19 0 0 0 0 0 0 0 0 0 0 0
60800 -266.846 0 0 0 1.24397 100 25 3.5008 100 21 0 0 0 -2.84858 100 16 0 0 0 0 0 0 0 0 0 0 0
60900 -268.516 0 0 0 0.890018 100 28 0.897711 100 21 0 0 0 -2.70113 100 23 0 0 0 0 0 0 0 0 0 0 0
61000 -271.045 0 0 0 0.663693 100 23 4.67383 100 26 0 0 0 -2.81879 100 21 0 0 0 0 0 0 0 0 0 0 0
61100 -269.058 0 0 0 1.68797 100 30 1.91417 100 14 0 0 0 -2.94601 100 20 0 0 0 0 0 0 0 0 0 0 0
61200 -268.75 0 0 0 0.476622 100 27 0.31536 100 21 0 0 0 -2.38366 100 19 0 0 0 0 0 0 0 0 0 0 0
61300 -267.627 0 0 0 2.02712 100 23 6.05047 100 22 0 0 0 -3.34154 100 26 0 0 0 0 0 0 0 0 0 0 0
61400 -267.56 0 0 0 1.96271 100 21 5.46185 100 22 0 0 0 -3.25519 100 17 0 0 0 0 0 0 0 0 0 0 0
61500 -268.952 0 0 0 1.89511 100 23 4.57394 100 22 0 0 0 -3.48071 100 15 0 0 0 0 0 0 0 0 0 0 0
61600 -267.803 0 0 0 1.63463 100 29 5.60003 100 26 0 0 0 -3.03729 100 27 0 0 0 0 0 0 0 0 0 0 0
61700 -267.15 0 0 0 1.63401 100 22 5.32116 100 22 0 0 0 -3.20581 100 11 0 0 0 0 0 0 0 0 0 0 0
61800 -269.838 0 0 0 2.37307 100 32 5.01822 100 27 0 0 0 -3.65904 100 15 0 0 0 0 0 0 0 0 0 0 0
61900 -267.264 0 0 0 1.44683 100 17 3.94263 100 19 0 0 0 -2.84992 100 20 0 0 0 0 0 0 0 0 0 0 0
62000 -267.96 0 0 0 1.32801 100 27 5.14534 100 23 0 0 0 -2.87959 100 26 0 0 0 0 0 0 0 0 0 0 0
62100 -267.109 0 0 0 1.25143 100 20 4.06147 100 24 0 0 0 -2.95728 100 24 0 0 0 0 0 0 0 0 0 0 0
62200 -270.145 0 0 0 0.273965 100 27 1.39849 100 30 0 0 0 -2.16534 100 19 0 0 0 0 0 0 0 0 0 0 0
62300 -267.951 0 0 0 0.91414 100 26 1.42505 100 27 0 0 0 -2.70751 100 21 0 0 0 0 0 0 0 0 0 0 0
62400 -268.814 0 0 0 1.96441 100 25 3.96946 100 26 0 0 0 -3.10079 100 21 0 0 0 0 0 0 0 0 0 0 0
62500 -267.143 0 0 0 1.02553 100 30 2.26771 100 23 0 0 0 -2.71701 100 17 0 0 0 0 0 0 0 0 0 0 0
62600 -268.577 0 0 0 1.22464 100 17 5.39637 100 25 0 0 0 -3.10116 100 19 0 0 0 0 0 0 0 0 0 0 0
62700 -270.1 0 0 0 1.36816 100 24 -0.0422152 100 17 0 0 0 -2.72385 100 14 0 0 0 0 0 0 0 0 0 0 0
62800 -269.499 0 0 0 0.320288 100 26 1.39647 100 34 0 0 0 -2.24394 100 13 0 0 0 0 0 0 0 0 0 0 0
62900 -267.5 0 0 0 1.11664 100 27 4.10789 100 22 0 0 0 -2.75537 100 17 0 0 0 0 0 0 0 0 0 0 0
63000 -267.287 0 0 0 1.41939 100 24 3.70586 100 22 0 0 0 -2.81892 100 21 0 0 0 0 0 0 0 0 0 0 0
63100 -268.096 0 0 0 1.78267 100 28 4.24934 100 14 0 0 0 -3.33975 100 13 0 0 0 0 0 0 0 0 0 0 0
63200 -266.924 0 0 0 1.23243 100 17 3.49857 100 25 0 0 0 -2.79261 100 22 0 0 0 0 0 0 0 0 0 0 0
63300 -272.063 0 0 0 1.12953 100 27 4.17157 100 19 0 0 0 -2.46048 100 17 0 0 0 0 0 0 0 0 0 0 0
63400 -267.078 0 0 0 1.15884 100 27 3.59469 100 26 0 0 0 -2.87439 100 24 0 0 0 0 0 0 0 0 0 0 0
63500 -272.6 0 0 0 -0.0188654 100 25 -0.667423 100 33 0 0 0 -2.28258 100 19 0 0 0 0 0 0 0 0 0 0 0
63600 -267.672 0 0 0 1.56574 100 33 3.04132 100 23 0 0 0 -3.09667 100 18 0 0 0 0 0 0 0 0 0 0 0
63700 -267.65 0 0 0 1.51387 100 28 4.35575 100 24 0 0 0 -3.20528 100 14 0 0 0 0 0 0 0 0 0 0 0
63800 -267.196 0 0 0 1.69463 100 32 4.73087 100 31 0 0 0 -3.06119 100 18 0 0 0 0 0 0 0 0 0 0 0
63900 -268.294 0 0 0 1.63749 100 29 3.41296 100 26 0 0 0 -3.23493 100 20 0 0 0 0 0 0 0 0 0 0 0
64000 -268.421 0 0 0 1.84383 100 32 6.70637 100 20 0 0 0 -3.21538 100 18 0 0 0 0 0 0 0 0 0 0 0
64100 -267.58 0 0 0 2.00625 100 23 5.31585 100 23 0 0 0 -3.38645 100 25 0 0 0 0 0 0 0 0 0 0 0
64200 -267.937 0 0 0 2.17189 100 21 6.89023 100 27 0 0 0 -3.5362 100 18 0 0 0 0 0 0 0 0 0 0 0
64300 -267.887 0 0 0 2.0368 100 26 6.76761 100 29 0 0 0 -3.39069 100 17 0 0 0 0 0 0 0 0 0 0 0
64400 -266.894 0 0 0 1.17201 100 26 2.8841 100 27 0 0 0 -2.76722 100 28 0 0 0 0 0 0 0 0 0 0 0
64500 -268.352 0 0 0 1.78763 100 21 3.27701 100 21 0 0 0 -3.23971 100 29 0 0 0 0 0 0 0 0 0 0 0
64600 -267.955 0 0 0 1.00204 100 28 2.07229 100 30 0 0 0 -2.47877 100 14 0 0 0 0 0 0 0 0 0 0 0
64700 -269.984 0 0 0 1.6881 100 27 6.72444 100 21 0 0 0 -3.04612 100 27 0 0 0 0 0 0 0 0 0 0 0
64800 -267.257 0 0 0 1.372 100 23 2.40614 100 21 0 0 0 -2.85891 100 20 0 0 0 0 0 0 0 0 0 0 0
64900 -269.401 0 0 0 1.06946 100 27 5.54921 100 17 0 0 0 -2.86155 100 19 0 0 0 0 0 0 0 0 0 0 0
65000 -267.005 0 0 0 1.0704 100 27 2.65915 100 29 0 0 0 -2.73807 100 24 0 0 0 0 0 0 0 0 0 0 0
65100 -267.568 0 0 0 1.06555 100 19 2.12049 100 20 0 0 0 -2.5505 100 19 0 0 0 0 0 0 0 0 0 0 0
65200 -268.02 0 0 0 2.13931 100 29 6.85034 100 24 0 0 0 -3.44385 100 22 0 0 0 0 0 0 0 0 0 0 0
65300 -267.906 0 0 0 1.18473 100 17 2.81491 100 20 0 0 0 -2.96994 100 25 0 0 0 0 0 0 0 0 0 0 0
65400 -267.81 0 0 0 1.81601 100 35 5.17132 100 26 0 0 0 -3.39406 100 25 0 0 0 0 0 0 0 0 0 0 0
65500 -267.801 0 0 0 1.59906 100 28 2.61472 100 19 0 0 0 -3.01446 100 13 0 0 0 0 0 0 0 0 0 0 0
65600 -268.637 0 0 0 1.1161 100 21 0.368275 100 25 0 0 0 -2.69103 100 17 0 0 0 0 0 0 0 0 0 0 0
65700 -268.784 0 0 0 1.90008 100 33 7.21265 100 26 0 0 0 -3.28892 100 27 0 0 0 0 0 0 0 0 0 0 0
65800 -268.053 0 0 0 0.635392 100 27 2.13327 100 27 0 0 0 -2.4795 100 21 0 0 0 0 0 0 0 0 0 0 0
65900 -269.285 0 0 0 0.897959 100 31 2.58304 100 23 0 0 0 -2.90525 100 21 0 0 0 0 0 0 0 0 0 0 0
66000 -266.911 0 0 0 1.6221 100 31 4.55643 100 24 0 0 0 -3.10398 100 21 0 0 0 0 0 0 0 0 0 0 0
66100 -267.126 0 0 0 1.14882 100 27 2.07941 100 23 0 0 0 -2.72301 100 20 0 0 0 0 0 0 0 0 0 0 0
66200 -267.909 0 0 0 1.09474 100 26 4.21414 100 28 0 0 0 -2.71007 100 23 0 0 0 0 0 0 0 0 0 0 0
66300 -268.178 0 0 0 0.654951 100 25 1.37504 100 22 0 0 0 -2.55178 100 24 0 0 0 0 0 0 0 0 0 0 0
66400 -268.977 0 0 0 1.19489 100 19 0.185412 100 28 0 0 0 -2.63039 100 24 0 0 0 0 0 0 0 0 0 0 0
66500 -268.345 0 0 0 1.53465 100 19 3.91972 100 28 0 0 0 -3.25147 100 16 0 0 0 0 0 0 0 0 0 0 0
66600 -268.765 0 0 0 0.789453 100 23 3.38942 100 18 0 0 0 -2.79658 100 16 0 0 0 0 0 0 0 0 0 0 0
66700 -267.38 0 0 0 0.916457 100 25 2.27438 100 26 0 0 0 -2.54149 100 21 0 0 0 0 0 0 0 0 0 0 0
66800 -269.292 0 0 0 2.00776 100 26 8.1896 100 26 0 0 0 -3.56374 100 25 0 0 0 0 0 0 0 0 0 0 0
66900 -268.234 0 0 0 2.19932 100 29 7.33168 100 29 0 0 0 -3.62683 100 21 0 0 0 0 0 0 0 0 0 0 0
67000 -267.801 0 0 0 1.98235 100 26 5.3179 100 28 0 0 0 -3.22562 100 17 0 0 0 0 0 0 0 0 0 0 0
67100 -268.478 0 0 0 2.14125 100 24 6.62758 100 25 0 0 0 -3.65501 100 13 0 0 0 0 0 0 0 0 0 0 0
67200 -268.352 0 0 0 1.78041 100 33 7.00796 100 25 0 0 0 -3.29551 100 27 0 0 0 0 0 0 0 0 0 0 0
67300 -267.965 0 0 0 1.02618 100 24 4.34936 100 20 0 0 0 -2.75629 100 12 0 0 0 0 0 0 0 0 0 0 0
67400 -268.094 0 0 0 0.794238 100 27 0.467839 100 23 0 0 0 -2.52243 100 25 0 0 0 0 0 0 0 0 0 0 0
67500 -269.306 0 0 0 1.71599 100 34 1.91293 100 24 0 0 0 -3.09684 100 15 0 0 0 0 0 0 0 0 0 0 0
67600 -267.481 0 0 0 2.00547 100 28 5.95465 100 26 0 0 0 -3.39676 100 20 0 0 0 0 0 0 0 0 0 0 0
67700 -268.673 0 0 0 2.27571 100 20 7.03974 100 23 0 0 0 -3.73405 100 20 0 0 0 0 0 0 0 0 0 0 0
67800 -269.021 0 0 0 2.50003 100 28 7.73446 100 22 0 0 0 -3.67808 100 24 0 0 0 0 0 0 0 0 0 0 0
67900 -267.042 0 0 0 1.3783 100 24 4.53353 100 24 0 0 0 -3.02817 100 21 0 0 0 0 0 0 0 0 0 0 0
68000 -269.604 0 0 0 2.19467 100 19 8.10298 100 22 0 0 0 -3.47213 100 23 0 0 0 0 0 0 0 0 0 0 0
68100 -267.642 0 0 0 1.1588 100 24 4.60843 100 22 0 0 0 -2.84344 100 25 0 0 0 0 0 0 0 0 0 0 0
68200 -270.325 0 0 0 1.58429 100 29 1.26533 100 20 0 0 0 -3.11195 100 19 0 0 0 0 0 0 0 0 0 0 0
68300 -267.112 0 0 0 1.36843 100 33 2.91789 100 25 0 0 0 -2.80373 100 15 0 0 0 0 0 0 0 0 0 0 0
68400 -266.852 0 0 0 1.51279 100 26 4.33344 100 24 0 0 0 -3.04801 100 20 0 0 0 0 0 0 0 0 0 0 0
68500 -270.81 0 0 0 2.6535 100 29 7.37942 100 22 0 0 0 -3.60833 100 22 0 0 0 0 0 0 0 0 0 0 0
68600 -267.48 0 0 0 1.12523 100 23 3.65839 100 23 0 0 0 -2.68457 100 26 0 0 0 0 0 0 0 0 0 0 0
68700 -268.041 0 0 0 1.32649 100 28 2.41554 100 20 0 0 0 -3.00558 100 15 0 0 0 0 0 0 0 0 0 0 0
68800 -267.644 0 0 0 1.12005 100 29 1.49332 100 17 0 0 0 -2.75638 100 29 0 0 0 0 0 0 0 0 0 0 0
68900 -267.245 0 0 0 0.98041 100 27 2.27039 100 24 0 0 0 -2.5796 100 17 0 0 0 0 0 0 0 0 0 0 0
69000 -267.278 0 0 0 1.58707 100 23 3.49295 100 24 0 0 0 -3.09546 100 24 0 0 0 0 0 0 0 0 0 0 0
69100 -267.378 0 0 0 1.81433 100 25 4.78134 100 26 0 0 0 -3.29732 100 21 0 0 0 0 0 0 0 0 0 0 0
69200 -268.71 0 0 0 2.24286 100 30 7.25447 100 23 0 0 0 -3.45923 100 27 0 0 0 0 0 0 0 0 0 0 0
69300 -268.755 0 0 0 2.35528 100 26 7.63419 100 20 0 0 0 -3.58338 100 27 0 0 0 0 0 0 0 0 0 0 0
69400 -267.783 0 0 0 1.46019 100 29 2.26951 100 24 0 0 0 -2.97113 100 15 0 0 0 0 0 0 0 0 0 0 0
69500 -269.461 0 0 0 0.681437 100 31 -1.15678 100 25 0 0 0 -2.33792 100 24 0 0 0 0 0 0 0 0 0 0 0
69600 -267.26 0 0 0 1.84718 100 18 5.74154 100 24 0 0 0 -3.30917 100 23 0 0 0 0 0 0 0 0 0 0 0
69700 -268.363 0 0 0 1.97356 100 21 4.11409 100 26 0 0 0 -3.36719 100 16 0 0 0 0 0 0 0 0 0 0 0
69800 -267.427 0 0 0 1.17918 100 20 3.68516 100 13 0 0 0 -2.70476 100 16 0 0 0 0 0 0 0 0 0 0 0
69900 -268.504 0 0 0 1.6523 100 24 3.86679 100 18 0 0 0 -2.85927 100 22 0 0 0 0 0 0 0 0 0 0 0
70000 -268.55 0 0 0 1.61182 100 29 2.39154 100 22 0 0 0 -3.11476 100 18 0 0 0 0 0 0 0 0 0 0 0
70100 -267.682 0 0 0 1.32011 100 26 3.20976 100 26 0 0 0 -2.69885 100 34 0 0 0 0 0 0 0 0 0 0 0
70200 -268.635 0 0 0 1.63377 100 29 3.85314 100 17 0 0 0 -2.83685 100 26 0 0 0 0 0 0 0 0 0 0 0
70300 -270.483 0 0 0 1.12082 100 26 2.87761 100 23 0 0 0 -3.12438 100 22 0 0 0 0 0 0 0 0 0 0 0
70400 -267.081 0 0 0 1.24192 100 24 2.34651 100 22 0 0 0 -2.76526 100 18 0 0 0 0 0 0 0 0 0 0 0
70500 -267.631 0 0 0 0.827813 100 22 2.75559 100 29 0 0 0 -2.66378 100 19 0 0 0 0 0 0 0 0 0 0 0
70600 -268.508 0 0 0 2.29015 100 20 5.59042 100 26 0 0 0 -3.50816 100 22 0 0 0 0 0 0 0 0 0 0 0
70700 -267.573 0 0 0 1.78316 100 24 3.89501 100 16 0 0 0 -3.0817 100 19 0 0 0 0 0 0 0 0 0 0 0
70800 -267.644 0 0 0 1.0403 100 28 1.36309 100 26 0 0 0 -2.54136 100 21 0 0 0 0 0 0 0 0 0 0 0
70900 -267.229 0 0 0 1.37964 100 19 2.46851 100 20 0 0 0 -2.85173 100 17 0 0 0 0 0 0 0 0 0 0 0
71000 -269.591 0 0 0 0.842962 100 28 -1.04947 100 26 0 0 0 -2.44325 100 21 0 0 0 0 0 0 0 0 0 0 0
71100 -268.423 0 0 0 0.597167 100 21 2.4903 100 23 0 0 0 -2.50773 100 29 0 0 0 0 0 0 0 0 0 0 0
71200 -267.488 0 0 0 0.818461 100 21 2.05756 100 20 0 0 0 -2.60791 100 27 0 0 0 0 0 0 0 0 0 0 0
71300 -267.247 0 0 0 1.62769 100 23 3.5934 100 19 0 0 0 -3.10056 100 17 0 0 0 0 0 0 0 0 0 0 0
71400 -268.533 0 0 0 0.657782 100 22 0.261634 100 26 0 0 0 -2.49057 100 15 0 0 0 0 0 0 0 0 0 0 0
71500 -269.668 0 0 0 0.304966 100 26 -0.666624 100 14 0 0 0 -2.25008 100 12 0 0 0 0 0 0 0 0 0 0 0
71600 -267.436 0 0 0 0.953634 100 28 2.31837 100 23 0 0 0 -2.73778 100 20 0 0 0 0 0 0 0 0 0 0 0
71700 -267.561 0 0 0 1.25022 100 24 2.68241 100 19 0 0 0 -2.95091 100 15 0 0 0 0 0 0 0 0 0 0 0
71800 -269.079 0 0 0 2.18329 100 28 7.53449 100 27 0 0 0 -3.75558 100 20 0 0 0 0 0 0 0 0 0 0 0
71900 -268.128 0 0 0 1.796 100 26 3.19292 100 14 0 0 0 -3.16816 100 23 0 0 0 0 0 0 0 0 0 0 0
72000 -266.944 0 0 0 1.54442 100 24 4.43267 100 26 0 0 0 -2.99873 100 24 0 0 0 0 0 0 0 0 0 0 0
72100 -269.38 0 0 0 0.341014 100 22 0.640455 100 31 0 0 0 -2.16132 100 23 0 0 0 0 0 0 0 0 0 0 0
72200 -269.013 0 0 0 1.41301 100 29 6.37002 100 21 0 0 0 -3.25058 100 15 0 0 0 0 0 0 0 0 0 0 0
72300 -268.257 0 0 0 0.907597 100 32 0.207963 100 22 0 0 0 -2.47244 100 29 0 0 0 0 0 0 0 0 0 0 0
72400 -267.951 0 0 0 1.5666 100 27 4.29174 100 26 0 0 0 -3.25593 100 14 0 0 0 0 0 0 0 0 0 0 0
72500 -267.53 0 0 0 1.6444 100 24 3.85344 100 21 0 0 0 -2.94618 100 23 0 0 0 0 0 0 0 0 0 0 0
72600 -266.921 0 0 0 1.32481 100 20 3.88857 100 21 0 0 0 -2.96597 100 15 0 0 0 0 0 0 0 0 0 0 0
72700 -267.693 0 0 0 1.04831 100 23 3.15837 100 23 0 0 0 -2.88578 100 20 0 0 0 0 0 0 0 0 0 0 0
72800 -268.395 0 0 0 1.46576 100 29 6.30096 100 24 0 0 0 -3.19467 100 18 0 0 0 0 0 0 0 0 0 0 0
72900 -269.779 0 0 0 0.57993 100 29 0.42042 100 27 0 0 0 -2.5941 100 21 0 0 0 0 0 0 0 0 0 0 0
73000 -269.328 0 0 0 1.17343 100 21 4.95081 100 20 0 0 0 -3.15694 100 11 0 0 0 0 0 0 0 0 0 0 0
73100 -267.004 0 0 0 1.06931 100 31 2.49466 100 18 0 0 0 -2.69181 100 20 0 0 0 0 0 0 0 0 0 0 0
73200 -267.307 0 0 0 1.23138 100 28 3.51416 100 16 0 0 0 -2.97004 100 20 0 0 0 0 0 0 0 0 0 0 0
73300 -267.626 0 0 0 1.30109 100 28 4.76291 100 29 0 0 0 -3.07612 100 16 0 0 0 0 0 0 0 0 0 0 0
73400 -267.581 0 0 0 1.17042 100 33 1.95435 100 27 0 0 0 -2.83681 100 24 0 0 0 0 0 0 0 0 0 0 0
73500 -268.427 0 0 0 0.713941 100 18 3.00802 100 21 0 0 0 -2.67551 100 21 0 0 0 0 0 0 0 0 0 0 0
73600 -267.201 0 0 0 1.33158 100 28 4.62674 100 22 0 0 0 -2.90789 100 26 0 0 0 0 0 0 0 0 0 0 0
73700 -268.254 0 0 0 0.650413 100 22 0.35336 100 30 0 0 0 -2.43975 100 20 0 0 0 0 0 0 0 0 0 0 0
73800 -271.437 0 0 0 0.695492 100 16 -0.335242 100 26 0 0 0 -2.70101 100 16 0 0 0 0 0 0 0 0 0 0 0
73900 -266.879 0 0 0 1.57838 100 35 4.48821 100 21 0 0 0 -3.07202 100 19 0 0 0 0 0 0 0 0 0 0 0
74000 -267.676 0 0 0 1.87363 100 27 5.92616 100 16 0 0 0 -3.20566 100 25 0 0 0 0 0 0 0 0 0 0 0
74100 -270.233 0 0 0 1.61748 100 27 6.78253 100 18 0 0 0 -3.52469 100 25 0 0 0 0 0 0 0 0 0 0 0
74200 -270.266 0 0 0 0.27494 100 33 1.81839 100 25 0 0 0 -2.2195 100 26 0 0 0 0 0 0 0 0 0 0 0
74300 -267.142 0 0 0 1.73608 100 27 5.52315 100 13 0 0 0 -3.23005 100 13 0 0 0 0 0 0 0 0 0 0 0
74400 -267.235 0 0 0 0.949772 100 29 2.13533 100 15 0 0 0 -2.57679 100 24 0 0 0 0 0 0 0 0 0 0 0
74500 -267.808 0 0 0 1.22069 100 22 1.27528 100 27 0 0 0 -2.70651 100 28 0 0 0 0 0 0 0 0 0 0 0
74600 -270.377 0 0 0 0.532039 100 29 3.8313 100 21 0 0 0 -2.62065 100 19 0 0 0 0 0 0 0 0 0 0 0
74700 -271.046 0 0 0 0.964438 100 26 -1.75686 100 21 0 0 0 -2.48451 100 17 0 0 0 0 0 0 0 0 0 0 0
74800 -268.492 0 0 0 1.44521 100 25 5.58499 100 32 0 0 0 -3.27386 100 16 0 0 0 0 0 0 0 0 0 0 0
74900 -267.433 0 0 0 1.58589 100 29 5.0706 100 30 0 0 0 -3.24081 100 11 0 0 0 0 0 0 0 0 0 0 0
75000 -266.875 0 0 0 1.4405 100 28 4.41696 100 27 0 0 0 -3.00968 100 24 0 0 0 0 0 0 0 0 0 0 0
75100 -267.641 0 0 0 1.10894 100 19 2.22571 100 29 0 0 0 -2.85167 100 15 0 0 0 0 0 0 0 0 0 0 0
75200 -268.699 0 0 0 1.07085 100 29 3.84541 100 24 0 0 0 -3.02206 100 16 0 0 0 0 0 0 0 0 0 0 0
75300 -267.314 0 0 0 1.24747 100 26 4.51746 100 24 0 0 0 -2.97351 100 18 0 0 0 0 0 0 0 0 0 0 0
75400 -267.096 0 0 0 1.67038 100 30 4.55354 100 18 0 0 0 -3.19282 100 19 0 0 0 0 0 0 0 0 0 0 0
75500 -267.669 0 0 0 1.47975 100 22 3.22216 100 15 0 0 0 -2.79978 100 22 0 0 0 0 0 0 0 0 0 0 0
75600 -267.693 0 0 0 1.48119 100 29 5.2198 100 23 0 0 0 -3.21208 100 23 0 0 0 0 0 0 0 0 0 0 0
75700 -267.16 0 0 0 1.43485 100 25 4.94359 100 24 0 0 0 -3.08096 100 18 0 0 0 0 0 0 0 0 0 0 0
75800 -268.981 0 0 0 1.18481 100 21 4.66214 100 21 0 0 0 -3.13714 100 16 0 0 0 0 0 0 0 0 0 0 0
75900 -267.626 0 0 0 0.975536 100 30 3.01249 100 21 0 0 0 -2.57095 100 25 0 0 0 0 0 0 0 0 0 0 0
76000 -269.407 0 0 0 0.369975 100 22 1.29329 100 21 0 0 0 -2.43524 100 22 0 0 0 0 0 0 0 0 0 0 0
76100 -267.5 0 0 0 1.14626 100 20 1.57792 100 20 0 0 0 -2.74322 100 21 0 0 0 0 0 0 0 0 0 0 0
76200 -268.339 0 0 0 1.47556 100 23 1.5896 100 21 0 0 0 -2.87572 100 16 0 0 0 0 0 0 0 0 0 0 0
76300 -267.184 0 0 0 1.19295 100 28 2.98434 100 13 0 0 0 -2.68766 100 13 0 0 0 0 0 0 0 0 0 0 0
76400 -268.685 0 0 0 1.27777 100 25 1.81998 100 25 0 0 0 -2.56911 100 21 0 0 0 0 0 0 0 0 0 0 0
76500 -268.082 0 0 0 1.6266 100 25 5.49072 100 26 0 0 0 -3.34904 100 20 0 0 0 0 0 0 0 0 0 0 0
76600 -268.023 0 0 0 2.09825 100 22 6.96462 100 26 0 0 0 -3.56696 100 22 0 0 0 0 0 0 0 0 0 0 0
76700 -269.121 0 0 0 1.0602 100 23 1.00784 100 20 0 0 0 -2.40251 100 18 0 0 0 0 0 0 0 0 0 0 0
76800 -268.6 0 0 0 2.06772 100 17 7.6659 100 15 0 0 0 -3.47312 100 25 0 0 0 0 0 0 0 0 0 0 0
76900 -268.556 0 0 0 1.95694 100 16 7.46437 100 23 0 0 0 -3.54306 100 16 0 0 0 0 0 0 0 0 0 0 0
77000 -268.296 0 0 0 0.846251 100 30 0.152562 100 26 0 0 0 -2.51493 100 18 0 0 0 0 0 0 0 0 0 0 0
77100 -268.16 0 0 0 1.82143 100 22 3.21701 100 22 0 0 0 -3.1489 100 20 0 0 0 0 0 0 0 0 0 0 0
77200 -269.884 0 0 0 2.6035 100 30 9.21206 100 27 0 0 0 -3.96099 100 19 0 0 0 0 0 0 0 0 0 0 0
77300 -272.127 0 0 0 2.38444 100 28 3.4307 100 28 0 0 0 -3.61073 100 16 0 0 0 0 0 0 0 0 0 0 0
77400 -267.764 0 0 0 0.873266 100 29 1.96951 100 26 0 0 0 -2.70709 100 14 0 0 0 0 0 0 0 0 0 0 0
77500 -271.934 0 0 0 0.364711 100 27 -0.0292584 100 28 0 0 0 -2.57078 100 25 0 0 0 0 0 0 0 0 0 0 0
77600 -267.234 0 0 0 1.51903 100 25 3.33995 100 14 0 0 0 -3.05853 100 21 0 0 0 0 0 0 0 0 0 0 0
77700 -267.302 0 0 0 0.99754 100 25 3.36076 100 21 0 0 0 -2.68991 100 23 0 0 0 0 0 0 0 0 0 0 0
77800 -267.241 0 0 0 0.910098 100 25 2.05968 100 25 0 0 0 -2.58989 100 14 0 0 0 0 0 0 0 0 0 0 0
77900 -267.196 0 0 0 1.20367 100 22 2.45755 100 18 0 0 0 -2.84879 100 19 0 0 0 0 0 0 0 0 0 0 0
78000 -271.053 0 0 0 -0.00322219 100 21 -0.654419 100 26 0 0 0 -2.09813 100 21 0 0 0 0 0 0 0 0 0 0 0
78100 -267.803 0 0 0 0.698183 100 19 1.64354 100 25 0 0 0 -2.42807 100 25 0 0 0 0 0 0 0 0 0 0 0
78200 -268.489 0 0 0 0.773552 100 25 1.58305 100 17 0 0 0 -2.69703 100 19 0 0 0 0 0 0 0 0 0 0 0
78300 -267.388 0 0 0 1.30197 100 24 2.13433 100 26 0 0 0 -2.85561 100 25 0 0 0 0 0 0 0 0 0 0 0
78400 -267.889 0 0 0 1.23074 100 29 1.64356 100 18 0 0 0 -2.62221 100 25 0 0 0 0 0 0 0 0 0 0 0
78500 -267.875 0 0 0 1.79294 100 27 3.79916 100 25 0 0 0 -3.041 100 24 0 0 0 0 0 0 0 0 0 0 0
78600 -269.062 0 0 0 0.906051 100 24 0.8198 100 37 0 0 0 -2.75274 100 11 0 0 0 0 0 0 0 0 0 0 0
78700 -267.613 0 0 0 1.86382 100 24 4.2057 100 18 0 0 0 -3.25396 100 12 0 0 0 0 0 0 0 0 0 0 0
78800 -269.124 0 0 0 0.342302 100 24 -0.0106235 100 26 0 0 0 -2.23792 100 19 0 0 0 0 0 0 0 0 0 0 0
78900 -267.289 0 0 0 0.916831 100 19 2.45708 100 19 0 0 0 -2.67667 100 17 0 0 0 0 0 0 0 0 0 0 0
79000 -267.122 0 0 0 1.11641 100 26 3.60604 100 26 0 0 0 -2.84049 100 16 0 0 0 0 0 0 0 0 0 0 0
79100 -267.961 0 0 0 0.742756 100 21 2.12439 100 16 0 0 0 -2.42606 100 18 0 0 0 0 0 0 0 0 0 0 0
79200 -267.898 0 0 0 1.06823 100 25 3.87455 100 17 0 0 0 -2.65531 100 21 0 0 0 0 0 0 0 0 0 0 0
79300 -274.17 0 0 0 0.113944 100 30 1.66477 100 20 0 0 0 -2.60265 100 19 0 0 0 0 0 0 0 0 0 0 0
79400 -267.665 0 0 0 0.807728 100 31 1.24263 100 18 0 0 0 -2.56455 100 14 0 0 0 0 0 0 0 0 0 0 0
79500 -268.526 0 0 0 1.47822 100 21 2.0689 100 21 0 0 0 -2.73655 100 25 0 0 0 0 0 0 0 0 0 0 0
79600 -267.754 0 0 0 1.37624 100 23 4.55005 100 23 0 0 0 -3.14873 100 28 0 0 0 0 0 0 0 0 0 0 0
79700 -267.879 0 0 0 1.40112 100 23 2.07599 100 28 0 0 0 -2.95133 100 25 0 0 0 0 0 0 0 0 0 0 0
79800 -267.439 0 0 0 1.1432 100 26 4.13781 100 25 0 0 0 -2.76926 100 20 0 0 0 0 0 0 0 0 0 0 0
79900 -267.386 0 0 0 1.11241 100 17 4.02631 100 19 0 0 0 -2.88249 100 20 0 0 0 0 0 0 0 0 0 0 0
80000 -267.375 0 0 0 1.85588 100 23 4.57274 100 35 0 0 0 -3.18768 100 28 0 0 0 0 0 0 0 0 0 0 0
80100 -269.561 0 0 0 0.906416 100 24 2.84534 100 20 0 0 0 -2.94307 100 14 0 0 0 0 0 0 0 0 0 0 0
80200 -268.558 0 0 0 1.05906 100 31 4.51968 100 28 0 0 0 -2.99519 100 19 0 0 0 0 0 0 0 0 0 0 0
80300 -270.38 0 0 0 1.69125 100 27 2.50518 100 25 0 0 0 -3.31227 100 20 0 0 0 0 0 0 0 0 0 0 0
80400 -267.905 0 0 0 0.865467 100 25 1.7668 100 31 0 0 0 -2.70526 100 16 0 0 0 0 0 0 0 0 0 0 0
80500 -269.051 0 0 0 1.24489 100 29 5.87664 100 18 0 0 0 -2.93192 100 23 0 0 0 0 0 0 0 0 0 0 0
80600 -267.978 0 0 0 1.74693 100 24 6.70376 100 20 0 0 0 -3.31258 100 20 0 0 0 0 0 0 0 0 0 0 0
80700 -267.099 0 0 0 1.39681 100 28 4.42855 100 18 0 0 0 -2.90117 100 25 0 0 0 0 0 0 0 0 0 0 0
80800 -267.025 0 0 0 1.07694 100 26 3.17708 100 20 0 0 0 -2.76576 100 23 0 0 0 0 0 0 0 0 0 0 0
80900 -266.835 0 0 0 1.48459 100 24 3.90269 100 28 0 0 0 -2.98654 100 23 0 0 0 0 0 0 0 0 0 0 0
81000 -268.464 0 0 0 2.37321 100 28 6.59189 100 21 0 0 0 -3.65244 100 23 0 0 0 0 0 0 0 0 0 0 0
81100 -267.843 0 0 0 1.55946 100 30 6.12348 100 22 0 0 0 -3.15078 100 24 0 0 0 0 0 0 0 0 0 0 0
81200 -272.191 0 0 0 2.24353 100 18 3.40283 100 19 0 0 0 -3.64169 100 17 0 0 0 0 0 0 0 0 0 0 0
81300 -267.544 0 0 0 1.05181 100 21 2.7916 100 21 0 0 0 -2.85183 100 23 0 0 0 0 0 0 0 0 0 0 0
81400 -268.317 0 0 0 0.695776 100 22 0.228602 100 25 0 0 0 -2.46628 100 17 0 0 0 0 0 0 0 0 0 0 0
81500 -268.071 0 0 0 1.14507 100 24 3.51805 100 23 0 0 0 -3.00467 100 20 0 0 0 0 0 0 0 0 0 0 0
81600 -267.419 0 0 0 1.62863 100 28 3.3049 100 20 0 0 0 -2.97547 100 25 0 0 0 0 0 0 0 0 0 0 0
81700 -269.89 0 0 0 2.48693 100 27 8.16727 100 24 0 0 0 -3.97141 100 22 0 0 0 0 0 0 0 0 0 0 0
81800 -267.628 0 0 0 1.74218 100 34 5.95086 100 15 0 0 0 -3.15475 100 19 0 0 0 0 0 0 0 0 0 0 0
81900 -267.023 0 0 0 1.14751 100 23 3.22544 100 27 0 0 0 -2.7231 100 18 0 0 0 0 0 0 0 0 0 0 0
82000 -267.535 0 0 0 1.49366 100 22 2.46429 100 23 0 0 0 -2.90561 100 19 0 0 0 0 0 0 0 0 0 0 0
82100 -273.405 0 0 0 -0.275086 100 22 -0.75767 100 22 0 0 0 -1.83343 100 17 0 0 0 0 0 0 0 0 0 0 0
82200 -268.654 0 0 0 2.01491 100 25 7.56749 100 33 0 0 0 -3.59585 100 25 0 0 0 0 0 0 0 0 0 0 0
82300 -267.818 0 0 0 1.31094 100 32 2.35396 100 27 0 0 0 -2.66587 100 16 0 0 0 0 0 0 0 0 0 0 0
82400 -269.061 0 0 0 0.647832 100 33 3.30911 100 14 0 0 0 -2.48801 100 21 0 0 0 0 0 0 0 0 0 0 0
82500 -267.655 0 0 0 1.24592 100 22 4.77873 100 25 0 0 0 -2.85252 100 16 0 0 0 0 0 0 0 0 0 0 0
82600 -270.079 0 0 0 2.17415 100 26 4.75342 100 18 0 0 0 -3.65168 100 25 0 0 0 0 0 0 0 0 0 0 0
82700 -272.004 0 0 0 0.00759301 100 25 1.48 100 19 0 0 0 -2.13159 100 20 0 0 0 0 0 0 0 0 0 0 0
82800 -267.285 0 0 0 1.01199 100 22 1.95622 100 22 0 0 0 -2.57619 100 24 0 0 0 0 0 0 0 0 0 0 0
82900 -267.611 0 0 0 2.03892 100 28 5.86238 100 20 0 0 0 -3.44693 100 16 0 0 0 0 0 0 0 0 0 0 0
83000 -267.427 0 0 0 1.62585 100 28 5.3977 100 26 0 0 0 -3.26293 100 15 0 0 0 0 0 0 0 0 0 0 0
83100 -269.542 0 0 0 2.09391 100 28 3.37031 100 31 0 0 0 -3.29429 100 18 0 0 0 0 0 0 0 0 0 0 0
83200 -267.913 0 0 0 2.07918 100 24 6.31693 100 27 0 0 0 -3.54351 100 32 0 0 0 0 0 0 0 0 0 0 0
83300 -268.255 0 0 0 1.72068 100 22 3.29855 100 28 0 0 0 -3.23025 100 19 0 0 0 0 0 0 0 0 0 0 0
83400 -267.762 0 0 0 0.990108 100 24 2.18324 100 23 0 0 0 -2.49839 100 11 0 0 0 0 0 0 0 0 0 0 0
83500 -267.951 0 0 0 1.94966 100 23 4.34708 100 15 0 0 0 -3.18599 100 20 0 0 0 0 0 0 0 0 0 0 0
83600 -267.953 0 0 0 1.11919 100 24 1.90811 100 23 0 0 0 -2.53252 100 20 0 0 0 0 0 0 0 0 0 0 0
83700 -268.011 0 0 0 1.36189 100 26 1.82643 100 25 0 0 0 -2.70825 100 20 0 0 0 0 0 0 0 0 0 0 0
83800 -270.182 0 0 0 0.605382 100 20 -0.699335 100 22 0 0 0 -2.52238 100 16 0 0 0 0 0 0 0 0 0 0 0
83900 -269.859 0 0 0 0.469872 100 18 -1.31446 100 20 0 0 0 -2.12792 100 17 0 0 0 0 0 0 0 0 0 0 0
84000 -272.029 0 0 0 0.064599 100 21 1.85952 100 18 0 0 0 -2.15337 100 20 0 0 0 0 0 0 0 0 0 0 0
84100 -267.951 0 0 0 0.680172 100 29 2.04841 100 24 0 0 0 -2.43755 100 20 0 0 0 0 0 0 0 0 0 0 0
84200 -269.177 0 0 0 0.688734 100 23 0.908021 100 25 0 0 0 -2.22333 100 33 0 0 0 0 0 0 0 0 0 0 0
84300 -268.862 0 0 0 1.87337 100 24 4.14935 100 21 0 0 0 -3.42485 100 19 0 0 0 0 0 0 0 0 0 0 0
84400 -268.144 0 0 0 1.65507 100 23 6.0564 100 28 0 0 0 -3.371 100 18 0 0 0 0 0 0 0 0 0 0 0
84500 -266.944 0 0 0 1.1803 100 31 3.30594 100 19 0 0 0 -2.75946 100 18 0 0 0 0 0 0 0 0 0 0 0
84600 -268.076 0 0 0 0.894007 100 25 0.889782 100 26 0 0 0 -2.41201 100 19 0 0 0 0 0 0 0 0 0 0 0
84700 -267.573 0 0 0 1.77636 100 20 3.69302 100 27 0 0 0 -3.112 100 24 0 0 0 0 0 0 0 0 0 0 0
84800 -267.063 0 0 0 1.12801 100 28 2.21352 100 19 0 0 0 -2.72458 100 14 0 0 0 0 0 0 0 0 0 0 0
84900 -267.232 0 0 0 1.45665 100 24 4.84852 100 27 0 0 0 -2.95342 100 20 0 0 0 0 0 0 0 0 0 0 0
85000 -270.256 0 0 0 2.10538 100 19 2.93207 100 20 0 0 0 -3.31751 100 15 0 0 0 0 0 0 0 0 0 0 0
85100 -270.158 0 0 0 1.37771 100 26 5.88995 100 22 0 0 0 -3.3629 100 23 0 0 0 0 0 0 0 0 0 0 0
85200 -267.065 0 0 0 1.40704 100 25 3.2085 100 35 0 0 0 -2.98344 100 22 0 0 0 0 0 0 0 0 0 0 0
85300 -267.76 0 0 0 1.01877 100 29 2.0989 100 22 0 0 0 -2.50665 100 15 0 0 0 0 0 0 0 0 0 0 0
85400 -267.271 0 0 0 1.71697 100 28 3.86437 100 13 0 0 0 -3.09361 100 21 0 0 0 0 0 0 0 0 0 0 0
85500 -267.693 0 0 0 1.61895 100 29 5.1169 100 23 0 0 0 -2.98325 100 22 0 0 0 0 0 0 0 0 0 0 0
85600 -267.265 0 0 0 1.59334 100 23 4.58258 100 22 0 0 0 -2.97424 100 27 0 0 0 0 0 0 0 0 0 0 0
85700 -267.074 0 0 0 1.19349 100 25 3.15721 100 21 0 0 0 -2.88761 100 20 0 0 0 0 0 0 0 0 0 0 0
85800 -267.387 0 0 0 1.91131 100 31 4.99801 100 22 0 0 0 -3.2418 100 24 0 0 0 0 0 0 0 0 0 0 0
85900 -268.649 0 0 0 1.61262 100 29 5.71689 100 24 0 0 0 -2.96717 100 24 0 0 0 0 0 0 0 0 0 0 0
86000 -270.436 0 0 0 2.64844 100 17 5.89084 100 16 0 0 0 -3.70649 100 26 0 0 0 0 0 0 0 0 0 0 0
86100 -268.236 0 0 0 1.41408 100 24 6.00111 100 25 0 0 0 -3.0581 100 17 0 0 0 0 0 0 0 0 0 0 0
86200 -267.656 0 0 0 1.81468 100 20 4.49401 100 26 0 0 0 -3.07907 100 23 0 0 0 0 0 0 0 0 0 0 0
86300 -267.944 0 0 0 1.5813 100 22 3.48158 100 26 0 0 0 -3.19141 100 21 0 0 0 0 0 0 0 0 0 0 0
86400 -268.84 0 0 0 1.86621 100 29 2.90069 100 31 0 0 0 -3.08321 100 19 0 0 0 0 0 0 0 0 0 0 0
86500 -270.698 0 0 0 0.531899 100 26 -0.699413 100 32 0 0 0 -2.52618 100 19 0 0 0 0 0 0 0 0 0 0 0
86600 -268.168 0 0 0 1.14639 100 28 2.88219 100 33 0 0 0 -2.55829 100 30 0 0 0 0 0 0 0 0 0 0 0
86700 -267.717 0 0 0 0.963215 100 22 3.85839 100 20 0 0 0 -2.771 100 24 0 0 0 0 0 0 0 0 0 0 0
86800 -273.272 0 0 0 1.69697 100 29 2.64706 100 26 0 0 0 -2.64088 100 19 0 0 0 0 0 0 0 0 0 0 0
86900 -268.907 0 0 0 1.31336 100 23 0.713366 100 29 0 0 0 -2.817 100 19 0 0 0 0 0 0 0 0 0 0 0
87000 -267.911 0 0 0 1.37789 100 21 4.20179 100 28 0 0 0 -3.15494 100 15 0 0 0 0 0 0 0 0 0 0 0
87100 -269.684 0 0 0 1.08635 100 15 3.49679 100 24 0 0 0 -3.09178 100 25 0 0 0 0 0 0 0 0 0 0 0
87200 -269.249 0 0 0 0.721297 100 24 0.359437 100 22 0 0 0 -2.62545 100 26 0 0 0 0 0 0 0 0 0 0 0
87300 -267.762 0 0 0 1.19516 100 14 4.13653 100 24 0 0 0 -2.72287 100 23 0 0 0 0 0 0 0 0 0 0 0
87400 -268.219 0 0 0 1.4069 100 22 5.98929 100 24 0 0 0 -3.14808 100 22 0 0 0 0 0 0 0 0 0 0 0
87500 -268.189 0 0 0 1.0937 100 21 4.75832 100 29 0 0 0 -2.79383 100 22 0 0 0 0 0 0 0 0 0 0 0
87600 -268.248 0 0 0 1.174 100 22 0.757777 100 20 0 0 0 -2.70227 100 19 0 0 0 0 0 0 0 0 0 0 0
87700 -267.771 0 0 0 1.28604 100 25 5.25959 100 20 0 0 0 -3.01249 100 13 0 0 0 0 0 0 0 0 0 0 0
87800 -267.144 0 0 0 1.56336 100 19 5.11554 100 18 0 0 0 -3.17018 100 6 0 0 0 0 0 0 0 0 0 0 0
87900 -268.042 0 0 0 1.9715 100 25 4.20846 100 27 0 0 0 -3.21982 100 23 0 0 0 0 0 0 0 0 0 0 0
88000 -270.284 0 0 0 1.58239 100 26 4.0315 100 19 0 0 0 -2.72162 100 17 0 0 0 0 0 0 0 0 0 0 0
88100 -267.744 0 0 0 0.960072 100 15 1.01167 100 19 0 0 0 -2.50198 100 17 0 0 0 0 0 0 0 0 0 0 0
88200 -269.248 0 0 0 1.24883 100 20 4.76246 100 21 0 0 0 -2.6954 100 21 0 0 0 0 0 0 0 0 0 0 0
88300 -270.141 0 0 0 0.62499 100 27 1.96349 100 27 0 0 0 -2.75379 100 16 0 0 0 0 0 0 0 0 0 0 0
88400 -268.314 0 0 0 1.04748 100 25 0.992651 100 13 0 0 0 -2.7562 100 13 0 0 0 0 0 0 0 0 0 0 0
88500 -267.704 0 0 0 1.08822 100 25 1.552 100 20 0 0 0 -2.55055 100 13 0 0 0 0 0 0 0 0 0 0 0
88600 -269.654 0 0 0 0.928113 100 24 3.81872 100 20 0 0 0 -2.48651 100 18 0 0 0 0 0 0 0 0 0 0 0
88700 -267.566 0 0 0 0.998419 100 24 2.28889 100 16 0 0 0 -2.52934 100 14 0 0 0 0 0 0 0 0 0 0 0
88800 -269.035 0 0 0 1.2354 100 18 4.29434 100 20 0 0 0 -3.16841 100 21 0 0 0 0 0 0 0 0 0 0 0
88900 -267.455 0 0 0 1.59031 100 26 5.68976 100 19 0 0 0 -3.22532 100 26 0 0 0 0 0 0 0 0 0 0 0
89000 -268.432 0 0 0 2.35838 100 32 6.5906 100 23 0 0 0 -3.56983 100 19 0 0 0 0 0 0 0 0 0 0 0
89100 -269.732 0 0 0 1.91137 100 26 8.23773 100 24 0 0 0 -3.55023 100 16 0 0 0 0 0 0 0 0 0 0 0
89200 -269.834 0 0 0 0.436038 100 37 2.42539 100 26 0 0 0 -2.56435 100 28 0 0 0 0 0 0 0 0 0 0 0
89300 -269.419 0 0 0 2.49991 100 27 6.55846 100 25 0 0 0 -3.56929 100 20 0 0 0 0 0 0 0 0 0 0 0
89400 -268.287 0 0 0 0.862438 100 26 0.298225 100 24 0 0 0 -2.56028 100 16 0 0 0 0 0 0 0 0 0 0 0
89500 -269.656 0 0 0 0.470806 100 31 2.96658 100 22 0 0 0 -2.51185 100 23 0 0 0 0 0 0 0 0 0 0 0
89600 -270.451 0 0 0 2.29499 100 32 3.88618 100 28 0 0 0 -3.36466 100 24 0 0 0 0 0 0 0 0 0 0 0
89700 -268.77 0 0 0 0.906409 100 28 4.44161 100 23 0 0 0 -2.85259 100 30 0 0 0 0 0 0 0 0 0 0 0
89800 -267.301 0 0 0 0.969335 100 25 1.69809 100 20 0 0 0 -2.57184 100 23 0 0 0 0 0 0 0 0 0 0 0
89900 -267.62 0 0 0 1.01582 100 26 1.38624 100 20 0 0 0 -2.52944 100 12 0 0 0 0 0 0 0 0 0 0 0
90000 -270.084 0 0 0 1.78327 100 22 6.43822 100 22 0 0 0 -3.03086 100 15 0 0 0 0 0 0 0 0 0 0 0
90100 -267.853 0 0 0 0.726214 100 25 2.53866 100 21 0 0 0 -2.53047 100 15 0 0 0 0 0 0 0 0 0 0 0
90200 -268.566 0 0 0 1.47138 100 19 2.43108 100 35 0 0 0 -2.71373 100 24 0 0 0 0 0 0 0 0 0 0 0
90300 -267.567 0 0 0 0.859271 100 24 2.60447 100 30 0 0 0 -2.69089 100 17 0 0 0 0 0 0 0 0 0 0 0
90400 -269.639 0 0 0 1.60566 100 30 2.89172 100 23 0 0 0 -3.28062 100 17 0 0 0 0 0 0 0 0 0 0 0
90500 -268.659 0 0 0 2.32851 100 24 6.61422 100 24 0 0 0 -3.71555 100 22 0 0 0 0 0 0 0 0 0 0 0
90600 -267.896 0 0 0 2.01382 100 28 4.67137 100 23 0 0 0 -3.27019 100 21 0 0 0 0 0 0 0 0 0 0 0
90700 -268.6 0 0 0 1.71638 100 29 2.59457 100 24 0 0 0 -3.15101 100 12 0 0 0 0 0 0 0 0 0 0 0
90800 -269.905 0 0 0 2.76277 100 24 7.74137 100 30 0 0 0 -3.84548 100 19 0 0 0 0 0 0 0 0 0 0 0
90900 -269.33 0 0 0 1.75528 100 25 4.8397 100 22 0 0 0 -2.9147 100 15 0 0 0 0 0 0 0 0 0 0 0
91000 -270.277 0 0 0 2.56163 100 31 6.05199 100 22 0 0 0 -3.55652 100 18 0 0 0 0 0 0 0 0 0 0 0
91100 -267.862 0 0 0 0.668354 100 23 1.89112 100 31 0 0 0 -2.50202 100 25 0 0 0 0 0 0 0 0 0 0 0
91200 -268.725 0 0 0 0.436386 100 19 1.31584 100 21 0 0 0 -2.375 100 21 0 0 0 0 0 0 0 0 0 0 0
91300 -269.03 0 0 0 2.25792 100 29 6.20041 100 16 0 0 0 -3.71871 100 25 0 0 0 0 0 0 0 0 0 0 0
91400 -267.749 0 0 0 0.785553 100 26 2.05856 100 35 0 0 0 -2.45301 100 24 0 0 0 0 0 0 0 0 0 0 0
91500 -269.708 0 0 0 0.961144 100 27 0.101558 100 26 0 0 0 -2.74295 100 26 0 0 0 0 0 0 0 0 0 0 0
91600 -268.246 0 0 0 1.00851 100 23 1.08011 100 22 0 0 0 -2.44767 100 18 0 0 0 0 0 0 0 0 0 0 0
91700 -267.307 0 0 0 1.33447 100 22 2.31123 100 29 0 0 0 -2.77433 100 24 0 0 0 0 0 0 0 0 0 0 0
91800 -267.204 0 0 0 1.64666 100 32 4.10422 100 25 0 0 0 -3.00142 100 17 0 0 0 0 0 0 0 0 0 0 0
91900 -267.066 0 0 0 1.30359 100 28 4.23724 100 20 0 0 0 -2.98562 100 24 0 0 0 0 0 0 0 0 0 0 0
92000 -267.994 0 0 0 1.56239 100 29 3.21664 100 21 0 0 0 -3.16229 100 23 0 0 0 0 0 0 0 0 0 0 0
92100 -266.887 0 0 0 1.42928 100 23 4.22498 100 17 0 0 0 -3.02541 100 25 0 0 0 0 0 0 0 0 0 0 0
92200 -270.627 0 0 0 2.22618 100 26 6.83755 100 21 0 0 0 -3.87564 100 22 0 0 0 0 0 0 0 0 0 0 0
92300 -266.937 0 0 0 1.54499 100 33 3.75716 100 24 0 0 0 -3.02728 100 26 0 0 0 0 0 0 0 0 0 0 0
92400 -267.126 0 0 0 1.2133 100 27 3.542 100 25 0 0 0 -2.74422 100 23 0 0 0 0 0 0 0 0 0 0 0
92500 -267.968 0 0 0 0.990082 100 26 0.715764 100 31 0 0 0 -2.62251 100 21 0 0 0 0 0 0 0 0 0 0 0
92600 -267.992 0 0 0 0.756472 100 16 1.35015 100 19 0 0 0 -2.60449 100 23 0 0 0 0 0 0 0 0 0 0 0
92700 -267.179 0 0 0 1.41742 100 33 2.96968 100 32 0 0 0 -2.97634 100 23 0 0 0 0 0 0 0 0 0 0 0
92800 -268.414 0 0 0 0.580431 100 30 2.08249 100 14 0 0 0 -2.39152 100 28 0 0 0 0 0 0 0 0 0 0 0
92900 -267.116 0 0 0 1.76138 100 30 5.38136 100 22 0 0 0 -3.24232 100 13 0 0 0 0 0 0 0 0 0 0 0
93000 -269.762 0 0 0 1.93471 100 28 4.7402 100 34 0 0 0 -3.56822 100 18 0 0 0 0 0 0 0 0 0 0 0
93100 -268.365 0 0 0 0.697075 100 22 3.03495 100 25 0 0 0 -2.52401 100 18 0 0 0 0 0 0 0 0 0 0 0
93200 -268.328 0 0 0 0.630879 100 23 2.05126 100 32 0 0 0 -2.57958 100 20 0 0 0 0 0 0 0 0 0 0 0
93300 -269.012 0 0 0 0.438009 100 19 1.47591 100 34 0 0 0 -2.45814 100 27 0 0 0 0 0 0 0 0 0 0 0
93400 -267.175 0 0 0 1.49855 100 22 2.99125 100 23 0 0 0 -2.94051 100 20 0 0 0 0 0 0 0 0 0 0 0
93500 -267.694 0 0 0 1.4493 100 28 5.18041 100 22 0 0 0 -3.19018 100 20 0 0 0 0 0 0 0 0 0 0 0
93600 -268.233 0 0 0 1.89044 100 24 6.43207 100 21 0 0 0 -3.21016 100 15 0 0 0 0 0 0 0 0 0 0 0
93700 -267.828 0 0 0 2.00452 100 35 5.0077 100 26 0 0 0 -3.41067 100 18 0 0 0 0 0 0 0 0 0 0 0
93800 -268.992 0 0 0 1.9518 100 22 7.22291 100 25 0 0 0 -3.6257 100 17 0 0 0 0 0 0 0 0 0 0 0
93900 -269.432 0 0 0 1.77027 100 27 2.54249 100 22 0 0 0 -3.24729 100 24 0 0 0 0 0 0 0 0 0 0 0
94000 -268.071 0 0 0 0.735212 100 26 0.361206 100 28 0 0 0 -2.43075 100 20 0 0 0 0 0 0 0 0 0 0 0
94100 -267.801 0 0 0 1.18221 100 19 3.47648 100 28 0 0 0 -2.99874 100 16 0 0 0 0 0 0 0 0 0 0 0
94200 -267.75 0 0 0 1.69644 100 32 4.8862 100 22 0 0 0 -2.99801 100 25 0 0 0 0 0 0 0 0 0 0 0
94300 -268.058 0 0 0 1.02582 100 31 0.836183 100 24 0 0 0 -2.68227 100 15 0 0 0 0 0 0 0 0 0 0 0
94400 -268.06 0 0 0 1.27688 100 36 5.36016 100 21 0 0 0 -3.0723 100 28 0 0 0 0 0 0 0 0 0 0 0
94500 -267.49 0 0 0 0.827719 100 33 1.4795 100 25 0 0 0 -2.49823 100 21 0 0 0 0 0 0 0 0 0 0 0
94600 -268.816 0 0 0 0.605965 100 27 1.62039 100 23 0 0 0 -2.60874 100 24 0 0 0 0 0 0 0 0 0 0 0
94700 -267.831 0 0 0 0.784849 100 26 0.704346 100 21 0 0 0 -2.45792 100 24 0 0 0 0 0 0 0 0 0 0 0
94800 -267.933 0 0 0 0.875651 100 16 3.67281 100 28 0 0 0 -2.70528 100 15 0 0 0 0 0 0 0 0 0 0 0
94900 -269.673 0 0 0 1.24658 100 26 0.195786 100 26 0 0 0 -2.81867 100 21 0 0 0 0 0 0 0 0 0 0 0
95000 -270.239 0 0 0 0.772584 100 22 -1.156 100 27 0 0 0 -2.22212 100 22 0 0 0 0 0 0 0 0 0 0 0
95100 -268.493 0 0 0 0.544185 100 24 0.816578 100 23 0 0 0 -2.45595 100 24 0 0 0 0 0 0 0 0 0 0 0
95200 -267.142 0 0 0 1.23987 100 26 4.1133 100 21 0 0 0 -2.822 100 24 0 0 0 0 0 0 0 0 0 0 0
95300 -268.616 0 0 0 0.488507 100 27 0.740108 100 18 0 0 0 -2.41198 100 15 0 0 0 0 0 0 0 0 0 0 0
95400 -266.841 0 0 0 1.27852 100 23 3.69559 100 20 0 0 0 -2.87629 100 18 0 0 0 0 0 0 0 0 0 0 0
95500 -266.886 0 0 0 1.29987 100 19 3.49046 100 29 0 0 0 -2.92351 100 23 0 0 0 0 0 0 0 0 0 0 0
95600 -269.612 0 0 0 1.29059 100 27 0.0664198 100 21 0 0 0 -2.64798 100 23 0 0 0 0 0 0 0 0 0 0 0
95700 -267.561 0 0 0 1.05545 100 31 1.28109 100 26 0 0 0 -2.58664 100 23 0 0 0 0 0 0 0 0 0 0 0
95800 -268.785 0 0 0 1.39728 100 24 1.00989 100 25 0 0 0 -2.85008 100 25 0 0 0 0 0 0 0 0 0 0 0
95900 -269.308 0 0 0 1.34408 100 20 3.64182 100 24 0 0 0 -2.62161 100 26 0 0 0 0 0 0 0 0 0 0 0
96000 -268.271 0 0 0 1.25782 100 30 3.63451 100 22 0 0 0 -3.09414 100 28 0 0 0 0 0 0 0 0 0 0 0
96100 -267.541 0 0 0 1.07663 100 30 2.58114 100 23 0 0 0 -2.57353 100 19 0 0 0 0 0 0 0 0 0 0 0
96200 -267.005 0 0 0 1.3719 100 27 3.26747 100 21 0 0 0 -2.82442 100 20 0 0 0 0 0 0 0 0 0 0 0
96300 -267.79 0 0 0 1.49986 100 27 2.47799 100 29 0 0 0 -2.82753 100 20 0 0 0 0 0 0 0 0 0 0 0
96400 -267.621 0 0 0 1.54612 100 28 4.51321 100 24 0 0 0 -3.22551 100 21 0 0 0 0 0 0 0 0 0 0 0
96500 -267.323 0 0 0 1.64039 100 27 3.4247 100 28 0 0 0 -3.00945 100 15 0 0 0 0 0 0 0 0 0 0 0
96600 -269.992 0 0 0 1.53244 100 18 7.38066 100 22 0 0 0 -3.22548 100 18 0 0 0 0 0 0 0 0 0 0 0
96700 -268.424 0 0 0 2.3833 100 32 7.12506 100 22 0 0 0 -3.65525 100 23 0 0 0 0 0 0 0 0 0 0 0
96800 -272.291 0 0 0 0.0379054 100 24 -1.64032 100 17 0 0 0 -2.22163 100 25 0 0 0 0 0 0 0 0 0 0 0
96900 -267.369 0 0 0 1.42396 100 23 4.59546 100 26 0 0 0 -3.12992 100 18 0 0 0 0 0 0 0 0 0 0 0
97000 -268.08 0 0 0 0.811048 100 17 3.37384 100 31 0 0 0 -2.59127 100 18 0 0 0 0 0 0 0 0 0 0 0
97100 -269.908 0 0 0 1.29479 100 21 5.16819 100 31 0 0 0 -2.72098 100 24 0 0 0 0 0 0 0 0 0 0 0
97200 -270.669 0 0 0 1.87024 100 28 1.86184 100 33 0 0 0 -3.24042 100 19 0 0 0 0 0 0 0 0 0 0 0
97300 -267.354 0 0 0 1.06118 100 35 1.63777 100 21 0 0 0 -2.60417 100 23 0 0 0 0 0 0 0 0 0 0 0
97400 -267.481 0 0 0 0.958965 100 21 2.3476 100 17 0 0 0 -2.53344 100 24 0 0 0 0 0 0 0 0 0 0 0
97500 -268.528 0 0 0 2.27652 100 22 5.74908 100 13 0 0 0 -3.44129 100 26 0 0 0 0 0 0 0 0 0 0 0
97600 -267.701 0 0 0 1.89914 100 21 6.45818 100 32 0 0 0 -3.43204 100 24 0 0 0 0 0 0 0 0 0 0 0
97700 -269.931 0 0 0 1.39272 100 29 4.85041 100 25 0 0 0 -2.71095 100 23 0 0 0 0 0 0 0 0 0 0 0
97800 -267.292 0 0 0 1.02496 100 25 2.39495 100 22 0 0 0 -2.76702 100 21 0 0 0 0 0 0 0 0 0 0 0
97900 -268.184 0 0 0 1.76289 100 24 4.72124 100 27 0 0 0 -3.3843 100 20 0 0 0 0 0 0 0 0 0 0 0
98000 -267.121 0 0 0 1.2002 100 35 2.34891 100 28 0 0 0 -2.70342 100 25 0 0 0 0 0 0 0 0 0 0 0
98100 -272.238 0 0 0 0.496517 100 25 -0.63217 100 23 0 0 0 -1.94176 100 18 0 0 0 0 0 0 0 0 0 0 0
98200 -266.961 0 0 0 1.10682 100 26 3.04503 100 31 0 0 0 -2.77407 100 30 0 0 0 0 0 0 0 0 0 0 0
98300 -267.78 0 0 0 1.0709 100 27 4.09369 100 21 0 0 0 -2.91677 100 21 0 0 0 0 0 0 0 0 0 0 0
98400 -270.709 0 0 0 2.66655 100 33 9.59266 100 23 0 0 0 -4.11321 100 22 0 0 0 0 0 0 0 0 0 0 0
98500 -267.75 0 0 0 0.975945 100 26 3.8765 100 20 0 0 0 -2.69984 100 22 0 0 0 0 0 0 0 0 0 0 0
98600 -269.613 0 0 0 0.616892 100 29 -1.23488 100 25 0 0 0 -2.35059 100 13 0 0 0 0 0 0 0 0 0 0 0
98700 -267.085 0 0 0 1.22925 100 32 4.19923 100 19 0 0 0 -2.88603 100 16 0 0 0 0 0 0 0 0 0 0 0
98800 -267.644 0 0 0 1.51028 100 31 5.76766 100 18 0 0 0 -3.0852 100 16 0 0 0 0 0 0 0 0 0 0 0
98900 -267.563 0 0 0 2.00476 100 24 5.28119 100 26 0 0 0 -3.31196 100 18 0 0 0 0 0 0 0 0 0 0 0
99000 -267.951 0 0 0 2.16007 100 24 5.86829 100 23 0 0 0 -3.51674 100 12 0 0 0 0 0 0 0 0 0 0 0
99100 -269.325 0 0 0 2.56467 100 30 7.12308 100 24 0 0 0 -3.85429 100 15 0 0 0 0 0 0 0 0 0 0 0
99200 -269.39 0 0 0 2.07742 100 30 6.51643 100 24 0 0 0 -3.71261 100 19 0 0 0 0 0 0 0 0 0 0 0
99300 -269.835 0 0 0 2.65434 100 21 7.37825 100 26 0 0 0 -3.9504 100 27 0 0 0 0 0 0 0 0 0 0 0
99400 -267.795 0 0 0 2.1087 100 25 5.81006 100 27 0 0 0 -3.48166 100 22 0 0 0 0 0 0 0 0 0 0 0
99500 -267.627 0 0 0 1.23257 100 33 4.16665 100 15 0 0 0 -3.03155 100 17 0 0 0 0 0 0 0 0 0 0 0
99600 -267.277 0 0 0 1.76082 100 29 4.62814 100 25 0 0 0 -3.25519 100 22 0 0 0 0 0 0 0 0 0 0 0
99700 -266.863 0 0 0 1.2604 100 26 3.68525 100 21 0 0 0 -2.88206 100 25 0 0 0 0 0 0 0 0 0 0 0
99800 -268.383 0 0 0 1.29646 100 27 3.99907 100 17 0 0 0 -2.68415 100 29 0 0 0 0 0 0 0 0 0 0 0
99900 -267.501 0 0 0 1.43025 100 27 3.90077 100 28 0 0 0 -3.12234 100 20 0 0 0 0 0 0 0 0 0 0 0
100000 -267.147 0 0 0 0.987813 100 24 2.14338 100 26 0 0 0 -2.61567 100 19 0 0 0 0 0 0 0 0 0 0 0
