iteration logLik intercept1 intercept1_p intercept1_a pcov2 pcov2_p pcov2_a pcov3 pcov3_p pcov3_a pcov4 pcov4_p pcov4_a intercept2 intercept2_p intercept2_a intercept3 intercept3_p intercept3_a intercept4 intercept4_p intercept4_a pcov pcov_p pcov_a data_p data_a
0 -391160 0 0 0 -5.94204 0 0 -3.93772 0 0 0 0 0 7.56673 0 0 0 0 0 0 0 0 0 0 0 0 0
100 -233.28 0 0 0 0.852761 100 43 0.932442 100 37 0 0 0 -2.34238 100 30 0 0 0 0 0 0 0 0 0 0 0
200 -233.705 0 0 0 0.913954 100 28 0.0994565 100 29 0 0 0 -2.59355 100 15 0 0 0 0 0 0 0 0 0 0 0
300 -233.78 0 0 0 1.37157 100 36 1.52026 100 30 0 0 0 -2.63093 100 17 0 0 0 0 0 0 0 0 0 0 0
400 -234.868 0 0 0 1.1451 100 31 2.42934 100 21 0 0 0 -2.94725 100 28 0 0 0 0 0 0 0 0 0 0 0
500 -233.333 0 0 0 0.897465 100 25 0.865874 100 19 0 0 0 -2.34706 100 20 0 0 0 0 0 0 0 0 0 0 0
600 -235.897 0 0 0 1.50134 100 37 3.93331 100 22 0 0 0 -2.66521 100 23 0 0 0 0 0 0 0 0 0 0 0
700 -236.405 0 0 0 0.503692 100 35 -0.759157 100 23 0 0 0 -1.90548 100 26 0 0 0 0 0 0 0 0 0 0 0
800 -235.092 0 0 0 0.946493 100 26 -0.959478 100 30 0 0 0 -2.62683 100 18 0 0 0 0 0 0 0 0 0 0 0
900 -233.311 0 0 0 1.05057 100 37 2.54143 100 33 0 0 0 -2.59841 100 17 0 0 0 0 0 0 0 0 0 0 0
1000 -234.976 0 0 0 0.268108 100 31 1.65431 100 29 0 0 0 -2.41786 100 28 0 0 0 0 0 0 0 0 0 0 0
1100 -233.387 0 0 0 1.12471 100 32 0.43769 100 30 0 0 0 -2.5411 100 17 0 0 0 0 0 0 0 0 0 0 0
1200 -234.264 0 0 0 0.997765 100 31 3.55611 100 24 0 0 0 -2.78579 100 15 0 0 0 0 0 0 0 0 0 0 0
1300 -234.21 0 0 0 0.895791 100 27 -1.20708 100 25 0 0 0 -2.25953 100 19 0 0 0 0 0 0 0 0 0 0 0
1400 -234.361 0 0 0 0.196262 100 31 -0.913258 100 18 0 0 0 -2.03759 100 18 0 0 0 0 0 0 0 0 0 0 0
1500 -236.1 0 0 0 0.659147 100 34 4.03158 100 23 0 0 0 -2.65378 100 26 0 0 0 0 0 0 0 0 0 0 0
1600 -233.686 0 0 0 1.3212 100 22 3.12312 100 17 0 0 0 -2.85088 100 21 0 0 0 0 0 0 0 0 0 0 0
1700 -233.699 0 0 0 1.30806 100 25 1.12645 100 26 0 0 0 -2.58935 100 30 0 0 0 0 0 0 0 0 0 0 0
1800 -233.414 0 0 0 0.585608 100 34 1.05733 100 20 0 0 0 -2.46573 100 20 0 0 0 0 0 0 0 0 0 0 0
1900 -233.503 0 0 0 1.33431 100 35 1.64998 100 21 0 0 0 -2.71047 100 18 0 0 0 0 0 0 0 0 0 0 0
2000 -233.914 0 0 0 0.578971 100 25 -1.29412 100 19 0 0 0 -2.13025 100 21 0 0 0 0 0 0 0 0 0 0 0
2100 -235.593 0 0 0 0.174015 100 33 -2.38894 100 24 0 0 0 -1.86583 100 19 0 0 0 0 0 0 0 0 0 0 0
2200 -233.832 0 0 0 0.803025 100 41 -0.281102 100 24 0 0 0 -2.21188 100 24 0 0 0 0 0 0 0 0 0 0 0
2300 -235.222 0 0 0 1.26906 100 37 -1.03911 100 22 0 0 0 -2.53438 100 21 0 0 0 0 0 0 0 0 0 0 0
2400 -236.311 0 0 0 2.0664 100 30 4.63133 100 23 0 0 0 -3.28745 100 15 0 0 0 0 0 0 0 0 0 0 0
2500 -233.624 0 0 0 1.2285 100 27 0.798874 100 33 0 0 0 -2.52976 100 26 0 0 0 0 0 0 0 0 0 0 0
2600 -233.207 0 0 0 0.915811 100 29 2.05569 100 21 0 0 0 -2.50338 100 28 0 0 0 0 0 0 0 0 0 0 0
2700 -234.622 0 0 0 0.0741639 100 30 -0.802042 100 22 0 0 0 -2.14602 100 21 0 0 0 0 0 0 0 0 0 0 0
2800 -235.214 0 0 0 0.71753 100 32 -2.77956 100 31 0 0 0 -2.25251 100 27 0 0 0 0 0 0 0 0 0 0 0
2900 -233.959 0 0 0 0.912754 100 24 0.84144 100 25 0 0 0 -2.69353 100 23 0 0 0 0 0 0 0 0 0 0 0
3000 -234.042 0 0 0 0.860457 100 33 1.85506 100 23 0 0 0 -2.3374 100 24 0 0 0 0 0 0 0 0 0 0 0
3100 -233.694 0 0 0 1.12 100 38 0.804953 100 20 0 0 0 -2.41843 100 19 0 0 0 0 0 0 0 0 0 0 0
3200 -233.259 0 0 0 0.827492 100 31 1.72289 100 24 0 0 0 -2.59855 100 23 0 0 0 0 0 0 0 0 0 0 0
3300 -233.583 0 0 0 0.557047 100 33 -1.0204 100 26 0 0 0 -2.18137 100 24 0 0 0 0 0 0 0 0 0 0 0
3400 -233.263 0 0 0 0.543685 100 29 -0.347138 100 26 0 0 0 -2.29063 100 20 0 0 0 0 0 0 0 0 0 0 0
3500 -233.318 0 0 0 0.615609 100 29 -0.365543 100 34 0 0 0 -2.37098 100 21 0 0 0 0 0 0 0 0 0 0 0
3600 -233.83 0 0 0 0.654742 100 37 -1.52112 100 20 0 0 0 -2.24764 100 17 0 0 0 0 0 0 0 0 0 0 0
3700 -235.973 0 0 0 1.89983 100 32 2.17218 100 29 0 0 0 -2.98136 100 23 0 0 0 0 0 0 0 0 0 0 0
3800 -234.445 0 0 0 0.132384 100 37 -0.598136 100 21 0 0 0 -2.07437 100 23 0 0 0 0 0 0 0 0 0 0 0
3900 -233.399 0 0 0 0.552593 100 32 1.0282 100 25 0 0 0 -2.31632 100 24 0 0 0 0 0 0 0 0 0 0 0
4000 -233.316 0 0 0 0.601579 100 28 0.81559 100 14 0 0 0 -2.29052 100 13 0 0 0 0 0 0 0 0 0 0 0
4100 -239.682 0 0 0 -0.00713234 100 29 2.9789 100 22 0 0 0 -2.20635 100 18 0 0 0 0 0 0 0 0 0 0 0
4200 -236.302 0 0 0 1.40212 100 34 -0.525985 100 19 0 0 0 -2.42335 100 14 0 0 0 0 0 0 0 0 0 0 0
4300 -233.042 0 0 0 1.06094 100 29 1.18794 100 26 0 0 0 -2.52453 100 22 0 0 0 0 0 0 0 0 0 0 0
4400 -234.705 0 0 0 0.704229 100 32 3.26262 100 28 0 0 0 -2.62697 100 15 0 0 0 0 0 0 0 0 0 0 0
4500 -238.52 0 0 0 0.607181 100 32 -4.32085 100 26 0 0 0 -1.87939 100 29 0 0 0 0 0 0 0 0 0 0 0
4600 -233.209 0 0 0 0.593609 100 33 0.0661387 100 21 0 0 0 -2.2616 100 29 0 0 0 0 0 0 0 0 0 0 0
4700 -234.869 0 0 0 1.1724 100 31 -0.885025 100 30 0 0 0 -2.38676 100 20 0 0 0 0 0 0 0 0 0 0 0
4800 -234.307 0 0 0 0.88682 100 29 -1.5715 100 29 0 0 0 -2.37492 100 22 0 0 0 0 0 0 0 0 0 0 0
4900 -234.384 0 0 0 1.03257 100 29 -1.16601 100 21 0 0 0 -2.37037 100 21 0 0 0 0 0 0 0 0 0 0 0
5000 -234.115 0 0 0 0.984749 100 25 3.0606 100 21 0 0 0 -2.80417 100 18 0 0 0 0 0 0 0 0 0 0 0
5100 -233.378 0 0 0 1.26603 100 28 1.46171 100 26 0 0 0 -2.62582 100 25 0 0 0 0 0 0 0 0 0 0 0
5200 -235.459 0 0 0 1.69724 100 31 3.48965 100 26 0 0 0 -3.17127 100 22 0 0 0 0 0 0 0 0 0 0 0
5300 -234.307 0 0 0 0.191922 100 24 -1.53081 100 22 0 0 0 -2.08287 100 27 0 0 0 0 0 0 0 0 0 0 0
5400 -234.488 0 0 0 1.40693 100 30 0.487094 100 21 0 0 0 -2.72299 100 24 0 0 0 0 0 0 0 0 0 0 0
5500 -233.834 0 0 0 1.04674 100 29 3.33136 100 22 0 0 0 -2.73256 100 25 0 0 0 0 0 0 0 0 0 0 0
5600 -236.729 0 0 0 -0.2112 100 36 -0.714691 100 29 0 0 0 -2.20862 100 26 0 0 0 0 0 0 0 0 0 0 0
5700 -233.207 0 0 0 0.643597 100 31 -0.330667 100 20 0 0 0 -2.34845 100 18 0 0 0 0 0 0 0 0 0 0 0
5800 -236.026 0 0 0 0.140227 100 35 2.03285 100 29 0 0 0 -2.36954 100 21 0 0 0 0 0 0 0 0 0 0 0
5900 -235.172 0 0 0 0.690982 100 36 -1.6862 100 22 0 0 0 -2.04334 100 21 0 0 0 0 0 0 0 0 0 0 0
6000 -234.694 0 0 0 0.904329 100 35 2.1195 100 28 0 0 0 -2.82888 100 22 0 0 0 0 0 0 0 0 0 0 0
6100 -233.855 0 0 0 1.1495 100 30 2.33409 100 25 0 0 0 -2.50347 100 24 0 0 0 0 0 0 0 0 0 0 0
6200 -234.755 0 0 0 0.379238 100 35 -0.341543 100 26 0 0 0 -2.45663 100 20 0 0 0 0 0 0 0 0 0 0 0
6300 -236.173 0 0 0 2.05845 100 30 4.84611 100 19 0 0 0 -3.20064 100 22 0 0 0 0 0 0 0 0 0 0 0
6400 -233.216 0 0 0 1.09935 100 30 1.0977 100 25 0 0 0 -2.49396 100 27 0 0 0 0 0 0 0 0 0 0 0
6500 -233.859 0 0 0 0.568143 100 35 -0.625619 100 18 0 0 0 -2.12141 100 22 0 0 0 0 0 0 0 0 0 0 0
6600 -233.723 0 0 0 1.38335 100 26 2.27884 100 21 0 0 0 -2.66678 100 19 0 0 0 0 0 0 0 0 0 0 0
6700 -233.948 0 0 0 0.252554 100 24 -0.826459 100 30 0 0 0 -2.14798 100 21 0 0 0 0 0 0 0 0 0 0 0
6800 -234.04 0 0 0 1.14251 100 34 3.11285 100 22 0 0 0 -2.58363 100 23 0 0 0 0 0 0 0 0 0 0 0
6900 -233.25 0 0 0 0.620894 100 39 1.25499 100 20 0 0 0 -2.40003 100 27 0 0 0 0 0 0 0 0 0 0 0
7000 -233.043 0 0 0 0.906077 100 28 0.903414 100 22 0 0 0 -2.41051 100 24 0 0 0 0 0 0 0 0 0 0 0
7100 -233.303 0 0 0 0.723021 100 34 0.762152 100 26 0 0 0 -2.29267 100 27 0 0 0 0 0 0 0 0 0 0 0
7200 -233.029 0 0 0 0.952168 100 25 1.44193 100 24 0 0 0 -2.4721 100 16 0 0 0 0 0 0 0 0 0 0 0
7300 -234.958 0 0 0 0.127855 100 28 0.830742 100 23 0 0 0 -2.29005 100 28 0 0 0 0 0 0 0 0 0 0 0
7400 -234.071 0 0 0 0.298553 100 28 0.787343 100 26 0 0 0 -2.29807 100 20 0 0 0 0 0 0 0 0 0 0 0
7500 -234.027 0 0 0 1.23468 100 25 2.23439 100 23 0 0 0 -2.87836 100 21 0 0 0 0 0 0 0 0 0 0 0
7600 -233.452 0 0 0 1.11256 100 35 2.89336 100 32 0 0 0 -2.66049 100 21 0 0 0 0 0 0 0 0 0 0 0
7700 -235.168 0 0 0 1.33947 100 31 3.81718 100 20 0 0 0 -3.07578 100 24 0 0 0 0 0 0 0 0 0 0 0
7800 -234.045 0 0 0 0.319469 100 28 0.700342 100 19 0 0 0 -2.34684 100 21 0 0 0 0 0 0 0 0 0 0 0
7900 -234.651 0 0 0 1.6346 100 28 2.01241 100 24 0 0 0 -2.7771 100 16 0 0 0 0 0 0 0 0 0 0 0
8000 -233.507 0 0 0 1.25097 100 39 0.937716 100 22 0 0 0 -2.63143 100 22 0 0 0 0 0 0 0 0 0 0 0
8100 -234.318 0 0 0 1.5448 100 26 2.07392 100 25 0 0 0 -2.9056 100 23 0 0 0 0 0 0 0 0 0 0 0
8200 -237.015 0 0 0 -0.322194 100 31 -2.91501 100 20 0 0 0 -1.85949 100 14 0 0 0 0 0 0 0 0 0 0 0
8300 -233.792 0 0 0 1.25813 100 30 0.990321 100 24 0 0 0 -2.73607 100 19 0 0 0 0 0 0 0 0 0 0 0
8400 -233.29 0 0 0 1.26081 100 31 1.77151 100 25 0 0 0 -2.6827 100 18 0 0 0 0 0 0 0 0 0 0 0
8500 -233.956 0 0 0 0.349146 100 37 0.9565 100 23 0 0 0 -2.29002 100 18 0 0 0 0 0 0 0 0 0 0 0
8600 -233.675 0 0 0 1.02823 100 32 0.332658 100 26 0 0 0 -2.63431 100 27 0 0 0 0 0 0 0 0 0 0 0
8700 -233.82 0 0 0 0.671445 100 28 1.56024 100 23 0 0 0 -2.29963 100 17 0 0 0 0 0 0 0 0 0 0 0
8800 -233.202 0 0 0 0.737287 100 27 1.69279 100 22 0 0 0 -2.48872 100 26 0 0 0 0 0 0 0 0 0 0 0
8900 -234.273 0 0 0 1.09608 100 25 -0.649159 100 18 0 0 0 -2.56554 100 29 0 0 0 0 0 0 0 0 0 0 0
9000 -233.356 0 0 0 0.815238 100 32 1.92791 100 29 0 0 0 -2.60761 100 30 0 0 0 0 0 0 0 0 0 0 0
9100 -234.484 0 0 0 0.682496 100 34 2.86488 100 22 0 0 0 -2.46789 100 23 0 0 0 0 0 0 0 0 0 0 0
9200 -233.859 0 0 0 0.443487 100 27 0.818187 100 28 0 0 0 -2.21242 100 22 0 0 0 0 0 0 0 0 0 0 0
9300 -233.581 0 0 0 0.785997 100 35 2.30152 100 28 0 0 0 -2.47104 100 19 0 0 0 0 0 0 0 0 0 0 0
9400 -234.899 0 0 0 0.114514 100 27 -1.56877 100 25 0 0 0 -2.19256 100 22 0 0 0 0 0 0 0 0 0 0 0
9500 -234.541 0 0 0 1.34493 100 36 1.68942 100 22 0 0 0 -2.50162 100 24 0 0 0 0 0 0 0 0 0 0 0
9600 -237.646 0 0 0 0.601503 100 42 -4.32449 100 29 0 0 0 -2.27805 100 22 0 0 0 0 0 0 0 0 0 0 0
9700 -234.184 0 0 0 0.748246 100 36 0.461319 100 26 0 0 0 -2.63036 100 16 0 0 0 0 0 0 0 0 0 0 0
9800 -233.18 0 0 0 1.12321 100 29 0.992061 100 33 0 0 0 -2.59798 100 28 0 0 0 0 0 0 0 0 0 0 0
9900 -233.624 0 0 0 0.356685 100 25 -0.492565 100 22 0 0 0 -2.21578 100 25 0 0 0 0 0 0 0 0 0 0 0
10000 -235.446 0 0 0 1.73009 100 27 4.38044 100 23 0 0 0 -3.20109 100 19 0 0 0 0 0 0 0 0 0 0 0
10100 -239.698 0 0 0 1.39892 100 37 -1.20366 100 25 0 0 0 -2.22651 100 13 0 0 0 0 0 0 0 0 0 0 0
10200 -236.366 0 0 0 -0.198527 100 36 -2.86594 100 27 0 0 0 -1.92149 100 20 0 0 0 0 0 0 0 0 0 0 0
10300 -233.545 0 0 0 0.466003 100 24 -0.866874 100 25 0 0 0 -2.26072 100 18 0 0 0 0 0 0 0 0 0 0 0
10400 -233.753 0 0 0 0.625728 100 28 -1.05286 100 33 0 0 0 -2.16348 100 22 0 0 0 0 0 0 0 0 0 0 0
10500 -233.587 0 0 0 1.10932 100 32 0.181621 100 20 0 0 0 -2.45408 100 23 0 0 0 0 0 0 0 0 0 0 0
10600 -234.596 0 0 0 1.47577 100 39 2.91048 100 20 0 0 0 -3.02258 100 21 0 0 0 0 0 0 0 0 0 0 0
10700 -233.208 0 0 0 0.988592 100 26 0.938047 100 24 0 0 0 -2.41611 100 26 0 0 0 0 0 0 0 0 0 0 0
10800 -233.851 0 0 0 1.21391 100 36 2.90589 100 30 0 0 0 -2.86859 100 24 0 0 0 0 0 0 0 0 0 0 0
10900 -233.286 0 0 0 0.853405 100 27 0.900297 100 24 0 0 0 -2.33959 100 19 0 0 0 0 0 0 0 0 0 0 0
11000 -235.798 0 0 0 1.42557 100 23 -0.713549 100 31 0 0 0 -2.56382 100 28 0 0 0 0 0 0 0 0 0 0 0
11100 -234.263 0 0 0 1.02967 100 31 2.53075 100 19 0 0 0 -2.85028 100 26 0 0 0 0 0 0 0 0 0 0 0
11200 -235.341 0 0 0 0.203429 100 32 1.77788 100 18 0 0 0 -2.36411 100 15 0 0 0 0 0 0 0 0 0 0 0
11300 -234.429 0 0 0 1.16889 100 27 2.64362 100 32 0 0 0 -2.92203 100 22 0 0 0 0 0 0 0 0 0 0 0
11400 -234.615 0 0 0 0.910097 100 34 3.73659 100 27 0 0 0 -2.67049 100 17 0 0 0 0 0 0 0 0 0 0 0
11500 -233.084 0 0 0 0.775098 100 34 0.330544 100 30 0 0 0 -2.33185 100 20 0 0 0 0 0 0 0 0 0 0 0
11600 -234.493 0 0 0 1.33473 100 34 2.71662 100 24 0 0 0 -2.565 100 20 0 0 0 0 0 0 0 0 0 0 0
11700 -233.307 0 0 0 0.693227 100 22 1.71605 100 24 0 0 0 -2.45027 100 26 0 0 0 0 0 0 0 0 0 0 0
11800 -233.744 0 0 0 1.3692 100 28 1.76279 100 19 0 0 0 -2.8017 100 30 0 0 0 0 0 0 0 0 0 0 0
11900 -234.966 0 0 0 0.71557 100 28 3.45923 100 21 0 0 0 -2.67029 100 33 0 0 0 0 0 0 0 0 0 0 0
12000 -233.94 0 0 0 0.638952 100 35 -1.67204 100 21 0 0 0 -2.25015 100 22 0 0 0 0 0 0 0 0 0 0 0
12100 -234.654 0 0 0 1.13441 100 36 2.9145 100 26 0 0 0 -2.93954 100 20 0 0 0 0 0 0 0 0 0 0 0
12200 -233.914 0 0 0 0.343035 100 35 -0.558785 100 30 0 0 0 -2.30312 100 28 0 0 0 0 0 0 0 0 0 0 0
12300 -234.716 0 0 0 0.666088 100 32 2.96831 100 22 0 0 0 -2.6666 100 22 0 0 0 0 0 0 0 0 0 0 0
12400 -233.525 0 0 0 1.16072 100 42 1.30165 100 30 0 0 0 -2.48126 100 25 0 0 0 0 0 0 0 0 0 0 0
12500 -233.506 0 0 0 1.28824 100 30 1.23361 100 27 0 0 0 -2.62729 100 19 0 0 0 0 0 0 0 0 0 0 0
12600 -236.769 0 0 0 1.76136 100 34 0.58781 100 27 0 0 0 -2.95076 100 25 0 0 0 0 0 0 0 0 0 0 0
12700 -234.425 0 0 0 1.42682 100 33 1.39215 100 15 0 0 0 -2.86932 100 19 0 0 0 0 0 0 0 0 0 0 0
12800 -232.933 0 0 0 0.816352 100 24 0.639265 100 28 0 0 0 -2.42582 100 23 0 0 0 0 0 0 0 0 0 0 0
12900 -233.656 0 0 0 1.21872 100 26 2.4037 100 27 0 0 0 -2.57077 100 11 0 0 0 0 0 0 0 0 0 0 0
13000 -233.284 0 0 0 0.575417 100 39 1.06499 100 24 0 0 0 -2.37423 100 20 0 0 0 0 0 0 0 0 0 0 0
13100 -234.54 0 0 0 0.811521 100 29 -1.96189 100 16 0 0 0 -2.24338 100 21 0 0 0 0 0 0 0 0 0 0 0
13200 -234.261 0 0 0 0.330387 100 31 0.942452 100 28 0 0 0 -2.40339 100 22 0 0 0 0 0 0 0 0 0 0 0
13300 -233.408 0 0 0 1.25222 100 35 1.86391 100 29 0 0 0 -2.75344 100 32 0 0 0 0 0 0 0 0 0 0 0
13400 -233.426 0 0 0 1.00253 100 32 0.633165 100 32 0 0 0 -2.37921 100 26 0 0 0 0 0 0 0 0 0 0 0
13500 -232.917 0 0 0 0.845215 100 29 0.827947 100 19 0 0 0 -2.4518 100 23 0 0 0 0 0 0 0 0 0 0 0
13600 -234.963 0 0 0 1.31983 100 33 -0.535818 100 26 0 0 0 -2.61657 100 17 0 0 0 0 0 0 0 0 0 0 0
13700 -236.89 0 0 0 0.0508636 100 41 2.13592 100 27 0 0 0 -2.4119 100 23 0 0 0 0 0 0 0 0 0 0 0
13800 -235.798 0 0 0 1.75427 100 22 3.65646 100 24 0 0 0 -3.22022 100 19 0 0 0 0 0 0 0 0 0 0 0
13900 -233.937 0 0 0 0.537224 100 27 -1.49817 100 33 0 0 0 -2.2922 100 19 0 0 0 0 0 0 0 0 0 0 0
14000 -233.54 0 0 0 0.536401 100 36 -0.313938 100 27 0 0 0 -2.16976 100 26 0 0 0 0 0 0 0 0 0 0 0
14100 -233.344 0 0 0 1.25898 100 34 2.13086 100 21 0 0 0 -2.6397 100 19 0 0 0 0 0 0 0 0 0 0 0
14200 -234.098 0 0 0 0.851831 100 22 -0.257032 100 23 0 0 0 -2.20621 100 22 0 0 0 0 0 0 0 0 0 0 0
14300 -235.621 0 0 0 1.59284 100 32 0.736421 100 21 0 0 0 -2.89842 100 20 0 0 0 0 0 0 0 0 0 0 0
14400 -235.182 0 0 0 0.849726 100 31 -2.43169 100 24 0 0 0 -2.23891 100 20 0 0 0 0 0 0 0 0 0 0 0
14500 -234.78 0 0 0 0.464493 100 24 -1.66992 100 31 0 0 0 -2.371 100 19 0 0 0 0 0 0 0 0 0 0 0
14600 -233.342 0 0 0 1.28225 100 33 2.09014 100 22 0 0 0 -2.73579 100 20 0 0 0 0 0 0 0 0 0 0 0
14700 -233.901 0 0 0 0.87591 100 28 1.52532 100 28 0 0 0 -2.71526 100 18 0 0 0 0 0 0 0 0 0 0 0
14800 -233.025 0 0 0 0.962196 100 31 1.09626 100 25 0 0 0 -2.45303 100 27 0 0 0 0 0 0 0 0 0 0 0
14900 -233.485 0 0 0 1.25404 100 21 1.52834 100 28 0 0 0 -2.57037 100 22 0 0 0 0 0 0 0 0 0 0 0
15000 -235.531 0 0 0 0.0397754 100 31 0.940107 100 25 0 0 0 -2.18262 100 22 0 0 0 0 0 0 0 0 0 0 0
15100 -235.873 0 0 0 -0.160659 100 33 -0.899836 100 26 0 0 0 -1.97126 100 22 0 0 0 0 0 0 0 0 0 0 0
15200 -238.459 0 0 0 0.114167 100 29 2.12004 100 35 0 0 0 -2.0626 100 23 0 0 0 0 0 0 0 0 0 0 0
15300 -234.425 0 0 0 0.596223 100 30 2.27123 100 23 0 0 0 -2.62057 100 22 0 0 0 0 0 0 0 0 0 0 0
15400 -235.676 0 0 0 0.0459744 100 38 -0.119423 100 24 0 0 0 -1.96493 100 31 0 0 0 0 0 0 0 0 0 0 0
15500 -233.218 0 0 0 0.931863 100 28 2.20895 100 24 0 0 0 -2.62425 100 25 0 0 0 0 0 0 0 0 0 0 0
15600 -234.531 0 0 0 0.579558 100 29 2.07948 100 26 0 0 0 -2.63138 100 18 0 0 0 0 0 0 0 0 0 0 0
15700 -235.491 0 0 0 0.573478 100 28 -2.89026 100 27 0 0 0 -2.02593 100 17 0 0 0 0 0 0 0 0 0 0 0
15800 -234.047 0 0 0 0.912654 100 27 0.443907 100 27 0 0 0 -2.66999 100 18 0 0 0 0 0 0 0 0 0 0 0
15900 -233.924 0 0 0 1.01521 100 34 1.00373 100 25 0 0 0 -2.33658 100 20 0 0 0 0 0 0 0 0 0 0 0
16000 -235.011 0 0 0 1.79731 100 27 2.84172 100 27 0 0 0 -2.97662 100 21 0 0 0 0 0 0 0 0 0 0 0
16100 -234.297 0 0 0 1.37929 100 28 0.653245 100 15 0 0 0 -2.58146 100 19 0 0 0 0 0 0 0 0 0 0 0
16200 -238.292 0 0 0 2.10369 100 32 6.63416 100 30 0 0 0 -3.21482 100 18 0 0 0 0 0 0 0 0 0 0 0
16300 -233.496 0 0 0 0.455443 100 29 0.39191 100 26 0 0 0 -2.3597 100 22 0 0 0 0 0 0 0 0 0 0 0
16400 -233.381 0 0 0 0.890995 100 33 1.67096 100 27 0 0 0 -2.40378 100 19 0 0 0 0 0 0 0 0 0 0 0
16500 -234.58 0 0 0 0.164174 100 35 0.133899 100 20 0 0 0 -2.1012 100 17 0 0 0 0 0 0 0 0 0 0 0
16600 -234.176 0 0 0 0.991651 100 26 -0.671003 100 21 0 0 0 -2.56039 100 21 0 0 0 0 0 0 0 0 0 0 0
16700 -233.769 0 0 0 0.337833 100 32 -0.364654 100 28 0 0 0 -2.14399 100 15 0 0 0 0 0 0 0 0 0 0 0
16800 -233.438 0 0 0 1.13608 100 33 1.48616 100 20 0 0 0 -2.48599 100 14 0 0 0 0 0 0 0 0 0 0 0
16900 -233.12 0 0 0 0.935511 100 25 2.02968 100 20 0 0 0 -2.60362 100 15 0 0 0 0 0 0 0 0 0 0 0
17000 -233.493 0 0 0 0.473789 100 29 -0.0710821 100 24 0 0 0 -2.35435 100 25 0 0 0 0 0 0 0 0 0 0 0
17100 -233.141 0 0 0 0.699876 100 32 -0.169926 100 29 0 0 0 -2.30357 100 25 0 0 0 0 0 0 0 0 0 0 0
17200 -233.067 0 0 0 0.790906 100 30 0.17591 100 25 0 0 0 -2.34688 100 23 0 0 0 0 0 0 0 0 0 0 0
17300 -235.859 0 0 0 0.490855 100 30 -0.847431 100 28 0 0 0 -1.92923 100 16 0 0 0 0 0 0 0 0 0 0 0
17400 -234.471 0 0 0 0.979277 100 48 -0.593682 100 28 0 0 0 -2.61303 100 24 0 0 0 0 0 0 0 0 0 0 0
17500 -236.344 0 0 0 0.951283 100 30 4.89078 100 33 0 0 0 -2.79303 100 16 0 0 0 0 0 0 0 0 0 0 0
17600 -233.254 0 0 0 0.709321 100 34 0.803766 100 27 0 0 0 -2.51161 100 20 0 0 0 0 0 0 0 0 0 0 0
17700 -235.206 0 0 0 1.5132 100 29 2.24008 100 26 0 0 0 -2.58472 100 20 0 0 0 0 0 0 0 0 0 0 0
17800 -233.59 0 0 0 0.815276 100 41 2.40316 100 27 0 0 0 -2.62922 100 22 0 0 0 0 0 0 0 0 0 0 0
17900 -234.822 0 0 0 0.488328 100 25 -0.718145 100 20 0 0 0 -2.00398 100 21 0 0 0 0 0 0 0 0 0 0 0
18000 -232.937 0 0 0 0.937936 100 33 0.994855 100 20 0 0 0 -2.47939 100 24 0 0 0 0 0 0 0 0 0 0 0
18100 -233.453 0 0 0 0.954414 100 41 -0.237843 100 34 0 0 0 -2.37448 100 25 0 0 0 0 0 0 0 0 0 0 0
18200 -233.779 0 0 0 1.078 100 27 2.22181 100 22 0 0 0 -2.80317 100 24 0 0 0 0 0 0 0 0 0 0 0
18300 -235.219 0 0 0 0.134671 100 34 -1.34344 100 24 0 0 0 -1.91226 100 19 0 0 0 0 0 0 0 0 0 0 0
18400 -233.395 0 0 0 0.58074 100 36 -0.229231 100 22 0 0 0 -2.38955 100 18 0 0 0 0 0 0 0 0 0 0 0
18500 -233.515 0 0 0 1.06197 100 23 2.75674 100 30 0 0 0 -2.58992 100 17 0 0 0 0 0 0 0 0 0 0 0
18600 -235.364 0 0 0 1.63346 100 36 4.90987 100 31 0 0 0 -2.94789 100 21 0 0 0 0 0 0 0 0 0 0 0
18700 -233.762 0 0 0 1.33449 100 28 1.66482 100 20 0 0 0 -2.80305 100 23 0 0 0 0 0 0 0 0 0 0 0
18800 -233.742 0 0 0 1.2588 100 26 2.23363 100 31 0 0 0 -2.56536 100 18 0 0 0 0 0 0 0 0 0 0 0
18900 -233.01 0 0 0 0.783126 100 32 1.04456 100 22 0 0 0 -2.39713 100 15 0 0 0 0 0 0 0 0 0 0 0
19000 -233.462 0 0 0 0.954988 100 38 1.7157 100 14 0 0 0 -2.41475 100 20 0 0 0 0 0 0 0 0 0 0 0
19100 -234.472 0 0 0 0.351885 100 39 -2.14914 100 22 0 0 0 -2.03851 100 21 0 0 0 0 0 0 0 0 0 0 0
19200 -234.959 0 0 0 0.748688 100 31 -2.46634 100 34 0 0 0 -2.29883 100 20 0 0 0 0 0 0 0 0 0 0 0
19300 -233.206 0 0 0 0.759669 100 28 1.02521 100 31 0 0 0 -2.33926 100 22 0 0 0 0 0 0 0 0 0 0 0
19400 -233.461 0 0 0 1.1687 100 24 2.09145 100 30 0 0 0 -2.77432 100 26 0 0 0 0 0 0 0 0 0 0 0
19500 -234.59 0 0 0 1.45525 100 41 2.41341 100 28 0 0 0 -2.60806 100 28 0 0 0 0 0 0 0 0 0 0 0
19600 -234.557 0 0 0 0.561507 100 37 -1.2894 100 32 0 0 0 -2.43087 100 21 0 0 0 0 0 0 0 0 0 0 0
19700 -234.399 0 0 0 1.34643 100 29 1.23195 100 27 0 0 0 -2.50735 100 25 0 0 0 0 0 0 0 0 0 0 0
19800 -234.626 0 0 0 1.71698 100 33 3.02417 100 21 0 0 0 -2.98082 100 21 0 0 0 0 0 0 0 0 0 0 0
19900 -234.964 0 0 0 0.795839 100 30 -0.688729 100 37 0 0 0 -2.61384 100 18 0 0 0 0 0 0 0 0 0 0 0
20000 -234.836 0 0 0 1.46362 100 38 4.17268 100 30 0 0 0 -2.78479 100 23 0 0 0 0 0 0 0 0 0 0 0
20100 -233.609 0 0 0 0.950666 100 26 2.89959 100 24 0 0 0 -2.62207 100 25 0 0 0 0 0 0 0 0 0 0 0
20200 -234.847 0 0 0 0.248824 100 36 1.27497 100 23 0 0 0 -2.40739 100 20 0 0 0 0 0 0 0 0 0 0 0
20300 -235.824 0 0 0 1.05849 100 32 -2.33897 100 20 0 0 0 -2.38969 100 18 0 0 0 0 0 0 0 0 0 0 0
20400 -234.032 0 0 0 0.507922 100 32 1.91685 100 31 0 0 0 -2.3901 100 22 0 0 0 0 0 0 0 0 0 0 0
20500 -233.882 0 0 0 0.433201 100 38 -1.47637 100 19 0 0 0 -2.22481 100 18 0 0 0 0 0 0 0 0 0 0 0
20600 -234.136 0 0 0 1.25702 100 34 2.06792 100 25 0 0 0 -2.8861 100 33 0 0 0 0 0 0 0 0 0 0 0
20700 -234.22 0 0 0 1.60199 100 32 2.62221 100 26 0 0 0 -2.9017 100 20 0 0 0 0 0 0 0 0 0 0 0
20800 -233.108 0 0 0 0.609984 100 36 0.371122 100 22 0 0 0 -2.31943 100 22 0 0 0 0 0 0 0 0 0 0 0
20900 -233.188 0 0 0 1.1144 100 23 2.38925 100 25 0 0 0 -2.6417 100 22 0 0 0 0 0 0 0 0 0 0 0
21000 -233.732 0 0 0 1.19644 100 37 1.15733 100 30 0 0 0 -2.47263 100 18 0 0 0 0 0 0 0 0 0 0 0
21100 -233.126 0 0 0 1.0999 100 26 1.83885 100 21 0 0 0 -2.6715 100 22 0 0 0 0 0 0 0 0 0 0 0
21200 -235.804 0 0 0 0.803732 100 29 -2.72806 100 21 0 0 0 -2.39678 100 26 0 0 0 0 0 0 0 0 0 0 0
21300 -233.294 0 0 0 0.842927 100 32 -0.365129 100 27 0 0 0 -2.3481 100 23 0 0 0 0 0 0 0 0 0 0 0
21400 -233.479 0 0 0 0.639227 100 31 0.830174 100 24 0 0 0 -2.51397 100 16 0 0 0 0 0 0 0 0 0 0 0
21500 -233.754 0 0 0 1.07108 100 32 -0.235419 100 30 0 0 0 -2.41564 100 15 0 0 0 0 0 0 0 0 0 0 0
21600 -235.154 0 0 0 1.39679 100 26 0.439163 100 15 0 0 0 -2.8394 100 29 0 0 0 0 0 0 0 0 0 0 0
21700 -234.106 0 0 0 1.51533 100 36 3.65878 100 28 0 0 0 -2.92928 100 23 0 0 0 0 0 0 0 0 0 0 0
21800 -233.771 0 0 0 0.852834 100 28 1.31206 100 22 0 0 0 -2.68078 100 21 0 0 0 0 0 0 0 0 0 0 0
21900 -233.333 0 0 0 1.07083 100 30 0.286074 100 35 0 0 0 -2.51679 100 29 0 0 0 0 0 0 0 0 0 0 0
22000 -234.901 0 0 0 1.05523 100 30 4.17263 100 26 0 0 0 -2.86265 100 22 0 0 0 0 0 0 0 0 0 0 0
22100 -233.658 0 0 0 1.35275 100 33 2.03506 100 29 0 0 0 -2.63984 100 30 0 0 0 0 0 0 0 0 0 0 0
22200 -235.338 0 0 0 1.18828 100 28 3.97131 100 26 0 0 0 -2.60594 100 25 0 0 0 0 0 0 0 0 0 0 0
22300 -235.713 0 0 0 0.334869 100 35 -1.06445 100 31 0 0 0 -2.4627 100 22 0 0 0 0 0 0 0 0 0 0 0
22400 -234.928 0 0 0 0.943832 100 32 3.77893 100 25 0 0 0 -2.59286 100 16 0 0 0 0 0 0 0 0 0 0 0
22500 -233.984 0 0 0 1.18 100 41 1.55366 100 28 0 0 0 -2.81792 100 15 0 0 0 0 0 0 0 0 0 0 0
22600 -237.581 0 0 0 0.016684 100 35 -3.81769 100 25 0 0 0 -1.70846 100 19 0 0 0 0 0 0 0 0 0 0 0
22700 -235.105 0 0 0 1.23999 100 25 1.56801 100 17 0 0 0 -2.94046 100 28 0 0 0 0 0 0 0 0 0 0 0
22800 -234.546 0 0 0 1.02934 100 27 1.34902 100 25 0 0 0 -2.30924 100 15 0 0 0 0 0 0 0 0 0 0 0
22900 -235.005 0 0 0 1.7569 100 38 4.14603 100 18 0 0 0 -3.11818 100 21 0 0 0 0 0 0 0 0 0 0 0
23000 -233.014 0 0 0 0.923224 100 28 0.547003 100 25 0 0 0 -2.43502 100 23 0 0 0 0 0 0 0 0 0 0 0
23100 -233.066 0 0 0 0.701745 100 39 0.523327 100 21 0 0 0 -2.32881 100 18 0 0 0 0 0 0 0 0 0 0 0
23200 -233.79 0 0 0 0.59028 100 34 2.00914 100 27 0 0 0 -2.47838 100 24 0 0 0 0 0 0 0 0 0 0 0
23300 -233.739 0 0 0 0.977954 100 26 -0.667633 100 24 0 0 0 -2.39087 100 16 0 0 0 0 0 0 0 0 0 0 0
23400 -234.298 0 0 0 1.2369 100 27 0.417791 100 21 0 0 0 -2.73999 100 19 0 0 0 0 0 0 0 0 0 0 0
23500 -238.291 0 0 0 1.70519 100 23 1.55934 100 24 0 0 0 -3.23851 100 17 0 0 0 0 0 0 0 0 0 0 0
23600 -233.611 0 0 0 0.846338 100 26 -0.899476 100 17 0 0 0 -2.36662 100 24 0 0 0 0 0 0 0 0 0 0 0
23700 -234.934 0 0 0 0.249881 100 27 1.60703 100 23 0 0 0 -2.37545 100 28 0 0 0 0 0 0 0 0 0 0 0
23800 -233.291 0 0 0 1.16151 100 37 2.44576 100 24 0 0 0 -2.73465 100 14 0 0 0 0 0 0 0 0 0 0 0
23900 -235.396 0 0 0 0.21918 100 36 1.67344 100 27 0 0 0 -2.44023 100 21 0 0 0 0 0 0 0 0 0 0 0
24000 -234.777 0 0 0 0.446398 100 30 -1.82541 100 23 0 0 0 -1.98943 100 22 0 0 0 0 0 0 0 0 0 0 0
24100 -233.306 0 0 0 1.12232 100 31 1.55378 100 22 0 0 0 -2.7058 100 26 0 0 0 0 0 0 0 0 0 0 0
24200 -233.918 0 0 0 1.09003 100 28 0.335495 100 23 0 0 0 -2.36815 100 24 0 0 0 0 0 0 0 0 0 0 0
24300 -233.623 0 0 0 1.30947 100 33 1.10074 100 29 0 0 0 -2.63554 100 21 0 0 0 0 0 0 0 0 0 0 0
24400 -236.311 0 0 0 1.99766 100 37 4.68089 100 23 0 0 0 -3.04617 100 23 0 0 0 0 0 0 0 0 0 0 0
24500 -237.075 0 0 0 0.643778 100 37 -2.79277 100 26 0 0 0 -2.49405 100 28 0 0 0 0 0 0 0 0 0 0 0
24600 -233.893 0 0 0 0.431572 100 33 0.470045 100 27 0 0 0 -2.4283 100 22 0 0 0 0 0 0 0 0 0 0 0
24700 -234.076 0 0 0 0.309379 100 24 0.820915 100 14 0 0 0 -2.32681 100 29 0 0 0 0 0 0 0 0 0 0 0
24800 -233.75 0 0 0 0.369184 100 32 -0.977832 100 30 0 0 0 -2.22889 100 22 0 0 0 0 0 0 0 0 0 0 0
24900 -234.232 0 0 0 1.1267 100 42 3.43488 100 26 0 0 0 -2.87938 100 26 0 0 0 0 0 0 0 0 0 0 0
25000 -233.388 0 0 0 0.456675 100 28 0.280138 100 28 0 0 0 -2.27318 100 25 0 0 0 0 0 0 0 0 0 0 0
25100 -235.75 0 0 0 1.42171 100 32 4.32221 100 20 0 0 0 -2.6984 100 23 0 0 0 0 0 0 0 0 0 0 0
25200 -233.266 0 0 0 0.530107 100 29 0.590093 100 19 0 0 0 -2.31523 100 30 0 0 0 0 0 0 0 0 0 0 0
25300 -234.366 0 0 0 0.267461 100 31 -2.0001 100 28 0 0 0 -2.10821 100 17 0 0 0 0 0 0 0 0 0 0 0
25400 -234.167 0 0 0 0.405688 100 39 -1.41463 100 29 0 0 0 -2.05094 100 20 0 0 0 0 0 0 0 0 0 0 0
25500 -234.104 0 0 0 1.45975 100 29 3.35239 100 19 0 0 0 -2.76142 100 24 0 0 0 0 0 0 0 0 0 0 0
25600 -234.813 0 0 0 0.424977 100 36 -0.112342 100 24 0 0 0 -2.50258 100 26 0 0 0 0 0 0 0 0 0 0 0
25700 -233.703 0 0 0 0.51534 100 32 0.994608 100 26 0 0 0 -2.24913 100 28 0 0 0 0 0 0 0 0 0 0 0
25800 -236.859 0 0 0 0.518178 100 37 -0.768542 100 18 0 0 0 -1.88625 100 21 0 0 0 0 0 0 0 0 0 0 0
25900 -233.857 0 0 0 0.639146 100 23 2.14845 100 27 0 0 0 -2.41381 100 19 0 0 0 0 0 0 0 0 0 0 0
26000 -234.683 0 0 0 1.7333 100 34 3.80581 100 25 0 0 0 -2.99757 100 28 0 0 0 0 0 0 0 0 0 0 0
26100 -233.891 0 0 0 0.553241 100 28 -0.967637 100 23 0 0 0 -2.11373 100 25 0 0 0 0 0 0 0 0 0 0 0
26200 -234.129 0 0 0 0.518402 100 22 -1.5732 100 25 0 0 0 -2.31263 100 23 0 0 0 0 0 0 0 0 0 0 0
26300 -233.277 0 0 0 0.521132 100 29 -0.208698 100 32 0 0 0 -2.30232 100 34 0 0 0 0 0 0 0 0 0 0 0
26400 -233.279 0 0 0 0.647133 100 37 -0.588242 100 28 0 0 0 -2.31841 100 20 0 0 0 0 0 0 0 0 0 0 0
26500 -233.17 0 0 0 0.780148 100 31 1.15347 100 28 0 0 0 -2.54631 100 17 0 0 0 0 0 0 0 0 0 0 0
26600 -235.288 0 0 0 1.52915 100 31 4.54218 100 27 0 0 0 -2.82615 100 27 0 0 0 0 0 0 0 0 0 0 0
26700 -233.843 0 0 0 0.922147 100 31 0.0343702 100 29 0 0 0 -2.2721 100 17 0 0 0 0 0 0 0 0 0 0 0
26800 -234.686 0 0 0 1.6198 100 44 2.25634 100 20 0 0 0 -2.74008 100 29 0 0 0 0 0 0 0 0 0 0 0
26900 -233.06 0 0 0 0.965388 100 32 1.78805 100 28 0 0 0 -2.61267 100 29 0 0 0 0 0 0 0 0 0 0 0
27000 -234.947 0 0 0 1.56672 100 29 1.09722 100 29 0 0 0 -2.86013 100 19 0 0 0 0 0 0 0 0 0 0 0
27100 -235.799 0 0 0 1.53081 100 28 0.158131 100 18 0 0 0 -2.57736 100 18 0 0 0 0 0 0 0 0 0 0 0
27200 -233.948 0 0 0 0.688212 100 35 2.46886 100 20 0 0 0 -2.58707 100 15 0 0 0 0 0 0 0 0 0 0 0
27300 -234.207 0 0 0 0.551046 100 30 -0.396445 100 21 0 0 0 -2.08368 100 23 0 0 0 0 0 0 0 0 0 0 0
27400 -233.217 0 0 0 0.556347 100 29 -0.217607 100 22 0 0 0 -2.28073 100 24 0 0 0 0 0 0 0 0 0 0 0
27500 -233.145 0 0 0 0.846429 100 26 1.4875 100 17 0 0 0 -2.5826 100 16 0 0 0 0 0 0 0 0 0 0 0
27600 -235.06 0 0 0 0.178052 100 38 1.34333 100 35 0 0 0 -2.32629 100 22 0 0 0 0 0 0 0 0 0 0 0
27700 -234.337 0 0 0 0.792172 100 29 3.17956 100 25 0 0 0 -2.67148 100 21 0 0 0 0 0 0 0 0 0 0 0
27800 -234.112 0 0 0 1.10021 100 22 3.70205 100 20 0 0 0 -2.73838 100 22 0 0 0 0 0 0 0 0 0 0 0
27900 -235.543 0 0 0 0.0954755 100 30 -3.13426 100 29 0 0 0 -1.98369 100 24 0 0 0 0 0 0 0 0 0 0 0
28000 -234.829 0 0 0 1.57822 100 34 1.11747 100 31 0 0 0 -2.81252 100 19 0 0 0 0 0 0 0 0 0 0 0
28100 -235.781 0 0 0 0.22851 100 40 -2.35076 100 22 0 0 0 -2.28577 100 22 0 0 0 0 0 0 0 0 0 0 0
28200 -237.206 0 0 0 -0.0856177 100 38 -1.66303 100 28 0 0 0 -2.29895 100 15 0 0 0 0 0 0 0 0 0 0 0
28300 -234.548 0 0 0 1.31839 100 32 -0.0762011 100 17 0 0 0 -2.65575 100 21 0 0 0 0 0 0 0 0 0 0 0
28400 -233.364 0 0 0 0.871601 100 31 -0.0213826 100 29 0 0 0 -2.3159 100 23 0 0 0 0 0 0 0 0 0 0 0
28500 -234.365 0 0 0 0.996731 100 32 1.06074 100 28 0 0 0 -2.29192 100 21 0 0 0 0 0 0 0 0 0 0 0
28600 -234.894 0 0 0 0.223507 100 27 -1.82222 100 34 0 0 0 -2.24229 100 26 0 0 0 0 0 0 0 0 0 0 0
28700 -235.967 0 0 0 1.36964 100 34 0.0801242 100 30 0 0 0 -2.39422 100 23 0 0 0 0 0 0 0 0 0 0 0
28800 -237.159 0 0 0 -0.102412 100 34 -3.68758 100 30 0 0 0 -1.74501 100 27 0 0 0 0 0 0 0 0 0 0 0
28900 -234.795 0 0 0 0.29065 100 34 -2.59416 100 20 0 0 0 -2.02765 100 23 0 0 0 0 0 0 0 0 0 0 0
29000 -233.032 0 0 0 0.831723 100 31 0.580343 100 35 0 0 0 -2.37188 100 26 0 0 0 0 0 0 0 0 0 0 0
29100 -233.283 0 0 0 0.820353 100 28 2.0823 100 24 0 0 0 -2.56884 100 19 0 0 0 0 0 0 0 0 0 0 0
29200 -233.781 0 0 0 1.39837 100 32 1.43931 100 21 0 0 0 -2.70216 100 22 0 0 0 0 0 0 0 0 0 0 0
29300 -235.148 0 0 0 1.51049 100 28 0.374635 100 21 0 0 0 -2.64214 100 20 0 0 0 0 0 0 0 0 0 0 0
29400 -234.11 0 0 0 0.38906 100 27 -0.163239 100 22 0 0 0 -2.39929 100 11 0 0 0 0 0 0 0 0 0 0 0
29500 -234.048 0 0 0 1.43957 100 26 1.9766 100 26 0 0 0 -2.87334 100 24 0 0 0 0 0 0 0 0 0 0 0
29600 -234.491 0 0 0 1.17111 100 31 0.20815 100 20 0 0 0 -2.73736 100 15 0 0 0 0 0 0 0 0 0 0 0
29700 -234.154 0 0 0 0.845783 100 41 2.13519 100 31 0 0 0 -2.74802 100 18 0 0 0 0 0 0 0 0 0 0 0
29800 -233.237 0 0 0 0.834456 100 36 2.09027 100 26 0 0 0 -2.5335 100 22 0 0 0 0 0 0 0 0 0 0 0
29900 -234.343 0 0 0 0.484011 100 37 -0.801178 100 33 0 0 0 -2.42767 100 27 0 0 0 0 0 0 0 0 0 0 0
30000 -233.569 0 0 0 0.616582 100 31 -1.12993 100 21 0 0 0 -2.22544 100 17 0 0 0 0 0 0 0 0 0 0 0
30100 -233.445 0 0 0 0.829177 100 36 -0.408452 100 29 0 0 0 -2.29107 100 26 0 0 0 0 0 0 0 0 0 0 0
30200 -236.177 0 0 0 0.699146 100 30 2.56753 100 28 0 0 0 -2.24483 100 21 0 0 0 0 0 0 0 0 0 0 0
30300 -234.525 0 0 0 0.771018 100 34 -1.97919 100 29 0 0 0 -2.20578 100 19 0 0 0 0 0 0 0 0 0 0 0
30400 -234.735 0 0 0 0.199126 100 30 -1.86339 100 26 0 0 0 -1.96779 100 22 0 0 0 0 0 0 0 0 0 0 0
30500 -234.266 0 0 0 0.628012 100 33 -0.583124 100 31 0 0 0 -2.0942 100 18 0 0 0 0 0 0 0 0 0 0 0
30600 -235.308 0 0 0 1.01424 100 30 2.09874 100 25 0 0 0 -2.31102 100 19 0 0 0 0 0 0 0 0 0 0 0
30700 -233.355 0 0 0 0.498935 100 23 -0.46974 100 28 0 0 0 -2.27644 100 26 0 0 0 0 0 0 0 0 0 0 0
30800 -236.34 0 0 0 -0.149676 100 41 -1.66807 100 24 0 0 0 -2.16195 100 30 0 0 0 0 0 0 0 0 0 0 0
30900 -236.693 0 0 0 1.99701 100 34 3.73814 100 21 0 0 0 -3.31217 100 23 0 0 0 0 0 0 0 0 0 0 0
31000 -234.674 0 0 0 0.603127 100 31 -1.49946 100 24 0 0 0 -2.43192 100 29 0 0 0 0 0 0 0 0 0 0 0
31100 -233.349 0 0 0 1.18627 100 30 2.32305 100 20 0 0 0 -2.60257 100 18 0 0 0 0 0 0 0 0 0 0 0
31200 -233.339 0 0 0 1.10839 100 31 2.01626 100 35 0 0 0 -2.73484 100 19 0 0 0 0 0 0 0 0 0 0 0
31300 -233.203 0 0 0 0.940978 100 35 0.0640402 100 27 0 0 0 -2.46902 100 25 0 0 0 0 0 0 0 0 0 0 0
31400 -233.884 0 0 0 0.874237 100 32 0.971961 100 23 0 0 0 -2.68185 100 33 0 0 0 0 0 0 0 0 0 0 0
31500 -235.001 0 0 0 1.27621 100 24 -0.145329 100 18 0 0 0 -2.74502 100 15 0 0 0 0 0 0 0 0 0 0 0
31600 -234.749 0 0 0 1.69155 100 31 2.16098 100 20 0 0 0 -2.89447 100 18 0 0 0 0 0 0 0 0 0 0 0
31700 -233.14 0 0 0 1.02049 100 31 2.07161 100 27 0 0 0 -2.54769 100 27 0 0 0 0 0 0 0 0 0 0 0
31800 -234.659 0 0 0 0.802461 100 35 -1.90985 100 25 0 0 0 -2.39402 100 21 0 0 0 0 0 0 0 0 0 0 0
31900 -233.824 0 0 0 1.31379 100 28 1.80944 100 26 0 0 0 -2.83039 100 22 0 0 0 0 0 0 0 0 0 0 0
32000 -233.352 0 0 0 0.949464 100 26 1.72013 100 21 0 0 0 -2.67717 100 28 0 0 0 0 0 0 0 0 0 0 0
32100 -234.033 0 0 0 0.364689 100 35 0.543162 100 22 0 0 0 -2.39841 100 18 0 0 0 0 0 0 0 0 0 0 0
32200 -234.472 0 0 0 0.56638 100 36 -2.26475 100 21 0 0 0 -2.2382 100 22 0 0 0 0 0 0 0 0 0 0 0
32300 -234.378 0 0 0 1.54735 100 33 3.25294 100 36 0 0 0 -2.76809 100 18 0 0 0 0 0 0 0 0 0 0 0
32400 -235.375 0 0 0 0.463726 100 33 -3.19671 100 24 0 0 0 -2.04834 100 22 0 0 0 0 0 0 0 0 0 0 0
32500 -234.3 0 0 0 0.740324 100 33 1.83911 100 28 0 0 0 -2.28969 100 24 0 0 0 0 0 0 0 0 0 0 0
32600 -234.367 0 0 0 0.241697 100 28 -1.13948 100 26 0 0 0 -2.25158 100 19 0 0 0 0 0 0 0 0 0 0 0
32700 -234.158 0 0 0 1.23374 100 24 3.91922 100 30 0 0 0 -2.82312 100 20 0 0 0 0 0 0 0 0 0 0 0
32800 -234.48 0 0 0 1.18677 100 28 4.06032 100 25 0 0 0 -2.88914 100 25 0 0 0 0 0 0 0 0 0 0 0
32900 -234.561 0 0 0 1.11324 100 30 -0.982824 100 26 0 0 0 -2.53376 100 23 0 0 0 0 0 0 0 0 0 0 0
33000 -234.894 0 0 0 1.73447 100 35 3.74185 100 18 0 0 0 -2.90458 100 11 0 0 0 0 0 0 0 0 0 0 0
33100 -233.045 0 0 0 0.884526 100 27 0.504534 100 34 0 0 0 -2.50293 100 19 0 0 0 0 0 0 0 0 0 0 0
33200 -236.214 0 0 0 0.7256 100 30 2.85727 100 28 0 0 0 -2.87987 100 22 0 0 0 0 0 0 0 0 0 0 0
33300 -234.114 0 0 0 0.746702 100 37 2.65245 100 31 0 0 0 -2.45544 100 19 0 0 0 0 0 0 0 0 0 0 0
33400 -233.63 0 0 0 0.601063 100 35 1.2737 100 29 0 0 0 -2.52333 100 24 0 0 0 0 0 0 0 0 0 0 0
33500 -234.296 0 0 0 1.57812 100 41 3.072 100 22 0 0 0 -2.79549 100 12 0 0 0 0 0 0 0 0 0 0 0
33600 -233.617 0 0 0 1.10901 100 31 2.7518 100 19 0 0 0 -2.57814 100 16 0 0 0 0 0 0 0 0 0 0 0
33700 -234.229 0 0 0 0.296196 100 25 -0.0267638 100 23 0 0 0 -2.09072 100 25 0 0 0 0 0 0 0 0 0 0 0
33800 -235.424 0 0 0 1.85368 100 38 3.50226 100 21 0 0 0 -2.92906 100 17 0 0 0 0 0 0 0 0 0 0 0
33900 -233.166 0 0 0 0.880239 100 28 1.33247 100 22 0 0 0 -2.40293 100 18 0 0 0 0 0 0 0 0 0 0 0
34000 -235.703 0 0 0 -0.0512318 100 30 -1.6319 100 22 0 0 0 -2.16666 100 17 0 0 0 0 0 0 0 0 0 0 0
34100 -234.161 0 0 0 1.35615 100 27 0.556714 100 28 0 0 0 -2.60127 100 25 0 0 0 0 0 0 0 0 0 0 0
34200 -234.547 0 0 0 1.57484 100 25 2.41471 100 26 0 0 0 -2.71452 100 13 0 0 0 0 0 0 0 0 0 0 0
34300 -234.091 0 0 0 0.602968 100 26 -1.8254 100 28 0 0 0 -2.16885 100 26 0 0 0 0 0 0 0 0 0 0 0
34400 -235.523 0 0 0 0.34434 100 30 2.11983 100 26 0 0 0 -2.56304 100 16 0 0 0 0 0 0 0 0 0 0 0
34500 -237.914 0 0 0 2.35882 100 29 5.76036 100 13 0 0 0 -3.47113 100 18 0 0 0 0 0 0 0 0 0 0 0
34600 -233.227 0 0 0 0.872301 100 32 0.707521 100 27 0 0 0 -2.56906 100 28 0 0 0 0 0 0 0 0 0 0 0
34700 -235.344 0 0 0 1.86706 100 32 3.78936 100 21 0 0 0 -3.14143 100 23 0 0 0 0 0 0 0 0 0 0 0
34800 -234.411 0 0 0 1.24392 100 32 0.705359 100 17 0 0 0 -2.42361 100 27 0 0 0 0 0 0 0 0 0 0 0
34900 -234.939 0 0 0 0.685222 100 34 3.33387 100 24 0 0 0 -2.65886 100 20 0 0 0 0 0 0 0 0 0 0 0
35000 -234.237 0 0 0 0.347523 100 37 1.36478 100 29 0 0 0 -2.36805 100 24 0 0 0 0 0 0 0 0 0 0 0
35100 -233.327 0 0 0 0.998679 100 36 1.85206 100 26 0 0 0 -2.69487 100 22 0 0 0 0 0 0 0 0 0 0 0
35200 -233.639 0 0 0 1.03383 100 31 0.922601 100 26 0 0 0 -2.69369 100 21 0 0 0 0 0 0 0 0 0 0 0
35300 -233.828 0 0 0 1.21279 100 29 3.23585 100 20 0 0 0 -2.66407 100 21 0 0 0 0 0 0 0 0 0 0 0
35400 -234.584 0 0 0 1.24926 100 33 3.31116 100 25 0 0 0 -2.5865 100 29 0 0 0 0 0 0 0 0 0 0 0
35500 -241.854 0 0 0 -0.878879 100 38 -1.1147 100 27 0 0 0 -2.03997 100 19 0 0 0 0 0 0 0 0 0 0 0
35600 -233.098 0 0 0 0.815693 100 37 0.694114 100 14 0 0 0 -2.52035 100 25 0 0 0 0 0 0 0 0 0 0 0
35700 -233.285 0 0 0 0.535607 100 39 0.654264 100 31 0 0 0 -2.30642 100 16 0 0 0 0 0 0 0 0 0 0 0
35800 -233.885 0 0 0 0.836715 100 31 -1.18924 100 22 0 0 0 -2.28344 100 25 0 0 0 0 0 0 0 0 0 0 0
35900 -233.419 0 0 0 0.848409 100 32 0.756703 100 25 0 0 0 -2.59797 100 20 0 0 0 0 0 0 0 0 0 0 0
36000 -235.739 0 0 0 1.31418 100 28 5.2199 100 22 0 0 0 -2.94115 100 24 0 0 0 0 0 0 0 0 0 0 0
36100 -234.191 0 0 0 1.43942 100 29 2.01589 100 31 0 0 0 -2.90214 100 19 0 0 0 0 0 0 0 0 0 0 0
36200 -233.165 0 0 0 1.17443 100 29 2.06864 100 24 0 0 0 -2.68586 100 29 0 0 0 0 0 0 0 0 0 0 0
36300 -233.076 0 0 0 1.01907 100 30 1.82247 100 19 0 0 0 -2.63753 100 16 0 0 0 0 0 0 0 0 0 0 0
36400 -233.368 0 0 0 0.945215 100 30 -0.101412 100 30 0 0 0 -2.49818 100 24 0 0 0 0 0 0 0 0 0 0 0
36500 -233.884 0 0 0 0.264158 100 31 -0.509184 100 24 0 0 0 -2.17132 100 28 0 0 0 0 0 0 0 0 0 0 0
36600 -234.339 0 0 0 0.311739 100 32 0.307134 100 20 0 0 0 -2.10528 100 23 0 0 0 0 0 0 0 0 0 0 0
36700 -233.083 0 0 0 0.639354 100 26 0.108529 100 22 0 0 0 -2.35238 100 21 0 0 0 0 0 0 0 0 0 0 0
36800 -234.996 0 0 0 1.50946 100 28 4.37146 100 24 0 0 0 -2.82232 100 24 0 0 0 0 0 0 0 0 0 0 0
36900 -233.377 0 0 0 0.454684 100 37 0.152021 100 23 0 0 0 -2.28973 100 21 0 0 0 0 0 0 0 0 0 0 0
37000 -236.325 0 0 0 2.09475 100 27 4.22803 100 23 0 0 0 -3.1585 100 23 0 0 0 0 0 0 0 0 0 0 0
37100 -234.825 0 0 0 1.60091 100 34 2.32223 100 22 0 0 0 -2.69978 100 20 0 0 0 0 0 0 0 0 0 0 0
37200 -233.824 0 0 0 1.05858 100 24 -0.404947 100 26 0 0 0 -2.40798 100 20 0 0 0 0 0 0 0 0 0 0 0
37300 -233.199 0 0 0 1.00691 100 32 0.746911 100 28 0 0 0 -2.42692 100 20 0 0 0 0 0 0 0 0 0 0 0
37400 -237.791 0 0 0 2.02021 100 37 4.31765 100 25 0 0 0 -2.89686 100 21 0 0 0 0 0 0 0 0 0 0 0
37500 -233.882 0 0 0 0.376069 100 29 0.810037 100 31 0 0 0 -2.37066 100 20 0 0 0 0 0 0 0 0 0 0 0
37600 -233.539 0 0 0 1.13425 100 28 0.215434 100 21 0 0 0 -2.53496 100 16 0 0 0 0 0 0 0 0 0 0 0
37700 -233.597 0 0 0 0.607224 100 38 -0.536235 100 30 0 0 0 -2.1706 100 25 0 0 0 0 0 0 0 0 0 0 0
37800 -233.723 0 0 0 0.374841 100 31 -0.443936 100 18 0 0 0 -2.2964 100 24 0 0 0 0 0 0 0 0 0 0 0
37900 -233.854 0 0 0 1.26603 100 36 0.852679 100 28 0 0 0 -2.72612 100 26 0 0 0 0 0 0 0 0 0 0 0
38000 -235.617 0 0 0 0.191496 100 31 -0.871362 100 30 0 0 0 -2.39318 100 14 0 0 0 0 0 0 0 0 0 0 0
38100 -233.656 0 0 0 1.30503 100 31 1.29084 100 21 0 0 0 -2.58736 100 26 0 0 0 0 0 0 0 0 0 0 0
38200 -233.545 0 0 0 1.19667 100 38 3.0365 100 26 0 0 0 -2.68913 100 25 0 0 0 0 0 0 0 0 0 0 0
38300 -233.969 0 0 0 1.31925 100 36 3.73995 100 19 0 0 0 -2.82504 100 21 0 0 0 0 0 0 0 0 0 0 0
38400 -233.562 0 0 0 1.00609 100 32 1.58603 100 24 0 0 0 -2.40858 100 25 0 0 0 0 0 0 0 0 0 0 0
38500 -233.078 0 0 0 0.947572 100 39 0.37915 100 26 0 0 0 -2.48367 100 26 0 0 0 0 0 0 0 0 0 0 0
38600 -233.094 0 0 0 0.712325 100 32 1.28929 100 18 0 0 0 -2.42159 100 20 0 0 0 0 0 0 0 0 0 0 0
38700 -235.864 0 0 0 0.418467 100 38 1.2195 100 25 0 0 0 -2.65213 100 20 0 0 0 0 0 0 0 0 0 0 0
38800 -235.163 0 0 0 0.423429 100 31 2.59613 100 34 0 0 0 -2.51699 100 18 0 0 0 0 0 0 0 0 0 0 0
38900 -234.696 0 0 0 1.5461 100 22 1.59859 100 31 0 0 0 -2.66094 100 22 0 0 0 0 0 0 0 0 0 0 0
39000 -234.748 0 0 0 0.45905 100 29 -2.50336 100 29 0 0 0 -2.04933 100 21 0 0 0 0 0 0 0 0 0 0 0
39100 -235.503 0 0 0 1.73317 100 28 3.77985 100 24 0 0 0 -2.82109 100 20 0 0 0 0 0 0 0 0 0 0 0
39200 -233.542 0 0 0 0.928976 100 27 -0.505763 100 27 0 0 0 -2.4555 100 25 0 0 0 0 0 0 0 0 0 0 0
39300 -233.211 0 0 0 1.05477 100 37 2.406 100 32 0 0 0 -2.608 100 19 0 0 0 0 0 0 0 0 0 0 0
39400 -234.14 0 0 0 0.308784 100 22 0.196348 100 39 0 0 0 -2.1238 100 28 0 0 0 0 0 0 0 0 0 0 0
39500 -232.956 0 0 0 0.913132 100 26 1.51868 100 22 0 0 0 -2.51392 100 22 0 0 0 0 0 0 0 0 0 0 0
39600 -233.753 0 0 0 1.11756 100 23 0.112063 100 30 0 0 0 -2.60994 100 28 0 0 0 0 0 0 0 0 0 0 0
39700 -233.501 0 0 0 1.06333 100 38 2.37596 100 28 0 0 0 -2.75754 100 15 0 0 0 0 0 0 0 0 0 0 0
39800 -234.342 0 0 0 0.533575 100 25 -1.34509 100 18 0 0 0 -2.0545 100 18 0 0 0 0 0 0 0 0 0 0 0
39900 -233.505 0 0 0 1.34036 100 27 2.40952 100 26 0 0 0 -2.79787 100 21 0 0 0 0 0 0 0 0 0 0 0
40000 -235.168 0 0 0 0.847765 100 34 -2.46659 100 30 0 0 0 -2.26832 100 20 0 0 0 0 0 0 0 0 0 0 0
40100 -233.943 0 0 0 0.767664 100 28 1.01417 100 25 0 0 0 -2.24346 100 21 0 0 0 0 0 0 0 0 0 0 0
40200 -233.32 0 0 0 0.984082 100 36 0.3644 100 25 0 0 0 -2.38869 100 22 0 0 0 0 0 0 0 0 0 0 0
40300 -233.656 0 0 0 1.04309 100 41 0.0482486 100 27 0 0 0 -2.38102 100 24 0 0 0 0 0 0 0 0 0 0 0
40400 -238.601 0 0 0 1.13454 100 33 -2.1366 100 27 0 0 0 -2.77904 100 20 0 0 0 0 0 0 0 0 0 0 0
40500 -234.281 0 0 0 0.758441 100 31 -0.812867 100 23 0 0 0 -2.52029 100 23 0 0 0 0 0 0 0 0 0 0 0
40600 -233.656 0 0 0 1.02381 100 32 -0.378702 100 25 0 0 0 -2.41666 100 25 0 0 0 0 0 0 0 0 0 0 0
40700 -232.943 0 0 0 0.777026 100 36 0.747892 100 35 0 0 0 -2.40987 100 27 0 0 0 0 0 0 0 0 0 0 0
40800 -234.652 0 0 0 1.54413 100 35 4.43767 100 26 0 0 0 -2.93905 100 21 0 0 0 0 0 0 0 0 0 0 0
40900 -234.189 0 0 0 0.454786 100 37 1.86829 100 28 0 0 0 -2.43909 100 22 0 0 0 0 0 0 0 0 0 0 0
41000 -233.115 0 0 0 1.06008 100 32 1.135 100 26 0 0 0 -2.61521 100 17 0 0 0 0 0 0 0 0 0 0 0
41100 -236.491 0 0 0 0.636739 100 35 -2.58251 100 22 0 0 0 -2.47254 100 19 0 0 0 0 0 0 0 0 0 0 0
41200 -234.934 0 0 0 0.45095 100 39 -1.88297 100 21 0 0 0 -2.35537 100 29 0 0 0 0 0 0 0 0 0 0 0
41300 -234.195 0 0 0 0.753468 100 38 2.62606 100 24 0 0 0 -2.43341 100 23 0 0 0 0 0 0 0 0 0 0 0
41400 -234.657 0 0 0 0.140645 100 28 -1.5101 100 21 0 0 0 -1.98956 100 21 0 0 0 0 0 0 0 0 0 0 0
41500 -234.866 0 0 0 0.711302 100 30 2.29947 100 23 0 0 0 -2.75227 100 25 0 0 0 0 0 0 0 0 0 0 0
41600 -234.007 0 0 0 1.43454 100 34 3.33547 100 24 0 0 0 -2.761 100 22 0 0 0 0 0 0 0 0 0 0 0
41700 -234.075 0 0 0 1.20679 100 33 -0.177719 100 18 0 0 0 -2.5264 100 29 0 0 0 0 0 0 0 0 0 0 0
41800 -234.539 0 0 0 0.687191 100 30 -0.499916 100 21 0 0 0 -2.09217 100 25 0 0 0 0 0 0 0 0 0 0 0
41900 -234.872 0 0 0 0.0532924 100 33 0.0654629 100 28 0 0 0 -2.17859 100 22 0 0 0 0 0 0 0 0 0 0 0
42000 -235.785 0 0 0 1.85345 100 32 2.56436 100 22 0 0 0 -2.86172 100 16 0 0 0 0 0 0 0 0 0 0 0
42100 -233.843 0 0 0 0.904924 100 31 1.02397 100 29 0 0 0 -2.6913 100 22 0 0 0 0 0 0 0 0 0 0 0
42200 -233.108 0 0 0 1.12638 100 34 1.80335 100 26 0 0 0 -2.6616 100 20 0 0 0 0 0 0 0 0 0 0 0
42300 -233.541 0 0 0 1.17941 100 34 0.706464 100 25 0 0 0 -2.65235 100 23 0 0 0 0 0 0 0 0 0 0 0
42400 -233.137 0 0 0 0.980267 100 32 0.720636 100 24 0 0 0 -2.57141 100 23 0 0 0 0 0 0 0 0 0 0 0
42500 -235.025 0 0 0 1.69803 100 32 4.25733 100 28 0 0 0 -3.13157 100 21 0 0 0 0 0 0 0 0 0 0 0
42600 -233.817 0 0 0 0.595156 100 33 -1.54806 100 15 0 0 0 -2.22003 100 14 0 0 0 0 0 0 0 0 0 0 0
42700 -233.764 0 0 0 0.716656 100 28 0.630637 100 27 0 0 0 -2.22065 100 32 0 0 0 0 0 0 0 0 0 0 0
42800 -234.465 0 0 0 0.856092 100 25 -1.811 100 15 0 0 0 -2.28371 100 19 0 0 0 0 0 0 0 0 0 0 0
42900 -233.389 0 0 0 0.684836 100 30 -0.402999 100 21 0 0 0 -2.23213 100 22 0 0 0 0 0 0 0 0 0 0 0
43000 -234.847 0 0 0 1.77296 100 39 3.34768 100 23 0 0 0 -2.94429 100 22 0 0 0 0 0 0 0 0 0 0 0
43100 -232.971 0 0 0 0.925697 100 21 1.61028 100 21 0 0 0 -2.52266 100 18 0 0 0 0 0 0 0 0 0 0 0
43200 -233.956 0 0 0 0.407294 100 35 -1.40133 100 27 0 0 0 -2.24854 100 20 0 0 0 0 0 0 0 0 0 0 0
43300 -234.553 0 0 0 1.34839 100 35 0.875915 100 30 0 0 0 -2.82929 100 20 0 0 0 0 0 0 0 0 0 0 0
43400 -232.978 0 0 0 0.913089 100 33 0.653658 100 32 0 0 0 -2.49439 100 25 0 0 0 0 0 0 0 0 0 0 0
43500 -233.309 0 0 0 0.834859 100 30 1.94077 100 27 0 0 0 -2.60851 100 22 0 0 0 0 0 0 0 0 0 0 0
43600 -234.605 0 0 0 0.623996 100 33 2.92376 100 24 0 0 0 -2.57913 100 26 0 0 0 0 0 0 0 0 0 0 0
43700 -234.375 0 0 0 0.181102 100 28 -1.19105 100 22 0 0 0 -2.03604 100 22 0 0 0 0 0 0 0 0 0 0 0
43800 -233.724 0 0 0 1.34244 100 31 3.08044 100 26 0 0 0 -2.86671 100 23 0 0 0 0 0 0 0 0 0 0 0
43900 -233.396 0 0 0 0.629771 100 35 -0.315921 100 22 0 0 0 -2.40478 100 25 0 0 0 0 0 0 0 0 0 0 0
44000 -234.175 0 0 0 0.867793 100 28 1.48917 100 22 0 0 0 -2.73947 100 28 0 0 0 0 0 0 0 0 0 0 0
44100 -233.888 0 0 0 0.991098 100 32 3.27528 100 24 0 0 0 -2.65327 100 24 0 0 0 0 0 0 0 0 0 0 0
44200 -234.949 0 0 0 0.500949 100 33 1.42455 100 23 0 0 0 -2.16336 100 22 0 0 0 0 0 0 0 0 0 0 0
44300 -233.523 0 0 0 0.451035 100 29 -0.700977 100 27 0 0 0 -2.27023 100 26 0 0 0 0 0 0 0 0 0 0 0
44400 -234.004 0 0 0 0.780553 100 22 2.86864 100 31 0 0 0 -2.6275 100 19 0 0 0 0 0 0 0 0 0 0 0
44500 -233.714 0 0 0 0.897562 100 33 -0.750926 100 23 0 0 0 -2.45395 100 26 0 0 0 0 0 0 0 0 0 0 0
44600 -233.298 0 0 0 1.2376 100 29 2.47443 100 26 0 0 0 -2.6909 100 18 0 0 0 0 0 0 0 0 0 0 0
44700 -234.686 0 0 0 0.147806 100 36 -0.0895165 100 28 0 0 0 -2.06174 100 21 0 0 0 0 0 0 0 0 0 0 0
44800 -236.959 0 0 0 0.857077 100 37 -3.38221 100 27 0 0 0 -2.406 100 26 0 0 0 0 0 0 0 0 0 0 0
44900 -234.409 0 0 0 1.48558 100 41 3.70666 100 30 0 0 0 -3.01711 100 22 0 0 0 0 0 0 0 0 0 0 0
45000 -233.726 0 0 0 1.44929 100 33 2.22405 100 26 0 0 0 -2.77609 100 22 0 0 0 0 0 0 0 0 0 0 0
45100 -234.077 0 0 0 0.961681 100 26 0.817842 100 22 0 0 0 -2.28829 100 27 0 0 0 0 0 0 0 0 0 0 0
45200 -234.154 0 0 0 0.559141 100 36 -0.0386083 100 24 0 0 0 -2.10621 100 19 0 0 0 0 0 0 0 0 0 0 0
45300 -233.951 0 0 0 0.876199 100 33 2.85922 100 32 0 0 0 -2.71681 100 22 0 0 0 0 0 0 0 0 0 0 0
45400 -233.92 0 0 0 1.46674 100 27 2.11507 100 29 0 0 0 -2.70955 100 20 0 0 0 0 0 0 0 0 0 0 0
45500 -233.153 0 0 0 0.9787 100 34 0.333348 100 29 0 0 0 -2.50517 100 16 0 0 0 0 0 0 0 0 0 0 0
45600 -234.4 0 0 0 0.203067 100 30 -1.64367 100 23 0 0 0 -2.03419 100 20 0 0 0 0 0 0 0 0 0 0 0
45700 -233.105 0 0 0 0.909864 100 34 0.511182 100 22 0 0 0 -2.38938 100 19 0 0 0 0 0 0 0 0 0 0 0
45800 -233.684 0 0 0 1.11901 100 27 2.93855 100 19 0 0 0 -2.80206 100 22 0 0 0 0 0 0 0 0 0 0 0
45900 -233.65 0 0 0 0.75465 100 35 1.03415 100 31 0 0 0 -2.27301 100 24 0 0 0 0 0 0 0 0 0 0 0
46000 -233.941 0 0 0 1.29095 100 42 3.20546 100 26 0 0 0 -2.9029 100 22 0 0 0 0 0 0 0 0 0 0 0
46100 -233.15 0 0 0 1.11447 100 35 1.99701 100 24 0 0 0 -2.57679 100 21 0 0 0 0 0 0 0 0 0 0 0
46200 -233.416 0 0 0 0.758733 100 27 2.13168 100 24 0 0 0 -2.49691 100 20 0 0 0 0 0 0 0 0 0 0 0
46300 -234.437 0 0 0 1.24533 100 31 4.02095 100 29 0 0 0 -2.92365 100 22 0 0 0 0 0 0 0 0 0 0 0
46400 -233.672 0 0 0 0.699446 100 28 1.59983 100 29 0 0 0 -2.59812 100 28 0 0 0 0 0 0 0 0 0 0 0
46500 -236.386 0 0 0 1.27386 100 30 5.49437 100 27 0 0 0 -3.04531 100 25 0 0 0 0 0 0 0 0 0 0 0
46600 -235.196 0 0 0 1.4597 100 40 3.11964 100 23 0 0 0 -2.60969 100 22 0 0 0 0 0 0 0 0 0 0 0
46700 -234.085 0 0 0 1.23512 100 32 3.5822 100 26 0 0 0 -2.6974 100 19 0 0 0 0 0 0 0 0 0 0 0
46800 -234.166 0 0 0 1.2367 100 28 2.19855 100 29 0 0 0 -2.89324 100 22 0 0 0 0 0 0 0 0 0 0 0
46900 -233.376 0 0 0 0.575749 100 34 -0.17524 100 22 0 0 0 -2.20981 100 21 0 0 0 0 0 0 0 0 0 0 0
47000 -235.309 0 0 0 1.27451 100 29 4.62501 100 24 0 0 0 -2.77365 100 22 0 0 0 0 0 0 0 0 0 0 0
47100 -234.616 0 0 0 1.35388 100 33 4.2508 100 26 0 0 0 -2.79982 100 29 0 0 0 0 0 0 0 0 0 0 0
47200 -233.931 0 0 0 1.00301 100 35 3.16266 100 22 0 0 0 -2.59188 100 22 0 0 0 0 0 0 0 0 0 0 0
47300 -233.071 0 0 0 1.00597 100 29 1.06751 100 28 0 0 0 -2.5934 100 20 0 0 0 0 0 0 0 0 0 0 0
47400 -233.405 0 0 0 0.72503 100 22 0.480158 100 17 0 0 0 -2.52632 100 22 0 0 0 0 0 0 0 0 0 0 0
47500 -238.214 0 0 0 0.646776 100 34 -4.51545 100 28 0 0 0 -1.95579 100 16 0 0 0 0 0 0 0 0 0 0 0
47600 -237.802 0 0 0 1.42422 100 36 4.89314 100 25 0 0 0 -3.32855 100 26 0 0 0 0 0 0 0 0 0 0 0
47700 -233.629 0 0 0 0.708179 100 30 -1.13547 100 24 0 0 0 -2.25223 100 24 0 0 0 0 0 0 0 0 0 0 0
47800 -233.529 0 0 0 0.677176 100 23 1.80402 100 20 0 0 0 -2.54556 100 16 0 0 0 0 0 0 0 0 0 0 0
47900 -235.524 0 0 0 1.11772 100 30 2.7364 100 30 0 0 0 -2.39738 100 24 0 0 0 0 0 0 0 0 0 0 0
48000 -233.929 0 0 0 1.28828 100 33 1.50123 100 22 0 0 0 -2.5224 100 15 0 0 0 0 0 0 0 0 0 0 0
48100 -234.511 0 0 0 1.27719 100 25 4.00208 100 27 0 0 0 -2.73249 100 16 0 0 0 0 0 0 0 0 0 0 0
48200 -234.358 0 0 0 1.59998 100 26 3.72466 100 24 0 0 0 -2.99663 100 18 0 0 0 0 0 0 0 0 0 0 0
48300 -234.162 0 0 0 0.960827 100 31 0.053763 100 17 0 0 0 -2.25943 100 24 0 0 0 0 0 0 0 0 0 0 0
48400 -235.907 0 0 0 0.372697 100 29 1.9702 100 18 0 0 0 -2.63582 100 20 0 0 0 0 0 0 0 0 0 0 0
48500 -233.209 0 0 0 0.609667 100 42 0.864326 100 18 0 0 0 -2.32835 100 18 0 0 0 0 0 0 0 0 0 0 0
48600 -237.837 0 0 0 1.26796 100 26 -1.87247 100 25 0 0 0 -2.25459 100 25 0 0 0 0 0 0 0 0 0 0 0
48700 -235.303 0 0 0 1.86268 100 35 3.01084 100 33 0 0 0 -2.99281 100 23 0 0 0 0 0 0 0 0 0 0 0
48800 -233.296 0 0 0 1.14773 100 31 1.96513 100 29 0 0 0 -2.55263 100 24 0 0 0 0 0 0 0 0 0 0 0
48900 -234.43 0 0 0 0.890912 100 30 2.83753 100 26 0 0 0 -2.44364 100 29 0 0 0 0 0 0 0 0 0 0 0
49000 -235.447 0 0 0 1.51919 100 27 5.20865 100 29 0 0 0 -3.06022 100 22 0 0 0 0 0 0 0 0 0 0 0
49100 -233.631 0 0 0 0.921485 100 24 2.01424 100 25 0 0 0 -2.71593 100 24 0 0 0 0 0 0 0 0 0 0 0
49200 -235.015 0 0 0 0.604397 100 32 -0.70308 100 24 0 0 0 -2.02212 100 23 0 0 0 0 0 0 0 0 0 0 0
49300 -234.178 0 0 0 0.593807 100 35 -0.699692 100 23 0 0 0 -2.09032 100 20 0 0 0 0 0 0 0 0 0 0 0
49400 -234.124 0 0 0 0.681269 100 34 -0.544794 100 27 0 0 0 -2.12724 100 20 0 0 0 0 0 0 0 0 0 0 0
49500 -236.156 0 0 0 0.312004 100 27 2.46649 100 23 0 0 0 -2.26925 100 18 0 0 0 0 0 0 0 0 0 0 0
49600 -234.331 0 0 0 0.292057 100 32 -1.97704 100 20 0 0 0 -2.0676 100 25 0 0 0 0 0 0 0 0 0 0 0
49700 -233.397 0 0 0 1.25674 100 35 1.47565 100 20 0 0 0 -2.70469 100 19 0 0 0 0 0 0 0 0 0 0 0
49800 -233.485 0 0 0 0.648519 100 34 1.56326 100 28 0 0 0 -2.35953 100 20 0 0 0 0 0 0 0 0 0 0 0
49900 -233.868 0 0 0 0.600882 100 27 -1.28192 100 27 0 0 0 -2.34319 100 17 0 0 0 0 0 0 0 0 0 0 0
50000 -233.646 0 0 0 0.739235 100 37 1.66015 100 26 0 0 0 -2.61879 100 27 0 0 0 0 0 0 0 0 0 0 0
50100 -233.919 0 0 0 0.712697 100 31 -1.45223 100 21 0 0 0 -2.21687 100 21 0 0 0 0 0 0 0 0 0 0 0
50200 -233.302 0 0 0 1.2142 100 24 1.4475 100 28 0 0 0 -2.58155 100 21 0 0 0 0 0 0 0 0 0 0 0
50300 -233.299 0 0 0 0.532531 100 31 0.483223 100 23 0 0 0 -2.27554 100 27 0 0 0 0 0 0 0 0 0 0 0
50400 -234.547 0 0 0 0.723029 100 35 -0.343844 100 27 0 0 0 -2.10852 100 24 0 0 0 0 0 0 0 0 0 0 0
50500 -233.063 0 0 0 1.04819 100 35 0.911788 100 18 0 0 0 -2.55695 100 22 0 0 0 0 0 0 0 0 0 0 0
50600 -234.151 0 0 0 0.595126 100 36 1.47559 100 19 0 0 0 -2.24718 100 21 0 0 0 0 0 0 0 0 0 0 0
50700 -232.942 0 0 0 0.933373 100 26 0.84804 100 14 0 0 0 -2.4884 100 26 0 0 0 0 0 0 0 0 0 0 0
50800 -233.96 0 0 0 1.08643 100 34 -0.0556887 100 24 0 0 0 -2.37121 100 19 0 0 0 0 0 0 0 0 0 0 0
50900 -235.27 0 0 0 0.0932483 100 37 0.0349191 100 30 0 0 0 -2.33432 100 24 0 0 0 0 0 0 0 0 0 0 0
51000 -235.776 0 0 0 1.0046 100 34 -2.33747 100 27 0 0 0 -2.269 100 26 0 0 0 0 0 0 0 0 0 0 0
51100 -235.312 0 0 0 0.126484 100 37 0.0244108 100 24 0 0 0 -1.99852 100 22 0 0 0 0 0 0 0 0 0 0 0
51200 -233.273 0 0 0 1.19155 100 26 1.2114 100 23 0 0 0 -2.57452 100 23 0 0 0 0 0 0 0 0 0 0 0
51300 -233.654 0 0 0 0.437275 100 29 -0.585528 100 18 0 0 0 -2.14029 100 26 0 0 0 0 0 0 0 0 0 0 0
51400 -235.248 0 0 0 0.324342 100 23 -1.09081 100 23 0 0 0 -1.92715 100 19 0 0 0 0 0 0 0 0 0 0 0
51500 -233.78 0 0 0 1.16257 100 26 2.73146 100 33 0 0 0 -2.84072 100 23 0 0 0 0 0 0 0 0 0 0 0
51600 -236.104 0 0 0 0.799299 100 31 -1.93659 100 28 0 0 0 -2.03451 100 26 0 0 0 0 0 0 0 0 0 0 0
51700 -233.346 0 0 0 0.582798 100 33 -0.252865 100 27 0 0 0 -2.21679 100 20 0 0 0 0 0 0 0 0 0 0 0
51800 -234.634 0 0 0 0.723862 100 32 3.23434 100 30 0 0 0 -2.65302 100 24 0 0 0 0 0 0 0 0 0 0 0
51900 -235.028 0 0 0 0.87299 100 28 3.55172 100 22 0 0 0 -2.83202 100 29 0 0 0 0 0 0 0 0 0 0 0
52000 -233.456 0 0 0 0.849101 100 29 1.92659 100 22 0 0 0 -2.65018 100 16 0 0 0 0 0 0 0 0 0 0 0
52100 -235.702 0 0 0 0.473312 100 27 0.818087 100 33 0 0 0 -2.04144 100 20 0 0 0 0 0 0 0 0 0 0 0
52200 -235.707 0 0 0 0.730073 100 31 3.90176 100 26 0 0 0 -2.58303 100 23 0 0 0 0 0 0 0 0 0 0 0
52300 -234.355 0 0 0 0.137128 100 34 -0.993004 100 30 0 0 0 -2.09348 100 20 0 0 0 0 0 0 0 0 0 0 0
52400 -234.329 0 0 0 0.546436 100 34 2.36484 100 30 0 0 0 -2.52811 100 25 0 0 0 0 0 0 0 0 0 0 0
52500 -235.754 0 0 0 0.981924 100 24 -2.53807 100 27 0 0 0 -2.35246 100 22 0 0 0 0 0 0 0 0 0 0 0
52600 -236.618 0 0 0 1.61102 100 38 2.59096 100 23 0 0 0 -2.57075 100 23 0 0 0 0 0 0 0 0 0 0 0
52700 -233.158 0 0 0 0.914057 100 31 0.248967 100 25 0 0 0 -2.50314 100 22 0 0 0 0 0 0 0 0 0 0 0
52800 -233.395 0 0 0 0.994184 100 31 0.999809 100 16 0 0 0 -2.65566 100 28 0 0 0 0 0 0 0 0 0 0 0
52900 -233.583 0 0 0 0.843015 100 32 -0.788263 100 25 0 0 0 -2.40986 100 25 0 0 0 0 0 0 0 0 0 0 0
53000 -234.206 0 0 0 0.215881 100 41 0.00772745 100 18 0 0 0 -2.13646 100 20 0 0 0 0 0 0 0 0 0 0 0
53100 -233.064 0 0 0 0.993095 100 38 1.47104 100 21 0 0 0 -2.619 100 22 0 0 0 0 0 0 0 0 0 0 0
53200 -234.547 0 0 0 0.101736 100 33 -1.35379 100 25 0 0 0 -2.09959 100 19 0 0 0 0 0 0 0 0 0 0 0
53300 -233.702 0 0 0 0.985329 100 40 2.92198 100 22 0 0 0 -2.57963 100 22 0 0 0 0 0 0 0 0 0 0 0
53400 -233.659 0 0 0 0.461919 100 29 0.933101 100 20 0 0 0 -2.26812 100 18 0 0 0 0 0 0 0 0 0 0 0
53500 -235.464 0 0 0 1.50212 100 32 4.97146 100 35 0 0 0 -2.89313 100 34 0 0 0 0 0 0 0 0 0 0 0
53600 -235.298 0 0 0 0.270754 100 29 0.431177 100 31 0 0 0 -2.02348 100 26 0 0 0 0 0 0 0 0 0 0 0
53700 -233.582 0 0 0 1.24161 100 31 1.60985 100 20 0 0 0 -2.77056 100 26 0 0 0 0 0 0 0 0 0 0 0
53800 -234.091 0 0 0 1.55635 100 39 2.91647 100 21 0 0 0 -2.81169 100 16 0 0 0 0 0 0 0 0 0 0 0
53900 -233.224 0 0 0 1.10653 100 31 0.761044 100 29 0 0 0 -2.51834 100 19 0 0 0 0 0 0 0 0 0 0 0
54000 -233.245 0 0 0 0.775708 100 32 1.00079 100 26 0 0 0 -2.33236 100 28 0 0 0 0 0 0 0 0 0 0 0
54100 -235.158 0 0 0 0.445027 100 31 -0.607549 100 29 0 0 0 -2.50667 100 22 0 0 0 0 0 0 0 0 0 0 0
54200 -233.831 0 0 0 0.406981 100 32 0.252201 100 29 0 0 0 -2.39025 100 22 0 0 0 0 0 0 0 0 0 0 0
54300 -233.282 0 0 0 0.970018 100 39 0.578859 100 24 0 0 0 -2.38432 100 21 0 0 0 0 0 0 0 0 0 0 0
54400 -233.219 0 0 0 0.824099 100 31 -0.162436 100 23 0 0 0 -2.33286 100 20 0 0 0 0 0 0 0 0 0 0 0
54500 -239.488 0 0 0 1.15679 100 39 -0.485037 100 27 0 0 0 -3.0167 100 27 0 0 0 0 0 0 0 0 0 0 0
54600 -233.056 0 0 0 0.691607 100 31 0.423198 100 21 0 0 0 -2.32751 100 28 0 0 0 0 0 0 0 0 0 0 0
54700 -233.459 0 0 0 1.09568 100 41 0.19686 100 25 0 0 0 -2.53955 100 22 0 0 0 0 0 0 0 0 0 0 0
54800 -234.004 0 0 0 1.28076 100 33 0.313894 100 24 0 0 0 -2.56582 100 24 0 0 0 0 0 0 0 0 0 0 0
54900 -234.728 0 0 0 0.550012 100 33 1.94202 100 32 0 0 0 -2.6374 100 25 0 0 0 0 0 0 0 0 0 0 0
55000 -235.224 0 0 0 0.313513 100 29 -1.59585 100 20 0 0 0 -1.91583 100 23 0 0 0 0 0 0 0 0 0 0 0
55100 -233.291 0 0 0 0.765672 100 28 0.227372 100 20 0 0 0 -2.50021 100 17 0 0 0 0 0 0 0 0 0 0 0
55200 -233.934 0 0 0 0.404586 100 34 -0.325624 100 24 0 0 0 -2.37162 100 23 0 0 0 0 0 0 0 0 0 0 0
55300 -233.873 0 0 0 1.33739 100 26 0.809147 100 28 0 0 0 -2.65074 100 26 0 0 0 0 0 0 0 0 0 0 0
55400 -234.282 0 0 0 0.858671 100 33 0.0931486 100 32 0 0 0 -2.19781 100 23 0 0 0 0 0 0 0 0 0 0 0
55500 -238.606 0 0 0 -0.149756 100 24 -2.92432 100 27 0 0 0 -1.61904 100 22 0 0 0 0 0 0 0 0 0 0 0
55600 -235.374 0 0 0 0.416913 100 37 0.502599 100 31 0 0 0 -2.02784 100 16 0 0 0 0 0 0 0 0 0 0 0
55700 -236.04 0 0 0 0.10252 100 21 0.240387 100 21 0 0 0 -2.43415 100 24 0 0 0 0 0 0 0 0 0 0 0
55800 -235.691 0 0 0 1.58613 100 26 0.631181 100 29 0 0 0 -2.62161 100 18 0 0 0 0 0 0 0 0 0 0 0
55900 -237.862 0 0 0 2.23488 100 30 4.9432 100 30 0 0 0 -3.49532 100 22 0 0 0 0 0 0 0 0 0 0 0
56000 -234.535 0 0 0 0.728564 100 21 -1.36756 100 28 0 0 0 -2.11467 100 19 0 0 0 0 0 0 0 0 0 0 0
56100 -233.657 0 0 0 1.02897 100 35 -0.20062 100 29 0 0 0 -2.38848 100 19 0 0 0 0 0 0 0 0 0 0 0
56200 -233.733 0 0 0 1.12293 100 38 -0.0985571 100 25 0 0 0 -2.47912 100 15 0 0 0 0 0 0 0 0 0 0 0
56300 -234.457 0 0 0 1.12567 100 44 3.85295 100 25 0 0 0 -2.87995 100 22 0 0 0 0 0 0 0 0 0 0 0
56400 -233.47 0 0 0 1.11219 100 35 2.8926 100 22 0 0 0 -2.73984 100 20 0 0 0 0 0 0 0 0 0 0 0
56500 -233.137 0 0 0 0.750332 100 29 1.45291 100 27 0 0 0 -2.41611 100 23 0 0 0 0 0 0 0 0 0 0 0
56600 -233.303 0 0 0 1.27427 100 33 1.91098 100 25 0 0 0 -2.68668 100 30 0 0 0 0 0 0 0 0 0 0 0
56700 -233.253 0 0 0 0.712221 100 30 1.61941 100 22 0 0 0 -2.50554 100 16 0 0 0 0 0 0 0 0 0 0 0
56800 -233.406 0 0 0 0.988164 100 35 1.28003 100 28 0 0 0 -2.67726 100 22 0 0 0 0 0 0 0 0 0 0 0
56900 -233.893 0 0 0 1.0765 100 28 1.68534 100 24 0 0 0 -2.79218 100 28 0 0 0 0 0 0 0 0 0 0 0
57000 -234.09 0 0 0 1.1899 100 38 0.030866 100 24 0 0 0 -2.44424 100 20 0 0 0 0 0 0 0 0 0 0 0
57100 -233.851 0 0 0 0.868348 100 33 1.08154 100 33 0 0 0 -2.68311 100 20 0 0 0 0 0 0 0 0 0 0 0
57200 -235.461 0 0 0 1.19223 100 31 -0.874182 100 26 0 0 0 -2.32556 100 23 0 0 0 0 0 0 0 0 0 0 0
57300 -234.189 0 0 0 0.320587 100 31 -0.473745 100 31 0 0 0 -2.06068 100 22 0 0 0 0 0 0 0 0 0 0 0
57400 -235.238 0 0 0 0.204374 100 31 -1.10575 100 19 0 0 0 -1.91756 100 21 0 0 0 0 0 0 0 0 0 0 0
57500 -233.881 0 0 0 0.835347 100 28 2.45096 100 29 0 0 0 -2.43947 100 22 0 0 0 0 0 0 0 0 0 0 0
57600 -233.459 0 0 0 0.982319 100 28 0.559168 100 28 0 0 0 -2.36107 100 20 0 0 0 0 0 0 0 0 0 0 0
57700 -233.644 0 0 0 1.25019 100 31 1.92856 100 17 0 0 0 -2.55276 100 23 0 0 0 0 0 0 0 0 0 0 0
57800 -233.498 0 0 0 0.399748 100 31 -0.0776864 100 22 0 0 0 -2.24577 100 15 0 0 0 0 0 0 0 0 0 0 0
57900 -233.144 0 0 0 1.10324 100 32 1.68783 100 23 0 0 0 -2.54 100 18 0 0 0 0 0 0 0 0 0 0 0
58000 -233.447 0 0 0 0.551039 100 32 -0.873993 100 23 0 0 0 -2.2196 100 22 0 0 0 0 0 0 0 0 0 0 0
58100 -233.244 0 0 0 0.517064 100 36 0.10999 100 29 0 0 0 -2.30177 100 23 0 0 0 0 0 0 0 0 0 0 0
58200 -235.443 0 0 0 1.59389 100 32 1.28238 100 20 0 0 0 -2.62466 100 25 0 0 0 0 0 0 0 0 0 0 0
58300 -233.417 0 0 0 0.525452 100 29 0.717412 100 27 0 0 0 -2.41203 100 26 0 0 0 0 0 0 0 0 0 0 0
58400 -233.167 0 0 0 0.585357 100 34 0.704174 100 21 0 0 0 -2.36646 100 14 0 0 0 0 0 0 0 0 0 0 0
58500 -233.857 0 0 0 0.28629 100 39 -0.257361 100 25 0 0 0 -2.16082 100 23 0 0 0 0 0 0 0 0 0 0 0
58600 -233.028 0 0 0 0.67987 100 30 0.237145 100 22 0 0 0 -2.36026 100 20 0 0 0 0 0 0 0 0 0 0 0
58700 -233.294 0 0 0 0.736514 100 31 0.312645 100 14 0 0 0 -2.27201 100 22 0 0 0 0 0 0 0 0 0 0 0
58800 -234.365 0 0 0 1.64508 100 34 2.81639 100 29 0 0 0 -2.93784 100 21 0 0 0 0 0 0 0 0 0 0 0
58900 -235.55 0 0 0 0.16503 100 30 -0.642221 100 24 0 0 0 -2.38658 100 17 0 0 0 0 0 0 0 0 0 0 0
59000 -233.534 0 0 0 1.35078 100 37 2.75735 100 23 0 0 0 -2.80546 100 23 0 0 0 0 0 0 0 0 0 0 0
59100 -233.206 0 0 0 0.923543 100 32 1.22985 100 32 0 0 0 -2.61952 100 21 0 0 0 0 0 0 0 0 0 0 0
59200 -233.567 0 0 0 1.02428 100 33 -0.288159 100 20 0 0 0 -2.44298 100 20 0 0 0 0 0 0 0 0 0 0 0
59300 -235.803 0 0 0 0.607621 100 30 3.45841 100 25 0 0 0 -2.46611 100 22 0 0 0 0 0 0 0 0 0 0 0
59400 -234.433 0 0 0 1.25833 100 35 3.96469 100 23 0 0 0 -2.73304 100 18 0 0 0 0 0 0 0 0 0 0 0
59500 -233.48 0 0 0 0.898206 100 29 -0.392744 100 29 0 0 0 -2.47327 100 23 0 0 0 0 0 0 0 0 0 0 0
59600 -232.98 0 0 0 1.00252 100 35 1.0299 100 28 0 0 0 -2.50673 100 28 0 0 0 0 0 0 0 0 0 0 0
59700 -234.214 0 0 0 1.56102 100 32 1.99182 100 19 0 0 0 -2.83402 100 15 0 0 0 0 0 0 0 0 0 0 0
59800 -235.459 0 0 0 0.847216 100 30 1.40822 100 23 0 0 0 -2.18764 100 27 0 0 0 0 0 0 0 0 0 0 0
59900 -237.013 0 0 0 1.424 100 28 -1.66666 100 29 0 0 0 -2.59634 100 23 0 0 0 0 0 0 0 0 0 0 0
60000 -233.226 0 0 0 1.10662 100 45 1.08973 100 32 0 0 0 -2.64048 100 24 0 0 0 0 0 0 0 0 0 0 0
60100 -234.462 0 0 0 0.776699 100 29 3.10233 100 24 0 0 0 -2.70635 100 24 0 0 0 0 0 0 0 0 0 0 0
60200 -235.086 0 0 0 1.13889 100 38 3.72598 100 27 0 0 0 -2.98592 100 24 0 0 0 0 0 0 0 0 0 0 0
60300 -234.55 0 0 0 1.23276 100 34 2.67205 100 27 0 0 0 -2.5057 100 29 0 0 0 0 0 0 0 0 0 0 0
60400 -233.691 0 0 0 0.759803 100 29 0.746497 100 27 0 0 0 -2.24772 100 20 0 0 0 0 0 0 0 0 0 0 0
60500 -234.311 0 0 0 0.225894 100 37 -0.712417 100 18 0 0 0 -2.04582 100 21 0 0 0 0 0 0 0 0 0 0 0
60600 -234.217 0 0 0 1.4892 100 32 3.30078 100 26 0 0 0 -2.98245 100 26 0 0 0 0 0 0 0 0 0 0 0
60700 -234.783 0 0 0 0.958807 100 33 0.0430248 100 18 0 0 0 -2.20509 100 21 0 0 0 0 0 0 0 0 0 0 0
60800 -233.174 0 0 0 0.600657 100 30 0.494614 100 20 0 0 0 -2.2985 100 26 0 0 0 0 0 0 0 0 0 0 0
60900 -233.49 0 0 0 0.627087 100 33 -0.20149 100 16 0 0 0 -2.19597 100 23 0 0 0 0 0 0 0 0 0 0 0
61000 -233.996 0 0 0 0.604654 100 34 1.0684 100 26 0 0 0 -2.57581 100 21 0 0 0 0 0 0 0 0 0 0 0
61100 -234.975 0 0 0 0.606277 100 31 -0.933068 100 23 0 0 0 -2.52835 100 23 0 0 0 0 0 0 0 0 0 0 0
61200 -236.114 0 0 0 -0.0869154 100 31 0.0020388 100 30 0 0 0 -1.98338 100 23 0 0 0 0 0 0 0 0 0 0 0
61300 -235.955 0 0 0 -0.0715087 100 33 0.662459 100 23 0 0 0 -2.1915 100 25 0 0 0 0 0 0 0 0 0 0 0
61400 -233.96 0 0 0 0.485348 100 30 1.03965 100 22 0 0 0 -2.21885 100 19 0 0 0 0 0 0 0 0 0 0 0
61500 -233.539 0 0 0 1.13877 100 34 0.921415 100 26 0 0 0 -2.68965 100 27 0 0 0 0 0 0 0 0 0 0 0
61600 -235.954 0 0 0 1.92443 100 33 5.279 100 29 0 0 0 -3.23562 100 17 0 0 0 0 0 0 0 0 0 0 0
61700 -236.769 0 0 0 1.28718 100 32 2.91298 100 28 0 0 0 -3.15483 100 20 0 0 0 0 0 0 0 0 0 0 0
61800 -235.571 0 0 0 0.101528 100 30 1.43214 100 12 0 0 0 -2.30184 100 23 0 0 0 0 0 0 0 0 0 0 0
61900 -233.454 0 0 0 0.75266 100 34 -0.811139 100 28 0 0 0 -2.35912 100 26 0 0 0 0 0 0 0 0 0 0 0
62000 -235.277 0 0 0 0.212159 100 23 0.832578 100 27 0 0 0 -2.08318 100 16 0 0 0 0 0 0 0 0 0 0 0
62100 -234.862 0 0 0 1.05003 100 33 -0.237106 100 25 0 0 0 -2.71022 100 16 0 0 0 0 0 0 0 0 0 0 0
62200 -233.118 0 0 0 1.00884 100 32 0.504294 100 32 0 0 0 -2.51022 100 26 0 0 0 0 0 0 0 0 0 0 0
62300 -233.203 0 0 0 0.772356 100 27 -0.310558 100 27 0 0 0 -2.32621 100 16 0 0 0 0 0 0 0 0 0 0 0
62400 -233.71 0 0 0 0.517308 100 31 0.309946 100 21 0 0 0 -2.17437 100 25 0 0 0 0 0 0 0 0 0 0 0
62500 -233.979 0 0 0 1.04551 100 34 3.48007 100 29 0 0 0 -2.74471 100 21 0 0 0 0 0 0 0 0 0 0 0
62600 -235.392 0 0 0 0.828379 100 21 -2.6946 100 22 0 0 0 -2.28354 100 24 0 0 0 0 0 0 0 0 0 0 0
62700 -235.833 0 0 0 1.3001 100 29 3.76678 100 22 0 0 0 -2.56633 100 27 0 0 0 0 0 0 0 0 0 0 0
62800 -235.862 0 0 0 0.466415 100 30 -0.0175076 100 25 0 0 0 -1.96488 100 21 0 0 0 0 0 0 0 0 0 0 0
62900 -235.492 0 0 0 1.44349 100 24 -0.333719 100 31 0 0 0 -2.57812 100 22 0 0 0 0 0 0 0 0 0 0 0
63000 -234.43 0 0 0 1.04533 100 32 -1.2187 100 27 0 0 0 -2.43828 100 18 0 0 0 0 0 0 0 0 0 0 0
63100 -234.5 0 0 0 0.150942 100 36 -1.32068 100 34 0 0 0 -2.17234 100 19 0 0 0 0 0 0 0 0 0 0 0
63200 -233.404 0 0 0 0.629337 100 32 1.62204 100 20 0 0 0 -2.43271 100 26 0 0 0 0 0 0 0 0 0 0 0
63300 -233.32 0 0 0 0.818831 100 30 -0.294635 100 24 0 0 0 -2.44694 100 25 0 0 0 0 0 0 0 0 0 0 0
63400 -235.241 0 0 0 1.1189 100 35 4.148 100 22 0 0 0 -2.64337 100 20 0 0 0 0 0 0 0 0 0 0 0
63500 -233.134 0 0 0 0.679503 100 30 0.615762 100 23 0 0 0 -2.3126 100 25 0 0 0 0 0 0 0 0 0 0 0
63600 -233.619 0 0 0 0.900455 100 33 2.33197 100 24 0 0 0 -2.7017 100 20 0 0 0 0 0 0 0 0 0 0 0
63700 -235.973 0 0 0 -0.114654 100 36 -2.17376 100 34 0 0 0 -1.85921 100 18 0 0 0 0 0 0 0 0 0 0 0
63800 -235.976 0 0 0 1.56848 100 32 5.27168 100 25 0 0 0 -2.91842 100 25 0 0 0 0 0 0 0 0 0 0 0
63900 -234.2 0 0 0 0.526792 100 32 1.62622 100 23 0 0 0 -2.55554 100 21 0 0 0 0 0 0 0 0 0 0 0
64000 -234.04 0 0 0 0.609156 100 40 -1.74069 100 20 0 0 0 -2.27768 100 18 0 0 0 0 0 0 0 0 0 0 0
64100 -234.002 0 0 0 0.569248 100 32 -1.46471 100 21 0 0 0 -2.12203 100 19 0 0 0 0 0 0 0 0 0 0 0
64200 -233.152 0 0 0 0.951894 100 31 2.10334 100 22 0 0 0 -2.53743 100 24 0 0 0 0 0 0 0 0 0 0 0
64300 -233.798 0 0 0 1.3986 100 24 3.37167 100 16 0 0 0 -2.85626 100 20 0 0 0 0 0 0 0 0 0 0 0
64400 -233.714 0 0 0 0.717176 100 32 0.694899 100 16 0 0 0 -2.2307 100 23 0 0 0 0 0 0 0 0 0 0 0
64500 -234.103 0 0 0 0.320298 100 25 -1.19381 100 28 0 0 0 -2.25441 100 21 0 0 0 0 0 0 0 0 0 0 0
64600 -234.116 0 0 0 0.749072 100 31 0.351009 100 24 0 0 0 -2.61544 100 31 0 0 0 0 0 0 0 0 0 0 0
64700 -234.635 0 0 0 0.508439 100 35 1.71745 100 29 0 0 0 -2.23456 100 19 0 0 0 0 0 0 0 0 0 0 0
64800 -239.91 0 0 0 1.72008 100 25 0.574278 100 26 0 0 0 -3.23871 100 23 0 0 0 0 0 0 0 0 0 0 0
64900 -234.031 0 0 0 0.602593 100 41 1.04909 100 36 0 0 0 -2.20924 100 23 0 0 0 0 0 0 0 0 0 0 0
65000 -233.566 0 0 0 0.652564 100 36 1.38453 100 23 0 0 0 -2.3125 100 18 0 0 0 0 0 0 0 0 0 0 0
65100 -234.872 0 0 0 0.5977 100 31 1.75826 100 24 0 0 0 -2.68232 100 22 0 0 0 0 0 0 0 0 0 0 0
65200 -234.254 0 0 0 0.703649 100 33 2.20015 100 21 0 0 0 -2.67876 100 19 0 0 0 0 0 0 0 0 0 0 0
65300 -236.714 0 0 0 0.00924101 100 37 -2.51085 100 28 0 0 0 -1.75635 100 24 0 0 0 0 0 0 0 0 0 0 0
65400 -234.122 0 0 0 0.610075 100 25 -0.483402 100 24 0 0 0 -2.10495 100 19 0 0 0 0 0 0 0 0 0 0 0
65500 -233.684 0 0 0 0.786563 100 30 2.58239 100 28 0 0 0 -2.55148 100 21 0 0 0 0 0 0 0 0 0 0 0
65600 -233.605 0 0 0 0.570937 100 36 0.0724469 100 26 0 0 0 -2.45108 100 25 0 0 0 0 0 0 0 0 0 0 0
65700 -234.627 0 0 0 0.645005 100 31 3.03047 100 27 0 0 0 -2.56365 100 31 0 0 0 0 0 0 0 0 0 0 0
65800 -234.403 0 0 0 1.56458 100 30 2.60112 100 17 0 0 0 -2.97296 100 20 0 0 0 0 0 0 0 0 0 0 0
65900 -235.365 0 0 0 -0.0129717 100 24 -2.21246 100 31 0 0 0 -1.9302 100 28 0 0 0 0 0 0 0 0 0 0 0
66000 -233.372 0 0 0 0.754848 100 31 1.34659 100 28 0 0 0 -2.57812 100 22 0 0 0 0 0 0 0 0 0 0 0
66100 -234.545 0 0 0 1.2329 100 30 -0.199995 100 24 0 0 0 -2.67474 100 21 0 0 0 0 0 0 0 0 0 0 0
66200 -233.774 0 0 0 0.657755 100 31 -1.44468 100 32 0 0 0 -2.25962 100 18 0 0 0 0 0 0 0 0 0 0 0
66300 -236.187 0 0 0 1.22837 100 21 -1.70993 100 30 0 0 0 -2.6071 100 21 0 0 0 0 0 0 0 0 0 0 0
66400 -233.651 0 0 0 0.965666 100 36 -0.270106 100 26 0 0 0 -2.5365 100 16 0 0 0 0 0 0 0 0 0 0 0
66500 -234.044 0 0 0 1.1752 100 29 1.02137 100 21 0 0 0 -2.41647 100 16 0 0 0 0 0 0 0 0 0 0 0
66600 -233.123 0 0 0 0.987482 100 31 2.05726 100 20 0 0 0 -2.63443 100 15 0 0 0 0 0 0 0 0 0 0 0
66700 -233.029 0 0 0 0.99013 100 29 1.74653 100 19 0 0 0 -2.52579 100 22 0 0 0 0 0 0 0 0 0 0 0
66800 -233.359 0 0 0 0.468957 100 37 0.0324143 100 13 0 0 0 -2.24725 100 19 0 0 0 0 0 0 0 0 0 0 0
66900 -235.513 0 0 0 1.13639 100 28 4.72243 100 32 0 0 0 -2.78577 100 19 0 0 0 0 0 0 0 0 0 0 0
67000 -234.986 0 0 0 0.481561 100 28 1.30734 100 22 0 0 0 -2.1452 100 22 0 0 0 0 0 0 0 0 0 0 0
67100 -233.433 0 0 0 0.893381 100 34 2.36655 100 29 0 0 0 -2.65341 100 22 0 0 0 0 0 0 0 0 0 0 0
67200 -233.322 0 0 0 1.23692 100 30 2.22255 100 24 0 0 0 -2.63566 100 23 0 0 0 0 0 0 0 0 0 0 0
67300 -237.804 0 0 0 -0.485336 100 33 -2.31419 100 30 0 0 0 -1.87215 100 27 0 0 0 0 0 0 0 0 0 0 0
67400 -234.422 0 0 0 1.16923 100 31 3.21839 100 32 0 0 0 -2.93049 100 29 0 0 0 0 0 0 0 0 0 0 0
67500 -236.382 0 0 0 0.82085 100 19 0.0290104 100 17 0 0 0 -2.04625 100 15 0 0 0 0 0 0 0 0 0 0 0
67600 -234.416 0 0 0 0.58644 100 38 0.124497 100 20 0 0 0 -2.56036 100 26 0 0 0 0 0 0 0 0 0 0 0
67700 -233.199 0 0 0 0.851851 100 27 1.97638 100 25 0 0 0 -2.49295 100 21 0 0 0 0 0 0 0 0 0 0 0
67800 -233.593 0 0 0 0.800993 100 26 0.687141 100 31 0 0 0 -2.2676 100 22 0 0 0 0 0 0 0 0 0 0 0
67900 -233.971 0 0 0 0.278132 100 32 -1.02827 100 16 0 0 0 -2.19843 100 26 0 0 0 0 0 0 0 0 0 0 0
68000 -234.609 0 0 0 0.959183 100 32 -0.678229 100 22 0 0 0 -2.61511 100 23 0 0 0 0 0 0 0 0 0 0 0
68100 -233.981 0 0 0 0.559275 100 22 -1.58165 100 31 0 0 0 -2.29251 100 22 0 0 0 0 0 0 0 0 0 0 0
68200 -233.841 0 0 0 0.778815 100 27 0.144531 100 31 0 0 0 -2.20809 100 13 0 0 0 0 0 0 0 0 0 0 0
68300 -235.726 0 0 0 0.266725 100 31 0.407383 100 26 0 0 0 -1.98812 100 13 0 0 0 0 0 0 0 0 0 0 0
68400 -233.088 0 0 0 0.987714 100 32 1.72828 100 22 0 0 0 -2.50006 100 18 0 0 0 0 0 0 0 0 0 0 0
68500 -233.956 0 0 0 0.315028 100 32 -0.628044 100 20 0 0 0 -2.09417 100 20 0 0 0 0 0 0 0 0 0 0 0
68600 -236.055 0 0 0 0.929772 100 33 -0.513443 100 22 0 0 0 -2.75348 100 23 0 0 0 0 0 0 0 0 0 0 0
68700 -234.714 0 0 0 1.39457 100 28 1.93176 100 26 0 0 0 -2.52971 100 11 0 0 0 0 0 0 0 0 0 0 0
68800 -233.849 0 0 0 0.367509 100 36 0.276282 100 19 0 0 0 -2.16806 100 27 0 0 0 0 0 0 0 0 0 0 0
68900 -234.199 0 0 0 0.49008 100 20 -0.923178 100 35 0 0 0 -2.4002 100 20 0 0 0 0 0 0 0 0 0 0 0
69000 -233.049 0 0 0 1.05948 100 23 1.73083 100 24 0 0 0 -2.63302 100 25 0 0 0 0 0 0 0 0 0 0 0
69100 -233.426 0 0 0 1.15421 100 31 0.894056 100 15 0 0 0 -2.66016 100 15 0 0 0 0 0 0 0 0 0 0 0
69200 -233.816 0 0 0 0.443568 100 30 -0.804586 100 22 0 0 0 -2.32998 100 22 0 0 0 0 0 0 0 0 0 0 0
69300 -235.095 0 0 0 0.598708 100 36 2.96106 100 32 0 0 0 -2.4237 100 25 0 0 0 0 0 0 0 0 0 0 0
69400 -234.96 0 0 0 1.46846 100 27 4.79077 100 32 0 0 0 -2.95281 100 19 0 0 0 0 0 0 0 0 0 0 0
69500 -233.064 0 0 0 0.834062 100 25 0.25843 100 30 0 0 0 -2.36592 100 27 0 0 0 0 0 0 0 0 0 0 0
69600 -236.313 0 0 0 1.39036 100 39 -0.779169 100 28 0 0 0 -2.4301 100 17 0 0 0 0 0 0 0 0 0 0 0
69700 -233.954 0 0 0 0.504435 100 37 1.70557 100 18 0 0 0 -2.34231 100 15 0 0 0 0 0 0 0 0 0 0 0
69800 -234.063 0 0 0 1.13707 100 37 3.57309 100 21 0 0 0 -2.68395 100 23 0 0 0 0 0 0 0 0 0 0 0
69900 -234.533 0 0 0 0.491719 100 32 0.898413 100 26 0 0 0 -2.13731 100 19 0 0 0 0 0 0 0 0 0 0 0
70000 -233.933 0 0 0 0.758711 100 32 1.21168 100 28 0 0 0 -2.65377 100 26 0 0 0 0 0 0 0 0 0 0 0
70100 -233.482 0 0 0 1.06105 100 31 2.25467 100 19 0 0 0 -2.75273 100 21 0 0 0 0 0 0 0 0 0 0 0
70200 -234.249 0 0 0 1.32904 100 34 1.94138 100 19 0 0 0 -2.53063 100 9 0 0 0 0 0 0 0 0 0 0 0
70300 -236.086 0 0 0 0.00566897 100 33 -3.01564 100 33 0 0 0 -2.09207 100 19 0 0 0 0 0 0 0 0 0 0 0
70400 -234.314 0 0 0 0.454712 100 40 -1.1612 100 24 0 0 0 -2.37157 100 18 0 0 0 0 0 0 0 0 0 0 0
70500 -233.064 0 0 0 1.12107 100 28 1.73016 100 29 0 0 0 -2.62648 100 23 0 0 0 0 0 0 0 0 0 0 0
70600 -233.8 0 0 0 1.08706 100 25 2.81014 100 32 0 0 0 -2.55128 100 28 0 0 0 0 0 0 0 0 0 0 0
70700 -238.51 0 0 0 -0.349701 100 43 0.345378 100 31 0 0 0 -1.91624 100 24 0 0 0 0 0 0 0 0 0 0 0
70800 -233.29 0 0 0 0.986152 100 28 2.03505 100 32 0 0 0 -2.68482 100 18 0 0 0 0 0 0 0 0 0 0 0
70900 -233.665 0 0 0 0.898524 100 31 2.68687 100 16 0 0 0 -2.6857 100 16 0 0 0 0 0 0 0 0 0 0 0
71000 -234.308 0 0 0 0.698375 100 30 2.89942 100 27 0 0 0 -2.52338 100 22 0 0 0 0 0 0 0 0 0 0 0
71100 -238.752 0 0 0 -0.258439 100 38 -1.43506 100 23 0 0 0 -2.32087 100 22 0 0 0 0 0 0 0 0 0 0 0
71200 -234.502 0 0 0 1.06713 100 39 3.68058 100 16 0 0 0 -2.62465 100 20 0 0 0 0 0 0 0 0 0 0 0
71300 -235.696 0 0 0 0.219582 100 26 1.17588 100 22 0 0 0 -2.09083 100 18 0 0 0 0 0 0 0 0 0 0 0
71400 -234.307 0 0 0 1.28405 100 35 1.30922 100 28 0 0 0 -2.84798 100 27 0 0 0 0 0 0 0 0 0 0 0
71500 -233.491 0 0 0 1.32032 100 31 2.52048 100 16 0 0 0 -2.80174 100 22 0 0 0 0 0 0 0 0 0 0 0
71600 -236.986 0 0 0 -0.0664708 100 30 -1.23681 100 20 0 0 0 -1.78281 100 20 0 0 0 0 0 0 0 0 0 0 0
71700 -233.786 0 0 0 0.904172 100 29 1.91582 100 25 0 0 0 -2.72727 100 22 0 0 0 0 0 0 0 0 0 0 0
71800 -233.85 0 0 0 0.985186 100 33 1.10413 100 22 0 0 0 -2.72282 100 28 0 0 0 0 0 0 0 0 0 0 0
71900 -234.006 0 0 0 0.329419 100 31 -0.881512 100 30 0 0 0 -2.0748 100 24 0 0 0 0 0 0 0 0 0 0 0
72000 -236.127 0 0 0 1.7397 100 34 0.791387 100 25 0 0 0 -2.80419 100 23 0 0 0 0 0 0 0 0 0 0 0
72100 -233.291 0 0 0 1.16539 100 32 2.03429 100 26 0 0 0 -2.57144 100 18 0 0 0 0 0 0 0 0 0 0 0
72200 -235.458 0 0 0 0.780689 100 33 0.869778 100 23 0 0 0 -2.12659 100 26 0 0 0 0 0 0 0 0 0 0 0
72300 -234.885 0 0 0 1.79266 100 28 3.43859 100 30 0 0 0 -2.9847 100 30 0 0 0 0 0 0 0 0 0 0 0
72400 -235.062 0 0 0 0.908772 100 35 2.13392 100 23 0 0 0 -2.29848 100 29 0 0 0 0 0 0 0 0 0 0 0
72500 -235.899 0 0 0 1.9221 100 32 4.33643 100 22 0 0 0 -3.25692 100 20 0 0 0 0 0 0 0 0 0 0 0
72600 -233.592 0 0 0 1.02054 100 33 2.25506 100 31 0 0 0 -2.48001 100 33 0 0 0 0 0 0 0 0 0 0 0
72700 -234.046 0 0 0 1.01002 100 31 3.4796 100 24 0 0 0 -2.68513 100 21 0 0 0 0 0 0 0 0 0 0 0
72800 -233.887 0 0 0 0.777763 100 34 -1.35787 100 21 0 0 0 -2.34643 100 27 0 0 0 0 0 0 0 0 0 0 0
72900 -235.415 0 0 0 0.478676 100 32 -0.87938 100 18 0 0 0 -2.52002 100 20 0 0 0 0 0 0 0 0 0 0 0
73000 -235.802 0 0 0 0.232643 100 31 2.13111 100 19 0 0 0 -2.27868 100 24 0 0 0 0 0 0 0 0 0 0 0
73100 -235.563 0 0 0 1.38494 100 24 3.93222 100 21 0 0 0 -2.64024 100 23 0 0 0 0 0 0 0 0 0 0 0
73200 -234.215 0 0 0 1.30656 100 36 0.239794 100 22 0 0 0 -2.55101 100 27 0 0 0 0 0 0 0 0 0 0 0
73300 -232.972 0 0 0 0.844141 100 40 0.421475 100 23 0 0 0 -2.42113 100 18 0 0 0 0 0 0 0 0 0 0 0
73400 -233.804 0 0 0 0.405763 100 34 0.460877 100 21 0 0 0 -2.18635 100 20 0 0 0 0 0 0 0 0 0 0 0
73500 -233.962 0 0 0 0.556751 100 30 1.54623 100 15 0 0 0 -2.28545 100 18 0 0 0 0 0 0 0 0 0 0 0
73600 -234.268 0 0 0 0.435495 100 38 -0.41362 100 24 0 0 0 -2.42895 100 17 0 0 0 0 0 0 0 0 0 0 0
73700 -233.996 0 0 0 0.47737 100 33 1.70563 100 25 0 0 0 -2.35562 100 21 0 0 0 0 0 0 0 0 0 0 0
73800 -233.137 0 0 0 0.711826 100 27 -0.232705 100 26 0 0 0 -2.32152 100 27 0 0 0 0 0 0 0 0 0 0 0
73900 -233.491 0 0 0 1.17444 100 28 0.710146 100 22 0 0 0 -2.64005 100 15 0 0 0 0 0 0 0 0 0 0 0
74000 -233.183 0 0 0 0.586225 100 35 -0.157366 100 26 0 0 0 -2.27994 100 17 0 0 0 0 0 0 0 0 0 0 0
74100 -233.752 0 0 0 0.388102 100 37 0.450338 100 25 0 0 0 -2.20366 100 13 0 0 0 0 0 0 0 0 0 0 0
74200 -232.976 0 0 0 0.954526 100 35 1.51263 100 21 0 0 0 -2.57324 100 20 0 0 0 0 0 0 0 0 0 0 0
74300 -233.545 0 0 0 0.592939 100 44 -0.83146 100 20 0 0 0 -2.18523 100 26 0 0 0 0 0 0 0 0 0 0 0
74400 -233.262 0 0 0 1.04993 100 33 1.8862 100 31 0 0 0 -2.69946 100 21 0 0 0 0 0 0 0 0 0 0 0
74500 -235.017 0 0 0 0.859121 100 32 2.70597 100 30 0 0 0 -2.84854 100 13 0 0 0 0 0 0 0 0 0 0 0
74600 -234.994 0 0 0 0.258637 100 27 1.6485 100 27 0 0 0 -2.27335 100 27 0 0 0 0 0 0 0 0 0 0 0
74700 -233.396 0 0 0 0.678602 100 31 1.46869 100 24 0 0 0 -2.3565 100 19 0 0 0 0 0 0 0 0 0 0 0
74800 -233.551 0 0 0 1.3388 100 31 2.8959 100 25 0 0 0 -2.80918 100 14 0 0 0 0 0 0 0 0 0 0 0
74900 -233.77 0 0 0 1.1793 100 29 2.24127 100 26 0 0 0 -2.51836 100 22 0 0 0 0 0 0 0 0 0 0 0
75000 -233.194 0 0 0 0.725627 100 25 -0.313588 100 25 0 0 0 -2.3794 100 21 0 0 0 0 0 0 0 0 0 0 0
75100 -233.037 0 0 0 0.874099 100 31 0.729662 100 30 0 0 0 -2.39188 100 21 0 0 0 0 0 0 0 0 0 0 0
75200 -234.31 0 0 0 1.56599 100 31 2.42437 100 25 0 0 0 -2.93689 100 22 0 0 0 0 0 0 0 0 0 0 0
75300 -234.236 0 0 0 0.872406 100 31 -1.56601 100 22 0 0 0 -2.34309 100 20 0 0 0 0 0 0 0 0 0 0 0
75400 -234.139 0 0 0 0.489638 100 31 0.493894 100 22 0 0 0 -2.13623 100 29 0 0 0 0 0 0 0 0 0 0 0
75500 -233.115 0 0 0 0.721392 100 38 0.769836 100 19 0 0 0 -2.4837 100 20 0 0 0 0 0 0 0 0 0 0 0
75600 -235.061 0 0 0 1.30073 100 33 4.49071 100 28 0 0 0 -3.01658 100 27 0 0 0 0 0 0 0 0 0 0 0
75700 -233.73 0 0 0 0.780178 100 35 -0.208284 100 29 0 0 0 -2.52856 100 26 0 0 0 0 0 0 0 0 0 0 0
75800 -234.835 0 0 0 1.43352 100 28 2.32972 100 24 0 0 0 -3.00707 100 28 0 0 0 0 0 0 0 0 0 0 0
75900 -239.3 0 0 0 0.263974 100 32 2.61772 100 25 0 0 0 -2.82191 100 28 0 0 0 0 0 0 0 0 0 0 0
76000 -235.961 0 0 0 0.352479 100 43 -0.730164 100 27 0 0 0 -1.89769 100 24 0 0 0 0 0 0 0 0 0 0 0
76100 -233.25 0 0 0 1.07923 100 22 1.92294 100 28 0 0 0 -2.70543 100 22 0 0 0 0 0 0 0 0 0 0 0
76200 -233.337 0 0 0 0.590178 100 23 0.43387 100 15 0 0 0 -2.24893 100 22 0 0 0 0 0 0 0 0 0 0 0
76300 -233.73 0 0 0 1.44861 100 29 2.6237 100 24 0 0 0 -2.76796 100 18 0 0 0 0 0 0 0 0 0 0 0
76400 -233.194 0 0 0 0.611141 100 36 0.686665 100 25 0 0 0 -2.30864 100 20 0 0 0 0 0 0 0 0 0 0 0
76500 -233.909 0 0 0 1.33123 100 31 1.86631 100 18 0 0 0 -2.84909 100 15 0 0 0 0 0 0 0 0 0 0 0
76600 -234.5 0 0 0 1.44406 100 27 3.59224 100 31 0 0 0 -3.02551 100 19 0 0 0 0 0 0 0 0 0 0 0
76700 -236.397 0 0 0 0.206477 100 29 2.06596 100 26 0 0 0 -2.54686 100 26 0 0 0 0 0 0 0 0 0 0 0
76800 -235.042 0 0 0 1.18348 100 28 4.11943 100 26 0 0 0 -2.66707 100 20 0 0 0 0 0 0 0 0 0 0 0
76900 -233.994 0 0 0 0.250095 100 29 -0.6138 100 34 0 0 0 -2.21975 100 20 0 0 0 0 0 0 0 0 0 0 0
77000 -234.616 0 0 0 1.33164 100 31 2.8151 100 25 0 0 0 -2.99404 100 20 0 0 0 0 0 0 0 0 0 0 0
77100 -233.879 0 0 0 0.767593 100 33 2.20502 100 27 0 0 0 -2.66667 100 20 0 0 0 0 0 0 0 0 0 0 0
77200 -233.594 0 0 0 0.524079 100 31 0.21909 100 23 0 0 0 -2.43144 100 28 0 0 0 0 0 0 0 0 0 0 0
77300 -233.704 0 0 0 0.898689 100 40 2.52257 100 20 0 0 0 -2.70873 100 32 0 0 0 0 0 0 0 0 0 0 0
77400 -233.454 0 0 0 0.437493 100 37 0.378971 100 21 0 0 0 -2.273 100 19 0 0 0 0 0 0 0 0 0 0 0
77500 -232.951 0 0 0 0.912594 100 36 1.49011 100 26 0 0 0 -2.51054 100 15 0 0 0 0 0 0 0 0 0 0 0
77600 -234.02 0 0 0 0.542786 100 39 -0.424824 100 24 0 0 0 -2.10046 100 19 0 0 0 0 0 0 0 0 0 0 0
77700 -234.735 0 0 0 1.58961 100 30 1.35441 100 26 0 0 0 -2.83749 100 16 0 0 0 0 0 0 0 0 0 0 0
77800 -235.059 0 0 0 1.63233 100 35 1.25625 100 23 0 0 0 -2.75258 100 17 0 0 0 0 0 0 0 0 0 0 0
77900 -234.033 0 0 0 1.53162 100 31 2.19956 100 21 0 0 0 -2.83837 100 12 0 0 0 0 0 0 0 0 0 0 0
78000 -232.997 0 0 0 0.908109 100 32 0.496767 100 22 0 0 0 -2.47051 100 21 0 0 0 0 0 0 0 0 0 0 0
78100 -233.264 0 0 0 0.884128 100 32 1.0646 100 22 0 0 0 -2.60666 100 21 0 0 0 0 0 0 0 0 0 0 0
78200 -234.179 0 0 0 0.437869 100 35 -1.0414 100 28 0 0 0 -2.35857 100 17 0 0 0 0 0 0 0 0 0 0 0
78300 -233.342 0 0 0 0.852115 100 36 0.454084 100 21 0 0 0 -2.56055 100 28 0 0 0 0 0 0 0 0 0 0 0
78400 -233.903 0 0 0 0.954694 100 30 -0.969289 100 27 0 0 0 -2.39731 100 25 0 0 0 0 0 0 0 0 0 0 0
78500 -234.791 0 0 0 0.584907 100 27 -2.51951 100 27 0 0 0 -2.25061 100 31 0 0 0 0 0 0 0 0 0 0 0
78600 -236.22 0 0 0 0.499946 100 42 0.40594 100 20 0 0 0 -2.68153 100 22 0 0 0 0 0 0 0 0 0 0 0
78700 -233.576 0 0 0 1.09002 100 32 2.57765 100 24 0 0 0 -2.55044 100 21 0 0 0 0 0 0 0 0 0 0 0
78800 -233.634 0 0 0 0.556017 100 25 -0.868701 100 25 0 0 0 -2.15738 100 32 0 0 0 0 0 0 0 0 0 0 0
78900 -236.065 0 0 0 0.373963 100 34 -3.53281 100 23 0 0 0 -1.92855 100 30 0 0 0 0 0 0 0 0 0 0 0
79000 -234.667 0 0 0 1.55666 100 33 4.47361 100 25 0 0 0 -2.96587 100 24 0 0 0 0 0 0 0 0 0 0 0
79100 -234.595 0 0 0 0.496453 100 24 -1.03071 100 33 0 0 0 -2.01774 100 23 0 0 0 0 0 0 0 0 0 0 0
79200 -235.528 0 0 0 0.895281 100 30 3.3641 100 26 0 0 0 -2.91173 100 15 0 0 0 0 0 0 0 0 0 0 0
79300 -235.951 0 0 0 1.82081 100 40 4.75069 100 23 0 0 0 -2.9498 100 20 0 0 0 0 0 0 0 0 0 0 0
79400 -233.64 0 0 0 0.990194 100 29 3.0047 100 24 0 0 0 -2.63591 100 16 0 0 0 0 0 0 0 0 0 0 0
79500 -234.457 0 0 0 0.841663 100 24 -0.893802 100 24 0 0 0 -2.54941 100 23 0 0 0 0 0 0 0 0 0 0 0
79600 -233.884 0 0 0 1.39272 100 29 3.54653 100 22 0 0 0 -2.8701 100 21 0 0 0 0 0 0 0 0 0 0 0
79700 -235.561 0 0 0 1.15403 100 32 1.02394 100 27 0 0 0 -2.91301 100 26 0 0 0 0 0 0 0 0 0 0 0
79800 -233.79 0 0 0 0.95217 100 32 0.422588 100 22 0 0 0 -2.29895 100 23 0 0 0 0 0 0 0 0 0 0 0
79900 -234.107 0 0 0 1.51353 100 43 2.52204 100 23 0 0 0 -2.73086 100 19 0 0 0 0 0 0 0 0 0 0 0
80000 -235.681 0 0 0 0.498685 100 34 2.88038 100 25 0 0 0 -2.35791 100 21 0 0 0 0 0 0 0 0 0 0 0
80100 -233.16 0 0 0 1.00983 100 32 0.868399 100 21 0 0 0 -2.43882 100 24 0 0 0 0 0 0 0 0 0 0 0
80200 -233.075 0 0 0 0.718246 100 30 0.826746 100 19 0 0 0 -2.47172 100 16 0 0 0 0 0 0 0 0 0 0 0
80300 -233.724 0 0 0 1.38961 100 32 3.23935 100 25 0 0 0 -2.80943 100 22 0 0 0 0 0 0 0 0 0 0 0
80400 -233.724 0 0 0 0.626387 100 35 0.45026 100 33 0 0 0 -2.19397 100 30 0 0 0 0 0 0 0 0 0 0 0
80500 -233.759 0 0 0 0.641481 100 29 -1.30294 100 28 0 0 0 -2.3209 100 17 0 0 0 0 0 0 0 0 0 0 0
80600 -237.348 0 0 0 1.18047 100 31 -2.86987 100 24 0 0 0 -2.36521 100 19 0 0 0 0 0 0 0 0 0 0 0
80700 -234.084 0 0 0 0.566662 100 25 0.023757 100 23 0 0 0 -2.11785 100 20 0 0 0 0 0 0 0 0 0 0 0
80800 -233.486 0 0 0 0.8352 100 28 2.21739 100 23 0 0 0 -2.63684 100 19 0 0 0 0 0 0 0 0 0 0 0
80900 -233.213 0 0 0 0.881021 100 30 -0.0437479 100 21 0 0 0 -2.46424 100 16 0 0 0 0 0 0 0 0 0 0 0
81000 -233.084 0 0 0 0.948124 100 32 0.706715 100 27 0 0 0 -2.55125 100 21 0 0 0 0 0 0 0 0 0 0 0
81100 -234.557 0 0 0 0.778107 100 37 2.19792 100 28 0 0 0 -2.75731 100 26 0 0 0 0 0 0 0 0 0 0 0
81200 -233.519 0 0 0 0.406235 100 26 -0.491278 100 31 0 0 0 -2.20335 100 24 0 0 0 0 0 0 0 0 0 0 0
81300 -234.408 0 0 0 1.03054 100 29 3.53153 100 28 0 0 0 -2.60055 100 25 0 0 0 0 0 0 0 0 0 0 0
81400 -235.838 0 0 0 0.640968 100 36 -0.383249 100 25 0 0 0 -1.99267 100 22 0 0 0 0 0 0 0 0 0 0 0
81500 -233.147 0 0 0 0.653702 100 41 0.427155 100 26 0 0 0 -2.42981 100 21 0 0 0 0 0 0 0 0 0 0 0
81600 -233.488 0 0 0 1.15312 100 32 1.65746 100 20 0 0 0 -2.75173 100 21 0 0 0 0 0 0 0 0 0 0 0
81700 -235.74 0 0 0 1.81179 100 26 4.88568 100 34 0 0 0 -3.24312 100 26 0 0 0 0 0 0 0 0 0 0 0
81800 -234.301 0 0 0 1.09432 100 27 3.70135 100 20 0 0 0 -2.66856 100 20 0 0 0 0 0 0 0 0 0 0 0
81900 -234.11 0 0 0 1.45709 100 27 2.82251 100 26 0 0 0 -2.94761 100 22 0 0 0 0 0 0 0 0 0 0 0
82000 -233.586 0 0 0 0.958263 100 36 1.06569 100 22 0 0 0 -2.67971 100 16 0 0 0 0 0 0 0 0 0 0 0
82100 -233.662 0 0 0 0.423562 100 30 0.812265 100 20 0 0 0 -2.36173 100 15 0 0 0 0 0 0 0 0 0 0 0
82200 -233.188 0 0 0 1.09994 100 35 1.62454 100 24 0 0 0 -2.68037 100 28 0 0 0 0 0 0 0 0 0 0 0
82300 -234.602 0 0 0 1.24415 100 32 -0.407056 100 12 0 0 0 -2.63255 100 26 0 0 0 0 0 0 0 0 0 0 0
82400 -233.97 0 0 0 0.504461 100 33 -1.66466 100 27 0 0 0 -2.24562 100 25 0 0 0 0 0 0 0 0 0 0 0
82500 -235.546 0 0 0 1.29746 100 32 2.2525 100 30 0 0 0 -3.03655 100 13 0 0 0 0 0 0 0 0 0 0 0
82600 -233.868 0 0 0 1.41187 100 32 2.00494 100 24 0 0 0 -2.84589 100 19 0 0 0 0 0 0 0 0 0 0 0
82700 -233.557 0 0 0 0.505908 100 33 -0.167958 100 24 0 0 0 -2.16954 100 25 0 0 0 0 0 0 0 0 0 0 0
82800 -233.216 0 0 0 1.19272 100 40 1.33291 100 25 0 0 0 -2.61932 100 19 0 0 0 0 0 0 0 0 0 0 0
82900 -234.541 0 0 0 1.13766 100 32 0.368932 100 30 0 0 0 -2.75959 100 17 0 0 0 0 0 0 0 0 0 0 0
83000 -235.145 0 0 0 1.00852 100 27 -1.88003 100 23 0 0 0 -2.30641 100 20 0 0 0 0 0 0 0 0 0 0 0
83100 -235.224 0 0 0 1.61227 100 20 5.0115 100 26 0 0 0 -3.01717 100 29 0 0 0 0 0 0 0 0 0 0 0
83200 -233.444 0 0 0 0.792684 100 32 2.26931 100 28 0 0 0 -2.51161 100 19 0 0 0 0 0 0 0 0 0 0 0
83300 -233.602 0 0 0 0.421674 100 28 -0.930665 100 24 0 0 0 -2.22304 100 24 0 0 0 0 0 0 0 0 0 0 0
83400 -234.984 0 0 0 1.4823 100 26 4.44299 100 26 0 0 0 -2.82761 100 30 0 0 0 0 0 0 0 0 0 0 0
83500 -234.787 0 0 0 1.54827 100 34 4.16174 100 22 0 0 0 -2.83347 100 25 0 0 0 0 0 0 0 0 0 0 0
83600 -233.837 0 0 0 1.17931 100 23 1.8754 100 15 0 0 0 -2.48052 100 17 0 0 0 0 0 0 0 0 0 0 0
83700 -235.863 0 0 0 0.88426 100 28 1.28042 100 20 0 0 0 -2.86921 100 25 0 0 0 0 0 0 0 0 0 0 0
83800 -233.603 0 0 0 1.19917 100 29 0.563601 100 18 0 0 0 -2.52154 100 23 0 0 0 0 0 0 0 0 0 0 0
83900 -233.436 0 0 0 1.1051 100 24 0.993582 100 32 0 0 0 -2.45006 100 27 0 0 0 0 0 0 0 0 0 0 0
84000 -233.743 0 0 0 1.34945 100 32 1.14115 100 29 0 0 0 -2.6552 100 22 0 0 0 0 0 0 0 0 0 0 0
84100 -233.381 0 0 0 0.705694 100 31 1.15669 100 28 0 0 0 -2.54694 100 20 0 0 0 0 0 0 0 0 0 0 0
84200 -233.444 0 0 0 1.11634 100 29 1.36124 100 27 0 0 0 -2.46682 100 29 0 0 0 0 0 0 0 0 0 0 0
84300 -235.341 0 0 0 1.06008 100 29 4.12287 100 26 0 0 0 -2.62297 100 26 0 0 0 0 0 0 0 0 0 0 0
84400 -233.245 0 0 0 1.21945 100 31 2.36485 100 29 0 0 0 -2.69633 100 26 0 0 0 0 0 0 0 0 0 0 0
84500 -234.906 0 0 0 0.16229 100 33 0.126557 100 22 0 0 0 -2.34835 100 21 0 0 0 0 0 0 0 0 0 0 0
84600 -234.227 0 0 0 1.53976 100 33 2.81602 100 23 0 0 0 -2.75062 100 23 0 0 0 0 0 0 0 0 0 0 0
84700 -234.343 0 0 0 0.456543 100 35 -1.49323 100 28 0 0 0 -2.33417 100 27 0 0 0 0 0 0 0 0 0 0 0
84800 -235.575 0 0 0 0.815444 100 31 2.00669 100 23 0 0 0 -2.85741 100 23 0 0 0 0 0 0 0 0 0 0 0
84900 -233.013 0 0 0 0.765164 100 26 1.2844 100 25 0 0 0 -2.4477 100 25 0 0 0 0 0 0 0 0 0 0 0
85000 -233.266 0 0 0 0.736712 100 26 1.27545 100 35 0 0 0 -2.54468 100 20 0 0 0 0 0 0 0 0 0 0 0
85100 -233.061 0 0 0 0.71954 100 33 0.569364 100 22 0 0 0 -2.45367 100 21 0 0 0 0 0 0 0 0 0 0 0
85200 -235.486 0 0 0 0.272264 100 37 -0.667008 100 24 0 0 0 -2.44259 100 16 0 0 0 0 0 0 0 0 0 0 0
85300 -233.393 0 0 0 0.869675 100 36 1.35422 100 28 0 0 0 -2.63812 100 22 0 0 0 0 0 0 0 0 0 0 0
85400 -235.603 0 0 0 1.18137 100 29 2.58343 100 30 0 0 0 -2.40049 100 25 0 0 0 0 0 0 0 0 0 0 0
85500 -234.909 0 0 0 0.933547 100 32 4.00967 100 28 0 0 0 -2.76147 100 17 0 0 0 0 0 0 0 0 0 0 0
85600 -232.959 0 0 0 0.87147 100 34 0.541228 100 30 0 0 0 -2.45142 100 23 0 0 0 0 0 0 0 0 0 0 0
85700 -234.42 0 0 0 1.27411 100 32 0.0421123 100 22 0 0 0 -2.68653 100 15 0 0 0 0 0 0 0 0 0 0 0
85800 -233.994 0 0 0 1.12224 100 35 -0.384822 100 17 0 0 0 -2.44273 100 24 0 0 0 0 0 0 0 0 0 0 0
85900 -234.547 0 0 0 0.918004 100 27 -1.57238 100 29 0 0 0 -2.44066 100 23 0 0 0 0 0 0 0 0 0 0 0
86000 -236.286 0 0 0 1.29016 100 29 1.27207 100 22 0 0 0 -2.33033 100 23 0 0 0 0 0 0 0 0 0 0 0
86100 -234.209 0 0 0 0.56123 100 39 2.33665 100 24 0 0 0 -2.44254 100 18 0 0 0 0 0 0 0 0 0 0 0
86200 -234.756 0 0 0 0.547148 100 26 -1.01999 100 24 0 0 0 -2.47649 100 20 0 0 0 0 0 0 0 0 0 0 0
86300 -234.698 0 0 0 1.60948 100 32 1.65892 100 30 0 0 0 -2.88284 100 23 0 0 0 0 0 0 0 0 0 0 0
86400 -234.113 0 0 0 1.18205 100 33 3.815 100 28 0 0 0 -2.811 100 28 0 0 0 0 0 0 0 0 0 0 0
86500 -234.204 0 0 0 1.15582 100 37 2.35838 100 23 0 0 0 -2.47203 100 25 0 0 0 0 0 0 0 0 0 0 0
86600 -235.211 0 0 0 0.388914 100 29 2.04398 100 28 0 0 0 -2.25488 100 30 0 0 0 0 0 0 0 0 0 0 0
86700 -234.923 0 0 0 0.382009 100 28 -2.83692 100 27 0 0 0 -2.06195 100 20 0 0 0 0 0 0 0 0 0 0 0
86800 -234.321 0 0 0 0.903606 100 25 0.459832 100 26 0 0 0 -2.22631 100 28 0 0 0 0 0 0 0 0 0 0 0
86900 -233.891 0 0 0 1.20205 100 29 2.25427 100 21 0 0 0 -2.85477 100 21 0 0 0 0 0 0 0 0 0 0 0
87000 -235.948 0 0 0 1.73084 100 24 3.70539 100 37 0 0 0 -2.77141 100 21 0 0 0 0 0 0 0 0 0 0 0
87100 -234.813 0 0 0 1.57539 100 27 1.51298 100 30 0 0 0 -2.9074 100 27 0 0 0 0 0 0 0 0 0 0 0
87200 -234.019 0 0 0 0.497447 100 35 -0.45332 100 29 0 0 0 -2.09125 100 21 0 0 0 0 0 0 0 0 0 0 0
87300 -233.658 0 0 0 0.569816 100 25 -0.333973 100 34 0 0 0 -2.15473 100 21 0 0 0 0 0 0 0 0 0 0 0
87400 -236.615 0 0 0 0.745395 100 26 4.25496 100 28 0 0 0 -2.56129 100 23 0 0 0 0 0 0 0 0 0 0 0
87500 -233.254 0 0 0 0.586233 100 33 0.947017 100 25 0 0 0 -2.41351 100 21 0 0 0 0 0 0 0 0 0 0 0
87600 -234.971 0 0 0 0.48828 100 35 1.66796 100 29 0 0 0 -2.19536 100 22 0 0 0 0 0 0 0 0 0 0 0
87700 -233.272 0 0 0 0.722082 100 36 -0.0849711 100 24 0 0 0 -2.26536 100 19 0 0 0 0 0 0 0 0 0 0 0
87800 -233.851 0 0 0 1.22266 100 34 1.13558 100 26 0 0 0 -2.76671 100 17 0 0 0 0 0 0 0 0 0 0 0
87900 -233.569 0 0 0 0.685994 100 38 0.395433 100 31 0 0 0 -2.5274 100 25 0 0 0 0 0 0 0 0 0 0 0
88000 -234.053 0 0 0 0.445926 100 26 1.60201 100 28 0 0 0 -2.33243 100 19 0 0 0 0 0 0 0 0 0 0 0
88100 -233.263 0 0 0 1.12762 100 31 2.16589 100 21 0 0 0 -2.72413 100 23 0 0 0 0 0 0 0 0 0 0 0
88200 -233.14 0 0 0 1.04593 100 36 2.28155 100 23 0 0 0 -2.62707 100 20 0 0 0 0 0 0 0 0 0 0 0
88300 -233.464 0 0 0 0.523409 100 20 1.16582 100 25 0 0 0 -2.38496 100 22 0 0 0 0 0 0 0 0 0 0 0
88400 -235.061 0 0 0 1.25363 100 24 0.961763 100 26 0 0 0 -2.37594 100 24 0 0 0 0 0 0 0 0 0 0 0
88500 -237.005 0 0 0 1.52709 100 41 6.16315 100 21 0 0 0 -3.18839 100 18 0 0 0 0 0 0 0 0 0 0 0
88600 -234.586 0 0 0 1.32009 100 31 3.3372 100 21 0 0 0 -3.00276 100 17 0 0 0 0 0 0 0 0 0 0 0
88700 -233.964 0 0 0 0.536516 100 22 1.26722 100 26 0 0 0 -2.53114 100 23 0 0 0 0 0 0 0 0 0 0 0
88800 -234.391 0 0 0 0.965641 100 29 -0.0726864 100 26 0 0 0 -2.23972 100 25 0 0 0 0 0 0 0 0 0 0 0
88900 -234.01 0 0 0 0.591434 100 34 2.09083 100 24 0 0 0 -2.55018 100 28 0 0 0 0 0 0 0 0 0 0 0
89000 -234.096 0 0 0 0.452157 100 33 -1.72066 100 25 0 0 0 -2.24547 100 21 0 0 0 0 0 0 0 0 0 0 0
89100 -234.133 0 0 0 0.282788 100 30 -0.705924 100 26 0 0 0 -2.28402 100 21 0 0 0 0 0 0 0 0 0 0 0
89200 -233.101 0 0 0 1.02826 100 31 0.640098 100 24 0 0 0 -2.52283 100 22 0 0 0 0 0 0 0 0 0 0 0
89300 -233.998 0 0 0 0.5824 100 27 -1.70141 100 26 0 0 0 -2.16083 100 28 0 0 0 0 0 0 0 0 0 0 0
89400 -235.588 0 0 0 1.29274 100 32 -0.339759 100 31 0 0 0 -2.37448 100 28 0 0 0 0 0 0 0 0 0 0 0
89500 -233.269 0 0 0 0.537048 100 19 0.37781 100 30 0 0 0 -2.36814 100 21 0 0 0 0 0 0 0 0 0 0 0
89600 -234.381 0 0 0 1.14299 100 24 3.47324 100 26 0 0 0 -2.60468 100 24 0 0 0 0 0 0 0 0 0 0 0
89700 -233.494 0 0 0 0.741401 100 36 1.42598 100 26 0 0 0 -2.59309 100 17 0 0 0 0 0 0 0 0 0 0 0
89800 -233.369 0 0 0 0.796183 100 36 1.79287 100 26 0 0 0 -2.40969 100 16 0 0 0 0 0 0 0 0 0 0 0
89900 -233.418 0 0 0 0.858747 100 38 1.73724 100 24 0 0 0 -2.64828 100 23 0 0 0 0 0 0 0 0 0 0 0
90000 -237.907 0 0 0 -0.266987 100 33 -4.39959 100 24 0 0 0 -1.85262 100 27 0 0 0 0 0 0 0 0 0 0 0
90100 -234.583 0 0 0 1.46604 100 33 1.59057 100 20 0 0 0 -2.91097 100 21 0 0 0 0 0 0 0 0 0 0 0
90200 -234.313 0 0 0 0.241571 100 39 -0.260744 100 22 0 0 0 -2.31168 100 20 0 0 0 0 0 0 0 0 0 0 0
90300 -235.416 0 0 0 0.122384 100 24 -2.66995 100 29 0 0 0 -2.12679 100 18 0 0 0 0 0 0 0 0 0 0 0
90400 -234.495 0 0 0 0.259268 100 30 -1.71644 100 24 0 0 0 -2.21398 100 27 0 0 0 0 0 0 0 0 0 0 0
90500 -233.549 0 0 0 1.14162 100 31 1.92464 100 32 0 0 0 -2.7761 100 24 0 0 0 0 0 0 0 0 0 0 0
90600 -234.146 0 0 0 1.33908 100 39 2.28837 100 28 0 0 0 -2.56886 100 30 0 0 0 0 0 0 0 0 0 0 0
90700 -233.282 0 0 0 0.725001 100 32 0.895206 100 25 0 0 0 -2.53017 100 19 0 0 0 0 0 0 0 0 0 0 0
90800 -233.321 0 0 0 0.887788 100 33 -0.311963 100 26 0 0 0 -2.37139 100 19 0 0 0 0 0 0 0 0 0 0 0
90900 -233.928 0 0 0 0.831785 100 29 0.883944 100 23 0 0 0 -2.25441 100 25 0 0 0 0 0 0 0 0 0 0 0
91000 -234.609 0 0 0 1.35013 100 42 0.535049 100 25 0 0 0 -2.78775 100 19 0 0 0 0 0 0 0 0 0 0 0
91100 -233.327 0 0 0 1.11739 100 27 1.20087 100 21 0 0 0 -2.48327 100 23 0 0 0 0 0 0 0 0 0 0 0
91200 -236.379 0 0 0 -0.140471 100 31 -0.969868 100 27 0 0 0 -1.8691 100 23 0 0 0 0 0 0 0 0 0 0 0
91300 -233.065 0 0 0 0.915697 100 40 0.879274 100 28 0 0 0 -2.55926 100 28 0 0 0 0 0 0 0 0 0 0 0
91400 -237.388 0 0 0 0.617929 100 40 3.45985 100 29 0 0 0 -2.90259 100 23 0 0 0 0 0 0 0 0 0 0 0
91500 -235.03 0 0 0 0.15197 100 41 0.753762 100 26 0 0 0 -2.12783 100 22 0 0 0 0 0 0 0 0 0 0 0
91600 -234.106 0 0 0 1.13906 100 34 -0.134529 100 26 0 0 0 -2.40129 100 24 0 0 0 0 0 0 0 0 0 0 0
91700 -233.638 0 0 0 1.11448 100 29 -0.0156174 100 32 0 0 0 -2.52993 100 20 0 0 0 0 0 0 0 0 0 0 0
91800 -234.417 0 0 0 1.48315 100 25 3.10187 100 21 0 0 0 -3.00881 100 21 0 0 0 0 0 0 0 0 0 0 0
91900 -233.303 0 0 0 0.714273 100 25 1.35552 100 22 0 0 0 -2.35587 100 25 0 0 0 0 0 0 0 0 0 0 0
92000 -233.27 0 0 0 1.05028 100 34 0.444985 100 22 0 0 0 -2.55784 100 15 0 0 0 0 0 0 0 0 0 0 0
92100 -234.205 0 0 0 1.54965 100 35 2.54649 100 37 0 0 0 -2.75255 100 18 0 0 0 0 0 0 0 0 0 0 0
92200 -234.758 0 0 0 0.536719 100 39 2.66819 100 30 0 0 0 -2.43246 100 21 0 0 0 0 0 0 0 0 0 0 0
92300 -234.062 0 0 0 1.10945 100 26 2.27238 100 30 0 0 0 -2.45815 100 19 0 0 0 0 0 0 0 0 0 0 0
92400 -234.727 0 0 0 0.496799 100 27 -1.30922 100 27 0 0 0 -2.42184 100 28 0 0 0 0 0 0 0 0 0 0 0
92500 -233.488 0 0 0 0.774176 100 24 0.799832 100 25 0 0 0 -2.58232 100 25 0 0 0 0 0 0 0 0 0 0 0
92600 -233.371 0 0 0 0.914481 100 36 0.0680837 100 30 0 0 0 -2.53166 100 24 0 0 0 0 0 0 0 0 0 0 0
92700 -239.275 0 0 0 0.175567 100 30 3.39763 100 29 0 0 0 -2.2673 100 21 0 0 0 0 0 0 0 0 0 0 0
92800 -234.929 0 0 0 1.35276 100 32 0.480433 100 25 0 0 0 -2.46409 100 23 0 0 0 0 0 0 0 0 0 0 0
92900 -243.593 0 0 0 2.22563 100 38 5.22326 100 24 0 0 0 -2.83983 100 23 0 0 0 0 0 0 0 0 0 0 0
93000 -237.036 0 0 0 0.473459 100 22 -4.35496 100 21 0 0 0 -2.15767 100 19 0 0 0 0 0 0 0 0 0 0 0
93100 -238.322 0 0 0 0.192052 100 32 1.5217 100 28 0 0 0 -2.70107 100 22 0 0 0 0 0 0 0 0 0 0 0
93200 -234.374 0 0 0 0.279295 100 39 0.730255 100 34 0 0 0 -2.16832 100 21 0 0 0 0 0 0 0 0 0 0 0
93300 -234.725 0 0 0 1.34044 100 35 -0.170092 100 21 0 0 0 -2.65494 100 27 0 0 0 0 0 0 0 0 0 0 0
93400 -233.95 0 0 0 0.596032 100 36 1.99671 100 19 0 0 0 -2.36946 100 23 0 0 0 0 0 0 0 0 0 0 0
93500 -236.585 0 0 0 0.710693 100 28 1.92967 100 25 0 0 0 -2.87681 100 16 0 0 0 0 0 0 0 0 0 0 0
93600 -233.497 0 0 0 0.564721 100 35 1.40736 100 25 0 0 0 -2.44182 100 25 0 0 0 0 0 0 0 0 0 0 0
93700 -235.084 0 0 0 0.400809 100 28 1.62804 100 31 0 0 0 -2.57379 100 31 0 0 0 0 0 0 0 0 0 0 0
93800 -233.298 0 0 0 0.888891 100 31 2.08842 100 22 0 0 0 -2.63383 100 33 0 0 0 0 0 0 0 0 0 0 0
93900 -233.242 0 0 0 1.08226 100 34 1.28371 100 21 0 0 0 -2.66567 100 27 0 0 0 0 0 0 0 0 0 0 0
94000 -234.464 0 0 0 0.706691 100 32 0.8369 100 22 0 0 0 -2.66453 100 22 0 0 0 0 0 0 0 0 0 0 0
94100 -235.855 0 0 0 1.95268 100 41 3.25242 100 24 0 0 0 -3.14379 100 22 0 0 0 0 0 0 0 0 0 0 0
94200 -236.776 0 0 0 1.33249 100 26 -0.982342 100 30 0 0 0 -2.34077 100 15 0 0 0 0 0 0 0 0 0 0 0
94300 -234.158 0 0 0 0.73674 100 23 -1.29509 100 27 0 0 0 -2.16386 100 22 0 0 0 0 0 0 0 0 0 0 0
94400 -233.666 0 0 0 1.26687 100 27 2.84829 100 25 0 0 0 -2.8479 100 21 0 0 0 0 0 0 0 0 0 0 0
94500 -240.815 0 0 0 0.114107 100 35 -1.32492 100 28 0 0 0 -2.64601 100 28 0 0 0 0 0 0 0 0 0 0 0
94600 -233.587 0 0 0 0.686662 100 25 0.642094 100 23 0 0 0 -2.54673 100 26 0 0 0 0 0 0 0 0 0 0 0
94700 -233.868 0 0 0 0.3899 100 30 0.934107 100 26 0 0 0 -2.37642 100 26 0 0 0 0 0 0 0 0 0 0 0
94800 -233.457 0 0 0 0.988706 100 25 1.053 100 17 0 0 0 -2.66862 100 23 0 0 0 0 0 0 0 0 0 0 0
94900 -235.626 0 0 0 0.773663 100 30 -1.12345 100 25 0 0 0 -2.61643 100 31 0 0 0 0 0 0 0 0 0 0 0
95000 -233.697 0 0 0 1.42063 100 23 2.19882 100 22 0 0 0 -2.81229 100 25 0 0 0 0 0 0 0 0 0 0 0
95100 -233.556 0 0 0 1.18458 100 25 0.992368 100 22 0 0 0 -2.69948 100 27 0 0 0 0 0 0 0 0 0 0 0
95200 -234.33 0 0 0 1.22437 100 30 -0.0764263 100 25 0 0 0 -2.66231 100 28 0 0 0 0 0 0 0 0 0 0 0
95300 -233.41 0 0 0 0.45841 100 33 0.268323 100 18 0 0 0 -2.25174 100 21 0 0 0 0 0 0 0 0 0 0 0
95400 -235.76 0 0 0 1.85805 100 33 2.23674 100 33 0 0 0 -2.89952 100 17 0 0 0 0 0 0 0 0 0 0 0
95500 -234.536 0 0 0 0.39215 100 36 0.190706 100 27 0 0 0 -2.06653 100 19 0 0 0 0 0 0 0 0 0 0 0
95600 -234.08 0 0 0 1.3103 100 31 0.417234 100 30 0 0 0 -2.56837 100 21 0 0 0 0 0 0 0 0 0 0 0
95700 -233.131 0 0 0 1.17308 100 33 1.8197 100 24 0 0 0 -2.65169 100 20 0 0 0 0 0 0 0 0 0 0 0
95800 -234.68 0 0 0 0.50088 100 28 -0.0481696 100 24 0 0 0 -2.53294 100 17 0 0 0 0 0 0 0 0 0 0 0
95900 -233.446 0 0 0 0.977487 100 31 0.696462 100 23 0 0 0 -2.36269 100 18 0 0 0 0 0 0 0 0 0 0 0
96000 -234.682 0 0 0 0.262143 100 39 1.42545 100 30 0 0 0 -2.29467 100 23 0 0 0 0 0 0 0 0 0 0 0
96100 -233.302 0 0 0 0.89373 100 30 2.34834 100 32 0 0 0 -2.56359 100 20 0 0 0 0 0 0 0 0 0 0 0
96200 -233.712 0 0 0 0.787972 100 29 0.654883 100 22 0 0 0 -2.60795 100 20 0 0 0 0 0 0 0 0 0 0 0
96300 -233.325 0 0 0 1.22225 100 32 1.94588 100 29 0 0 0 -2.59777 100 17 0 0 0 0 0 0 0 0 0 0 0
96400 -235.006 0 0 0 0.793992 100 30 1.98795 100 22 0 0 0 -2.80213 100 26 0 0 0 0 0 0 0 0 0 0 0
96500 -236.282 0 0 0 1.28186 100 32 0.369239 100 26 0 0 0 -2.93018 100 21 0 0 0 0 0 0 0 0 0 0 0
96600 -234.528 0 0 0 0.250748 100 30 -1.6694 100 27 0 0 0 -1.99307 100 16 0 0 0 0 0 0 0 0 0 0 0
96700 -238.132 0 0 0 2.07557 100 46 2.04883 100 24 0 0 0 -3.24725 100 28 0 0 0 0 0 0 0 0 0 0 0
96800 -233.942 0 0 0 1.20445 100 34 0.710853 100 30 0 0 0 -2.44896 100 28 0 0 0 0 0 0 0 0 0 0 0
96900 -234.751 0 0 0 0.680672 100 37 0.731634 100 24 0 0 0 -2.13392 100 25 0 0 0 0 0 0 0 0 0 0 0
97000 -234.444 0 0 0 0.573963 100 33 1.24708 100 33 0 0 0 -2.18845 100 22 0 0 0 0 0 0 0 0 0 0 0
97100 -234.101 0 0 0 1.06945 100 35 3.49376 100 26 0 0 0 -2.81331 100 28 0 0 0 0 0 0 0 0 0 0 0
97200 -233.012 0 0 0 0.881845 100 29 0.981668 100 24 0 0 0 -2.54198 100 18 0 0 0 0 0 0 0 0 0 0 0
97300 -233.166 0 0 0 0.981322 100 35 0.783649 100 28 0 0 0 -2.41784 100 12 0 0 0 0 0 0 0 0 0 0 0
97400 -236.341 0 0 0 0.315187 100 25 1.5849 100 27 0 0 0 -2.08659 100 22 0 0 0 0 0 0 0 0 0 0 0
97500 -236.756 0 0 0 0.00343888 100 34 -1.83102 100 20 0 0 0 -2.30322 100 24 0 0 0 0 0 0 0 0 0 0 0
97600 -233.197 0 0 0 0.685965 100 36 0.924126 100 22 0 0 0 -2.3253 100 28 0 0 0 0 0 0 0 0 0 0 0
97700 -233.415 0 0 0 1.07847 100 31 2.10507 100 23 0 0 0 -2.74407 100 20 0 0 0 0 0 0 0 0 0 0 0
97800 -235.016 0 0 0 1.51093 100 38 2.7397 100 30 0 0 0 -3.06306 100 19 0 0 0 0 0 0 0 0 0 0 0
97900 -234.177 0 0 0 0.274744 100 36 0.292661 100 25 0 0 0 -2.14235 100 26 0 0 0 0 0 0 0 0 0 0 0
98000 -234.812 0 0 0 1.39311 100 26 2.62941 100 31 0 0 0 -2.56188 100 19 0 0 0 0 0 0 0 0 0 0 0
98100 -234.831 0 0 0 0.442388 100 23 -1.65997 100 27 0 0 0 -1.97958 100 21 0 0 0 0 0 0 0 0 0 0 0
98200 -233.555 0 0 0 0.910505 100 37 0.0145543 100 28 0 0 0 -2.30433 100 27 0 0 0 0 0 0 0 0 0 0 0
98300 -237.431 0 0 0 1.68095 100 24 -0.461599 100 22 0 0 0 -2.85825 100 26 0 0 0 0 0 0 0 0 0 0 0
98400 -235.088 0 0 0 1.07169 100 31 3.95192 100 18 0 0 0 -2.94037 100 22 0 0 0 0 0 0 0 0 0 0 0
98500 -233.211 0 0 0 1.09746 100 38 2.36152 100 29 0 0 0 -2.69207 100 22 0 0 0 0 0 0 0 0 0 0 0
98600 -234.2 0 0 0 0.696524 100 28 -0.876099 100 25 0 0 0 -2.48517 100 26 0 0 0 0 0 0 0 0 0 0 0
98700 -233.297 0 0 0 1.2025 100 33 1.17003 100 18 0 0 0 -2.63662 100 24 0 0 0 0 0 0 0 0 0 0 0
98800 -234.796 0 0 0 1.5386 100 32 4.48263 100 22 0 0 0 -2.90118 100 21 0 0 0 0 0 0 0 0 0 0 0
98900 -233.938 0 0 0 1.27571 100 28 0.708569 100 23 0 0 0 -2.71654 100 17 0 0 0 0 0 0 0 0 0 0 0
99000 -236.931 0 0 0 1.95596 100 40 2.72988 100 23 0 0 0 -2.84592 100 30 0 0 0 0 0 0 0 0 0 0 0
99100 -233.132 0 0 0 0.736327 100 27 0.737968 100 21 0 0 0 -2.49516 100 30 0 0 0 0 0 0 0 0 0 0 0
99200 -233.524 0 0 0 1.16439 100 25 0.390334 100 24 0 0 0 -2.54895 100 21 0 0 0 0 0 0 0 0 0 0 0
99300 -234.424 0 0 0 0.22568 100 40 -0.827954 100 26 0 0 0 -2.02167 100 23 0 0 0 0 0 0 0 0 0 0 0
99400 -236.103 0 0 0 0.648052 100 26 0.367527 100 26 0 0 0 -2.73547 100 16 0 0 0 0 0 0 0 0 0 0 0
99500 -233.435 0 0 0 0.427677 100 30 -0.0607237 100 25 0 0 0 -2.24324 100 29 0 0 0 0 0 0 0 0 0 0 0
99600 -234.374 0 0 0 1.08661 100 28 3.0137 100 18 0 0 0 -2.89108 100 15 0 0 0 0 0 0 0 0 0 0 0
99700 -233.273 0 0 0 1.12908 100 37 2.45477 100 20 0 0 0 -2.72012 100 24 0 0 0 0 0 0 0 0 0 0 0
99800 -235.183 0 0 0 1.69342 100 25 3.37058 100 17 0 0 0 -2.79058 100 23 0 0 0 0 0 0 0 0 0 0 0
99900 -234.133 0 0 0 1.46852 100 36 1.6488 100 21 0 0 0 -2.66791 100 19 0 0 0 0 0 0 0 0 0 0 0
100000 -233.355 0 0 0 1.19627 100 30 1.11334 100 19 0 0 0 -2.55172 100 20 0 0 0 0 0 0 0 0 0 0 0
