iteration logLik intercept1 intercept1_p intercept1_a pcov2 pcov2_p pcov2_a pcov3 pcov3_p pcov3_a pcov4 pcov4_p pcov4_a intercept2 intercept2_p intercept2_a intercept3 intercept3_p intercept3_a intercept4 intercept4_p intercept4_a pcov pcov_p pcov_a data_p data_a
0 -868.5 0 0 0 -11.5348 0 0 2.67027 0 0 0 0 0 0.665615 0 0 0 0 0 0 0 0 0 0 0 0 0
100 -184.623 0 0 0 -0.769932 100 69 3.45535 100 25 0 0 0 -2.40746 100 25 0 0 0 0 0 0 0 0 0 0 0
200 -184.15 0 0 0 -0.873416 100 57 2.46263 100 26 0 0 0 -2.47189 100 23 0 0 0 0 0 0 0 0 0 0 0
300 -183.751 0 0 0 -0.303168 100 59 1.86798 100 26 0 0 0 -2.26851 100 17 0 0 0 0 0 0 0 0 0 0 0
400 -185.334 0 0 0 -1.91524 100 67 -0.606942 100 20 0 0 0 -1.96483 100 21 0 0 0 0 0 0 0 0 0 0 0
500 -184.899 0 0 0 -1.57759 100 58 0.98256 100 16 0 0 0 -1.99743 100 29 0 0 0 0 0 0 0 0 0 0 0
600 -184.576 0 0 0 -0.116585 100 64 2.14134 100 27 0 0 0 -2.18144 100 21 0 0 0 0 0 0 0 0 0 0 0
700 -184.485 0 0 0 -0.0474156 100 62 0.612606 100 22 0 0 0 -2.11517 100 22 0 0 0 0 0 0 0 0 0 0 0
800 -183.945 0 0 0 -0.807561 100 59 2.56008 100 18 0 0 0 -2.3398 100 24 0 0 0 0 0 0 0 0 0 0 0
900 -186.068 0 0 0 -2.63905 100 66 1.20199 100 21 0 0 0 -2.1743 100 26 0 0 0 0 0 0 0 0 0 0 0
1000 -187.558 0 0 0 -0.164214 100 60 -1.98779 100 22 0 0 0 -1.78413 100 22 0 0 0 0 0 0 0 0 0 0 0
1100 -184.048 0 0 0 -1.14495 100 61 0.400516 100 18 0 0 0 -2.09548 100 27 0 0 0 0 0 0 0 0 0 0 0
1200 -190.367 0 0 0 -2.99238 100 69 -0.0271788 100 16 0 0 0 -2.46262 100 23 0 0 0 0 0 0 0 0 0 0 0
1300 -185.172 0 0 0 0.303452 100 61 0.525729 100 28 0 0 0 -2.2876 100 31 0 0 0 0 0 0 0 0 0 0 0
1400 -185.743 0 0 0 -2.36202 100 60 1.00575 100 22 0 0 0 -2.04621 100 20 0 0 0 0 0 0 0 0 0 0 0
1500 -184.726 0 0 0 -1.53316 100 66 2.2441 100 22 0 0 0 -2.21313 100 15 0 0 0 0 0 0 0 0 0 0 0
1600 -185.882 0 0 0 -0.149414 100 56 2.84171 100 30 0 0 0 -2.7742 100 26 0 0 0 0 0 0 0 0 0 0 0
1700 -185.022 0 0 0 -0.0368523 100 56 -0.198947 100 20 0 0 0 -2.06744 100 27 0 0 0 0 0 0 0 0 0 0 0
1800 -185.717 0 0 0 0.400061 100 63 0.19194 100 25 0 0 0 -2.19184 100 31 0 0 0 0 0 0 0 0 0 0 0
1900 -187.716 0 0 0 0.577329 100 61 5.4745 100 11 0 0 0 -2.63896 100 20 0 0 0 0 0 0 0 0 0 0 0
2000 -184.167 0 0 0 -0.47718 100 65 3.15463 100 20 0 0 0 -2.53678 100 22 0 0 0 0 0 0 0 0 0 0 0
2100 -183.856 0 0 0 -0.45502 100 61 1.90115 100 16 0 0 0 -2.21682 100 24 0 0 0 0 0 0 0 0 0 0 0
2200 -185.484 0 0 0 0.726216 100 65 3.01956 100 19 0 0 0 -2.47843 100 24 0 0 0 0 0 0 0 0 0 0 0
2300 -184.363 0 0 0 -1.2174 100 69 -0.162817 100 21 0 0 0 -2.02698 100 34 0 0 0 0 0 0 0 0 0 0 0
2400 -184.588 0 0 0 0.133746 100 56 2.30498 100 17 0 0 0 -2.56797 100 20 0 0 0 0 0 0 0 0 0 0 0
2500 -184.067 0 0 0 -0.146829 100 71 1.40125 100 16 0 0 0 -2.18093 100 23 0 0 0 0 0 0 0 0 0 0 0
2600 -184.353 0 0 0 -1.48906 100 67 0.354566 100 15 0 0 0 -2.09096 100 25 0 0 0 0 0 0 0 0 0 0 0
2700 -184.685 0 0 0 -0.250301 100 64 2.20635 100 28 0 0 0 -2.15859 100 28 0 0 0 0 0 0 0 0 0 0 0
2800 -185.514 0 0 0 -1.23059 100 59 2.00383 100 23 0 0 0 -2.57068 100 19 0 0 0 0 0 0 0 0 0 0 0
2900 -185.507 0 0 0 0.340656 100 67 0.267653 100 27 0 0 0 -2.27175 100 26 0 0 0 0 0 0 0 0 0 0 0
3000 -186.377 0 0 0 -0.111594 100 65 2.81328 100 20 0 0 0 -2.81409 100 24 0 0 0 0 0 0 0 0 0 0 0
3100 -187.937 0 0 0 0.504847 100 64 2.57737 100 23 0 0 0 -2.89886 100 22 0 0 0 0 0 0 0 0 0 0 0
3200 -184.232 0 0 0 -1.30663 100 62 0.770654 100 24 0 0 0 -2.0557 100 26 0 0 0 0 0 0 0 0 0 0 0
3300 -185.774 0 0 0 -1.57742 100 60 3.1042 100 24 0 0 0 -2.25101 100 30 0 0 0 0 0 0 0 0 0 0 0
3400 -186.977 0 0 0 0.334522 100 65 4.23049 100 14 0 0 0 -2.98729 100 19 0 0 0 0 0 0 0 0 0 0 0
3500 -185.682 0 0 0 0.0312622 100 57 3.89591 100 20 0 0 0 -2.38214 100 20 0 0 0 0 0 0 0 0 0 0 0
3600 -184.766 0 0 0 -0.376536 100 62 1.73885 100 15 0 0 0 -2.07838 100 26 0 0 0 0 0 0 0 0 0 0 0
3700 -186.432 0 0 0 0.605486 100 66 0.528152 100 27 0 0 0 -2.4053 100 29 0 0 0 0 0 0 0 0 0 0 0
3800 -183.764 0 0 0 -0.354355 100 68 1.88875 100 15 0 0 0 -2.25439 100 23 0 0 0 0 0 0 0 0 0 0 0
3900 -183.803 0 0 0 -0.712032 100 63 1.09548 100 25 0 0 0 -2.13364 100 21 0 0 0 0 0 0 0 0 0 0 0
4000 -185.325 0 0 0 -0.438097 100 63 0.560411 100 25 0 0 0 -2.44064 100 33 0 0 0 0 0 0 0 0 0 0 0
4100 -185.609 0 0 0 -2.02683 100 52 1.30526 100 21 0 0 0 -2.3656 100 21 0 0 0 0 0 0 0 0 0 0 0
4200 -184.194 0 0 0 -0.133811 100 58 3.02345 100 22 0 0 0 -2.56515 100 28 0 0 0 0 0 0 0 0 0 0 0
4300 -185.932 0 0 0 -0.110779 100 61 3.19265 100 25 0 0 0 -2.21477 100 25 0 0 0 0 0 0 0 0 0 0 0
4400 -184.582 0 0 0 -0.645521 100 60 0.71695 100 23 0 0 0 -1.97967 100 20 0 0 0 0 0 0 0 0 0 0 0
4500 -185.534 0 0 0 0.638768 100 60 4.21576 100 21 0 0 0 -2.71081 100 20 0 0 0 0 0 0 0 0 0 0 0
4600 -187.044 0 0 0 0.199699 100 64 -0.662558 100 19 0 0 0 -2.34665 100 17 0 0 0 0 0 0 0 0 0 0 0
4700 -184.656 0 0 0 -1.80149 100 55 1.38988 100 12 0 0 0 -2.22001 100 21 0 0 0 0 0 0 0 0 0 0 0
4800 -185.024 0 0 0 0.0720384 100 63 -0.023888 100 23 0 0 0 -2.13203 100 21 0 0 0 0 0 0 0 0 0 0 0
4900 -184.478 0 0 0 -1.14286 100 52 -0.410643 100 27 0 0 0 -2.04772 100 25 0 0 0 0 0 0 0 0 0 0 0
5000 -184.558 0 0 0 -1.00753 100 62 3.31565 100 28 0 0 0 -2.45398 100 23 0 0 0 0 0 0 0 0 0 0 0
5100 -184.489 0 0 0 -1.15917 100 67 1.6505 100 15 0 0 0 -2.08843 100 28 0 0 0 0 0 0 0 0 0 0 0
5200 -184.817 0 0 0 -0.42627 100 62 4.09377 100 25 0 0 0 -2.60744 100 20 0 0 0 0 0 0 0 0 0 0 0
5300 -185.389 0 0 0 -1.16164 100 65 0.170627 100 15 0 0 0 -1.84849 100 25 0 0 0 0 0 0 0 0 0 0 0
5400 -184.167 0 0 0 -0.177448 100 57 3.09676 100 15 0 0 0 -2.4064 100 22 0 0 0 0 0 0 0 0 0 0 0
5500 -183.696 0 0 0 -0.641494 100 60 1.04216 100 23 0 0 0 -2.20653 100 25 0 0 0 0 0 0 0 0 0 0 0
5600 -184.475 0 0 0 0.0274733 100 60 0.780152 100 26 0 0 0 -2.14932 100 29 0 0 0 0 0 0 0 0 0 0 0
5700 -185.993 0 0 0 0.811656 100 68 4.36134 100 22 0 0 0 -2.70923 100 24 0 0 0 0 0 0 0 0 0 0 0
5800 -188.43 0 0 0 0.610523 100 56 1.24728 100 17 0 0 0 -1.99637 100 25 0 0 0 0 0 0 0 0 0 0 0
5900 -184.577 0 0 0 -0.563246 100 63 1.72363 100 18 0 0 0 -2.51094 100 23 0 0 0 0 0 0 0 0 0 0 0
6000 -184.321 0 0 0 -1.52028 100 69 0.747868 100 23 0 0 0 -2.17256 100 21 0 0 0 0 0 0 0 0 0 0 0
6100 -185.945 0 0 0 -1.42719 100 55 3.86032 100 23 0 0 0 -2.4083 100 22 0 0 0 0 0 0 0 0 0 0 0
6200 -185.538 0 0 0 -0.0288515 100 58 3.54206 100 27 0 0 0 -2.31824 100 30 0 0 0 0 0 0 0 0 0 0 0
6300 -183.876 0 0 0 -0.600318 100 60 1.51214 100 24 0 0 0 -2.15469 100 23 0 0 0 0 0 0 0 0 0 0 0
6400 -187.753 0 0 0 -1.93362 100 68 -0.923496 100 11 0 0 0 -1.63767 100 21 0 0 0 0 0 0 0 0 0 0 0
6500 -185.773 0 0 0 -0.600714 100 59 -1.62516 100 20 0 0 0 -1.90027 100 17 0 0 0 0 0 0 0 0 0 0 0
6600 -184.4 0 0 0 -0.502241 100 58 0.251694 100 23 0 0 0 -2.26387 100 34 0 0 0 0 0 0 0 0 0 0 0
6700 -188.721 0 0 0 1.4267 100 62 4.42859 100 23 0 0 0 -3.003 100 26 0 0 0 0 0 0 0 0 0 0 0
6800 -184.734 0 0 0 -1.57447 100 51 2.06497 100 22 0 0 0 -2.18395 100 24 0 0 0 0 0 0 0 0 0 0 0
6900 -184.833 0 0 0 -0.780144 100 61 -0.558467 100 19 0 0 0 -2.15751 100 26 0 0 0 0 0 0 0 0 0 0 0
7000 -184.35 0 0 0 0.143353 100 66 1.34874 100 28 0 0 0 -2.36319 100 22 0 0 0 0 0 0 0 0 0 0 0
7100 -185.487 0 0 0 -2.01568 100 64 1.51997 100 17 0 0 0 -2.06252 100 24 0 0 0 0 0 0 0 0 0 0 0
7200 -184.352 0 0 0 -1.15679 100 63 -0.204854 100 19 0 0 0 -2.06659 100 27 0 0 0 0 0 0 0 0 0 0 0
7300 -186.58 0 0 0 0.973904 100 63 3.13955 100 20 0 0 0 -2.75063 100 19 0 0 0 0 0 0 0 0 0 0 0
7400 -184.634 0 0 0 -0.0547701 100 66 3.03486 100 23 0 0 0 -2.32117 100 24 0 0 0 0 0 0 0 0 0 0 0
7500 -183.771 0 0 0 -0.855834 100 63 0.972118 100 21 0 0 0 -2.22327 100 17 0 0 0 0 0 0 0 0 0 0 0
7600 -185.959 0 0 0 -2.07886 100 75 0.345508 100 21 0 0 0 -2.28227 100 19 0 0 0 0 0 0 0 0 0 0 0
7700 -185.169 0 0 0 -0.937603 100 63 1.06913 100 19 0 0 0 -2.46732 100 20 0 0 0 0 0 0 0 0 0 0 0
7800 -185.681 0 0 0 -1.48081 100 62 -0.548918 100 12 0 0 0 -1.79762 100 28 0 0 0 0 0 0 0 0 0 0 0
7900 -183.886 0 0 0 -0.183188 100 62 2.42138 100 24 0 0 0 -2.33695 100 22 0 0 0 0 0 0 0 0 0 0 0
8000 -185.591 0 0 0 0.430465 100 64 2.08533 100 26 0 0 0 -2.63511 100 24 0 0 0 0 0 0 0 0 0 0 0
8100 -184.241 0 0 0 -1.0338 100 65 0.545667 100 22 0 0 0 -2.25642 100 23 0 0 0 0 0 0 0 0 0 0 0
8200 -184.215 0 0 0 -0.577787 100 70 3.30161 100 12 0 0 0 -2.49277 100 25 0 0 0 0 0 0 0 0 0 0 0
8300 -183.783 0 0 0 -0.620007 100 66 1.45768 100 20 0 0 0 -2.17094 100 18 0 0 0 0 0 0 0 0 0 0 0
8400 -184.45 0 0 0 -0.805151 100 53 1.53935 100 24 0 0 0 -2.06538 100 24 0 0 0 0 0 0 0 0 0 0 0
8500 -184.562 0 0 0 0.184914 100 67 1.12112 100 21 0 0 0 -2.21062 100 23 0 0 0 0 0 0 0 0 0 0 0
8600 -186.836 0 0 0 -2.48557 100 58 2.34937 100 18 0 0 0 -2.4952 100 27 0 0 0 0 0 0 0 0 0 0 0
8700 -186.39 0 0 0 0.0946294 100 64 -0.153671 100 22 0 0 0 -2.39919 100 21 0 0 0 0 0 0 0 0 0 0 0
8800 -183.897 0 0 0 -0.924215 100 52 1.36998 100 20 0 0 0 -2.13895 100 32 0 0 0 0 0 0 0 0 0 0 0
8900 -184.781 0 0 0 -0.847328 100 63 2.71637 100 25 0 0 0 -2.20937 100 21 0 0 0 0 0 0 0 0 0 0 0
9000 -183.94 0 0 0 -0.926233 100 61 0.471188 100 23 0 0 0 -2.16556 100 22 0 0 0 0 0 0 0 0 0 0 0
9100 -183.958 0 0 0 -0.75841 100 66 2.12701 100 18 0 0 0 -2.22417 100 19 0 0 0 0 0 0 0 0 0 0 0
9200 -185.035 0 0 0 -1.00179 100 58 2.13157 100 24 0 0 0 -2.08875 100 16 0 0 0 0 0 0 0 0 0 0 0
9300 -184.114 0 0 0 -1.19198 100 62 0.567009 100 20 0 0 0 -2.05972 100 27 0 0 0 0 0 0 0 0 0 0 0
9400 -184.236 0 0 0 -0.106183 100 63 0.590642 100 17 0 0 0 -2.1944 100 19 0 0 0 0 0 0 0 0 0 0 0
9500 -185.073 0 0 0 0.0821551 100 66 4.11003 100 16 0 0 0 -2.5246 100 28 0 0 0 0 0 0 0 0 0 0 0
9600 -183.945 0 0 0 -0.410699 100 66 1.35971 100 27 0 0 0 -2.14525 100 20 0 0 0 0 0 0 0 0 0 0 0
9700 -184.774 0 0 0 -1.38909 100 66 2.52762 100 20 0 0 0 -2.47914 100 19 0 0 0 0 0 0 0 0 0 0 0
9800 -184.247 0 0 0 -0.164297 100 59 0.502803 100 24 0 0 0 -2.14121 100 23 0 0 0 0 0 0 0 0 0 0 0
9900 -184.022 0 0 0 -0.106528 100 67 2.79257 100 20 0 0 0 -2.39095 100 15 0 0 0 0 0 0 0 0 0 0 0
10000 -184.755 0 0 0 -1.3071 100 58 0.266626 100 19 0 0 0 -2.25597 100 29 0 0 0 0 0 0 0 0 0 0 0
10100 -186.798 0 0 0 -0.0989943 100 69 -0.785243 100 22 0 0 0 -2.33774 100 24 0 0 0 0 0 0 0 0 0 0 0
10200 -185.056 0 0 0 -0.675866 100 57 2.80301 100 18 0 0 0 -2.19237 100 23 0 0 0 0 0 0 0 0 0 0 0
10300 -184.732 0 0 0 0.397807 100 67 1.83415 100 19 0 0 0 -2.3186 100 20 0 0 0 0 0 0 0 0 0 0 0
10400 -184.935 0 0 0 -1.75157 100 63 -0.286363 100 17 0 0 0 -2.03135 100 26 0 0 0 0 0 0 0 0 0 0 0
10500 -186.134 0 0 0 -1.3987 100 62 -1.08168 100 20 0 0 0 -2.17667 100 26 0 0 0 0 0 0 0 0 0 0 0
10600 -184.406 0 0 0 -0.609348 100 67 3.00583 100 24 0 0 0 -2.31384 100 27 0 0 0 0 0 0 0 0 0 0 0
10700 -183.708 0 0 0 -0.592125 100 67 1.01827 100 25 0 0 0 -2.19538 100 27 0 0 0 0 0 0 0 0 0 0 0
10800 -185.416 0 0 0 0.126747 100 62 -0.203287 100 18 0 0 0 -2.07454 100 23 0 0 0 0 0 0 0 0 0 0 0
10900 -183.69 0 0 0 -0.496847 100 66 1.96034 100 21 0 0 0 -2.36433 100 32 0 0 0 0 0 0 0 0 0 0 0
11000 -184.937 0 0 0 -0.367318 100 71 0.685219 100 23 0 0 0 -2.41802 100 20 0 0 0 0 0 0 0 0 0 0 0
11100 -184.201 0 0 0 -1.18615 100 67 1.64993 100 24 0 0 0 -2.36591 100 29 0 0 0 0 0 0 0 0 0 0 0
11200 -188.818 0 0 0 -1.04313 100 51 5.83503 100 14 0 0 0 -3.05802 100 27 0 0 0 0 0 0 0 0 0 0 0
11300 -183.818 0 0 0 -0.375688 100 57 1.245 100 25 0 0 0 -2.17749 100 19 0 0 0 0 0 0 0 0 0 0 0
11400 -185.254 0 0 0 -0.932258 100 66 4.01812 100 19 0 0 0 -2.64781 100 22 0 0 0 0 0 0 0 0 0 0 0
11500 -184.256 0 0 0 -0.0993088 100 61 1.68837 100 18 0 0 0 -2.17928 100 15 0 0 0 0 0 0 0 0 0 0 0
11600 -187.598 0 0 0 -0.862882 100 67 -3.01987 100 16 0 0 0 -1.80792 100 19 0 0 0 0 0 0 0 0 0 0 0
11700 -183.919 0 0 0 -0.39513 100 62 2.09628 100 26 0 0 0 -2.23661 100 25 0 0 0 0 0 0 0 0 0 0 0
11800 -188.561 0 0 0 0.340212 100 50 5.23508 100 19 0 0 0 -3.17779 100 24 0 0 0 0 0 0 0 0 0 0 0
11900 -187.334 0 0 0 -1.69223 100 66 -1.95273 100 26 0 0 0 -1.64186 100 30 0 0 0 0 0 0 0 0 0 0 0
12000 -184.439 0 0 0 -0.198658 100 61 0.176005 100 26 0 0 0 -2.09406 100 21 0 0 0 0 0 0 0 0 0 0 0
12100 -185.337 0 0 0 -2.23371 100 64 0.625598 100 20 0 0 0 -2.1153 100 27 0 0 0 0 0 0 0 0 0 0 0
12200 -187.483 0 0 0 -2.44052 100 65 0.101242 100 24 0 0 0 -2.34169 100 24 0 0 0 0 0 0 0 0 0 0 0
12300 -184.175 0 0 0 -0.501899 100 66 3.10188 100 17 0 0 0 -2.54016 100 28 0 0 0 0 0 0 0 0 0 0 0
12400 -185.781 0 0 0 -1.76634 100 68 3.09692 100 24 0 0 0 -2.28804 100 14 0 0 0 0 0 0 0 0 0 0 0
12500 -185.68 0 0 0 -0.424112 100 63 3.01814 100 12 0 0 0 -2.75748 100 21 0 0 0 0 0 0 0 0 0 0 0
12600 -186.517 0 0 0 0.239675 100 52 -0.769206 100 18 0 0 0 -2.22258 100 21 0 0 0 0 0 0 0 0 0 0 0
12700 -184.398 0 0 0 -1.53828 100 62 1.86227 100 21 0 0 0 -2.23698 100 19 0 0 0 0 0 0 0 0 0 0 0
12800 -184.652 0 0 0 -1.56528 100 63 2.41851 100 17 0 0 0 -2.31377 100 23 0 0 0 0 0 0 0 0 0 0 0
12900 -186.93 0 0 0 1.07209 100 65 4.40103 100 29 0 0 0 -2.87326 100 18 0 0 0 0 0 0 0 0 0 0 0
13000 -186.436 0 0 0 -1.30441 100 67 4.06073 100 24 0 0 0 -2.37652 100 24 0 0 0 0 0 0 0 0 0 0 0
13100 -184.919 0 0 0 0.511356 100 63 2.44744 100 24 0 0 0 -2.38928 100 24 0 0 0 0 0 0 0 0 0 0 0
13200 -185.671 0 0 0 -0.740598 100 58 -1.47788 100 21 0 0 0 -2.05447 100 21 0 0 0 0 0 0 0 0 0 0 0
13300 -184.582 0 0 0 -0.319761 100 60 3.57332 100 27 0 0 0 -2.64761 100 27 0 0 0 0 0 0 0 0 0 0 0
13400 -184.284 0 0 0 -0.431939 100 64 0.277999 100 18 0 0 0 -2.24001 100 25 0 0 0 0 0 0 0 0 0 0 0
13500 -184.793 0 0 0 -1.70147 100 60 0.747316 100 22 0 0 0 -2.01447 100 24 0 0 0 0 0 0 0 0 0 0 0
13600 -183.673 0 0 0 -0.407736 100 60 1.55134 100 16 0 0 0 -2.2538 100 13 0 0 0 0 0 0 0 0 0 0 0
13700 -185.592 0 0 0 -0.00117764 100 62 -0.158223 100 22 0 0 0 -2.31324 100 21 0 0 0 0 0 0 0 0 0 0 0
13800 -185.708 0 0 0 -0.817592 100 60 4.58052 100 22 0 0 0 -2.69402 100 29 0 0 0 0 0 0 0 0 0 0 0
13900 -186.244 0 0 0 -0.579401 100 64 0.689672 100 19 0 0 0 -2.53686 100 18 0 0 0 0 0 0 0 0 0 0 0
14000 -183.704 0 0 0 -0.484747 100 69 2.25888 100 15 0 0 0 -2.36458 100 30 0 0 0 0 0 0 0 0 0 0 0
14100 -187.482 0 0 0 -0.709971 100 56 0.143122 100 19 0 0 0 -2.54515 100 27 0 0 0 0 0 0 0 0 0 0 0
14200 -185.67 0 0 0 0.197601 100 61 0.314706 100 18 0 0 0 -2.3874 100 24 0 0 0 0 0 0 0 0 0 0 0
14300 -186.764 0 0 0 0.349459 100 56 0.160009 100 10 0 0 0 -2.45856 100 29 0 0 0 0 0 0 0 0 0 0 0
14400 -184.31 0 0 0 -0.152512 100 65 0.548547 100 24 0 0 0 -2.11637 100 22 0 0 0 0 0 0 0 0 0 0 0
14500 -183.658 0 0 0 -0.546395 100 52 1.90396 100 20 0 0 0 -2.33625 100 15 0 0 0 0 0 0 0 0 0 0 0
14600 -185.125 0 0 0 -1.77068 100 54 -0.566077 100 13 0 0 0 -2.0027 100 19 0 0 0 0 0 0 0 0 0 0 0
14700 -185.223 0 0 0 0.264054 100 66 0.284109 100 24 0 0 0 -2.23158 100 20 0 0 0 0 0 0 0 0 0 0 0
14800 -185.551 0 0 0 -0.350329 100 56 3.23292 100 23 0 0 0 -2.76599 100 23 0 0 0 0 0 0 0 0 0 0 0
14900 -183.946 0 0 0 -0.0938432 100 60 1.30903 100 24 0 0 0 -2.25332 100 23 0 0 0 0 0 0 0 0 0 0 0
15000 -184.771 0 0 0 -1.29309 100 55 1.29102 100 27 0 0 0 -2.40315 100 22 0 0 0 0 0 0 0 0 0 0 0
15100 -183.818 0 0 0 -0.141716 100 63 1.83702 100 20 0 0 0 -2.29783 100 26 0 0 0 0 0 0 0 0 0 0 0
15200 -184.888 0 0 0 -1.73656 100 62 0.998008 100 19 0 0 0 -2.29016 100 23 0 0 0 0 0 0 0 0 0 0 0
15300 -183.864 0 0 0 -0.983472 100 60 1.36456 100 16 0 0 0 -2.15533 100 29 0 0 0 0 0 0 0 0 0 0 0
15400 -184.716 0 0 0 -1.03871 100 55 -0.163563 100 10 0 0 0 -2.20807 100 17 0 0 0 0 0 0 0 0 0 0 0
15500 -183.864 0 0 0 -0.368324 100 62 2.26973 100 25 0 0 0 -2.45203 100 19 0 0 0 0 0 0 0 0 0 0 0
15600 -185.044 0 0 0 -0.203561 100 53 -0.53423 100 21 0 0 0 -2.13742 100 23 0 0 0 0 0 0 0 0 0 0 0
15700 -184.583 0 0 0 -0.263258 100 57 1.56002 100 27 0 0 0 -2.50044 100 23 0 0 0 0 0 0 0 0 0 0 0
15800 -184.268 0 0 0 -0.140129 100 56 3.34625 100 22 0 0 0 -2.57592 100 17 0 0 0 0 0 0 0 0 0 0 0
15900 -184.08 0 0 0 -0.207502 100 55 3.12266 100 18 0 0 0 -2.44764 100 26 0 0 0 0 0 0 0 0 0 0 0
16000 -185.134 0 0 0 0.274105 100 62 0.531094 100 20 0 0 0 -2.30309 100 19 0 0 0 0 0 0 0 0 0 0 0
16100 -184.254 0 0 0 0.0829287 100 61 1.38794 100 26 0 0 0 -2.36971 100 24 0 0 0 0 0 0 0 0 0 0 0
16200 -186.174 0 0 0 -2.00031 100 68 3.39156 100 24 0 0 0 -2.38697 100 23 0 0 0 0 0 0 0 0 0 0 0
16300 -184.517 0 0 0 -1.00498 100 67 3.27182 100 18 0 0 0 -2.47276 100 24 0 0 0 0 0 0 0 0 0 0 0
16400 -183.936 0 0 0 -0.623688 100 65 2.75794 100 19 0 0 0 -2.37843 100 31 0 0 0 0 0 0 0 0 0 0 0
16500 -184.332 0 0 0 -0.432788 100 53 3.4075 100 22 0 0 0 -2.43865 100 22 0 0 0 0 0 0 0 0 0 0 0
16600 -184.607 0 0 0 -0.712021 100 65 2.87721 100 16 0 0 0 -2.25819 100 26 0 0 0 0 0 0 0 0 0 0 0
16700 -185.592 0 0 0 -0.82126 100 57 2.06974 100 23 0 0 0 -2.63154 100 22 0 0 0 0 0 0 0 0 0 0 0
16800 -185.284 0 0 0 -0.584761 100 60 4.4331 100 24 0 0 0 -2.63238 100 31 0 0 0 0 0 0 0 0 0 0 0
16900 -184.735 0 0 0 -1.1003 100 61 1.74336 100 21 0 0 0 -2.06707 100 26 0 0 0 0 0 0 0 0 0 0 0
17000 -185.026 0 0 0 0.0519382 100 64 -0.0841726 100 22 0 0 0 -2.16131 100 28 0 0 0 0 0 0 0 0 0 0 0
17100 -184.256 0 0 0 -1.41684 100 59 0.93256 100 17 0 0 0 -2.0881 100 31 0 0 0 0 0 0 0 0 0 0 0
17200 -187.021 0 0 0 -2.61855 100 56 -0.88186 100 23 0 0 0 -1.80092 100 25 0 0 0 0 0 0 0 0 0 0 0
17300 -184.564 0 0 0 -1.61766 100 70 2.04046 100 18 0 0 0 -2.31294 100 28 0 0 0 0 0 0 0 0 0 0 0
17400 -184.292 0 0 0 -0.889309 100 57 2.49462 100 17 0 0 0 -2.50026 100 19 0 0 0 0 0 0 0 0 0 0 0
17500 -184.659 0 0 0 -0.0954506 100 58 0.368267 100 20 0 0 0 -2.06465 100 22 0 0 0 0 0 0 0 0 0 0 0
17600 -184.14 0 0 0 -1.01889 100 57 1.9534 100 20 0 0 0 -2.17772 100 25 0 0 0 0 0 0 0 0 0 0 0
17700 -185.366 0 0 0 0.391511 100 63 1.84932 100 21 0 0 0 -2.19942 100 19 0 0 0 0 0 0 0 0 0 0 0
17800 -183.767 0 0 0 -0.692278 100 63 2.15035 100 14 0 0 0 -2.28284 100 23 0 0 0 0 0 0 0 0 0 0 0
17900 -185.173 0 0 0 -0.884826 100 67 -1.11838 100 21 0 0 0 -1.88616 100 26 0 0 0 0 0 0 0 0 0 0 0
18000 -183.836 0 0 0 -0.398008 100 60 1.56469 100 16 0 0 0 -2.37363 100 26 0 0 0 0 0 0 0 0 0 0 0
18100 -186.036 0 0 0 -1.6488 100 59 0.620632 100 24 0 0 0 -1.85177 100 22 0 0 0 0 0 0 0 0 0 0 0
18200 -185.081 0 0 0 -0.952507 100 65 2.68218 100 18 0 0 0 -2.17473 100 27 0 0 0 0 0 0 0 0 0 0 0
18300 -184.291 0 0 0 -0.790261 100 61 0.848754 100 25 0 0 0 -2.3422 100 16 0 0 0 0 0 0 0 0 0 0 0
18400 -184.124 0 0 0 -1.0619 100 63 2.35759 100 22 0 0 0 -2.41356 100 16 0 0 0 0 0 0 0 0 0 0 0
18500 -183.693 0 0 0 -0.364348 100 61 1.73697 100 21 0 0 0 -2.26668 100 31 0 0 0 0 0 0 0 0 0 0 0
18600 -184.565 0 0 0 0.126781 100 61 1.0441 100 17 0 0 0 -2.17387 100 15 0 0 0 0 0 0 0 0 0 0 0
18700 -185.822 0 0 0 0.651345 100 59 4.13276 100 23 0 0 0 -2.56417 100 17 0 0 0 0 0 0 0 0 0 0 0
18800 -184.276 0 0 0 -1.53421 100 56 1.24475 100 22 0 0 0 -2.18764 100 21 0 0 0 0 0 0 0 0 0 0 0
18900 -186.473 0 0 0 0.0895586 100 64 0.0988974 100 21 0 0 0 -1.90827 100 27 0 0 0 0 0 0 0 0 0 0 0
19000 -183.721 0 0 0 -0.776056 100 58 1.44833 100 23 0 0 0 -2.29698 100 20 0 0 0 0 0 0 0 0 0 0 0
19100 -183.697 0 0 0 -0.42967 100 59 2.20915 100 14 0 0 0 -2.3662 100 20 0 0 0 0 0 0 0 0 0 0 0
19200 -186.021 0 0 0 0.598217 100 58 4.92593 100 23 0 0 0 -2.78582 100 29 0 0 0 0 0 0 0 0 0 0 0
19300 -184.074 0 0 0 -0.192491 100 65 1.94749 100 23 0 0 0 -2.21717 100 21 0 0 0 0 0 0 0 0 0 0 0
19400 -185.947 0 0 0 -0.941015 100 58 2.75421 100 19 0 0 0 -2.7128 100 26 0 0 0 0 0 0 0 0 0 0 0
19500 -184.862 0 0 0 -0.350529 100 69 4.13039 100 25 0 0 0 -2.65435 100 15 0 0 0 0 0 0 0 0 0 0 0
19600 -184.445 0 0 0 -0.0630973 100 56 2.87453 100 12 0 0 0 -2.31856 100 28 0 0 0 0 0 0 0 0 0 0 0
19700 -184.322 0 0 0 -1.29322 100 56 1.10528 100 21 0 0 0 -2.06224 100 23 0 0 0 0 0 0 0 0 0 0 0
19800 -188.135 0 0 0 -0.796907 100 66 2.20516 100 23 0 0 0 -1.90588 100 21 0 0 0 0 0 0 0 0 0 0 0
19900 -184.978 0 0 0 -1.47288 100 60 -0.76624 100 26 0 0 0 -2.01462 100 26 0 0 0 0 0 0 0 0 0 0 0
20000 -184.111 0 0 0 -1.1815 100 58 1.03176 100 19 0 0 0 -2.08355 100 18 0 0 0 0 0 0 0 0 0 0 0
20100 -184.771 0 0 0 -1.61654 100 63 1.25952 100 17 0 0 0 -2.05546 100 28 0 0 0 0 0 0 0 0 0 0 0
20200 -184.324 0 0 0 -0.036043 100 59 0.726645 100 21 0 0 0 -2.16424 100 27 0 0 0 0 0 0 0 0 0 0 0
20300 -183.859 0 0 0 -0.392853 100 59 2.39155 100 20 0 0 0 -2.45603 100 26 0 0 0 0 0 0 0 0 0 0 0
20400 -187.397 0 0 0 -0.0537801 100 62 0.680188 100 33 0 0 0 -2.63063 100 38 0 0 0 0 0 0 0 0 0 0 0
20500 -184.573 0 0 0 -0.627173 100 68 1.21738 100 23 0 0 0 -2.44475 100 29 0 0 0 0 0 0 0 0 0 0 0
20600 -189.165 0 0 0 -2.45562 100 63 1.07863 100 23 0 0 0 -2.59287 100 23 0 0 0 0 0 0 0 0 0 0 0
20700 -184.539 0 0 0 0.0668867 100 60 2.69548 100 17 0 0 0 -2.6056 100 19 0 0 0 0 0 0 0 0 0 0 0
20800 -185.071 0 0 0 -0.0379069 100 70 0.676414 100 27 0 0 0 -2.41543 100 21 0 0 0 0 0 0 0 0 0 0 0
20900 -185.125 0 0 0 0.122752 100 63 1.60148 100 19 0 0 0 -2.55277 100 32 0 0 0 0 0 0 0 0 0 0 0
21000 -184.093 0 0 0 -1.23081 100 65 1.47589 100 25 0 0 0 -2.14843 100 26 0 0 0 0 0 0 0 0 0 0 0
21100 -185.045 0 0 0 -0.852818 100 60 -0.693215 100 20 0 0 0 -2.16081 100 19 0 0 0 0 0 0 0 0 0 0 0
21200 -187.536 0 0 0 -1.22336 100 63 0.956654 100 30 0 0 0 -1.77785 100 23 0 0 0 0 0 0 0 0 0 0 0
21300 -185.249 0 0 0 -0.917844 100 70 2.04964 100 19 0 0 0 -2.05547 100 31 0 0 0 0 0 0 0 0 0 0 0
21400 -186.573 0 0 0 -2.24025 100 61 3.43929 100 29 0 0 0 -2.43698 100 24 0 0 0 0 0 0 0 0 0 0 0
21500 -185.39 0 0 0 -0.678595 100 66 2.93678 100 22 0 0 0 -2.18565 100 36 0 0 0 0 0 0 0 0 0 0 0
21600 -184.221 0 0 0 0.0157035 100 57 2.43854 100 21 0 0 0 -2.52775 100 27 0 0 0 0 0 0 0 0 0 0 0
21700 -183.942 0 0 0 -0.131163 100 61 1.81366 100 20 0 0 0 -2.24857 100 20 0 0 0 0 0 0 0 0 0 0 0
21800 -185.734 0 0 0 -1.20443 100 65 2.00628 100 29 0 0 0 -2.01839 100 20 0 0 0 0 0 0 0 0 0 0 0
21900 -184.407 0 0 0 -0.193725 100 59 1.0432 100 28 0 0 0 -2.08696 100 29 0 0 0 0 0 0 0 0 0 0 0
22000 -185.182 0 0 0 -0.565766 100 63 0.822408 100 17 0 0 0 -2.46129 100 26 0 0 0 0 0 0 0 0 0 0 0
22100 -183.701 0 0 0 -0.521783 100 57 2.0097 100 26 0 0 0 -2.37175 100 29 0 0 0 0 0 0 0 0 0 0 0
22200 -185.494 0 0 0 0.575647 100 67 3.13001 100 26 0 0 0 -2.39722 100 22 0 0 0 0 0 0 0 0 0 0 0
22300 -184.691 0 0 0 -1.35256 100 70 2.92398 100 18 0 0 0 -2.36891 100 29 0 0 0 0 0 0 0 0 0 0 0
22400 -184.183 0 0 0 -1.40629 100 55 0.798209 100 24 0 0 0 -2.17839 100 29 0 0 0 0 0 0 0 0 0 0 0
22500 -185.302 0 0 0 -0.118393 100 60 0.838696 100 19 0 0 0 -1.98881 100 25 0 0 0 0 0 0 0 0 0 0 0
22600 -183.85 0 0 0 -0.355323 100 66 2.45967 100 17 0 0 0 -2.32483 100 27 0 0 0 0 0 0 0 0 0 0 0
22700 -183.93 0 0 0 -0.792871 100 59 1.16072 100 20 0 0 0 -2.10508 100 24 0 0 0 0 0 0 0 0 0 0 0
22800 -183.678 0 0 0 -0.399266 100 65 2.08912 100 14 0 0 0 -2.33616 100 24 0 0 0 0 0 0 0 0 0 0 0
22900 -184.734 0 0 0 0.297421 100 60 3.5733 100 20 0 0 0 -2.64655 100 20 0 0 0 0 0 0 0 0 0 0 0
23000 -183.701 0 0 0 -0.512582 100 60 2.09625 100 22 0 0 0 -2.3746 100 28 0 0 0 0 0 0 0 0 0 0 0
23100 -185.76 0 0 0 -0.273861 100 67 4.21587 100 22 0 0 0 -2.84018 100 22 0 0 0 0 0 0 0 0 0 0 0
23200 -183.707 0 0 0 -0.718405 100 53 1.89416 100 17 0 0 0 -2.2606 100 21 0 0 0 0 0 0 0 0 0 0 0
23300 -188.434 0 0 0 -1.60278 100 57 -2.89862 100 22 0 0 0 -1.57598 100 24 0 0 0 0 0 0 0 0 0 0 0
23400 -185.706 0 0 0 -1.68834 100 61 1.90037 100 16 0 0 0 -2.50769 100 34 0 0 0 0 0 0 0 0 0 0 0
23500 -183.904 0 0 0 -0.999661 100 63 1.02605 100 17 0 0 0 -2.2581 100 19 0 0 0 0 0 0 0 0 0 0 0
23600 -184.411 0 0 0 -0.220336 100 59 2.12313 100 26 0 0 0 -2.1831 100 20 0 0 0 0 0 0 0 0 0 0 0
23700 -183.941 0 0 0 -0.40587 100 59 2.07112 100 15 0 0 0 -2.45541 100 19 0 0 0 0 0 0 0 0 0 0 0
23800 -184.626 0 0 0 -0.95904 100 58 0.991578 100 23 0 0 0 -1.98713 100 30 0 0 0 0 0 0 0 0 0 0 0
23900 -184.775 0 0 0 -0.14813 100 61 4.02408 100 24 0 0 0 -2.54301 100 25 0 0 0 0 0 0 0 0 0 0 0
24000 -183.743 0 0 0 -0.371852 100 59 2.29409 100 21 0 0 0 -2.40281 100 26 0 0 0 0 0 0 0 0 0 0 0
24100 -184.257 0 0 0 -0.842593 100 53 3.11657 100 24 0 0 0 -2.46179 100 21 0 0 0 0 0 0 0 0 0 0 0
24200 -184.399 0 0 0 -0.419037 100 56 0.630799 100 24 0 0 0 -2.33578 100 27 0 0 0 0 0 0 0 0 0 0 0
24300 -189.245 0 0 0 -1.6319 100 67 -3.89514 100 23 0 0 0 -1.7623 100 25 0 0 0 0 0 0 0 0 0 0 0
24400 -184.333 0 0 0 0.104602 100 60 1.27199 100 25 0 0 0 -2.22147 100 27 0 0 0 0 0 0 0 0 0 0 0
24500 -184.257 0 0 0 -0.0148844 100 54 2.98952 100 25 0 0 0 -2.57265 100 22 0 0 0 0 0 0 0 0 0 0 0
24600 -185.287 0 0 0 -1.49165 100 66 0.490816 100 24 0 0 0 -1.89654 100 24 0 0 0 0 0 0 0 0 0 0 0
24700 -185.534 0 0 0 -0.372233 100 56 1.5306 100 20 0 0 0 -1.9915 100 26 0 0 0 0 0 0 0 0 0 0 0
24800 -187.159 0 0 0 -0.62686 100 67 1.35334 100 25 0 0 0 -2.68645 100 24 0 0 0 0 0 0 0 0 0 0 0
24900 -184.741 0 0 0 -0.076 100 65 -0.0416211 100 22 0 0 0 -2.15436 100 30 0 0 0 0 0 0 0 0 0 0 0
25000 -183.943 0 0 0 -0.684513 100 60 2.7208 100 18 0 0 0 -2.37153 100 21 0 0 0 0 0 0 0 0 0 0 0
25100 -185.933 0 0 0 0.283524 100 65 2.30667 100 24 0 0 0 -2.15574 100 21 0 0 0 0 0 0 0 0 0 0 0
25200 -183.829 0 0 0 -1.01653 100 60 1.08189 100 16 0 0 0 -2.15354 100 28 0 0 0 0 0 0 0 0 0 0 0
25300 -186.247 0 0 0 -1.46885 100 63 0.122521 100 20 0 0 0 -2.38189 100 19 0 0 0 0 0 0 0 0 0 0 0
25400 -185.592 0 0 0 -1.8122 100 70 -0.479632 100 18 0 0 0 -1.84581 100 20 0 0 0 0 0 0 0 0 0 0 0
25500 -184.295 0 0 0 -1.27612 100 58 1.44878 100 20 0 0 0 -2.34537 100 25 0 0 0 0 0 0 0 0 0 0 0
25600 -185.445 0 0 0 -1.45492 100 60 2.7889 100 30 0 0 0 -2.58189 100 21 0 0 0 0 0 0 0 0 0 0 0
25700 -184.059 0 0 0 -0.669017 100 59 1.14579 100 26 0 0 0 -2.08217 100 26 0 0 0 0 0 0 0 0 0 0 0
25800 -184.188 0 0 0 -0.193856 100 59 1.11167 100 20 0 0 0 -2.12731 100 24 0 0 0 0 0 0 0 0 0 0 0
25900 -186.751 0 0 0 -0.263977 100 54 -2.02428 100 22 0 0 0 -1.92372 100 29 0 0 0 0 0 0 0 0 0 0 0
26000 -184.876 0 0 0 0.456409 100 63 2.37335 100 18 0 0 0 -2.55001 100 24 0 0 0 0 0 0 0 0 0 0 0
26100 -184.667 0 0 0 -0.764869 100 61 0.859353 100 16 0 0 0 -1.97411 100 18 0 0 0 0 0 0 0 0 0 0 0
26200 -184.906 0 0 0 -1.51155 100 67 2.69981 100 24 0 0 0 -2.28099 100 20 0 0 0 0 0 0 0 0 0 0 0
26300 -186.952 0 0 0 0.7856 100 60 3.89161 100 19 0 0 0 -2.92925 100 25 0 0 0 0 0 0 0 0 0 0 0
26400 -184.213 0 0 0 -0.110969 100 64 1.13299 100 18 0 0 0 -2.36457 100 29 0 0 0 0 0 0 0 0 0 0 0
26500 -183.705 0 0 0 -0.857088 100 63 1.66748 100 19 0 0 0 -2.2672 100 26 0 0 0 0 0 0 0 0 0 0 0
26600 -187.219 0 0 0 -2.18132 100 72 3.86245 100 23 0 0 0 -2.64727 100 25 0 0 0 0 0 0 0 0 0 0 0
26700 -184.506 0 0 0 -0.0920117 100 61 1.3614 100 20 0 0 0 -2.11717 100 29 0 0 0 0 0 0 0 0 0 0 0
26800 -184.817 0 0 0 -1.58428 100 63 -0.229115 100 24 0 0 0 -2.10104 100 22 0 0 0 0 0 0 0 0 0 0 0
26900 -186.505 0 0 0 0.438834 100 59 5.4984 100 21 0 0 0 -2.86696 100 20 0 0 0 0 0 0 0 0 0 0 0
27000 -187.307 0 0 0 0.271043 100 54 5.62126 100 24 0 0 0 -3.0565 100 23 0 0 0 0 0 0 0 0 0 0 0
27100 -185.728 0 0 0 -0.772296 100 60 0.396534 100 18 0 0 0 -1.84485 100 24 0 0 0 0 0 0 0 0 0 0 0
27200 -183.682 0 0 0 -0.614666 100 63 1.24099 100 28 0 0 0 -2.19645 100 25 0 0 0 0 0 0 0 0 0 0 0
27300 -187.305 0 0 0 -0.550226 100 61 5.82517 100 26 0 0 0 -2.83032 100 27 0 0 0 0 0 0 0 0 0 0 0
27400 -184.091 0 0 0 -1.02122 100 60 0.193463 100 23 0 0 0 -2.05855 100 25 0 0 0 0 0 0 0 0 0 0 0
27500 -184.373 0 0 0 -1.19298 100 62 2.77153 100 24 0 0 0 -2.40595 100 30 0 0 0 0 0 0 0 0 0 0 0
27600 -186.795 0 0 0 -2.99043 100 62 0.347955 100 19 0 0 0 -2.04383 100 22 0 0 0 0 0 0 0 0 0 0 0
27700 -184.395 0 0 0 -0.272046 100 58 1.8019 100 13 0 0 0 -2.50532 100 20 0 0 0 0 0 0 0 0 0 0 0
27800 -185.005 0 0 0 -0.510386 100 60 0.88748 100 17 0 0 0 -1.96057 100 23 0 0 0 0 0 0 0 0 0 0 0
27900 -184.056 0 0 0 -0.00635063 100 60 2.88471 100 19 0 0 0 -2.48197 100 36 0 0 0 0 0 0 0 0 0 0 0
28000 -184.794 0 0 0 -1.54673 100 68 0.436656 100 25 0 0 0 -1.96185 100 26 0 0 0 0 0 0 0 0 0 0 0
28100 -186.672 0 0 0 -0.828157 100 63 -1.08312 100 22 0 0 0 -2.27972 100 25 0 0 0 0 0 0 0 0 0 0 0
28200 -190.34 0 0 0 1.67132 100 55 6.25138 100 19 0 0 0 -3.00574 100 22 0 0 0 0 0 0 0 0 0 0 0
28300 -185.805 0 0 0 -1.41693 100 64 4.05013 100 34 0 0 0 -2.55941 100 21 0 0 0 0 0 0 0 0 0 0 0
28400 -186.431 0 0 0 0.45833 100 66 2.56265 100 27 0 0 0 -2.77982 100 24 0 0 0 0 0 0 0 0 0 0 0
28500 -185.875 0 0 0 -2.15501 100 70 -0.655893 100 23 0 0 0 -1.87831 100 23 0 0 0 0 0 0 0 0 0 0 0
28600 -184.898 0 0 0 -0.663471 100 63 -0.721673 100 23 0 0 0 -1.92693 100 22 0 0 0 0 0 0 0 0 0 0 0
28700 -187.705 0 0 0 1.28566 100 62 3.02812 100 22 0 0 0 -2.71982 100 29 0 0 0 0 0 0 0 0 0 0 0
28800 -184.379 0 0 0 -0.70369 100 67 1.48698 100 23 0 0 0 -2.06954 100 27 0 0 0 0 0 0 0 0 0 0 0
28900 -186.671 0 0 0 0.522973 100 54 3.02353 100 19 0 0 0 -2.84763 100 21 0 0 0 0 0 0 0 0 0 0 0
29000 -184.258 0 0 0 -0.200868 100 56 3.38176 100 30 0 0 0 -2.46533 100 17 0 0 0 0 0 0 0 0 0 0 0
29100 -183.694 0 0 0 -0.482812 100 67 1.96511 100 23 0 0 0 -2.27652 100 25 0 0 0 0 0 0 0 0 0 0 0
29200 -185.298 0 0 0 -0.0722416 100 62 1.50812 100 25 0 0 0 -2.57101 100 26 0 0 0 0 0 0 0 0 0 0 0
29300 -184.399 0 0 0 -1.52018 100 62 0.884347 100 20 0 0 0 -2.22954 100 31 0 0 0 0 0 0 0 0 0 0 0
29400 -186.785 0 0 0 -2.61083 100 66 -0.886745 100 22 0 0 0 -1.84652 100 25 0 0 0 0 0 0 0 0 0 0 0
29500 -184.171 0 0 0 -1.2025 100 60 0.379646 100 25 0 0 0 -2.16864 100 24 0 0 0 0 0 0 0 0 0 0 0
29600 -186.145 0 0 0 -1.93238 100 69 3.47115 100 19 0 0 0 -2.39439 100 21 0 0 0 0 0 0 0 0 0 0 0
29700 -184.273 0 0 0 -1.14424 100 67 -0.0640333 100 15 0 0 0 -2.09006 100 27 0 0 0 0 0 0 0 0 0 0 0
29800 -184.405 0 0 0 -0.729308 100 67 -0.397226 100 26 0 0 0 -2.06028 100 24 0 0 0 0 0 0 0 0 0 0 0
29900 -184.116 0 0 0 -1.16363 100 56 0.272375 100 24 0 0 0 -2.11805 100 23 0 0 0 0 0 0 0 0 0 0 0
30000 -184.771 0 0 0 -0.672325 100 64 3.78623 100 24 0 0 0 -2.61977 100 17 0 0 0 0 0 0 0 0 0 0 0
30100 -185.563 0 0 0 -1.31846 100 62 3.81263 100 15 0 0 0 -2.62136 100 26 0 0 0 0 0 0 0 0 0 0 0
30200 -185.357 0 0 0 0.461378 100 60 2.47146 100 26 0 0 0 -2.2851 100 31 0 0 0 0 0 0 0 0 0 0 0
30300 -184.445 0 0 0 -1.37876 100 61 -0.0422826 100 26 0 0 0 -2.01332 100 23 0 0 0 0 0 0 0 0 0 0 0
30400 -184.418 0 0 0 -0.554519 100 76 -0.26228 100 19 0 0 0 -2.02772 100 20 0 0 0 0 0 0 0 0 0 0 0
30500 -188.933 0 0 0 -3.28429 100 64 -0.361397 100 24 0 0 0 -1.7393 100 32 0 0 0 0 0 0 0 0 0 0 0
30600 -184.47 0 0 0 -0.751647 100 58 2.7382 100 16 0 0 0 -2.56456 100 24 0 0 0 0 0 0 0 0 0 0 0
30700 -184.077 0 0 0 -0.0466329 100 67 2.06324 100 21 0 0 0 -2.26719 100 18 0 0 0 0 0 0 0 0 0 0 0
30800 -185.825 0 0 0 -1.86047 100 55 -0.535937 100 22 0 0 0 -2.16519 100 22 0 0 0 0 0 0 0 0 0 0 0
30900 -184.814 0 0 0 -0.616307 100 63 -0.758964 100 26 0 0 0 -2.07575 100 19 0 0 0 0 0 0 0 0 0 0 0
31000 -184.22 0 0 0 -0.870658 100 62 -0.149018 100 17 0 0 0 -2.07744 100 35 0 0 0 0 0 0 0 0 0 0 0
31100 -184.404 0 0 0 -0.213189 100 60 1.94798 100 21 0 0 0 -2.52312 100 33 0 0 0 0 0 0 0 0 0 0 0
31200 -185.669 0 0 0 -0.817649 100 58 3.99414 100 22 0 0 0 -2.39444 100 25 0 0 0 0 0 0 0 0 0 0 0
31300 -184.93 0 0 0 0.126565 100 64 3.85488 100 22 0 0 0 -2.48762 100 29 0 0 0 0 0 0 0 0 0 0 0
31400 -184.589 0 0 0 -1.11996 100 60 -0.0938671 100 18 0 0 0 -1.93504 100 26 0 0 0 0 0 0 0 0 0 0 0
31500 -184.082 0 0 0 -0.453491 100 61 2.02129 100 17 0 0 0 -2.19017 100 19 0 0 0 0 0 0 0 0 0 0 0
31600 -184.67 0 0 0 -0.978678 100 55 3.38941 100 19 0 0 0 -2.54664 100 15 0 0 0 0 0 0 0 0 0 0 0
31700 -185.576 0 0 0 -1.10814 100 65 3.78938 100 22 0 0 0 -2.68931 100 28 0 0 0 0 0 0 0 0 0 0 0
31800 -189.517 0 0 0 -4.22504 100 60 0.531998 100 17 0 0 0 -2.1402 100 22 0 0 0 0 0 0 0 0 0 0 0
31900 -184.94 0 0 0 0.547001 100 58 2.5173 100 21 0 0 0 -2.52992 100 22 0 0 0 0 0 0 0 0 0 0 0
32000 -185.651 0 0 0 -1.4619 100 61 -0.78007 100 19 0 0 0 -1.79659 100 23 0 0 0 0 0 0 0 0 0 0 0
32100 -185.811 0 0 0 0.494433 100 59 4.59783 100 25 0 0 0 -2.83945 100 21 0 0 0 0 0 0 0 0 0 0 0
32200 -187.523 0 0 0 1.14156 100 61 1.81819 100 20 0 0 0 -2.48678 100 22 0 0 0 0 0 0 0 0 0 0 0
32300 -185.166 0 0 0 0.00287428 100 64 0.153423 100 15 0 0 0 -2.02127 100 22 0 0 0 0 0 0 0 0 0 0 0
32400 -184.395 0 0 0 -1.02489 100 69 1.4403 100 19 0 0 0 -2.06484 100 21 0 0 0 0 0 0 0 0 0 0 0
32500 -183.777 0 0 0 -0.867748 100 64 1.97275 100 19 0 0 0 -2.33376 100 32 0 0 0 0 0 0 0 0 0 0 0
32600 -185.018 0 0 0 -1.59126 100 61 1.67926 100 18 0 0 0 -2.0732 100 29 0 0 0 0 0 0 0 0 0 0 0
32700 -183.916 0 0 0 -1.00458 100 64 1.02387 100 28 0 0 0 -2.26094 100 21 0 0 0 0 0 0 0 0 0 0 0
32800 -183.767 0 0 0 -0.678799 100 69 2.34316 100 26 0 0 0 -2.34945 100 17 0 0 0 0 0 0 0 0 0 0 0
32900 -184.22 0 0 0 -1.18482 100 62 2.07544 100 18 0 0 0 -2.39884 100 25 0 0 0 0 0 0 0 0 0 0 0
33000 -187.694 0 0 0 -0.807526 100 61 0.938425 100 21 0 0 0 -2.65908 100 32 0 0 0 0 0 0 0 0 0 0 0
33100 -184.499 0 0 0 -0.823992 100 67 3.44273 100 23 0 0 0 -2.46696 100 23 0 0 0 0 0 0 0 0 0 0 0
33200 -183.92 0 0 0 -0.238081 100 66 2.15174 100 26 0 0 0 -2.45503 100 29 0 0 0 0 0 0 0 0 0 0 0
33300 -185.015 0 0 0 -1.8911 100 69 2.15062 100 22 0 0 0 -2.31305 100 18 0 0 0 0 0 0 0 0 0 0 0
33400 -186.753 0 0 0 -2.76937 100 64 2.36279 100 16 0 0 0 -2.33001 100 22 0 0 0 0 0 0 0 0 0 0 0
33500 -184.759 0 0 0 -0.533301 100 52 -0.453818 100 17 0 0 0 -1.95676 100 22 0 0 0 0 0 0 0 0 0 0 0
33600 -187.866 0 0 0 -2.03451 100 65 0.988951 100 20 0 0 0 -1.79576 100 28 0 0 0 0 0 0 0 0 0 0 0
33700 -184.239 0 0 0 -1.30451 100 63 0.20371 100 17 0 0 0 -2.09323 100 29 0 0 0 0 0 0 0 0 0 0 0
33800 -190.183 0 0 0 -2.04488 100 64 1.10198 100 20 0 0 0 -2.7106 100 23 0 0 0 0 0 0 0 0 0 0 0
33900 -184.21 0 0 0 -0.0986913 100 64 3.24396 100 14 0 0 0 -2.55872 100 26 0 0 0 0 0 0 0 0 0 0 0
34000 -184.616 0 0 0 -0.230971 100 68 0.220003 100 22 0 0 0 -2.27472 100 21 0 0 0 0 0 0 0 0 0 0 0
34100 -183.938 0 0 0 -0.789789 100 60 0.715934 100 25 0 0 0 -2.07855 100 30 0 0 0 0 0 0 0 0 0 0 0
34200 -186.106 0 0 0 -2.4798 100 61 0.91443 100 21 0 0 0 -2.0034 100 32 0 0 0 0 0 0 0 0 0 0 0
34300 -185.054 0 0 0 -0.499371 100 61 4.03223 100 26 0 0 0 -2.70448 100 31 0 0 0 0 0 0 0 0 0 0 0
34400 -184.854 0 0 0 -0.66885 100 59 1.96509 100 25 0 0 0 -2.56142 100 32 0 0 0 0 0 0 0 0 0 0 0
34500 -185.635 0 0 0 -1.18033 100 64 0.535105 100 22 0 0 0 -1.85512 100 23 0 0 0 0 0 0 0 0 0 0 0
34600 -184.336 0 0 0 -1.20508 100 52 2.69365 100 23 0 0 0 -2.38253 100 29 0 0 0 0 0 0 0 0 0 0 0
34700 -186.92 0 0 0 0.465106 100 62 2.03451 100 23 0 0 0 -2.10446 100 29 0 0 0 0 0 0 0 0 0 0 0
34800 -186.56 0 0 0 0.626914 100 58 4.06047 100 21 0 0 0 -2.44696 100 26 0 0 0 0 0 0 0 0 0 0 0
34900 -183.722 0 0 0 -0.536327 100 65 2.11985 100 16 0 0 0 -2.3852 100 22 0 0 0 0 0 0 0 0 0 0 0
35000 -188.005 0 0 0 0.89882 100 67 0.527288 100 20 0 0 0 -2.49653 100 18 0 0 0 0 0 0 0 0 0 0 0
35100 -185.102 0 0 0 -1.29632 100 60 -0.977985 100 20 0 0 0 -1.89141 100 30 0 0 0 0 0 0 0 0 0 0 0
35200 -185.56 0 0 0 -1.01486 100 63 -1.32023 100 24 0 0 0 -1.82059 100 33 0 0 0 0 0 0 0 0 0 0 0
35300 -185.115 0 0 0 -1.46611 100 59 1.02554 100 15 0 0 0 -1.96323 100 20 0 0 0 0 0 0 0 0 0 0 0
35400 -184.178 0 0 0 -0.595153 100 66 0.572255 100 16 0 0 0 -2.03477 100 21 0 0 0 0 0 0 0 0 0 0 0
35500 -187.869 0 0 0 0.467127 100 56 2.11162 100 24 0 0 0 -2.05476 100 22 0 0 0 0 0 0 0 0 0 0 0
35600 -187.373 0 0 0 -0.50109 100 54 -0.15094 100 8 0 0 0 -2.50294 100 18 0 0 0 0 0 0 0 0 0 0 0
35700 -185.888 0 0 0 -0.383466 100 65 0.178513 100 22 0 0 0 -2.43569 100 29 0 0 0 0 0 0 0 0 0 0 0
35800 -185.824 0 0 0 -0.94168 100 51 0.824676 100 22 0 0 0 -2.49653 100 35 0 0 0 0 0 0 0 0 0 0 0
35900 -185.241 0 0 0 0.673976 100 58 2.71994 100 18 0 0 0 -2.47702 100 28 0 0 0 0 0 0 0 0 0 0 0
36000 -184.871 0 0 0 -0.201592 100 64 1.47477 100 14 0 0 0 -2.06337 100 26 0 0 0 0 0 0 0 0 0 0 0
36100 -184.964 0 0 0 -0.382787 100 63 3.50302 100 13 0 0 0 -2.70903 100 19 0 0 0 0 0 0 0 0 0 0 0
36200 -184.845 0 0 0 -1.82293 100 65 0.500488 100 12 0 0 0 -2.17666 100 23 0 0 0 0 0 0 0 0 0 0 0
36300 -184.301 0 0 0 -0.601565 100 67 3.40416 100 24 0 0 0 -2.5037 100 25 0 0 0 0 0 0 0 0 0 0 0
36400 -184.286 0 0 0 -0.0680444 100 59 1.24171 100 21 0 0 0 -2.15208 100 24 0 0 0 0 0 0 0 0 0 0 0
36500 -189.253 0 0 0 0.336909 100 64 -2.39379 100 21 0 0 0 -1.94482 100 24 0 0 0 0 0 0 0 0 0 0 0
36600 -183.896 0 0 0 -0.594479 100 60 1.03163 100 19 0 0 0 -2.11189 100 29 0 0 0 0 0 0 0 0 0 0 0
36700 -189.024 0 0 0 -3.5244 100 66 -0.483609 100 25 0 0 0 -1.77148 100 22 0 0 0 0 0 0 0 0 0 0 0
36800 -184.062 0 0 0 -0.0890844 100 59 0.983775 100 21 0 0 0 -2.2493 100 23 0 0 0 0 0 0 0 0 0 0 0
36900 -185.867 0 0 0 0.56364 100 62 4.09555 100 21 0 0 0 -2.8399 100 20 0 0 0 0 0 0 0 0 0 0 0
37000 -184.26 0 0 0 0.0480037 100 54 2.65655 100 26 0 0 0 -2.33992 100 26 0 0 0 0 0 0 0 0 0 0 0
37100 -183.927 0 0 0 -0.905678 100 69 0.823638 100 23 0 0 0 -2.24913 100 28 0 0 0 0 0 0 0 0 0 0 0
37200 -185.67 0 0 0 -1.54412 100 60 3.3147 100 28 0 0 0 -2.60309 100 20 0 0 0 0 0 0 0 0 0 0 0
37300 -184.739 0 0 0 -0.311429 100 59 0.0345938 100 24 0 0 0 -2.26558 100 26 0 0 0 0 0 0 0 0 0 0 0
37400 -183.672 0 0 0 -0.796302 100 60 1.50371 100 21 0 0 0 -2.24807 100 26 0 0 0 0 0 0 0 0 0 0 0
37500 -186.695 0 0 0 -0.248834 100 63 5.4296 100 23 0 0 0 -2.68823 100 23 0 0 0 0 0 0 0 0 0 0 0
37600 -184.79 0 0 0 -0.415147 100 57 1.5256 100 21 0 0 0 -2.51897 100 23 0 0 0 0 0 0 0 0 0 0 0
37700 -184.682 0 0 0 0.315998 100 59 1.9909 100 23 0 0 0 -2.28109 100 17 0 0 0 0 0 0 0 0 0 0 0
37800 -186.257 0 0 0 -0.538586 100 56 -1.97173 100 18 0 0 0 -1.93912 100 21 0 0 0 0 0 0 0 0 0 0 0
37900 -187.18 0 0 0 -0.0734999 100 68 -1.0076 100 17 0 0 0 -1.79659 100 19 0 0 0 0 0 0 0 0 0 0 0
38000 -185.103 0 0 0 0.261611 100 69 2.01684 100 22 0 0 0 -2.19803 100 30 0 0 0 0 0 0 0 0 0 0 0
38100 -185.715 0 0 0 -1.50745 100 63 3.84733 100 18 0 0 0 -2.52184 100 22 0 0 0 0 0 0 0 0 0 0 0
38200 -189.902 0 0 0 -2.9935 100 59 3.79155 100 25 0 0 0 -2.2525 100 32 0 0 0 0 0 0 0 0 0 0 0
38300 -187.41 0 0 0 0.258675 100 70 -1.49894 100 18 0 0 0 -1.99984 100 29 0 0 0 0 0 0 0 0 0 0 0
38400 -184.236 0 0 0 -0.415249 100 60 3.37153 100 29 0 0 0 -2.54189 100 34 0 0 0 0 0 0 0 0 0 0 0
38500 -184.07 0 0 0 -0.0330122 100 61 1.18566 100 23 0 0 0 -2.24022 100 31 0 0 0 0 0 0 0 0 0 0 0
38600 -183.952 0 0 0 -0.929794 100 63 0.468951 100 21 0 0 0 -2.17096 100 23 0 0 0 0 0 0 0 0 0 0 0
38700 -184.186 0 0 0 -1.00513 100 62 2.26786 100 18 0 0 0 -2.44491 100 20 0 0 0 0 0 0 0 0 0 0 0
38800 -190.04 0 0 0 -2.86532 100 66 -2.07237 100 24 0 0 0 -2.14058 100 25 0 0 0 0 0 0 0 0 0 0 0
38900 -184.177 0 0 0 -0.670966 100 61 1.6847 100 21 0 0 0 -2.12038 100 19 0 0 0 0 0 0 0 0 0 0 0
39000 -184.638 0 0 0 -0.538412 100 54 3.43528 100 16 0 0 0 -2.37817 100 16 0 0 0 0 0 0 0 0 0 0 0
39100 -183.955 0 0 0 -0.778608 100 61 1.31898 100 18 0 0 0 -2.34914 100 22 0 0 0 0 0 0 0 0 0 0 0
39200 -185.112 0 0 0 0.238279 100 62 2.87812 100 22 0 0 0 -2.29509 100 23 0 0 0 0 0 0 0 0 0 0 0
39300 -184.209 0 0 0 0.076991 100 65 1.29006 100 21 0 0 0 -2.25296 100 27 0 0 0 0 0 0 0 0 0 0 0
39400 -186.762 0 0 0 -0.352933 100 56 -2.1358 100 20 0 0 0 -1.90391 100 25 0 0 0 0 0 0 0 0 0 0 0
39500 -184.84 0 0 0 -0.832643 100 68 -0.408259 100 16 0 0 0 -1.89934 100 16 0 0 0 0 0 0 0 0 0 0 0
39600 -184.678 0 0 0 -1.64613 100 62 1.58131 100 25 0 0 0 -2.12631 100 27 0 0 0 0 0 0 0 0 0 0 0
39700 -185.121 0 0 0 -0.984715 100 67 -0.305103 100 17 0 0 0 -2.24632 100 20 0 0 0 0 0 0 0 0 0 0 0
39800 -183.923 0 0 0 -0.179482 100 70 2.20899 100 13 0 0 0 -2.28876 100 22 0 0 0 0 0 0 0 0 0 0 0
39900 -186.117 0 0 0 -1.15405 100 67 3.84363 100 15 0 0 0 -2.75679 100 23 0 0 0 0 0 0 0 0 0 0 0
40000 -184.649 0 0 0 -1.54621 100 56 1.17625 100 14 0 0 0 -2.05279 100 26 0 0 0 0 0 0 0 0 0 0 0
40100 -187.218 0 0 0 -0.932805 100 52 0.324901 100 24 0 0 0 -1.73883 100 23 0 0 0 0 0 0 0 0 0 0 0
40200 -184.826 0 0 0 -1.15346 100 62 0.338585 100 22 0 0 0 -2.30104 100 22 0 0 0 0 0 0 0 0 0 0 0
40300 -186.353 0 0 0 0.398539 100 62 -0.270137 100 17 0 0 0 -2.26579 100 31 0 0 0 0 0 0 0 0 0 0 0
40400 -184.224 0 0 0 -0.214921 100 55 3.33326 100 10 0 0 0 -2.45917 100 22 0 0 0 0 0 0 0 0 0 0 0
40500 -184.719 0 0 0 -1.38514 100 68 0.12297 100 21 0 0 0 -2.20992 100 22 0 0 0 0 0 0 0 0 0 0 0
40600 -184.409 0 0 0 -0.206165 100 58 0.122211 100 21 0 0 0 -2.15022 100 25 0 0 0 0 0 0 0 0 0 0 0
40700 -187.212 0 0 0 0.453939 100 68 -0.883823 100 18 0 0 0 -2.16594 100 34 0 0 0 0 0 0 0 0 0 0 0
40800 -187.648 0 0 0 -1.44736 100 63 -2.40264 100 17 0 0 0 -2.05575 100 18 0 0 0 0 0 0 0 0 0 0 0
40900 -183.866 0 0 0 -0.992405 100 65 0.784937 100 17 0 0 0 -2.1235 100 29 0 0 0 0 0 0 0 0 0 0 0
41000 -184.083 0 0 0 -1.10375 100 60 1.07902 100 26 0 0 0 -2.29371 100 19 0 0 0 0 0 0 0 0 0 0 0
41100 -185.165 0 0 0 -1.89284 100 67 -0.119004 100 13 0 0 0 -2.11144 100 23 0 0 0 0 0 0 0 0 0 0 0
41200 -186.486 0 0 0 -1.77933 100 64 -0.704654 100 19 0 0 0 -2.23152 100 19 0 0 0 0 0 0 0 0 0 0 0
41300 -184.473 0 0 0 -0.465491 100 62 3.3969 100 28 0 0 0 -2.39822 100 21 0 0 0 0 0 0 0 0 0 0 0
41400 -187.099 0 0 0 -0.253986 100 71 -2.1257 100 27 0 0 0 -1.84542 100 24 0 0 0 0 0 0 0 0 0 0 0
41500 -184.575 0 0 0 0.15492 100 57 0.965949 100 24 0 0 0 -2.33441 100 25 0 0 0 0 0 0 0 0 0 0 0
41600 -184.081 0 0 0 -0.315328 100 68 1.85108 100 18 0 0 0 -2.18336 100 29 0 0 0 0 0 0 0 0 0 0 0
41700 -187.512 0 0 0 1.07232 100 61 2.91483 100 17 0 0 0 -2.39325 100 34 0 0 0 0 0 0 0 0 0 0 0
41800 -185.8 0 0 0 -0.122909 100 56 -0.845857 100 21 0 0 0 -1.93108 100 19 0 0 0 0 0 0 0 0 0 0 0
41900 -185.319 0 0 0 -0.544032 100 65 1.20251 100 26 0 0 0 -2.52725 100 17 0 0 0 0 0 0 0 0 0 0 0
42000 -184.069 0 0 0 -0.71106 100 63 0.126115 100 16 0 0 0 -2.07744 100 21 0 0 0 0 0 0 0 0 0 0 0
42100 -185.064 0 0 0 -0.554671 100 64 2.65505 100 22 0 0 0 -2.16782 100 33 0 0 0 0 0 0 0 0 0 0 0
42200 -185.849 0 0 0 -1.53873 100 66 3.90102 100 17 0 0 0 -2.50147 100 23 0 0 0 0 0 0 0 0 0 0 0
42300 -184.303 0 0 0 -0.318192 100 54 0.482562 100 15 0 0 0 -2.06022 100 22 0 0 0 0 0 0 0 0 0 0 0
42400 -184.244 0 0 0 -1.48708 100 62 0.922367 100 20 0 0 0 -2.18151 100 32 0 0 0 0 0 0 0 0 0 0 0
42500 -185.351 0 0 0 -0.676895 100 64 4.01717 100 21 0 0 0 -2.7324 100 21 0 0 0 0 0 0 0 0 0 0 0
42600 -189.491 0 0 0 -0.472248 100 54 -3.52221 100 19 0 0 0 -1.65559 100 27 0 0 0 0 0 0 0 0 0 0 0
42700 -184.185 0 0 0 -0.881803 100 66 -0.0942873 100 18 0 0 0 -2.07675 100 33 0 0 0 0 0 0 0 0 0 0 0
42800 -183.762 0 0 0 -0.459207 100 65 2.47445 100 21 0 0 0 -2.38141 100 23 0 0 0 0 0 0 0 0 0 0 0
42900 -185.192 0 0 0 0.132361 100 58 3.09751 100 22 0 0 0 -2.29738 100 27 0 0 0 0 0 0 0 0 0 0 0
43000 -185.51 0 0 0 0.581653 100 61 3.24153 100 24 0 0 0 -2.72651 100 24 0 0 0 0 0 0 0 0 0 0 0
43100 -184.41 0 0 0 -0.500998 100 65 3.58575 100 14 0 0 0 -2.55608 100 18 0 0 0 0 0 0 0 0 0 0 0
43200 -184.158 0 0 0 -0.215869 100 58 1.08353 100 19 0 0 0 -2.12608 100 21 0 0 0 0 0 0 0 0 0 0 0
43300 -186.178 0 0 0 -2.07293 100 68 3.36481 100 16 0 0 0 -2.46062 100 22 0 0 0 0 0 0 0 0 0 0 0
43400 -183.947 0 0 0 -0.492348 100 64 0.880845 100 18 0 0 0 -2.29229 100 23 0 0 0 0 0 0 0 0 0 0 0
43500 -185.015 0 0 0 0.528683 100 65 3.60223 100 19 0 0 0 -2.61793 100 17 0 0 0 0 0 0 0 0 0 0 0
43600 -185.054 0 0 0 -1.04174 100 65 2.99851 100 17 0 0 0 -2.24666 100 24 0 0 0 0 0 0 0 0 0 0 0
43700 -184.007 0 0 0 -0.833086 100 64 1.48373 100 27 0 0 0 -2.37362 100 20 0 0 0 0 0 0 0 0 0 0 0
43800 -184.277 0 0 0 0.226048 100 59 2.15901 100 23 0 0 0 -2.35591 100 27 0 0 0 0 0 0 0 0 0 0 0
43900 -185.13 0 0 0 -1.73039 100 56 -0.580685 100 23 0 0 0 -2.03585 100 15 0 0 0 0 0 0 0 0 0 0 0
44000 -183.821 0 0 0 -0.666201 100 62 0.701853 100 17 0 0 0 -2.13042 100 23 0 0 0 0 0 0 0 0 0 0 0
44100 -184.801 0 0 0 0.317127 100 58 3.20261 100 20 0 0 0 -2.65479 100 16 0 0 0 0 0 0 0 0 0 0 0
44200 -185.029 0 0 0 -1.79455 100 57 2.42255 100 20 0 0 0 -2.37478 100 26 0 0 0 0 0 0 0 0 0 0 0
44300 -185.098 0 0 0 0.0106904 100 52 0.0066183 100 32 0 0 0 -2.04541 100 18 0 0 0 0 0 0 0 0 0 0 0
44400 -184.077 0 0 0 -0.090286 100 60 2.36855 100 18 0 0 0 -2.50102 100 22 0 0 0 0 0 0 0 0 0 0 0
44500 -184.458 0 0 0 -1.27717 100 68 -0.0298722 100 11 0 0 0 -2.14094 100 24 0 0 0 0 0 0 0 0 0 0 0
44600 -185.522 0 0 0 -0.509144 100 60 -1.06557 100 23 0 0 0 -2.14164 100 26 0 0 0 0 0 0 0 0 0 0 0
44700 -184.892 0 0 0 -0.848719 100 64 1.81256 100 20 0 0 0 -2.05365 100 20 0 0 0 0 0 0 0 0 0 0 0
44800 -183.938 0 0 0 -1.10351 100 57 1.16857 100 11 0 0 0 -2.13209 100 24 0 0 0 0 0 0 0 0 0 0 0
44900 -184.111 0 0 0 -0.67984 100 62 1.66958 100 16 0 0 0 -2.43042 100 24 0 0 0 0 0 0 0 0 0 0 0
45000 -184.922 0 0 0 -1.11119 100 62 0.0179233 100 21 0 0 0 -2.26559 100 24 0 0 0 0 0 0 0 0 0 0 0
45100 -184.165 0 0 0 -1.44026 100 59 1.11131 100 23 0 0 0 -2.18058 100 19 0 0 0 0 0 0 0 0 0 0 0
45200 -184.265 0 0 0 -1.48087 100 57 1.12959 100 16 0 0 0 -2.231 100 25 0 0 0 0 0 0 0 0 0 0 0
45300 -185.35 0 0 0 -1.24582 100 68 2.74207 100 19 0 0 0 -2.60754 100 25 0 0 0 0 0 0 0 0 0 0 0
45400 -185.366 0 0 0 -0.989324 100 61 2.19927 100 27 0 0 0 -2.06923 100 24 0 0 0 0 0 0 0 0 0 0 0
45500 -184.862 0 0 0 -0.435238 100 63 0.405738 100 20 0 0 0 -2.36312 100 20 0 0 0 0 0 0 0 0 0 0 0
45600 -184.895 0 0 0 -0.432641 100 57 2.23673 100 17 0 0 0 -2.60902 100 19 0 0 0 0 0 0 0 0 0 0 0
45700 -186.842 0 0 0 -2.37089 100 67 -1.63876 100 19 0 0 0 -1.87189 100 29 0 0 0 0 0 0 0 0 0 0 0
45800 -187.564 0 0 0 -3.27544 100 69 -0.245239 100 20 0 0 0 -1.96937 100 29 0 0 0 0 0 0 0 0 0 0 0
45900 -183.868 0 0 0 -0.695238 100 56 1.25689 100 19 0 0 0 -2.32892 100 30 0 0 0 0 0 0 0 0 0 0 0
46000 -184.055 0 0 0 -0.908208 100 63 0.992591 100 18 0 0 0 -2.30853 100 18 0 0 0 0 0 0 0 0 0 0 0
46100 -184.02 0 0 0 -0.0848228 100 58 2.54481 100 18 0 0 0 -2.4964 100 22 0 0 0 0 0 0 0 0 0 0 0
46200 -185.268 0 0 0 -1.42347 100 55 1.54736 100 30 0 0 0 -2.00738 100 31 0 0 0 0 0 0 0 0 0 0 0
46300 -185.302 0 0 0 -0.175915 100 66 -0.348487 100 24 0 0 0 -2.25312 100 17 0 0 0 0 0 0 0 0 0 0 0
46400 -184.731 0 0 0 -0.471115 100 65 3.974 100 20 0 0 0 -2.55902 100 21 0 0 0 0 0 0 0 0 0 0 0
46500 -185.098 0 0 0 -1.90756 100 71 -0.0828261 100 21 0 0 0 -1.97756 100 18 0 0 0 0 0 0 0 0 0 0 0
46600 -185.601 0 0 0 0.405308 100 59 2.11127 100 29 0 0 0 -2.20068 100 25 0 0 0 0 0 0 0 0 0 0 0
46700 -184.793 0 0 0 -0.547629 100 63 -0.422859 100 17 0 0 0 -1.944 100 27 0 0 0 0 0 0 0 0 0 0 0
46800 -183.827 0 0 0 -0.965349 100 60 1.35614 100 21 0 0 0 -2.16462 100 19 0 0 0 0 0 0 0 0 0 0 0
46900 -184.184 0 0 0 0.0430241 100 58 1.21029 100 28 0 0 0 -2.24126 100 22 0 0 0 0 0 0 0 0 0 0 0
47000 -186.036 0 0 0 -0.71707 100 52 4.55171 100 14 0 0 0 -2.81474 100 22 0 0 0 0 0 0 0 0 0 0 0
47100 -185.059 0 0 0 -0.119767 100 56 2.07519 100 22 0 0 0 -2.12289 100 21 0 0 0 0 0 0 0 0 0 0 0
47200 -185.97 0 0 0 0.533857 100 63 0.631942 100 16 0 0 0 -2.17702 100 20 0 0 0 0 0 0 0 0 0 0 0
47300 -185.827 0 0 0 -1.85495 100 63 2.29435 100 23 0 0 0 -2.11984 100 18 0 0 0 0 0 0 0 0 0 0 0
47400 -188.04 0 0 0 -2.63981 100 70 -2.20234 100 18 0 0 0 -1.89773 100 33 0 0 0 0 0 0 0 0 0 0 0
47500 -184.255 0 0 0 -0.389665 100 62 1.89576 100 24 0 0 0 -2.49441 100 24 0 0 0 0 0 0 0 0 0 0 0
47600 -186.215 0 0 0 -0.283279 100 62 -0.799237 100 24 0 0 0 -2.28701 100 14 0 0 0 0 0 0 0 0 0 0 0
47700 -185.15 0 0 0 0.627643 100 57 3.39118 100 34 0 0 0 -2.59214 100 30 0 0 0 0 0 0 0 0 0 0 0
47800 -185.756 0 0 0 -0.5684 100 58 -0.13708 100 28 0 0 0 -2.36884 100 11 0 0 0 0 0 0 0 0 0 0 0
47900 -184.203 0 0 0 0.143937 100 58 1.67517 100 24 0 0 0 -2.3009 100 25 0 0 0 0 0 0 0 0 0 0 0
48000 -184.78 0 0 0 -1.68466 100 57 1.44827 100 19 0 0 0 -2.09431 100 28 0 0 0 0 0 0 0 0 0 0 0
48100 -185.695 0 0 0 -1.89965 100 58 3.13757 100 19 0 0 0 -2.46382 100 18 0 0 0 0 0 0 0 0 0 0 0
48200 -184.298 0 0 0 -1.18863 100 65 0.669286 100 24 0 0 0 -2.26226 100 19 0 0 0 0 0 0 0 0 0 0 0
48300 -183.76 0 0 0 -0.296454 100 65 1.42081 100 16 0 0 0 -2.23388 100 23 0 0 0 0 0 0 0 0 0 0 0
48400 -184.465 0 0 0 -1.06282 100 76 -0.215072 100 21 0 0 0 -1.96266 100 19 0 0 0 0 0 0 0 0 0 0 0
48500 -184.743 0 0 0 0.375032 100 57 3.5605 100 18 0 0 0 -2.57221 100 30 0 0 0 0 0 0 0 0 0 0 0
48600 -185.129 0 0 0 0.00516042 100 55 0.409522 100 20 0 0 0 -2.02466 100 20 0 0 0 0 0 0 0 0 0 0 0
48700 -184.866 0 0 0 -1.34546 100 64 0.660863 100 22 0 0 0 -2.32666 100 12 0 0 0 0 0 0 0 0 0 0 0
48800 -184.25 0 0 0 -0.564652 100 58 2.87159 100 28 0 0 0 -2.55351 100 26 0 0 0 0 0 0 0 0 0 0 0
48900 -187.584 0 0 0 -1.81288 100 64 4.02568 100 18 0 0 0 -2.79822 100 26 0 0 0 0 0 0 0 0 0 0 0
49000 -185.318 0 0 0 0.545518 100 67 3.87114 100 27 0 0 0 -2.72878 100 22 0 0 0 0 0 0 0 0 0 0 0
49100 -184.328 0 0 0 0.0997059 100 56 3.33063 100 24 0 0 0 -2.51088 100 23 0 0 0 0 0 0 0 0 0 0 0
49200 -183.81 0 0 0 -0.681127 100 61 1.65993 100 25 0 0 0 -2.36586 100 24 0 0 0 0 0 0 0 0 0 0 0
49300 -184.552 0 0 0 -1.71327 100 65 1.11223 100 20 0 0 0 -2.21869 100 24 0 0 0 0 0 0 0 0 0 0 0
49400 -187.807 0 0 0 -2.24256 100 53 4.08836 100 20 0 0 0 -2.71506 100 19 0 0 0 0 0 0 0 0 0 0 0
49500 -184.379 0 0 0 0.127706 100 69 2.59451 100 23 0 0 0 -2.33008 100 18 0 0 0 0 0 0 0 0 0 0 0
49600 -183.904 0 0 0 -1.09619 100 68 1.84822 100 15 0 0 0 -2.30045 100 27 0 0 0 0 0 0 0 0 0 0 0
49700 -184.51 0 0 0 -0.488467 100 67 3.6133 100 15 0 0 0 -2.60231 100 21 0 0 0 0 0 0 0 0 0 0 0
49800 -185.349 0 0 0 -1.40944 100 61 2.4425 100 26 0 0 0 -2.55949 100 24 0 0 0 0 0 0 0 0 0 0 0
49900 -184.23 0 0 0 -0.134868 100 53 0.565122 100 21 0 0 0 -2.16245 100 21 0 0 0 0 0 0 0 0 0 0 0
50000 -184.607 0 0 0 0.123282 100 59 2.5101 100 22 0 0 0 -2.2776 100 17 0 0 0 0 0 0 0 0 0 0 0
50100 -185.383 0 0 0 -0.661539 100 61 1.48794 100 25 0 0 0 -2.56181 100 21 0 0 0 0 0 0 0 0 0 0 0
50200 -185.571 0 0 0 -0.784146 100 66 4.32414 100 11 0 0 0 -2.51239 100 21 0 0 0 0 0 0 0 0 0 0 0
50300 -185.495 0 0 0 -0.156548 100 61 -0.929386 100 22 0 0 0 -2.07628 100 14 0 0 0 0 0 0 0 0 0 0 0
50400 -185.384 0 0 0 -1.39168 100 61 1.63238 100 19 0 0 0 -2.49743 100 21 0 0 0 0 0 0 0 0 0 0 0
50500 -183.694 0 0 0 -0.688425 100 64 1.80102 100 26 0 0 0 -2.24692 100 24 0 0 0 0 0 0 0 0 0 0 0
50600 -183.831 0 0 0 -0.979261 100 52 1.3983 100 24 0 0 0 -2.17053 100 30 0 0 0 0 0 0 0 0 0 0 0
50700 -185.1 0 0 0 -1.1195 100 53 0.930388 100 20 0 0 0 -2.42281 100 17 0 0 0 0 0 0 0 0 0 0 0
50800 -186.587 0 0 0 -0.244671 100 70 0.772386 100 33 0 0 0 -1.86792 100 16 0 0 0 0 0 0 0 0 0 0 0
50900 -191.059 0 0 0 1.35769 100 61 2.4955 100 19 0 0 0 -2.25811 100 28 0 0 0 0 0 0 0 0 0 0 0
51000 -184.632 0 0 0 0.183715 100 62 0.981301 100 19 0 0 0 -2.34117 100 25 0 0 0 0 0 0 0 0 0 0 0
51100 -186.3 0 0 0 0.815339 100 57 3.28118 100 19 0 0 0 -2.42455 100 24 0 0 0 0 0 0 0 0 0 0 0
51200 -186.017 0 0 0 -0.0332152 100 63 1.21801 100 23 0 0 0 -2.59802 100 21 0 0 0 0 0 0 0 0 0 0 0
51300 -184.859 0 0 0 -0.129606 100 61 -0.269268 100 19 0 0 0 -2.08413 100 19 0 0 0 0 0 0 0 0 0 0 0
51400 -184.089 0 0 0 -0.227752 100 59 0.631124 100 20 0 0 0 -2.22709 100 30 0 0 0 0 0 0 0 0 0 0 0
51500 -185.131 0 0 0 -0.054775 100 63 -0.302599 100 14 0 0 0 -2.19413 100 28 0 0 0 0 0 0 0 0 0 0 0
51600 -184.584 0 0 0 -0.658893 100 54 2.93996 100 13 0 0 0 -2.27291 100 21 0 0 0 0 0 0 0 0 0 0 0
51700 -183.971 0 0 0 -0.05856 100 61 2.51994 100 22 0 0 0 -2.47119 100 22 0 0 0 0 0 0 0 0 0 0 0
51800 -183.685 0 0 0 -0.59853 100 70 1.16319 100 20 0 0 0 -2.24593 100 25 0 0 0 0 0 0 0 0 0 0 0
51900 -185.975 0 0 0 -2.39187 100 70 2.24817 100 22 0 0 0 -2.34107 100 26 0 0 0 0 0 0 0 0 0 0 0
52000 -186.331 0 0 0 -1.3848 100 56 -1.87528 100 20 0 0 0 -1.74766 100 21 0 0 0 0 0 0 0 0 0 0 0
52100 -185.658 0 0 0 -0.87967 100 66 -0.68625 100 24 0 0 0 -1.79588 100 27 0 0 0 0 0 0 0 0 0 0 0
52200 -184.187 0 0 0 -0.503454 100 64 0.241873 100 23 0 0 0 -2.21007 100 16 0 0 0 0 0 0 0 0 0 0 0
52300 -186.2 0 0 0 -0.85712 100 64 -2.05071 100 24 0 0 0 -1.95297 100 22 0 0 0 0 0 0 0 0 0 0 0
52400 -184.957 0 0 0 -1.26562 100 65 2.27175 100 29 0 0 0 -2.52383 100 32 0 0 0 0 0 0 0 0 0 0 0
52500 -187.123 0 0 0 -2.38564 100 52 2.92319 100 23 0 0 0 -2.20216 100 31 0 0 0 0 0 0 0 0 0 0 0
52600 -185.018 0 0 0 -0.877808 100 65 3.91476 100 26 0 0 0 -2.5091 100 19 0 0 0 0 0 0 0 0 0 0 0
52700 -186.081 0 0 0 0.386538 100 67 2.12561 100 18 0 0 0 -2.69978 100 29 0 0 0 0 0 0 0 0 0 0 0
52800 -184.804 0 0 0 -0.0638088 100 61 1.84169 100 21 0 0 0 -2.13103 100 29 0 0 0 0 0 0 0 0 0 0 0
52900 -184.493 0 0 0 -0.143584 100 63 0.953653 100 25 0 0 0 -2.08221 100 24 0 0 0 0 0 0 0 0 0 0 0
53000 -184.074 0 0 0 -1.23622 100 59 1.95081 100 15 0 0 0 -2.25142 100 18 0 0 0 0 0 0 0 0 0 0 0
53100 -184.71 0 0 0 -0.348591 100 58 3.54222 100 19 0 0 0 -2.67167 100 29 0 0 0 0 0 0 0 0 0 0 0
53200 -186.274 0 0 0 -0.42202 100 59 1.17943 100 28 0 0 0 -1.90148 100 27 0 0 0 0 0 0 0 0 0 0 0
53300 -186.153 0 0 0 0.0963555 100 62 5.13559 100 23 0 0 0 -2.8919 100 21 0 0 0 0 0 0 0 0 0 0 0
53400 -184.325 0 0 0 -0.338288 100 61 1.15182 100 17 0 0 0 -2.40825 100 26 0 0 0 0 0 0 0 0 0 0 0
53500 -187.457 0 0 0 -0.266305 100 64 -2.23797 100 18 0 0 0 -1.7936 100 23 0 0 0 0 0 0 0 0 0 0 0
53600 -184.537 0 0 0 -0.0113861 100 64 1.92869 100 22 0 0 0 -2.18303 100 32 0 0 0 0 0 0 0 0 0 0 0
53700 -184.937 0 0 0 0.207865 100 58 0.854427 100 22 0 0 0 -2.37809 100 33 0 0 0 0 0 0 0 0 0 0 0
53800 -184.469 0 0 0 -0.566505 100 68 3.55672 100 20 0 0 0 -2.57871 100 26 0 0 0 0 0 0 0 0 0 0 0
53900 -185.544 0 0 0 -1.02139 100 63 -1.42409 100 21 0 0 0 -1.83706 100 22 0 0 0 0 0 0 0 0 0 0 0
54000 -186.678 0 0 0 -2.21597 100 55 -1.39815 100 12 0 0 0 -2.01837 100 20 0 0 0 0 0 0 0 0 0 0 0
54100 -185.054 0 0 0 -0.381817 100 65 2.82209 100 20 0 0 0 -2.20418 100 20 0 0 0 0 0 0 0 0 0 0 0
54200 -184.554 0 0 0 -1.65582 100 68 0.381503 100 18 0 0 0 -2.12021 100 22 0 0 0 0 0 0 0 0 0 0 0
54300 -186.035 0 0 0 -0.95905 100 61 4.20093 100 18 0 0 0 -2.42071 100 26 0 0 0 0 0 0 0 0 0 0 0
54400 -184.557 0 0 0 -0.795538 100 65 3.31872 100 20 0 0 0 -2.57691 100 27 0 0 0 0 0 0 0 0 0 0 0
54500 -186.499 0 0 0 -0.614949 100 62 4.97605 100 16 0 0 0 -2.88022 100 24 0 0 0 0 0 0 0 0 0 0 0
54600 -185.041 0 0 0 -1.01114 100 57 3.28656 100 20 0 0 0 -2.62753 100 31 0 0 0 0 0 0 0 0 0 0 0
54700 -187.219 0 0 0 -0.518134 100 58 -2.58688 100 14 0 0 0 -1.85742 100 29 0 0 0 0 0 0 0 0 0 0 0
54800 -184.159 0 0 0 -0.0898465 100 65 3.12801 100 21 0 0 0 -2.43742 100 23 0 0 0 0 0 0 0 0 0 0 0
54900 -185.517 0 0 0 0.109638 100 68 1.64142 100 25 0 0 0 -2.60276 100 18 0 0 0 0 0 0 0 0 0 0 0
55000 -188.471 0 0 0 -0.0709643 100 56 4.5563 100 23 0 0 0 -3.1127 100 29 0 0 0 0 0 0 0 0 0 0 0
55100 -185.793 0 0 0 -2.24643 100 56 -0.547221 100 20 0 0 0 -1.9528 100 26 0 0 0 0 0 0 0 0 0 0 0
55200 -187.034 0 0 0 -0.672847 100 60 -0.251555 100 21 0 0 0 -1.72469 100 27 0 0 0 0 0 0 0 0 0 0 0
55300 -185.692 0 0 0 -0.7514 100 64 4.0406 100 19 0 0 0 -2.39909 100 19 0 0 0 0 0 0 0 0 0 0 0
55400 -185.348 0 0 0 -1.05243 100 64 -0.203004 100 18 0 0 0 -2.28684 100 26 0 0 0 0 0 0 0 0 0 0 0
55500 -184.399 0 0 0 -0.343647 100 55 1.67266 100 20 0 0 0 -2.11445 100 29 0 0 0 0 0 0 0 0 0 0 0
55600 -184.952 0 0 0 -1.41923 100 64 0.441126 100 23 0 0 0 -1.92473 100 32 0 0 0 0 0 0 0 0 0 0 0
55700 -183.973 0 0 0 -0.397202 100 61 2.8561 100 20 0 0 0 -2.38062 100 23 0 0 0 0 0 0 0 0 0 0 0
55800 -183.882 0 0 0 -0.598985 100 59 2.68718 100 22 0 0 0 -2.42838 100 24 0 0 0 0 0 0 0 0 0 0 0
55900 -185.043 0 0 0 -1.82876 100 70 -0.177387 100 30 0 0 0 -2.08451 100 20 0 0 0 0 0 0 0 0 0 0 0
56000 -185.509 0 0 0 0.496005 100 65 0.842157 100 21 0 0 0 -2.24089 100 25 0 0 0 0 0 0 0 0 0 0 0
56100 -186.002 0 0 0 -2.14578 100 59 0.599133 100 19 0 0 0 -2.30765 100 19 0 0 0 0 0 0 0 0 0 0 0
56200 -183.829 0 0 0 -0.567003 100 55 1.74228 100 13 0 0 0 -2.19391 100 18 0 0 0 0 0 0 0 0 0 0 0
56300 -185.643 0 0 0 -2.28566 100 65 0.718686 100 19 0 0 0 -2.00866 100 21 0 0 0 0 0 0 0 0 0 0 0
56400 -183.654 0 0 0 -0.688927 100 62 1.5831 100 17 0 0 0 -2.24145 100 26 0 0 0 0 0 0 0 0 0 0 0
56500 -186.53 0 0 0 -0.674628 100 65 2.39807 100 15 0 0 0 -2.75375 100 31 0 0 0 0 0 0 0 0 0 0 0
56600 -183.706 0 0 0 -0.317006 100 68 1.51466 100 26 0 0 0 -2.2884 100 24 0 0 0 0 0 0 0 0 0 0 0
56700 -185.463 0 0 0 0.036206 100 52 4.62758 100 20 0 0 0 -2.6149 100 18 0 0 0 0 0 0 0 0 0 0 0
56800 -184.063 0 0 0 -1.11616 100 63 2.08935 100 22 0 0 0 -2.24148 100 18 0 0 0 0 0 0 0 0 0 0 0
56900 -185.27 0 0 0 -1.51594 100 56 3.08435 100 21 0 0 0 -2.53947 100 31 0 0 0 0 0 0 0 0 0 0 0
57000 -183.985 0 0 0 -0.815454 100 58 2.22966 100 26 0 0 0 -2.4344 100 20 0 0 0 0 0 0 0 0 0 0 0
57100 -184.229 0 0 0 -0.898962 100 64 1.5621 100 25 0 0 0 -2.41376 100 25 0 0 0 0 0 0 0 0 0 0 0
57200 -184.48 0 0 0 -0.426242 100 68 1.45304 100 15 0 0 0 -2.07267 100 20 0 0 0 0 0 0 0 0 0 0 0
57300 -184.74 0 0 0 0.18675 100 64 2.30482 100 16 0 0 0 -2.2508 100 17 0 0 0 0 0 0 0 0 0 0 0
57400 -183.688 0 0 0 -0.431742 100 62 1.32456 100 18 0 0 0 -2.23196 100 19 0 0 0 0 0 0 0 0 0 0 0
57500 -185.393 0 0 0 -0.744715 100 62 3.02676 100 20 0 0 0 -2.20242 100 23 0 0 0 0 0 0 0 0 0 0 0
57600 -184.246 0 0 0 -1.07179 100 49 0.0476309 100 19 0 0 0 -2.14175 100 19 0 0 0 0 0 0 0 0 0 0 0
57700 -184.182 0 0 0 -0.230624 100 58 2.53847 100 23 0 0 0 -2.27713 100 28 0 0 0 0 0 0 0 0 0 0 0
57800 -185.091 0 0 0 -0.924914 100 62 3.70942 100 12 0 0 0 -2.64559 100 18 0 0 0 0 0 0 0 0 0 0 0
57900 -184.131 0 0 0 -0.0203015 100 53 2.66511 100 23 0 0 0 -2.35285 100 20 0 0 0 0 0 0 0 0 0 0 0
58000 -185.154 0 0 0 -1.37869 100 67 -0.962797 100 18 0 0 0 -2.03934 100 24 0 0 0 0 0 0 0 0 0 0 0
58100 -186.763 0 0 0 -2.08657 100 67 2.3104 100 19 0 0 0 -2.06411 100 23 0 0 0 0 0 0 0 0 0 0 0
58200 -183.999 0 0 0 -0.456255 100 76 0.424543 100 23 0 0 0 -2.18015 100 23 0 0 0 0 0 0 0 0 0 0 0
58300 -184.972 0 0 0 -1.98576 100 60 1.59512 100 23 0 0 0 -2.21868 100 27 0 0 0 0 0 0 0 0 0 0 0
58400 -184.193 0 0 0 -0.411327 100 62 1.39854 100 27 0 0 0 -2.10585 100 19 0 0 0 0 0 0 0 0 0 0 0
58500 -184.58 0 0 0 -1.54135 100 61 2.24214 100 20 0 0 0 -2.36521 100 30 0 0 0 0 0 0 0 0 0 0 0
58600 -187.172 0 0 0 0.57066 100 62 1.81463 100 13 0 0 0 -2.10162 100 21 0 0 0 0 0 0 0 0 0 0 0
58700 -184.456 0 0 0 -1.25577 100 65 2.36148 100 23 0 0 0 -2.23092 100 16 0 0 0 0 0 0 0 0 0 0 0
58800 -184.52 0 0 0 -0.0676306 100 69 3.77968 100 20 0 0 0 -2.55111 100 22 0 0 0 0 0 0 0 0 0 0 0
58900 -186.161 0 0 0 -1.12826 100 63 -1.75296 100 15 0 0 0 -1.75873 100 27 0 0 0 0 0 0 0 0 0 0 0
59000 -183.737 0 0 0 -0.793821 100 61 1.5811 100 25 0 0 0 -2.20366 100 28 0 0 0 0 0 0 0 0 0 0 0
59100 -184.529 0 0 0 0.0648944 100 56 2.0681 100 17 0 0 0 -2.21853 100 19 0 0 0 0 0 0 0 0 0 0 0
59200 -185.369 0 0 0 -1.47391 100 59 -1.14201 100 22 0 0 0 -1.86951 100 24 0 0 0 0 0 0 0 0 0 0 0
59300 -184.847 0 0 0 -0.448186 100 64 2.01872 100 19 0 0 0 -2.09893 100 22 0 0 0 0 0 0 0 0 0 0 0
59400 -186.234 0 0 0 -2.16999 100 61 -0.617277 100 30 0 0 0 -2.13675 100 17 0 0 0 0 0 0 0 0 0 0 0
59500 -184.053 0 0 0 -0.364879 100 67 2.59328 100 17 0 0 0 -2.29704 100 35 0 0 0 0 0 0 0 0 0 0 0
59600 -184.702 0 0 0 -1.71928 100 59 1.89265 100 17 0 0 0 -2.21102 100 25 0 0 0 0 0 0 0 0 0 0 0
59700 -184.982 0 0 0 -0.595767 100 56 4.11603 100 19 0 0 0 -2.64391 100 24 0 0 0 0 0 0 0 0 0 0 0
59800 -186.035 0 0 0 -1.35524 100 63 3.98326 100 20 0 0 0 -2.69626 100 26 0 0 0 0 0 0 0 0 0 0 0
59900 -186.203 0 0 0 -0.861572 100 55 -1.16722 100 18 0 0 0 -1.74294 100 21 0 0 0 0 0 0 0 0 0 0 0
60000 -184.318 0 0 0 -0.346975 100 61 0.175835 100 18 0 0 0 -2.0644 100 25 0 0 0 0 0 0 0 0 0 0 0
60100 -184.692 0 0 0 -0.801787 100 65 -0.25253 100 17 0 0 0 -1.92249 100 28 0 0 0 0 0 0 0 0 0 0 0
60200 -185.161 0 0 0 0.47832 100 61 2.55071 100 27 0 0 0 -2.32852 100 27 0 0 0 0 0 0 0 0 0 0 0
60300 -187.022 0 0 0 0.398854 100 56 -0.285413 100 22 0 0 0 -2.3801 100 21 0 0 0 0 0 0 0 0 0 0 0
60400 -183.868 0 0 0 -0.0941029 100 59 2.15558 100 23 0 0 0 -2.33256 100 21 0 0 0 0 0 0 0 0 0 0 0
60500 -184.921 0 0 0 -1.89461 100 72 0.904034 100 20 0 0 0 -2.05712 100 21 0 0 0 0 0 0 0 0 0 0 0
60600 -186.972 0 0 0 -2.88917 100 63 1.72128 100 29 0 0 0 -2.34606 100 32 0 0 0 0 0 0 0 0 0 0 0
60700 -183.867 0 0 0 -0.0915812 100 58 2.38727 100 20 0 0 0 -2.40989 100 18 0 0 0 0 0 0 0 0 0 0 0
60800 -183.838 0 0 0 -0.268887 100 59 1.50509 100 19 0 0 0 -2.35459 100 22 0 0 0 0 0 0 0 0 0 0 0
60900 -185.308 0 0 0 -0.464115 100 70 2.19254 100 20 0 0 0 -2.64501 100 24 0 0 0 0 0 0 0 0 0 0 0
61000 -187.934 0 0 0 -2.61792 100 59 -1.92616 100 20 0 0 0 -1.97804 100 23 0 0 0 0 0 0 0 0 0 0 0
61100 -185.774 0 0 0 -0.756506 100 63 -1.73676 100 22 0 0 0 -1.95117 100 22 0 0 0 0 0 0 0 0 0 0 0
61200 -183.958 0 0 0 -0.969404 100 65 2.30943 100 22 0 0 0 -2.30004 100 26 0 0 0 0 0 0 0 0 0 0 0
61300 -184.324 0 0 0 -0.84733 100 54 0.412309 100 19 0 0 0 -1.98777 100 32 0 0 0 0 0 0 0 0 0 0 0
61400 -184.086 0 0 0 -0.277507 100 65 1.55141 100 16 0 0 0 -2.42339 100 25 0 0 0 0 0 0 0 0 0 0 0
61500 -185.758 0 0 0 0.829721 100 72 3.70053 100 24 0 0 0 -2.63067 100 23 0 0 0 0 0 0 0 0 0 0 0
61600 -184.288 0 0 0 -0.993637 100 60 1.68129 100 24 0 0 0 -2.10928 100 19 0 0 0 0 0 0 0 0 0 0 0
61700 -184.767 0 0 0 -0.498143 100 56 2.18805 100 14 0 0 0 -2.12651 100 24 0 0 0 0 0 0 0 0 0 0 0
61800 -184.544 0 0 0 -0.92854 100 64 -0.582881 100 21 0 0 0 -1.99849 100 29 0 0 0 0 0 0 0 0 0 0 0
61900 -184.359 0 0 0 -0.234805 100 63 2.74573 100 25 0 0 0 -2.28414 100 22 0 0 0 0 0 0 0 0 0 0 0
62000 -190.183 0 0 0 0.624118 100 54 -1.93921 100 17 0 0 0 -1.93647 100 22 0 0 0 0 0 0 0 0 0 0 0
62100 -186.213 0 0 0 -1.10809 100 62 -0.884869 100 18 0 0 0 -2.25371 100 32 0 0 0 0 0 0 0 0 0 0 0
62200 -187 0 0 0 0.0836823 100 55 5.84949 100 18 0 0 0 -2.82731 100 25 0 0 0 0 0 0 0 0 0 0 0
62300 -185.291 0 0 0 -0.404876 100 59 -1.05787 100 22 0 0 0 -2.05748 100 22 0 0 0 0 0 0 0 0 0 0 0
62400 -185.113 0 0 0 0.0819521 100 62 4.40746 100 21 0 0 0 -2.6401 100 28 0 0 0 0 0 0 0 0 0 0 0
62500 -186.003 0 0 0 -0.558089 100 64 0.959226 100 24 0 0 0 -1.88623 100 24 0 0 0 0 0 0 0 0 0 0 0
62600 -185.551 0 0 0 -0.57884 100 58 -1.45809 100 23 0 0 0 -1.93889 100 16 0 0 0 0 0 0 0 0 0 0 0
62700 -184.08 0 0 0 -0.073748 100 61 1.79572 100 20 0 0 0 -2.4359 100 23 0 0 0 0 0 0 0 0 0 0 0
62800 -184.404 0 0 0 -1.48141 100 59 0.25526 100 18 0 0 0 -2.11646 100 29 0 0 0 0 0 0 0 0 0 0 0
62900 -184.14 0 0 0 -0.769322 100 69 2.68694 100 21 0 0 0 -2.49391 100 23 0 0 0 0 0 0 0 0 0 0 0
63000 -188.266 0 0 0 -3.55713 100 62 0.282837 100 21 0 0 0 -2.1696 100 24 0 0 0 0 0 0 0 0 0 0 0
63100 -184.387 0 0 0 0.263042 100 65 3.02423 100 17 0 0 0 -2.52299 100 32 0 0 0 0 0 0 0 0 0 0 0
63200 -187.022 0 0 0 0.0742254 100 63 4.05971 100 23 0 0 0 -2.97612 100 25 0 0 0 0 0 0 0 0 0 0 0
63300 -188.102 0 0 0 -2.06976 100 61 2.87049 100 26 0 0 0 -2.0635 100 14 0 0 0 0 0 0 0 0 0 0 0
63400 -184.941 0 0 0 -1.78993 100 61 0.750774 100 11 0 0 0 -2.00683 100 27 0 0 0 0 0 0 0 0 0 0 0
63500 -187.156 0 0 0 0.29371 100 54 -0.792318 100 22 0 0 0 -1.93763 100 30 0 0 0 0 0 0 0 0 0 0 0
63600 -185.108 0 0 0 0.616766 100 60 2.29303 100 27 0 0 0 -2.46241 100 21 0 0 0 0 0 0 0 0 0 0 0
63700 -186.136 0 0 0 -1.41364 100 71 4.30192 100 24 0 0 0 -2.63618 100 18 0 0 0 0 0 0 0 0 0 0 0
63800 -186.167 0 0 0 -2.48314 100 69 1.83673 100 22 0 0 0 -2.13724 100 23 0 0 0 0 0 0 0 0 0 0 0
63900 -186.365 0 0 0 -1.35914 100 56 4.13554 100 21 0 0 0 -2.74316 100 24 0 0 0 0 0 0 0 0 0 0 0
64000 -184.627 0 0 0 -1.15624 100 58 2.55986 100 23 0 0 0 -2.22532 100 17 0 0 0 0 0 0 0 0 0 0 0
64100 -184.6 0 0 0 -0.060984 100 53 3.05858 100 24 0 0 0 -2.32954 100 21 0 0 0 0 0 0 0 0 0 0 0
64200 -186.944 0 0 0 -0.961142 100 60 4.61014 100 17 0 0 0 -2.89236 100 20 0 0 0 0 0 0 0 0 0 0 0
64300 -184.49 0 0 0 -0.351594 100 63 2.83652 100 18 0 0 0 -2.61164 100 32 0 0 0 0 0 0 0 0 0 0 0
64400 -185.316 0 0 0 -1.37274 100 67 -0.884267 100 25 0 0 0 -1.84093 100 21 0 0 0 0 0 0 0 0 0 0 0
64500 -187.661 0 0 0 -2.91785 100 59 -0.673718 100 19 0 0 0 -1.78561 100 26 0 0 0 0 0 0 0 0 0 0 0
64600 -184.636 0 0 0 -1.40182 100 65 1.444 100 16 0 0 0 -2.06596 100 19 0 0 0 0 0 0 0 0 0 0 0
64700 -185.143 0 0 0 -1.92374 100 71 1.13655 100 21 0 0 0 -2.29833 100 18 0 0 0 0 0 0 0 0 0 0 0
64800 -185.552 0 0 0 -1.52892 100 59 -0.242666 100 17 0 0 0 -1.82543 100 24 0 0 0 0 0 0 0 0 0 0 0
64900 -184.385 0 0 0 -1.27882 100 65 1.95659 100 20 0 0 0 -2.16832 100 23 0 0 0 0 0 0 0 0 0 0 0
65000 -184.234 0 0 0 -1.36361 100 73 2.03067 100 26 0 0 0 -2.3209 100 25 0 0 0 0 0 0 0 0 0 0 0
65100 -184.378 0 0 0 0.190029 100 66 2.76895 100 24 0 0 0 -2.5574 100 19 0 0 0 0 0 0 0 0 0 0 0
65200 -185.099 0 0 0 -0.865247 100 64 3.42311 100 21 0 0 0 -2.66503 100 28 0 0 0 0 0 0 0 0 0 0 0
65300 -184.193 0 0 0 -1.32802 100 61 0.373058 100 22 0 0 0 -2.10598 100 24 0 0 0 0 0 0 0 0 0 0 0
65400 -183.928 0 0 0 -0.787488 100 64 0.526072 100 22 0 0 0 -2.08446 100 26 0 0 0 0 0 0 0 0 0 0 0
65500 -184.638 0 0 0 -1.33262 100 59 2.69664 100 20 0 0 0 -2.46375 100 23 0 0 0 0 0 0 0 0 0 0 0
65600 -184.792 0 0 0 0.132595 100 63 3.28814 100 18 0 0 0 -2.38181 100 26 0 0 0 0 0 0 0 0 0 0 0
65700 -185.029 0 0 0 -1.1683 100 53 3.58845 100 17 0 0 0 -2.45098 100 20 0 0 0 0 0 0 0 0 0 0 0
65800 -184.843 0 0 0 -0.895883 100 60 -0.0872432 100 20 0 0 0 -2.25636 100 16 0 0 0 0 0 0 0 0 0 0 0
65900 -184.877 0 0 0 0.351476 100 50 3.20521 100 26 0 0 0 -2.41695 100 17 0 0 0 0 0 0 0 0 0 0 0
66000 -186.059 0 0 0 -0.12697 100 60 -0.560645 100 23 0 0 0 -1.87928 100 22 0 0 0 0 0 0 0 0 0 0 0
66100 -184.817 0 0 0 -0.897097 100 63 0.171796 100 21 0 0 0 -2.2994 100 29 0 0 0 0 0 0 0 0 0 0 0
66200 -184.913 0 0 0 -1.74584 100 59 0.207393 100 17 0 0 0 -2.17097 100 26 0 0 0 0 0 0 0 0 0 0 0
66300 -184.223 0 0 0 -0.0916299 100 61 2.5515 100 24 0 0 0 -2.54801 100 21 0 0 0 0 0 0 0 0 0 0 0
66400 -185.793 0 0 0 0.4268 100 61 0.240349 100 21 0 0 0 -2.17763 100 27 0 0 0 0 0 0 0 0 0 0 0
66500 -185.334 0 0 0 -1.99201 100 57 1.60027 100 18 0 0 0 -2.09438 100 14 0 0 0 0 0 0 0 0 0 0 0
66600 -184.221 0 0 0 -0.699976 100 56 1.46077 100 23 0 0 0 -2.08711 100 24 0 0 0 0 0 0 0 0 0 0 0
66700 -184.308 0 0 0 -0.204113 100 69 0.328874 100 11 0 0 0 -2.20746 100 17 0 0 0 0 0 0 0 0 0 0 0
66800 -184.281 0 0 0 -0.106336 100 51 2.15909 100 18 0 0 0 -2.52336 100 23 0 0 0 0 0 0 0 0 0 0 0
66900 -185.19 0 0 0 -0.178765 100 54 4.16044 100 25 0 0 0 -2.49132 100 22 0 0 0 0 0 0 0 0 0 0 0
67000 -186.149 0 0 0 -0.137028 100 63 -0.562839 100 15 0 0 0 -1.86701 100 22 0 0 0 0 0 0 0 0 0 0 0
67100 -190.078 0 0 0 -2.33501 100 66 5.19566 100 17 0 0 0 -2.51572 100 22 0 0 0 0 0 0 0 0 0 0 0
67200 -184.364 0 0 0 -0.785322 100 66 2.62296 100 21 0 0 0 -2.24499 100 25 0 0 0 0 0 0 0 0 0 0 0
67300 -184.695 0 0 0 0.0271467 100 67 3.63097 100 22 0 0 0 -2.45534 100 21 0 0 0 0 0 0 0 0 0 0 0
67400 -184.01 0 0 0 -0.263348 100 61 2.8855 100 23 0 0 0 -2.38707 100 16 0 0 0 0 0 0 0 0 0 0 0
67500 -185.53 0 0 0 -0.354438 100 54 -0.360356 100 18 0 0 0 -1.87796 100 30 0 0 0 0 0 0 0 0 0 0 0
67600 -183.959 0 0 0 -1.1034 100 53 0.592431 100 17 0 0 0 -2.11779 100 26 0 0 0 0 0 0 0 0 0 0 0
67700 -186.371 0 0 0 0.0441479 100 67 2.5067 100 20 0 0 0 -2.78463 100 25 0 0 0 0 0 0 0 0 0 0 0
67800 -187.575 0 0 0 1.08997 100 58 1.50004 100 22 0 0 0 -2.51409 100 24 0 0 0 0 0 0 0 0 0 0 0
67900 -184.684 0 0 0 -0.38784 100 58 -0.357586 100 20 0 0 0 -2.15198 100 27 0 0 0 0 0 0 0 0 0 0 0
68000 -185.45 0 0 0 -2.13272 100 64 -0.265562 100 21 0 0 0 -2.00699 100 20 0 0 0 0 0 0 0 0 0 0 0
68100 -184.416 0 0 0 -0.967385 100 52 0.984816 100 17 0 0 0 -2.36265 100 19 0 0 0 0 0 0 0 0 0 0 0
68200 -184.632 0 0 0 -0.0680754 100 62 0.118532 100 20 0 0 0 -2.1804 100 22 0 0 0 0 0 0 0 0 0 0 0
68300 -186.152 0 0 0 0.596944 100 57 0.778703 100 24 0 0 0 -2.42311 100 27 0 0 0 0 0 0 0 0 0 0 0
68400 -185.617 0 0 0 -0.236766 100 60 0.922171 100 25 0 0 0 -1.94677 100 24 0 0 0 0 0 0 0 0 0 0 0
68500 -184.296 0 0 0 -0.26292 100 60 2.895 100 21 0 0 0 -2.32 100 16 0 0 0 0 0 0 0 0 0 0 0
68600 -185.669 0 0 0 -0.376044 100 62 4.5398 100 19 0 0 0 -2.53176 100 25 0 0 0 0 0 0 0 0 0 0 0
68700 -187.031 0 0 0 -2.52442 100 63 -1.2081 100 24 0 0 0 -1.78299 100 20 0 0 0 0 0 0 0 0 0 0 0
68800 -189.33 0 0 0 1.29579 100 65 3.18348 100 21 0 0 0 -2.9704 100 30 0 0 0 0 0 0 0 0 0 0 0
68900 -188.701 0 0 0 -0.227598 100 63 0.848034 100 19 0 0 0 -1.7689 100 31 0 0 0 0 0 0 0 0 0 0 0
69000 -184.099 0 0 0 -0.47016 100 61 1.23589 100 17 0 0 0 -2.38412 100 27 0 0 0 0 0 0 0 0 0 0 0
69100 -185.09 0 0 0 -0.582031 100 61 2.43064 100 24 0 0 0 -2.63824 100 21 0 0 0 0 0 0 0 0 0 0 0
69200 -184.667 0 0 0 -0.308504 100 64 -0.0674396 100 20 0 0 0 -2.00774 100 22 0 0 0 0 0 0 0 0 0 0 0
69300 -185.563 0 0 0 -1.23847 100 58 3.83994 100 22 0 0 0 -2.42797 100 16 0 0 0 0 0 0 0 0 0 0 0
69400 -184.932 0 0 0 -1.28285 100 61 3.24507 100 20 0 0 0 -2.5281 100 23 0 0 0 0 0 0 0 0 0 0 0
69500 -185.119 0 0 0 -0.366322 100 67 -0.743588 100 22 0 0 0 -2.13392 100 27 0 0 0 0 0 0 0 0 0 0 0
69600 -185.816 0 0 0 0.306122 100 57 2.04493 100 18 0 0 0 -2.14357 100 30 0 0 0 0 0 0 0 0 0 0 0
69700 -184.569 0 0 0 0.31889 100 61 3.27159 100 25 0 0 0 -2.58044 100 29 0 0 0 0 0 0 0 0 0 0 0
69800 -184.599 0 0 0 -1.42936 100 60 0.932325 100 27 0 0 0 -2.01609 100 22 0 0 0 0 0 0 0 0 0 0 0
69900 -183.756 0 0 0 -0.686872 100 58 1.07603 100 17 0 0 0 -2.26464 100 32 0 0 0 0 0 0 0 0 0 0 0
70000 -184.75 0 0 0 0.41005 100 56 2.21421 100 28 0 0 0 -2.51577 100 21 0 0 0 0 0 0 0 0 0 0 0
70100 -184.406 0 0 0 -1.11737 100 60 0.655172 100 23 0 0 0 -1.99253 100 14 0 0 0 0 0 0 0 0 0 0 0
70200 -185.903 0 0 0 0.447962 100 63 4.97666 100 21 0 0 0 -2.76741 100 19 0 0 0 0 0 0 0 0 0 0 0
70300 -189.931 0 0 0 -1.30619 100 63 -0.480025 100 20 0 0 0 -1.54223 100 26 0 0 0 0 0 0 0 0 0 0 0
70400 -183.72 0 0 0 -0.404884 100 63 1.88669 100 22 0 0 0 -2.37305 100 24 0 0 0 0 0 0 0 0 0 0 0
70500 -183.764 0 0 0 -0.649008 100 69 2.29926 100 22 0 0 0 -2.32088 100 20 0 0 0 0 0 0 0 0 0 0 0
70600 -185.108 0 0 0 -0.0254254 100 68 0.301987 100 20 0 0 0 -2.01692 100 21 0 0 0 0 0 0 0 0 0 0 0
70700 -184.75 0 0 0 -0.208889 100 50 4.08456 100 19 0 0 0 -2.59868 100 22 0 0 0 0 0 0 0 0 0 0 0
70800 -186.183 0 0 0 -0.966918 100 59 -1.85089 100 22 0 0 0 -2.03491 100 12 0 0 0 0 0 0 0 0 0 0 0
70900 -184.031 0 0 0 -0.910683 100 62 0.192553 100 10 0 0 0 -2.09227 100 15 0 0 0 0 0 0 0 0 0 0 0
71000 -192.73 0 0 0 -4.1135 100 60 -0.278667 100 14 0 0 0 -1.60699 100 24 0 0 0 0 0 0 0 0 0 0 0
71100 -185.084 0 0 0 0.190741 100 54 4.02647 100 24 0 0 0 -2.74512 100 22 0 0 0 0 0 0 0 0 0 0 0
71200 -185.88 0 0 0 -1.11878 100 64 1.22269 100 21 0 0 0 -1.9043 100 30 0 0 0 0 0 0 0 0 0 0 0
71300 -186.899 0 0 0 -2.36856 100 68 -0.870176 100 28 0 0 0 -2.13426 100 26 0 0 0 0 0 0 0 0 0 0 0
71400 -186.302 0 0 0 -1.36593 100 71 1.18515 100 30 0 0 0 -1.87736 100 21 0 0 0 0 0 0 0 0 0 0 0
71500 -186.685 0 0 0 -1.95672 100 56 1.13162 100 13 0 0 0 -2.48097 100 23 0 0 0 0 0 0 0 0 0 0 0
71600 -185.259 0 0 0 -0.611655 100 65 4.20124 100 22 0 0 0 -2.50649 100 31 0 0 0 0 0 0 0 0 0 0 0
71700 -183.724 0 0 0 -0.679633 100 61 0.925277 100 18 0 0 0 -2.19237 100 18 0 0 0 0 0 0 0 0 0 0 0
71800 -188.013 0 0 0 1.1648 100 61 2.98524 100 20 0 0 0 -2.84945 100 24 0 0 0 0 0 0 0 0 0 0 0
71900 -184.629 0 0 0 -0.658294 100 64 3.39711 100 25 0 0 0 -2.37557 100 20 0 0 0 0 0 0 0 0 0 0 0
72000 -184.986 0 0 0 -0.588466 100 54 -0.246601 100 24 0 0 0 -1.90236 100 26 0 0 0 0 0 0 0 0 0 0 0
72100 -185.358 0 0 0 -0.354414 100 55 1.42885 100 19 0 0 0 -1.99613 100 24 0 0 0 0 0 0 0 0 0 0 0
72200 -185.241 0 0 0 -0.779994 100 57 3.75798 100 19 0 0 0 -2.70218 100 32 0 0 0 0 0 0 0 0 0 0 0
72300 -184.596 0 0 0 -0.398477 100 65 2.52431 100 16 0 0 0 -2.20146 100 28 0 0 0 0 0 0 0 0 0 0 0
72400 -185.945 0 0 0 -1.12499 100 55 2.22498 100 28 0 0 0 -2.64537 100 27 0 0 0 0 0 0 0 0 0 0 0
72500 -183.837 0 0 0 -0.410161 100 63 2.44891 100 18 0 0 0 -2.3217 100 20 0 0 0 0 0 0 0 0 0 0 0
72600 -185.677 0 0 0 -0.151001 100 64 4.02868 100 16 0 0 0 -2.83413 100 23 0 0 0 0 0 0 0 0 0 0 0
72700 -186.046 0 0 0 -0.789455 100 65 2.37301 100 21 0 0 0 -2.04349 100 23 0 0 0 0 0 0 0 0 0 0 0
72800 -184.776 0 0 0 -0.325109 100 58 0.465691 100 25 0 0 0 -1.98461 100 22 0 0 0 0 0 0 0 0 0 0 0
72900 -183.818 0 0 0 -0.493551 100 71 2.36119 100 20 0 0 0 -2.30416 100 30 0 0 0 0 0 0 0 0 0 0 0
73000 -184.502 0 0 0 -0.511931 100 59 2.3477 100 21 0 0 0 -2.56725 100 21 0 0 0 0 0 0 0 0 0 0 0
73100 -185.231 0 0 0 -1.3835 100 54 -0.837103 100 24 0 0 0 -2.09665 100 22 0 0 0 0 0 0 0 0 0 0 0
73200 -184.386 0 0 0 0.0261942 100 55 0.700604 100 13 0 0 0 -2.20478 100 25 0 0 0 0 0 0 0 0 0 0 0
73300 -183.745 0 0 0 -0.325297 100 68 1.45403 100 23 0 0 0 -2.31557 100 17 0 0 0 0 0 0 0 0 0 0 0
73400 -189.805 0 0 0 -2.50926 100 59 4.10638 100 19 0 0 0 -2.26093 100 27 0 0 0 0 0 0 0 0 0 0 0
73500 -185.403 0 0 0 -1.88088 100 54 -0.743553 100 15 0 0 0 -1.93024 100 22 0 0 0 0 0 0 0 0 0 0 0
73600 -186.053 0 0 0 -1.4156 100 75 0.369935 100 19 0 0 0 -2.40586 100 31 0 0 0 0 0 0 0 0 0 0 0
73700 -184.332 0 0 0 -0.540773 100 52 -0.0856411 100 27 0 0 0 -2.03082 100 27 0 0 0 0 0 0 0 0 0 0 0
73800 -185.434 0 0 0 -0.249736 100 58 0.635984 100 21 0 0 0 -1.94 100 35 0 0 0 0 0 0 0 0 0 0 0
73900 -187.292 0 0 0 -1.30079 100 58 4.34314 100 30 0 0 0 -2.36547 100 27 0 0 0 0 0 0 0 0 0 0 0
74000 -184.709 0 0 0 -0.231487 100 56 -0.29057 100 26 0 0 0 -2.08854 100 28 0 0 0 0 0 0 0 0 0 0 0
74100 -186.688 0 0 0 -2.62641 100 58 0.423645 100 13 0 0 0 -2.25388 100 20 0 0 0 0 0 0 0 0 0 0 0
74200 -184.253 0 0 0 -0.398127 100 57 3.33819 100 16 0 0 0 -2.44019 100 26 0 0 0 0 0 0 0 0 0 0 0
74300 -185.108 0 0 0 -0.0779573 100 62 2.43283 100 23 0 0 0 -2.66058 100 35 0 0 0 0 0 0 0 0 0 0 0
74400 -184.373 0 0 0 -1.36089 100 62 0.120694 100 19 0 0 0 -2.02056 100 27 0 0 0 0 0 0 0 0 0 0 0
74500 -186.039 0 0 0 0.349476 100 57 0.332688 100 23 0 0 0 -2.05392 100 24 0 0 0 0 0 0 0 0 0 0 0
74600 -186.417 0 0 0 0.421352 100 58 3.17038 100 17 0 0 0 -2.84695 100 20 0 0 0 0 0 0 0 0 0 0 0
74700 -185.528 0 0 0 -2.20703 100 63 0.917696 100 21 0 0 0 -2.25238 100 20 0 0 0 0 0 0 0 0 0 0 0
74800 -186.777 0 0 0 -0.682534 100 60 -0.548251 100 14 0 0 0 -1.7257 100 18 0 0 0 0 0 0 0 0 0 0 0
74900 -183.973 0 0 0 -0.154719 100 64 2.6427 100 20 0 0 0 -2.35965 100 32 0 0 0 0 0 0 0 0 0 0 0
75000 -186.083 0 0 0 -0.427465 100 55 0.403606 100 21 0 0 0 -1.85005 100 35 0 0 0 0 0 0 0 0 0 0 0
75100 -184.674 0 0 0 0.313001 100 69 1.52085 100 19 0 0 0 -2.41591 100 22 0 0 0 0 0 0 0 0 0 0 0
75200 -185.246 0 0 0 0.33054 100 62 3.0284 100 27 0 0 0 -2.32681 100 25 0 0 0 0 0 0 0 0 0 0 0
75300 -183.871 0 0 0 -0.852047 100 65 1.90017 100 18 0 0 0 -2.21355 100 27 0 0 0 0 0 0 0 0 0 0 0
75400 -184.692 0 0 0 -0.816431 100 66 3.61923 100 24 0 0 0 -2.5745 100 28 0 0 0 0 0 0 0 0 0 0 0
75500 -183.916 0 0 0 -0.593513 100 63 0.796055 100 14 0 0 0 -2.26752 100 25 0 0 0 0 0 0 0 0 0 0 0
75600 -183.737 0 0 0 -0.581765 100 66 1.87974 100 23 0 0 0 -2.37375 100 25 0 0 0 0 0 0 0 0 0 0 0
75700 -186.15 0 0 0 -1.22354 100 63 0.257738 100 19 0 0 0 -2.42065 100 36 0 0 0 0 0 0 0 0 0 0 0
75800 -189.492 0 0 0 1.18155 100 58 6.92743 100 20 0 0 0 -3.10002 100 31 0 0 0 0 0 0 0 0 0 0 0
75900 -184.732 0 0 0 -0.566611 100 65 2.34184 100 22 0 0 0 -2.14972 100 24 0 0 0 0 0 0 0 0 0 0 0
76000 -185.185 0 0 0 0.370201 100 51 4.28229 100 18 0 0 0 -2.68859 100 26 0 0 0 0 0 0 0 0 0 0 0
76100 -185.675 0 0 0 -2.41921 100 62 0.636039 100 32 0 0 0 -2.0703 100 25 0 0 0 0 0 0 0 0 0 0 0
76200 -183.942 0 0 0 -0.863006 100 69 0.999938 100 27 0 0 0 -2.28996 100 19 0 0 0 0 0 0 0 0 0 0 0
76300 -186.388 0 0 0 -1.76403 100 69 -1.30962 100 26 0 0 0 -1.73649 100 24 0 0 0 0 0 0 0 0 0 0 0
76400 -183.908 0 0 0 -1.12462 100 64 0.924087 100 16 0 0 0 -2.19554 100 24 0 0 0 0 0 0 0 0 0 0 0
76500 -184.456 0 0 0 -0.617173 100 65 1.3706 100 17 0 0 0 -2.45018 100 27 0 0 0 0 0 0 0 0 0 0 0
76600 -184.955 0 0 0 -1.38722 100 58 2.18986 100 18 0 0 0 -2.49423 100 26 0 0 0 0 0 0 0 0 0 0 0
76700 -184.642 0 0 0 -1.42409 100 60 2.28606 100 25 0 0 0 -2.43469 100 20 0 0 0 0 0 0 0 0 0 0 0
76800 -184.99 0 0 0 -0.640099 100 54 3.91242 100 16 0 0 0 -2.46245 100 17 0 0 0 0 0 0 0 0 0 0 0
76900 -185.448 0 0 0 -0.421578 100 63 -0.377596 100 20 0 0 0 -2.29 100 24 0 0 0 0 0 0 0 0 0 0 0
77000 -184.955 0 0 0 -1.25963 100 60 3.34583 100 20 0 0 0 -2.53147 100 23 0 0 0 0 0 0 0 0 0 0 0
77100 -186.271 0 0 0 -1.91474 100 68 0.203116 100 17 0 0 0 -2.33006 100 28 0 0 0 0 0 0 0 0 0 0 0
77200 -184.164 0 0 0 -1.36675 100 61 1.66318 100 25 0 0 0 -2.20245 100 22 0 0 0 0 0 0 0 0 0 0 0
77300 -185 0 0 0 -0.840307 100 59 3.15427 100 27 0 0 0 -2.64797 100 26 0 0 0 0 0 0 0 0 0 0 0
77400 -185.504 0 0 0 -2.2216 100 63 -0.065825 100 23 0 0 0 -2.0156 100 24 0 0 0 0 0 0 0 0 0 0 0
77500 -184.683 0 0 0 -0.443171 100 64 3.38512 100 21 0 0 0 -2.65699 100 17 0 0 0 0 0 0 0 0 0 0 0
77600 -188.177 0 0 0 -1.69064 100 70 -0.565679 100 20 0 0 0 -1.62112 100 28 0 0 0 0 0 0 0 0 0 0 0
77700 -191.259 0 0 0 -3.61831 100 72 4.57175 100 22 0 0 0 -2.74645 100 26 0 0 0 0 0 0 0 0 0 0 0
77800 -184.714 0 0 0 -1.24661 100 66 2.6294 100 21 0 0 0 -2.23985 100 15 0 0 0 0 0 0 0 0 0 0 0
77900 -183.973 0 0 0 -1.00949 100 58 0.797059 100 24 0 0 0 -2.08164 100 31 0 0 0 0 0 0 0 0 0 0 0
78000 -184.375 0 0 0 -1.04057 100 67 2.49141 100 19 0 0 0 -2.48614 100 27 0 0 0 0 0 0 0 0 0 0 0
78100 -184.194 0 0 0 -1.12583 100 63 1.36846 100 23 0 0 0 -2.09474 100 23 0 0 0 0 0 0 0 0 0 0 0
78200 -183.943 0 0 0 -1.15008 100 60 0.753957 100 18 0 0 0 -2.15041 100 27 0 0 0 0 0 0 0 0 0 0 0
78300 -184.569 0 0 0 -0.745589 100 60 0.304657 100 24 0 0 0 -1.95227 100 27 0 0 0 0 0 0 0 0 0 0 0
78400 -188.471 0 0 0 0.588796 100 65 5.58422 100 14 0 0 0 -2.60409 100 28 0 0 0 0 0 0 0 0 0 0 0
78500 -183.733 0 0 0 -0.916423 100 63 1.32803 100 12 0 0 0 -2.24222 100 21 0 0 0 0 0 0 0 0 0 0 0
78600 -183.84 0 0 0 -0.852786 100 73 2.25799 100 19 0 0 0 -2.36505 100 30 0 0 0 0 0 0 0 0 0 0 0
78700 -184.872 0 0 0 -0.900719 100 60 2.51419 100 26 0 0 0 -2.16427 100 27 0 0 0 0 0 0 0 0 0 0 0
78800 -185.263 0 0 0 -0.740337 100 62 -1.19846 100 23 0 0 0 -1.89767 100 28 0 0 0 0 0 0 0 0 0 0 0
78900 -184.296 0 0 0 -0.629536 100 61 0.409469 100 23 0 0 0 -2.27684 100 24 0 0 0 0 0 0 0 0 0 0 0
79000 -184.631 0 0 0 -0.911038 100 61 -0.424457 100 19 0 0 0 -1.93482 100 25 0 0 0 0 0 0 0 0 0 0 0
79100 -185.522 0 0 0 0.660214 100 64 1.87421 100 27 0 0 0 -2.50509 100 25 0 0 0 0 0 0 0 0 0 0 0
79200 -184.923 0 0 0 -0.420853 100 63 3.33347 100 31 0 0 0 -2.31304 100 27 0 0 0 0 0 0 0 0 0 0 0
79300 -185.313 0 0 0 -2.18775 100 59 0.357063 100 23 0 0 0 -2.0895 100 24 0 0 0 0 0 0 0 0 0 0 0
79400 -184.657 0 0 0 -1.25914 100 57 2.45374 100 21 0 0 0 -2.21308 100 20 0 0 0 0 0 0 0 0 0 0 0
79500 -185.85 0 0 0 -1.09138 100 52 2.878 100 20 0 0 0 -2.69422 100 20 0 0 0 0 0 0 0 0 0 0 0
79600 -184.496 0 0 0 -0.139135 100 60 3.74973 100 21 0 0 0 -2.6075 100 27 0 0 0 0 0 0 0 0 0 0 0
79700 -188.255 0 0 0 -2.59752 100 58 0.102243 100 23 0 0 0 -2.38283 100 28 0 0 0 0 0 0 0 0 0 0 0
79800 -184.058 0 0 0 -0.979656 100 61 2.47497 100 22 0 0 0 -2.30828 100 22 0 0 0 0 0 0 0 0 0 0 0
79900 -184.683 0 0 0 -0.225839 100 71 -0.233367 100 18 0 0 0 -2.07561 100 21 0 0 0 0 0 0 0 0 0 0 0
80000 -184.406 0 0 0 -0.771845 100 60 1.23492 100 22 0 0 0 -2.03753 100 25 0 0 0 0 0 0 0 0 0 0 0
80100 -184.292 0 0 0 -0.431699 100 57 0.962285 100 23 0 0 0 -2.05522 100 33 0 0 0 0 0 0 0 0 0 0 0
80200 -184.049 0 0 0 -0.277232 100 62 2.45849 100 19 0 0 0 -2.28209 100 24 0 0 0 0 0 0 0 0 0 0 0
80300 -183.712 0 0 0 -0.478974 100 68 1.35509 100 25 0 0 0 -2.30112 100 21 0 0 0 0 0 0 0 0 0 0 0
80400 -184.265 0 0 0 -0.808134 100 61 2.04091 100 22 0 0 0 -2.15746 100 22 0 0 0 0 0 0 0 0 0 0 0
80500 -184.664 0 0 0 0.101882 100 63 3.5256 100 17 0 0 0 -2.66681 100 29 0 0 0 0 0 0 0 0 0 0 0
80600 -187.585 0 0 0 -0.49334 100 60 -2.77646 100 23 0 0 0 -1.83068 100 25 0 0 0 0 0 0 0 0 0 0 0
80700 -187.388 0 0 0 0.0483858 100 59 5.72479 100 25 0 0 0 -3.04957 100 23 0 0 0 0 0 0 0 0 0 0 0
80800 -187.242 0 0 0 0.500256 100 68 2.84621 100 18 0 0 0 -2.87805 100 20 0 0 0 0 0 0 0 0 0 0 0
80900 -184.614 0 0 0 -0.156211 100 58 0.559141 100 26 0 0 0 -2.33828 100 22 0 0 0 0 0 0 0 0 0 0 0
81000 -183.765 0 0 0 -0.817994 100 61 1.91264 100 23 0 0 0 -2.34556 100 23 0 0 0 0 0 0 0 0 0 0 0
81100 -184.294 0 0 0 -0.219661 100 67 1.79624 100 24 0 0 0 -2.48878 100 17 0 0 0 0 0 0 0 0 0 0 0
81200 -184.746 0 0 0 0.231298 100 59 1.43554 100 18 0 0 0 -2.45127 100 25 0 0 0 0 0 0 0 0 0 0 0
81300 -184.302 0 0 0 -1.43798 100 64 0.740041 100 21 0 0 0 -2.06706 100 21 0 0 0 0 0 0 0 0 0 0 0
81400 -185.076 0 0 0 -1.06391 100 62 0.913641 100 25 0 0 0 -1.9352 100 22 0 0 0 0 0 0 0 0 0 0 0
81500 -186.294 0 0 0 -2.61352 100 55 -0.118921 100 23 0 0 0 -1.94866 100 33 0 0 0 0 0 0 0 0 0 0 0
81600 -185.774 0 0 0 0.59075 100 70 4.26027 100 25 0 0 0 -2.57762 100 16 0 0 0 0 0 0 0 0 0 0 0
81700 -185.465 0 0 0 -1.97341 100 64 2.16186 100 17 0 0 0 -2.42014 100 29 0 0 0 0 0 0 0 0 0 0 0
81800 -185.234 0 0 0 0.233039 100 70 4.11445 100 22 0 0 0 -2.77112 100 26 0 0 0 0 0 0 0 0 0 0 0
81900 -184.123 0 0 0 -0.716668 100 69 0.078303 100 28 0 0 0 -2.05427 100 23 0 0 0 0 0 0 0 0 0 0 0
82000 -184.8 0 0 0 -1.74139 100 63 2.10372 100 17 0 0 0 -2.33874 100 31 0 0 0 0 0 0 0 0 0 0 0
82100 -185.646 0 0 0 0.699852 100 58 2.0271 100 26 0 0 0 -2.54165 100 29 0 0 0 0 0 0 0 0 0 0 0
82200 -184.187 0 0 0 -1.19593 100 68 1.90629 100 15 0 0 0 -2.1868 100 30 0 0 0 0 0 0 0 0 0 0 0
82300 -184.244 0 0 0 0.181953 100 58 1.95445 100 21 0 0 0 -2.42722 100 27 0 0 0 0 0 0 0 0 0 0 0
82400 -186.357 0 0 0 -0.434917 100 66 -0.709801 100 21 0 0 0 -2.32599 100 27 0 0 0 0 0 0 0 0 0 0 0
82500 -190.424 0 0 0 0.578571 100 57 7.47461 100 25 0 0 0 -3.34256 100 26 0 0 0 0 0 0 0 0 0 0 0
82600 -184.922 0 0 0 0.0901208 100 63 2.51598 100 15 0 0 0 -2.23069 100 31 0 0 0 0 0 0 0 0 0 0 0
82700 -184.928 0 0 0 0.198096 100 49 0.428778 100 24 0 0 0 -2.19821 100 20 0 0 0 0 0 0 0 0 0 0 0
82800 -184.761 0 0 0 -1.02273 100 59 2.50842 100 16 0 0 0 -2.18272 100 22 0 0 0 0 0 0 0 0 0 0 0
82900 -183.73 0 0 0 -0.588401 100 56 2.22678 100 20 0 0 0 -2.31351 100 21 0 0 0 0 0 0 0 0 0 0 0
83000 -184.65 0 0 0 -1.65456 100 67 2.08154 100 21 0 0 0 -2.33052 100 23 0 0 0 0 0 0 0 0 0 0 0
83100 -184.018 0 0 0 -1.28086 100 62 1.09378 100 22 0 0 0 -2.20899 100 16 0 0 0 0 0 0 0 0 0 0 0
83200 -183.98 0 0 0 -0.93521 100 63 1.87173 100 29 0 0 0 -2.3882 100 26 0 0 0 0 0 0 0 0 0 0 0
83300 -184.141 0 0 0 -0.987984 100 64 0.441689 100 14 0 0 0 -2.02553 100 25 0 0 0 0 0 0 0 0 0 0 0
83400 -189.076 0 0 0 -3.36578 100 69 -0.527044 100 16 0 0 0 -1.73106 100 19 0 0 0 0 0 0 0 0 0 0 0
83500 -184.583 0 0 0 -1.32983 100 56 1.72178 100 18 0 0 0 -2.10376 100 20 0 0 0 0 0 0 0 0 0 0 0
83600 -183.946 0 0 0 -0.254308 100 59 2.0702 100 13 0 0 0 -2.4549 100 23 0 0 0 0 0 0 0 0 0 0 0
83700 -184.645 0 0 0 -1.47694 100 68 2.35577 100 21 0 0 0 -2.41709 100 23 0 0 0 0 0 0 0 0 0 0 0
83800 -185.9 0 0 0 0.202981 100 60 4.5548 100 26 0 0 0 -2.53539 100 31 0 0 0 0 0 0 0 0 0 0 0
83900 -184.605 0 0 0 0.372456 100 62 1.81518 100 19 0 0 0 -2.40351 100 23 0 0 0 0 0 0 0 0 0 0 0
84000 -184.687 0 0 0 -1.50054 100 63 -0.248285 100 24 0 0 0 -2.08004 100 18 0 0 0 0 0 0 0 0 0 0 0
84100 -189.868 0 0 0 -0.675458 100 57 3.22846 100 16 0 0 0 -3.04655 100 30 0 0 0 0 0 0 0 0 0 0 0
84200 -185.86 0 0 0 -1.79812 100 61 2.87978 100 23 0 0 0 -2.2279 100 17 0 0 0 0 0 0 0 0 0 0 0
84300 -184.128 0 0 0 -1.00449 100 60 0.5576 100 26 0 0 0 -2.03234 100 21 0 0 0 0 0 0 0 0 0 0 0
84400 -184.28 0 0 0 -0.0788224 100 60 2.73785 100 13 0 0 0 -2.31933 100 22 0 0 0 0 0 0 0 0 0 0 0
84500 -184.035 0 0 0 -0.553094 100 56 0.773135 100 18 0 0 0 -2.07413 100 18 0 0 0 0 0 0 0 0 0 0 0
84600 -185.398 0 0 0 0.546804 100 68 3.85964 100 17 0 0 0 -2.74905 100 29 0 0 0 0 0 0 0 0 0 0 0
84700 -185.258 0 0 0 -0.349323 100 62 2.81635 100 17 0 0 0 -2.70441 100 17 0 0 0 0 0 0 0 0 0 0 0
84800 -184.109 0 0 0 -0.0154772 100 64 1.31985 100 17 0 0 0 -2.34509 100 25 0 0 0 0 0 0 0 0 0 0 0
84900 -185.068 0 0 0 -0.0852753 100 58 -0.155626 100 24 0 0 0 -2.23928 100 24 0 0 0 0 0 0 0 0 0 0 0
85000 -185.826 0 0 0 -2.3469 100 59 0.253522 100 24 0 0 0 -1.95722 100 21 0 0 0 0 0 0 0 0 0 0 0
85100 -183.835 0 0 0 -0.230819 100 52 2.32531 100 17 0 0 0 -2.43829 100 18 0 0 0 0 0 0 0 0 0 0 0
85200 -186.778 0 0 0 -2.89027 100 67 -0.248314 100 20 0 0 0 -1.99456 100 24 0 0 0 0 0 0 0 0 0 0 0
85300 -186.26 0 0 0 0.220573 100 64 3.98458 100 18 0 0 0 -2.90448 100 18 0 0 0 0 0 0 0 0 0 0 0
85400 -185.865 0 0 0 -0.62102 100 60 -0.655883 100 22 0 0 0 -1.80005 100 21 0 0 0 0 0 0 0 0 0 0 0
85500 -184.657 0 0 0 0.104284 100 60 1.40125 100 22 0 0 0 -2.15614 100 29 0 0 0 0 0 0 0 0 0 0 0
85600 -186.712 0 0 0 0.238939 100 58 1.41523 100 19 0 0 0 -2.00362 100 24 0 0 0 0 0 0 0 0 0 0 0
85700 -185.293 0 0 0 0.499611 100 60 4.07619 100 22 0 0 0 -2.72929 100 22 0 0 0 0 0 0 0 0 0 0 0
85800 -184.367 0 0 0 -1.37576 100 57 0.771062 100 18 0 0 0 -2.03671 100 20 0 0 0 0 0 0 0 0 0 0 0
85900 -184.355 0 0 0 -1.08494 100 54 -0.0732004 100 15 0 0 0 -2.14156 100 18 0 0 0 0 0 0 0 0 0 0 0
86000 -185.511 0 0 0 -1.65502 100 60 3.36778 100 20 0 0 0 -2.41091 100 24 0 0 0 0 0 0 0 0 0 0 0
86100 -184.747 0 0 0 -0.183462 100 53 3.01449 100 15 0 0 0 -2.28631 100 21 0 0 0 0 0 0 0 0 0 0 0
86200 -185.449 0 0 0 -1.46754 100 54 2.72504 100 23 0 0 0 -2.57686 100 26 0 0 0 0 0 0 0 0 0 0 0
86300 -185.651 0 0 0 -1.99508 100 67 1.35363 100 23 0 0 0 -2.38452 100 31 0 0 0 0 0 0 0 0 0 0 0
86400 -185.398 0 0 0 -1.51631 100 60 2.97364 100 24 0 0 0 -2.26055 100 25 0 0 0 0 0 0 0 0 0 0 0
86500 -185.851 0 0 0 -1.51926 100 74 0.624338 100 20 0 0 0 -1.85857 100 26 0 0 0 0 0 0 0 0 0 0 0
86600 -184.184 0 0 0 -0.815125 100 56 0.67524 100 14 0 0 0 -2.29379 100 26 0 0 0 0 0 0 0 0 0 0 0
86700 -184.568 0 0 0 -0.370055 100 62 0.860878 100 29 0 0 0 -2.3991 100 20 0 0 0 0 0 0 0 0 0 0 0
86800 -185.181 0 0 0 -1.73299 100 65 2.80202 100 21 0 0 0 -2.3305 100 24 0 0 0 0 0 0 0 0 0 0 0
86900 -183.849 0 0 0 -0.189219 100 67 1.33262 100 17 0 0 0 -2.29919 100 25 0 0 0 0 0 0 0 0 0 0 0
87000 -185.371 0 0 0 -0.126207 100 69 3.40883 100 15 0 0 0 -2.29867 100 24 0 0 0 0 0 0 0 0 0 0 0
87100 -183.906 0 0 0 -0.0407973 100 62 1.73503 100 23 0 0 0 -2.32944 100 32 0 0 0 0 0 0 0 0 0 0 0
87200 -183.851 0 0 0 -0.412743 100 54 0.812842 100 24 0 0 0 -2.22756 100 29 0 0 0 0 0 0 0 0 0 0 0
87300 -189.219 0 0 0 -2.98307 100 64 1.44643 100 18 0 0 0 -1.86514 100 24 0 0 0 0 0 0 0 0 0 0 0
87400 -184.286 0 0 0 -0.0291852 100 61 3.41708 100 23 0 0 0 -2.54954 100 27 0 0 0 0 0 0 0 0 0 0 0
87500 -184.357 0 0 0 -0.31988 100 56 0.956201 100 26 0 0 0 -2.38172 100 21 0 0 0 0 0 0 0 0 0 0 0
87600 -184.151 0 0 0 -0.045424 100 64 1.57884 100 12 0 0 0 -2.20645 100 30 0 0 0 0 0 0 0 0 0 0 0
87700 -183.999 0 0 0 -0.727524 100 64 0.632451 100 24 0 0 0 -2.25206 100 18 0 0 0 0 0 0 0 0 0 0 0
87800 -184.973 0 0 0 -0.429296 100 65 -0.566056 100 24 0 0 0 -2.16875 100 19 0 0 0 0 0 0 0 0 0 0 0
87900 -184.69 0 0 0 -0.165876 100 58 1.12446 100 17 0 0 0 -2.06062 100 19 0 0 0 0 0 0 0 0 0 0 0
88000 -184.2 0 0 0 0.132556 100 59 1.53529 100 19 0 0 0 -2.30274 100 22 0 0 0 0 0 0 0 0 0 0 0
88100 -186.068 0 0 0 -0.72464 100 53 -1.49873 100 20 0 0 0 -1.78493 100 22 0 0 0 0 0 0 0 0 0 0 0
88200 -185.589 0 0 0 -2.23493 100 61 1.34694 100 24 0 0 0 -2.29916 100 24 0 0 0 0 0 0 0 0 0 0 0
88300 -192.046 0 0 0 -2.65064 100 67 -1.7501 100 26 0 0 0 -2.36886 100 26 0 0 0 0 0 0 0 0 0 0 0
88400 -185.159 0 0 0 -1.957 100 55 1.15412 100 22 0 0 0 -2.29233 100 23 0 0 0 0 0 0 0 0 0 0 0
88500 -186.679 0 0 0 -1.40223 100 60 3.01939 100 24 0 0 0 -2.73723 100 25 0 0 0 0 0 0 0 0 0 0 0
88600 -187.021 0 0 0 -1.31578 100 56 2.4148 100 19 0 0 0 -2.72776 100 20 0 0 0 0 0 0 0 0 0 0 0
88700 -186.489 0 0 0 -1.60936 100 67 -0.0529532 100 16 0 0 0 -2.36008 100 20 0 0 0 0 0 0 0 0 0 0 0
88800 -184.827 0 0 0 -1.8995 100 68 0.883437 100 19 0 0 0 -2.18914 100 15 0 0 0 0 0 0 0 0 0 0 0
88900 -183.705 0 0 0 -0.424804 100 67 1.67926 100 22 0 0 0 -2.34451 100 29 0 0 0 0 0 0 0 0 0 0 0
89000 -188.536 0 0 0 -3.06719 100 57 3.11456 100 25 0 0 0 -2.24104 100 27 0 0 0 0 0 0 0 0 0 0 0
89100 -183.843 0 0 0 -0.488167 100 65 1.42711 100 22 0 0 0 -2.16329 100 28 0 0 0 0 0 0 0 0 0 0 0
89200 -184.203 0 0 0 -0.209947 100 64 1.55894 100 21 0 0 0 -2.15127 100 32 0 0 0 0 0 0 0 0 0 0 0
89300 -186.305 0 0 0 -2.72038 100 63 0.273153 100 20 0 0 0 -2.09499 100 24 0 0 0 0 0 0 0 0 0 0 0
89400 -184.104 0 0 0 -0.273878 100 54 1.91523 100 21 0 0 0 -2.19337 100 25 0 0 0 0 0 0 0 0 0 0 0
89500 -185.225 0 0 0 0.306713 100 60 1.26447 100 22 0 0 0 -2.14863 100 22 0 0 0 0 0 0 0 0 0 0 0
89600 -184.14 0 0 0 -0.387407 100 58 1.43427 100 19 0 0 0 -2.12018 100 22 0 0 0 0 0 0 0 0 0 0 0
89700 -184.427 0 0 0 -0.37754 100 53 0.740064 100 18 0 0 0 -2.3584 100 23 0 0 0 0 0 0 0 0 0 0 0
89800 -186.019 0 0 0 -1.9192 100 56 1.305 100 22 0 0 0 -2.4408 100 24 0 0 0 0 0 0 0 0 0 0 0
89900 -184.37 0 0 0 0.240624 100 55 2.08103 100 21 0 0 0 -2.32344 100 29 0 0 0 0 0 0 0 0 0 0 0
90000 -187.002 0 0 0 -0.677705 100 66 5.47418 100 15 0 0 0 -2.70711 100 18 0 0 0 0 0 0 0 0 0 0 0
90100 -186.791 0 0 0 -0.289045 100 65 -0.415818 100 20 0 0 0 -2.41619 100 26 0 0 0 0 0 0 0 0 0 0 0
90200 -184.016 0 0 0 0.0118975 100 55 2.68568 100 19 0 0 0 -2.46292 100 24 0 0 0 0 0 0 0 0 0 0 0
90300 -186.713 0 0 0 -1.17461 100 60 4.28228 100 19 0 0 0 -2.39074 100 19 0 0 0 0 0 0 0 0 0 0 0
90400 -185.644 0 0 0 -1.54209 100 62 3.73218 100 14 0 0 0 -2.52051 100 22 0 0 0 0 0 0 0 0 0 0 0
90500 -184.353 0 0 0 -0.96088 100 60 0.0409602 100 24 0 0 0 -1.97646 100 15 0 0 0 0 0 0 0 0 0 0 0
90600 -184.426 0 0 0 -0.116949 100 66 0.340422 100 18 0 0 0 -2.22037 100 26 0 0 0 0 0 0 0 0 0 0 0
90700 -184.82 0 0 0 -1.20864 100 51 3.28938 100 21 0 0 0 -2.51542 100 30 0 0 0 0 0 0 0 0 0 0 0
90800 -186.022 0 0 0 -1.82343 100 61 0.924906 100 24 0 0 0 -1.89924 100 25 0 0 0 0 0 0 0 0 0 0 0
90900 -184.153 0 0 0 -0.852599 100 60 -0.0395664 100 11 0 0 0 -2.06342 100 20 0 0 0 0 0 0 0 0 0 0 0
91000 -185.503 0 0 0 0.307282 100 56 3.20438 100 17 0 0 0 -2.763 100 23 0 0 0 0 0 0 0 0 0 0 0
91100 -184.538 0 0 0 0.372001 100 62 2.30714 100 27 0 0 0 -2.47686 100 23 0 0 0 0 0 0 0 0 0 0 0
91200 -184.264 0 0 0 -0.310633 100 66 3.23285 100 18 0 0 0 -2.40341 100 19 0 0 0 0 0 0 0 0 0 0 0
91300 -185.151 0 0 0 -0.102154 100 62 0.688093 100 14 0 0 0 -1.99914 100 24 0 0 0 0 0 0 0 0 0 0 0
91400 -184.062 0 0 0 -0.608552 100 60 3.04214 100 21 0 0 0 -2.43947 100 25 0 0 0 0 0 0 0 0 0 0 0
91500 -184.129 0 0 0 -1.38149 100 60 1.23338 100 14 0 0 0 -2.1567 100 20 0 0 0 0 0 0 0 0 0 0 0
91600 -184.529 0 0 0 -1.71934 100 63 0.862706 100 15 0 0 0 -2.1582 100 27 0 0 0 0 0 0 0 0 0 0 0
91700 -186.061 0 0 0 -0.752115 100 67 2.72956 100 23 0 0 0 -2.74035 100 27 0 0 0 0 0 0 0 0 0 0 0
91800 -184.746 0 0 0 -1.64602 100 59 0.81187 100 28 0 0 0 -2.26376 100 18 0 0 0 0 0 0 0 0 0 0 0
91900 -184.667 0 0 0 -0.730366 100 62 1.6057 100 14 0 0 0 -2.05071 100 21 0 0 0 0 0 0 0 0 0 0 0
92000 -183.799 0 0 0 -0.272176 100 58 2.51214 100 22 0 0 0 -2.41055 100 25 0 0 0 0 0 0 0 0 0 0 0
92100 -184.295 0 0 0 -0.972512 100 57 1.51829 100 26 0 0 0 -2.0858 100 16 0 0 0 0 0 0 0 0 0 0 0
92200 -183.885 0 0 0 -1.07947 100 73 0.88466 100 17 0 0 0 -2.19382 100 22 0 0 0 0 0 0 0 0 0 0 0
92300 -184.835 0 0 0 0.0593038 100 67 3.44366 100 19 0 0 0 -2.70105 100 36 0 0 0 0 0 0 0 0 0 0 0
92400 -184.232 0 0 0 -1.14026 100 49 1.82396 100 23 0 0 0 -2.39774 100 25 0 0 0 0 0 0 0 0 0 0 0
92500 -185.767 0 0 0 -1.47756 100 61 1.5988 100 14 0 0 0 -2.52036 100 21 0 0 0 0 0 0 0 0 0 0 0
92600 -186.677 0 0 0 0.157772 100 58 4.30028 100 22 0 0 0 -2.96288 100 15 0 0 0 0 0 0 0 0 0 0 0
92700 -188.079 0 0 0 1.11515 100 67 1.7498 100 20 0 0 0 -2.31046 100 28 0 0 0 0 0 0 0 0 0 0 0
92800 -185.578 0 0 0 0.38018 100 65 3.42627 100 28 0 0 0 -2.36679 100 22 0 0 0 0 0 0 0 0 0 0 0
92900 -184.941 0 0 0 -0.590945 100 67 3.7903 100 22 0 0 0 -2.68015 100 23 0 0 0 0 0 0 0 0 0 0 0
93000 -184.21 0 0 0 -1.17245 100 61 1.09871 100 17 0 0 0 -2.31029 100 18 0 0 0 0 0 0 0 0 0 0 0
93100 -184.253 0 0 0 -1.24664 100 63 0.290758 100 18 0 0 0 -2.16357 100 26 0 0 0 0 0 0 0 0 0 0 0
93200 -186.541 0 0 0 -0.828615 100 64 -0.878015 100 18 0 0 0 -1.71946 100 24 0 0 0 0 0 0 0 0 0 0 0
93300 -184.764 0 0 0 -0.544156 100 63 2.88644 100 21 0 0 0 -2.63885 100 27 0 0 0 0 0 0 0 0 0 0 0
93400 -184.008 0 0 0 0.0352095 100 55 2.58247 100 21 0 0 0 -2.43731 100 23 0 0 0 0 0 0 0 0 0 0 0
93500 -185.226 0 0 0 -0.795382 100 67 3.88307 100 15 0 0 0 -2.69299 100 22 0 0 0 0 0 0 0 0 0 0 0
93600 -183.907 0 0 0 -0.878702 100 59 2.36589 100 25 0 0 0 -2.38685 100 22 0 0 0 0 0 0 0 0 0 0 0
93700 -184.461 0 0 0 0.24669 100 67 3.18029 100 28 0 0 0 -2.57507 100 18 0 0 0 0 0 0 0 0 0 0 0
93800 -188.146 0 0 0 0.982106 100 62 5.88543 100 17 0 0 0 -3.11815 100 28 0 0 0 0 0 0 0 0 0 0 0
93900 -185.959 0 0 0 0.399184 100 60 3.8032 100 16 0 0 0 -2.85469 100 20 0 0 0 0 0 0 0 0 0 0 0
94000 -184.394 0 0 0 -0.0244467 100 62 3.10972 100 22 0 0 0 -2.38151 100 27 0 0 0 0 0 0 0 0 0 0 0
94100 -185.019 0 0 0 0.247936 100 72 0.616082 100 19 0 0 0 -2.31399 100 23 0 0 0 0 0 0 0 0 0 0 0
94200 -185.558 0 0 0 0.54254 100 66 3.78338 100 20 0 0 0 -2.78005 100 29 0 0 0 0 0 0 0 0 0 0 0
94300 -184.656 0 0 0 -1.01697 100 62 0.751242 100 24 0 0 0 -2.35746 100 21 0 0 0 0 0 0 0 0 0 0 0
94400 -184.398 0 0 0 -0.414836 100 54 0.89055 100 21 0 0 0 -2.37986 100 26 0 0 0 0 0 0 0 0 0 0 0
94500 -184.419 0 0 0 -0.79484 100 59 0.183134 100 23 0 0 0 -2.24774 100 27 0 0 0 0 0 0 0 0 0 0 0
94600 -184.216 0 0 0 -1.39638 100 48 1.47978 100 21 0 0 0 -2.15932 100 26 0 0 0 0 0 0 0 0 0 0 0
94700 -186.309 0 0 0 -1.98322 100 65 -1.64042 100 17 0 0 0 -1.84246 100 27 0 0 0 0 0 0 0 0 0 0 0
94800 -183.834 0 0 0 -0.998857 100 66 0.827842 100 21 0 0 0 -2.16548 100 30 0 0 0 0 0 0 0 0 0 0 0
94900 -186.367 0 0 0 -2.79721 100 59 0.716388 100 17 0 0 0 -2.12694 100 25 0 0 0 0 0 0 0 0 0 0 0
95000 -185.629 0 0 0 -0.0403275 100 66 4.8005 100 22 0 0 0 -2.64122 100 15 0 0 0 0 0 0 0 0 0 0 0
95100 -184.984 0 0 0 -1.17402 100 60 -1.01385 100 24 0 0 0 -1.93381 100 27 0 0 0 0 0 0 0 0 0 0 0
95200 -184.022 0 0 0 -0.428599 100 63 0.399506 100 24 0 0 0 -2.13177 100 25 0 0 0 0 0 0 0 0 0 0 0
95300 -183.98 0 0 0 0.00706035 100 66 1.79854 100 16 0 0 0 -2.37468 100 26 0 0 0 0 0 0 0 0 0 0 0
95400 -184.685 0 0 0 0.321173 100 57 3.45364 100 15 0 0 0 -2.50873 100 29 0 0 0 0 0 0 0 0 0 0 0
95500 -183.928 0 0 0 -0.939703 100 63 0.59305 100 13 0 0 0 -2.19247 100 29 0 0 0 0 0 0 0 0 0 0 0
95600 -184.358 0 0 0 0.218795 100 56 2.86501 100 23 0 0 0 -2.54515 100 19 0 0 0 0 0 0 0 0 0 0 0
95700 -185.376 0 0 0 -1.24756 100 65 -0.990632 100 28 0 0 0 -1.82828 100 23 0 0 0 0 0 0 0 0 0 0 0
95800 -186.066 0 0 0 0.84662 100 64 2.8071 100 23 0 0 0 -2.42721 100 24 0 0 0 0 0 0 0 0 0 0 0
95900 -184.439 0 0 0 -0.320402 100 51 0.846032 100 16 0 0 0 -2.37637 100 33 0 0 0 0 0 0 0 0 0 0 0
96000 -185.298 0 0 0 -0.0407329 100 62 -0.20904 100 14 0 0 0 -2.25972 100 31 0 0 0 0 0 0 0 0 0 0 0
96100 -185.711 0 0 0 -2.25275 100 62 0.599409 100 19 0 0 0 -1.97382 100 25 0 0 0 0 0 0 0 0 0 0 0
96200 -184.251 0 0 0 -0.356297 100 66 3.28835 100 20 0 0 0 -2.42268 100 27 0 0 0 0 0 0 0 0 0 0 0
96300 -184.89 0 0 0 -1.66289 100 55 -0.330825 100 22 0 0 0 -2.05866 100 25 0 0 0 0 0 0 0 0 0 0 0
96400 -185.724 0 0 0 -1.19152 100 63 3.64601 100 18 0 0 0 -2.69572 100 31 0 0 0 0 0 0 0 0 0 0 0
96500 -184.36 0 0 0 -1.24335 100 59 2.61953 100 23 0 0 0 -2.33609 100 16 0 0 0 0 0 0 0 0 0 0 0
96600 -186.398 0 0 0 -0.382375 100 60 -0.154102 100 36 0 0 0 -2.42733 100 23 0 0 0 0 0 0 0 0 0 0 0
96700 -184.607 0 0 0 -0.617821 100 65 3.70828 100 18 0 0 0 -2.5883 100 29 0 0 0 0 0 0 0 0 0 0 0
96800 -183.851 0 0 0 -0.270882 100 68 1.06582 100 20 0 0 0 -2.2586 100 24 0 0 0 0 0 0 0 0 0 0 0
96900 -186.163 0 0 0 0.275065 100 58 -0.544189 100 20 0 0 0 -2.07902 100 20 0 0 0 0 0 0 0 0 0 0 0
97000 -185.05 0 0 0 -1.91796 100 54 2.10223 100 23 0 0 0 -2.25489 100 24 0 0 0 0 0 0 0 0 0 0 0
97100 -185.36 0 0 0 -0.132399 100 68 3.22673 100 17 0 0 0 -2.75621 100 27 0 0 0 0 0 0 0 0 0 0 0
97200 -184.264 0 0 0 -0.841888 100 61 0.306704 100 21 0 0 0 -1.99596 100 23 0 0 0 0 0 0 0 0 0 0 0
97300 -184.865 0 0 0 -1.22729 100 62 -0.709253 100 22 0 0 0 -2.07464 100 18 0 0 0 0 0 0 0 0 0 0 0
97400 -184.637 0 0 0 -1.41879 100 62 1.34407 100 24 0 0 0 -2.3652 100 25 0 0 0 0 0 0 0 0 0 0 0
97500 -185.12 0 0 0 0.244407 100 63 3.96234 100 17 0 0 0 -2.74896 100 25 0 0 0 0 0 0 0 0 0 0 0
97600 -185.824 0 0 0 -1.27362 100 62 2.8324 100 22 0 0 0 -2.15292 100 27 0 0 0 0 0 0 0 0 0 0 0
97700 -183.935 0 0 0 -0.684958 100 65 1.38186 100 28 0 0 0 -2.12571 100 27 0 0 0 0 0 0 0 0 0 0 0
97800 -186.937 0 0 0 0.569037 100 65 0.304976 100 16 0 0 0 -2.06812 100 18 0 0 0 0 0 0 0 0 0 0 0
97900 -188.978 0 0 0 -3.50062 100 69 -1.03218 100 19 0 0 0 -1.75738 100 26 0 0 0 0 0 0 0 0 0 0 0
98000 -184.382 0 0 0 -0.0549628 100 57 3.28585 100 27 0 0 0 -2.611 100 31 0 0 0 0 0 0 0 0 0 0 0
98100 -185.287 0 0 0 -1.49837 100 66 -0.228255 100 15 0 0 0 -1.85456 100 24 0 0 0 0 0 0 0 0 0 0 0
98200 -183.994 0 0 0 -1.10965 100 65 1.31389 100 18 0 0 0 -2.2989 100 20 0 0 0 0 0 0 0 0 0 0 0
98300 -184.404 0 0 0 -0.327313 100 66 2.82642 100 19 0 0 0 -2.59867 100 22 0 0 0 0 0 0 0 0 0 0 0
98400 -183.675 0 0 0 -0.454644 100 64 1.95224 100 15 0 0 0 -2.28918 100 18 0 0 0 0 0 0 0 0 0 0 0
98500 -185.288 0 0 0 -1.24017 100 62 -0.487321 100 18 0 0 0 -2.20654 100 21 0 0 0 0 0 0 0 0 0 0 0
98600 -184.497 0 0 0 0.0940624 100 53 1.50672 100 21 0 0 0 -2.1846 100 27 0 0 0 0 0 0 0 0 0 0 0
98700 -187.055 0 0 0 0.0505807 100 63 5.10409 100 23 0 0 0 -2.5405 100 22 0 0 0 0 0 0 0 0 0 0 0
98800 -185.56 0 0 0 -2.00642 100 59 -0.51668 100 24 0 0 0 -1.8984 100 22 0 0 0 0 0 0 0 0 0 0 0
98900 -184.167 0 0 0 -0.293955 100 58 1.61138 100 19 0 0 0 -2.44666 100 27 0 0 0 0 0 0 0 0 0 0 0
99000 -183.762 0 0 0 -0.939257 100 60 1.61995 100 18 0 0 0 -2.22826 100 27 0 0 0 0 0 0 0 0 0 0 0
99100 -185.609 0 0 0 -0.400979 100 63 -1.00867 100 19 0 0 0 -2.16252 100 18 0 0 0 0 0 0 0 0 0 0 0
99200 -184.406 0 0 0 -0.445381 100 62 3.40402 100 27 0 0 0 -2.59802 100 21 0 0 0 0 0 0 0 0 0 0 0
99300 -188.03 0 0 0 -2.97954 100 64 -1.40215 100 17 0 0 0 -2.01049 100 23 0 0 0 0 0 0 0 0 0 0 0
99400 -187.116 0 0 0 -1.92709 100 59 2.04156 100 22 0 0 0 -2.61655 100 30 0 0 0 0 0 0 0 0 0 0 0
99500 -188.823 0 0 0 -2.44661 100 69 -2.99898 100 21 0 0 0 -1.65395 100 27 0 0 0 0 0 0 0 0 0 0 0
99600 -184.586 0 0 0 -0.391881 100 56 3.86128 100 21 0 0 0 -2.58117 100 22 0 0 0 0 0 0 0 0 0 0 0
99700 -187.795 0 0 0 -0.252753 100 65 2.56711 100 13 0 0 0 -2.88466 100 25 0 0 0 0 0 0 0 0 0 0 0
99800 -184.437 0 0 0 -1.48885 100 64 0.610245 100 18 0 0 0 -2.20786 100 24 0 0 0 0 0 0 0 0 0 0 0
99900 -184.024 0 0 0 -0.847773 100 65 2.21567 100 21 0 0 0 -2.23231 100 22 0 0 0 0 0 0 0 0 0 0 0
100000 -185.297 0 0 0 -1.06467 100 64 -0.536948 100 24 0 0 0 -2.21755 100 17 0 0 0 0 0 0 0 0 0 0 0
