iteration logLik intercept1 intercept1_p intercept1_a pcov2 pcov2_p pcov2_a pcov3 pcov3_p pcov3_a pcov4 pcov4_p pcov4_a intercept2 intercept2_p intercept2_a intercept3 intercept3_p intercept3_a intercept4 intercept4_p intercept4_a pcov pcov_p pcov_a data_p data_a
0 -1.51345e+17 0 0 0 25.1264 0 0 -7.79549 0 0 0 0 0 13.1367 0 0 0 0 0 0 0 0 0 0 0 0 0
100 -318.225 0 0 0 0.658667 100 46 1.60193 100 41 0 0 0 -2.3879 100 37 0 0 0 0 0 0 0 0 0 0 0
200 -319.244 0 0 0 0.563735 100 21 2.58561 100 16 0 0 0 -2.33117 100 17 0 0 0 0 0 0 0 0 0 0 0
300 -318.127 0 0 0 0.951062 100 27 2.43998 100 27 0 0 0 -2.59296 100 17 0 0 0 0 0 0 0 0 0 0 0
400 -318.738 0 0 0 0.611441 100 14 0.800582 100 22 0 0 0 -2.42108 100 19 0 0 0 0 0 0 0 0 0 0 0
500 -319.623 0 0 0 0.209526 100 28 0.342747 100 16 0 0 0 -2.18756 100 22 0 0 0 0 0 0 0 0 0 0 0
600 -318.631 0 0 0 0.421588 100 27 0.771078 100 26 0 0 0 -2.18127 100 23 0 0 0 0 0 0 0 0 0 0 0
700 -321.255 0 0 0 1.35375 100 23 1.79996 100 23 0 0 0 -2.98606 100 20 0 0 0 0 0 0 0 0 0 0 0
800 -319.764 0 0 0 0.732289 100 22 3.54104 100 27 0 0 0 -2.43725 100 14 0 0 0 0 0 0 0 0 0 0 0
900 -319.891 0 0 0 1.61561 100 19 3.05992 100 26 0 0 0 -2.96208 100 13 0 0 0 0 0 0 0 0 0 0 0
1000 -319.457 0 0 0 0.918096 100 24 2.11716 100 21 0 0 0 -2.73508 100 15 0 0 0 0 0 0 0 0 0 0 0
1100 -318.472 0 0 0 0.479754 100 13 0.758143 100 25 0 0 0 -2.25869 100 19 0 0 0 0 0 0 0 0 0 0 0
1200 -319.646 0 0 0 0.342857 100 22 0.408385 100 25 0 0 0 -2.00191 100 18 0 0 0 0 0 0 0 0 0 0 0
1300 -320.554 0 0 0 1.06306 100 19 4.73567 100 26 0 0 0 -2.93882 100 21 0 0 0 0 0 0 0 0 0 0 0
1400 -320.16 0 0 0 1.51739 100 24 2.25546 100 30 0 0 0 -2.92848 100 15 0 0 0 0 0 0 0 0 0 0 0
1500 -319.514 0 0 0 0.861355 100 28 0.0941745 100 24 0 0 0 -2.52043 100 23 0 0 0 0 0 0 0 0 0 0 0
1600 -319.361 0 0 0 0.366795 100 23 0.372123 100 16 0 0 0 -2.2994 100 26 0 0 0 0 0 0 0 0 0 0 0
1700 -318.256 0 0 0 1.07114 100 25 2.98353 100 22 0 0 0 -2.70118 100 16 0 0 0 0 0 0 0 0 0 0 0
1800 -320.403 0 0 0 1.1786 100 24 0.788881 100 16 0 0 0 -2.75829 100 19 0 0 0 0 0 0 0 0 0 0 0
1900 -320.575 0 0 0 0.127645 100 26 -2.45769 100 27 0 0 0 -1.87892 100 16 0 0 0 0 0 0 0 0 0 0 0
2000 -319.68 0 0 0 0.657265 100 26 -1.06298 100 24 0 0 0 -2.23896 100 26 0 0 0 0 0 0 0 0 0 0 0
2100 -321.829 0 0 0 1.87351 100 26 6.3026 100 24 0 0 0 -3.49496 100 20 0 0 0 0 0 0 0 0 0 0 0
2200 -318.338 0 0 0 1.17121 100 17 3.43546 100 19 0 0 0 -2.73157 100 18 0 0 0 0 0 0 0 0 0 0 0
2300 -319.671 0 0 0 1.13143 100 18 4.58113 100 17 0 0 0 -2.68004 100 17 0 0 0 0 0 0 0 0 0 0 0
2400 -318.467 0 0 0 0.760308 100 20 0.750201 100 19 0 0 0 -2.44114 100 12 0 0 0 0 0 0 0 0 0 0 0
2500 -321.46 0 0 0 1.05163 100 23 -0.769918 100 25 0 0 0 -2.4032 100 19 0 0 0 0 0 0 0 0 0 0 0
2600 -322.272 0 0 0 0.337333 100 27 0.249344 100 25 0 0 0 -2.46925 100 17 0 0 0 0 0 0 0 0 0 0 0
2700 -320.313 0 0 0 1.1131 100 23 4.23309 100 19 0 0 0 -2.96843 100 17 0 0 0 0 0 0 0 0 0 0 0
2800 -319.647 0 0 0 0.972907 100 26 1.00556 100 29 0 0 0 -2.34513 100 24 0 0 0 0 0 0 0 0 0 0 0
2900 -319.634 0 0 0 1.38564 100 20 2.36229 100 17 0 0 0 -2.91273 100 22 0 0 0 0 0 0 0 0 0 0 0
3000 -318.548 0 0 0 1.03916 100 27 3.29097 100 19 0 0 0 -2.74619 100 13 0 0 0 0 0 0 0 0 0 0 0
3100 -319.513 0 0 0 1.24981 100 25 1.32622 100 29 0 0 0 -2.665 100 17 0 0 0 0 0 0 0 0 0 0 0
3200 -319.756 0 0 0 0.869255 100 22 -0.309795 100 20 0 0 0 -2.47325 100 17 0 0 0 0 0 0 0 0 0 0 0
3300 -318.942 0 0 0 0.424711 100 20 1.62663 100 28 0 0 0 -2.26283 100 24 0 0 0 0 0 0 0 0 0 0 0
3400 -318.646 0 0 0 0.464424 100 19 0.396113 100 29 0 0 0 -2.27409 100 19 0 0 0 0 0 0 0 0 0 0 0
3500 -318.156 0 0 0 0.756167 100 24 1.61495 100 24 0 0 0 -2.45735 100 13 0 0 0 0 0 0 0 0 0 0 0
3600 -318.841 0 0 0 0.722432 100 18 2.97506 100 18 0 0 0 -2.46113 100 26 0 0 0 0 0 0 0 0 0 0 0
3700 -318.473 0 0 0 0.711605 100 18 2.25249 100 29 0 0 0 -2.37492 100 16 0 0 0 0 0 0 0 0 0 0 0
3800 -318.74 0 0 0 0.494765 100 18 1.7602 100 19 0 0 0 -2.31681 100 21 0 0 0 0 0 0 0 0 0 0 0
3900 -318.692 0 0 0 1.17609 100 21 2.44549 100 24 0 0 0 -2.59983 100 21 0 0 0 0 0 0 0 0 0 0 0
4000 -318.423 0 0 0 0.573167 100 21 0.540622 100 18 0 0 0 -2.31486 100 17 0 0 0 0 0 0 0 0 0 0 0
4100 -319.723 0 0 0 1.09576 100 20 3.87412 100 21 0 0 0 -2.91114 100 23 0 0 0 0 0 0 0 0 0 0 0
4200 -318.895 0 0 0 0.880193 100 23 2.97452 100 22 0 0 0 -2.68952 100 15 0 0 0 0 0 0 0 0 0 0 0
4300 -319.571 0 0 0 1.66825 100 24 4.13722 100 30 0 0 0 -3.09669 100 12 0 0 0 0 0 0 0 0 0 0 0
4400 -319.711 0 0 0 1.0364 100 20 2.93581 100 30 0 0 0 -2.85394 100 20 0 0 0 0 0 0 0 0 0 0 0
4500 -319.82 0 0 0 0.26505 100 24 -1.7461 100 23 0 0 0 -2.02578 100 16 0 0 0 0 0 0 0 0 0 0 0
4600 -318.355 0 0 0 0.626658 100 13 1.62159 100 14 0 0 0 -2.40436 100 16 0 0 0 0 0 0 0 0 0 0 0
4700 -318.446 0 0 0 0.824072 100 29 0.827049 100 24 0 0 0 -2.37982 100 16 0 0 0 0 0 0 0 0 0 0 0
4800 -320.03 0 0 0 0.604253 100 17 2.79614 100 26 0 0 0 -2.27017 100 21 0 0 0 0 0 0 0 0 0 0 0
4900 -320.037 0 0 0 0.439758 100 22 -1.59684 100 24 0 0 0 -2.19248 100 25 0 0 0 0 0 0 0 0 0 0 0
5000 -319.735 0 0 0 1.00062 100 21 4.6364 100 23 0 0 0 -2.75207 100 19 0 0 0 0 0 0 0 0 0 0 0
5100 -318.841 0 0 0 0.381413 100 21 -0.342962 100 21 0 0 0 -2.1561 100 12 0 0 0 0 0 0 0 0 0 0 0
5200 -320.589 0 0 0 -0.0808091 100 23 -0.480273 100 13 0 0 0 -1.91929 100 20 0 0 0 0 0 0 0 0 0 0 0
5300 -318.99 0 0 0 0.666706 100 27 1.70759 100 19 0 0 0 -2.53263 100 23 0 0 0 0 0 0 0 0 0 0 0
5400 -318.525 0 0 0 1.0615 100 20 2.18538 100 22 0 0 0 -2.7052 100 17 0 0 0 0 0 0 0 0 0 0 0
5500 -320.911 0 0 0 1.89765 100 22 6.89739 100 16 0 0 0 -3.33059 100 15 0 0 0 0 0 0 0 0 0 0 0
5600 -318.886 0 0 0 1.32786 100 31 4.36455 100 26 0 0 0 -2.93937 100 16 0 0 0 0 0 0 0 0 0 0 0
5700 -319.308 0 0 0 0.324401 100 23 0.381177 100 30 0 0 0 -2.03044 100 20 0 0 0 0 0 0 0 0 0 0 0
5800 -318.68 0 0 0 1.00905 100 21 3.45354 100 19 0 0 0 -2.57634 100 17 0 0 0 0 0 0 0 0 0 0 0
5900 -320.635 0 0 0 1.40861 100 21 3.79498 100 22 0 0 0 -2.66404 100 16 0 0 0 0 0 0 0 0 0 0 0
6000 -319.401 0 0 0 0.237413 100 25 -1.13244 100 27 0 0 0 -2.004 100 14 0 0 0 0 0 0 0 0 0 0 0
6100 -318.368 0 0 0 0.656427 100 19 0.939143 100 17 0 0 0 -2.27434 100 19 0 0 0 0 0 0 0 0 0 0 0
6200 -318.24 0 0 0 1.08008 100 22 3.07975 100 21 0 0 0 -2.64943 100 26 0 0 0 0 0 0 0 0 0 0 0
6300 -319.028 0 0 0 0.389225 100 24 -0.69635 100 24 0 0 0 -2.1524 100 23 0 0 0 0 0 0 0 0 0 0 0
6400 -318.658 0 0 0 1.11739 100 24 2.43811 100 19 0 0 0 -2.5543 100 23 0 0 0 0 0 0 0 0 0 0 0
6500 -319.344 0 0 0 1.0033 100 24 0.468362 100 21 0 0 0 -2.44789 100 21 0 0 0 0 0 0 0 0 0 0 0
6600 -318.208 0 0 0 1.08588 100 22 2.98229 100 24 0 0 0 -2.67813 100 17 0 0 0 0 0 0 0 0 0 0 0
6700 -318.424 0 0 0 0.971931 100 26 3.11693 100 19 0 0 0 -2.68031 100 19 0 0 0 0 0 0 0 0 0 0 0
6800 -319.327 0 0 0 0.837851 100 21 3.84502 100 18 0 0 0 -2.59006 100 23 0 0 0 0 0 0 0 0 0 0 0
6900 -320.819 0 0 0 -0.0195301 100 24 0.350835 100 14 0 0 0 -2.06183 100 14 0 0 0 0 0 0 0 0 0 0 0
7000 -319.065 0 0 0 0.973347 100 23 3.81469 100 19 0 0 0 -2.57983 100 16 0 0 0 0 0 0 0 0 0 0 0
7100 -320.341 0 0 0 0.808142 100 19 2.1587 100 19 0 0 0 -2.24178 100 17 0 0 0 0 0 0 0 0 0 0 0
7200 -322.948 0 0 0 -0.0371855 100 24 0.0926143 100 32 0 0 0 -2.23233 100 18 0 0 0 0 0 0 0 0 0 0 0
7300 -319.404 0 0 0 0.419117 100 20 1.80786 100 25 0 0 0 -2.18311 100 16 0 0 0 0 0 0 0 0 0 0 0
7400 -319.913 0 0 0 0.0374096 100 16 -0.913798 100 22 0 0 0 -1.96152 100 16 0 0 0 0 0 0 0 0 0 0 0
7500 -320.044 0 0 0 0.294849 100 26 0.172845 100 17 0 0 0 -1.94495 100 15 0 0 0 0 0 0 0 0 0 0 0
7600 -319.189 0 0 0 0.922845 100 17 1.32194 100 29 0 0 0 -2.34306 100 17 0 0 0 0 0 0 0 0 0 0 0
7700 -319.336 0 0 0 0.311339 100 29 0.25197 100 22 0 0 0 -2.01719 100 17 0 0 0 0 0 0 0 0 0 0 0
7800 -319.245 0 0 0 1.09656 100 42 2.04073 100 26 0 0 0 -2.47217 100 23 0 0 0 0 0 0 0 0 0 0 0
7900 -319.354 0 0 0 0.200371 100 29 0.0265142 100 23 0 0 0 -2.12153 100 14 0 0 0 0 0 0 0 0 0 0 0
8000 -321.896 0 0 0 2.23821 100 23 5.77414 100 17 0 0 0 -3.45591 100 15 0 0 0 0 0 0 0 0 0 0 0
8100 -320.647 0 0 0 0.243305 100 25 -2.54056 100 29 0 0 0 -1.94866 100 21 0 0 0 0 0 0 0 0 0 0 0
8200 -321.779 0 0 0 1.33437 100 24 1.21746 100 25 0 0 0 -2.52079 100 18 0 0 0 0 0 0 0 0 0 0 0
8300 -320.758 0 0 0 0.156105 100 22 -0.709239 100 27 0 0 0 -2.20315 100 23 0 0 0 0 0 0 0 0 0 0 0
8400 -318.817 0 0 0 0.880061 100 30 1.75948 100 22 0 0 0 -2.63846 100 20 0 0 0 0 0 0 0 0 0 0 0
8500 -318.676 0 0 0 0.815949 100 27 1.18815 100 19 0 0 0 -2.54786 100 20 0 0 0 0 0 0 0 0 0 0 0
8600 -320.607 0 0 0 0.720239 100 18 -0.408658 100 22 0 0 0 -2.51678 100 15 0 0 0 0 0 0 0 0 0 0 0
8700 -318.691 0 0 0 0.437611 100 24 0.49005 100 29 0 0 0 -2.26713 100 11 0 0 0 0 0 0 0 0 0 0 0
8800 -318.574 0 0 0 0.872308 100 22 2.65007 100 22 0 0 0 -2.44153 100 14 0 0 0 0 0 0 0 0 0 0 0
8900 -318.341 0 0 0 1.09617 100 19 2.14082 100 28 0 0 0 -2.60354 100 18 0 0 0 0 0 0 0 0 0 0 0
9000 -318.783 0 0 0 0.347068 100 24 0.0985294 100 21 0 0 0 -2.12074 100 22 0 0 0 0 0 0 0 0 0 0 0
9100 -319.665 0 0 0 1.68705 100 20 5.04468 100 24 0 0 0 -3.03905 100 28 0 0 0 0 0 0 0 0 0 0 0
9200 -320.161 0 0 0 1.27138 100 20 3.87623 100 23 0 0 0 -3.03976 100 24 0 0 0 0 0 0 0 0 0 0 0
9300 -319.132 0 0 0 0.320424 100 27 -0.599667 100 30 0 0 0 -2.03067 100 25 0 0 0 0 0 0 0 0 0 0 0
9400 -318.381 0 0 0 0.562243 100 19 0.808599 100 27 0 0 0 -2.24104 100 26 0 0 0 0 0 0 0 0 0 0 0
9500 -319.902 0 0 0 1.51587 100 22 2.71366 100 29 0 0 0 -2.80801 100 20 0 0 0 0 0 0 0 0 0 0 0
9600 -319.782 0 0 0 1.4706 100 31 5.6829 100 29 0 0 0 -3.02702 100 17 0 0 0 0 0 0 0 0 0 0 0
9700 -319.974 0 0 0 1.66843 100 24 3.34575 100 15 0 0 0 -2.9959 100 12 0 0 0 0 0 0 0 0 0 0 0
9800 -319.624 0 0 0 0.937647 100 15 2.76971 100 15 0 0 0 -2.38696 100 24 0 0 0 0 0 0 0 0 0 0 0
9900 -319.019 0 0 0 1.47495 100 23 4.65254 100 23 0 0 0 -3.00715 100 13 0 0 0 0 0 0 0 0 0 0 0
10000 -319.12 0 0 0 0.248247 100 27 0.306161 100 20 0 0 0 -2.07812 100 25 0 0 0 0 0 0 0 0 0 0 0
10100 -320.995 0 0 0 0.114897 100 28 -2.79176 100 19 0 0 0 -1.83906 100 17 0 0 0 0 0 0 0 0 0 0 0
10200 -318.568 0 0 0 0.997723 100 25 2.95917 100 24 0 0 0 -2.72467 100 17 0 0 0 0 0 0 0 0 0 0 0
10300 -318.769 0 0 0 0.70705 100 23 1.13367 100 16 0 0 0 -2.24658 100 19 0 0 0 0 0 0 0 0 0 0 0
10400 -319.362 0 0 0 1.17655 100 27 3.4896 100 24 0 0 0 -2.58292 100 20 0 0 0 0 0 0 0 0 0 0 0
10500 -318.547 0 0 0 0.580886 100 14 1.21073 100 21 0 0 0 -2.39772 100 14 0 0 0 0 0 0 0 0 0 0 0
10600 -319.73 0 0 0 0.862559 100 26 4.09193 100 19 0 0 0 -2.70516 100 21 0 0 0 0 0 0 0 0 0 0 0
10700 -325.189 0 0 0 1.3023 100 19 4.76206 100 23 0 0 0 -3.33357 100 18 0 0 0 0 0 0 0 0 0 0 0
10800 -319.41 0 0 0 1.51752 100 23 3.50747 100 25 0 0 0 -3.02586 100 13 0 0 0 0 0 0 0 0 0 0 0
10900 -319.104 0 0 0 0.469665 100 26 -0.511527 100 22 0 0 0 -2.2522 100 18 0 0 0 0 0 0 0 0 0 0 0
11000 -321.045 0 0 0 1.13261 100 18 -0.127719 100 28 0 0 0 -2.65653 100 18 0 0 0 0 0 0 0 0 0 0 0
11100 -319.36 0 0 0 1.62119 100 26 4.21403 100 24 0 0 0 -3.07306 100 29 0 0 0 0 0 0 0 0 0 0 0
11200 -320.594 0 0 0 1.61681 100 17 3.43723 100 18 0 0 0 -3.15787 100 23 0 0 0 0 0 0 0 0 0 0 0
11300 -320.302 0 0 0 0.214938 100 24 -1.18575 100 23 0 0 0 -1.8592 100 17 0 0 0 0 0 0 0 0 0 0 0
11400 -320.478 0 0 0 0.502 100 17 -1.90676 100 18 0 0 0 -2.05733 100 22 0 0 0 0 0 0 0 0 0 0 0
11500 -320.184 0 0 0 0.896969 100 18 0.197456 100 23 0 0 0 -2.61102 100 19 0 0 0 0 0 0 0 0 0 0 0
11600 -320.021 0 0 0 0.872329 100 30 1.55481 100 25 0 0 0 -2.71726 100 19 0 0 0 0 0 0 0 0 0 0 0
11700 -319.571 0 0 0 0.710823 100 17 3.52611 100 22 0 0 0 -2.56616 100 19 0 0 0 0 0 0 0 0 0 0 0
11800 -318.595 0 0 0 0.652595 100 15 2.40395 100 24 0 0 0 -2.43281 100 17 0 0 0 0 0 0 0 0 0 0 0
11900 -319.845 0 0 0 1.14357 100 24 5.08345 100 24 0 0 0 -2.81223 100 20 0 0 0 0 0 0 0 0 0 0 0
12000 -319.776 0 0 0 0.719382 100 22 1.74534 100 17 0 0 0 -2.20663 100 15 0 0 0 0 0 0 0 0 0 0 0
12100 -319.017 0 0 0 1.01481 100 26 0.938285 100 19 0 0 0 -2.60349 100 19 0 0 0 0 0 0 0 0 0 0 0
12200 -318.698 0 0 0 1.40162 100 17 3.82452 100 21 0 0 0 -2.90312 100 20 0 0 0 0 0 0 0 0 0 0 0
12300 -320.307 0 0 0 1.88882 100 20 6.00673 100 26 0 0 0 -3.24337 100 17 0 0 0 0 0 0 0 0 0 0 0
12400 -318.441 0 0 0 0.771207 100 23 2.60243 100 24 0 0 0 -2.44513 100 16 0 0 0 0 0 0 0 0 0 0 0
12500 -318.687 0 0 0 0.425888 100 25 0.517245 100 26 0 0 0 -2.14208 100 23 0 0 0 0 0 0 0 0 0 0 0
12600 -318.167 0 0 0 0.747799 100 25 1.94078 100 24 0 0 0 -2.45586 100 23 0 0 0 0 0 0 0 0 0 0 0
12700 -318.839 0 0 0 0.875407 100 16 0.40393 100 20 0 0 0 -2.44902 100 16 0 0 0 0 0 0 0 0 0 0 0
12800 -320.279 0 0 0 0.173712 100 21 -1.62951 100 26 0 0 0 -2.08665 100 19 0 0 0 0 0 0 0 0 0 0 0
12900 -319.055 0 0 0 0.333872 100 21 -0.386264 100 24 0 0 0 -2.17189 100 17 0 0 0 0 0 0 0 0 0 0 0
13000 -319.245 0 0 0 1.17375 100 23 1.20443 100 18 0 0 0 -2.62747 100 21 0 0 0 0 0 0 0 0 0 0 0
13100 -321.352 0 0 0 0.0959036 100 21 -3.16789 100 15 0 0 0 -1.87212 100 15 0 0 0 0 0 0 0 0 0 0 0
13200 -320.31 0 0 0 0.138432 100 16 0.898213 100 20 0 0 0 -2.1898 100 21 0 0 0 0 0 0 0 0 0 0 0
13300 -320.998 0 0 0 -0.119015 100 22 -1.48961 100 18 0 0 0 -1.92987 100 23 0 0 0 0 0 0 0 0 0 0 0
13400 -318.982 0 0 0 1.14372 100 15 4.15886 100 20 0 0 0 -2.69008 100 17 0 0 0 0 0 0 0 0 0 0 0
13500 -319.015 0 0 0 0.369136 100 17 -0.651226 100 27 0 0 0 -2.07837 100 19 0 0 0 0 0 0 0 0 0 0 0
13600 -319.593 0 0 0 0.806914 100 29 3.4591 100 26 0 0 0 -2.43456 100 19 0 0 0 0 0 0 0 0 0 0 0
13700 -319.016 0 0 0 1.02568 100 28 2.22835 100 22 0 0 0 -2.75409 100 23 0 0 0 0 0 0 0 0 0 0 0
13800 -318.635 0 0 0 0.845365 100 19 2.59906 100 12 0 0 0 -2.63286 100 12 0 0 0 0 0 0 0 0 0 0 0
13900 -320.27 0 0 0 0.0620286 100 17 -1.00768 100 23 0 0 0 -1.83329 100 19 0 0 0 0 0 0 0 0 0 0 0
14000 -319.099 0 0 0 0.264111 100 28 -0.214823 100 22 0 0 0 -2.12839 100 19 0 0 0 0 0 0 0 0 0 0 0
14100 -318.666 0 0 0 0.954884 100 26 2.10443 100 26 0 0 0 -2.67918 100 20 0 0 0 0 0 0 0 0 0 0 0
14200 -319.516 0 0 0 0.20003 100 20 -0.311144 100 28 0 0 0 -2.13678 100 18 0 0 0 0 0 0 0 0 0 0 0
14300 -319.001 0 0 0 0.901118 100 25 0.34512 100 19 0 0 0 -2.47339 100 16 0 0 0 0 0 0 0 0 0 0 0
14400 -320.224 0 0 0 0.27759 100 23 1.84951 100 24 0 0 0 -2.13165 100 16 0 0 0 0 0 0 0 0 0 0 0
14500 -319.294 0 0 0 0.197666 100 23 -0.673736 100 19 0 0 0 -2.03743 100 20 0 0 0 0 0 0 0 0 0 0 0
14600 -320.387 0 0 0 0.135894 100 25 1.28443 100 22 0 0 0 -2.08016 100 20 0 0 0 0 0 0 0 0 0 0 0
14700 -321.245 0 0 0 0.214694 100 24 -3.031 100 26 0 0 0 -1.91828 100 20 0 0 0 0 0 0 0 0 0 0 0
14800 -318.775 0 0 0 0.744238 100 16 0.785052 100 20 0 0 0 -2.49047 100 20 0 0 0 0 0 0 0 0 0 0 0
14900 -319.206 0 0 0 0.78783 100 25 0.309291 100 23 0 0 0 -2.50025 100 28 0 0 0 0 0 0 0 0 0 0 0
15000 -319.356 0 0 0 1.63543 100 13 4.50001 100 27 0 0 0 -3.01107 100 19 0 0 0 0 0 0 0 0 0 0 0
15100 -318.352 0 0 0 0.877026 100 29 2.72207 100 21 0 0 0 -2.49013 100 18 0 0 0 0 0 0 0 0 0 0 0
15200 -320.848 0 0 0 1.54449 100 29 6.46644 100 25 0 0 0 -3.07279 100 22 0 0 0 0 0 0 0 0 0 0 0
15300 -318.59 0 0 0 1.09009 100 28 2.58093 100 17 0 0 0 -2.54684 100 9 0 0 0 0 0 0 0 0 0 0 0
15400 -319.609 0 0 0 1.26564 100 25 1.4747 100 22 0 0 0 -2.62708 100 25 0 0 0 0 0 0 0 0 0 0 0
15500 -319.92 0 0 0 0.994649 100 28 0.103123 100 35 0 0 0 -2.57851 100 25 0 0 0 0 0 0 0 0 0 0 0
15600 -321.476 0 0 0 0.867717 100 16 3.61073 100 16 0 0 0 -2.87963 100 22 0 0 0 0 0 0 0 0 0 0 0
15700 -318.795 0 0 0 1.2563 100 22 3.132 100 26 0 0 0 -2.87242 100 17 0 0 0 0 0 0 0 0 0 0 0
15800 -319.693 0 0 0 1.73257 100 24 4.42322 100 21 0 0 0 -3.12066 100 16 0 0 0 0 0 0 0 0 0 0 0
15900 -319.898 0 0 0 1.37921 100 22 4.3408 100 23 0 0 0 -3.08588 100 21 0 0 0 0 0 0 0 0 0 0 0
16000 -319.958 0 0 0 0.942984 100 22 4.40841 100 18 0 0 0 -2.60077 100 9 0 0 0 0 0 0 0 0 0 0 0
16100 -318.482 0 0 0 0.536578 100 19 0.468316 100 21 0 0 0 -2.20481 100 11 0 0 0 0 0 0 0 0 0 0 0
16200 -319.274 0 0 0 0.705692 100 17 2.05085 100 16 0 0 0 -2.59574 100 20 0 0 0 0 0 0 0 0 0 0 0
16300 -319.753 0 0 0 1.00002 100 22 4.35461 100 24 0 0 0 -2.60884 100 23 0 0 0 0 0 0 0 0 0 0 0
16400 -318.223 0 0 0 0.708907 100 28 1.95204 100 17 0 0 0 -2.40444 100 21 0 0 0 0 0 0 0 0 0 0 0
16500 -319.722 0 0 0 1.53382 100 28 5.60384 100 26 0 0 0 -3.01453 100 18 0 0 0 0 0 0 0 0 0 0 0
16600 -318.895 0 0 0 0.53391 100 15 -0.35313 100 20 0 0 0 -2.26636 100 18 0 0 0 0 0 0 0 0 0 0 0
16700 -318.791 0 0 0 0.47297 100 18 -0.0667432 100 19 0 0 0 -2.12495 100 17 0 0 0 0 0 0 0 0 0 0 0
16800 -319.065 0 0 0 1.39314 100 18 4.57915 100 20 0 0 0 -2.85391 100 17 0 0 0 0 0 0 0 0 0 0 0
16900 -318.48 0 0 0 0.660314 100 18 1.00511 100 22 0 0 0 -2.25683 100 11 0 0 0 0 0 0 0 0 0 0 0
17000 -320.326 0 0 0 0.959257 100 30 2.47619 100 22 0 0 0 -2.83366 100 24 0 0 0 0 0 0 0 0 0 0 0
17100 -320.329 0 0 0 1.48436 100 33 3.30522 100 25 0 0 0 -3.09784 100 13 0 0 0 0 0 0 0 0 0 0 0
17200 -318.812 0 0 0 1.23195 100 25 3.81289 100 22 0 0 0 -2.89167 100 26 0 0 0 0 0 0 0 0 0 0 0
17300 -320.348 0 0 0 1.26747 100 19 5.68502 100 29 0 0 0 -2.96888 100 25 0 0 0 0 0 0 0 0 0 0 0
17400 -318.909 0 0 0 0.954192 100 23 3.40538 100 28 0 0 0 -2.52301 100 19 0 0 0 0 0 0 0 0 0 0 0
17500 -319.77 0 0 0 1.46358 100 25 2.68134 100 18 0 0 0 -2.97209 100 11 0 0 0 0 0 0 0 0 0 0 0
17600 -318.446 0 0 0 0.884384 100 17 0.934951 100 25 0 0 0 -2.46124 100 19 0 0 0 0 0 0 0 0 0 0 0
17700 -318.816 0 0 0 1.40875 100 23 4.06037 100 22 0 0 0 -2.85051 100 12 0 0 0 0 0 0 0 0 0 0 0
17800 -318.682 0 0 0 0.608648 100 29 -0.113603 100 24 0 0 0 -2.26585 100 23 0 0 0 0 0 0 0 0 0 0 0
17900 -320.152 0 0 0 0.226623 100 24 -1.33255 100 17 0 0 0 -1.87846 100 27 0 0 0 0 0 0 0 0 0 0 0
18000 -320.889 0 0 0 1.31231 100 22 5.55608 100 28 0 0 0 -3.11622 100 19 0 0 0 0 0 0 0 0 0 0 0
18100 -320.358 0 0 0 0.610301 100 17 1.84657 100 19 0 0 0 -2.60693 100 12 0 0 0 0 0 0 0 0 0 0 0
18200 -320.698 0 0 0 0.355405 100 22 -2.3315 100 23 0 0 0 -2.10553 100 18 0 0 0 0 0 0 0 0 0 0 0
18300 -320.824 0 0 0 0.782235 100 24 3.89989 100 27 0 0 0 -2.76758 100 18 0 0 0 0 0 0 0 0 0 0 0
18400 -319.663 0 0 0 0.503015 100 34 0.915535 100 20 0 0 0 -2.4501 100 14 0 0 0 0 0 0 0 0 0 0 0
18500 -319.539 0 0 0 1.59626 100 27 4.79893 100 31 0 0 0 -3.14227 100 14 0 0 0 0 0 0 0 0 0 0 0
18600 -320.611 0 0 0 1.58181 100 24 3.1135 100 22 0 0 0 -3.12019 100 20 0 0 0 0 0 0 0 0 0 0 0
18700 -322.333 0 0 0 2.3717 100 27 6.86033 100 20 0 0 0 -3.5876 100 18 0 0 0 0 0 0 0 0 0 0 0
18800 -319.627 0 0 0 1.05412 100 30 3.41778 100 16 0 0 0 -2.49652 100 17 0 0 0 0 0 0 0 0 0 0 0
18900 -320.48 0 0 0 0.158626 100 21 -1.43603 100 20 0 0 0 -2.12089 100 25 0 0 0 0 0 0 0 0 0 0 0
19000 -318.686 0 0 0 0.765779 100 31 0.729974 100 24 0 0 0 -2.48019 100 23 0 0 0 0 0 0 0 0 0 0 0
19100 -319.064 0 0 0 1.29522 100 25 4.75442 100 27 0 0 0 -2.90767 100 26 0 0 0 0 0 0 0 0 0 0 0
19200 -318.772 0 0 0 1.32227 100 22 2.64581 100 31 0 0 0 -2.79504 100 21 0 0 0 0 0 0 0 0 0 0 0
19300 -319.582 0 0 0 0.325591 100 17 -0.613135 100 22 0 0 0 -2.22048 100 19 0 0 0 0 0 0 0 0 0 0 0
19400 -319.652 0 0 0 0.315044 100 23 -0.303839 100 18 0 0 0 -2.24791 100 17 0 0 0 0 0 0 0 0 0 0 0
19500 -319.335 0 0 0 0.455501 100 13 -0.985103 100 25 0 0 0 -2.20108 100 22 0 0 0 0 0 0 0 0 0 0 0
19600 -318.307 0 0 0 0.917005 100 23 2.99687 100 22 0 0 0 -2.57727 100 16 0 0 0 0 0 0 0 0 0 0 0
19700 -318.959 0 0 0 0.919252 100 17 3.76181 100 24 0 0 0 -2.67386 100 17 0 0 0 0 0 0 0 0 0 0 0
19800 -318.723 0 0 0 1.21142 100 14 2.31259 100 22 0 0 0 -2.63443 100 16 0 0 0 0 0 0 0 0 0 0 0
19900 -318.942 0 0 0 1.22895 100 18 1.81799 100 29 0 0 0 -2.69362 100 17 0 0 0 0 0 0 0 0 0 0 0
20000 -318.362 0 0 0 0.884331 100 24 2.72136 100 29 0 0 0 -2.48915 100 15 0 0 0 0 0 0 0 0 0 0 0
20100 -318.73 0 0 0 1.16103 100 21 3.66639 100 25 0 0 0 -2.84319 100 16 0 0 0 0 0 0 0 0 0 0 0
20200 -319.318 0 0 0 0.811185 100 24 -0.268381 100 18 0 0 0 -2.33079 100 23 0 0 0 0 0 0 0 0 0 0 0
20300 -318.229 0 0 0 0.943277 100 23 1.64215 100 23 0 0 0 -2.49709 100 17 0 0 0 0 0 0 0 0 0 0 0
20400 -318.114 0 0 0 0.951778 100 24 2.50209 100 19 0 0 0 -2.56626 100 10 0 0 0 0 0 0 0 0 0 0 0
20500 -319.445 0 0 0 0.780426 100 34 3.55477 100 16 0 0 0 -2.47612 100 12 0 0 0 0 0 0 0 0 0 0 0
20600 -321.395 0 0 0 0.651076 100 20 2.29402 100 26 0 0 0 -2.14143 100 20 0 0 0 0 0 0 0 0 0 0 0
20700 -320.639 0 0 0 0.785486 100 20 -1.08817 100 28 0 0 0 -2.43211 100 19 0 0 0 0 0 0 0 0 0 0 0
20800 -319.089 0 0 0 0.833179 100 10 3.63728 100 26 0 0 0 -2.60113 100 13 0 0 0 0 0 0 0 0 0 0 0
20900 -318.944 0 0 0 1.07574 100 18 1.12631 100 20 0 0 0 -2.53342 100 10 0 0 0 0 0 0 0 0 0 0 0
21000 -318.905 0 0 0 0.657615 100 24 1.00047 100 16 0 0 0 -2.20462 100 19 0 0 0 0 0 0 0 0 0 0 0
21100 -319.377 0 0 0 0.752317 100 22 -0.258328 100 27 0 0 0 -2.42419 100 15 0 0 0 0 0 0 0 0 0 0 0
21200 -319.435 0 0 0 0.570711 100 20 -0.190449 100 23 0 0 0 -2.383 100 17 0 0 0 0 0 0 0 0 0 0 0
21300 -320.092 0 0 0 1.85923 100 28 5.08486 100 22 0 0 0 -3.23439 100 23 0 0 0 0 0 0 0 0 0 0 0
21400 -318.821 0 0 0 0.803271 100 19 3.20182 100 13 0 0 0 -2.59217 100 18 0 0 0 0 0 0 0 0 0 0 0
21500 -322.072 0 0 0 -0.00855769 100 22 -2.65319 100 21 0 0 0 -2.01886 100 14 0 0 0 0 0 0 0 0 0 0 0
21600 -319.241 0 0 0 1.17675 100 21 4.68931 100 24 0 0 0 -2.7879 100 21 0 0 0 0 0 0 0 0 0 0 0
21700 -319.995 0 0 0 1.78148 100 27 5.8755 100 24 0 0 0 -3.23173 100 19 0 0 0 0 0 0 0 0 0 0 0
21800 -320.276 0 0 0 0.67919 100 23 -0.96124 100 17 0 0 0 -2.13168 100 17 0 0 0 0 0 0 0 0 0 0 0
21900 -322.319 0 0 0 2.21667 100 27 5.25101 100 20 0 0 0 -3.35313 100 19 0 0 0 0 0 0 0 0 0 0 0
22000 -319.989 0 0 0 0.847779 100 17 3.02306 100 19 0 0 0 -2.3527 100 21 0 0 0 0 0 0 0 0 0 0 0
22100 -319.49 0 0 0 0.917053 100 21 1.45533 100 20 0 0 0 -2.31795 100 16 0 0 0 0 0 0 0 0 0 0 0
22200 -319.654 0 0 0 0.509482 100 22 2.23971 100 18 0 0 0 -2.47614 100 13 0 0 0 0 0 0 0 0 0 0 0
22300 -319.393 0 0 0 0.433402 100 26 -0.142178 100 26 0 0 0 -2.31139 100 16 0 0 0 0 0 0 0 0 0 0 0
22400 -318.924 0 0 0 0.642703 100 24 -0.0671375 100 33 0 0 0 -2.36241 100 14 0 0 0 0 0 0 0 0 0 0 0
22500 -319.198 0 0 0 0.894018 100 24 0.0846067 100 22 0 0 0 -2.4226 100 20 0 0 0 0 0 0 0 0 0 0 0
22600 -319.432 0 0 0 1.23558 100 21 3.45406 100 17 0 0 0 -2.95008 100 19 0 0 0 0 0 0 0 0 0 0 0
22700 -318.486 0 0 0 1.24037 100 17 3.01057 100 28 0 0 0 -2.80234 100 19 0 0 0 0 0 0 0 0 0 0 0
22800 -318.167 0 0 0 0.776936 100 23 1.3145 100 26 0 0 0 -2.39353 100 21 0 0 0 0 0 0 0 0 0 0 0
22900 -318.987 0 0 0 0.588901 100 29 1.1729 100 15 0 0 0 -2.45842 100 13 0 0 0 0 0 0 0 0 0 0 0
23000 -320.702 0 0 0 0.742464 100 20 2.6095 100 27 0 0 0 -2.73577 100 9 0 0 0 0 0 0 0 0 0 0 0
23100 -319.664 0 0 0 0.641103 100 23 1.79015 100 22 0 0 0 -2.57679 100 15 0 0 0 0 0 0 0 0 0 0 0
23200 -320.278 0 0 0 0.878941 100 23 -0.208205 100 20 0 0 0 -2.2588 100 16 0 0 0 0 0 0 0 0 0 0 0
23300 -319.288 0 0 0 0.251189 100 17 -0.765915 100 17 0 0 0 -2.09912 100 12 0 0 0 0 0 0 0 0 0 0 0
23400 -322.843 0 0 0 0.842217 100 27 -2.44357 100 17 0 0 0 -2.28248 100 24 0 0 0 0 0 0 0 0 0 0 0
23500 -319.918 0 0 0 0.165794 100 25 -1.4371 100 17 0 0 0 -2.05503 100 12 0 0 0 0 0 0 0 0 0 0 0
23600 -318.953 0 0 0 0.653809 100 20 -0.327278 100 22 0 0 0 -2.24069 100 16 0 0 0 0 0 0 0 0 0 0 0
23700 -318.959 0 0 0 0.685838 100 25 -0.274708 100 32 0 0 0 -2.26586 100 14 0 0 0 0 0 0 0 0 0 0 0
23800 -319.701 0 0 0 0.729117 100 28 -0.803204 100 13 0 0 0 -2.24532 100 18 0 0 0 0 0 0 0 0 0 0 0
23900 -318.478 0 0 0 1.24379 100 25 3.75751 100 20 0 0 0 -2.77701 100 18 0 0 0 0 0 0 0 0 0 0 0
24000 -318.699 0 0 0 1.04323 100 18 3.88059 100 13 0 0 0 -2.68667 100 13 0 0 0 0 0 0 0 0 0 0 0
24100 -319.224 0 0 0 0.784788 100 27 0.620861 100 17 0 0 0 -2.24443 100 14 0 0 0 0 0 0 0 0 0 0 0
24200 -318.407 0 0 0 0.843573 100 19 2.82003 100 25 0 0 0 -2.49397 100 18 0 0 0 0 0 0 0 0 0 0 0
24300 -318.158 0 0 0 0.88886 100 25 1.80629 100 23 0 0 0 -2.46338 100 19 0 0 0 0 0 0 0 0 0 0 0
24400 -319.063 0 0 0 0.609046 100 26 1.05884 100 18 0 0 0 -2.47262 100 17 0 0 0 0 0 0 0 0 0 0 0
24500 -320.988 0 0 0 1.26057 100 17 4.69384 100 24 0 0 0 -3.10675 100 23 0 0 0 0 0 0 0 0 0 0 0
24600 -319.641 0 0 0 1.07426 100 23 3.06798 100 30 0 0 0 -2.47563 100 22 0 0 0 0 0 0 0 0 0 0 0
24700 -321.011 0 0 0 1.28859 100 18 1.67013 100 21 0 0 0 -2.94058 100 24 0 0 0 0 0 0 0 0 0 0 0
24800 -319.68 0 0 0 1.16221 100 23 0.992378 100 16 0 0 0 -2.53092 100 17 0 0 0 0 0 0 0 0 0 0 0
24900 -319.187 0 0 0 0.946989 100 22 4.08675 100 27 0 0 0 -2.66156 100 19 0 0 0 0 0 0 0 0 0 0 0
25000 -318.312 0 0 0 0.634591 100 24 1.78136 100 23 0 0 0 -2.37035 100 20 0 0 0 0 0 0 0 0 0 0 0
25100 -319.261 0 0 0 1.00702 100 22 4.25337 100 21 0 0 0 -2.66297 100 20 0 0 0 0 0 0 0 0 0 0 0
25200 -320.657 0 0 0 0.248053 100 21 2.1475 100 17 0 0 0 -2.17416 100 19 0 0 0 0 0 0 0 0 0 0 0
25300 -319.452 0 0 0 0.985116 100 25 0.328324 100 17 0 0 0 -2.552 100 14 0 0 0 0 0 0 0 0 0 0 0
25400 -318.368 0 0 0 0.660877 100 25 1.55856 100 28 0 0 0 -2.43947 100 16 0 0 0 0 0 0 0 0 0 0 0
25500 -319.037 0 0 0 0.574041 100 21 1.44124 100 26 0 0 0 -2.46415 100 21 0 0 0 0 0 0 0 0 0 0 0
25600 -320.068 0 0 0 0.851343 100 25 4.23423 100 23 0 0 0 -2.55705 100 21 0 0 0 0 0 0 0 0 0 0 0
25700 -318.805 0 0 0 1.41817 100 20 3.69696 100 28 0 0 0 -2.84208 100 18 0 0 0 0 0 0 0 0 0 0 0
25800 -320.182 0 0 0 0.146612 100 27 -1.93791 100 24 0 0 0 -1.88254 100 15 0 0 0 0 0 0 0 0 0 0 0
25900 -318.487 0 0 0 0.554141 100 19 0.593696 100 18 0 0 0 -2.32576 100 16 0 0 0 0 0 0 0 0 0 0 0
26000 -318.976 0 0 0 0.954338 100 31 3.84993 100 18 0 0 0 -2.60924 100 22 0 0 0 0 0 0 0 0 0 0 0
26100 -320.248 0 0 0 0.511892 100 29 0.934962 100 31 0 0 0 -2.49898 100 17 0 0 0 0 0 0 0 0 0 0 0
26200 -319.685 0 0 0 0.625148 100 22 1.51673 100 13 0 0 0 -2.5577 100 19 0 0 0 0 0 0 0 0 0 0 0
26300 -319.024 0 0 0 1.33968 100 25 4.56349 100 26 0 0 0 -2.83081 100 14 0 0 0 0 0 0 0 0 0 0 0
26400 -318.79 0 0 0 1.27568 100 23 2.79979 100 20 0 0 0 -2.68007 100 20 0 0 0 0 0 0 0 0 0 0 0
26500 -319.683 0 0 0 1.19603 100 22 4.78422 100 20 0 0 0 -2.94997 100 11 0 0 0 0 0 0 0 0 0 0 0
26600 -326.746 0 0 0 2.85416 100 19 7.174 100 20 0 0 0 -3.75515 100 15 0 0 0 0 0 0 0 0 0 0 0
26700 -319.22 0 0 0 1.08057 100 23 3.88993 100 23 0 0 0 -2.59628 100 15 0 0 0 0 0 0 0 0 0 0 0
26800 -319.356 0 0 0 1.46643 100 26 2.80241 100 20 0 0 0 -2.91495 100 14 0 0 0 0 0 0 0 0 0 0 0
26900 -319.779 0 0 0 1.72196 100 29 5.00822 100 21 0 0 0 -3.20428 100 15 0 0 0 0 0 0 0 0 0 0 0
27000 -320.866 0 0 0 1.15914 100 23 -0.109692 100 18 0 0 0 -2.55668 100 17 0 0 0 0 0 0 0 0 0 0 0
27100 -318.981 0 0 0 0.444775 100 29 1.50479 100 24 0 0 0 -2.19174 100 18 0 0 0 0 0 0 0 0 0 0 0
27200 -319.289 0 0 0 0.684465 100 16 0.45185 100 19 0 0 0 -2.48652 100 17 0 0 0 0 0 0 0 0 0 0 0
27300 -319.039 0 0 0 0.848189 100 21 2.35744 100 22 0 0 0 -2.67372 100 17 0 0 0 0 0 0 0 0 0 0 0
27400 -318.788 0 0 0 0.406904 100 13 0.313284 100 21 0 0 0 -2.11073 100 27 0 0 0 0 0 0 0 0 0 0 0
27500 -319.645 0 0 0 0.386572 100 19 0.932742 100 29 0 0 0 -2.36563 100 21 0 0 0 0 0 0 0 0 0 0 0
27600 -318.751 0 0 0 1.05668 100 12 3.57124 100 21 0 0 0 -2.78405 100 15 0 0 0 0 0 0 0 0 0 0 0
27700 -323.438 0 0 0 2.54346 100 23 7.58445 100 15 0 0 0 -3.82219 100 19 0 0 0 0 0 0 0 0 0 0 0
27800 -320.122 0 0 0 1.06324 100 15 3.28349 100 24 0 0 0 -2.90962 100 20 0 0 0 0 0 0 0 0 0 0 0
27900 -318.334 0 0 0 0.957675 100 29 1.55834 100 21 0 0 0 -2.57038 100 21 0 0 0 0 0 0 0 0 0 0 0
28000 -320.231 0 0 0 0.266267 100 27 -1.98257 100 19 0 0 0 -1.92659 100 17 0 0 0 0 0 0 0 0 0 0 0
28100 -320.678 0 0 0 0.103151 100 25 -0.780183 100 24 0 0 0 -1.80856 100 7 0 0 0 0 0 0 0 0 0 0 0
28200 -320.789 0 0 0 1.20921 100 27 4.282 100 24 0 0 0 -2.58279 100 15 0 0 0 0 0 0 0 0 0 0 0
28300 -318.551 0 0 0 0.915981 100 18 1.46267 100 20 0 0 0 -2.59446 100 20 0 0 0 0 0 0 0 0 0 0 0
28400 -320.734 0 0 0 0.404577 100 19 -2.41175 100 19 0 0 0 -2.03926 100 26 0 0 0 0 0 0 0 0 0 0 0
28500 -319.365 0 0 0 0.716765 100 16 3.30347 100 23 0 0 0 -2.44066 100 11 0 0 0 0 0 0 0 0 0 0 0
28600 -318.263 0 0 0 0.944725 100 15 1.55241 100 27 0 0 0 -2.54258 100 16 0 0 0 0 0 0 0 0 0 0 0
28700 -318.222 0 0 0 0.677611 100 16 1.01863 100 16 0 0 0 -2.32968 100 23 0 0 0 0 0 0 0 0 0 0 0
28800 -318.211 0 0 0 1.04884 100 14 2.9886 100 23 0 0 0 -2.63192 100 14 0 0 0 0 0 0 0 0 0 0 0
28900 -323.012 0 0 0 1.87483 100 21 3.44121 100 23 0 0 0 -3.37268 100 17 0 0 0 0 0 0 0 0 0 0 0
29000 -318.391 0 0 0 0.692484 100 18 0.534533 100 24 0 0 0 -2.35372 100 15 0 0 0 0 0 0 0 0 0 0 0
29100 -319.636 0 0 0 0.455035 100 21 -0.467876 100 20 0 0 0 -2.01795 100 18 0 0 0 0 0 0 0 0 0 0 0
29200 -318.947 0 0 0 0.607334 100 24 2.62025 100 19 0 0 0 -2.41005 100 19 0 0 0 0 0 0 0 0 0 0 0
29300 -318.181 0 0 0 0.680455 100 26 1.47425 100 20 0 0 0 -2.36119 100 23 0 0 0 0 0 0 0 0 0 0 0
29400 -318.382 0 0 0 1.20839 100 19 3.05919 100 21 0 0 0 -2.70317 100 20 0 0 0 0 0 0 0 0 0 0 0
29500 -320.237 0 0 0 -0.0273252 100 19 -1.1323 100 26 0 0 0 -1.92758 100 20 0 0 0 0 0 0 0 0 0 0 0
29600 -319.207 0 0 0 0.318163 100 18 -0.918184 100 19 0 0 0 -2.10531 100 20 0 0 0 0 0 0 0 0 0 0 0
29700 -319.492 0 0 0 0.180643 100 30 0.109388 100 22 0 0 0 -1.99562 100 19 0 0 0 0 0 0 0 0 0 0 0
29800 -320.38 0 0 0 0.121249 100 26 1.02205 100 35 0 0 0 -2.16544 100 11 0 0 0 0 0 0 0 0 0 0 0
29900 -319.339 0 0 0 0.787454 100 20 0.258985 100 34 0 0 0 -2.24358 100 19 0 0 0 0 0 0 0 0 0 0 0
30000 -319.484 0 0 0 0.959917 100 27 0.190757 100 29 0 0 0 -2.40658 100 18 0 0 0 0 0 0 0 0 0 0 0
30100 -319.611 0 0 0 1.22161 100 14 2.22028 100 26 0 0 0 -2.8727 100 20 0 0 0 0 0 0 0 0 0 0 0
30200 -318.577 0 0 0 0.86493 100 21 1.47517 100 24 0 0 0 -2.58145 100 18 0 0 0 0 0 0 0 0 0 0 0
30300 -320.886 0 0 0 1.16349 100 30 -0.104943 100 22 0 0 0 -2.56099 100 22 0 0 0 0 0 0 0 0 0 0 0
30400 -318.762 0 0 0 1.29227 100 31 3.09106 100 26 0 0 0 -2.70257 100 19 0 0 0 0 0 0 0 0 0 0 0
30500 -318.998 0 0 0 0.748939 100 24 -0.16608 100 17 0 0 0 -2.31267 100 21 0 0 0 0 0 0 0 0 0 0 0
30600 -320.741 0 0 0 0.0530392 100 26 1.06128 100 22 0 0 0 -2.04776 100 16 0 0 0 0 0 0 0 0 0 0 0
30700 -319.14 0 0 0 1.04814 100 20 1.06072 100 30 0 0 0 -2.46362 100 28 0 0 0 0 0 0 0 0 0 0 0
30800 -318.416 0 0 0 1.03667 100 17 3.12152 100 30 0 0 0 -2.58279 100 18 0 0 0 0 0 0 0 0 0 0 0
30900 -318.65 0 0 0 0.926921 100 23 3.03268 100 20 0 0 0 -2.49546 100 16 0 0 0 0 0 0 0 0 0 0 0
31000 -319.968 0 0 0 1.33253 100 22 2.18366 100 22 0 0 0 -2.92357 100 24 0 0 0 0 0 0 0 0 0 0 0
31100 -319.906 0 0 0 0.897696 100 27 0.945214 100 22 0 0 0 -2.67092 100 17 0 0 0 0 0 0 0 0 0 0 0
31200 -319.721 0 0 0 0.11361 100 21 -0.678307 100 18 0 0 0 -1.92065 100 19 0 0 0 0 0 0 0 0 0 0 0
31300 -318.365 0 0 0 0.645118 100 22 1.96512 100 27 0 0 0 -2.40181 100 25 0 0 0 0 0 0 0 0 0 0 0
31400 -319.071 0 0 0 0.540009 100 26 2.38676 100 31 0 0 0 -2.33315 100 15 0 0 0 0 0 0 0 0 0 0 0
31500 -318.666 0 0 0 1.02478 100 13 1.61073 100 24 0 0 0 -2.6548 100 18 0 0 0 0 0 0 0 0 0 0 0
31600 -318.531 0 0 0 0.893944 100 21 2.59137 100 24 0 0 0 -2.65102 100 19 0 0 0 0 0 0 0 0 0 0 0
31700 -322.038 0 0 0 0.980357 100 21 5.7286 100 17 0 0 0 -2.81149 100 23 0 0 0 0 0 0 0 0 0 0 0
31800 -318.256 0 0 0 1.0323 100 13 3.1155 100 22 0 0 0 -2.62842 100 20 0 0 0 0 0 0 0 0 0 0 0
31900 -319.642 0 0 0 0.941431 100 21 2.43227 100 27 0 0 0 -2.77716 100 16 0 0 0 0 0 0 0 0 0 0 0
32000 -319.734 0 0 0 1.16129 100 18 1.35198 100 20 0 0 0 -2.77215 100 22 0 0 0 0 0 0 0 0 0 0 0
32100 -318.706 0 0 0 1.1228 100 21 3.60247 100 26 0 0 0 -2.63403 100 15 0 0 0 0 0 0 0 0 0 0 0
32200 -318.563 0 0 0 0.8844 100 19 1.77324 100 24 0 0 0 -2.38719 100 24 0 0 0 0 0 0 0 0 0 0 0
32300 -318.657 0 0 0 0.829389 100 24 2.66108 100 18 0 0 0 -2.41978 100 18 0 0 0 0 0 0 0 0 0 0 0
32400 -318.604 0 0 0 1.2045 100 19 2.19809 100 18 0 0 0 -2.71181 100 28 0 0 0 0 0 0 0 0 0 0 0
32500 -319.497 0 0 0 0.850847 100 13 1.75386 100 13 0 0 0 -2.28799 100 18 0 0 0 0 0 0 0 0 0 0 0
32600 -319.438 0 0 0 0.390001 100 26 1.46748 100 21 0 0 0 -2.35124 100 23 0 0 0 0 0 0 0 0 0 0 0
32700 -321.427 0 0 0 0.9371 100 24 4.00853 100 20 0 0 0 -2.92529 100 20 0 0 0 0 0 0 0 0 0 0 0
32800 -319.429 0 0 0 1.17841 100 22 4.88474 100 18 0 0 0 -2.84548 100 20 0 0 0 0 0 0 0 0 0 0 0
32900 -321.375 0 0 0 0.662252 100 15 3.33412 100 17 0 0 0 -2.26789 100 13 0 0 0 0 0 0 0 0 0 0 0
33000 -319.729 0 0 0 0.287743 100 18 1.68643 100 23 0 0 0 -2.21055 100 14 0 0 0 0 0 0 0 0 0 0 0
33100 -319.776 0 0 0 0.77653 100 21 3.04833 100 27 0 0 0 -2.69899 100 23 0 0 0 0 0 0 0 0 0 0 0
33200 -320.454 0 0 0 1.07093 100 21 2.78316 100 22 0 0 0 -2.40868 100 21 0 0 0 0 0 0 0 0 0 0 0
33300 -318.74 0 0 0 0.812836 100 24 0.618949 100 21 0 0 0 -2.32229 100 21 0 0 0 0 0 0 0 0 0 0 0
33400 -325.259 0 0 0 1.43472 100 21 6.72301 100 33 0 0 0 -2.79824 100 21 0 0 0 0 0 0 0 0 0 0 0
33500 -318.472 0 0 0 0.556904 100 17 0.241275 100 22 0 0 0 -2.23796 100 12 0 0 0 0 0 0 0 0 0 0 0
33600 -320.934 0 0 0 1.69023 100 13 3.88056 100 19 0 0 0 -3.24101 100 20 0 0 0 0 0 0 0 0 0 0 0
33700 -318.652 0 0 0 0.729984 100 18 0.306689 100 21 0 0 0 -2.29329 100 16 0 0 0 0 0 0 0 0 0 0 0
33800 -319.367 0 0 0 0.840168 100 12 3.5831 100 15 0 0 0 -2.68995 100 11 0 0 0 0 0 0 0 0 0 0 0
33900 -319.22 0 0 0 1.15797 100 26 2.70929 100 26 0 0 0 -2.85793 100 16 0 0 0 0 0 0 0 0 0 0 0
34000 -319.913 0 0 0 1.12126 100 17 4.94103 100 21 0 0 0 -2.73828 100 18 0 0 0 0 0 0 0 0 0 0 0
34100 -319.003 0 0 0 0.471373 100 23 1.21441 100 26 0 0 0 -2.15108 100 27 0 0 0 0 0 0 0 0 0 0 0
34200 -319.402 0 0 0 1.62352 100 19 4.00303 100 25 0 0 0 -2.98266 100 16 0 0 0 0 0 0 0 0 0 0 0
34300 -320.206 0 0 0 1.19106 100 20 2.55823 100 18 0 0 0 -2.93592 100 14 0 0 0 0 0 0 0 0 0 0 0
34400 -319.951 0 0 0 1.42881 100 22 2.11316 100 16 0 0 0 -2.90714 100 21 0 0 0 0 0 0 0 0 0 0 0
34500 -319.226 0 0 0 1.15873 100 28 2.72938 100 22 0 0 0 -2.53677 100 18 0 0 0 0 0 0 0 0 0 0 0
34600 -318.797 0 0 0 0.668363 100 23 0.844825 100 23 0 0 0 -2.21644 100 26 0 0 0 0 0 0 0 0 0 0 0
34700 -318.858 0 0 0 0.386167 100 31 1.07688 100 21 0 0 0 -2.17259 100 21 0 0 0 0 0 0 0 0 0 0 0
34800 -319.325 0 0 0 0.812533 100 19 3.06096 100 24 0 0 0 -2.68467 100 13 0 0 0 0 0 0 0 0 0 0 0
34900 -318.591 0 0 0 0.866508 100 19 2.65688 100 21 0 0 0 -2.43826 100 16 0 0 0 0 0 0 0 0 0 0 0
35000 -318.469 0 0 0 1.19273 100 16 3.70028 100 31 0 0 0 -2.80088 100 17 0 0 0 0 0 0 0 0 0 0 0
35100 -318.792 0 0 0 1.24753 100 22 3.911 100 22 0 0 0 -2.72218 100 20 0 0 0 0 0 0 0 0 0 0 0
35200 -318.124 0 0 0 0.996848 100 22 2.35584 100 19 0 0 0 -2.57915 100 26 0 0 0 0 0 0 0 0 0 0 0
35300 -320.702 0 0 0 1.48692 100 21 4.94202 100 25 0 0 0 -3.21298 100 18 0 0 0 0 0 0 0 0 0 0 0
35400 -320.972 0 0 0 2.03796 100 21 5.45981 100 20 0 0 0 -3.39529 100 21 0 0 0 0 0 0 0 0 0 0 0
35500 -320.264 0 0 0 1.34543 100 22 2.65185 100 22 0 0 0 -2.99911 100 16 0 0 0 0 0 0 0 0 0 0 0
35600 -322.499 0 0 0 -0.381952 100 28 -1.44173 100 26 0 0 0 -1.71721 100 23 0 0 0 0 0 0 0 0 0 0 0
35700 -319.084 0 0 0 0.270947 100 17 -0.290196 100 17 0 0 0 -2.12521 100 25 0 0 0 0 0 0 0 0 0 0 0
35800 -320.492 0 0 0 0.935084 100 17 1.58041 100 26 0 0 0 -2.27344 100 14 0 0 0 0 0 0 0 0 0 0 0
35900 -318.344 0 0 0 0.785136 100 21 1.35871 100 26 0 0 0 -2.34975 100 15 0 0 0 0 0 0 0 0 0 0 0
36000 -318.986 0 0 0 0.426526 100 27 0.531961 100 19 0 0 0 -2.30942 100 25 0 0 0 0 0 0 0 0 0 0 0
36100 -319.878 0 0 0 0.26934 100 28 0.879708 100 18 0 0 0 -2.28548 100 14 0 0 0 0 0 0 0 0 0 0 0
36200 -319.157 0 0 0 1.49997 100 24 3.70324 100 26 0 0 0 -2.86353 100 27 0 0 0 0 0 0 0 0 0 0 0
36300 -319.896 0 0 0 0.669133 100 28 0.164248 100 28 0 0 0 -2.5035 100 17 0 0 0 0 0 0 0 0 0 0 0
36400 -318.258 0 0 0 0.889949 100 14 1.56184 100 24 0 0 0 -2.54183 100 18 0 0 0 0 0 0 0 0 0 0 0
36500 -320.997 0 0 0 0.519969 100 25 1.76391 100 21 0 0 0 -2.07109 100 18 0 0 0 0 0 0 0 0 0 0 0
36600 -318.142 0 0 0 0.984473 100 16 2.62896 100 22 0 0 0 -2.61511 100 21 0 0 0 0 0 0 0 0 0 0 0
36700 -320.576 0 0 0 1.12256 100 27 3.04897 100 11 0 0 0 -2.44755 100 17 0 0 0 0 0 0 0 0 0 0 0
36800 -320.536 0 0 0 1.0909 100 23 1.24542 100 26 0 0 0 -2.81041 100 19 0 0 0 0 0 0 0 0 0 0 0
36900 -318.57 0 0 0 0.792284 100 23 2.59753 100 20 0 0 0 -2.41637 100 22 0 0 0 0 0 0 0 0 0 0 0
37000 -320.148 0 0 0 0.108762 100 25 -1.96609 100 28 0 0 0 -1.94023 100 25 0 0 0 0 0 0 0 0 0 0 0
37100 -319.103 0 0 0 1.09005 100 20 4.15206 100 26 0 0 0 -2.65896 100 19 0 0 0 0 0 0 0 0 0 0 0
37200 -318.495 0 0 0 1.05239 100 18 3.07619 100 16 0 0 0 -2.74577 100 14 0 0 0 0 0 0 0 0 0 0 0
37300 -318.449 0 0 0 0.713985 100 21 1.25277 100 25 0 0 0 -2.29316 100 19 0 0 0 0 0 0 0 0 0 0 0
37400 -318.447 0 0 0 0.957898 100 28 1.24115 100 18 0 0 0 -2.48873 100 15 0 0 0 0 0 0 0 0 0 0 0
37500 -319.255 0 0 0 1.31813 100 25 3.5952 100 18 0 0 0 -2.9735 100 15 0 0 0 0 0 0 0 0 0 0 0
37600 -320.037 0 0 0 1.21987 100 16 0.9127 100 19 0 0 0 -2.56945 100 17 0 0 0 0 0 0 0 0 0 0 0
37700 -318.365 0 0 0 0.827194 100 25 1.95246 100 19 0 0 0 -2.39152 100 16 0 0 0 0 0 0 0 0 0 0 0
37800 -319.919 0 0 0 0.351094 100 16 1.85971 100 26 0 0 0 -2.35409 100 16 0 0 0 0 0 0 0 0 0 0 0
37900 -319.614 0 0 0 1.15586 100 19 0.879556 100 21 0 0 0 -2.66478 100 19 0 0 0 0 0 0 0 0 0 0 0
38000 -320.662 0 0 0 1.77378 100 22 6.3251 100 28 0 0 0 -3.3384 100 18 0 0 0 0 0 0 0 0 0 0 0
38100 -320.737 0 0 0 1.75324 100 21 6.71828 100 26 0 0 0 -3.26648 100 13 0 0 0 0 0 0 0 0 0 0 0
38200 -319.676 0 0 0 1.49084 100 27 2.49313 100 17 0 0 0 -2.85911 100 15 0 0 0 0 0 0 0 0 0 0 0
38300 -318.467 0 0 0 1.22579 100 18 2.83585 100 18 0 0 0 -2.77876 100 16 0 0 0 0 0 0 0 0 0 0 0
38400 -319.831 0 0 0 1.79616 100 19 5.07589 100 21 0 0 0 -3.19036 100 19 0 0 0 0 0 0 0 0 0 0 0
38500 -319.608 0 0 0 1.59401 100 20 5.45514 100 22 0 0 0 -3.03392 100 11 0 0 0 0 0 0 0 0 0 0 0
38600 -320.132 0 0 0 1.57525 100 20 3.02902 100 26 0 0 0 -3.05878 100 13 0 0 0 0 0 0 0 0 0 0 0
38700 -318.839 0 0 0 0.577217 100 24 1.54813 100 26 0 0 0 -2.21866 100 22 0 0 0 0 0 0 0 0 0 0 0
38800 -319.538 0 0 0 0.348844 100 23 1.1076 100 26 0 0 0 -2.07337 100 26 0 0 0 0 0 0 0 0 0 0 0
38900 -318.655 0 0 0 0.906608 100 15 2.68959 100 26 0 0 0 -2.44785 100 26 0 0 0 0 0 0 0 0 0 0 0
39000 -321.141 0 0 0 -0.0464717 100 25 0.606393 100 23 0 0 0 -2.04275 100 18 0 0 0 0 0 0 0 0 0 0 0
39100 -319.911 0 0 0 0.637741 100 32 -1.28176 100 23 0 0 0 -2.25531 100 22 0 0 0 0 0 0 0 0 0 0 0
39200 -320.74 0 0 0 0.377482 100 24 -2.42764 100 23 0 0 0 -2.00257 100 19 0 0 0 0 0 0 0 0 0 0 0
39300 -318.617 0 0 0 1.08675 100 24 3.2636 100 20 0 0 0 -2.7851 100 14 0 0 0 0 0 0 0 0 0 0 0
39400 -319.428 0 0 0 0.88717 100 25 3.31867 100 23 0 0 0 -2.74737 100 15 0 0 0 0 0 0 0 0 0 0 0
39500 -319.554 0 0 0 0.280036 100 25 0.458536 100 26 0 0 0 -2.25194 100 13 0 0 0 0 0 0 0 0 0 0 0
39600 -318.991 0 0 0 1.20243 100 23 1.75548 100 22 0 0 0 -2.72778 100 17 0 0 0 0 0 0 0 0 0 0 0
39700 -321.865 0 0 0 1.25336 100 18 4.55268 100 24 0 0 0 -2.57846 100 14 0 0 0 0 0 0 0 0 0 0 0
39800 -318.493 0 0 0 1.20056 100 26 3.69992 100 25 0 0 0 -2.81344 100 11 0 0 0 0 0 0 0 0 0 0 0
39900 -319.767 0 0 0 1.36942 100 25 5.21098 100 15 0 0 0 -3.05715 100 24 0 0 0 0 0 0 0 0 0 0 0
40000 -320.392 0 0 0 1.74678 100 27 6.40576 100 22 0 0 0 -3.20451 100 15 0 0 0 0 0 0 0 0 0 0 0
40100 -318.509 0 0 0 0.869851 100 20 1.17451 100 29 0 0 0 -2.53987 100 22 0 0 0 0 0 0 0 0 0 0 0
40200 -321.079 0 0 0 1.18648 100 15 3.96949 100 20 0 0 0 -2.52674 100 24 0 0 0 0 0 0 0 0 0 0 0
40300 -318.793 0 0 0 0.479063 100 21 0.803767 100 29 0 0 0 -2.14572 100 21 0 0 0 0 0 0 0 0 0 0 0
40400 -321.047 0 0 0 0.836751 100 27 1.4044 100 19 0 0 0 -2.75097 100 22 0 0 0 0 0 0 0 0 0 0 0
40500 -318.688 0 0 0 1.24972 100 22 2.52693 100 29 0 0 0 -2.67794 100 12 0 0 0 0 0 0 0 0 0 0 0
40600 -319.5 0 0 0 0.981595 100 23 3.45087 100 25 0 0 0 -2.81835 100 22 0 0 0 0 0 0 0 0 0 0 0
40700 -319.047 0 0 0 0.902506 100 23 2.9804 100 20 0 0 0 -2.72163 100 24 0 0 0 0 0 0 0 0 0 0 0
40800 -318.589 0 0 0 0.511006 100 22 0.147327 100 26 0 0 0 -2.26557 100 27 0 0 0 0 0 0 0 0 0 0 0
40900 -321.026 0 0 0 0.184099 100 21 -2.8301 100 25 0 0 0 -1.87877 100 21 0 0 0 0 0 0 0 0 0 0 0
41000 -318.913 0 0 0 0.835182 100 32 0.222251 100 16 0 0 0 -2.43455 100 22 0 0 0 0 0 0 0 0 0 0 0
41100 -320.991 0 0 0 2.02909 100 22 5.09383 100 19 0 0 0 -3.27206 100 17 0 0 0 0 0 0 0 0 0 0 0
41200 -318.497 0 0 0 0.672011 100 19 1.49521 100 26 0 0 0 -2.46864 100 20 0 0 0 0 0 0 0 0 0 0 0
41300 -321.031 0 0 0 0.892786 100 15 3.21269 100 26 0 0 0 -2.86407 100 19 0 0 0 0 0 0 0 0 0 0 0
41400 -319.142 0 0 0 1.11269 100 33 3.25798 100 21 0 0 0 -2.54749 100 15 0 0 0 0 0 0 0 0 0 0 0
41500 -318.881 0 0 0 0.783628 100 19 2.98801 100 22 0 0 0 -2.43359 100 19 0 0 0 0 0 0 0 0 0 0 0
41600 -319.988 0 0 0 0.131406 100 24 0.156947 100 32 0 0 0 -1.93703 100 24 0 0 0 0 0 0 0 0 0 0 0
41700 -318.531 0 0 0 1.14943 100 20 2.00011 100 23 0 0 0 -2.63855 100 19 0 0 0 0 0 0 0 0 0 0 0
41800 -318.457 0 0 0 0.711389 100 27 1.80501 100 28 0 0 0 -2.32397 100 19 0 0 0 0 0 0 0 0 0 0 0
41900 -318.648 0 0 0 1.11379 100 16 2.7527 100 19 0 0 0 -2.56363 100 20 0 0 0 0 0 0 0 0 0 0 0
42000 -319.518 0 0 0 0.70347 100 20 1.28679 100 26 0 0 0 -2.18995 100 22 0 0 0 0 0 0 0 0 0 0 0
42100 -319.273 0 0 0 0.395749 100 15 -0.685046 100 19 0 0 0 -2.21473 100 20 0 0 0 0 0 0 0 0 0 0 0
42200 -318.507 0 0 0 1.25964 100 21 3.03366 100 15 0 0 0 -2.72198 100 21 0 0 0 0 0 0 0 0 0 0 0
42300 -323.949 0 0 0 0.357048 100 23 -4.2896 100 27 0 0 0 -2.05069 100 22 0 0 0 0 0 0 0 0 0 0 0
42400 -318.413 0 0 0 0.804187 100 23 1.74944 100 21 0 0 0 -2.36207 100 17 0 0 0 0 0 0 0 0 0 0 0
42500 -318.986 0 0 0 1.50333 100 14 4.49002 100 28 0 0 0 -2.95426 100 18 0 0 0 0 0 0 0 0 0 0 0
42600 -318.811 0 0 0 0.797 100 17 0.197996 100 14 0 0 0 -2.34726 100 18 0 0 0 0 0 0 0 0 0 0 0
42700 -321.118 0 0 0 1.26269 100 18 1.05955 100 33 0 0 0 -2.8698 100 22 0 0 0 0 0 0 0 0 0 0 0
42800 -318.366 0 0 0 1.083 100 19 3.4161 100 27 0 0 0 -2.72247 100 18 0 0 0 0 0 0 0 0 0 0 0
42900 -319.135 0 0 0 0.85743 100 21 0.0830617 100 20 0 0 0 -2.448 100 15 0 0 0 0 0 0 0 0 0 0 0
43000 -320.682 0 0 0 0.971547 100 21 4.87718 100 18 0 0 0 -2.85132 100 18 0 0 0 0 0 0 0 0 0 0 0
43100 -318.645 0 0 0 1.31945 100 20 4.11083 100 14 0 0 0 -2.83694 100 19 0 0 0 0 0 0 0 0 0 0 0
43200 -320.097 0 0 0 0.790367 100 16 -0.11848 100 29 0 0 0 -2.53406 100 27 0 0 0 0 0 0 0 0 0 0 0
43300 -320.204 0 0 0 1.44213 100 30 3.03606 100 22 0 0 0 -3.05383 100 18 0 0 0 0 0 0 0 0 0 0 0
43400 -319.635 0 0 0 1.66247 100 24 3.94173 100 26 0 0 0 -2.99027 100 16 0 0 0 0 0 0 0 0 0 0 0
43500 -322.795 0 0 0 2.03476 100 23 5.21223 100 21 0 0 0 -3.55638 100 16 0 0 0 0 0 0 0 0 0 0 0
43600 -323.941 0 0 0 2.5797 100 23 8.54693 100 22 0 0 0 -3.73206 100 21 0 0 0 0 0 0 0 0 0 0 0
43700 -318.216 0 0 0 0.97806 100 17 1.96453 100 25 0 0 0 -2.51748 100 15 0 0 0 0 0 0 0 0 0 0 0
43800 -319.079 0 0 0 0.91271 100 25 1.38832 100 28 0 0 0 -2.64824 100 20 0 0 0 0 0 0 0 0 0 0 0
43900 -325.117 0 0 0 0.075305 100 17 -1.74846 100 24 0 0 0 -1.56145 100 21 0 0 0 0 0 0 0 0 0 0 0
44000 -318.82 0 0 0 0.46196 100 26 1.56278 100 23 0 0 0 -2.32264 100 22 0 0 0 0 0 0 0 0 0 0 0
44100 -319.513 0 0 0 0.365486 100 15 -1.39796 100 31 0 0 0 -2.08399 100 16 0 0 0 0 0 0 0 0 0 0 0
44200 -318.957 0 0 0 0.761537 100 21 1.28638 100 18 0 0 0 -2.26191 100 17 0 0 0 0 0 0 0 0 0 0 0
44300 -319.829 0 0 0 0.204608 100 17 -1.41568 100 20 0 0 0 -2.07286 100 13 0 0 0 0 0 0 0 0 0 0 0
44400 -320.253 0 0 0 0.53766 100 22 0.262655 100 26 0 0 0 -2.4724 100 17 0 0 0 0 0 0 0 0 0 0 0
44500 -322.252 0 0 0 -0.130604 100 23 -1.99606 100 25 0 0 0 -1.61717 100 22 0 0 0 0 0 0 0 0 0 0 0
44600 -318.892 0 0 0 1.37033 100 17 2.75017 100 21 0 0 0 -2.81282 100 24 0 0 0 0 0 0 0 0 0 0 0
44700 -318.306 0 0 0 1.09683 100 19 2.21823 100 27 0 0 0 -2.61335 100 17 0 0 0 0 0 0 0 0 0 0 0
44800 -318.529 0 0 0 0.982322 100 12 2.12241 100 21 0 0 0 -2.67456 100 15 0 0 0 0 0 0 0 0 0 0 0
44900 -319.016 0 0 0 0.910848 100 30 0.831316 100 25 0 0 0 -2.35845 100 23 0 0 0 0 0 0 0 0 0 0 0
45000 -318.994 0 0 0 0.378016 100 27 -0.078195 100 17 0 0 0 -2.22891 100 19 0 0 0 0 0 0 0 0 0 0 0
45100 -321.14 0 0 0 0.506522 100 23 2.08323 100 15 0 0 0 -2.09211 100 17 0 0 0 0 0 0 0 0 0 0 0
45200 -320.864 0 0 0 1.1839 100 19 5.52291 100 22 0 0 0 -2.77563 100 23 0 0 0 0 0 0 0 0 0 0 0
45300 -320.128 0 0 0 1.2475 100 19 4.58451 100 26 0 0 0 -3.03677 100 19 0 0 0 0 0 0 0 0 0 0 0
45400 -318.785 0 0 0 0.891363 100 20 0.820251 100 24 0 0 0 -2.37353 100 15 0 0 0 0 0 0 0 0 0 0 0
45500 -321.864 0 0 0 2.06281 100 12 7.55922 100 22 0 0 0 -3.40761 100 12 0 0 0 0 0 0 0 0 0 0 0
45600 -319.173 0 0 0 0.466429 100 23 1.20459 100 11 0 0 0 -2.13063 100 20 0 0 0 0 0 0 0 0 0 0 0
45700 -319.183 0 0 0 0.54284 100 20 -0.542851 100 20 0 0 0 -2.12267 100 16 0 0 0 0 0 0 0 0 0 0 0
45800 -320.596 0 0 0 1.39249 100 29 5.35907 100 26 0 0 0 -2.808 100 22 0 0 0 0 0 0 0 0 0 0 0
45900 -320.405 0 0 0 0.249441 100 31 0.568168 100 20 0 0 0 -1.93886 100 22 0 0 0 0 0 0 0 0 0 0 0
46000 -321.35 0 0 0 0.660042 100 18 2.93298 100 33 0 0 0 -2.7232 100 14 0 0 0 0 0 0 0 0 0 0 0
46100 -319.551 0 0 0 1.45265 100 20 3.37726 100 22 0 0 0 -3.02599 100 21 0 0 0 0 0 0 0 0 0 0 0
46200 -319.537 0 0 0 0.776052 100 16 3.05155 100 20 0 0 0 -2.67724 100 18 0 0 0 0 0 0 0 0 0 0 0
46300 -321.987 0 0 0 -0.20864 100 22 -0.773991 100 29 0 0 0 -1.97364 100 15 0 0 0 0 0 0 0 0 0 0 0
46400 -318.26 0 0 0 1.11671 100 30 2.75437 100 31 0 0 0 -2.63969 100 21 0 0 0 0 0 0 0 0 0 0 0
46500 -318.931 0 0 0 0.320942 100 15 0.400738 100 25 0 0 0 -2.18927 100 22 0 0 0 0 0 0 0 0 0 0 0
46600 -319.686 0 0 0 1.69367 100 23 5.25345 100 32 0 0 0 -3.18887 100 15 0 0 0 0 0 0 0 0 0 0 0
46700 -318.155 0 0 0 0.799651 100 27 2.21053 100 19 0 0 0 -2.47222 100 21 0 0 0 0 0 0 0 0 0 0 0
46800 -318.954 0 0 0 1.49707 100 27 4.37341 100 20 0 0 0 -2.9428 100 22 0 0 0 0 0 0 0 0 0 0 0
46900 -318.277 0 0 0 0.862045 100 20 1.26468 100 20 0 0 0 -2.49526 100 21 0 0 0 0 0 0 0 0 0 0 0
47000 -319.605 0 0 0 1.71766 100 17 4.47496 100 24 0 0 0 -3.09044 100 12 0 0 0 0 0 0 0 0 0 0 0
47100 -319.347 0 0 0 1.4766 100 23 4.42374 100 26 0 0 0 -2.85057 100 25 0 0 0 0 0 0 0 0 0 0 0
47200 -318.62 0 0 0 0.93741 100 21 2.77368 100 14 0 0 0 -2.69301 100 17 0 0 0 0 0 0 0 0 0 0 0
47300 -318.79 0 0 0 0.544003 100 27 0.146295 100 16 0 0 0 -2.32813 100 19 0 0 0 0 0 0 0 0 0 0 0
47400 -322.983 0 0 0 1.46267 100 33 0.250646 100 23 0 0 0 -2.87703 100 22 0 0 0 0 0 0 0 0 0 0 0
47500 -321.472 0 0 0 1.64308 100 29 1.87839 100 28 0 0 0 -2.95166 100 15 0 0 0 0 0 0 0 0 0 0 0
47600 -319.889 0 0 0 0.886778 100 24 -0.322061 100 25 0 0 0 -2.49065 100 18 0 0 0 0 0 0 0 0 0 0 0
47700 -320.319 0 0 0 0.790819 100 15 2.06968 100 16 0 0 0 -2.22901 100 23 0 0 0 0 0 0 0 0 0 0 0
47800 -318.751 0 0 0 0.938572 100 21 2.60638 100 29 0 0 0 -2.70525 100 19 0 0 0 0 0 0 0 0 0 0 0
47900 -320.229 0 0 0 0.67346 100 20 3.79316 100 26 0 0 0 -2.47514 100 23 0 0 0 0 0 0 0 0 0 0 0
48000 -318.229 0 0 0 1.00703 100 13 2.2582 100 26 0 0 0 -2.63843 100 16 0 0 0 0 0 0 0 0 0 0 0
48100 -319.045 0 0 0 0.432886 100 18 1.21766 100 21 0 0 0 -2.14415 100 14 0 0 0 0 0 0 0 0 0 0 0
48200 -321.459 0 0 0 0.394119 100 23 -2.77641 100 21 0 0 0 -1.95875 100 11 0 0 0 0 0 0 0 0 0 0 0
48300 -319.208 0 0 0 0.888994 100 30 3.51887 100 28 0 0 0 -2.71862 100 24 0 0 0 0 0 0 0 0 0 0 0
48400 -318.544 0 0 0 0.737451 100 24 2.17498 100 28 0 0 0 -2.53892 100 17 0 0 0 0 0 0 0 0 0 0 0
48500 -320.544 0 0 0 1.62432 100 21 2.53041 100 18 0 0 0 -2.91051 100 15 0 0 0 0 0 0 0 0 0 0 0
48600 -318.928 0 0 0 0.466922 100 18 -0.477179 100 25 0 0 0 -2.21904 100 20 0 0 0 0 0 0 0 0 0 0 0
48700 -319.883 0 0 0 0.0705627 100 10 -0.0954508 100 20 0 0 0 -2.04108 100 13 0 0 0 0 0 0 0 0 0 0 0
48800 -318.197 0 0 0 0.842861 100 16 2.24103 100 23 0 0 0 -2.45507 100 17 0 0 0 0 0 0 0 0 0 0 0
48900 -318.57 0 0 0 0.548581 100 24 0.476536 100 30 0 0 0 -2.188 100 11 0 0 0 0 0 0 0 0 0 0 0
49000 -318.237 0 0 0 0.828848 100 28 2.56396 100 35 0 0 0 -2.51325 100 16 0 0 0 0 0 0 0 0 0 0 0
49100 -318.489 0 0 0 1.08169 100 26 3.57279 100 20 0 0 0 -2.74822 100 25 0 0 0 0 0 0 0 0 0 0 0
49200 -319.578 0 0 0 0.674909 100 25 2.62738 100 23 0 0 0 -2.6063 100 14 0 0 0 0 0 0 0 0 0 0 0
49300 -319.201 0 0 0 1.47787 100 18 4.22332 100 13 0 0 0 -2.85459 100 21 0 0 0 0 0 0 0 0 0 0 0
49400 -318.92 0 0 0 0.9742 100 27 3.93678 100 23 0 0 0 -2.67185 100 22 0 0 0 0 0 0 0 0 0 0 0
49500 -318.606 0 0 0 0.615521 100 23 0.4206 100 15 0 0 0 -2.36669 100 22 0 0 0 0 0 0 0 0 0 0 0
49600 -319.568 0 0 0 0.492541 100 25 2.64841 100 20 0 0 0 -2.36264 100 17 0 0 0 0 0 0 0 0 0 0 0
49700 -319.93 0 0 0 0.721819 100 24 -0.966622 100 22 0 0 0 -2.22241 100 25 0 0 0 0 0 0 0 0 0 0 0
49800 -319.493 0 0 0 1.26822 100 24 3.70099 100 24 0 0 0 -2.98007 100 18 0 0 0 0 0 0 0 0 0 0 0
49900 -320.452 0 0 0 1.94006 100 17 6.13091 100 17 0 0 0 -3.30017 100 18 0 0 0 0 0 0 0 0 0 0 0
50000 -319.054 0 0 0 1.40176 100 19 2.74845 100 22 0 0 0 -2.80233 100 9 0 0 0 0 0 0 0 0 0 0 0
50100 -322.253 0 0 0 1.99615 100 23 4.89405 100 24 0 0 0 -3.48459 100 18 0 0 0 0 0 0 0 0 0 0 0
50200 -318.985 0 0 0 1.31673 100 14 2.51318 100 23 0 0 0 -2.70383 100 16 0 0 0 0 0 0 0 0 0 0 0
50300 -318.178 0 0 0 0.684301 100 17 1.5845 100 21 0 0 0 -2.38303 100 19 0 0 0 0 0 0 0 0 0 0 0
50400 -318.11 0 0 0 0.920243 100 25 2.42924 100 18 0 0 0 -2.54536 100 18 0 0 0 0 0 0 0 0 0 0 0
50500 -320.102 0 0 0 1.17302 100 27 4.92414 100 25 0 0 0 -2.71116 100 21 0 0 0 0 0 0 0 0 0 0 0
50600 -319.216 0 0 0 0.384328 100 20 1.24455 100 22 0 0 0 -2.12726 100 22 0 0 0 0 0 0 0 0 0 0 0
50700 -319.312 0 0 0 1.51881 100 22 4.99008 100 21 0 0 0 -2.95491 100 18 0 0 0 0 0 0 0 0 0 0 0
50800 -318.485 0 0 0 0.92406 100 22 1.11883 100 22 0 0 0 -2.445 100 20 0 0 0 0 0 0 0 0 0 0 0
50900 -319.664 0 0 0 1.35405 100 26 5.38591 100 24 0 0 0 -2.99212 100 17 0 0 0 0 0 0 0 0 0 0 0
51000 -319.183 0 0 0 0.345664 100 25 1.03919 100 23 0 0 0 -2.11132 100 16 0 0 0 0 0 0 0 0 0 0 0
51100 -318.315 0 0 0 0.687425 100 22 1.15811 100 18 0 0 0 -2.30258 100 15 0 0 0 0 0 0 0 0 0 0 0
51200 -318.437 0 0 0 0.693182 100 26 2.34603 100 23 0 0 0 -2.45269 100 18 0 0 0 0 0 0 0 0 0 0 0
51300 -318.607 0 0 0 0.765932 100 28 2.87944 100 18 0 0 0 -2.53202 100 16 0 0 0 0 0 0 0 0 0 0 0
51400 -318.965 0 0 0 1.17756 100 24 2.14091 100 19 0 0 0 -2.5678 100 12 0 0 0 0 0 0 0 0 0 0 0
51500 -322.465 0 0 0 0.605968 100 22 -2.00601 100 29 0 0 0 -2.40917 100 20 0 0 0 0 0 0 0 0 0 0 0
51600 -318.326 0 0 0 0.731165 100 12 1.34195 100 27 0 0 0 -2.32458 100 17 0 0 0 0 0 0 0 0 0 0 0
51700 -318.513 0 0 0 0.972526 100 28 2.1414 100 23 0 0 0 -2.46074 100 10 0 0 0 0 0 0 0 0 0 0 0
51800 -320.721 0 0 0 0.3261 100 16 -1.36871 100 23 0 0 0 -1.87649 100 18 0 0 0 0 0 0 0 0 0 0 0
51900 -321.712 0 0 0 0.589087 100 19 3.84565 100 26 0 0 0 -2.6589 100 17 0 0 0 0 0 0 0 0 0 0 0
52000 -319.451 0 0 0 1.37226 100 20 2.26851 100 30 0 0 0 -2.71601 100 12 0 0 0 0 0 0 0 0 0 0 0
52100 -318.553 0 0 0 0.83042 100 21 1.43991 100 29 0 0 0 -2.56081 100 13 0 0 0 0 0 0 0 0 0 0 0
52200 -319.559 0 0 0 1.38375 100 21 4.33912 100 25 0 0 0 -2.75988 100 25 0 0 0 0 0 0 0 0 0 0 0
52300 -318.755 0 0 0 0.978439 100 23 1.48717 100 16 0 0 0 -2.64322 100 22 0 0 0 0 0 0 0 0 0 0 0
52400 -323.589 0 0 0 -0.0671634 100 22 -3.81122 100 19 0 0 0 -1.95772 100 18 0 0 0 0 0 0 0 0 0 0 0
52500 -320.635 0 0 0 0.591138 100 23 -1.9341 100 15 0 0 0 -2.20475 100 24 0 0 0 0 0 0 0 0 0 0 0
52600 -320.831 0 0 0 0.817387 100 19 2.16396 100 24 0 0 0 -2.22239 100 17 0 0 0 0 0 0 0 0 0 0 0
52700 -320.484 0 0 0 0.624161 100 23 3.27656 100 30 0 0 0 -2.31682 100 12 0 0 0 0 0 0 0 0 0 0 0
52800 -319.335 0 0 0 0.37647 100 20 -0.0676193 100 27 0 0 0 -2.27489 100 7 0 0 0 0 0 0 0 0 0 0 0
52900 -319.657 0 0 0 0.726547 100 20 2.70242 100 22 0 0 0 -2.65275 100 21 0 0 0 0 0 0 0 0 0 0 0
53000 -319.995 0 0 0 1.63435 100 30 3.25389 100 24 0 0 0 -2.92451 100 26 0 0 0 0 0 0 0 0 0 0 0
53100 -318.672 0 0 0 0.563166 100 19 1.35146 100 16 0 0 0 -2.40786 100 21 0 0 0 0 0 0 0 0 0 0 0
53200 -319.393 0 0 0 0.285681 100 24 -0.238719 100 30 0 0 0 -1.98354 100 25 0 0 0 0 0 0 0 0 0 0 0
53300 -319.265 0 0 0 0.250899 100 29 -0.158486 100 28 0 0 0 -2.00262 100 19 0 0 0 0 0 0 0 0 0 0 0
53400 -319.186 0 0 0 0.370763 100 30 -0.673405 100 20 0 0 0 -2.03746 100 16 0 0 0 0 0 0 0 0 0 0 0
53500 -318.297 0 0 0 1.0704 100 15 3.30073 100 22 0 0 0 -2.69008 100 14 0 0 0 0 0 0 0 0 0 0 0
53600 -319.639 0 0 0 1.40871 100 24 2.04388 100 22 0 0 0 -2.81421 100 20 0 0 0 0 0 0 0 0 0 0 0
53700 -318.514 0 0 0 0.719356 100 25 1.09281 100 22 0 0 0 -2.28232 100 16 0 0 0 0 0 0 0 0 0 0 0
53800 -320.626 0 0 0 0.445402 100 20 -2.26828 100 20 0 0 0 -2.0906 100 14 0 0 0 0 0 0 0 0 0 0 0
53900 -318.431 0 0 0 0.831958 100 21 1.15471 100 25 0 0 0 -2.51229 100 22 0 0 0 0 0 0 0 0 0 0 0
54000 -319.254 0 0 0 0.993964 100 22 0.5811 100 22 0 0 0 -2.433 100 26 0 0 0 0 0 0 0 0 0 0 0
54100 -318.348 0 0 0 0.935061 100 20 1.89024 100 24 0 0 0 -2.61004 100 14 0 0 0 0 0 0 0 0 0 0 0
54200 -318.552 0 0 0 1.32351 100 22 3.40921 100 16 0 0 0 -2.8434 100 15 0 0 0 0 0 0 0 0 0 0 0
54300 -320.064 0 0 0 1.471 100 21 5.69875 100 23 0 0 0 -2.95378 100 26 0 0 0 0 0 0 0 0 0 0 0
54400 -318.339 0 0 0 0.937436 100 25 1.73585 100 21 0 0 0 -2.45547 100 15 0 0 0 0 0 0 0 0 0 0 0
54500 -319.759 0 0 0 1.58968 100 22 5.08971 100 20 0 0 0 -3.17464 100 18 0 0 0 0 0 0 0 0 0 0 0
54600 -320.041 0 0 0 1.79778 100 27 5.86639 100 15 0 0 0 -3.25175 100 16 0 0 0 0 0 0 0 0 0 0 0
54700 -319.722 0 0 0 0.479369 100 28 2.06785 100 24 0 0 0 -2.18189 100 15 0 0 0 0 0 0 0 0 0 0 0
54800 -318.907 0 0 0 0.571425 100 17 -0.393125 100 28 0 0 0 -2.27097 100 14 0 0 0 0 0 0 0 0 0 0 0
54900 -322.324 0 0 0 0.965159 100 22 -0.631609 100 27 0 0 0 -2.67769 100 16 0 0 0 0 0 0 0 0 0 0 0
55000 -318.275 0 0 0 0.943554 100 19 2.907 100 15 0 0 0 -2.55596 100 20 0 0 0 0 0 0 0 0 0 0 0
55100 -319.514 0 0 0 0.513074 100 23 -0.64608 100 19 0 0 0 -2.06611 100 18 0 0 0 0 0 0 0 0 0 0 0
55200 -318.269 0 0 0 1.1096 100 25 3.21808 100 17 0 0 0 -2.67974 100 14 0 0 0 0 0 0 0 0 0 0 0
55300 -320.109 0 0 0 0.109123 100 23 -0.180158 100 22 0 0 0 -1.8952 100 15 0 0 0 0 0 0 0 0 0 0 0
55400 -320.773 0 0 0 1.09675 100 29 2.36982 100 18 0 0 0 -2.91903 100 20 0 0 0 0 0 0 0 0 0 0 0
55500 -318.686 0 0 0 0.590018 100 23 1.52058 100 23 0 0 0 -2.43562 100 16 0 0 0 0 0 0 0 0 0 0 0
55600 -319.542 0 0 0 0.206292 100 19 0.500155 100 21 0 0 0 -2.17024 100 20 0 0 0 0 0 0 0 0 0 0 0
55700 -321.164 0 0 0 0.955365 100 27 -1.04817 100 23 0 0 0 -2.48066 100 17 0 0 0 0 0 0 0 0 0 0 0
55800 -319.288 0 0 0 0.249589 100 23 -0.34792 100 22 0 0 0 -2.14435 100 22 0 0 0 0 0 0 0 0 0 0 0
55900 -318.635 0 0 0 0.953556 100 20 1.77716 100 20 0 0 0 -2.64959 100 29 0 0 0 0 0 0 0 0 0 0 0
56000 -318.541 0 0 0 0.683782 100 24 1.36159 100 26 0 0 0 -2.27203 100 16 0 0 0 0 0 0 0 0 0 0 0
56100 -320.116 0 0 0 1.17151 100 18 0.822114 100 15 0 0 0 -2.73122 100 20 0 0 0 0 0 0 0 0 0 0 0
56200 -319.135 0 0 0 1.54355 100 25 4.78742 100 25 0 0 0 -3.03981 100 24 0 0 0 0 0 0 0 0 0 0 0
56300 -318.727 0 0 0 1.28384 100 15 3.78023 100 25 0 0 0 -2.89967 100 15 0 0 0 0 0 0 0 0 0 0 0
56400 -319.351 0 0 0 0.851044 100 22 3.4939 100 20 0 0 0 -2.70445 100 17 0 0 0 0 0 0 0 0 0 0 0
56500 -318.938 0 0 0 1.19488 100 25 3.08001 100 18 0 0 0 -2.60358 100 11 0 0 0 0 0 0 0 0 0 0 0
56600 -319.807 0 0 0 0.883846 100 22 3.14253 100 24 0 0 0 -2.38958 100 17 0 0 0 0 0 0 0 0 0 0 0
56700 -320.274 0 0 0 1.68356 100 26 3.56786 100 17 0 0 0 -2.93022 100 15 0 0 0 0 0 0 0 0 0 0 0
56800 -321.24 0 0 0 0.940248 100 25 0.681318 100 22 0 0 0 -2.22608 100 9 0 0 0 0 0 0 0 0 0 0 0
56900 -318.36 0 0 0 0.866992 100 29 2.86621 100 28 0 0 0 -2.58536 100 19 0 0 0 0 0 0 0 0 0 0 0
57000 -321.266 0 0 0 1.95032 100 26 4.32526 100 17 0 0 0 -3.32189 100 21 0 0 0 0 0 0 0 0 0 0 0
57100 -320.202 0 0 0 1.15339 100 27 0.452038 100 25 0 0 0 -2.51878 100 15 0 0 0 0 0 0 0 0 0 0 0
57200 -321.391 0 0 0 0.787 100 21 -1.85175 100 25 0 0 0 -2.3056 100 20 0 0 0 0 0 0 0 0 0 0 0
57300 -319.981 0 0 0 1.111 100 19 4.75879 100 17 0 0 0 -2.91808 100 18 0 0 0 0 0 0 0 0 0 0 0
57400 -319.339 0 0 0 1.49099 100 29 5.16238 100 20 0 0 0 -3.05616 100 10 0 0 0 0 0 0 0 0 0 0 0
57500 -322.222 0 0 0 1.82557 100 16 6.90551 100 18 0 0 0 -3.4998 100 19 0 0 0 0 0 0 0 0 0 0 0
57600 -318.131 0 0 0 0.98315 100 23 2.13535 100 24 0 0 0 -2.57051 100 20 0 0 0 0 0 0 0 0 0 0 0
57700 -320.421 0 0 0 0.703419 100 19 1.2752 100 30 0 0 0 -2.63934 100 22 0 0 0 0 0 0 0 0 0 0 0
57800 -318.676 0 0 0 0.59556 100 21 1.79716 100 18 0 0 0 -2.4402 100 20 0 0 0 0 0 0 0 0 0 0 0
57900 -319.224 0 0 0 0.927485 100 26 0.275369 100 29 0 0 0 -2.40047 100 15 0 0 0 0 0 0 0 0 0 0 0
58000 -319.021 0 0 0 0.278499 100 22 0.145072 100 22 0 0 0 -2.06923 100 12 0 0 0 0 0 0 0 0 0 0 0
58100 -318.535 0 0 0 0.956627 100 21 2.10931 100 24 0 0 0 -2.44668 100 21 0 0 0 0 0 0 0 0 0 0 0
58200 -318.251 0 0 0 0.913357 100 29 2.32992 100 23 0 0 0 -2.60919 100 19 0 0 0 0 0 0 0 0 0 0 0
58300 -322.773 0 0 0 1.45166 100 18 0.951538 100 24 0 0 0 -2.59723 100 19 0 0 0 0 0 0 0 0 0 0 0
58400 -318.41 0 0 0 0.865692 100 29 2.95603 100 23 0 0 0 -2.58808 100 23 0 0 0 0 0 0 0 0 0 0 0
58500 -318.58 0 0 0 0.894085 100 20 2.41967 100 22 0 0 0 -2.65371 100 23 0 0 0 0 0 0 0 0 0 0 0
58600 -318.13 0 0 0 0.837964 100 27 2.27142 100 18 0 0 0 -2.49406 100 16 0 0 0 0 0 0 0 0 0 0 0
58700 -318.979 0 0 0 1.19551 100 20 3.88501 100 23 0 0 0 -2.66751 100 16 0 0 0 0 0 0 0 0 0 0 0
58800 -318.575 0 0 0 0.919793 100 25 1.70581 100 21 0 0 0 -2.62304 100 20 0 0 0 0 0 0 0 0 0 0 0
58900 -318.868 0 0 0 0.380667 100 26 0.68759 100 18 0 0 0 -2.25438 100 15 0 0 0 0 0 0 0 0 0 0 0
59000 -318.689 0 0 0 0.586795 100 22 0.754689 100 19 0 0 0 -2.18934 100 17 0 0 0 0 0 0 0 0 0 0 0
59100 -319.418 0 0 0 1.39955 100 15 2.86462 100 22 0 0 0 -2.7227 100 17 0 0 0 0 0 0 0 0 0 0 0
59200 -319.244 0 0 0 0.307098 100 23 0.180478 100 13 0 0 0 -2.22576 100 10 0 0 0 0 0 0 0 0 0 0 0
59300 -319.172 0 0 0 0.278644 100 24 -0.641057 100 25 0 0 0 -2.1141 100 24 0 0 0 0 0 0 0 0 0 0 0
59400 -321.412 0 0 0 0.727025 100 31 4.08657 100 19 0 0 0 -2.75482 100 18 0 0 0 0 0 0 0 0 0 0 0
59500 -319.184 0 0 0 1.00801 100 22 1.10611 100 22 0 0 0 -2.65544 100 18 0 0 0 0 0 0 0 0 0 0 0
59600 -319.486 0 0 0 0.684902 100 20 0.785179 100 24 0 0 0 -2.16446 100 18 0 0 0 0 0 0 0 0 0 0 0
59700 -318.329 0 0 0 0.831634 100 25 1.97506 100 26 0 0 0 -2.40075 100 16 0 0 0 0 0 0 0 0 0 0 0
59800 -319.165 0 0 0 1.34723 100 22 3.6351 100 18 0 0 0 -2.71934 100 24 0 0 0 0 0 0 0 0 0 0 0
59900 -319.481 0 0 0 1.60391 100 31 5.34466 100 19 0 0 0 -3.11292 100 23 0 0 0 0 0 0 0 0 0 0 0
60000 -318.466 0 0 0 0.851863 100 22 0.794868 100 17 0 0 0 -2.42591 100 20 0 0 0 0 0 0 0 0 0 0 0
60100 -318.998 0 0 0 0.442179 100 22 1.70746 100 24 0 0 0 -2.23084 100 15 0 0 0 0 0 0 0 0 0 0 0
60200 -319.229 0 0 0 0.791704 100 17 -0.0475305 100 32 0 0 0 -2.44532 100 19 0 0 0 0 0 0 0 0 0 0 0
60300 -318.567 0 0 0 0.513712 100 23 0.439993 100 14 0 0 0 -2.29952 100 23 0 0 0 0 0 0 0 0 0 0 0
60400 -320.589 0 0 0 0.242208 100 29 2.1161 100 21 0 0 0 -2.24338 100 19 0 0 0 0 0 0 0 0 0 0 0
60500 -322.108 0 0 0 0.160007 100 25 0.810292 100 22 0 0 0 -2.36035 100 11 0 0 0 0 0 0 0 0 0 0 0
60600 -320.711 0 0 0 1.83193 100 31 3.70904 100 25 0 0 0 -3.15615 100 21 0 0 0 0 0 0 0 0 0 0 0
60700 -321.077 0 0 0 1.76071 100 13 6.84392 100 25 0 0 0 -3.19479 100 19 0 0 0 0 0 0 0 0 0 0 0
60800 -319.904 0 0 0 0.561059 100 22 2.1439 100 21 0 0 0 -2.54546 100 20 0 0 0 0 0 0 0 0 0 0 0
60900 -320.727 0 0 0 -0.0632129 100 20 -1.95721 100 21 0 0 0 -1.77807 100 18 0 0 0 0 0 0 0 0 0 0 0
61000 -320.276 0 0 0 0.348078 100 21 -1.16857 100 27 0 0 0 -1.91805 100 13 0 0 0 0 0 0 0 0 0 0 0
61100 -320.493 0 0 0 -0.00925619 100 17 0.188542 100 27 0 0 0 -2.0197 100 18 0 0 0 0 0 0 0 0 0 0 0
61200 -318.256 0 0 0 0.965454 100 36 2.66573 100 24 0 0 0 -2.64637 100 24 0 0 0 0 0 0 0 0 0 0 0
61300 -318.968 0 0 0 0.410421 100 21 1.01622 100 30 0 0 0 -2.30846 100 16 0 0 0 0 0 0 0 0 0 0 0
61400 -319.761 0 0 0 0.445268 100 22 -1.43495 100 26 0 0 0 -2.05378 100 16 0 0 0 0 0 0 0 0 0 0 0
61500 -320.13 0 0 0 0.372224 100 20 1.84123 100 21 0 0 0 -2.40258 100 15 0 0 0 0 0 0 0 0 0 0 0
61600 -319.188 0 0 0 1.3372 100 25 2.20829 100 23 0 0 0 -2.72489 100 13 0 0 0 0 0 0 0 0 0 0 0
61700 -318.812 0 0 0 0.628514 100 17 1.02563 100 27 0 0 0 -2.20209 100 14 0 0 0 0 0 0 0 0 0 0 0
61800 -318.394 0 0 0 0.610021 100 22 1.67564 100 20 0 0 0 -2.3132 100 20 0 0 0 0 0 0 0 0 0 0 0
61900 -319.565 0 0 0 0.606855 100 27 1.75132 100 24 0 0 0 -2.54485 100 21 0 0 0 0 0 0 0 0 0 0 0
62000 -320.631 0 0 0 0.463421 100 26 2.99697 100 26 0 0 0 -2.27491 100 24 0 0 0 0 0 0 0 0 0 0 0
62100 -319.283 0 0 0 1.09585 100 23 1.36587 100 27 0 0 0 -2.47644 100 17 0 0 0 0 0 0 0 0 0 0 0
62200 -321.095 0 0 0 0.852334 100 24 0.538367 100 19 0 0 0 -2.69367 100 17 0 0 0 0 0 0 0 0 0 0 0
62300 -319.683 0 0 0 0.835783 100 20 3.59566 100 17 0 0 0 -2.72345 100 24 0 0 0 0 0 0 0 0 0 0 0
62400 -319.207 0 0 0 1.20167 100 22 4.70859 100 25 0 0 0 -2.8003 100 9 0 0 0 0 0 0 0 0 0 0 0
62500 -318.357 0 0 0 0.69579 100 19 1.02123 100 32 0 0 0 -2.29557 100 16 0 0 0 0 0 0 0 0 0 0 0
62600 -322.637 0 0 0 1.86058 100 22 2.74246 100 19 0 0 0 -2.98439 100 13 0 0 0 0 0 0 0 0 0 0 0
62700 -318.094 0 0 0 0.84365 100 16 1.76754 100 24 0 0 0 -2.48389 100 19 0 0 0 0 0 0 0 0 0 0 0
62800 -319.557 0 0 0 0.686527 100 26 -0.610248 100 26 0 0 0 -2.19082 100 21 0 0 0 0 0 0 0 0 0 0 0
62900 -319.087 0 0 0 0.490787 100 21 2.18376 100 18 0 0 0 -2.31408 100 24 0 0 0 0 0 0 0 0 0 0 0
63000 -318.461 0 0 0 0.887271 100 20 2.9327 100 26 0 0 0 -2.62879 100 21 0 0 0 0 0 0 0 0 0 0 0
63100 -319.332 0 0 0 1.58959 100 26 3.70217 100 18 0 0 0 -2.97883 100 10 0 0 0 0 0 0 0 0 0 0 0
63200 -320.109 0 0 0 0.660308 100 15 -1.27627 100 19 0 0 0 -2.17553 100 15 0 0 0 0 0 0 0 0 0 0 0
63300 -318.633 0 0 0 0.659096 100 20 1.44381 100 27 0 0 0 -2.25635 100 9 0 0 0 0 0 0 0 0 0 0 0
63400 -318.78 0 0 0 0.554612 100 23 2.08743 100 21 0 0 0 -2.39423 100 15 0 0 0 0 0 0 0 0 0 0 0
63500 -318.228 0 0 0 0.716872 100 30 1.07867 100 26 0 0 0 -2.4072 100 22 0 0 0 0 0 0 0 0 0 0 0
63600 -318.713 0 0 0 1.26027 100 21 3.08671 100 28 0 0 0 -2.85786 100 17 0 0 0 0 0 0 0 0 0 0 0
63700 -322.019 0 0 0 2.31172 100 23 6.71133 100 20 0 0 0 -3.56199 100 21 0 0 0 0 0 0 0 0 0 0 0
63800 -318.607 0 0 0 1.26641 100 25 3.64054 100 16 0 0 0 -2.86822 100 15 0 0 0 0 0 0 0 0 0 0 0
63900 -319.091 0 0 0 1.54322 100 20 4.67162 100 21 0 0 0 -2.99379 100 16 0 0 0 0 0 0 0 0 0 0 0
64000 -318.339 0 0 0 0.718715 100 21 1.70042 100 25 0 0 0 -2.3371 100 22 0 0 0 0 0 0 0 0 0 0 0
64100 -318.795 0 0 0 0.984424 100 17 0.962939 100 12 0 0 0 -2.46193 100 14 0 0 0 0 0 0 0 0 0 0 0
64200 -320.07 0 0 0 0.573228 100 24 1.8115 100 25 0 0 0 -2.56154 100 15 0 0 0 0 0 0 0 0 0 0 0
64300 -319.84 0 0 0 1.14505 100 27 3.477 100 25 0 0 0 -2.53147 100 18 0 0 0 0 0 0 0 0 0 0 0
64400 -318.231 0 0 0 0.997019 100 23 2.16371 100 21 0 0 0 -2.52823 100 16 0 0 0 0 0 0 0 0 0 0 0
64500 -320.478 0 0 0 0.22188 100 27 -1.60395 100 17 0 0 0 -2.14226 100 22 0 0 0 0 0 0 0 0 0 0 0
64600 -319.145 0 0 0 1.24359 100 24 3.00566 100 21 0 0 0 -2.90127 100 21 0 0 0 0 0 0 0 0 0 0 0
64700 -318.429 0 0 0 1.07298 100 17 1.76775 100 15 0 0 0 -2.59194 100 26 0 0 0 0 0 0 0 0 0 0 0
64800 -318.47 0 0 0 1.18327 100 20 2.65747 100 24 0 0 0 -2.76226 100 13 0 0 0 0 0 0 0 0 0 0 0
64900 -318.924 0 0 0 1.41183 100 26 3.06705 100 21 0 0 0 -2.8219 100 18 0 0 0 0 0 0 0 0 0 0 0
65000 -318.153 0 0 0 0.990151 100 30 2.28767 100 17 0 0 0 -2.55051 100 14 0 0 0 0 0 0 0 0 0 0 0
65100 -318.445 0 0 0 0.983817 100 16 3.40279 100 19 0 0 0 -2.65665 100 15 0 0 0 0 0 0 0 0 0 0 0
65200 -321.903 0 0 0 0.762852 100 23 -2.19458 100 20 0 0 0 -2.30994 100 20 0 0 0 0 0 0 0 0 0 0 0
65300 -319.136 0 0 0 1.22254 100 23 4.33854 100 25 0 0 0 -2.9227 100 22 0 0 0 0 0 0 0 0 0 0 0
65400 -318.353 0 0 0 0.886135 100 20 2.30791 100 24 0 0 0 -2.44533 100 17 0 0 0 0 0 0 0 0 0 0 0
65500 -320.632 0 0 0 0.748047 100 16 0.207316 100 19 0 0 0 -2.12415 100 19 0 0 0 0 0 0 0 0 0 0 0
65600 -319.577 0 0 0 0.674153 100 20 0.729408 100 16 0 0 0 -2.15093 100 16 0 0 0 0 0 0 0 0 0 0 0
65700 -320.551 0 0 0 0.531344 100 18 3.46152 100 26 0 0 0 -2.46681 100 17 0 0 0 0 0 0 0 0 0 0 0
65800 -319.952 0 0 0 0.966084 100 26 2.89426 100 28 0 0 0 -2.38983 100 16 0 0 0 0 0 0 0 0 0 0 0
65900 -318.545 0 0 0 0.953131 100 24 1.26788 100 16 0 0 0 -2.57336 100 17 0 0 0 0 0 0 0 0 0 0 0
66000 -318.286 0 0 0 1.04791 100 23 3.16859 100 20 0 0 0 -2.62991 100 22 0 0 0 0 0 0 0 0 0 0 0
66100 -318.585 0 0 0 0.793861 100 13 0.535246 100 25 0 0 0 -2.34601 100 17 0 0 0 0 0 0 0 0 0 0 0
66200 -320.336 0 0 0 1.69942 100 30 5.25533 100 25 0 0 0 -3.27965 100 18 0 0 0 0 0 0 0 0 0 0 0
66300 -318.326 0 0 0 1.13478 100 25 3.35709 100 29 0 0 0 -2.74124 100 19 0 0 0 0 0 0 0 0 0 0 0
66400 -319.241 0 0 0 1.49431 100 21 3.80704 100 24 0 0 0 -3.02889 100 16 0 0 0 0 0 0 0 0 0 0 0
66500 -318.327 0 0 0 1.1519 100 21 3.28015 100 24 0 0 0 -2.75267 100 25 0 0 0 0 0 0 0 0 0 0 0
66600 -318.403 0 0 0 0.553548 100 24 1.24332 100 30 0 0 0 -2.3393 100 17 0 0 0 0 0 0 0 0 0 0 0
66700 -318.546 0 0 0 0.566432 100 20 0.822683 100 18 0 0 0 -2.20519 100 15 0 0 0 0 0 0 0 0 0 0 0
66800 -318.271 0 0 0 0.60123 100 27 0.994136 100 22 0 0 0 -2.29424 100 19 0 0 0 0 0 0 0 0 0 0 0
66900 -318.246 0 0 0 0.946644 100 13 2.73049 100 25 0 0 0 -2.5352 100 16 0 0 0 0 0 0 0 0 0 0 0
67000 -319.846 0 0 0 0.428562 100 13 2.54855 100 21 0 0 0 -2.31139 100 14 0 0 0 0 0 0 0 0 0 0 0
67100 -319.642 0 0 0 0.289042 100 28 -0.656579 100 22 0 0 0 -2.1986 100 18 0 0 0 0 0 0 0 0 0 0 0
67200 -318.314 0 0 0 0.99274 100 27 2.08765 100 25 0 0 0 -2.6396 100 18 0 0 0 0 0 0 0 0 0 0 0
67300 -318.863 0 0 0 1.08264 100 16 4.10928 100 18 0 0 0 -2.77591 100 21 0 0 0 0 0 0 0 0 0 0 0
67400 -319.78 0 0 0 1.28868 100 28 5.17163 100 30 0 0 0 -3.00079 100 18 0 0 0 0 0 0 0 0 0 0 0
67500 -319.904 0 0 0 0.635514 100 16 3.5061 100 20 0 0 0 -2.48724 100 19 0 0 0 0 0 0 0 0 0 0 0
67600 -321.169 0 0 0 1.83452 100 20 4.59849 100 27 0 0 0 -3.00284 100 22 0 0 0 0 0 0 0 0 0 0 0
67700 -320.949 0 0 0 1.64638 100 29 5.55325 100 23 0 0 0 -2.93236 100 22 0 0 0 0 0 0 0 0 0 0 0
67800 -320.144 0 0 0 1.22992 100 25 3.96594 100 22 0 0 0 -3.02052 100 23 0 0 0 0 0 0 0 0 0 0 0
67900 -319.44 0 0 0 1.4984 100 13 3.66725 100 24 0 0 0 -3.04532 100 24 0 0 0 0 0 0 0 0 0 0 0
68000 -318.187 0 0 0 0.853017 100 33 1.51976 100 18 0 0 0 -2.43152 100 19 0 0 0 0 0 0 0 0 0 0 0
68100 -318.231 0 0 0 0.714027 100 14 0.933696 100 22 0 0 0 -2.37227 100 10 0 0 0 0 0 0 0 0 0 0 0
68200 -319.001 0 0 0 0.897644 100 22 1.03091 100 25 0 0 0 -2.59848 100 14 0 0 0 0 0 0 0 0 0 0 0
68300 -318.573 0 0 0 0.930493 100 20 2.79894 100 19 0 0 0 -2.68255 100 23 0 0 0 0 0 0 0 0 0 0 0
68400 -322.295 0 0 0 0.879917 100 29 -1.25364 100 23 0 0 0 -2.57066 100 18 0 0 0 0 0 0 0 0 0 0 0
68500 -319.761 0 0 0 0.812916 100 24 2.18464 100 20 0 0 0 -2.27813 100 13 0 0 0 0 0 0 0 0 0 0 0
68600 -320.021 0 0 0 1.33187 100 16 3.58804 100 24 0 0 0 -3.04372 100 14 0 0 0 0 0 0 0 0 0 0 0
68700 -323.038 0 0 0 1.60612 100 20 1.18643 100 19 0 0 0 -3.04765 100 16 0 0 0 0 0 0 0 0 0 0 0
68800 -318.584 0 0 0 0.824522 100 17 0.558774 100 18 0 0 0 -2.38415 100 17 0 0 0 0 0 0 0 0 0 0 0
68900 -318.797 0 0 0 0.658573 100 21 2.44868 100 33 0 0 0 -2.49971 100 17 0 0 0 0 0 0 0 0 0 0 0
69000 -318.4 0 0 0 1.03536 100 22 3.45403 100 19 0 0 0 -2.66116 100 22 0 0 0 0 0 0 0 0 0 0 0
69100 -318.431 0 0 0 0.738909 100 26 0.581854 100 16 0 0 0 -2.39019 100 17 0 0 0 0 0 0 0 0 0 0 0
69200 -320.472 0 0 0 0.112776 100 23 -2.28925 100 18 0 0 0 -1.95549 100 21 0 0 0 0 0 0 0 0 0 0 0
69300 -319.788 0 0 0 1.77187 100 23 5.04984 100 18 0 0 0 -3.11925 100 20 0 0 0 0 0 0 0 0 0 0 0
69400 -318.928 0 0 0 1.27758 100 27 3.14955 100 26 0 0 0 -2.66906 100 19 0 0 0 0 0 0 0 0 0 0 0
69500 -319.82 0 0 0 0.613531 100 17 2.49723 100 21 0 0 0 -2.244 100 17 0 0 0 0 0 0 0 0 0 0 0
69600 -319.334 0 0 0 0.34843 100 20 -0.631991 100 19 0 0 0 -2.20157 100 17 0 0 0 0 0 0 0 0 0 0 0
69700 -320.375 0 0 0 0.0900603 100 16 0.23642 100 26 0 0 0 -1.90833 100 18 0 0 0 0 0 0 0 0 0 0 0
69800 -320.704 0 0 0 0.201789 100 18 0.413868 100 27 0 0 0 -2.2897 100 22 0 0 0 0 0 0 0 0 0 0 0
69900 -318.145 0 0 0 0.806149 100 22 1.45255 100 19 0 0 0 -2.46225 100 19 0 0 0 0 0 0 0 0 0 0 0
70000 -319.389 0 0 0 1.59778 100 20 4.59529 100 24 0 0 0 -3.11073 100 9 0 0 0 0 0 0 0 0 0 0 0
70100 -320.345 0 0 0 0.667194 100 20 3.86347 100 20 0 0 0 -2.56958 100 21 0 0 0 0 0 0 0 0 0 0 0
70200 -321.183 0 0 0 0.569741 100 20 -1.82791 100 19 0 0 0 -2.32266 100 13 0 0 0 0 0 0 0 0 0 0 0
70300 -318.427 0 0 0 0.734345 100 29 1.13608 100 21 0 0 0 -2.30425 100 16 0 0 0 0 0 0 0 0 0 0 0
70400 -319.019 0 0 0 0.773692 100 16 0.741044 100 24 0 0 0 -2.25524 100 20 0 0 0 0 0 0 0 0 0 0 0
70500 -318.264 0 0 0 0.765752 100 27 1.14357 100 32 0 0 0 -2.44991 100 18 0 0 0 0 0 0 0 0 0 0 0
70600 -320.329 0 0 0 1.12572 100 20 4.50673 100 20 0 0 0 -2.97505 100 22 0 0 0 0 0 0 0 0 0 0 0
70700 -319.256 0 0 0 1.60262 100 22 4.2305 100 16 0 0 0 -2.98626 100 26 0 0 0 0 0 0 0 0 0 0 0
70800 -321.5 0 0 0 0.461315 100 14 -1.57913 100 27 0 0 0 -2.34501 100 16 0 0 0 0 0 0 0 0 0 0 0
70900 -319.913 0 0 0 0.0985946 100 22 0.459263 100 19 0 0 0 -2.03652 100 9 0 0 0 0 0 0 0 0 0 0 0
71000 -319.897 0 0 0 1.70412 100 18 5.88458 100 20 0 0 0 -3.16021 100 16 0 0 0 0 0 0 0 0 0 0 0
71100 -320.632 0 0 0 0.907148 100 25 2.92149 100 27 0 0 0 -2.84153 100 22 0 0 0 0 0 0 0 0 0 0 0
71200 -320.018 0 0 0 1.2595 100 28 1.40998 100 23 0 0 0 -2.8168 100 19 0 0 0 0 0 0 0 0 0 0 0
71300 -320.883 0 0 0 1.5531 100 21 2.054 100 13 0 0 0 -2.99058 100 19 0 0 0 0 0 0 0 0 0 0 0
71400 -318.66 0 0 0 1.22783 100 22 2.52991 100 23 0 0 0 -2.65704 100 10 0 0 0 0 0 0 0 0 0 0 0
71500 -318.436 0 0 0 1.08043 100 28 2.9583 100 23 0 0 0 -2.74713 100 14 0 0 0 0 0 0 0 0 0 0 0
71600 -319.212 0 0 0 0.900306 100 24 0.418234 100 17 0 0 0 -2.53868 100 11 0 0 0 0 0 0 0 0 0 0 0
71700 -321.439 0 0 0 0.168981 100 20 -2.28464 100 25 0 0 0 -2.11688 100 19 0 0 0 0 0 0 0 0 0 0 0
71800 -319.858 0 0 0 0.768948 100 25 0.0854843 100 26 0 0 0 -2.18929 100 15 0 0 0 0 0 0 0 0 0 0 0
71900 -318.838 0 0 0 1.4263 100 21 3.67971 100 21 0 0 0 -2.93918 100 12 0 0 0 0 0 0 0 0 0 0 0
72000 -318.396 0 0 0 1.08501 100 12 3.51306 100 21 0 0 0 -2.72129 100 24 0 0 0 0 0 0 0 0 0 0 0
72100 -319.786 0 0 0 1.41909 100 22 4.81106 100 25 0 0 0 -3.10174 100 12 0 0 0 0 0 0 0 0 0 0 0
72200 -320.16 0 0 0 1.24762 100 17 5.51117 100 24 0 0 0 -2.87894 100 20 0 0 0 0 0 0 0 0 0 0 0
72300 -318.739 0 0 0 1.02106 100 20 1.11652 100 31 0 0 0 -2.57397 100 24 0 0 0 0 0 0 0 0 0 0 0
72400 -318.18 0 0 0 0.943485 100 22 1.99918 100 21 0 0 0 -2.58342 100 16 0 0 0 0 0 0 0 0 0 0 0
72500 -319.907 0 0 0 0.412735 100 23 2.35919 100 26 0 0 0 -2.38569 100 16 0 0 0 0 0 0 0 0 0 0 0
72600 -323.197 0 0 0 0.0673106 100 21 -4.41471 100 29 0 0 0 -1.77469 100 21 0 0 0 0 0 0 0 0 0 0 0
72700 -318.283 0 0 0 0.911907 100 26 2.01254 100 32 0 0 0 -2.4529 100 14 0 0 0 0 0 0 0 0 0 0 0
72800 -319.681 0 0 0 1.55982 100 24 2.92538 100 19 0 0 0 -2.9317 100 11 0 0 0 0 0 0 0 0 0 0 0
72900 -318.276 0 0 0 0.618982 100 27 0.887252 100 30 0 0 0 -2.33695 100 18 0 0 0 0 0 0 0 0 0 0 0
73000 -318.677 0 0 0 0.421508 100 15 -0.0446803 100 23 0 0 0 -2.15007 100 19 0 0 0 0 0 0 0 0 0 0 0
73100 -321.156 0 0 0 0.320178 100 16 -1.7237 100 25 0 0 0 -1.85013 100 13 0 0 0 0 0 0 0 0 0 0 0
73200 -320.406 0 0 0 0.479068 100 32 2.70411 100 23 0 0 0 -2.22672 100 24 0 0 0 0 0 0 0 0 0 0 0
73300 -325.533 0 0 0 -0.0318783 100 16 1.59825 100 26 0 0 0 -2.39191 100 19 0 0 0 0 0 0 0 0 0 0 0
73400 -319.158 0 0 0 0.957721 100 24 0.359972 100 25 0 0 0 -2.46586 100 18 0 0 0 0 0 0 0 0 0 0 0
73500 -318.242 0 0 0 1.02134 100 26 1.93207 100 21 0 0 0 -2.59151 100 19 0 0 0 0 0 0 0 0 0 0 0
73600 -318.445 0 0 0 1.15241 100 24 3.11572 100 22 0 0 0 -2.78293 100 21 0 0 0 0 0 0 0 0 0 0 0
73700 -320.461 0 0 0 0.905213 100 20 0.732341 100 20 0 0 0 -2.24206 100 17 0 0 0 0 0 0 0 0 0 0 0
73800 -318.218 0 0 0 0.680293 100 28 1.4705 100 19 0 0 0 -2.34121 100 14 0 0 0 0 0 0 0 0 0 0 0
73900 -319.781 0 0 0 0.567964 100 18 0.960331 100 18 0 0 0 -2.50213 100 11 0 0 0 0 0 0 0 0 0 0 0
74000 -319.486 0 0 0 0.19356 100 17 -1.04174 100 21 0 0 0 -1.96431 100 20 0 0 0 0 0 0 0 0 0 0 0
74100 -320.039 0 0 0 0.68275 100 23 2.80793 100 29 0 0 0 -2.28049 100 17 0 0 0 0 0 0 0 0 0 0 0
74200 -319.058 0 0 0 0.42311 100 26 1.68891 100 22 0 0 0 -2.22479 100 17 0 0 0 0 0 0 0 0 0 0 0
74300 -320.805 0 0 0 0.0325734 100 26 -1.41072 100 27 0 0 0 -2.0613 100 22 0 0 0 0 0 0 0 0 0 0 0
74400 -319.38 0 0 0 0.426328 100 20 2.14396 100 29 0 0 0 -2.28725 100 22 0 0 0 0 0 0 0 0 0 0 0
74500 -322.706 0 0 0 0.154038 100 18 -2.52616 100 22 0 0 0 -2.1721 100 20 0 0 0 0 0 0 0 0 0 0 0
74600 -319.08 0 0 0 1.02337 100 19 0.872206 100 21 0 0 0 -2.46427 100 15 0 0 0 0 0 0 0 0 0 0 0
74700 -318.674 0 0 0 0.946709 100 25 1.27741 100 16 0 0 0 -2.41768 100 18 0 0 0 0 0 0 0 0 0 0 0
74800 -318.45 0 0 0 1.27907 100 28 3.44888 100 24 0 0 0 -2.80668 100 24 0 0 0 0 0 0 0 0 0 0 0
74900 -319.346 0 0 0 0.49588 100 19 -0.579359 100 23 0 0 0 -2.07234 100 21 0 0 0 0 0 0 0 0 0 0 0
75000 -319.354 0 0 0 0.419103 100 17 -1.05573 100 23 0 0 0 -2.06331 100 12 0 0 0 0 0 0 0 0 0 0 0
75100 -318.217 0 0 0 0.886048 100 28 1.71128 100 27 0 0 0 -2.44386 100 17 0 0 0 0 0 0 0 0 0 0 0
75200 -318.467 0 0 0 0.594636 100 25 0.279785 100 24 0 0 0 -2.29306 100 20 0 0 0 0 0 0 0 0 0 0 0
75300 -319.339 0 0 0 1.21729 100 25 4.08534 100 24 0 0 0 -2.94849 100 13 0 0 0 0 0 0 0 0 0 0 0
75400 -318.627 0 0 0 0.951503 100 18 0.971315 100 22 0 0 0 -2.52675 100 21 0 0 0 0 0 0 0 0 0 0 0
75500 -321.277 0 0 0 0.358844 100 15 -1.86653 100 17 0 0 0 -1.86838 100 14 0 0 0 0 0 0 0 0 0 0 0
75600 -318.51 0 0 0 1.01062 100 19 2.29113 100 24 0 0 0 -2.69493 100 21 0 0 0 0 0 0 0 0 0 0 0
75700 -318.588 0 0 0 1.234 100 23 3.67239 100 29 0 0 0 -2.85303 100 14 0 0 0 0 0 0 0 0 0 0 0
75800 -318.931 0 0 0 1.22483 100 20 1.89755 100 26 0 0 0 -2.64751 100 20 0 0 0 0 0 0 0 0 0 0 0
75900 -321.227 0 0 0 0.52342 100 22 0.22938 100 30 0 0 0 -2.52142 100 19 0 0 0 0 0 0 0 0 0 0 0
76000 -318.581 0 0 0 0.436409 100 28 0.244776 100 21 0 0 0 -2.20254 100 25 0 0 0 0 0 0 0 0 0 0 0
76100 -319.01 0 0 0 0.442442 100 20 1.81777 100 14 0 0 0 -2.30125 100 14 0 0 0 0 0 0 0 0 0 0 0
76200 -319.92 0 0 0 1.63414 100 28 3.80404 100 27 0 0 0 -3.127 100 18 0 0 0 0 0 0 0 0 0 0 0
76300 -319.395 0 0 0 1.50703 100 21 2.94164 100 21 0 0 0 -2.91426 100 24 0 0 0 0 0 0 0 0 0 0 0
76400 -318.231 0 0 0 1.09095 100 25 2.61161 100 28 0 0 0 -2.62101 100 21 0 0 0 0 0 0 0 0 0 0 0
76500 -319.005 0 0 0 0.854086 100 30 2.50326 100 16 0 0 0 -2.37496 100 14 0 0 0 0 0 0 0 0 0 0 0
76600 -320.201 0 0 0 1.34563 100 15 5.08796 100 20 0 0 0 -3.09598 100 20 0 0 0 0 0 0 0 0 0 0 0
76700 -319.597 0 0 0 1.58232 100 29 5.46647 100 19 0 0 0 -3.03236 100 14 0 0 0 0 0 0 0 0 0 0 0
76800 -319.011 0 0 0 1.37682 100 20 2.62099 100 20 0 0 0 -2.79156 100 15 0 0 0 0 0 0 0 0 0 0 0
76900 -319.549 0 0 0 1.47293 100 21 4.35421 100 25 0 0 0 -2.82042 100 20 0 0 0 0 0 0 0 0 0 0 0
77000 -324.345 0 0 0 2.50765 100 23 9.1916 100 29 0 0 0 -3.74292 100 14 0 0 0 0 0 0 0 0 0 0 0
77100 -321.043 0 0 0 1.50958 100 28 1.4876 100 30 0 0 0 -2.88563 100 19 0 0 0 0 0 0 0 0 0 0 0
77200 -319.42 0 0 0 0.786672 100 25 3.1065 100 25 0 0 0 -2.67292 100 24 0 0 0 0 0 0 0 0 0 0 0
77300 -319.436 0 0 0 1.35042 100 23 2.09409 100 25 0 0 0 -2.70616 100 18 0 0 0 0 0 0 0 0 0 0 0
77400 -320.927 0 0 0 1.22369 100 26 0.833656 100 22 0 0 0 -2.81781 100 14 0 0 0 0 0 0 0 0 0 0 0
77500 -318.406 0 0 0 0.798733 100 21 1.82646 100 23 0 0 0 -2.55048 100 24 0 0 0 0 0 0 0 0 0 0 0
77600 -318.984 0 0 0 0.827615 100 26 0.433314 100 24 0 0 0 -2.31036 100 12 0 0 0 0 0 0 0 0 0 0 0
77700 -319.45 0 0 0 1.46736 100 12 4.84255 100 26 0 0 0 -3.08585 100 16 0 0 0 0 0 0 0 0 0 0 0
77800 -318.435 0 0 0 0.834648 100 19 2.93323 100 19 0 0 0 -2.52761 100 18 0 0 0 0 0 0 0 0 0 0 0
77900 -318.413 0 0 0 0.541866 100 21 1.07094 100 18 0 0 0 -2.32691 100 21 0 0 0 0 0 0 0 0 0 0 0
78000 -321.155 0 0 0 -0.0654593 100 19 0.0236993 100 23 0 0 0 -2.0582 100 17 0 0 0 0 0 0 0 0 0 0 0
78100 -321.02 0 0 0 0.276276 100 20 -1.15611 100 17 0 0 0 -1.83304 100 21 0 0 0 0 0 0 0 0 0 0 0
78200 -319.454 0 0 0 0.490359 100 16 1.68683 100 21 0 0 0 -2.15716 100 15 0 0 0 0 0 0 0 0 0 0 0
78300 -319.424 0 0 0 0.589012 100 21 1.91794 100 26 0 0 0 -2.20189 100 15 0 0 0 0 0 0 0 0 0 0 0
78400 -320.124 0 0 0 0.92151 100 27 -0.343885 100 23 0 0 0 -2.51791 100 25 0 0 0 0 0 0 0 0 0 0 0
78500 -319.762 0 0 0 0.767986 100 26 0.343979 100 24 0 0 0 -2.19182 100 21 0 0 0 0 0 0 0 0 0 0 0
78600 -322.177 0 0 0 2.1779 100 21 5.038 100 26 0 0 0 -3.32505 100 18 0 0 0 0 0 0 0 0 0 0 0
78700 -318.378 0 0 0 0.61532 100 26 1.32918 100 16 0 0 0 -2.27692 100 15 0 0 0 0 0 0 0 0 0 0 0
78800 -318.136 0 0 0 0.908584 100 22 2.15499 100 16 0 0 0 -2.56796 100 20 0 0 0 0 0 0 0 0 0 0 0
78900 -318.499 0 0 0 1.17958 100 21 2.6291 100 28 0 0 0 -2.63631 100 29 0 0 0 0 0 0 0 0 0 0 0
79000 -320.397 0 0 0 0.334866 100 14 -1.42883 100 20 0 0 0 -2.2179 100 12 0 0 0 0 0 0 0 0 0 0 0
79100 -320.843 0 0 0 1.25905 100 24 3.85446 100 19 0 0 0 -2.56588 100 22 0 0 0 0 0 0 0 0 0 0 0
79200 -318.267 0 0 0 1.06712 100 19 2.10767 100 23 0 0 0 -2.61979 100 14 0 0 0 0 0 0 0 0 0 0 0
79300 -318.625 0 0 0 1.2818 100 22 2.88472 100 17 0 0 0 -2.82101 100 13 0 0 0 0 0 0 0 0 0 0 0
79400 -319.461 0 0 0 0.432218 100 11 -1.16895 100 27 0 0 0 -2.17726 100 11 0 0 0 0 0 0 0 0 0 0 0
79500 -320.426 0 0 0 1.22766 100 29 2.24106 100 22 0 0 0 -2.93886 100 19 0 0 0 0 0 0 0 0 0 0 0
79600 -319.438 0 0 0 1.32912 100 27 5.11455 100 20 0 0 0 -2.97563 100 15 0 0 0 0 0 0 0 0 0 0 0
79700 -319.676 0 0 0 1.05649 100 21 4.6972 100 33 0 0 0 -2.8175 100 20 0 0 0 0 0 0 0 0 0 0 0
79800 -318.569 0 0 0 0.880038 100 22 3.101 100 25 0 0 0 -2.63342 100 20 0 0 0 0 0 0 0 0 0 0 0
79900 -318.369 0 0 0 0.715431 100 13 2.17077 100 20 0 0 0 -2.38592 100 21 0 0 0 0 0 0 0 0 0 0 0
80000 -319.157 0 0 0 0.789134 100 26 2.88484 100 27 0 0 0 -2.38408 100 20 0 0 0 0 0 0 0 0 0 0 0
80100 -322.49 0 0 0 2.31997 100 22 7.67704 100 19 0 0 0 -3.69824 100 26 0 0 0 0 0 0 0 0 0 0 0
80200 -320.798 0 0 0 1.83534 100 27 3.61716 100 18 0 0 0 -3.11663 100 25 0 0 0 0 0 0 0 0 0 0 0
80300 -318.125 0 0 0 0.807705 100 23 1.56728 100 16 0 0 0 -2.42551 100 19 0 0 0 0 0 0 0 0 0 0 0
80400 -319.327 0 0 0 0.451639 100 26 0.641779 100 18 0 0 0 -2.3721 100 19 0 0 0 0 0 0 0 0 0 0 0
80500 -320.023 0 0 0 0.120958 100 16 -1.50976 100 24 0 0 0 -2.02463 100 19 0 0 0 0 0 0 0 0 0 0 0
80600 -318.851 0 0 0 1.22895 100 17 3.80844 100 19 0 0 0 -2.89592 100 21 0 0 0 0 0 0 0 0 0 0 0
80700 -318.626 0 0 0 0.803427 100 26 2.19136 100 16 0 0 0 -2.5972 100 20 0 0 0 0 0 0 0 0 0 0 0
80800 -319.069 0 0 0 0.42353 100 23 -0.60319 100 24 0 0 0 -2.07754 100 18 0 0 0 0 0 0 0 0 0 0 0
80900 -319.918 0 0 0 0.921971 100 26 0.582381 100 20 0 0 0 -2.64218 100 20 0 0 0 0 0 0 0 0 0 0 0
81000 -318.903 0 0 0 0.768864 100 16 1.87297 100 23 0 0 0 -2.59486 100 25 0 0 0 0 0 0 0 0 0 0 0
81100 -319.593 0 0 0 1.22214 100 23 1.68301 100 21 0 0 0 -2.80841 100 15 0 0 0 0 0 0 0 0 0 0 0
81200 -318.982 0 0 0 0.912887 100 22 2.79961 100 20 0 0 0 -2.71939 100 25 0 0 0 0 0 0 0 0 0 0 0
81300 -318.341 0 0 0 0.976552 100 27 2.8661 100 28 0 0 0 -2.54129 100 19 0 0 0 0 0 0 0 0 0 0 0
81400 -321.556 0 0 0 1.8766 100 22 7.27871 100 23 0 0 0 -3.28749 100 23 0 0 0 0 0 0 0 0 0 0 0
81500 -324.891 0 0 0 2.20743 100 22 9.44531 100 18 0 0 0 -3.71506 100 20 0 0 0 0 0 0 0 0 0 0 0
81600 -318.593 0 0 0 1.1949 100 19 3.35217 100 26 0 0 0 -2.83358 100 17 0 0 0 0 0 0 0 0 0 0 0
81700 -320.865 0 0 0 0.0253792 100 17 -2.35805 100 19 0 0 0 -1.95125 100 19 0 0 0 0 0 0 0 0 0 0 0
81800 -318.589 0 0 0 0.713501 100 26 0.53976 100 22 0 0 0 -2.42019 100 23 0 0 0 0 0 0 0 0 0 0 0
81900 -319.065 0 0 0 1.12388 100 23 2.44379 100 21 0 0 0 -2.51615 100 18 0 0 0 0 0 0 0 0 0 0 0
82000 -318.75 0 0 0 1.11761 100 25 2.94577 100 24 0 0 0 -2.56503 100 16 0 0 0 0 0 0 0 0 0 0 0
82100 -319.312 0 0 0 0.331169 100 18 1.06087 100 22 0 0 0 -2.09718 100 20 0 0 0 0 0 0 0 0 0 0 0
82200 -318.634 0 0 0 0.83893 100 24 1.42565 100 29 0 0 0 -2.57377 100 16 0 0 0 0 0 0 0 0 0 0 0
82300 -320.75 0 0 0 1.18537 100 23 3.21918 100 17 0 0 0 -3.00723 100 19 0 0 0 0 0 0 0 0 0 0 0
82400 -319.142 0 0 0 0.251885 100 31 -0.439556 100 25 0 0 0 -2.10157 100 16 0 0 0 0 0 0 0 0 0 0 0
82500 -320.256 0 0 0 0.776246 100 15 -0.30105 100 19 0 0 0 -2.17659 100 15 0 0 0 0 0 0 0 0 0 0 0
82600 -318.684 0 0 0 0.614992 100 20 1.66817 100 20 0 0 0 -2.45806 100 23 0 0 0 0 0 0 0 0 0 0 0
82700 -319.654 0 0 0 0.474107 100 20 0.184266 100 11 0 0 0 -2.38628 100 17 0 0 0 0 0 0 0 0 0 0 0
82800 -319.603 0 0 0 0.478122 100 25 2.59474 100 17 0 0 0 -2.37459 100 18 0 0 0 0 0 0 0 0 0 0 0
82900 -318.782 0 0 0 0.519305 100 21 0.611929 100 23 0 0 0 -2.35489 100 25 0 0 0 0 0 0 0 0 0 0 0
83000 -318.104 0 0 0 0.794639 100 27 1.79382 100 36 0 0 0 -2.43796 100 18 0 0 0 0 0 0 0 0 0 0 0
83100 -319.486 0 0 0 1.56831 100 26 4.05993 100 26 0 0 0 -3.09108 100 19 0 0 0 0 0 0 0 0 0 0 0
83200 -320.027 0 0 0 0.960767 100 21 4.60495 100 31 0 0 0 -2.78491 100 24 0 0 0 0 0 0 0 0 0 0 0
83300 -318.595 0 0 0 0.914071 100 29 1.27519 100 20 0 0 0 -2.57832 100 19 0 0 0 0 0 0 0 0 0 0 0
83400 -318.992 0 0 0 0.48824 100 29 -0.486776 100 19 0 0 0 -2.11759 100 19 0 0 0 0 0 0 0 0 0 0 0
83500 -318.764 0 0 0 0.99877 100 20 1.62927 100 20 0 0 0 -2.66549 100 21 0 0 0 0 0 0 0 0 0 0 0
83600 -320.683 0 0 0 0.590427 100 22 -0.148257 100 28 0 0 0 -2.49396 100 19 0 0 0 0 0 0 0 0 0 0 0
83700 -318.528 0 0 0 0.499073 100 29 0.14801 100 25 0 0 0 -2.21858 100 18 0 0 0 0 0 0 0 0 0 0 0
83800 -318.822 0 0 0 0.548328 100 22 -0.235558 100 31 0 0 0 -2.27827 100 18 0 0 0 0 0 0 0 0 0 0 0
83900 -318.936 0 0 0 1.26927 100 19 2.07129 100 25 0 0 0 -2.70211 100 23 0 0 0 0 0 0 0 0 0 0 0
84000 -319.996 0 0 0 1.28361 100 22 3.6992 100 18 0 0 0 -2.61597 100 12 0 0 0 0 0 0 0 0 0 0 0
84100 -318.952 0 0 0 0.878712 100 24 1.27231 100 15 0 0 0 -2.61188 100 17 0 0 0 0 0 0 0 0 0 0 0
84200 -320.146 0 0 0 0.391016 100 15 2.19301 100 28 0 0 0 -2.40868 100 18 0 0 0 0 0 0 0 0 0 0 0
84300 -319.43 0 0 0 0.580952 100 18 2.93601 100 18 0 0 0 -2.41047 100 21 0 0 0 0 0 0 0 0 0 0 0
84400 -319.853 0 0 0 1.47131 100 31 4.10141 100 26 0 0 0 -3.11017 100 21 0 0 0 0 0 0 0 0 0 0 0
84500 -319.273 0 0 0 1.27176 100 23 4.93114 100 18 0 0 0 -2.8663 100 18 0 0 0 0 0 0 0 0 0 0 0
84600 -320.446 0 0 0 0.0725056 100 19 -2.01841 100 23 0 0 0 -1.82574 100 20 0 0 0 0 0 0 0 0 0 0 0
84700 -319.753 0 0 0 0.145095 100 10 -1.27814 100 17 0 0 0 -2.02661 100 21 0 0 0 0 0 0 0 0 0 0 0
84800 -319.111 0 0 0 0.407182 100 29 -0.173029 100 27 0 0 0 -2.2586 100 20 0 0 0 0 0 0 0 0 0 0 0
84900 -320.452 0 0 0 0.853642 100 17 4.301 100 20 0 0 0 -2.52538 100 16 0 0 0 0 0 0 0 0 0 0 0
85000 -318.729 0 0 0 1.0572 100 20 1.25459 100 23 0 0 0 -2.54794 100 14 0 0 0 0 0 0 0 0 0 0 0
85100 -320.478 0 0 0 1.26456 100 20 2.64991 100 21 0 0 0 -2.98793 100 14 0 0 0 0 0 0 0 0 0 0 0
85200 -318.878 0 0 0 1.31552 100 24 4.12425 100 22 0 0 0 -2.93987 100 25 0 0 0 0 0 0 0 0 0 0 0
85300 -319.477 0 0 0 1.01977 100 14 0.473766 100 25 0 0 0 -2.44324 100 24 0 0 0 0 0 0 0 0 0 0 0
85400 -318.527 0 0 0 0.792885 100 21 1.66485 100 21 0 0 0 -2.33725 100 15 0 0 0 0 0 0 0 0 0 0 0
85500 -318.833 0 0 0 1.44953 100 27 3.78233 100 14 0 0 0 -2.88168 100 18 0 0 0 0 0 0 0 0 0 0 0
85600 -320.318 0 0 0 0.660974 100 22 3.2085 100 25 0 0 0 -2.64707 100 18 0 0 0 0 0 0 0 0 0 0 0
85700 -319.516 0 0 0 0.304208 100 20 -0.139266 100 14 0 0 0 -1.97711 100 15 0 0 0 0 0 0 0 0 0 0 0
85800 -321.497 0 0 0 1.35444 100 19 0.385995 100 25 0 0 0 -2.73159 100 13 0 0 0 0 0 0 0 0 0 0 0
85900 -319.105 0 0 0 0.8446 100 15 0.367844 100 23 0 0 0 -2.31368 100 23 0 0 0 0 0 0 0 0 0 0 0
86000 -322.499 0 0 0 -0.347178 100 27 -0.837885 100 27 0 0 0 -1.80215 100 22 0 0 0 0 0 0 0 0 0 0 0
86100 -318.318 0 0 0 0.800333 100 19 1.81196 100 24 0 0 0 -2.53591 100 19 0 0 0 0 0 0 0 0 0 0 0
86200 -319.426 0 0 0 0.297283 100 24 -0.572107 100 28 0 0 0 -2.18555 100 16 0 0 0 0 0 0 0 0 0 0 0
86300 -318.481 0 0 0 0.478728 100 20 0.977255 100 23 0 0 0 -2.25356 100 12 0 0 0 0 0 0 0 0 0 0 0
86400 -318.323 0 0 0 1.02394 100 23 2.04134 100 19 0 0 0 -2.52951 100 19 0 0 0 0 0 0 0 0 0 0 0
86500 -321.325 0 0 0 0.59618 100 24 3.13852 100 25 0 0 0 -2.67124 100 14 0 0 0 0 0 0 0 0 0 0 0
86600 -318.736 0 0 0 1.38339 100 22 4.21305 100 23 0 0 0 -2.919 100 19 0 0 0 0 0 0 0 0 0 0 0
86700 -318.759 0 0 0 0.943026 100 21 2.08808 100 25 0 0 0 -2.4131 100 18 0 0 0 0 0 0 0 0 0 0 0
86800 -319.227 0 0 0 0.241842 100 21 0.483585 100 24 0 0 0 -2.07176 100 14 0 0 0 0 0 0 0 0 0 0 0
86900 -318.688 0 0 0 1.36894 100 21 3.99258 100 20 0 0 0 -2.9115 100 23 0 0 0 0 0 0 0 0 0 0 0
87000 -320.078 0 0 0 1.74572 100 27 3.84149 100 23 0 0 0 -3.04996 100 22 0 0 0 0 0 0 0 0 0 0 0
87100 -320.358 0 0 0 1.62598 100 24 2.97359 100 21 0 0 0 -3.07012 100 22 0 0 0 0 0 0 0 0 0 0 0
87200 -319.292 0 0 0 0.510952 100 16 -0.477888 100 20 0 0 0 -2.0837 100 27 0 0 0 0 0 0 0 0 0 0 0
87300 -318.714 0 0 0 1.39153 100 14 3.6621 100 14 0 0 0 -2.83501 100 20 0 0 0 0 0 0 0 0 0 0 0
87400 -318.586 0 0 0 1.05693 100 20 2.04346 100 13 0 0 0 -2.51097 100 13 0 0 0 0 0 0 0 0 0 0 0
87500 -318.479 0 0 0 0.795059 100 30 2.82531 100 21 0 0 0 -2.4883 100 20 0 0 0 0 0 0 0 0 0 0 0
87600 -318.352 0 0 0 0.867761 100 26 1.83466 100 23 0 0 0 -2.40829 100 18 0 0 0 0 0 0 0 0 0 0 0
87700 -319.694 0 0 0 1.56074 100 26 5.01002 100 20 0 0 0 -2.92783 100 13 0 0 0 0 0 0 0 0 0 0 0
87800 -319.044 0 0 0 1.0413 100 21 4.02933 100 25 0 0 0 -2.79034 100 17 0 0 0 0 0 0 0 0 0 0 0
87900 -318.835 0 0 0 1.02871 100 20 0.994345 100 26 0 0 0 -2.52382 100 16 0 0 0 0 0 0 0 0 0 0 0
88000 -318.538 0 0 0 1.27981 100 15 3.78121 100 19 0 0 0 -2.8515 100 18 0 0 0 0 0 0 0 0 0 0 0
88100 -321.381 0 0 0 1.93706 100 21 4.34275 100 18 0 0 0 -3.34377 100 19 0 0 0 0 0 0 0 0 0 0 0
88200 -318.198 0 0 0 1.038 100 13 2.95767 100 24 0 0 0 -2.65578 100 16 0 0 0 0 0 0 0 0 0 0 0
88300 -319.114 0 0 0 0.626186 100 23 0.429725 100 21 0 0 0 -2.43991 100 15 0 0 0 0 0 0 0 0 0 0 0
88400 -321.167 0 0 0 0.816628 100 17 1.72643 100 22 0 0 0 -2.76707 100 14 0 0 0 0 0 0 0 0 0 0 0
88500 -318.213 0 0 0 0.878675 100 22 1.78078 100 18 0 0 0 -2.44013 100 27 0 0 0 0 0 0 0 0 0 0 0
88600 -319.307 0 0 0 1.29095 100 17 2.81882 100 19 0 0 0 -2.63263 100 11 0 0 0 0 0 0 0 0 0 0 0
88700 -320.174 0 0 0 0.266927 100 18 -1.48626 100 14 0 0 0 -2.15096 100 18 0 0 0 0 0 0 0 0 0 0 0
88800 -319.029 0 0 0 1.3245 100 24 4.47246 100 17 0 0 0 -2.96083 100 15 0 0 0 0 0 0 0 0 0 0 0
88900 -320.04 0 0 0 0.0740153 100 23 0.108694 100 20 0 0 0 -2.08092 100 22 0 0 0 0 0 0 0 0 0 0 0
89000 -319.673 0 0 0 0.100675 100 22 -0.514081 100 28 0 0 0 -2.03109 100 22 0 0 0 0 0 0 0 0 0 0 0
89100 -320.968 0 0 0 -0.124185 100 19 -2.15528 100 29 0 0 0 -1.83636 100 21 0 0 0 0 0 0 0 0 0 0 0
89200 -318.952 0 0 0 1.23795 100 19 3.71833 100 21 0 0 0 -2.67531 100 10 0 0 0 0 0 0 0 0 0 0 0
89300 -319.345 0 0 0 0.779988 100 18 -0.417985 100 21 0 0 0 -2.32272 100 20 0 0 0 0 0 0 0 0 0 0 0
89400 -319.239 0 0 0 1.59809 100 19 4.10842 100 25 0 0 0 -2.99026 100 14 0 0 0 0 0 0 0 0 0 0 0
89500 -318.461 0 0 0 0.789519 100 28 2.7709 100 23 0 0 0 -2.47994 100 28 0 0 0 0 0 0 0 0 0 0 0
89600 -319.381 0 0 0 1.14724 100 18 1.17489 100 24 0 0 0 -2.53598 100 22 0 0 0 0 0 0 0 0 0 0 0
89700 -319.516 0 0 0 0.219729 100 20 0.0705382 100 29 0 0 0 -1.97962 100 16 0 0 0 0 0 0 0 0 0 0 0
89800 -318.626 0 0 0 0.949921 100 21 2.14889 100 27 0 0 0 -2.43369 100 18 0 0 0 0 0 0 0 0 0 0 0
89900 -319.214 0 0 0 1.24725 100 18 4.12923 100 31 0 0 0 -2.69598 100 19 0 0 0 0 0 0 0 0 0 0 0
90000 -320.375 0 0 0 1.13137 100 20 1.22678 100 23 0 0 0 -2.4208 100 19 0 0 0 0 0 0 0 0 0 0 0
90100 -318.293 0 0 0 1.11315 100 28 3.27665 100 20 0 0 0 -2.72147 100 20 0 0 0 0 0 0 0 0 0 0 0
90200 -318.523 0 0 0 0.547747 100 23 0.16152 100 23 0 0 0 -2.26518 100 19 0 0 0 0 0 0 0 0 0 0 0
90300 -319.214 0 0 0 0.853396 100 22 0.204083 100 18 0 0 0 -2.49637 100 17 0 0 0 0 0 0 0 0 0 0 0
90400 -321.168 0 0 0 0.286862 100 16 1.24153 100 26 0 0 0 -2.41081 100 21 0 0 0 0 0 0 0 0 0 0 0
90500 -319.058 0 0 0 0.887019 100 21 3.41414 100 26 0 0 0 -2.49404 100 15 0 0 0 0 0 0 0 0 0 0 0
90600 -320.297 0 0 0 1.46391 100 20 1.77468 100 18 0 0 0 -2.8504 100 12 0 0 0 0 0 0 0 0 0 0 0
90700 -320.07 0 0 0 0.169769 100 24 0.0745959 100 23 0 0 0 -1.91794 100 21 0 0 0 0 0 0 0 0 0 0 0
90800 -318.629 0 0 0 1.07069 100 22 3.86532 100 19 0 0 0 -2.72742 100 17 0 0 0 0 0 0 0 0 0 0 0
90900 -319.587 0 0 0 0.776685 100 27 3.46174 100 28 0 0 0 -2.66574 100 22 0 0 0 0 0 0 0 0 0 0 0
91000 -319.523 0 0 0 1.05006 100 25 4.49738 100 17 0 0 0 -2.6778 100 22 0 0 0 0 0 0 0 0 0 0 0
91100 -321.89 0 0 0 1.66374 100 24 3.28048 100 18 0 0 0 -2.78721 100 26 0 0 0 0 0 0 0 0 0 0 0
91200 -322.889 0 0 0 0.0666459 100 24 0.45601 100 21 0 0 0 -1.76554 100 22 0 0 0 0 0 0 0 0 0 0 0
91300 -318.644 0 0 0 0.484637 100 28 -0.1017 100 20 0 0 0 -2.18106 100 18 0 0 0 0 0 0 0 0 0 0 0
91400 -319.019 0 0 0 0.78688 100 32 3.39979 100 21 0 0 0 -2.5738 100 23 0 0 0 0 0 0 0 0 0 0 0
91500 -320.435 0 0 0 0.975749 100 20 4.96317 100 17 0 0 0 -2.72218 100 17 0 0 0 0 0 0 0 0 0 0 0
91600 -319.871 0 0 0 0.386555 100 27 1.84911 100 20 0 0 0 -2.13883 100 19 0 0 0 0 0 0 0 0 0 0 0
91700 -318.357 0 0 0 1.03669 100 21 1.72584 100 29 0 0 0 -2.57056 100 19 0 0 0 0 0 0 0 0 0 0 0
91800 -320.499 0 0 0 0.99959 100 25 -0.517492 100 19 0 0 0 -2.43889 100 19 0 0 0 0 0 0 0 0 0 0 0
91900 -319.359 0 0 0 0.618429 100 23 2.0233 100 24 0 0 0 -2.22494 100 21 0 0 0 0 0 0 0 0 0 0 0
92000 -318.639 0 0 0 0.432313 100 23 0.0763487 100 24 0 0 0 -2.15411 100 18 0 0 0 0 0 0 0 0 0 0 0
92100 -319.526 0 0 0 0.332165 100 19 -0.535554 100 28 0 0 0 -2.2259 100 17 0 0 0 0 0 0 0 0 0 0 0
92200 -320.246 0 0 0 0.116239 100 27 0.925918 100 22 0 0 0 -2.13867 100 16 0 0 0 0 0 0 0 0 0 0 0
92300 -319.317 0 0 0 1.12728 100 17 4.6022 100 23 0 0 0 -2.74261 100 21 0 0 0 0 0 0 0 0 0 0 0
92400 -320.288 0 0 0 1.50763 100 35 5.60374 100 23 0 0 0 -2.92019 100 18 0 0 0 0 0 0 0 0 0 0 0
92500 -318.722 0 0 0 0.578683 100 22 -0.163158 100 24 0 0 0 -2.27344 100 14 0 0 0 0 0 0 0 0 0 0 0
92600 -318.186 0 0 0 0.681728 100 21 1.44569 100 24 0 0 0 -2.39768 100 20 0 0 0 0 0 0 0 0 0 0 0
92700 -319.619 0 0 0 0.59107 100 18 3.06138 100 25 0 0 0 -2.48658 100 9 0 0 0 0 0 0 0 0 0 0 0
92800 -319.003 0 0 0 1.00464 100 23 2.14596 100 23 0 0 0 -2.43096 100 24 0 0 0 0 0 0 0 0 0 0 0
92900 -319.812 0 0 0 0.579936 100 10 2.76285 100 19 0 0 0 -2.5406 100 10 0 0 0 0 0 0 0 0 0 0 0
93000 -318.854 0 0 0 0.586577 100 18 0.444086 100 22 0 0 0 -2.39142 100 26 0 0 0 0 0 0 0 0 0 0 0
93100 -319.244 0 0 0 1.07708 100 25 2.92584 100 25 0 0 0 -2.49529 100 24 0 0 0 0 0 0 0 0 0 0 0
93200 -318.483 0 0 0 1.23794 100 21 2.6662 100 19 0 0 0 -2.73883 100 15 0 0 0 0 0 0 0 0 0 0 0
93300 -322.5 0 0 0 2.25305 100 20 8.11688 100 27 0 0 0 -3.60735 100 20 0 0 0 0 0 0 0 0 0 0 0
93400 -318.643 0 0 0 0.761076 100 20 2.51138 100 19 0 0 0 -2.56987 100 27 0 0 0 0 0 0 0 0 0 0 0
93500 -319.397 0 0 0 0.69169 100 27 3.27373 100 18 0 0 0 -2.43799 100 20 0 0 0 0 0 0 0 0 0 0 0
93600 -323.095 0 0 0 1.22989 100 25 -0.181308 100 27 0 0 0 -2.83601 100 18 0 0 0 0 0 0 0 0 0 0 0
93700 -319.97 0 0 0 1.04777 100 25 1.09876 100 33 0 0 0 -2.38037 100 25 0 0 0 0 0 0 0 0 0 0 0
93800 -318.741 0 0 0 1.02184 100 24 1.07409 100 15 0 0 0 -2.52619 100 18 0 0 0 0 0 0 0 0 0 0 0
93900 -323.11 0 0 0 -0.461083 100 22 -2.85402 100 26 0 0 0 -1.64541 100 16 0 0 0 0 0 0 0 0 0 0 0
94000 -319.061 0 0 0 0.793195 100 15 0.0044564 100 30 0 0 0 -2.42301 100 22 0 0 0 0 0 0 0 0 0 0 0
94100 -318.267 0 0 0 0.695116 100 18 1.79275 100 25 0 0 0 -2.35862 100 18 0 0 0 0 0 0 0 0 0 0 0
94200 -320.947 0 0 0 0.0147723 100 25 -2.43325 100 24 0 0 0 -1.7683 100 23 0 0 0 0 0 0 0 0 0 0 0
94300 -318.461 0 0 0 0.902055 100 24 0.978948 100 30 0 0 0 -2.47767 100 15 0 0 0 0 0 0 0 0 0 0 0
94400 -318.217 0 0 0 0.97813 100 24 1.78146 100 28 0 0 0 -2.55933 100 23 0 0 0 0 0 0 0 0 0 0 0
94500 -322.096 0 0 0 1.4431 100 26 6.38759 100 16 0 0 0 -2.90046 100 12 0 0 0 0 0 0 0 0 0 0 0
94600 -319.612 0 0 0 1.71114 100 23 4.39725 100 23 0 0 0 -3.10946 100 15 0 0 0 0 0 0 0 0 0 0 0
94700 -321.487 0 0 0 1.52404 100 23 4.0456 100 19 0 0 0 -3.23993 100 19 0 0 0 0 0 0 0 0 0 0 0
94800 -318.307 0 0 0 0.781881 100 24 0.88837 100 21 0 0 0 -2.38224 100 16 0 0 0 0 0 0 0 0 0 0 0
94900 -320.99 0 0 0 0.379202 100 23 -2.58644 100 28 0 0 0 -2.08582 100 20 0 0 0 0 0 0 0 0 0 0 0
95000 -319.398 0 0 0 0.623361 100 28 0.925127 100 24 0 0 0 -2.14492 100 19 0 0 0 0 0 0 0 0 0 0 0
95100 -319.469 0 0 0 0.17483 100 27 -0.808863 100 25 0 0 0 -1.96102 100 20 0 0 0 0 0 0 0 0 0 0 0
95200 -319.306 0 0 0 0.636338 100 24 -0.745521 100 21 0 0 0 -2.2154 100 16 0 0 0 0 0 0 0 0 0 0 0
95300 -320.433 0 0 0 -0.0627117 100 20 -1.45797 100 26 0 0 0 -1.88432 100 18 0 0 0 0 0 0 0 0 0 0 0
95400 -320.157 0 0 0 0.171891 100 19 1.3492 100 19 0 0 0 -2.14683 100 21 0 0 0 0 0 0 0 0 0 0 0
95500 -318.314 0 0 0 0.866163 100 22 2.54131 100 22 0 0 0 -2.5938 100 16 0 0 0 0 0 0 0 0 0 0 0
95600 -318.502 0 0 0 0.494354 100 22 0.331872 100 23 0 0 0 -2.19719 100 14 0 0 0 0 0 0 0 0 0 0 0
95700 -319.595 0 0 0 0.545245 100 20 -1.17595 100 22 0 0 0 -2.13427 100 13 0 0 0 0 0 0 0 0 0 0 0
95800 -321.426 0 0 0 0.441893 100 17 -2.80707 100 18 0 0 0 -2.04552 100 14 0 0 0 0 0 0 0 0 0 0 0
95900 -319.908 0 0 0 1.38206 100 22 1.76659 100 25 0 0 0 -2.71638 100 15 0 0 0 0 0 0 0 0 0 0 0
96000 -319.272 0 0 0 0.813389 100 20 0.359556 100 20 0 0 0 -2.52165 100 21 0 0 0 0 0 0 0 0 0 0 0
96100 -319.623 0 0 0 0.808649 100 27 3.88689 100 30 0 0 0 -2.64899 100 18 0 0 0 0 0 0 0 0 0 0 0
96200 -319.831 0 0 0 1.218 100 17 2.49749 100 22 0 0 0 -2.9143 100 21 0 0 0 0 0 0 0 0 0 0 0
96300 -318.348 0 0 0 0.963352 100 22 1.95998 100 23 0 0 0 -2.4744 100 20 0 0 0 0 0 0 0 0 0 0 0
96400 -320.85 0 0 0 1.05828 100 20 5.37131 100 21 0 0 0 -2.87929 100 18 0 0 0 0 0 0 0 0 0 0 0
96500 -319.621 0 0 0 0.957024 100 18 3.45289 100 17 0 0 0 -2.81259 100 15 0 0 0 0 0 0 0 0 0 0 0
96600 -322.873 0 0 0 0.754004 100 25 4.83708 100 22 0 0 0 -2.83826 100 22 0 0 0 0 0 0 0 0 0 0 0
96700 -322.939 0 0 0 0.172706 100 24 0.494777 100 23 0 0 0 -2.4051 100 20 0 0 0 0 0 0 0 0 0 0 0
96800 -319.023 0 0 0 1.09912 100 21 4.297 100 23 0 0 0 -2.71588 100 18 0 0 0 0 0 0 0 0 0 0 0
96900 -318.298 0 0 0 0.84559 100 19 2.62166 100 24 0 0 0 -2.56792 100 19 0 0 0 0 0 0 0 0 0 0 0
97000 -320.284 0 0 0 0.763467 100 23 -1.04152 100 22 0 0 0 -2.39214 100 14 0 0 0 0 0 0 0 0 0 0 0
97100 -319.912 0 0 0 1.17946 100 23 0.813975 100 26 0 0 0 -2.69674 100 18 0 0 0 0 0 0 0 0 0 0 0
97200 -320.058 0 0 0 0.876563 100 21 3.70649 100 19 0 0 0 -2.78862 100 24 0 0 0 0 0 0 0 0 0 0 0
97300 -321.826 0 0 0 1.72241 100 17 2.2292 100 24 0 0 0 -2.92778 100 13 0 0 0 0 0 0 0 0 0 0 0
97400 -319.274 0 0 0 0.997637 100 26 4.02121 100 22 0 0 0 -2.5957 100 23 0 0 0 0 0 0 0 0 0 0 0
97500 -318.497 0 0 0 1.21886 100 24 2.88918 100 25 0 0 0 -2.67766 100 14 0 0 0 0 0 0 0 0 0 0 0
97600 -319.777 0 0 0 0.708391 100 21 1.77815 100 20 0 0 0 -2.62663 100 12 0 0 0 0 0 0 0 0 0 0 0
97700 -319.744 0 0 0 0.662223 100 23 2.63998 100 17 0 0 0 -2.61098 100 14 0 0 0 0 0 0 0 0 0 0 0
97800 -318.109 0 0 0 0.970573 100 23 2.27941 100 24 0 0 0 -2.56274 100 21 0 0 0 0 0 0 0 0 0 0 0
97900 -320.648 0 0 0 0.63815 100 16 3.47472 100 23 0 0 0 -2.64131 100 10 0 0 0 0 0 0 0 0 0 0 0
98000 -319.27 0 0 0 0.922204 100 25 0.122145 100 18 0 0 0 -2.4354 100 27 0 0 0 0 0 0 0 0 0 0 0
98100 -318.761 0 0 0 0.38575 100 22 0.821802 100 14 0 0 0 -2.16262 100 14 0 0 0 0 0 0 0 0 0 0 0
98200 -319.933 0 0 0 1.66069 100 22 5.75538 100 21 0 0 0 -3.20794 100 20 0 0 0 0 0 0 0 0 0 0 0
98300 -320.882 0 0 0 -0.146549 100 23 -1.6615 100 23 0 0 0 -1.79609 100 21 0 0 0 0 0 0 0 0 0 0 0
98400 -318.971 0 0 0 0.812976 100 29 0.823833 100 24 0 0 0 -2.54414 100 23 0 0 0 0 0 0 0 0 0 0 0
98500 -319.464 0 0 0 0.502317 100 23 2.58665 100 21 0 0 0 -2.33623 100 13 0 0 0 0 0 0 0 0 0 0 0
98600 -320.206 0 0 0 0.327298 100 23 1.75904 100 22 0 0 0 -2.09821 100 20 0 0 0 0 0 0 0 0 0 0 0
98700 -320.092 0 0 0 1.77851 100 16 4.07138 100 18 0 0 0 -3.13368 100 16 0 0 0 0 0 0 0 0 0 0 0
98800 -318.842 0 0 0 0.778886 100 21 0.420172 100 23 0 0 0 -2.28952 100 23 0 0 0 0 0 0 0 0 0 0 0
98900 -322.24 0 0 0 0.73441 100 18 -1.46126 100 22 0 0 0 -2.06468 100 22 0 0 0 0 0 0 0 0 0 0 0
99000 -319.972 0 0 0 0.463657 100 24 0.110051 100 22 0 0 0 -2.00489 100 24 0 0 0 0 0 0 0 0 0 0 0
99100 -318.416 0 0 0 0.637997 100 13 0.463071 100 24 0 0 0 -2.33447 100 15 0 0 0 0 0 0 0 0 0 0 0
99200 -319.622 0 0 0 0.217547 100 19 1.07962 100 25 0 0 0 -2.12753 100 19 0 0 0 0 0 0 0 0 0 0 0
99300 -319.047 0 0 0 0.816833 100 21 3.37042 100 12 0 0 0 -2.48748 100 21 0 0 0 0 0 0 0 0 0 0 0
99400 -318.475 0 0 0 1.01834 100 29 2.08531 100 24 0 0 0 -2.49661 100 19 0 0 0 0 0 0 0 0 0 0 0
99500 -319.015 0 0 0 1.47058 100 18 3.63268 100 29 0 0 0 -2.85622 100 24 0 0 0 0 0 0 0 0 0 0 0
99600 -318.938 0 0 0 0.819622 100 22 3.46252 100 18 0 0 0 -2.57109 100 18 0 0 0 0 0 0 0 0 0 0 0
99700 -318.72 0 0 0 1.07129 100 21 1.36237 100 21 0 0 0 -2.61215 100 20 0 0 0 0 0 0 0 0 0 0 0
99800 -323.593 0 0 0 1.21986 100 18 -1.13131 100 13 0 0 0 -2.69546 100 20 0 0 0 0 0 0 0 0 0 0 0
99900 -319.338 0 0 0 1.40401 100 19 4.41305 100 19 0 0 0 -3.04371 100 22 0 0 0 0 0 0 0 0 0 0 0
100000 -320.424 0 0 0 1.26882 100 22 5.40009 100 19 0 0 0 -3.04624 100 17 0 0 0 0 0 0 0 0 0 0 0
