iteration logLik intercept1 intercept1_p intercept1_a pcov2 pcov2_p pcov2_a pcov3 pcov3_p pcov3_a pcov4 pcov4_p pcov4_a intercept2 intercept2_p intercept2_a intercept3 intercept3_p intercept3_a intercept4 intercept4_p intercept4_a pcov pcov_p pcov_a data_p data_a
0 -439.932 0 0 0 6.19069 0 0 -4.45025 0 0 0 0 0 -9.13496 0 0 0 0 0 0 0 0 0 0 0 0 0
100 -242.679 0 0 0 1.57809 100 36 5.30224 100 23 0 0 0 -3.02733 100 30 0 0 0 0 0 0 0 0 0 0 0
200 -243.475 0 0 0 1.67588 100 15 3.46289 100 19 0 0 0 -2.98556 100 14 0 0 0 0 0 0 0 0 0 0 0
300 -243.686 0 0 0 2.31365 100 23 7.25959 100 19 0 0 0 -3.66246 100 21 0 0 0 0 0 0 0 0 0 0 0
400 -247.79 0 0 0 3.01742 100 22 8.1135 100 20 0 0 0 -4.26581 100 17 0 0 0 0 0 0 0 0 0 0 0
500 -244.178 0 0 0 1.12241 100 32 1.94487 100 27 0 0 0 -2.77395 100 23 0 0 0 0 0 0 0 0 0 0 0
600 -246.002 0 0 0 2.69436 100 27 9.71749 100 18 0 0 0 -4.15228 100 27 0 0 0 0 0 0 0 0 0 0 0
700 -243.533 0 0 0 1.83572 100 34 4.0588 100 24 0 0 0 -3.14733 100 28 0 0 0 0 0 0 0 0 0 0 0
800 -244.773 0 0 0 1.1712 100 28 2.17226 100 14 0 0 0 -2.44776 100 24 0 0 0 0 0 0 0 0 0 0 0
900 -242.685 0 0 0 1.66396 100 31 5.34108 100 21 0 0 0 -3.16304 100 23 0 0 0 0 0 0 0 0 0 0 0
1000 -242.951 0 0 0 1.20576 100 37 3.65581 100 20 0 0 0 -2.85288 100 16 0 0 0 0 0 0 0 0 0 0 0
1100 -247.176 0 0 0 0.0590458 100 25 0.0152447 100 31 0 0 0 -2.05081 100 20 0 0 0 0 0 0 0 0 0 0 0
1200 -247.224 0 0 0 0.804858 100 24 4.39202 100 25 0 0 0 -3.04317 100 19 0 0 0 0 0 0 0 0 0 0 0
1300 -245.425 0 0 0 0.712604 100 30 3.4876 100 25 0 0 0 -2.3716 100 22 0 0 0 0 0 0 0 0 0 0 0
1400 -245.012 0 0 0 1.63393 100 28 3.68774 100 22 0 0 0 -3.2597 100 22 0 0 0 0 0 0 0 0 0 0 0
1500 -245.494 0 0 0 1.36308 100 39 5.02828 100 32 0 0 0 -3.29999 100 23 0 0 0 0 0 0 0 0 0 0 0
1600 -242.612 0 0 0 1.47014 100 26 4.67506 100 22 0 0 0 -2.96157 100 23 0 0 0 0 0 0 0 0 0 0 0
1700 -242.71 0 0 0 1.5163 100 21 4.38034 100 28 0 0 0 -3.02513 100 17 0 0 0 0 0 0 0 0 0 0 0
1800 -242.68 0 0 0 1.72021 100 26 5.65789 100 28 0 0 0 -3.19051 100 19 0 0 0 0 0 0 0 0 0 0 0
1900 -242.977 0 0 0 1.80399 100 26 4.89785 100 18 0 0 0 -3.06626 100 26 0 0 0 0 0 0 0 0 0 0 0
2000 -245.029 0 0 0 0.956105 100 29 5.31612 100 22 0 0 0 -2.95694 100 19 0 0 0 0 0 0 0 0 0 0 0
2100 -243.745 0 0 0 2.26362 100 38 7.94039 100 22 0 0 0 -3.6728 100 21 0 0 0 0 0 0 0 0 0 0 0
2200 -244.729 0 0 0 2.43789 100 19 8.842 100 19 0 0 0 -3.89487 100 16 0 0 0 0 0 0 0 0 0 0 0
2300 -246.284 0 0 0 2.12829 100 37 8.77258 100 18 0 0 0 -3.37776 100 24 0 0 0 0 0 0 0 0 0 0 0
2400 -243.67 0 0 0 1.63836 100 30 5.70845 100 27 0 0 0 -3.33033 100 26 0 0 0 0 0 0 0 0 0 0 0
2500 -243.848 0 0 0 1.4088 100 31 2.67716 100 13 0 0 0 -2.93077 100 21 0 0 0 0 0 0 0 0 0 0 0
2600 -243.42 0 0 0 0.887352 100 27 3.05227 100 25 0 0 0 -2.60396 100 15 0 0 0 0 0 0 0 0 0 0 0
2700 -243.572 0 0 0 1.42253 100 27 3.09357 100 18 0 0 0 -2.71135 100 20 0 0 0 0 0 0 0 0 0 0 0
2800 -244.23 0 0 0 1.38958 100 29 5.32485 100 16 0 0 0 -3.23058 100 23 0 0 0 0 0 0 0 0 0 0 0
2900 -243.508 0 0 0 1.31977 100 25 4.12143 100 19 0 0 0 -3.04913 100 25 0 0 0 0 0 0 0 0 0 0 0
3000 -243.349 0 0 0 1.00872 100 28 2.37263 100 16 0 0 0 -2.60138 100 29 0 0 0 0 0 0 0 0 0 0 0
3100 -243.619 0 0 0 0.957899 100 26 1.92883 100 24 0 0 0 -2.54514 100 19 0 0 0 0 0 0 0 0 0 0 0
3200 -243.635 0 0 0 2.03994 100 30 7.74998 100 29 0 0 0 -3.5291 100 22 0 0 0 0 0 0 0 0 0 0 0
3300 -243.615 0 0 0 2.27717 100 31 6.15591 100 19 0 0 0 -3.48508 100 22 0 0 0 0 0 0 0 0 0 0 0
3400 -245.892 0 0 0 1.70702 100 32 7.80991 100 19 0 0 0 -3.59583 100 22 0 0 0 0 0 0 0 0 0 0 0
3500 -242.823 0 0 0 1.62795 100 30 5.2324 100 25 0 0 0 -3.17926 100 22 0 0 0 0 0 0 0 0 0 0 0
3600 -245.27 0 0 0 1.00239 100 27 5.54282 100 18 0 0 0 -2.73495 100 24 0 0 0 0 0 0 0 0 0 0 0
3700 -243.976 0 0 0 1.83378 100 31 4.37228 100 22 0 0 0 -3.29777 100 29 0 0 0 0 0 0 0 0 0 0 0
3800 -243.192 0 0 0 1.93326 100 35 4.85621 100 17 0 0 0 -3.21078 100 20 0 0 0 0 0 0 0 0 0 0 0
3900 -244.495 0 0 0 2.27194 100 27 5.06838 100 19 0 0 0 -3.41932 100 24 0 0 0 0 0 0 0 0 0 0 0
4000 -243.849 0 0 0 2.13637 100 27 7.46255 100 20 0 0 0 -3.64599 100 30 0 0 0 0 0 0 0 0 0 0 0
4100 -247.523 0 0 0 2.83415 100 28 7.02839 100 26 0 0 0 -3.56648 100 18 0 0 0 0 0 0 0 0 0 0 0
4200 -242.942 0 0 0 1.85554 100 25 6.16368 100 16 0 0 0 -3.34432 100 22 0 0 0 0 0 0 0 0 0 0 0
4300 -243.791 0 0 0 1.60025 100 30 3.78803 100 20 0 0 0 -3.1483 100 27 0 0 0 0 0 0 0 0 0 0 0
4400 -242.855 0 0 0 1.35372 100 29 3.66555 100 15 0 0 0 -2.78754 100 20 0 0 0 0 0 0 0 0 0 0 0
4500 -242.835 0 0 0 1.54538 100 28 4.20507 100 26 0 0 0 -3.04254 100 21 0 0 0 0 0 0 0 0 0 0 0
4600 -243.336 0 0 0 1.48335 100 29 4.30948 100 25 0 0 0 -3.12064 100 25 0 0 0 0 0 0 0 0 0 0 0
4700 -244.604 0 0 0 0.636283 100 27 0.93513 100 23 0 0 0 -2.34042 100 20 0 0 0 0 0 0 0 0 0 0 0
4800 -243.107 0 0 0 1.14794 100 27 4.48572 100 19 0 0 0 -2.80166 100 16 0 0 0 0 0 0 0 0 0 0 0
4900 -242.692 0 0 0 1.43265 100 25 4.33969 100 20 0 0 0 -2.88104 100 14 0 0 0 0 0 0 0 0 0 0 0
5000 -243.484 0 0 0 1.40268 100 31 3.79801 100 25 0 0 0 -2.71085 100 23 0 0 0 0 0 0 0 0 0 0 0
5100 -244.958 0 0 0 1.19199 100 25 0.941147 100 22 0 0 0 -2.64711 100 23 0 0 0 0 0 0 0 0 0 0 0
5200 -243.733 0 0 0 0.961082 100 30 1.83145 100 20 0 0 0 -2.5016 100 28 0 0 0 0 0 0 0 0 0 0 0
5300 -242.816 0 0 0 1.81522 100 23 5.00839 100 20 0 0 0 -3.14031 100 18 0 0 0 0 0 0 0 0 0 0 0
5400 -244.873 0 0 0 1.95654 100 26 4.41689 100 25 0 0 0 -3.41513 100 21 0 0 0 0 0 0 0 0 0 0 0
5500 -243.226 0 0 0 2.19785 100 28 6.96744 100 17 0 0 0 -3.51041 100 19 0 0 0 0 0 0 0 0 0 0 0
5600 -242.862 0 0 0 1.65198 100 33 6.06905 100 18 0 0 0 -3.17925 100 21 0 0 0 0 0 0 0 0 0 0 0
5700 -243.23 0 0 0 1.26638 100 26 5.15378 100 26 0 0 0 -2.87051 100 19 0 0 0 0 0 0 0 0 0 0 0
5800 -244.863 0 0 0 1.78106 100 30 2.68825 100 20 0 0 0 -2.98611 100 14 0 0 0 0 0 0 0 0 0 0 0
5900 -243.54 0 0 0 1.45732 100 28 3.47479 100 27 0 0 0 -3.03578 100 25 0 0 0 0 0 0 0 0 0 0 0
6000 -243.504 0 0 0 1.30077 100 25 3.80729 100 14 0 0 0 -3.01153 100 22 0 0 0 0 0 0 0 0 0 0 0
6100 -243.513 0 0 0 0.903679 100 34 3.62826 100 18 0 0 0 -2.68216 100 19 0 0 0 0 0 0 0 0 0 0 0
6200 -244.713 0 0 0 1.38706 100 32 1.56249 100 23 0 0 0 -2.76265 100 21 0 0 0 0 0 0 0 0 0 0 0
6300 -243.266 0 0 0 2.0002 100 25 5.88498 100 32 0 0 0 -3.42479 100 17 0 0 0 0 0 0 0 0 0 0 0
6400 -243.637 0 0 0 1.65534 100 33 3.39602 100 21 0 0 0 -2.89052 100 21 0 0 0 0 0 0 0 0 0 0 0
6500 -243.719 0 0 0 1.35252 100 32 5.82553 100 25 0 0 0 -3.14023 100 27 0 0 0 0 0 0 0 0 0 0 0
6600 -242.827 0 0 0 1.47655 100 28 5.2662 100 22 0 0 0 -2.96196 100 20 0 0 0 0 0 0 0 0 0 0 0
6700 -242.911 0 0 0 1.91739 100 27 5.60259 100 16 0 0 0 -3.18807 100 22 0 0 0 0 0 0 0 0 0 0 0
6800 -245.748 0 0 0 1.64826 100 22 1.68724 100 19 0 0 0 -2.91616 100 18 0 0 0 0 0 0 0 0 0 0 0
6900 -244.225 0 0 0 2.03374 100 29 7.01036 100 23 0 0 0 -3.20776 100 21 0 0 0 0 0 0 0 0 0 0 0
7000 -243.053 0 0 0 1.51845 100 30 5.50347 100 27 0 0 0 -2.95722 100 15 0 0 0 0 0 0 0 0 0 0 0
7100 -245.737 0 0 0 2.75871 100 23 8.25797 100 17 0 0 0 -4.07306 100 21 0 0 0 0 0 0 0 0 0 0 0
7200 -245.011 0 0 0 1.91114 100 23 3.56003 100 23 0 0 0 -3.2777 100 19 0 0 0 0 0 0 0 0 0 0 0
7300 -242.782 0 0 0 1.57616 100 25 4.11383 100 25 0 0 0 -2.98656 100 24 0 0 0 0 0 0 0 0 0 0 0
7400 -246.212 0 0 0 2.80652 100 22 9.62734 100 24 0 0 0 -3.78921 100 26 0 0 0 0 0 0 0 0 0 0 0
7500 -242.651 0 0 0 1.60306 100 20 4.73228 100 27 0 0 0 -2.99898 100 23 0 0 0 0 0 0 0 0 0 0 0
7600 -243.795 0 0 0 2.31441 100 25 6.08025 100 13 0 0 0 -3.46662 100 20 0 0 0 0 0 0 0 0 0 0 0
7700 -242.719 0 0 0 1.31616 100 30 4.15832 100 26 0 0 0 -2.89557 100 20 0 0 0 0 0 0 0 0 0 0 0
7800 -243.473 0 0 0 1.803 100 32 3.97019 100 30 0 0 0 -3.04426 100 21 0 0 0 0 0 0 0 0 0 0 0
7900 -246.145 0 0 0 0.335504 100 26 2.50669 100 22 0 0 0 -2.48697 100 19 0 0 0 0 0 0 0 0 0 0 0
8000 -244.857 0 0 0 1.99064 100 28 7.52486 100 26 0 0 0 -3.68582 100 27 0 0 0 0 0 0 0 0 0 0 0
8100 -248.182 0 0 0 2.0345 100 33 2.05163 100 26 0 0 0 -3.25989 100 21 0 0 0 0 0 0 0 0 0 0 0
8200 -243.434 0 0 0 2.06058 100 30 5.89798 100 21 0 0 0 -3.21474 100 26 0 0 0 0 0 0 0 0 0 0 0
8300 -243.087 0 0 0 1.81043 100 25 5.87761 100 19 0 0 0 -3.34287 100 25 0 0 0 0 0 0 0 0 0 0 0
8400 -247.036 0 0 0 2.43276 100 36 6.37471 100 24 0 0 0 -3.23637 100 25 0 0 0 0 0 0 0 0 0 0 0
8500 -243.106 0 0 0 1.69992 100 35 4.22937 100 23 0 0 0 -2.96706 100 25 0 0 0 0 0 0 0 0 0 0 0
8600 -243.086 0 0 0 1.34966 100 26 3.04633 100 24 0 0 0 -2.82597 100 24 0 0 0 0 0 0 0 0 0 0 0
8700 -242.803 0 0 0 1.88554 100 30 5.49963 100 29 0 0 0 -3.24217 100 27 0 0 0 0 0 0 0 0 0 0 0
8800 -243.349 0 0 0 1.60475 100 15 6.50802 100 21 0 0 0 -3.13795 100 23 0 0 0 0 0 0 0 0 0 0 0
8900 -244.026 0 0 0 2.20264 100 37 8.35207 100 16 0 0 0 -3.66 100 25 0 0 0 0 0 0 0 0 0 0 0
9000 -242.828 0 0 0 1.80879 100 31 5.85168 100 22 0 0 0 -3.2864 100 24 0 0 0 0 0 0 0 0 0 0 0
9100 -243.867 0 0 0 1.65512 100 31 7.00943 100 20 0 0 0 -3.17052 100 24 0 0 0 0 0 0 0 0 0 0 0
9200 -243.056 0 0 0 1.24091 100 37 2.99744 100 23 0 0 0 -2.70699 100 15 0 0 0 0 0 0 0 0 0 0 0
9300 -243.348 0 0 0 2.16009 100 27 7.11875 100 18 0 0 0 -3.55881 100 20 0 0 0 0 0 0 0 0 0 0 0
9400 -242.719 0 0 0 1.8257 100 25 5.76534 100 25 0 0 0 -3.24201 100 22 0 0 0 0 0 0 0 0 0 0 0
9500 -244.448 0 0 0 0.788535 100 23 3.33683 100 21 0 0 0 -2.44049 100 18 0 0 0 0 0 0 0 0 0 0 0
9600 -242.798 0 0 0 1.7162 100 30 4.75549 100 21 0 0 0 -3.03811 100 28 0 0 0 0 0 0 0 0 0 0 0
9700 -244.075 0 0 0 1.72624 100 31 5.76386 100 17 0 0 0 -3.41519 100 18 0 0 0 0 0 0 0 0 0 0 0
9800 -244.177 0 0 0 1.26557 100 35 2.53393 100 16 0 0 0 -2.91688 100 26 0 0 0 0 0 0 0 0 0 0 0
9900 -243.142 0 0 0 2.00694 100 37 5.83314 100 16 0 0 0 -3.39464 100 16 0 0 0 0 0 0 0 0 0 0 0
10000 -243.353 0 0 0 0.925393 100 25 2.79432 100 17 0 0 0 -2.62743 100 14 0 0 0 0 0 0 0 0 0 0 0
10100 -243.085 0 0 0 2.00196 100 31 6.62161 100 19 0 0 0 -3.44142 100 26 0 0 0 0 0 0 0 0 0 0 0
10200 -244.469 0 0 0 0.949902 100 30 1.23113 100 30 0 0 0 -2.39642 100 22 0 0 0 0 0 0 0 0 0 0 0
10300 -244.381 0 0 0 1.35787 100 28 6.12394 100 13 0 0 0 -2.89982 100 27 0 0 0 0 0 0 0 0 0 0 0
10400 -243.349 0 0 0 1.79057 100 35 5.61173 100 20 0 0 0 -3.35508 100 14 0 0 0 0 0 0 0 0 0 0 0
10500 -243.664 0 0 0 1.09262 100 24 4.51903 100 22 0 0 0 -2.93328 100 21 0 0 0 0 0 0 0 0 0 0 0
10600 -243.583 0 0 0 2.04497 100 32 6.61692 100 30 0 0 0 -3.23284 100 27 0 0 0 0 0 0 0 0 0 0 0
10700 -246.236 0 0 0 2.35466 100 26 4.96705 100 24 0 0 0 -3.65145 100 21 0 0 0 0 0 0 0 0 0 0 0
10800 -245.384 0 0 0 1.00257 100 26 4.19386 100 24 0 0 0 -3.03768 100 31 0 0 0 0 0 0 0 0 0 0 0
10900 -243.771 0 0 0 2.02064 100 34 5.75477 100 22 0 0 0 -3.48562 100 23 0 0 0 0 0 0 0 0 0 0 0
11000 -244.838 0 0 0 1.5025 100 28 2.32484 100 21 0 0 0 -2.6676 100 23 0 0 0 0 0 0 0 0 0 0 0
11100 -246.202 0 0 0 0.606894 100 24 3.49188 100 24 0 0 0 -2.78849 100 24 0 0 0 0 0 0 0 0 0 0 0
11200 -243.463 0 0 0 0.930787 100 28 3.0726 100 20 0 0 0 -2.70304 100 25 0 0 0 0 0 0 0 0 0 0 0
11300 -243.776 0 0 0 0.855264 100 34 2.43828 100 17 0 0 0 -2.64452 100 15 0 0 0 0 0 0 0 0 0 0 0
11400 -244.21 0 0 0 0.908306 100 35 4.444 100 21 0 0 0 -2.64373 100 15 0 0 0 0 0 0 0 0 0 0 0
11500 -244.557 0 0 0 1.5833 100 22 6.93217 100 15 0 0 0 -3.05761 100 25 0 0 0 0 0 0 0 0 0 0 0
11600 -243.07 0 0 0 1.47139 100 32 5.82003 100 19 0 0 0 -3.04079 100 26 0 0 0 0 0 0 0 0 0 0 0
11700 -244.643 0 0 0 2.31404 100 35 6.13854 100 24 0 0 0 -3.29838 100 19 0 0 0 0 0 0 0 0 0 0 0
11800 -246.21 0 0 0 1.06936 100 26 0.227673 100 26 0 0 0 -2.66577 100 29 0 0 0 0 0 0 0 0 0 0 0
11900 -242.759 0 0 0 1.27703 100 37 4.31402 100 23 0 0 0 -2.85189 100 18 0 0 0 0 0 0 0 0 0 0 0
12000 -243.326 0 0 0 1.06914 100 23 2.94863 100 27 0 0 0 -2.76926 100 21 0 0 0 0 0 0 0 0 0 0 0
12100 -243.33 0 0 0 1.98711 100 26 4.96524 100 22 0 0 0 -3.19723 100 20 0 0 0 0 0 0 0 0 0 0 0
12200 -245.385 0 0 0 2.7646 100 23 8.80705 100 21 0 0 0 -3.7386 100 22 0 0 0 0 0 0 0 0 0 0 0
12300 -244.805 0 0 0 1.19768 100 31 1.16201 100 19 0 0 0 -2.53432 100 19 0 0 0 0 0 0 0 0 0 0 0
12400 -245.383 0 0 0 2.63044 100 22 6.18574 100 17 0 0 0 -3.63391 100 19 0 0 0 0 0 0 0 0 0 0 0
12500 -245.674 0 0 0 0.736008 100 31 4.91266 100 24 0 0 0 -2.65883 100 16 0 0 0 0 0 0 0 0 0 0 0
12600 -245.68 0 0 0 2.23125 100 23 3.98505 100 26 0 0 0 -3.28032 100 16 0 0 0 0 0 0 0 0 0 0 0
12700 -245.318 0 0 0 0.747712 100 39 0.0618499 100 26 0 0 0 -2.34089 100 21 0 0 0 0 0 0 0 0 0 0 0
12800 -243.376 0 0 0 1.22604 100 24 3.96252 100 20 0 0 0 -2.66581 100 24 0 0 0 0 0 0 0 0 0 0 0
12900 -244.017 0 0 0 1.48673 100 25 5.77579 100 26 0 0 0 -3.28265 100 20 0 0 0 0 0 0 0 0 0 0 0
13000 -243.11 0 0 0 2.13133 100 42 6.39936 100 20 0 0 0 -3.3848 100 23 0 0 0 0 0 0 0 0 0 0 0
13100 -243.102 0 0 0 1.43868 100 24 4.64718 100 18 0 0 0 -2.8231 100 22 0 0 0 0 0 0 0 0 0 0 0
13200 -243.782 0 0 0 1.63887 100 27 7.04034 100 23 0 0 0 -3.22372 100 18 0 0 0 0 0 0 0 0 0 0 0
13300 -243.036 0 0 0 1.70155 100 27 5.09298 100 23 0 0 0 -2.98448 100 20 0 0 0 0 0 0 0 0 0 0 0
13400 -243.605 0 0 0 2.04253 100 22 4.92749 100 17 0 0 0 -3.20527 100 20 0 0 0 0 0 0 0 0 0 0 0
13500 -243.933 0 0 0 1.51512 100 27 4.11328 100 22 0 0 0 -3.17754 100 20 0 0 0 0 0 0 0 0 0 0 0
13600 -245.37 0 0 0 0.870512 100 31 0.0985143 100 26 0 0 0 -2.39777 100 30 0 0 0 0 0 0 0 0 0 0 0
13700 -242.912 0 0 0 1.14465 100 22 3.52227 100 21 0 0 0 -2.72755 100 13 0 0 0 0 0 0 0 0 0 0 0
13800 -242.713 0 0 0 1.38171 100 37 3.9479 100 21 0 0 0 -2.90632 100 20 0 0 0 0 0 0 0 0 0 0 0
13900 -243.189 0 0 0 0.988881 100 32 3.31573 100 22 0 0 0 -2.65134 100 24 0 0 0 0 0 0 0 0 0 0 0
14000 -243.305 0 0 0 2.1512 100 32 5.93177 100 21 0 0 0 -3.35304 100 31 0 0 0 0 0 0 0 0 0 0 0
14100 -243.265 0 0 0 1.3883 100 25 5.53219 100 22 0 0 0 -3.10615 100 20 0 0 0 0 0 0 0 0 0 0 0
14200 -243.45 0 0 0 1.27998 100 22 3.70467 100 19 0 0 0 -2.98483 100 23 0 0 0 0 0 0 0 0 0 0 0
14300 -242.698 0 0 0 1.38394 100 35 4.69262 100 19 0 0 0 -2.96321 100 18 0 0 0 0 0 0 0 0 0 0 0
14400 -244.323 0 0 0 2.32411 100 22 6.10014 100 27 0 0 0 -3.62586 100 21 0 0 0 0 0 0 0 0 0 0 0
14500 -243.317 0 0 0 1.06577 100 33 2.49455 100 23 0 0 0 -2.5903 100 17 0 0 0 0 0 0 0 0 0 0 0
14600 -244.227 0 0 0 1.95947 100 21 7.28077 100 22 0 0 0 -3.60371 100 31 0 0 0 0 0 0 0 0 0 0 0
14700 -243.351 0 0 0 1.94968 100 21 4.99941 100 26 0 0 0 -3.13102 100 19 0 0 0 0 0 0 0 0 0 0 0
14800 -242.841 0 0 0 1.66679 100 19 4.29882 100 21 0 0 0 -3.03724 100 24 0 0 0 0 0 0 0 0 0 0 0
14900 -243.966 0 0 0 2.42956 100 27 6.6661 100 19 0 0 0 -3.53375 100 14 0 0 0 0 0 0 0 0 0 0 0
15000 -250.396 0 0 0 3.30914 100 34 7.35573 100 21 0 0 0 -4.34788 100 24 0 0 0 0 0 0 0 0 0 0 0
15100 -243.356 0 0 0 1.38903 100 29 4.90178 100 27 0 0 0 -2.80442 100 26 0 0 0 0 0 0 0 0 0 0 0
15200 -244.952 0 0 0 1.00075 100 28 2.55135 100 17 0 0 0 -2.88095 100 21 0 0 0 0 0 0 0 0 0 0 0
15300 -248.791 0 0 0 2.83079 100 38 5.24708 100 21 0 0 0 -3.86001 100 23 0 0 0 0 0 0 0 0 0 0 0
15400 -242.997 0 0 0 1.35626 100 33 5.31331 100 20 0 0 0 -2.99965 100 17 0 0 0 0 0 0 0 0 0 0 0
15500 -243.655 0 0 0 1.23754 100 21 2.10603 100 26 0 0 0 -2.6914 100 20 0 0 0 0 0 0 0 0 0 0 0
15600 -243.17 0 0 0 1.03052 100 28 3.4332 100 17 0 0 0 -2.74564 100 18 0 0 0 0 0 0 0 0 0 0 0
15700 -243.622 0 0 0 1.27305 100 28 4.64745 100 19 0 0 0 -2.71994 100 23 0 0 0 0 0 0 0 0 0 0 0
15800 -243.367 0 0 0 1.01545 100 34 2.66389 100 19 0 0 0 -2.703 100 20 0 0 0 0 0 0 0 0 0 0 0
15900 -243.517 0 0 0 1.1748 100 23 3.40983 100 22 0 0 0 -2.59603 100 23 0 0 0 0 0 0 0 0 0 0 0
16000 -243.333 0 0 0 1.60779 100 24 5.6649 100 20 0 0 0 -2.96164 100 21 0 0 0 0 0 0 0 0 0 0 0
16100 -245.507 0 0 0 1.21142 100 39 5.45102 100 19 0 0 0 -3.22807 100 17 0 0 0 0 0 0 0 0 0 0 0
16200 -243.802 0 0 0 0.778899 100 23 2.82689 100 26 0 0 0 -2.60196 100 18 0 0 0 0 0 0 0 0 0 0 0
16300 -243.458 0 0 0 0.996549 100 32 4.20642 100 26 0 0 0 -2.71918 100 24 0 0 0 0 0 0 0 0 0 0 0
16400 -244.821 0 0 0 0.993109 100 23 1.43167 100 30 0 0 0 -2.72128 100 19 0 0 0 0 0 0 0 0 0 0 0
16500 -243.404 0 0 0 2.08601 100 28 5.6594 100 22 0 0 0 -3.24465 100 20 0 0 0 0 0 0 0 0 0 0 0
16600 -244.871 0 0 0 1.8828 100 24 7.31546 100 22 0 0 0 -3.62486 100 11 0 0 0 0 0 0 0 0 0 0 0
16700 -243.238 0 0 0 1.87181 100 35 7.06498 100 25 0 0 0 -3.32578 100 24 0 0 0 0 0 0 0 0 0 0 0
16800 -243.209 0 0 0 1.78482 100 29 6.06592 100 19 0 0 0 -3.36004 100 29 0 0 0 0 0 0 0 0 0 0 0
16900 -245.045 0 0 0 1.51866 100 26 2.17626 100 19 0 0 0 -2.67242 100 20 0 0 0 0 0 0 0 0 0 0 0
17000 -245.761 0 0 0 0.811871 100 26 0.656489 100 26 0 0 0 -2.62251 100 28 0 0 0 0 0 0 0 0 0 0 0
17100 -242.905 0 0 0 1.47189 100 31 5.61286 100 21 0 0 0 -3.04804 100 24 0 0 0 0 0 0 0 0 0 0 0
17200 -245.462 0 0 0 1.18407 100 28 0.699853 100 24 0 0 0 -2.49205 100 25 0 0 0 0 0 0 0 0 0 0 0
17300 -243.301 0 0 0 1.06114 100 30 3.69531 100 20 0 0 0 -2.82418 100 12 0 0 0 0 0 0 0 0 0 0 0
17400 -242.719 0 0 0 1.67086 100 27 4.74787 100 15 0 0 0 -3.11022 100 23 0 0 0 0 0 0 0 0 0 0 0
17500 -243.037 0 0 0 1.60879 100 33 4.40328 100 23 0 0 0 -3.12994 100 24 0 0 0 0 0 0 0 0 0 0 0
17600 -243.805 0 0 0 2.13376 100 28 7.98339 100 25 0 0 0 -3.61402 100 19 0 0 0 0 0 0 0 0 0 0 0
17700 -245.034 0 0 0 2.57679 100 31 8.53509 100 21 0 0 0 -3.98048 100 23 0 0 0 0 0 0 0 0 0 0 0
17800 -244.167 0 0 0 0.899838 100 28 3.84421 100 20 0 0 0 -2.53353 100 15 0 0 0 0 0 0 0 0 0 0 0
17900 -242.673 0 0 0 1.58628 100 31 4.44973 100 20 0 0 0 -2.99169 100 24 0 0 0 0 0 0 0 0 0 0 0
18000 -244.675 0 0 0 0.679478 100 25 0.798085 100 22 0 0 0 -2.40359 100 19 0 0 0 0 0 0 0 0 0 0 0
18100 -243.806 0 0 0 2.02074 100 29 5.53969 100 18 0 0 0 -3.12598 100 17 0 0 0 0 0 0 0 0 0 0 0
18200 -244.96 0 0 0 1.6892 100 26 2.86061 100 18 0 0 0 -2.78765 100 21 0 0 0 0 0 0 0 0 0 0 0
18300 -244.259 0 0 0 2.1497 100 22 7.37192 100 18 0 0 0 -3.69866 100 19 0 0 0 0 0 0 0 0 0 0 0
18400 -245.45 0 0 0 2.42751 100 31 8.91342 100 16 0 0 0 -3.97592 100 21 0 0 0 0 0 0 0 0 0 0 0
18500 -244.832 0 0 0 1.00381 100 22 0.721017 100 30 0 0 0 -2.54981 100 22 0 0 0 0 0 0 0 0 0 0 0
18600 -244.309 0 0 0 1.61587 100 27 3.01405 100 28 0 0 0 -3.08289 100 21 0 0 0 0 0 0 0 0 0 0 0
18700 -244.889 0 0 0 1.09683 100 28 0.801079 100 24 0 0 0 -2.50951 100 26 0 0 0 0 0 0 0 0 0 0 0
18800 -243.516 0 0 0 1.46865 100 31 4.17675 100 14 0 0 0 -3.1228 100 18 0 0 0 0 0 0 0 0 0 0 0
18900 -243.81 0 0 0 1.69499 100 35 7.16805 100 19 0 0 0 -3.34547 100 22 0 0 0 0 0 0 0 0 0 0 0
19000 -243.875 0 0 0 0.83681 100 36 2.60838 100 21 0 0 0 -2.66603 100 16 0 0 0 0 0 0 0 0 0 0 0
19100 -242.909 0 0 0 1.19029 100 29 3.81173 100 25 0 0 0 -2.84108 100 24 0 0 0 0 0 0 0 0 0 0 0
19200 -243.673 0 0 0 1.62791 100 25 4.74134 100 20 0 0 0 -3.25641 100 25 0 0 0 0 0 0 0 0 0 0 0
19300 -243.998 0 0 0 1.39368 100 27 4.4131 100 27 0 0 0 -2.69722 100 27 0 0 0 0 0 0 0 0 0 0 0
19400 -244.495 0 0 0 0.743766 100 21 2.29326 100 15 0 0 0 -2.33453 100 15 0 0 0 0 0 0 0 0 0 0 0
19500 -243.405 0 0 0 1.89772 100 29 6.97132 100 26 0 0 0 -3.4572 100 30 0 0 0 0 0 0 0 0 0 0 0
19600 -243.627 0 0 0 1.6417 100 29 3.47427 100 25 0 0 0 -3.07262 100 20 0 0 0 0 0 0 0 0 0 0 0
19700 -243.43 0 0 0 1.59449 100 30 6.62043 100 24 0 0 0 -3.17698 100 26 0 0 0 0 0 0 0 0 0 0 0
19800 -245.49 0 0 0 0.663117 100 16 4.20408 100 25 0 0 0 -2.5162 100 18 0 0 0 0 0 0 0 0 0 0 0
19900 -245.754 0 0 0 0.889131 100 29 -0.143009 100 33 0 0 0 -2.43191 100 21 0 0 0 0 0 0 0 0 0 0 0
20000 -242.948 0 0 0 1.1196 100 37 3.38302 100 22 0 0 0 -2.72631 100 22 0 0 0 0 0 0 0 0 0 0 0
20100 -244.534 0 0 0 0.656787 100 22 0.98305 100 11 0 0 0 -2.36881 100 18 0 0 0 0 0 0 0 0 0 0 0
20200 -244.023 0 0 0 1.88231 100 25 3.86086 100 28 0 0 0 -3.19403 100 23 0 0 0 0 0 0 0 0 0 0 0
20300 -242.883 0 0 0 1.75516 100 18 5.7431 100 27 0 0 0 -3.09309 100 20 0 0 0 0 0 0 0 0 0 0 0
20400 -243.09 0 0 0 1.76083 100 29 6.22947 100 17 0 0 0 -3.12557 100 22 0 0 0 0 0 0 0 0 0 0 0
20500 -243.503 0 0 0 1.52469 100 14 4.24144 100 20 0 0 0 -3.14941 100 21 0 0 0 0 0 0 0 0 0 0 0
20600 -242.996 0 0 0 1.82327 100 25 5.00001 100 24 0 0 0 -3.07759 100 20 0 0 0 0 0 0 0 0 0 0 0
20700 -243.527 0 0 0 2.19055 100 20 7.63169 100 26 0 0 0 -3.46866 100 19 0 0 0 0 0 0 0 0 0 0 0
20800 -244.577 0 0 0 2.33936 100 34 9.04003 100 26 0 0 0 -3.70014 100 25 0 0 0 0 0 0 0 0 0 0 0
20900 -244.812 0 0 0 2.65541 100 31 8.27261 100 27 0 0 0 -3.95256 100 25 0 0 0 0 0 0 0 0 0 0 0
21000 -243.635 0 0 0 2.07072 100 21 5.67194 100 22 0 0 0 -3.19055 100 25 0 0 0 0 0 0 0 0 0 0 0
21100 -243.752 0 0 0 1.18372 100 27 3.10101 100 21 0 0 0 -2.91161 100 30 0 0 0 0 0 0 0 0 0 0 0
21200 -243.489 0 0 0 1.0345 100 25 3.97072 100 19 0 0 0 -2.84592 100 15 0 0 0 0 0 0 0 0 0 0 0
21300 -244.486 0 0 0 1.03933 100 31 3.71094 100 16 0 0 0 -2.49518 100 25 0 0 0 0 0 0 0 0 0 0 0
21400 -245.048 0 0 0 1.26587 100 28 1.47925 100 21 0 0 0 -2.82992 100 21 0 0 0 0 0 0 0 0 0 0 0
21500 -244.463 0 0 0 2.06852 100 33 7.35721 100 26 0 0 0 -3.68356 100 30 0 0 0 0 0 0 0 0 0 0 0
21600 -244.357 0 0 0 1.0349 100 28 4.15349 100 15 0 0 0 -2.96722 100 21 0 0 0 0 0 0 0 0 0 0 0
21700 -243.291 0 0 0 1.12079 100 28 4.62975 100 20 0 0 0 -2.7918 100 22 0 0 0 0 0 0 0 0 0 0 0
21800 -243.709 0 0 0 0.998896 100 31 4.58182 100 20 0 0 0 -2.75151 100 24 0 0 0 0 0 0 0 0 0 0 0
21900 -242.672 0 0 0 1.57535 100 31 4.51714 100 22 0 0 0 -2.97157 100 25 0 0 0 0 0 0 0 0 0 0 0
22000 -242.921 0 0 0 1.50204 100 28 5.61137 100 26 0 0 0 -3.01083 100 22 0 0 0 0 0 0 0 0 0 0 0
22100 -245.058 0 0 0 1.00418 100 28 3.1424 100 15 0 0 0 -2.94551 100 17 0 0 0 0 0 0 0 0 0 0 0
22200 -243.892 0 0 0 0.730089 100 27 2.75434 100 25 0 0 0 -2.50755 100 21 0 0 0 0 0 0 0 0 0 0 0
22300 -244.49 0 0 0 0.777039 100 23 2.33988 100 19 0 0 0 -2.68491 100 16 0 0 0 0 0 0 0 0 0 0 0
22400 -246.331 0 0 0 2.25666 100 26 4.92391 100 34 0 0 0 -3.65065 100 22 0 0 0 0 0 0 0 0 0 0 0
22500 -244.87 0 0 0 1.6946 100 30 6.62228 100 20 0 0 0 -3.5047 100 22 0 0 0 0 0 0 0 0 0 0 0
22600 -247.633 0 0 0 1.038 100 37 0.0225387 100 18 0 0 0 -2.75971 100 34 0 0 0 0 0 0 0 0 0 0 0
22700 -243.644 0 0 0 1.07737 100 23 4.8641 100 30 0 0 0 -2.78838 100 21 0 0 0 0 0 0 0 0 0 0 0
22800 -244.988 0 0 0 2.17942 100 20 5.63028 100 20 0 0 0 -3.14761 100 22 0 0 0 0 0 0 0 0 0 0 0
22900 -245.507 0 0 0 0.666636 100 23 3.23344 100 21 0 0 0 -2.7652 100 22 0 0 0 0 0 0 0 0 0 0 0
23000 -243.655 0 0 0 1.35712 100 26 4.41848 100 18 0 0 0 -3.10731 100 17 0 0 0 0 0 0 0 0 0 0 0
23100 -243.389 0 0 0 1.29489 100 34 2.89355 100 24 0 0 0 -2.66249 100 24 0 0 0 0 0 0 0 0 0 0 0
23200 -242.853 0 0 0 1.49105 100 35 4.05867 100 21 0 0 0 -3.01154 100 27 0 0 0 0 0 0 0 0 0 0 0
23300 -243.709 0 0 0 1.47315 100 26 6.35162 100 21 0 0 0 -3.21023 100 21 0 0 0 0 0 0 0 0 0 0 0
23400 -244.517 0 0 0 2.03269 100 33 6.45803 100 17 0 0 0 -3.12638 100 14 0 0 0 0 0 0 0 0 0 0 0
23500 -243.234 0 0 0 1.20142 100 28 3.16421 100 18 0 0 0 -2.63668 100 27 0 0 0 0 0 0 0 0 0 0 0
23600 -244.847 0 0 0 0.818454 100 28 4.22202 100 25 0 0 0 -2.84175 100 19 0 0 0 0 0 0 0 0 0 0 0
23700 -244.72 0 0 0 0.906269 100 24 2.06124 100 23 0 0 0 -2.75834 100 26 0 0 0 0 0 0 0 0 0 0 0
23800 -244.28 0 0 0 0.664956 100 25 2.99346 100 22 0 0 0 -2.47074 100 16 0 0 0 0 0 0 0 0 0 0 0
23900 -243.299 0 0 0 1.66509 100 32 6.58831 100 24 0 0 0 -3.28071 100 20 0 0 0 0 0 0 0 0 0 0 0
24000 -243.553 0 0 0 1.59044 100 29 3.57699 100 19 0 0 0 -2.82376 100 14 0 0 0 0 0 0 0 0 0 0 0
24100 -242.974 0 0 0 1.36299 100 30 5.27198 100 25 0 0 0 -2.94658 100 26 0 0 0 0 0 0 0 0 0 0 0
24200 -243.224 0 0 0 1.04977 100 26 2.84045 100 29 0 0 0 -2.71399 100 14 0 0 0 0 0 0 0 0 0 0 0
24300 -243.983 0 0 0 1.30727 100 28 3.67527 100 24 0 0 0 -2.61469 100 23 0 0 0 0 0 0 0 0 0 0 0
24400 -245.735 0 0 0 1.11718 100 33 5.88024 100 31 0 0 0 -2.74206 100 17 0 0 0 0 0 0 0 0 0 0 0
24500 -246.74 0 0 0 2.15877 100 30 3.07782 100 22 0 0 0 -3.1686 100 13 0 0 0 0 0 0 0 0 0 0 0
24600 -245.235 0 0 0 2.68304 100 27 9.01706 100 28 0 0 0 -3.72235 100 21 0 0 0 0 0 0 0 0 0 0 0
24700 -244.968 0 0 0 2.17589 100 27 4.27148 100 23 0 0 0 -3.35034 100 24 0 0 0 0 0 0 0 0 0 0 0
24800 -243.634 0 0 0 2.02357 100 21 5.34335 100 22 0 0 0 -3.41509 100 19 0 0 0 0 0 0 0 0 0 0 0
24900 -244.155 0 0 0 2.34223 100 28 7.05041 100 20 0 0 0 -3.40317 100 21 0 0 0 0 0 0 0 0 0 0 0
25000 -244.334 0 0 0 1.87688 100 29 3.83798 100 15 0 0 0 -3.2483 100 20 0 0 0 0 0 0 0 0 0 0 0
25100 -243.764 0 0 0 1.93335 100 29 7.10303 100 26 0 0 0 -3.53271 100 23 0 0 0 0 0 0 0 0 0 0 0
25200 -243.88 0 0 0 1.31669 100 28 2.04591 100 21 0 0 0 -2.73179 100 27 0 0 0 0 0 0 0 0 0 0 0
25300 -242.946 0 0 0 1.21028 100 22 3.77606 100 25 0 0 0 -2.72006 100 21 0 0 0 0 0 0 0 0 0 0 0
25400 -242.709 0 0 0 1.42145 100 29 4.53574 100 19 0 0 0 -2.88516 100 19 0 0 0 0 0 0 0 0 0 0 0
25500 -245.133 0 0 0 2.86964 100 28 8.17866 100 15 0 0 0 -3.89816 100 18 0 0 0 0 0 0 0 0 0 0 0
25600 -243.637 0 0 0 2.29423 100 30 7.40247 100 16 0 0 0 -3.47173 100 23 0 0 0 0 0 0 0 0 0 0 0
25700 -243.227 0 0 0 1.47324 100 28 5.58788 100 20 0 0 0 -3.16905 100 22 0 0 0 0 0 0 0 0 0 0 0
25800 -244.543 0 0 0 0.942383 100 28 1.29948 100 25 0 0 0 -2.64103 100 23 0 0 0 0 0 0 0 0 0 0 0
25900 -243.614 0 0 0 2.0594 100 32 6.90624 100 23 0 0 0 -3.26961 100 24 0 0 0 0 0 0 0 0 0 0 0
26000 -245.904 0 0 0 2.82393 100 26 8.00007 100 18 0 0 0 -4.0681 100 17 0 0 0 0 0 0 0 0 0 0 0
26100 -243.559 0 0 0 2.29551 100 30 7.79737 100 20 0 0 0 -3.6249 100 26 0 0 0 0 0 0 0 0 0 0 0
26200 -243.538 0 0 0 2.35948 100 25 7.40318 100 17 0 0 0 -3.60707 100 19 0 0 0 0 0 0 0 0 0 0 0
26300 -243.329 0 0 0 1.66742 100 21 5.83359 100 25 0 0 0 -3.0029 100 19 0 0 0 0 0 0 0 0 0 0 0
26400 -243.656 0 0 0 0.842187 100 22 3.02657 100 28 0 0 0 -2.6521 100 22 0 0 0 0 0 0 0 0 0 0 0
26500 -243.279 0 0 0 1.05705 100 33 3.97455 100 24 0 0 0 -2.6746 100 26 0 0 0 0 0 0 0 0 0 0 0
26600 -246.571 0 0 0 0.592146 100 32 -0.940595 100 25 0 0 0 -2.22163 100 27 0 0 0 0 0 0 0 0 0 0 0
26700 -242.658 0 0 0 1.43092 100 24 4.66985 100 19 0 0 0 -2.98766 100 14 0 0 0 0 0 0 0 0 0 0 0
26800 -244.156 0 0 0 0.821535 100 21 2.98328 100 12 0 0 0 -2.72577 100 18 0 0 0 0 0 0 0 0 0 0 0
26900 -245.058 0 0 0 1.87183 100 24 5.44179 100 26 0 0 0 -3.52642 100 21 0 0 0 0 0 0 0 0 0 0 0
27000 -243.842 0 0 0 1.98384 100 24 5.07402 100 18 0 0 0 -3.08728 100 23 0 0 0 0 0 0 0 0 0 0 0
27100 -244.244 0 0 0 1.8588 100 42 4.37049 100 21 0 0 0 -2.94548 100 25 0 0 0 0 0 0 0 0 0 0 0
27200 -246.218 0 0 0 2.70669 100 24 6.70094 100 21 0 0 0 -3.92089 100 16 0 0 0 0 0 0 0 0 0 0 0
27300 -242.66 0 0 0 1.5342 100 25 5.26845 100 24 0 0 0 -3.04206 100 16 0 0 0 0 0 0 0 0 0 0 0
27400 -247.425 0 0 0 0.724604 100 24 5.42367 100 24 0 0 0 -2.59268 100 21 0 0 0 0 0 0 0 0 0 0 0
27500 -243.731 0 0 0 2.37247 100 23 6.62257 100 12 0 0 0 -3.52594 100 22 0 0 0 0 0 0 0 0 0 0 0
27600 -242.811 0 0 0 1.77543 100 31 5.34442 100 15 0 0 0 -3.23478 100 22 0 0 0 0 0 0 0 0 0 0 0
27700 -243.357 0 0 0 2.04546 100 23 7.33667 100 24 0 0 0 -3.51019 100 30 0 0 0 0 0 0 0 0 0 0 0
27800 -244.884 0 0 0 2.53488 100 21 8.10182 100 24 0 0 0 -3.92915 100 30 0 0 0 0 0 0 0 0 0 0 0
27900 -244.822 0 0 0 2.70362 100 29 8.7535 100 26 0 0 0 -3.98653 100 24 0 0 0 0 0 0 0 0 0 0 0
28000 -242.625 0 0 0 1.5005 100 30 4.99462 100 16 0 0 0 -3.01567 100 26 0 0 0 0 0 0 0 0 0 0 0
28100 -246.411 0 0 0 1.97859 100 26 4.67867 100 18 0 0 0 -3.57178 100 24 0 0 0 0 0 0 0 0 0 0 0
28200 -243.321 0 0 0 1.72675 100 31 3.94113 100 23 0 0 0 -3.10329 100 17 0 0 0 0 0 0 0 0 0 0 0
28300 -243.88 0 0 0 0.742111 100 26 2.44459 100 23 0 0 0 -2.45679 100 24 0 0 0 0 0 0 0 0 0 0 0
28400 -243.099 0 0 0 1.50293 100 27 5.84336 100 15 0 0 0 -3.15335 100 26 0 0 0 0 0 0 0 0 0 0 0
28500 -242.945 0 0 0 1.3404 100 17 4.75674 100 25 0 0 0 -3.01149 100 17 0 0 0 0 0 0 0 0 0 0 0
28600 -243.068 0 0 0 1.72286 100 25 6.35963 100 21 0 0 0 -3.15006 100 21 0 0 0 0 0 0 0 0 0 0 0
28700 -244.16 0 0 0 1.03519 100 23 4.40818 100 21 0 0 0 -2.9527 100 32 0 0 0 0 0 0 0 0 0 0 0
28800 -247.919 0 0 0 2.77758 100 29 5.21937 100 18 0 0 0 -3.69778 100 22 0 0 0 0 0 0 0 0 0 0 0
28900 -243.187 0 0 0 1.13424 100 32 3.2331 100 16 0 0 0 -2.8159 100 18 0 0 0 0 0 0 0 0 0 0 0
29000 -243.282 0 0 0 1.5198 100 31 3.67435 100 25 0 0 0 -3.04258 100 16 0 0 0 0 0 0 0 0 0 0 0
29100 -244.432 0 0 0 1.02154 100 27 5.22111 100 23 0 0 0 -2.75781 100 18 0 0 0 0 0 0 0 0 0 0 0
29200 -243.36 0 0 0 2.19806 100 29 7.39051 100 24 0 0 0 -3.56579 100 15 0 0 0 0 0 0 0 0 0 0 0
29300 -245.044 0 0 0 0.636436 100 35 3.07054 100 21 0 0 0 -2.36014 100 18 0 0 0 0 0 0 0 0 0 0 0
29400 -245.382 0 0 0 1.86088 100 22 2.83819 100 22 0 0 0 -3.15915 100 21 0 0 0 0 0 0 0 0 0 0 0
29500 -244.804 0 0 0 2.03892 100 27 8.71343 100 21 0 0 0 -3.57749 100 21 0 0 0 0 0 0 0 0 0 0 0
29600 -243.498 0 0 0 1.62394 100 32 5.8229 100 24 0 0 0 -3.30742 100 21 0 0 0 0 0 0 0 0 0 0 0
29700 -244.709 0 0 0 2.03208 100 16 4.64851 100 22 0 0 0 -3.44155 100 16 0 0 0 0 0 0 0 0 0 0 0
29800 -246.337 0 0 0 1.41148 100 29 1.83962 100 22 0 0 0 -3.0477 100 17 0 0 0 0 0 0 0 0 0 0 0
29900 -243.325 0 0 0 2.22682 100 27 7.24704 100 29 0 0 0 -3.55632 100 18 0 0 0 0 0 0 0 0 0 0 0
30000 -242.966 0 0 0 1.21933 100 22 3.43162 100 16 0 0 0 -2.83792 100 30 0 0 0 0 0 0 0 0 0 0 0
30100 -243.33 0 0 0 2.10048 100 20 7.24337 100 24 0 0 0 -3.39068 100 14 0 0 0 0 0 0 0 0 0 0 0
30200 -244.638 0 0 0 1.89679 100 28 3.59751 100 29 0 0 0 -3.23545 100 13 0 0 0 0 0 0 0 0 0 0 0
30300 -251.152 0 0 0 2.55612 100 30 2.66249 100 24 0 0 0 -3.44227 100 22 0 0 0 0 0 0 0 0 0 0 0
30400 -243.577 0 0 0 0.97495 100 29 3.61066 100 21 0 0 0 -2.57681 100 23 0 0 0 0 0 0 0 0 0 0 0
30500 -244.065 0 0 0 0.671947 100 27 2.21152 100 22 0 0 0 -2.44245 100 14 0 0 0 0 0 0 0 0 0 0 0
30600 -245.12 0 0 0 1.22648 100 27 3.81196 100 22 0 0 0 -2.51402 100 22 0 0 0 0 0 0 0 0 0 0 0
30700 -244.974 0 0 0 2.42841 100 36 6.58781 100 16 0 0 0 -3.775 100 20 0 0 0 0 0 0 0 0 0 0 0
30800 -244.347 0 0 0 1.77699 100 34 4.45177 100 26 0 0 0 -3.33607 100 21 0 0 0 0 0 0 0 0 0 0 0
30900 -243.146 0 0 0 1.1741 100 28 4.00488 100 24 0 0 0 -2.90008 100 25 0 0 0 0 0 0 0 0 0 0 0
31000 -246.035 0 0 0 0.310742 100 34 0.0449703 100 29 0 0 0 -2.14247 100 29 0 0 0 0 0 0 0 0 0 0 0
31100 -243.689 0 0 0 0.928901 100 31 3.78013 100 28 0 0 0 -2.59183 100 14 0 0 0 0 0 0 0 0 0 0 0
31200 -244.718 0 0 0 0.528473 100 23 2.58218 100 22 0 0 0 -2.44459 100 26 0 0 0 0 0 0 0 0 0 0 0
31300 -243.401 0 0 0 2.28331 100 35 7.26092 100 23 0 0 0 -3.51603 100 22 0 0 0 0 0 0 0 0 0 0 0
31400 -244.311 0 0 0 2.51755 100 24 8.30906 100 20 0 0 0 -3.85652 100 22 0 0 0 0 0 0 0 0 0 0 0
31500 -242.982 0 0 0 1.70151 100 21 4.23696 100 18 0 0 0 -3.00907 100 17 0 0 0 0 0 0 0 0 0 0 0
31600 -243.789 0 0 0 2.17167 100 27 5.95554 100 19 0 0 0 -3.53085 100 20 0 0 0 0 0 0 0 0 0 0 0
31700 -246.656 0 0 0 2.6335 100 27 5.27749 100 19 0 0 0 -3.56771 100 28 0 0 0 0 0 0 0 0 0 0 0
31800 -242.673 0 0 0 1.5628 100 30 4.51026 100 21 0 0 0 -2.96135 100 26 0 0 0 0 0 0 0 0 0 0 0
31900 -243.783 0 0 0 1.02356 100 22 3.19688 100 18 0 0 0 -2.83777 100 19 0 0 0 0 0 0 0 0 0 0 0
32000 -242.607 0 0 0 1.58629 100 22 4.78526 100 19 0 0 0 -3.04731 100 21 0 0 0 0 0 0 0 0 0 0 0
32100 -244.429 0 0 0 1.77033 100 36 6.38532 100 17 0 0 0 -3.50002 100 24 0 0 0 0 0 0 0 0 0 0 0
32200 -245.042 0 0 0 1.35546 100 29 5.68512 100 19 0 0 0 -3.29083 100 23 0 0 0 0 0 0 0 0 0 0 0
32300 -243.773 0 0 0 1.43907 100 22 6.45322 100 19 0 0 0 -3.13765 100 18 0 0 0 0 0 0 0 0 0 0 0
32400 -244.624 0 0 0 1.9139 100 25 5.65153 100 19 0 0 0 -2.99208 100 20 0 0 0 0 0 0 0 0 0 0 0
32500 -242.687 0 0 0 1.66065 100 19 5.66588 100 25 0 0 0 -3.15434 100 23 0 0 0 0 0 0 0 0 0 0 0
32600 -243.534 0 0 0 1.52477 100 31 3.24512 100 32 0 0 0 -2.79086 100 18 0 0 0 0 0 0 0 0 0 0 0
32700 -244.878 0 0 0 1.11062 100 28 1.20211 100 19 0 0 0 -2.72 100 23 0 0 0 0 0 0 0 0 0 0 0
32800 -243.647 0 0 0 2.19558 100 32 5.97388 100 26 0 0 0 -3.5065 100 24 0 0 0 0 0 0 0 0 0 0 0
32900 -243.229 0 0 0 1.88364 100 25 7.01405 100 19 0 0 0 -3.3969 100 25 0 0 0 0 0 0 0 0 0 0 0
33000 -243.317 0 0 0 2.12075 100 21 5.66378 100 30 0 0 0 -3.34219 100 17 0 0 0 0 0 0 0 0 0 0 0
33100 -244.323 0 0 0 0.775985 100 17 3.36601 100 12 0 0 0 -2.46314 100 19 0 0 0 0 0 0 0 0 0 0 0
33200 -243.37 0 0 0 1.19306 100 21 2.42022 100 20 0 0 0 -2.72468 100 15 0 0 0 0 0 0 0 0 0 0 0
33300 -245.827 0 0 0 1.58159 100 35 1.97505 100 27 0 0 0 -3.04976 100 23 0 0 0 0 0 0 0 0 0 0 0
33400 -243.268 0 0 0 1.35153 100 33 4.56884 100 31 0 0 0 -2.76831 100 28 0 0 0 0 0 0 0 0 0 0 0
33500 -244.077 0 0 0 0.69384 100 34 2.90712 100 21 0 0 0 -2.54684 100 20 0 0 0 0 0 0 0 0 0 0 0
33600 -243.049 0 0 0 1.94795 100 26 5.19606 100 17 0 0 0 -3.25312 100 21 0 0 0 0 0 0 0 0 0 0 0
33700 -244.534 0 0 0 2.473 100 26 7.60787 100 20 0 0 0 -3.50069 100 17 0 0 0 0 0 0 0 0 0 0 0
33800 -243.643 0 0 0 2.13387 100 31 6.39142 100 21 0 0 0 -3.26564 100 21 0 0 0 0 0 0 0 0 0 0 0
33900 -244.452 0 0 0 1.61177 100 30 4.00256 100 21 0 0 0 -2.75015 100 21 0 0 0 0 0 0 0 0 0 0 0
34000 -243.774 0 0 0 2.38259 100 26 6.75017 100 25 0 0 0 -3.50595 100 22 0 0 0 0 0 0 0 0 0 0 0
34100 -242.661 0 0 0 1.40661 100 23 4.71141 100 22 0 0 0 -2.93957 100 24 0 0 0 0 0 0 0 0 0 0 0
34200 -243.855 0 0 0 1.81995 100 30 5.53982 100 31 0 0 0 -2.98992 100 26 0 0 0 0 0 0 0 0 0 0 0
34300 -250.022 0 0 0 -0.322591 100 28 0.484824 100 24 0 0 0 -2.05716 100 29 0 0 0 0 0 0 0 0 0 0 0
34400 -244.574 0 0 0 0.585793 100 33 2.61016 100 17 0 0 0 -2.53045 100 20 0 0 0 0 0 0 0 0 0 0 0
34500 -242.595 0 0 0 1.56106 100 28 4.87938 100 13 0 0 0 -3.01708 100 16 0 0 0 0 0 0 0 0 0 0 0
34600 -244.42 0 0 0 1.93253 100 31 3.67757 100 24 0 0 0 -3.06454 100 23 0 0 0 0 0 0 0 0 0 0 0
34700 -244.485 0 0 0 1.45798 100 35 6.39622 100 21 0 0 0 -3.31183 100 25 0 0 0 0 0 0 0 0 0 0 0
34800 -243.109 0 0 0 1.10936 100 29 3.41783 100 16 0 0 0 -2.64713 100 21 0 0 0 0 0 0 0 0 0 0 0
34900 -243.073 0 0 0 1.51306 100 30 4.33828 100 20 0 0 0 -3.09845 100 17 0 0 0 0 0 0 0 0 0 0 0
35000 -243.157 0 0 0 1.73125 100 24 6.02993 100 26 0 0 0 -3.07404 100 23 0 0 0 0 0 0 0 0 0 0 0
35100 -243.882 0 0 0 1.15823 100 37 4.66054 100 27 0 0 0 -3.01969 100 26 0 0 0 0 0 0 0 0 0 0 0
35200 -245.44 0 0 0 2.3056 100 31 6.81803 100 21 0 0 0 -3.81635 100 31 0 0 0 0 0 0 0 0 0 0 0
35300 -245.644 0 0 0 2.42538 100 29 9.0602 100 23 0 0 0 -3.56531 100 29 0 0 0 0 0 0 0 0 0 0 0
35400 -244.489 0 0 0 1.66509 100 26 2.70937 100 29 0 0 0 -2.84576 100 20 0 0 0 0 0 0 0 0 0 0 0
35500 -243.279 0 0 0 1.88423 100 31 6.62355 100 21 0 0 0 -3.43213 100 25 0 0 0 0 0 0 0 0 0 0 0
35600 -242.966 0 0 0 1.33879 100 26 3.28105 100 15 0 0 0 -2.77079 100 20 0 0 0 0 0 0 0 0 0 0 0
35700 -243.918 0 0 0 1.89927 100 31 6.69875 100 15 0 0 0 -3.52652 100 19 0 0 0 0 0 0 0 0 0 0 0
35800 -243.235 0 0 0 1.33956 100 28 5.52735 100 19 0 0 0 -3.03788 100 9 0 0 0 0 0 0 0 0 0 0 0
35900 -243.92 0 0 0 1.8141 100 30 4.74274 100 23 0 0 0 -2.94362 100 21 0 0 0 0 0 0 0 0 0 0 0
36000 -242.933 0 0 0 1.68989 100 24 4.25157 100 29 0 0 0 -3.06971 100 17 0 0 0 0 0 0 0 0 0 0 0
36100 -243.683 0 0 0 2.00553 100 27 5.50644 100 22 0 0 0 -3.1271 100 23 0 0 0 0 0 0 0 0 0 0 0
36200 -243.747 0 0 0 1.24912 100 34 5.08276 100 23 0 0 0 -3.07706 100 22 0 0 0 0 0 0 0 0 0 0 0
36300 -247.697 0 0 0 3.04174 100 32 7.47196 100 25 0 0 0 -4.16147 100 19 0 0 0 0 0 0 0 0 0 0 0
36400 -243.047 0 0 0 1.34369 100 22 3.76705 100 27 0 0 0 -2.96078 100 13 0 0 0 0 0 0 0 0 0 0 0
36500 -242.769 0 0 0 1.85805 100 25 5.40813 100 18 0 0 0 -3.20821 100 20 0 0 0 0 0 0 0 0 0 0 0
36600 -244.461 0 0 0 2.4825 100 23 7.66038 100 22 0 0 0 -3.83622 100 19 0 0 0 0 0 0 0 0 0 0 0
36700 -243.504 0 0 0 2.07822 100 24 6.21835 100 17 0 0 0 -3.50992 100 16 0 0 0 0 0 0 0 0 0 0 0
36800 -243.76 0 0 0 1.3989 100 30 6.20947 100 20 0 0 0 -3.15256 100 22 0 0 0 0 0 0 0 0 0 0 0
36900 -243.463 0 0 0 1.68888 100 26 6.67951 100 26 0 0 0 -3.33467 100 20 0 0 0 0 0 0 0 0 0 0 0
37000 -242.868 0 0 0 1.21877 100 24 3.87859 100 24 0 0 0 -2.85656 100 25 0 0 0 0 0 0 0 0 0 0 0
37100 -243.123 0 0 0 1.47635 100 26 4.55565 100 30 0 0 0 -3.11165 100 21 0 0 0 0 0 0 0 0 0 0 0
37200 -244.596 0 0 0 0.626708 100 27 1.67734 100 18 0 0 0 -2.51345 100 26 0 0 0 0 0 0 0 0 0 0 0
37300 -244.006 0 0 0 1.50417 100 29 4.50313 100 26 0 0 0 -2.74891 100 23 0 0 0 0 0 0 0 0 0 0 0
37400 -243.707 0 0 0 1.35576 100 25 2.35914 100 7 0 0 0 -2.81018 100 23 0 0 0 0 0 0 0 0 0 0 0
37500 -243.924 0 0 0 2.47458 100 36 7.17955 100 30 0 0 0 -3.59249 100 22 0 0 0 0 0 0 0 0 0 0 0
37600 -242.847 0 0 0 1.23894 100 25 4.28105 100 23 0 0 0 -2.80736 100 20 0 0 0 0 0 0 0 0 0 0 0
37700 -243.665 0 0 0 0.875757 100 24 2.26613 100 23 0 0 0 -2.47348 100 24 0 0 0 0 0 0 0 0 0 0 0
37800 -245.285 0 0 0 1.51855 100 29 1.5352 100 19 0 0 0 -2.79855 100 16 0 0 0 0 0 0 0 0 0 0 0
37900 -246.899 0 0 0 2.22354 100 30 8.69701 100 26 0 0 0 -3.34957 100 21 0 0 0 0 0 0 0 0 0 0 0
38000 -243.795 0 0 0 0.853139 100 27 3.69742 100 25 0 0 0 -2.70128 100 27 0 0 0 0 0 0 0 0 0 0 0
38100 -243.515 0 0 0 1.66315 100 23 3.58505 100 14 0 0 0 -3.07298 100 19 0 0 0 0 0 0 0 0 0 0 0
38200 -244.941 0 0 0 1.53985 100 30 5.1343 100 22 0 0 0 -3.357 100 21 0 0 0 0 0 0 0 0 0 0 0
38300 -244.057 0 0 0 2.43652 100 24 7.44566 100 20 0 0 0 -3.52126 100 23 0 0 0 0 0 0 0 0 0 0 0
38400 -244.125 0 0 0 1.10258 100 35 4.81997 100 13 0 0 0 -2.68172 100 27 0 0 0 0 0 0 0 0 0 0 0
38500 -244.8 0 0 0 2.46935 100 22 6.44224 100 19 0 0 0 -3.43553 100 23 0 0 0 0 0 0 0 0 0 0 0
38600 -243.57 0 0 0 2.24043 100 34 7.85383 100 22 0 0 0 -3.61041 100 18 0 0 0 0 0 0 0 0 0 0 0
38700 -243.875 0 0 0 1.63293 100 25 3.78965 100 17 0 0 0 -3.16541 100 24 0 0 0 0 0 0 0 0 0 0 0
38800 -244.159 0 0 0 1.63841 100 20 2.83683 100 20 0 0 0 -2.85335 100 18 0 0 0 0 0 0 0 0 0 0 0
38900 -243.656 0 0 0 1.75462 100 21 6.60109 100 13 0 0 0 -3.10661 100 24 0 0 0 0 0 0 0 0 0 0 0
39000 -243.66 0 0 0 2.31226 100 21 7.37793 100 17 0 0 0 -3.66395 100 17 0 0 0 0 0 0 0 0 0 0 0
39100 -243.674 0 0 0 1.15105 100 37 4.20013 100 25 0 0 0 -2.97361 100 25 0 0 0 0 0 0 0 0 0 0 0
39200 -243.025 0 0 0 1.63855 100 23 5.56456 100 20 0 0 0 -3.00018 100 20 0 0 0 0 0 0 0 0 0 0 0
39300 -245.212 0 0 0 2.1692 100 34 7.46045 100 20 0 0 0 -3.25065 100 29 0 0 0 0 0 0 0 0 0 0 0
39400 -243.268 0 0 0 1.67683 100 23 6.47599 100 29 0 0 0 -3.13162 100 16 0 0 0 0 0 0 0 0 0 0 0
39500 -242.994 0 0 0 1.70287 100 21 4.22523 100 22 0 0 0 -3.00803 100 21 0 0 0 0 0 0 0 0 0 0 0
39600 -243.195 0 0 0 1.28667 100 32 2.75102 100 25 0 0 0 -2.75469 100 12 0 0 0 0 0 0 0 0 0 0 0
39700 -242.793 0 0 0 1.65722 100 20 5.35765 100 17 0 0 0 -3.19269 100 21 0 0 0 0 0 0 0 0 0 0 0
39800 -242.831 0 0 0 1.27259 100 30 3.94807 100 25 0 0 0 -2.89194 100 18 0 0 0 0 0 0 0 0 0 0 0
39900 -244.933 0 0 0 2.8468 100 24 8.88801 100 27 0 0 0 -3.98957 100 20 0 0 0 0 0 0 0 0 0 0 0
40000 -242.673 0 0 0 1.38557 100 27 4.50488 100 28 0 0 0 -2.89529 100 24 0 0 0 0 0 0 0 0 0 0 0
40100 -242.86 0 0 0 1.36149 100 26 3.65554 100 19 0 0 0 -2.90706 100 25 0 0 0 0 0 0 0 0 0 0 0
40200 -243.462 0 0 0 1.44543 100 19 3.40912 100 23 0 0 0 -3.01174 100 13 0 0 0 0 0 0 0 0 0 0 0
40300 -243.046 0 0 0 1.1589 100 25 3.29673 100 22 0 0 0 -2.66492 100 24 0 0 0 0 0 0 0 0 0 0 0
40400 -243.254 0 0 0 0.989621 100 27 3.6178 100 24 0 0 0 -2.72461 100 19 0 0 0 0 0 0 0 0 0 0 0
40500 -244.144 0 0 0 1.52288 100 28 5.54746 100 19 0 0 0 -3.30853 100 24 0 0 0 0 0 0 0 0 0 0 0
40600 -245.417 0 0 0 1.88369 100 32 2.70825 100 16 0 0 0 -3.03592 100 14 0 0 0 0 0 0 0 0 0 0 0
40700 -244.854 0 0 0 0.900195 100 29 0.543615 100 27 0 0 0 -2.42683 100 20 0 0 0 0 0 0 0 0 0 0 0
40800 -242.989 0 0 0 1.10834 100 30 3.20739 100 14 0 0 0 -2.69681 100 19 0 0 0 0 0 0 0 0 0 0 0
40900 -243.183 0 0 0 1.51473 100 24 3.91423 100 22 0 0 0 -3.06262 100 18 0 0 0 0 0 0 0 0 0 0 0
41000 -244.289 0 0 0 1.27777 100 38 2.01255 100 22 0 0 0 -2.57081 100 20 0 0 0 0 0 0 0 0 0 0 0
41100 -243.298 0 0 0 1.1167 100 31 4.67278 100 26 0 0 0 -2.83745 100 21 0 0 0 0 0 0 0 0 0 0 0
41200 -244.999 0 0 0 1.64929 100 26 3.22485 100 15 0 0 0 -3.19868 100 18 0 0 0 0 0 0 0 0 0 0 0
41300 -243.218 0 0 0 1.27541 100 25 4.58471 100 18 0 0 0 -3.01146 100 21 0 0 0 0 0 0 0 0 0 0 0
41400 -243.214 0 0 0 1.8501 100 26 6.3885 100 25 0 0 0 -3.40128 100 27 0 0 0 0 0 0 0 0 0 0 0
41500 -244.131 0 0 0 2.3042 100 28 6.70111 100 18 0 0 0 -3.35709 100 17 0 0 0 0 0 0 0 0 0 0 0
41600 -243.997 0 0 0 2.48335 100 25 8.12514 100 27 0 0 0 -3.64723 100 25 0 0 0 0 0 0 0 0 0 0 0
41700 -245.997 0 0 0 0.774092 100 26 2.7589 100 29 0 0 0 -2.2558 100 22 0 0 0 0 0 0 0 0 0 0 0
41800 -243.247 0 0 0 1.65712 100 30 4.33853 100 19 0 0 0 -2.9028 100 26 0 0 0 0 0 0 0 0 0 0 0
41900 -244.247 0 0 0 0.92524 100 26 4.2165 100 28 0 0 0 -2.58148 100 25 0 0 0 0 0 0 0 0 0 0 0
42000 -242.971 0 0 0 1.4279 100 24 3.39348 100 19 0 0 0 -2.88588 100 26 0 0 0 0 0 0 0 0 0 0 0
42100 -243.459 0 0 0 1.29131 100 31 4.79413 100 17 0 0 0 -2.76059 100 20 0 0 0 0 0 0 0 0 0 0 0
42200 -242.836 0 0 0 1.85126 100 33 6.15408 100 24 0 0 0 -3.3105 100 24 0 0 0 0 0 0 0 0 0 0 0
42300 -243.577 0 0 0 1.74717 100 27 6.87538 100 19 0 0 0 -3.38945 100 19 0 0 0 0 0 0 0 0 0 0 0
42400 -242.836 0 0 0 1.52652 100 21 4.83508 100 24 0 0 0 -3.10841 100 23 0 0 0 0 0 0 0 0 0 0 0
42500 -243.055 0 0 0 1.79957 100 31 6.1639 100 20 0 0 0 -3.13423 100 22 0 0 0 0 0 0 0 0 0 0 0
42600 -244.694 0 0 0 1.36938 100 20 2.49156 100 18 0 0 0 -2.57052 100 27 0 0 0 0 0 0 0 0 0 0 0
42700 -245.953 0 0 0 0.910049 100 28 4.97066 100 25 0 0 0 -2.56023 100 21 0 0 0 0 0 0 0 0 0 0 0
42800 -243.252 0 0 0 1.26867 100 27 4.82862 100 34 0 0 0 -3.01634 100 28 0 0 0 0 0 0 0 0 0 0 0
42900 -242.913 0 0 0 1.20451 100 31 3.87885 100 27 0 0 0 -2.73716 100 24 0 0 0 0 0 0 0 0 0 0 0
43000 -244.514 0 0 0 0.86308 100 31 0.940115 100 20 0 0 0 -2.51419 100 18 0 0 0 0 0 0 0 0 0 0 0
43100 -243.687 0 0 0 1.17558 100 25 2.32842 100 21 0 0 0 -2.78457 100 17 0 0 0 0 0 0 0 0 0 0 0
43200 -245.086 0 0 0 1.51999 100 29 2.49874 100 16 0 0 0 -2.64763 100 27 0 0 0 0 0 0 0 0 0 0 0
43300 -244.694 0 0 0 2.365 100 33 8.7745 100 17 0 0 0 -3.85643 100 19 0 0 0 0 0 0 0 0 0 0 0
43400 -243.865 0 0 0 1.36994 100 20 3.99319 100 14 0 0 0 -3.09977 100 30 0 0 0 0 0 0 0 0 0 0 0
43500 -242.904 0 0 0 1.47216 100 23 5.08811 100 20 0 0 0 -3.10414 100 16 0 0 0 0 0 0 0 0 0 0 0
43600 -243.338 0 0 0 1.09117 100 25 4.43416 100 27 0 0 0 -2.73886 100 23 0 0 0 0 0 0 0 0 0 0 0
43700 -243.081 0 0 0 1.90131 100 31 5.81957 100 27 0 0 0 -3.14639 100 20 0 0 0 0 0 0 0 0 0 0 0
43800 -243.305 0 0 0 0.998742 100 34 3.76721 100 13 0 0 0 -2.65773 100 14 0 0 0 0 0 0 0 0 0 0 0
43900 -243.636 0 0 0 1.73309 100 25 3.9456 100 17 0 0 0 -3.17082 100 15 0 0 0 0 0 0 0 0 0 0 0
44000 -243.143 0 0 0 1.54282 100 23 3.70514 100 21 0 0 0 -2.84808 100 22 0 0 0 0 0 0 0 0 0 0 0
44100 -246.712 0 0 0 0.867437 100 35 -0.163323 100 22 0 0 0 -2.59321 100 22 0 0 0 0 0 0 0 0 0 0 0
44200 -242.967 0 0 0 1.48249 100 24 4.96258 100 23 0 0 0 -2.88878 100 18 0 0 0 0 0 0 0 0 0 0 0
44300 -243.401 0 0 0 1.75965 100 29 3.90831 100 21 0 0 0 -3.0084 100 21 0 0 0 0 0 0 0 0 0 0 0
44400 -243.652 0 0 0 0.810951 100 27 2.48605 100 24 0 0 0 -2.56121 100 26 0 0 0 0 0 0 0 0 0 0 0
44500 -242.934 0 0 0 1.31813 100 29 5.0403 100 18 0 0 0 -2.92201 100 25 0 0 0 0 0 0 0 0 0 0 0
44600 -243.638 0 0 0 0.986244 100 29 3.53832 100 20 0 0 0 -2.81463 100 25 0 0 0 0 0 0 0 0 0 0 0
44700 -245.272 0 0 0 1.67357 100 27 5.23473 100 22 0 0 0 -3.44716 100 14 0 0 0 0 0 0 0 0 0 0 0
44800 -243.227 0 0 0 2.10796 100 34 5.76134 100 18 0 0 0 -3.34344 100 19 0 0 0 0 0 0 0 0 0 0 0
44900 -243.025 0 0 0 1.93315 100 28 6.56443 100 29 0 0 0 -3.26023 100 21 0 0 0 0 0 0 0 0 0 0 0
45000 -244.228 0 0 0 1.92351 100 29 8.05364 100 22 0 0 0 -3.42493 100 16 0 0 0 0 0 0 0 0 0 0 0
45100 -247.036 0 0 0 1.37232 100 27 1.72516 100 30 0 0 0 -2.42926 100 15 0 0 0 0 0 0 0 0 0 0 0
45200 -244.227 0 0 0 0.969611 100 29 2.16883 100 25 0 0 0 -2.40661 100 23 0 0 0 0 0 0 0 0 0 0 0
45300 -242.901 0 0 0 1.1486 100 20 3.52583 100 20 0 0 0 -2.75848 100 20 0 0 0 0 0 0 0 0 0 0 0
45400 -244.512 0 0 0 1.97853 100 31 7.02295 100 26 0 0 0 -3.63433 100 21 0 0 0 0 0 0 0 0 0 0 0
45500 -242.707 0 0 0 1.63815 100 22 5.14695 100 19 0 0 0 -3.01919 100 37 0 0 0 0 0 0 0 0 0 0 0
45600 -243.475 0 0 0 2.15266 100 27 7.49769 100 17 0 0 0 -3.58353 100 24 0 0 0 0 0 0 0 0 0 0 0
45700 -244.445 0 0 0 1.94468 100 24 4.44849 100 25 0 0 0 -3.37482 100 20 0 0 0 0 0 0 0 0 0 0 0
45800 -244.222 0 0 0 1.6642 100 29 3.48059 100 23 0 0 0 -2.8074 100 21 0 0 0 0 0 0 0 0 0 0 0
45900 -242.926 0 0 0 1.45054 100 32 5.56906 100 25 0 0 0 -3.05012 100 22 0 0 0 0 0 0 0 0 0 0 0
46000 -247.625 0 0 0 1.21863 100 20 7.50582 100 29 0 0 0 -3.33963 100 29 0 0 0 0 0 0 0 0 0 0 0
46100 -243.364 0 0 0 1.40528 100 29 3.31282 100 23 0 0 0 -2.72295 100 22 0 0 0 0 0 0 0 0 0 0 0
46200 -245.619 0 0 0 2.34333 100 26 6.67977 100 25 0 0 0 -3.82698 100 26 0 0 0 0 0 0 0 0 0 0 0
46300 -243.216 0 0 0 1.95163 100 25 5.39302 100 20 0 0 0 -3.34876 100 22 0 0 0 0 0 0 0 0 0 0 0
46400 -245.025 0 0 0 2.59139 100 28 6.29042 100 14 0 0 0 -3.62462 100 24 0 0 0 0 0 0 0 0 0 0 0
46500 -243.554 0 0 0 1.98222 100 24 5.98716 100 19 0 0 0 -3.14578 100 22 0 0 0 0 0 0 0 0 0 0 0
46600 -243.845 0 0 0 2.48521 100 33 7.82737 100 21 0 0 0 -3.67108 100 21 0 0 0 0 0 0 0 0 0 0 0
46700 -243.399 0 0 0 1.66285 100 35 5.1162 100 22 0 0 0 -2.92064 100 22 0 0 0 0 0 0 0 0 0 0 0
46800 -243.009 0 0 0 1.70001 100 31 4.68953 100 22 0 0 0 -3.18342 100 21 0 0 0 0 0 0 0 0 0 0 0
46900 -243.468 0 0 0 1.9369 100 26 6.13249 100 21 0 0 0 -3.13926 100 27 0 0 0 0 0 0 0 0 0 0 0
47000 -244.824 0 0 0 1.92965 100 27 5.71018 100 20 0 0 0 -2.9918 100 24 0 0 0 0 0 0 0 0 0 0 0
47100 -244.225 0 0 0 1.50229 100 29 3.94704 100 25 0 0 0 -3.182 100 24 0 0 0 0 0 0 0 0 0 0 0
47200 -244.656 0 0 0 1.03418 100 23 1.1731 100 22 0 0 0 -2.66142 100 22 0 0 0 0 0 0 0 0 0 0 0
47300 -242.632 0 0 0 1.47546 100 19 4.52803 100 22 0 0 0 -2.93275 100 25 0 0 0 0 0 0 0 0 0 0 0
47400 -244.44 0 0 0 1.97873 100 30 7.81469 100 11 0 0 0 -3.30415 100 21 0 0 0 0 0 0 0 0 0 0 0
47500 -243.82 0 0 0 1.13019 100 39 5.0461 100 19 0 0 0 -2.98008 100 24 0 0 0 0 0 0 0 0 0 0 0
47600 -242.749 0 0 0 1.33412 100 22 3.82837 100 15 0 0 0 -2.81693 100 15 0 0 0 0 0 0 0 0 0 0 0
47700 -243.995 0 0 0 1.89449 100 19 6.93794 100 27 0 0 0 -3.53882 100 17 0 0 0 0 0 0 0 0 0 0 0
47800 -243.54 0 0 0 1.21155 100 25 3.81009 100 30 0 0 0 -2.63062 100 20 0 0 0 0 0 0 0 0 0 0 0
47900 -243.063 0 0 0 1.2214 100 32 3.00537 100 22 0 0 0 -2.69198 100 26 0 0 0 0 0 0 0 0 0 0 0
48000 -243.614 0 0 0 0.926047 100 25 3.86417 100 18 0 0 0 -2.62911 100 22 0 0 0 0 0 0 0 0 0 0 0
48100 -242.771 0 0 0 1.4464 100 37 4.21124 100 18 0 0 0 -2.99724 100 22 0 0 0 0 0 0 0 0 0 0 0
48200 -243.24 0 0 0 1.61901 100 36 5.72124 100 27 0 0 0 -3.26726 100 20 0 0 0 0 0 0 0 0 0 0 0
48300 -244.103 0 0 0 1.84585 100 20 5.55311 100 23 0 0 0 -3.45001 100 17 0 0 0 0 0 0 0 0 0 0 0
48400 -243.844 0 0 0 1.36845 100 28 2.46111 100 24 0 0 0 -2.87732 100 19 0 0 0 0 0 0 0 0 0 0 0
48500 -242.783 0 0 0 1.84232 100 30 6.20574 100 22 0 0 0 -3.25675 100 17 0 0 0 0 0 0 0 0 0 0 0
48600 -244.464 0 0 0 0.791363 100 27 1.09149 100 20 0 0 0 -2.50923 100 19 0 0 0 0 0 0 0 0 0 0 0
48700 -242.783 0 0 0 1.45324 100 20 4.1778 100 25 0 0 0 -2.99901 100 25 0 0 0 0 0 0 0 0 0 0 0
48800 -245.998 0 0 0 0.556709 100 34 2.21938 100 22 0 0 0 -2.18379 100 17 0 0 0 0 0 0 0 0 0 0 0
48900 -245.261 0 0 0 0.711027 100 29 1.25075 100 27 0 0 0 -2.21386 100 21 0 0 0 0 0 0 0 0 0 0 0
49000 -244.275 0 0 0 0.852576 100 26 2.55853 100 24 0 0 0 -2.38685 100 22 0 0 0 0 0 0 0 0 0 0 0
49100 -242.993 0 0 0 1.12935 100 35 3.23123 100 29 0 0 0 -2.75236 100 23 0 0 0 0 0 0 0 0 0 0 0
49200 -246.878 0 0 0 0.131822 100 28 -0.169274 100 24 0 0 0 -2.11142 100 29 0 0 0 0 0 0 0 0 0 0 0
49300 -242.665 0 0 0 1.45279 100 33 4.44024 100 18 0 0 0 -2.90364 100 21 0 0 0 0 0 0 0 0 0 0 0
49400 -244.172 0 0 0 0.79225 100 31 1.26762 100 27 0 0 0 -2.45546 100 20 0 0 0 0 0 0 0 0 0 0 0
49500 -246.048 0 0 0 2.12256 100 28 9.20627 100 26 0 0 0 -3.83791 100 24 0 0 0 0 0 0 0 0 0 0 0
49600 -244.669 0 0 0 0.744563 100 29 0.750173 100 22 0 0 0 -2.4344 100 22 0 0 0 0 0 0 0 0 0 0 0
49700 -243.18 0 0 0 1.4159 100 26 3.05014 100 26 0 0 0 -2.85498 100 19 0 0 0 0 0 0 0 0 0 0 0
49800 -245.882 0 0 0 0.534274 100 24 3.57523 100 23 0 0 0 -2.38575 100 20 0 0 0 0 0 0 0 0 0 0 0
49900 -242.909 0 0 0 1.39764 100 20 3.96635 100 19 0 0 0 -2.79579 100 23 0 0 0 0 0 0 0 0 0 0 0
50000 -243.072 0 0 0 1.11755 100 28 4.24569 100 26 0 0 0 -2.79857 100 21 0 0 0 0 0 0 0 0 0 0 0
50100 -243.403 0 0 0 1.98093 100 30 5.0471 100 20 0 0 0 -3.32357 100 21 0 0 0 0 0 0 0 0 0 0 0
50200 -243.996 0 0 0 0.746757 100 33 3.29274 100 21 0 0 0 -2.60032 100 29 0 0 0 0 0 0 0 0 0 0 0
50300 -243.913 0 0 0 1.68608 100 35 3.25092 100 23 0 0 0 -3.06411 100 31 0 0 0 0 0 0 0 0 0 0 0
50400 -242.963 0 0 0 1.19161 100 26 4.0038 100 19 0 0 0 -2.73593 100 13 0 0 0 0 0 0 0 0 0 0 0
50500 -243.161 0 0 0 2.05285 100 27 6.44858 100 14 0 0 0 -3.28685 100 18 0 0 0 0 0 0 0 0 0 0 0
50600 -244.534 0 0 0 2.10147 100 30 4.6387 100 25 0 0 0 -3.41517 100 23 0 0 0 0 0 0 0 0 0 0 0
50700 -242.66 0 0 0 1.41529 100 27 4.69874 100 19 0 0 0 -2.97248 100 16 0 0 0 0 0 0 0 0 0 0 0
50800 -244.294 0 0 0 0.671948 100 27 1.42313 100 20 0 0 0 -2.43675 100 17 0 0 0 0 0 0 0 0 0 0 0
50900 -243.238 0 0 0 2.19688 100 22 6.96981 100 23 0 0 0 -3.51874 100 22 0 0 0 0 0 0 0 0 0 0 0
51000 -242.81 0 0 0 1.4078 100 20 3.73404 100 22 0 0 0 -2.83377 100 17 0 0 0 0 0 0 0 0 0 0 0
51100 -243.676 0 0 0 1.65971 100 24 6.07107 100 23 0 0 0 -3.35586 100 27 0 0 0 0 0 0 0 0 0 0 0
51200 -243.382 0 0 0 1.33909 100 25 2.63649 100 26 0 0 0 -2.80026 100 27 0 0 0 0 0 0 0 0 0 0 0
51300 -243.881 0 0 0 1.6883 100 30 3.79073 100 20 0 0 0 -2.85458 100 23 0 0 0 0 0 0 0 0 0 0 0
51400 -243.563 0 0 0 1.07448 100 27 2.06954 100 25 0 0 0 -2.57088 100 19 0 0 0 0 0 0 0 0 0 0 0
51500 -243.462 0 0 0 2.31213 100 32 7.06664 100 22 0 0 0 -3.5805 100 25 0 0 0 0 0 0 0 0 0 0 0
51600 -244.373 0 0 0 1.77924 100 33 6.95641 100 20 0 0 0 -3.51404 100 20 0 0 0 0 0 0 0 0 0 0 0
51700 -242.887 0 0 0 1.16256 100 29 3.79626 100 16 0 0 0 -2.79595 100 19 0 0 0 0 0 0 0 0 0 0 0
51800 -243.151 0 0 0 1.12157 100 27 3.5142 100 29 0 0 0 -2.64484 100 16 0 0 0 0 0 0 0 0 0 0 0
51900 -243.289 0 0 0 1.0008 100 27 2.74918 100 23 0 0 0 -2.68108 100 15 0 0 0 0 0 0 0 0 0 0 0
52000 -244.442 0 0 0 0.609647 100 27 2.87368 100 20 0 0 0 -2.51299 100 24 0 0 0 0 0 0 0 0 0 0 0
52100 -243.883 0 0 0 1.92617 100 28 7.2379 100 15 0 0 0 -3.23828 100 17 0 0 0 0 0 0 0 0 0 0 0
52200 -245.331 0 0 0 2.36965 100 32 9.37399 100 21 0 0 0 -3.65908 100 28 0 0 0 0 0 0 0 0 0 0 0
52300 -243.273 0 0 0 0.965219 100 24 2.89709 100 17 0 0 0 -2.65776 100 25 0 0 0 0 0 0 0 0 0 0 0
52400 -243.776 0 0 0 1.63348 100 30 4.20629 100 24 0 0 0 -3.21082 100 22 0 0 0 0 0 0 0 0 0 0 0
52500 -243.193 0 0 0 1.56448 100 28 5.37074 100 16 0 0 0 -3.21776 100 19 0 0 0 0 0 0 0 0 0 0 0
52600 -243.673 0 0 0 0.90245 100 36 1.93484 100 23 0 0 0 -2.50044 100 19 0 0 0 0 0 0 0 0 0 0 0
52700 -242.862 0 0 0 1.79723 100 32 5.28409 100 24 0 0 0 -3.24461 100 15 0 0 0 0 0 0 0 0 0 0 0
52800 -243.415 0 0 0 1.26545 100 27 5.21092 100 20 0 0 0 -2.84119 100 18 0 0 0 0 0 0 0 0 0 0 0
52900 -243.415 0 0 0 2.08369 100 25 6.89478 100 22 0 0 0 -3.54445 100 23 0 0 0 0 0 0 0 0 0 0 0
53000 -245.163 0 0 0 2.6725 100 26 9.45509 100 21 0 0 0 -4.03735 100 17 0 0 0 0 0 0 0 0 0 0 0
53100 -243.389 0 0 0 1.41215 100 31 3.47017 100 18 0 0 0 -3.0011 100 28 0 0 0 0 0 0 0 0 0 0 0
53200 -242.597 0 0 0 1.5166 100 34 4.79069 100 22 0 0 0 -2.99956 100 20 0 0 0 0 0 0 0 0 0 0 0
53300 -245.037 0 0 0 0.599205 100 29 1.13582 100 26 0 0 0 -2.21839 100 19 0 0 0 0 0 0 0 0 0 0 0
53400 -243.875 0 0 0 1.40026 100 23 6.19392 100 26 0 0 0 -3.18423 100 21 0 0 0 0 0 0 0 0 0 0 0
53500 -244.465 0 0 0 2.46462 100 21 6.26929 100 18 0 0 0 -3.63676 100 24 0 0 0 0 0 0 0 0 0 0 0
53600 -245.089 0 0 0 0.96338 100 22 4.60977 100 25 0 0 0 -2.55966 100 24 0 0 0 0 0 0 0 0 0 0 0
53700 -243.907 0 0 0 1.94057 100 26 4.06343 100 25 0 0 0 -3.16885 100 18 0 0 0 0 0 0 0 0 0 0 0
53800 -244.472 0 0 0 2.22265 100 28 6.45636 100 22 0 0 0 -3.67741 100 24 0 0 0 0 0 0 0 0 0 0 0
53900 -243.322 0 0 0 1.52909 100 30 4.89143 100 21 0 0 0 -3.18863 100 15 0 0 0 0 0 0 0 0 0 0 0
54000 -243.354 0 0 0 1.7574 100 26 5.96471 100 21 0 0 0 -3.36341 100 30 0 0 0 0 0 0 0 0 0 0 0
54100 -243.597 0 0 0 0.934243 100 29 3.34305 100 24 0 0 0 -2.54626 100 27 0 0 0 0 0 0 0 0 0 0 0
54200 -243.645 0 0 0 2.08802 100 30 6.01779 100 22 0 0 0 -3.51066 100 25 0 0 0 0 0 0 0 0 0 0 0
54300 -242.916 0 0 0 1.56938 100 21 5.91682 100 26 0 0 0 -3.14421 100 19 0 0 0 0 0 0 0 0 0 0 0
54400 -242.774 0 0 0 1.65657 100 32 5.3145 100 22 0 0 0 -3.02599 100 18 0 0 0 0 0 0 0 0 0 0 0
54500 -243.339 0 0 0 1.15648 100 30 4.49882 100 21 0 0 0 -2.73045 100 21 0 0 0 0 0 0 0 0 0 0 0
54600 -244.562 0 0 0 0.596344 100 37 2.55393 100 24 0 0 0 -2.37632 100 20 0 0 0 0 0 0 0 0 0 0 0
54700 -245.253 0 0 0 0.661843 100 26 1.51117 100 18 0 0 0 -2.20999 100 22 0 0 0 0 0 0 0 0 0 0 0
54800 -242.599 0 0 0 1.60335 100 25 4.88429 100 28 0 0 0 -3.05029 100 11 0 0 0 0 0 0 0 0 0 0 0
54900 -243.373 0 0 0 2.01229 100 25 5.53298 100 15 0 0 0 -3.39992 100 24 0 0 0 0 0 0 0 0 0 0 0
55000 -242.703 0 0 0 1.49756 100 22 4.16412 100 28 0 0 0 -2.91514 100 17 0 0 0 0 0 0 0 0 0 0 0
55100 -243.404 0 0 0 2.17215 100 27 7.02257 100 24 0 0 0 -3.38292 100 27 0 0 0 0 0 0 0 0 0 0 0
55200 -243.28 0 0 0 1.61955 100 28 5.33171 100 19 0 0 0 -3.25533 100 18 0 0 0 0 0 0 0 0 0 0 0
55300 -243.593 0 0 0 1.34557 100 24 5.86747 100 21 0 0 0 -2.96067 100 20 0 0 0 0 0 0 0 0 0 0 0
55400 -244.015 0 0 0 1.79583 100 26 7.0322 100 20 0 0 0 -3.48348 100 20 0 0 0 0 0 0 0 0 0 0 0
55500 -245.332 0 0 0 1.07399 100 30 0.597537 100 16 0 0 0 -2.62994 100 20 0 0 0 0 0 0 0 0 0 0 0
55600 -243.077 0 0 0 1.87269 100 32 6.76742 100 27 0 0 0 -3.37019 100 23 0 0 0 0 0 0 0 0 0 0 0
55700 -246.769 0 0 0 2.8677 100 21 6.67837 100 27 0 0 0 -3.93562 100 21 0 0 0 0 0 0 0 0 0 0 0
55800 -243.556 0 0 0 2.24328 100 21 6.25918 100 27 0 0 0 -3.3831 100 18 0 0 0 0 0 0 0 0 0 0 0
55900 -244.908 0 0 0 1.7261 100 26 2.57394 100 26 0 0 0 -2.8818 100 24 0 0 0 0 0 0 0 0 0 0 0
56000 -245.596 0 0 0 2.32273 100 31 6.08825 100 22 0 0 0 -3.2279 100 27 0 0 0 0 0 0 0 0 0 0 0
56100 -243.933 0 0 0 2.13257 100 30 7.80562 100 19 0 0 0 -3.4047 100 25 0 0 0 0 0 0 0 0 0 0 0
56200 -244.941 0 0 0 2.21543 100 24 5.31011 100 16 0 0 0 -3.57904 100 22 0 0 0 0 0 0 0 0 0 0 0
56300 -243.072 0 0 0 1.68224 100 27 4.33886 100 29 0 0 0 -3.13847 100 24 0 0 0 0 0 0 0 0 0 0 0
56400 -243.239 0 0 0 2.13724 100 32 5.96378 100 24 0 0 0 -3.40001 100 24 0 0 0 0 0 0 0 0 0 0 0
56500 -245.124 0 0 0 1.24921 100 24 2.28087 100 22 0 0 0 -2.96767 100 21 0 0 0 0 0 0 0 0 0 0 0
56600 -243.746 0 0 0 1.9572 100 28 7.03333 100 18 0 0 0 -3.54257 100 27 0 0 0 0 0 0 0 0 0 0 0
56700 -242.881 0 0 0 1.48691 100 27 5.14307 100 31 0 0 0 -3.11003 100 24 0 0 0 0 0 0 0 0 0 0 0
56800 -242.881 0 0 0 1.59121 100 25 4.00981 100 24 0 0 0 -2.94652 100 22 0 0 0 0 0 0 0 0 0 0 0
56900 -242.958 0 0 0 1.44874 100 32 5.60979 100 26 0 0 0 -3.03028 100 18 0 0 0 0 0 0 0 0 0 0 0
57000 -248.905 0 0 0 0.374556 100 25 4.64212 100 19 0 0 0 -2.42217 100 15 0 0 0 0 0 0 0 0 0 0 0
57100 -243.403 0 0 0 1.1103 100 18 3.09927 100 18 0 0 0 -2.57733 100 25 0 0 0 0 0 0 0 0 0 0 0
57200 -244.322 0 0 0 1.35532 100 31 4.308 100 22 0 0 0 -3.16073 100 21 0 0 0 0 0 0 0 0 0 0 0
57300 -243.512 0 0 0 1.41714 100 25 2.66025 100 23 0 0 0 -2.83154 100 26 0 0 0 0 0 0 0 0 0 0 0
57400 -242.888 0 0 0 1.32588 100 27 4.09135 100 22 0 0 0 -2.77883 100 21 0 0 0 0 0 0 0 0 0 0 0
57500 -244.103 0 0 0 1.23273 100 24 2.43588 100 25 0 0 0 -2.54205 100 23 0 0 0 0 0 0 0 0 0 0 0
57600 -243.573 0 0 0 1.19951 100 21 4.45196 100 19 0 0 0 -2.69 100 30 0 0 0 0 0 0 0 0 0 0 0
57700 -243.33 0 0 0 2.08826 100 26 6.65553 100 15 0 0 0 -3.29907 100 19 0 0 0 0 0 0 0 0 0 0 0
57800 -243.706 0 0 0 1.17605 100 21 2.09655 100 20 0 0 0 -2.58928 100 19 0 0 0 0 0 0 0 0 0 0 0
57900 -244.476 0 0 0 1.21697 100 29 1.42687 100 24 0 0 0 -2.71341 100 21 0 0 0 0 0 0 0 0 0 0 0
58000 -243.497 0 0 0 1.65464 100 21 6.45152 100 26 0 0 0 -3.32808 100 21 0 0 0 0 0 0 0 0 0 0 0
58100 -243.464 0 0 0 2.11091 100 37 7.29879 100 21 0 0 0 -3.37624 100 28 0 0 0 0 0 0 0 0 0 0 0
58200 -244.287 0 0 0 1.13488 100 20 5.06241 100 21 0 0 0 -3.0526 100 11 0 0 0 0 0 0 0 0 0 0 0
58300 -244.252 0 0 0 0.818989 100 29 1.25005 100 15 0 0 0 -2.51085 100 18 0 0 0 0 0 0 0 0 0 0 0
58400 -244.842 0 0 0 0.684541 100 26 0.558895 100 33 0 0 0 -2.37612 100 18 0 0 0 0 0 0 0 0 0 0 0
58500 -242.789 0 0 0 1.68194 100 27 5.89612 100 15 0 0 0 -3.2071 100 20 0 0 0 0 0 0 0 0 0 0 0
58600 -244.956 0 0 0 2.85803 100 22 8.64934 100 26 0 0 0 -3.917 100 23 0 0 0 0 0 0 0 0 0 0 0
58700 -242.902 0 0 0 1.85971 100 34 6.47237 100 21 0 0 0 -3.32243 100 24 0 0 0 0 0 0 0 0 0 0 0
58800 -244.237 0 0 0 1.16265 100 22 5.20197 100 25 0 0 0 -3.06836 100 23 0 0 0 0 0 0 0 0 0 0 0
58900 -243.617 0 0 0 2.27323 100 30 6.47459 100 14 0 0 0 -3.56471 100 18 0 0 0 0 0 0 0 0 0 0 0
59000 -242.698 0 0 0 1.63178 100 25 5.63952 100 22 0 0 0 -3.10176 100 15 0 0 0 0 0 0 0 0 0 0 0
59100 -242.64 0 0 0 1.53217 100 24 4.587 100 30 0 0 0 -2.95675 100 20 0 0 0 0 0 0 0 0 0 0 0
59200 -249.479 0 0 0 -0.13958 100 33 -1.63666 100 19 0 0 0 -2.00331 100 22 0 0 0 0 0 0 0 0 0 0 0
59300 -245.478 0 0 0 2.03148 100 33 7.63874 100 23 0 0 0 -3.20199 100 24 0 0 0 0 0 0 0 0 0 0 0
59400 -243.418 0 0 0 0.929204 100 27 3.55498 100 18 0 0 0 -2.69651 100 24 0 0 0 0 0 0 0 0 0 0 0
59500 -244.96 0 0 0 1.34654 100 28 5.7864 100 24 0 0 0 -3.28027 100 21 0 0 0 0 0 0 0 0 0 0 0
59600 -245.634 0 0 0 2.02273 100 33 3.72386 100 24 0 0 0 -3.37548 100 14 0 0 0 0 0 0 0 0 0 0 0
59700 -243.521 0 0 0 1.06634 100 34 4.70435 100 19 0 0 0 -2.79122 100 20 0 0 0 0 0 0 0 0 0 0 0
59800 -244.507 0 0 0 1.15036 100 30 5.11711 100 28 0 0 0 -2.69372 100 18 0 0 0 0 0 0 0 0 0 0 0
59900 -245.587 0 0 0 1.45029 100 33 1.15552 100 31 0 0 0 -2.77192 100 21 0 0 0 0 0 0 0 0 0 0 0
60000 -243.639 0 0 0 0.855351 100 29 2.42744 100 21 0 0 0 -2.60871 100 27 0 0 0 0 0 0 0 0 0 0 0
60100 -243.679 0 0 0 2.21522 100 25 6.88507 100 24 0 0 0 -3.35516 100 16 0 0 0 0 0 0 0 0 0 0 0
60200 -244.993 0 0 0 1.28122 100 26 4.57243 100 24 0 0 0 -2.60685 100 24 0 0 0 0 0 0 0 0 0 0 0
60300 -244.315 0 0 0 0.830169 100 25 3.94575 100 25 0 0 0 -2.78047 100 27 0 0 0 0 0 0 0 0 0 0 0
60400 -243.721 0 0 0 2.08921 100 32 4.95395 100 21 0 0 0 -3.31932 100 20 0 0 0 0 0 0 0 0 0 0 0
60500 -242.996 0 0 0 2.05866 100 13 6.14456 100 21 0 0 0 -3.33399 100 19 0 0 0 0 0 0 0 0 0 0 0
60600 -243.711 0 0 0 1.79321 100 30 3.79003 100 22 0 0 0 -3.13751 100 15 0 0 0 0 0 0 0 0 0 0 0
60700 -243.413 0 0 0 1.05527 100 38 4.00294 100 23 0 0 0 -2.85127 100 21 0 0 0 0 0 0 0 0 0 0 0
60800 -245.448 0 0 0 0.468352 100 37 1.49445 100 23 0 0 0 -2.18155 100 21 0 0 0 0 0 0 0 0 0 0 0
60900 -244.61 0 0 0 2.56463 100 31 7.1216 100 26 0 0 0 -3.55988 100 24 0 0 0 0 0 0 0 0 0 0 0
61000 -243.371 0 0 0 2.16225 100 30 6.06329 100 26 0 0 0 -3.3324 100 16 0 0 0 0 0 0 0 0 0 0 0
61100 -244.78 0 0 0 2.45156 100 21 6.73245 100 20 0 0 0 -3.41826 100 24 0 0 0 0 0 0 0 0 0 0 0
61200 -243.751 0 0 0 1.38912 100 24 3.60792 100 18 0 0 0 -3.05602 100 19 0 0 0 0 0 0 0 0 0 0 0
61300 -245.021 0 0 0 2.20349 100 28 5.14093 100 17 0 0 0 -3.56049 100 19 0 0 0 0 0 0 0 0 0 0 0
61400 -247.683 0 0 0 2.09289 100 28 9.8189 100 24 0 0 0 -3.54594 100 25 0 0 0 0 0 0 0 0 0 0 0
61500 -244.187 0 0 0 2.26848 100 25 7.83179 100 22 0 0 0 -3.43316 100 23 0 0 0 0 0 0 0 0 0 0 0
61600 -245.37 0 0 0 1.82255 100 30 5.78792 100 26 0 0 0 -3.55811 100 22 0 0 0 0 0 0 0 0 0 0 0
61700 -243.677 0 0 0 1.25717 100 25 2.95227 100 22 0 0 0 -2.91436 100 31 0 0 0 0 0 0 0 0 0 0 0
61800 -243.202 0 0 0 2.12319 100 17 6.00436 100 24 0 0 0 -3.40858 100 26 0 0 0 0 0 0 0 0 0 0 0
61900 -244.358 0 0 0 2.31778 100 27 8.60355 100 20 0 0 0 -3.78448 100 19 0 0 0 0 0 0 0 0 0 0 0
62000 -245.161 0 0 0 2.06429 100 33 4.24644 100 26 0 0 0 -3.42184 100 26 0 0 0 0 0 0 0 0 0 0 0
62100 -245.687 0 0 0 0.867575 100 30 2.19213 100 29 0 0 0 -2.25869 100 24 0 0 0 0 0 0 0 0 0 0 0
62200 -243.069 0 0 0 2.02988 100 24 6.82469 100 19 0 0 0 -3.34713 100 32 0 0 0 0 0 0 0 0 0 0 0
62300 -248.086 0 0 0 0.90349 100 31 3.90867 100 18 0 0 0 -2.29381 100 14 0 0 0 0 0 0 0 0 0 0 0
62400 -243.621 0 0 0 0.974191 100 26 1.99808 100 21 0 0 0 -2.519 100 15 0 0 0 0 0 0 0 0 0 0 0
62500 -243.24 0 0 0 1.17422 100 25 2.63477 100 25 0 0 0 -2.74086 100 23 0 0 0 0 0 0 0 0 0 0 0
62600 -242.879 0 0 0 1.36005 100 18 3.87626 100 24 0 0 0 -2.94638 100 31 0 0 0 0 0 0 0 0 0 0 0
62700 -243.534 0 0 0 1.19447 100 25 3.39372 100 19 0 0 0 -2.92184 100 23 0 0 0 0 0 0 0 0 0 0 0
62800 -243.749 0 0 0 0.977993 100 26 4.52113 100 24 0 0 0 -2.79446 100 21 0 0 0 0 0 0 0 0 0 0 0
62900 -242.905 0 0 0 1.68357 100 31 5.68536 100 25 0 0 0 -3.05248 100 24 0 0 0 0 0 0 0 0 0 0 0
63000 -244.764 0 0 0 1.70171 100 28 2.52552 100 18 0 0 0 -2.99975 100 20 0 0 0 0 0 0 0 0 0 0 0
63100 -244.783 0 0 0 1.78177 100 25 3.32762 100 24 0 0 0 -3.20843 100 19 0 0 0 0 0 0 0 0 0 0 0
63200 -243.095 0 0 0 1.69456 100 29 5.87694 100 19 0 0 0 -3.04967 100 21 0 0 0 0 0 0 0 0 0 0 0
63300 -244.41 0 0 0 1.62175 100 31 7.26039 100 19 0 0 0 -3.38211 100 19 0 0 0 0 0 0 0 0 0 0 0
63400 -243.303 0 0 0 1.96081 100 28 5.62383 100 20 0 0 0 -3.14482 100 33 0 0 0 0 0 0 0 0 0 0 0
63500 -244.594 0 0 0 2.03093 100 31 4.45496 100 20 0 0 0 -3.39506 100 19 0 0 0 0 0 0 0 0 0 0 0
63600 -244.05 0 0 0 1.48023 100 26 2.5 100 21 0 0 0 -2.92304 100 16 0 0 0 0 0 0 0 0 0 0 0
63700 -243.354 0 0 0 2.11064 100 27 7.52814 100 19 0 0 0 -3.48241 100 33 0 0 0 0 0 0 0 0 0 0 0
63800 -242.848 0 0 0 1.90113 100 21 5.81801 100 22 0 0 0 -3.20045 100 20 0 0 0 0 0 0 0 0 0 0 0
63900 -243.846 0 0 0 2.45167 100 25 8.14319 100 17 0 0 0 -3.70697 100 22 0 0 0 0 0 0 0 0 0 0 0
64000 -245.151 0 0 0 2.70601 100 29 7.04634 100 20 0 0 0 -3.82565 100 13 0 0 0 0 0 0 0 0 0 0 0
64100 -242.941 0 0 0 1.96768 100 34 6.50641 100 26 0 0 0 -3.38382 100 24 0 0 0 0 0 0 0 0 0 0 0
64200 -243.337 0 0 0 1.01882 100 18 3.95549 100 17 0 0 0 -2.67192 100 19 0 0 0 0 0 0 0 0 0 0 0
64300 -242.698 0 0 0 1.59147 100 25 4.88724 100 20 0 0 0 -3.10623 100 21 0 0 0 0 0 0 0 0 0 0 0
64400 -242.687 0 0 0 1.75125 100 24 5.43805 100 14 0 0 0 -3.11737 100 10 0 0 0 0 0 0 0 0 0 0 0
64500 -243.677 0 0 0 1.99779 100 24 5.30994 100 16 0 0 0 -3.11903 100 22 0 0 0 0 0 0 0 0 0 0 0
64600 -242.81 0 0 0 1.72474 100 32 5.362 100 30 0 0 0 -3.05646 100 17 0 0 0 0 0 0 0 0 0 0 0
64700 -243.186 0 0 0 2.06149 100 24 5.55984 100 17 0 0 0 -3.32527 100 25 0 0 0 0 0 0 0 0 0 0 0
64800 -244.181 0 0 0 2.02034 100 29 6.33509 100 14 0 0 0 -3.13499 100 16 0 0 0 0 0 0 0 0 0 0 0
64900 -243.091 0 0 0 1.25147 100 23 2.87964 100 18 0 0 0 -2.76469 100 22 0 0 0 0 0 0 0 0 0 0 0
65000 -242.938 0 0 0 1.21996 100 19 3.60217 100 24 0 0 0 -2.71481 100 25 0 0 0 0 0 0 0 0 0 0 0
65100 -246.138 0 0 0 0.942384 100 26 2.50356 100 18 0 0 0 -2.9347 100 12 0 0 0 0 0 0 0 0 0 0 0
65200 -242.973 0 0 0 1.43822 100 25 4.84844 100 21 0 0 0 -2.86303 100 21 0 0 0 0 0 0 0 0 0 0 0
65300 -242.809 0 0 0 1.42798 100 28 4.74738 100 19 0 0 0 -3.04201 100 26 0 0 0 0 0 0 0 0 0 0 0
65400 -242.929 0 0 0 1.17807 100 26 3.54796 100 27 0 0 0 -2.71044 100 29 0 0 0 0 0 0 0 0 0 0 0
65500 -245.961 0 0 0 0.574226 100 29 4.27669 100 16 0 0 0 -2.54252 100 22 0 0 0 0 0 0 0 0 0 0 0
65600 -246.912 0 0 0 0.380197 100 27 2.20701 100 23 0 0 0 -2.61167 100 19 0 0 0 0 0 0 0 0 0 0 0
65700 -242.976 0 0 0 1.31515 100 25 4.78096 100 17 0 0 0 -2.99788 100 26 0 0 0 0 0 0 0 0 0 0 0
65800 -245.178 0 0 0 2.92002 100 31 8.72107 100 21 0 0 0 -3.98626 100 29 0 0 0 0 0 0 0 0 0 0 0
65900 -247.157 0 0 0 1.85096 100 24 2.36062 100 25 0 0 0 -3.26141 100 27 0 0 0 0 0 0 0 0 0 0 0
66000 -242.829 0 0 0 1.26378 100 24 4.35966 100 27 0 0 0 -2.90271 100 27 0 0 0 0 0 0 0 0 0 0 0
66100 -243.134 0 0 0 2.14212 100 25 6.32765 100 24 0 0 0 -3.39726 100 29 0 0 0 0 0 0 0 0 0 0 0
66200 -244.573 0 0 0 1.31269 100 27 6.59817 100 25 0 0 0 -3.12394 100 21 0 0 0 0 0 0 0 0 0 0 0
66300 -244.723 0 0 0 1.82196 100 26 2.94627 100 19 0 0 0 -3.05722 100 24 0 0 0 0 0 0 0 0 0 0 0
66400 -245.237 0 0 0 1.72614 100 23 4.59313 100 21 0 0 0 -3.40728 100 16 0 0 0 0 0 0 0 0 0 0 0
66500 -244.849 0 0 0 2.67869 100 29 8.66564 100 22 0 0 0 -3.72214 100 26 0 0 0 0 0 0 0 0 0 0 0
66600 -245.058 0 0 0 2.49106 100 22 6.50482 100 23 0 0 0 -3.42808 100 22 0 0 0 0 0 0 0 0 0 0 0
66700 -244.387 0 0 0 0.618393 100 29 2.77864 100 14 0 0 0 -2.5228 100 23 0 0 0 0 0 0 0 0 0 0 0
66800 -243.15 0 0 0 1.52416 100 27 5.75985 100 25 0 0 0 -2.98752 100 28 0 0 0 0 0 0 0 0 0 0 0
66900 -243.549 0 0 0 1.66596 100 28 3.35536 100 25 0 0 0 -2.96225 100 21 0 0 0 0 0 0 0 0 0 0 0
67000 -243.508 0 0 0 1.1063 100 29 3.93791 100 28 0 0 0 -2.90715 100 20 0 0 0 0 0 0 0 0 0 0 0
67100 -244.51 0 0 0 1.78797 100 29 3.83591 100 18 0 0 0 -3.268 100 26 0 0 0 0 0 0 0 0 0 0 0
67200 -245.648 0 0 0 1.87025 100 32 5.07842 100 20 0 0 0 -3.53248 100 23 0 0 0 0 0 0 0 0 0 0 0
67300 -242.757 0 0 0 1.44083 100 34 4.19263 100 29 0 0 0 -2.85827 100 21 0 0 0 0 0 0 0 0 0 0 0
67400 -244.912 0 0 0 1.02623 100 28 5.41083 100 24 0 0 0 -3.01521 100 19 0 0 0 0 0 0 0 0 0 0 0
67500 -244.072 0 0 0 1.24999 100 23 1.93888 100 22 0 0 0 -2.78179 100 25 0 0 0 0 0 0 0 0 0 0 0
67600 -244.087 0 0 0 1.62208 100 31 4.86159 100 19 0 0 0 -3.30456 100 26 0 0 0 0 0 0 0 0 0 0 0
67700 -244.149 0 0 0 2.32218 100 29 5.76931 100 20 0 0 0 -3.39999 100 21 0 0 0 0 0 0 0 0 0 0 0
67800 -243.212 0 0 0 1.65931 100 30 6.46932 100 17 0 0 0 -3.26735 100 21 0 0 0 0 0 0 0 0 0 0 0
67900 -244.385 0 0 0 0.653283 100 30 1.62145 100 23 0 0 0 -2.32925 100 26 0 0 0 0 0 0 0 0 0 0 0
68000 -247.995 0 0 0 2.33282 100 34 3.68997 100 25 0 0 0 -3.15606 100 19 0 0 0 0 0 0 0 0 0 0 0
68100 -243.917 0 0 0 2.23317 100 29 6.66008 100 22 0 0 0 -3.63707 100 28 0 0 0 0 0 0 0 0 0 0 0
68200 -245.643 0 0 0 2.31661 100 27 4.96672 100 15 0 0 0 -3.23845 100 17 0 0 0 0 0 0 0 0 0 0 0
68300 -244.808 0 0 0 0.517096 100 28 1.24518 100 23 0 0 0 -2.37617 100 24 0 0 0 0 0 0 0 0 0 0 0
68400 -243.049 0 0 0 1.20243 100 35 4.20796 100 17 0 0 0 -2.7395 100 22 0 0 0 0 0 0 0 0 0 0 0
68500 -245.471 0 0 0 2.06105 100 26 4.26771 100 23 0 0 0 -3.45791 100 18 0 0 0 0 0 0 0 0 0 0 0
68600 -244.974 0 0 0 2.77379 100 29 8.42992 100 20 0 0 0 -3.77067 100 18 0 0 0 0 0 0 0 0 0 0 0
68700 -245.816 0 0 0 0.498226 100 31 0.839727 100 24 0 0 0 -2.4794 100 28 0 0 0 0 0 0 0 0 0 0 0
68800 -245.568 0 0 0 0.832025 100 37 5.35612 100 29 0 0 0 -2.83384 100 19 0 0 0 0 0 0 0 0 0 0 0
68900 -243.782 0 0 0 1.78169 100 30 6.27817 100 16 0 0 0 -3.05215 100 19 0 0 0 0 0 0 0 0 0 0 0
69000 -243.684 0 0 0 1.76764 100 28 7.27529 100 16 0 0 0 -3.3678 100 31 0 0 0 0 0 0 0 0 0 0 0
69100 -242.925 0 0 0 1.46261 100 22 5.59087 100 19 0 0 0 -3.02437 100 18 0 0 0 0 0 0 0 0 0 0 0
69200 -244.28 0 0 0 2.28734 100 24 8.73397 100 29 0 0 0 -3.70858 100 19 0 0 0 0 0 0 0 0 0 0 0
69300 -242.86 0 0 0 1.75333 100 26 5.98374 100 25 0 0 0 -3.13183 100 22 0 0 0 0 0 0 0 0 0 0 0
69400 -247.107 0 0 0 2.99936 100 26 10.0244 100 22 0 0 0 -4.37384 100 24 0 0 0 0 0 0 0 0 0 0 0
69500 -243.622 0 0 0 1.18353 100 31 2.15367 100 17 0 0 0 -2.72578 100 20 0 0 0 0 0 0 0 0 0 0 0
69600 -242.961 0 0 0 1.7188 100 26 4.69346 100 20 0 0 0 -3.17654 100 28 0 0 0 0 0 0 0 0 0 0 0
69700 -243.75 0 0 0 1.78847 100 21 6.86635 100 29 0 0 0 -3.1519 100 19 0 0 0 0 0 0 0 0 0 0 0
69800 -242.991 0 0 0 1.61127 100 27 4.3861 100 24 0 0 0 -3.11963 100 25 0 0 0 0 0 0 0 0 0 0 0
69900 -243.858 0 0 0 1.03888 100 30 3.61636 100 31 0 0 0 -2.54277 100 20 0 0 0 0 0 0 0 0 0 0 0
70000 -243.466 0 0 0 1.28893 100 19 3.93885 100 20 0 0 0 -2.67233 100 17 0 0 0 0 0 0 0 0 0 0 0
70100 -242.663 0 0 0 1.66438 100 31 5.389 100 23 0 0 0 -3.07277 100 23 0 0 0 0 0 0 0 0 0 0 0
70200 -242.729 0 0 0 1.85178 100 31 5.89087 100 22 0 0 0 -3.22883 100 24 0 0 0 0 0 0 0 0 0 0 0
70300 -243.541 0 0 0 1.59186 100 23 6.10344 100 24 0 0 0 -3.29758 100 17 0 0 0 0 0 0 0 0 0 0 0
70400 -243.644 0 0 0 1.97881 100 28 5.26008 100 18 0 0 0 -3.4017 100 19 0 0 0 0 0 0 0 0 0 0 0
70500 -247.667 0 0 0 2.34013 100 33 4.08818 100 23 0 0 0 -3.15348 100 13 0 0 0 0 0 0 0 0 0 0 0
70600 -242.863 0 0 0 1.67322 100 26 5.96289 100 22 0 0 0 -3.22446 100 19 0 0 0 0 0 0 0 0 0 0 0
70700 -244.136 0 0 0 1.60577 100 30 7.23248 100 14 0 0 0 -3.25817 100 20 0 0 0 0 0 0 0 0 0 0 0
70800 -243.719 0 0 0 1.95092 100 32 6.59301 100 24 0 0 0 -3.16698 100 24 0 0 0 0 0 0 0 0 0 0 0
70900 -243.543 0 0 0 1.53642 100 25 4.9718 100 31 0 0 0 -3.22334 100 24 0 0 0 0 0 0 0 0 0 0 0
71000 -243.248 0 0 0 2.1286 100 21 6.02079 100 17 0 0 0 -3.32706 100 22 0 0 0 0 0 0 0 0 0 0 0
71100 -245.238 0 0 0 1.35515 100 23 1.91157 100 22 0 0 0 -2.95042 100 28 0 0 0 0 0 0 0 0 0 0 0
71200 -242.877 0 0 0 1.61777 100 32 5.35174 100 20 0 0 0 -2.99262 100 15 0 0 0 0 0 0 0 0 0 0 0
71300 -244.803 0 0 0 0.802322 100 31 4.23003 100 30 0 0 0 -2.5473 100 20 0 0 0 0 0 0 0 0 0 0 0
71400 -242.993 0 0 0 1.52813 100 25 4.54319 100 21 0 0 0 -2.86772 100 21 0 0 0 0 0 0 0 0 0 0 0
71500 -244.463 0 0 0 1.58481 100 24 7.39084 100 22 0 0 0 -3.27511 100 19 0 0 0 0 0 0 0 0 0 0 0
71600 -243.13 0 0 0 1.24466 100 29 3.93827 100 24 0 0 0 -2.94072 100 14 0 0 0 0 0 0 0 0 0 0 0
71700 -243.853 0 0 0 0.758956 100 25 2.20518 100 13 0 0 0 -2.53478 100 19 0 0 0 0 0 0 0 0 0 0 0
71800 -243.961 0 0 0 2.06649 100 32 4.56883 100 21 0 0 0 -3.23562 100 18 0 0 0 0 0 0 0 0 0 0 0
71900 -243.924 0 0 0 2.32225 100 32 5.94524 100 19 0 0 0 -3.48491 100 21 0 0 0 0 0 0 0 0 0 0 0
72000 -246.377 0 0 0 0.485423 100 40 2.70414 100 19 0 0 0 -2.21001 100 21 0 0 0 0 0 0 0 0 0 0 0
72100 -243.864 0 0 0 1.41826 100 35 2.65647 100 27 0 0 0 -2.69245 100 26 0 0 0 0 0 0 0 0 0 0 0
72200 -243.523 0 0 0 0.966853 100 19 2.29604 100 15 0 0 0 -2.64654 100 19 0 0 0 0 0 0 0 0 0 0 0
72300 -243.62 0 0 0 1.68246 100 25 4.28312 100 31 0 0 0 -3.21539 100 20 0 0 0 0 0 0 0 0 0 0 0
72400 -244.262 0 0 0 1.83845 100 22 4.83632 100 10 0 0 0 -3.3898 100 19 0 0 0 0 0 0 0 0 0 0 0
72500 -242.62 0 0 0 1.61051 100 27 4.75244 100 21 0 0 0 -3.03011 100 21 0 0 0 0 0 0 0 0 0 0 0
72600 -244.009 0 0 0 1.35822 100 22 6.24616 100 18 0 0 0 -2.99198 100 27 0 0 0 0 0 0 0 0 0 0 0
72700 -242.791 0 0 0 1.75183 100 36 5.06462 100 22 0 0 0 -3.06663 100 26 0 0 0 0 0 0 0 0 0 0 0
72800 -243.716 0 0 0 0.855942 100 36 3.6157 100 20 0 0 0 -2.60064 100 21 0 0 0 0 0 0 0 0 0 0 0
72900 -245.429 0 0 0 0.955146 100 42 4.65565 100 22 0 0 0 -3.02303 100 24 0 0 0 0 0 0 0 0 0 0 0
73000 -242.928 0 0 0 1.29725 100 27 4.92419 100 19 0 0 0 -2.90077 100 26 0 0 0 0 0 0 0 0 0 0 0
73100 -244.475 0 0 0 1.90256 100 24 4.10437 100 20 0 0 0 -3.31821 100 11 0 0 0 0 0 0 0 0 0 0 0
73200 -245.14 0 0 0 1.07058 100 33 1.60246 100 18 0 0 0 -2.36902 100 26 0 0 0 0 0 0 0 0 0 0 0
73300 -244.88 0 0 0 0.522228 100 18 1.50813 100 19 0 0 0 -2.44304 100 21 0 0 0 0 0 0 0 0 0 0 0
73400 -246.817 0 0 0 0.179999 100 32 -0.329143 100 24 0 0 0 -2.04439 100 19 0 0 0 0 0 0 0 0 0 0 0
73500 -244.239 0 0 0 0.794845 100 28 1.55814 100 22 0 0 0 -2.56191 100 22 0 0 0 0 0 0 0 0 0 0 0
73600 -243.622 0 0 0 0.915497 100 31 2.86558 100 23 0 0 0 -2.50055 100 19 0 0 0 0 0 0 0 0 0 0 0
73700 -244.006 0 0 0 1.98882 100 26 7.36216 100 21 0 0 0 -3.26447 100 28 0 0 0 0 0 0 0 0 0 0 0
73800 -245.024 0 0 0 2.53788 100 30 8.60369 100 23 0 0 0 -3.97008 100 27 0 0 0 0 0 0 0 0 0 0 0
73900 -243.663 0 0 0 1.88527 100 26 4.1992 100 25 0 0 0 -3.0658 100 18 0 0 0 0 0 0 0 0 0 0 0
74000 -244.381 0 0 0 1.09723 100 24 5.49689 100 21 0 0 0 -3.00242 100 24 0 0 0 0 0 0 0 0 0 0 0
74100 -242.796 0 0 0 1.87483 100 35 6.15137 100 18 0 0 0 -3.29797 100 21 0 0 0 0 0 0 0 0 0 0 0
74200 -242.975 0 0 0 1.38759 100 36 5.38169 100 19 0 0 0 -3.02819 100 22 0 0 0 0 0 0 0 0 0 0 0
74300 -242.99 0 0 0 1.48648 100 25 3.48903 100 24 0 0 0 -2.90982 100 26 0 0 0 0 0 0 0 0 0 0 0
74400 -242.899 0 0 0 1.30146 100 26 3.80198 100 22 0 0 0 -2.91342 100 20 0 0 0 0 0 0 0 0 0 0 0
74500 -245.111 0 0 0 2.72458 100 32 8.90637 100 21 0 0 0 -4.04122 100 28 0 0 0 0 0 0 0 0 0 0 0
74600 -244.344 0 0 0 1.92809 100 28 6.35908 100 20 0 0 0 -3.07656 100 20 0 0 0 0 0 0 0 0 0 0 0
74700 -243.473 0 0 0 1.48398 100 24 5.75802 100 22 0 0 0 -2.93392 100 20 0 0 0 0 0 0 0 0 0 0 0
74800 -243.86 0 0 0 2.39677 100 31 6.9188 100 26 0 0 0 -3.49702 100 21 0 0 0 0 0 0 0 0 0 0 0
74900 -246.815 0 0 0 1.41423 100 36 5.05672 100 20 0 0 0 -3.40904 100 24 0 0 0 0 0 0 0 0 0 0 0
75000 -242.722 0 0 0 1.35713 100 24 4.28697 100 25 0 0 0 -2.94122 100 24 0 0 0 0 0 0 0 0 0 0 0
75100 -242.771 0 0 0 1.85038 100 23 5.79321 100 25 0 0 0 -3.18513 100 19 0 0 0 0 0 0 0 0 0 0 0
75200 -244.654 0 0 0 1.23319 100 30 4.4686 100 16 0 0 0 -3.13443 100 21 0 0 0 0 0 0 0 0 0 0 0
75300 -242.72 0 0 0 1.35285 100 33 4.59506 100 17 0 0 0 -2.88996 100 21 0 0 0 0 0 0 0 0 0 0 0
75400 -243.829 0 0 0 1.14523 100 34 3.36079 100 21 0 0 0 -2.55041 100 27 0 0 0 0 0 0 0 0 0 0 0
75500 -244.16 0 0 0 2.04148 100 38 7.59071 100 26 0 0 0 -3.30494 100 27 0 0 0 0 0 0 0 0 0 0 0
75600 -246.147 0 0 0 0.359207 100 30 3.15137 100 16 0 0 0 -2.45874 100 13 0 0 0 0 0 0 0 0 0 0 0
75700 -245.164 0 0 0 1.86033 100 32 6.07975 100 26 0 0 0 -3.58061 100 18 0 0 0 0 0 0 0 0 0 0 0
75800 -244.946 0 0 0 2.79391 100 24 8.65445 100 22 0 0 0 -4.00149 100 14 0 0 0 0 0 0 0 0 0 0 0
75900 -244.14 0 0 0 2.59631 100 17 7.97972 100 22 0 0 0 -3.77481 100 11 0 0 0 0 0 0 0 0 0 0 0
76000 -244.507 0 0 0 1.19523 100 22 1.38374 100 23 0 0 0 -2.54858 100 23 0 0 0 0 0 0 0 0 0 0 0
76100 -243.496 0 0 0 1.19038 100 28 4.97656 100 22 0 0 0 -2.98603 100 24 0 0 0 0 0 0 0 0 0 0 0
76200 -245.132 0 0 0 0.790633 100 30 2.17664 100 31 0 0 0 -2.74459 100 16 0 0 0 0 0 0 0 0 0 0 0
76300 -243.775 0 0 0 0.946796 100 25 3.38435 100 22 0 0 0 -2.52201 100 20 0 0 0 0 0 0 0 0 0 0 0
76400 -245.766 0 0 0 2.46854 100 30 6.50323 100 22 0 0 0 -3.34543 100 24 0 0 0 0 0 0 0 0 0 0 0
76500 -242.706 0 0 0 1.63601 100 34 5.25359 100 30 0 0 0 -3.15366 100 21 0 0 0 0 0 0 0 0 0 0 0
76600 -244.461 0 0 0 1.73558 100 28 7.51923 100 20 0 0 0 -3.21648 100 23 0 0 0 0 0 0 0 0 0 0 0
76700 -242.671 0 0 0 1.74109 100 32 5.12061 100 28 0 0 0 -3.11708 100 15 0 0 0 0 0 0 0 0 0 0 0
76800 -243.606 0 0 0 1.86442 100 31 4.39525 100 23 0 0 0 -3.24883 100 30 0 0 0 0 0 0 0 0 0 0 0
76900 -243.629 0 0 0 2.38837 100 20 7.51533 100 23 0 0 0 -3.58433 100 21 0 0 0 0 0 0 0 0 0 0 0
77000 -242.926 0 0 0 1.80213 100 23 6.49872 100 22 0 0 0 -3.273 100 20 0 0 0 0 0 0 0 0 0 0 0
77100 -243.073 0 0 0 1.74786 100 25 5.37864 100 17 0 0 0 -3.2823 100 15 0 0 0 0 0 0 0 0 0 0 0
77200 -248.693 0 0 0 3.15056 100 29 6.92211 100 24 0 0 0 -3.88762 100 26 0 0 0 0 0 0 0 0 0 0 0
77300 -245.013 0 0 0 1.84052 100 31 8.19942 100 19 0 0 0 -3.56773 100 19 0 0 0 0 0 0 0 0 0 0 0
77400 -243.382 0 0 0 1.81952 100 22 7.09946 100 11 0 0 0 -3.37061 100 19 0 0 0 0 0 0 0 0 0 0 0
77500 -243.214 0 0 0 2.08256 100 27 6.5318 100 11 0 0 0 -3.48607 100 26 0 0 0 0 0 0 0 0 0 0 0
77600 -245.491 0 0 0 0.429025 100 22 0.398507 100 16 0 0 0 -2.28801 100 17 0 0 0 0 0 0 0 0 0 0 0
77700 -243.354 0 0 0 2.26363 100 20 6.91944 100 21 0 0 0 -3.47985 100 28 0 0 0 0 0 0 0 0 0 0 0
77800 -243.189 0 0 0 2.1461 100 24 7.08046 100 25 0 0 0 -3.43673 100 21 0 0 0 0 0 0 0 0 0 0 0
77900 -243.341 0 0 0 1.97906 100 21 5.42365 100 28 0 0 0 -3.37747 100 25 0 0 0 0 0 0 0 0 0 0 0
78000 -243.449 0 0 0 1.86898 100 16 4.31361 100 25 0 0 0 -3.18719 100 18 0 0 0 0 0 0 0 0 0 0 0
78100 -244 0 0 0 1.20026 100 25 5.66625 100 23 0 0 0 -3.03502 100 19 0 0 0 0 0 0 0 0 0 0 0
78200 -244.61 0 0 0 2.23895 100 23 5.17192 100 21 0 0 0 -3.25355 100 32 0 0 0 0 0 0 0 0 0 0 0
78300 -242.935 0 0 0 1.31674 100 24 4.00243 100 21 0 0 0 -2.76071 100 20 0 0 0 0 0 0 0 0 0 0 0
78400 -242.714 0 0 0 1.71979 100 23 5.88552 100 14 0 0 0 -3.17491 100 23 0 0 0 0 0 0 0 0 0 0 0
78500 -246.305 0 0 0 2.65865 100 33 5.6161 100 14 0 0 0 -3.65129 100 17 0 0 0 0 0 0 0 0 0 0 0
78600 -244.263 0 0 0 2.59454 100 27 7.69661 100 19 0 0 0 -3.66992 100 18 0 0 0 0 0 0 0 0 0 0 0
78700 -243.035 0 0 0 1.4539 100 29 4.98709 100 24 0 0 0 -3.11397 100 17 0 0 0 0 0 0 0 0 0 0 0
78800 -243.039 0 0 0 1.81112 100 22 4.87589 100 20 0 0 0 -3.05914 100 23 0 0 0 0 0 0 0 0 0 0 0
78900 -242.933 0 0 0 1.61719 100 31 6.07331 100 18 0 0 0 -3.18034 100 15 0 0 0 0 0 0 0 0 0 0 0
79000 -243.276 0 0 0 1.2429 100 18 2.56986 100 23 0 0 0 -2.71801 100 22 0 0 0 0 0 0 0 0 0 0 0
79100 -244.304 0 0 0 1.42561 100 35 2.72637 100 18 0 0 0 -2.63962 100 19 0 0 0 0 0 0 0 0 0 0 0
79200 -243.101 0 0 0 1.60434 100 25 5.11308 100 26 0 0 0 -2.92826 100 24 0 0 0 0 0 0 0 0 0 0 0
79300 -244.329 0 0 0 2.10114 100 27 5.0948 100 23 0 0 0 -3.14011 100 29 0 0 0 0 0 0 0 0 0 0 0
79400 -242.72 0 0 0 1.74729 100 30 5.40107 100 20 0 0 0 -3.09835 100 24 0 0 0 0 0 0 0 0 0 0 0
79500 -243.295 0 0 0 2.19922 100 28 7.34862 100 21 0 0 0 -3.50071 100 29 0 0 0 0 0 0 0 0 0 0 0
79600 -243.965 0 0 0 2.03963 100 27 7.12258 100 20 0 0 0 -3.61053 100 20 0 0 0 0 0 0 0 0 0 0 0
79700 -245.075 0 0 0 1.09211 100 39 2.72429 100 18 0 0 0 -2.40135 100 18 0 0 0 0 0 0 0 0 0 0 0
79800 -243.931 0 0 0 1.00635 100 24 1.60742 100 20 0 0 0 -2.49774 100 20 0 0 0 0 0 0 0 0 0 0 0
79900 -243.143 0 0 0 1.39177 100 30 4.3607 100 17 0 0 0 -3.05778 100 14 0 0 0 0 0 0 0 0 0 0 0
80000 -244.219 0 0 0 2.46005 100 28 6.72967 100 20 0 0 0 -3.50642 100 32 0 0 0 0 0 0 0 0 0 0 0
80100 -244.143 0 0 0 2.29836 100 26 7.84017 100 29 0 0 0 -3.45524 100 22 0 0 0 0 0 0 0 0 0 0 0
80200 -243.01 0 0 0 1.7043 100 23 4.7153 100 27 0 0 0 -3.1879 100 23 0 0 0 0 0 0 0 0 0 0 0
80300 -242.941 0 0 0 1.43434 100 28 4.24525 100 23 0 0 0 -3.0345 100 25 0 0 0 0 0 0 0 0 0 0 0
80400 -243.646 0 0 0 1.76662 100 29 5.47916 100 20 0 0 0 -3.37017 100 19 0 0 0 0 0 0 0 0 0 0 0
80500 -244.05 0 0 0 1.46985 100 30 6.47051 100 21 0 0 0 -3.25918 100 28 0 0 0 0 0 0 0 0 0 0 0
80600 -243.929 0 0 0 1.54475 100 24 5.46792 100 27 0 0 0 -3.29632 100 28 0 0 0 0 0 0 0 0 0 0 0
80700 -243.166 0 0 0 1.09291 100 33 4.21006 100 18 0 0 0 -2.74207 100 21 0 0 0 0 0 0 0 0 0 0 0
80800 -243.924 0 0 0 0.905593 100 29 1.98627 100 9 0 0 0 -2.64496 100 19 0 0 0 0 0 0 0 0 0 0 0
80900 -242.759 0 0 0 1.76425 100 34 6.06793 100 21 0 0 0 -3.22649 100 25 0 0 0 0 0 0 0 0 0 0 0
81000 -244.641 0 0 0 1.57787 100 24 6.93084 100 33 0 0 0 -3.40454 100 23 0 0 0 0 0 0 0 0 0 0 0
81100 -244.078 0 0 0 1.5494 100 22 5.89827 100 15 0 0 0 -2.9045 100 22 0 0 0 0 0 0 0 0 0 0 0
81200 -245.154 0 0 0 0.40882 100 27 1.55919 100 26 0 0 0 -2.27606 100 26 0 0 0 0 0 0 0 0 0 0 0
81300 -243.89 0 0 0 2.47925 100 39 7.25358 100 21 0 0 0 -3.66619 100 17 0 0 0 0 0 0 0 0 0 0 0
81400 -244.595 0 0 0 2.249 100 39 5.59566 100 20 0 0 0 -3.58498 100 19 0 0 0 0 0 0 0 0 0 0 0
81500 -244.014 0 0 0 0.986653 100 24 3.49958 100 29 0 0 0 -2.50813 100 19 0 0 0 0 0 0 0 0 0 0 0
81600 -245.381 0 0 0 1.26131 100 28 0.777438 100 22 0 0 0 -2.64425 100 27 0 0 0 0 0 0 0 0 0 0 0
81700 -243.853 0 0 0 1.98744 100 24 7.28317 100 19 0 0 0 -3.26781 100 24 0 0 0 0 0 0 0 0 0 0 0
81800 -243.757 0 0 0 1.58708 100 31 3.3781 100 25 0 0 0 -3.07413 100 24 0 0 0 0 0 0 0 0 0 0 0
81900 -243.555 0 0 0 1.18111 100 25 2.80175 100 24 0 0 0 -2.57705 100 16 0 0 0 0 0 0 0 0 0 0 0
82000 -243.625 0 0 0 2.22333 100 23 5.77873 100 19 0 0 0 -3.39412 100 24 0 0 0 0 0 0 0 0 0 0 0
82100 -243.525 0 0 0 1.71695 100 32 7.0424 100 17 0 0 0 -3.29485 100 21 0 0 0 0 0 0 0 0 0 0 0
82200 -243.626 0 0 0 1.23563 100 30 5.59402 100 23 0 0 0 -2.94499 100 18 0 0 0 0 0 0 0 0 0 0 0
82300 -242.847 0 0 0 1.82891 100 33 4.98877 100 24 0 0 0 -3.15308 100 24 0 0 0 0 0 0 0 0 0 0 0
82400 -245.404 0 0 0 0.408142 100 25 0.820931 100 27 0 0 0 -2.32904 100 19 0 0 0 0 0 0 0 0 0 0 0
82500 -243.451 0 0 0 1.31791 100 34 2.56025 100 24 0 0 0 -2.70509 100 27 0 0 0 0 0 0 0 0 0 0 0
82600 -244.177 0 0 0 0.828289 100 31 4.19532 100 30 0 0 0 -2.67045 100 26 0 0 0 0 0 0 0 0 0 0 0
82700 -245.334 0 0 0 0.71872 100 26 1.752 100 24 0 0 0 -2.22339 100 23 0 0 0 0 0 0 0 0 0 0 0
82800 -248.969 0 0 0 1.08944 100 23 7.0608 100 31 0 0 0 -2.80666 100 15 0 0 0 0 0 0 0 0 0 0 0
82900 -243.425 0 0 0 1.14408 100 24 2.58574 100 29 0 0 0 -2.77168 100 18 0 0 0 0 0 0 0 0 0 0 0
83000 -243.087 0 0 0 1.68619 100 22 6.47988 100 20 0 0 0 -3.241 100 27 0 0 0 0 0 0 0 0 0 0 0
83100 -243.783 0 0 0 1.75213 100 28 6.85058 100 22 0 0 0 -3.42774 100 20 0 0 0 0 0 0 0 0 0 0 0
83200 -244.428 0 0 0 1.19685 100 25 5.08393 100 21 0 0 0 -2.69664 100 27 0 0 0 0 0 0 0 0 0 0 0
83300 -243.744 0 0 0 1.42133 100 40 2.50639 100 24 0 0 0 -2.74438 100 16 0 0 0 0 0 0 0 0 0 0 0
83400 -243.8 0 0 0 1.68724 100 22 5.47416 100 16 0 0 0 -2.924 100 23 0 0 0 0 0 0 0 0 0 0 0
83500 -243.135 0 0 0 2.10596 100 30 6.7197 100 20 0 0 0 -3.36349 100 26 0 0 0 0 0 0 0 0 0 0 0
83600 -242.753 0 0 0 1.68861 100 25 4.96467 100 25 0 0 0 -3.02663 100 22 0 0 0 0 0 0 0 0 0 0 0
83700 -245.359 0 0 0 0.469143 100 23 3.04442 100 34 0 0 0 -2.50718 100 19 0 0 0 0 0 0 0 0 0 0 0
83800 -244.253 0 0 0 0.683906 100 26 2.76605 100 23 0 0 0 -2.42257 100 16 0 0 0 0 0 0 0 0 0 0 0
83900 -245.756 0 0 0 0.8948 100 28 3.8841 100 25 0 0 0 -2.98093 100 12 0 0 0 0 0 0 0 0 0 0 0
84000 -246.604 0 0 0 2.56034 100 28 5.70943 100 25 0 0 0 -3.80484 100 19 0 0 0 0 0 0 0 0 0 0 0
84100 -244.462 0 0 0 1.66858 100 28 4.00943 100 23 0 0 0 -3.26319 100 18 0 0 0 0 0 0 0 0 0 0 0
84200 -243.476 0 0 0 1.00534 100 28 4.2621 100 30 0 0 0 -2.71654 100 22 0 0 0 0 0 0 0 0 0 0 0
84300 -243.318 0 0 0 1.34239 100 25 4.55198 100 24 0 0 0 -3.06793 100 31 0 0 0 0 0 0 0 0 0 0 0
84400 -243.245 0 0 0 1.64001 100 24 5.36365 100 22 0 0 0 -2.9486 100 23 0 0 0 0 0 0 0 0 0 0 0
84500 -242.954 0 0 0 1.90269 100 36 5.45529 100 18 0 0 0 -3.15973 100 21 0 0 0 0 0 0 0 0 0 0 0
84600 -244.898 0 0 0 0.494338 100 27 2.32179 100 19 0 0 0 -2.34408 100 24 0 0 0 0 0 0 0 0 0 0 0
84700 -246.447 0 0 0 1.33639 100 25 4.07469 100 26 0 0 0 -2.5075 100 23 0 0 0 0 0 0 0 0 0 0 0
84800 -243.075 0 0 0 1.28153 100 27 2.93375 100 22 0 0 0 -2.74913 100 14 0 0 0 0 0 0 0 0 0 0 0
84900 -246.408 0 0 0 3.24234 100 33 10.2942 100 17 0 0 0 -4.22747 100 32 0 0 0 0 0 0 0 0 0 0 0
85000 -243.469 0 0 0 1.39939 100 29 3.57963 100 23 0 0 0 -3.02291 100 22 0 0 0 0 0 0 0 0 0 0 0
85100 -243.723 0 0 0 1.00472 100 34 4.0288 100 21 0 0 0 -2.86034 100 24 0 0 0 0 0 0 0 0 0 0 0
85200 -245.09 0 0 0 2.33503 100 18 5.94904 100 16 0 0 0 -3.27577 100 16 0 0 0 0 0 0 0 0 0 0 0
85300 -245.383 0 0 0 1.94156 100 26 7.59408 100 20 0 0 0 -3.70524 100 20 0 0 0 0 0 0 0 0 0 0 0
85400 -245.294 0 0 0 0.570304 100 28 0.451198 100 22 0 0 0 -2.20089 100 30 0 0 0 0 0 0 0 0 0 0 0
85500 -244.071 0 0 0 1.02136 100 21 1.95662 100 8 0 0 0 -2.72275 100 20 0 0 0 0 0 0 0 0 0 0 0
85600 -243.927 0 0 0 1.20407 100 29 3.03007 100 22 0 0 0 -2.54858 100 20 0 0 0 0 0 0 0 0 0 0 0
85700 -242.79 0 0 0 1.80425 100 30 5.04495 100 19 0 0 0 -3.17304 100 17 0 0 0 0 0 0 0 0 0 0 0
85800 -244.115 0 0 0 1.04061 100 23 2.4233 100 29 0 0 0 -2.44841 100 22 0 0 0 0 0 0 0 0 0 0 0
85900 -243.549 0 0 0 1.14385 100 29 5.12599 100 24 0 0 0 -2.86819 100 17 0 0 0 0 0 0 0 0 0 0 0
86000 -242.894 0 0 0 1.19026 100 32 3.86617 100 24 0 0 0 -2.8388 100 17 0 0 0 0 0 0 0 0 0 0 0
86100 -244.749 0 0 0 0.839264 100 30 1.09692 100 24 0 0 0 -2.31359 100 19 0 0 0 0 0 0 0 0 0 0 0
86200 -243.84 0 0 0 1.22723 100 25 2.00564 100 23 0 0 0 -2.74395 100 15 0 0 0 0 0 0 0 0 0 0 0
86300 -242.84 0 0 0 1.36854 100 27 3.62198 100 24 0 0 0 -2.89406 100 22 0 0 0 0 0 0 0 0 0 0 0
86400 -246.015 0 0 0 2.68647 100 33 5.99419 100 18 0 0 0 -3.64065 100 23 0 0 0 0 0 0 0 0 0 0 0
86500 -242.844 0 0 0 1.89294 100 32 5.42405 100 26 0 0 0 -3.24869 100 21 0 0 0 0 0 0 0 0 0 0 0
86600 -243.163 0 0 0 1.68639 100 29 4.13875 100 19 0 0 0 -3.12004 100 20 0 0 0 0 0 0 0 0 0 0 0
86700 -244.985 0 0 0 1.67837 100 32 6.7751 100 20 0 0 0 -3.00032 100 22 0 0 0 0 0 0 0 0 0 0 0
86800 -247.322 0 0 0 1.42315 100 23 8.26294 100 20 0 0 0 -3.26323 100 27 0 0 0 0 0 0 0 0 0 0 0
86900 -245.881 0 0 0 1.11524 100 30 4.66186 100 23 0 0 0 -2.52739 100 21 0 0 0 0 0 0 0 0 0 0 0
87000 -242.964 0 0 0 1.61573 100 25 3.93995 100 19 0 0 0 -3.01464 100 20 0 0 0 0 0 0 0 0 0 0 0
87100 -246.694 0 0 0 1.01726 100 20 -0.436814 100 22 0 0 0 -2.53608 100 25 0 0 0 0 0 0 0 0 0 0 0
87200 -244.332 0 0 0 1.90058 100 26 7.82628 100 30 0 0 0 -3.31446 100 18 0 0 0 0 0 0 0 0 0 0 0
87300 -247.654 0 0 0 2.0886 100 34 6.94692 100 18 0 0 0 -3.88675 100 20 0 0 0 0 0 0 0 0 0 0 0
87400 -245.032 0 0 0 0.571137 100 34 1.89153 100 16 0 0 0 -2.2466 100 15 0 0 0 0 0 0 0 0 0 0 0
87500 -246.854 0 0 0 0.399894 100 38 3.30405 100 23 0 0 0 -2.28394 100 25 0 0 0 0 0 0 0 0 0 0 0
87600 -243.544 0 0 0 1.08175 100 32 3.36014 100 23 0 0 0 -2.565 100 21 0 0 0 0 0 0 0 0 0 0 0
87700 -243.457 0 0 0 0.966352 100 37 3.9815 100 26 0 0 0 -2.74541 100 16 0 0 0 0 0 0 0 0 0 0 0
87800 -244.193 0 0 0 2.17908 100 37 4.89753 100 25 0 0 0 -3.36316 100 14 0 0 0 0 0 0 0 0 0 0 0
87900 -244.066 0 0 0 0.9537 100 31 3.99593 100 20 0 0 0 -2.86533 100 23 0 0 0 0 0 0 0 0 0 0 0
88000 -243.859 0 0 0 1.39715 100 28 2.25813 100 26 0 0 0 -2.78307 100 18 0 0 0 0 0 0 0 0 0 0 0
88100 -243.721 0 0 0 1.0001 100 28 3.94865 100 18 0 0 0 -2.85443 100 16 0 0 0 0 0 0 0 0 0 0 0
88200 -243.381 0 0 0 1.88892 100 33 6.52222 100 17 0 0 0 -3.44916 100 16 0 0 0 0 0 0 0 0 0 0 0
88300 -243.686 0 0 0 1.97495 100 29 4.43269 100 30 0 0 0 -3.18239 100 15 0 0 0 0 0 0 0 0 0 0 0
88400 -243.674 0 0 0 1.58856 100 25 6.41438 100 27 0 0 0 -3.04552 100 24 0 0 0 0 0 0 0 0 0 0 0
88500 -243.911 0 0 0 1.84034 100 22 4.5162 100 26 0 0 0 -2.96254 100 17 0 0 0 0 0 0 0 0 0 0 0
88600 -244.854 0 0 0 1.03322 100 28 0.69855 100 23 0 0 0 -2.52624 100 22 0 0 0 0 0 0 0 0 0 0 0
88700 -244.271 0 0 0 1.20086 100 26 3.33402 100 11 0 0 0 -2.53032 100 23 0 0 0 0 0 0 0 0 0 0 0
88800 -244.86 0 0 0 2.00761 100 23 3.59861 100 23 0 0 0 -3.12459 100 23 0 0 0 0 0 0 0 0 0 0 0
88900 -243.325 0 0 0 1.4455 100 30 5.60132 100 24 0 0 0 -3.16443 100 21 0 0 0 0 0 0 0 0 0 0 0
89000 -242.779 0 0 0 1.46734 100 21 3.8284 100 20 0 0 0 -2.91878 100 15 0 0 0 0 0 0 0 0 0 0 0
89100 -243.298 0 0 0 1.77824 100 27 4.0749 100 24 0 0 0 -3.03998 100 19 0 0 0 0 0 0 0 0 0 0 0
89200 -242.767 0 0 0 1.68705 100 17 5.73842 100 16 0 0 0 -3.09641 100 17 0 0 0 0 0 0 0 0 0 0 0
89300 -244.199 0 0 0 1.48875 100 24 2.52851 100 23 0 0 0 -2.7183 100 26 0 0 0 0 0 0 0 0 0 0 0
89400 -243.784 0 0 0 0.877967 100 31 3.92692 100 22 0 0 0 -2.71576 100 21 0 0 0 0 0 0 0 0 0 0 0
89500 -243.801 0 0 0 0.776024 100 33 2.75698 100 26 0 0 0 -2.59386 100 18 0 0 0 0 0 0 0 0 0 0 0
89600 -243.23 0 0 0 1.30048 100 22 4.38517 100 21 0 0 0 -3.02085 100 22 0 0 0 0 0 0 0 0 0 0 0
89700 -244.401 0 0 0 1.71641 100 29 3.69814 100 20 0 0 0 -2.82622 100 21 0 0 0 0 0 0 0 0 0 0 0
89800 -244.756 0 0 0 0.865617 100 23 3.56336 100 25 0 0 0 -2.8599 100 17 0 0 0 0 0 0 0 0 0 0 0
89900 -243.492 0 0 0 1.96871 100 27 5.3132 100 28 0 0 0 -3.11855 100 18 0 0 0 0 0 0 0 0 0 0 0
90000 -243.642 0 0 0 1.93019 100 30 4.36676 100 21 0 0 0 -3.2255 100 23 0 0 0 0 0 0 0 0 0 0 0
90100 -244.345 0 0 0 1.20689 100 27 2.04359 100 32 0 0 0 -2.51203 100 24 0 0 0 0 0 0 0 0 0 0 0
90200 -243.592 0 0 0 1.24546 100 24 3.92171 100 22 0 0 0 -2.64362 100 25 0 0 0 0 0 0 0 0 0 0 0
90300 -244.292 0 0 0 0.91667 100 26 4.20565 100 22 0 0 0 -2.57552 100 21 0 0 0 0 0 0 0 0 0 0 0
90400 -243.439 0 0 0 0.917836 100 25 3.58161 100 24 0 0 0 -2.6727 100 24 0 0 0 0 0 0 0 0 0 0 0
90500 -243.652 0 0 0 1.45145 100 24 4.64515 100 23 0 0 0 -3.17083 100 22 0 0 0 0 0 0 0 0 0 0 0
90600 -246.479 0 0 0 2.45676 100 34 9.99092 100 17 0 0 0 -4.06391 100 24 0 0 0 0 0 0 0 0 0 0 0
90700 -242.884 0 0 0 1.54693 100 29 5.37128 100 32 0 0 0 -3.15387 100 22 0 0 0 0 0 0 0 0 0 0 0
90800 -243.22 0 0 0 1.62733 100 31 4.19014 100 24 0 0 0 -3.13465 100 20 0 0 0 0 0 0 0 0 0 0 0
90900 -247.148 0 0 0 1.09844 100 23 0.0558262 100 23 0 0 0 -2.3029 100 22 0 0 0 0 0 0 0 0 0 0 0
91000 -244.084 0 0 0 0.80509 100 33 3.85432 100 28 0 0 0 -2.69269 100 16 0 0 0 0 0 0 0 0 0 0 0
91100 -244.246 0 0 0 1.95128 100 29 7.84623 100 25 0 0 0 -3.3337 100 17 0 0 0 0 0 0 0 0 0 0 0
91200 -243.674 0 0 0 0.960706 100 26 4.27748 100 28 0 0 0 -2.69506 100 20 0 0 0 0 0 0 0 0 0 0 0
91300 -244.293 0 0 0 2.53458 100 32 7.60183 100 22 0 0 0 -3.58668 100 16 0 0 0 0 0 0 0 0 0 0 0
91400 -244.579 0 0 0 1.30683 100 23 2.48974 100 18 0 0 0 -2.54011 100 21 0 0 0 0 0 0 0 0 0 0 0
91500 -242.816 0 0 0 1.29278 100 31 3.49456 100 25 0 0 0 -2.80955 100 25 0 0 0 0 0 0 0 0 0 0 0
91600 -244.657 0 0 0 1.40776 100 24 5.74733 100 24 0 0 0 -2.8076 100 22 0 0 0 0 0 0 0 0 0 0 0
91700 -243.231 0 0 0 1.81705 100 25 6.81029 100 25 0 0 0 -3.23341 100 26 0 0 0 0 0 0 0 0 0 0 0
91800 -243.745 0 0 0 1.92351 100 28 4.5855 100 22 0 0 0 -3.30543 100 20 0 0 0 0 0 0 0 0 0 0 0
91900 -244.159 0 0 0 1.80122 100 27 4.47757 100 20 0 0 0 -2.90865 100 17 0 0 0 0 0 0 0 0 0 0 0
92000 -245.22 0 0 0 1.46211 100 27 1.4661 100 26 0 0 0 -2.8251 100 15 0 0 0 0 0 0 0 0 0 0 0
92100 -249.757 0 0 0 0.898099 100 28 2.29537 100 23 0 0 0 -2.09507 100 22 0 0 0 0 0 0 0 0 0 0 0
92200 -243.54 0 0 0 1.14871 100 25 4.92641 100 27 0 0 0 -2.95151 100 24 0 0 0 0 0 0 0 0 0 0 0
92300 -243.254 0 0 0 1.13029 100 27 2.53513 100 20 0 0 0 -2.69749 100 20 0 0 0 0 0 0 0 0 0 0 0
92400 -244.621 0 0 0 1.38767 100 31 5.32544 100 26 0 0 0 -3.26379 100 20 0 0 0 0 0 0 0 0 0 0 0
92500 -248.08 0 0 0 2.29661 100 36 6.87922 100 29 0 0 0 -3.12389 100 14 0 0 0 0 0 0 0 0 0 0 0
92600 -245.289 0 0 0 1.12953 100 34 0.785608 100 22 0 0 0 -2.45059 100 24 0 0 0 0 0 0 0 0 0 0 0
92700 -244.182 0 0 0 2.48762 100 28 6.78265 100 14 0 0 0 -3.55712 100 15 0 0 0 0 0 0 0 0 0 0 0
92800 -245.214 0 0 0 1.65585 100 30 2.58434 100 24 0 0 0 -3.10893 100 21 0 0 0 0 0 0 0 0 0 0 0
92900 -244.541 0 0 0 2.73062 100 21 8.23393 100 27 0 0 0 -3.85067 100 23 0 0 0 0 0 0 0 0 0 0 0
93000 -243.598 0 0 0 2.27207 100 23 7.48427 100 23 0 0 0 -3.64845 100 20 0 0 0 0 0 0 0 0 0 0 0
93100 -243.128 0 0 0 1.40592 100 27 5.44217 100 23 0 0 0 -3.09715 100 19 0 0 0 0 0 0 0 0 0 0 0
93200 -243.601 0 0 0 2.01358 100 31 7.26223 100 25 0 0 0 -3.30692 100 26 0 0 0 0 0 0 0 0 0 0 0
93300 -244.133 0 0 0 1.47479 100 24 3.1939 100 24 0 0 0 -2.68086 100 21 0 0 0 0 0 0 0 0 0 0 0
93400 -244.359 0 0 0 2.67031 100 36 8.363 100 21 0 0 0 -3.846 100 24 0 0 0 0 0 0 0 0 0 0 0
93500 -243.768 0 0 0 1.99083 100 29 6.07724 100 18 0 0 0 -3.13477 100 26 0 0 0 0 0 0 0 0 0 0 0
93600 -243.418 0 0 0 1.26064 100 26 3.98334 100 29 0 0 0 -2.99563 100 16 0 0 0 0 0 0 0 0 0 0 0
93700 -244.696 0 0 0 1.65873 100 32 6.35915 100 19 0 0 0 -2.95118 100 12 0 0 0 0 0 0 0 0 0 0 0
93800 -242.944 0 0 0 1.89384 100 24 6.64195 100 28 0 0 0 -3.33485 100 23 0 0 0 0 0 0 0 0 0 0 0
93900 -244.673 0 0 0 2.3181 100 29 8.97582 100 22 0 0 0 -3.80228 100 15 0 0 0 0 0 0 0 0 0 0 0
94000 -243.024 0 0 0 1.97826 100 21 5.40849 100 20 0 0 0 -3.2754 100 26 0 0 0 0 0 0 0 0 0 0 0
94100 -243.294 0 0 0 1.0479 100 26 3.56154 100 24 0 0 0 -2.61768 100 21 0 0 0 0 0 0 0 0 0 0 0
94200 -242.853 0 0 0 1.3424 100 19 4.21029 100 27 0 0 0 -2.96595 100 9 0 0 0 0 0 0 0 0 0 0 0
94300 -243.442 0 0 0 1.77413 100 30 5.53044 100 24 0 0 0 -3.00396 100 17 0 0 0 0 0 0 0 0 0 0 0
94400 -243.64 0 0 0 1.79334 100 25 3.96713 100 15 0 0 0 -3.17054 100 26 0 0 0 0 0 0 0 0 0 0 0
94500 -243.739 0 0 0 2.17754 100 33 7.22044 100 29 0 0 0 -3.6391 100 19 0 0 0 0 0 0 0 0 0 0 0
94600 -243.638 0 0 0 1.04318 100 34 3.99176 100 22 0 0 0 -2.61326 100 19 0 0 0 0 0 0 0 0 0 0 0
94700 -242.737 0 0 0 1.80046 100 34 5.22478 100 26 0 0 0 -3.13885 100 18 0 0 0 0 0 0 0 0 0 0 0
94800 -242.786 0 0 0 1.32038 100 24 4.28661 100 22 0 0 0 -2.93748 100 21 0 0 0 0 0 0 0 0 0 0 0
94900 -243.281 0 0 0 1.1497 100 25 3.08096 100 18 0 0 0 -2.60868 100 21 0 0 0 0 0 0 0 0 0 0 0
95000 -243.539 0 0 0 1.73431 100 29 5.50804 100 15 0 0 0 -2.97244 100 21 0 0 0 0 0 0 0 0 0 0 0
95100 -243.983 0 0 0 1.48871 100 26 2.40479 100 17 0 0 0 -2.80771 100 17 0 0 0 0 0 0 0 0 0 0 0
95200 -243.451 0 0 0 1.70522 100 24 3.82573 100 19 0 0 0 -3.11202 100 21 0 0 0 0 0 0 0 0 0 0 0
95300 -243.649 0 0 0 0.807799 100 30 2.94955 100 17 0 0 0 -2.57409 100 17 0 0 0 0 0 0 0 0 0 0 0
95400 -242.733 0 0 0 1.62688 100 33 5.0377 100 15 0 0 0 -2.9978 100 30 0 0 0 0 0 0 0 0 0 0 0
95500 -243.126 0 0 0 1.30058 100 34 5.18954 100 17 0 0 0 -2.89646 100 23 0 0 0 0 0 0 0 0 0 0 0
95600 -243.111 0 0 0 2.11583 100 34 6.29431 100 24 0 0 0 -3.35685 100 28 0 0 0 0 0 0 0 0 0 0 0
95700 -245.732 0 0 0 0.697569 100 29 1.62955 100 17 0 0 0 -2.18321 100 21 0 0 0 0 0 0 0 0 0 0 0
95800 -243.238 0 0 0 1.19609 100 24 3.68147 100 19 0 0 0 -2.65524 100 22 0 0 0 0 0 0 0 0 0 0 0
95900 -243.277 0 0 0 2.20214 100 26 6.35739 100 21 0 0 0 -3.4324 100 22 0 0 0 0 0 0 0 0 0 0 0
96000 -242.6 0 0 0 1.63212 100 34 5.08279 100 11 0 0 0 -3.08183 100 21 0 0 0 0 0 0 0 0 0 0 0
96100 -245.838 0 0 0 0.762784 100 32 3.98832 100 17 0 0 0 -2.41012 100 22 0 0 0 0 0 0 0 0 0 0 0
96200 -243.825 0 0 0 1.62217 100 17 2.96386 100 18 0 0 0 -2.95845 100 26 0 0 0 0 0 0 0 0 0 0 0
96300 -243.399 0 0 0 1.35683 100 32 5.70145 100 19 0 0 0 -2.94872 100 28 0 0 0 0 0 0 0 0 0 0 0
96400 -243.47 0 0 0 1.2388 100 24 5.07494 100 27 0 0 0 -3.02545 100 17 0 0 0 0 0 0 0 0 0 0 0
96500 -246.041 0 0 0 1.19354 100 26 1.35591 100 26 0 0 0 -2.89235 100 23 0 0 0 0 0 0 0 0 0 0 0
96600 -243.099 0 0 0 1.45022 100 27 4.28358 100 13 0 0 0 -3.07175 100 17 0 0 0 0 0 0 0 0 0 0 0
96700 -243.013 0 0 0 1.79355 100 28 6.60303 100 22 0 0 0 -3.29942 100 26 0 0 0 0 0 0 0 0 0 0 0
96800 -242.803 0 0 0 1.24571 100 29 4.15699 100 18 0 0 0 -2.80758 100 22 0 0 0 0 0 0 0 0 0 0 0
96900 -242.719 0 0 0 1.66501 100 24 4.60039 100 19 0 0 0 -3.07308 100 18 0 0 0 0 0 0 0 0 0 0 0
97000 -244.581 0 0 0 2.14433 100 29 8.75998 100 22 0 0 0 -3.65182 100 23 0 0 0 0 0 0 0 0 0 0 0
97100 -243.474 0 0 0 1.95378 100 21 4.88376 100 27 0 0 0 -3.31081 100 23 0 0 0 0 0 0 0 0 0 0 0
97200 -245.411 0 0 0 2.76955 100 27 8.0754 100 31 0 0 0 -3.69032 100 24 0 0 0 0 0 0 0 0 0 0 0
97300 -243.835 0 0 0 1.65548 100 24 6.91863 100 23 0 0 0 -3.14702 100 20 0 0 0 0 0 0 0 0 0 0 0
97400 -243.193 0 0 0 1.27699 100 36 4.76776 100 19 0 0 0 -2.79395 100 27 0 0 0 0 0 0 0 0 0 0 0
97500 -244.442 0 0 0 0.870599 100 28 4.66399 100 22 0 0 0 -2.70145 100 18 0 0 0 0 0 0 0 0 0 0 0
97600 -244.301 0 0 0 0.823574 100 34 3.54673 100 27 0 0 0 -2.48309 100 25 0 0 0 0 0 0 0 0 0 0 0
97700 -243.933 0 0 0 1.0782 100 28 4.85861 100 18 0 0 0 -2.71931 100 26 0 0 0 0 0 0 0 0 0 0 0
97800 -243.36 0 0 0 2.21217 100 34 7.0216 100 23 0 0 0 -3.56516 100 23 0 0 0 0 0 0 0 0 0 0 0
97900 -247.767 0 0 0 1.64809 100 27 7.31536 100 23 0 0 0 -3.69273 100 16 0 0 0 0 0 0 0 0 0 0 0
98000 -242.765 0 0 0 1.28319 100 28 4.40936 100 23 0 0 0 -2.87954 100 14 0 0 0 0 0 0 0 0 0 0 0
98100 -243.334 0 0 0 1.07597 100 31 4.32156 100 22 0 0 0 -2.72117 100 22 0 0 0 0 0 0 0 0 0 0 0
98200 -244.538 0 0 0 2.25244 100 28 5.87702 100 26 0 0 0 -3.62047 100 18 0 0 0 0 0 0 0 0 0 0 0
98300 -243.474 0 0 0 1.54766 100 33 3.07727 100 24 0 0 0 -2.93028 100 24 0 0 0 0 0 0 0 0 0 0 0
98400 -244.182 0 0 0 1.96118 100 23 4.07938 100 18 0 0 0 -3.25779 100 23 0 0 0 0 0 0 0 0 0 0 0
98500 -244.773 0 0 0 0.612309 100 30 0.84031 100 22 0 0 0 -2.38853 100 24 0 0 0 0 0 0 0 0 0 0 0
98600 -242.722 0 0 0 1.73771 100 25 5.06686 100 26 0 0 0 -3.16506 100 21 0 0 0 0 0 0 0 0 0 0 0
98700 -242.634 0 0 0 1.46325 100 26 4.83404 100 19 0 0 0 -2.99856 100 12 0 0 0 0 0 0 0 0 0 0 0
98800 -243.659 0 0 0 0.817902 100 24 2.2413 100 19 0 0 0 -2.51623 100 26 0 0 0 0 0 0 0 0 0 0 0
98900 -243.155 0 0 0 1.29137 100 21 4.10342 100 22 0 0 0 -2.98518 100 18 0 0 0 0 0 0 0 0 0 0 0
99000 -244.193 0 0 0 1.49045 100 28 2.98744 100 18 0 0 0 -3.04824 100 21 0 0 0 0 0 0 0 0 0 0 0
99100 -244.034 0 0 0 1.79697 100 21 4.06649 100 23 0 0 0 -2.92111 100 22 0 0 0 0 0 0 0 0 0 0 0
99200 -245.653 0 0 0 0.357868 100 31 2.46411 100 18 0 0 0 -2.39985 100 19 0 0 0 0 0 0 0 0 0 0 0
99300 -245.921 0 0 0 1.41774 100 30 7.59528 100 23 0 0 0 -3.32722 100 19 0 0 0 0 0 0 0 0 0 0 0
99400 -243.014 0 0 0 1.58696 100 26 4.55287 100 15 0 0 0 -2.89608 100 18 0 0 0 0 0 0 0 0 0 0 0
99500 -243.286 0 0 0 1.48117 100 20 3.76249 100 19 0 0 0 -3.04794 100 12 0 0 0 0 0 0 0 0 0 0 0
99600 -244.525 0 0 0 0.860879 100 36 1.06334 100 18 0 0 0 -2.36128 100 21 0 0 0 0 0 0 0 0 0 0 0
99700 -244.267 0 0 0 0.823717 100 35 4.22972 100 30 0 0 0 -2.64587 100 13 0 0 0 0 0 0 0 0 0 0 0
99800 -244.381 0 0 0 1.48564 100 23 2.06522 100 22 0 0 0 -2.80499 100 24 0 0 0 0 0 0 0 0 0 0 0
99900 -244.888 0 0 0 1.5167 100 28 4.73998 100 24 0 0 0 -2.71233 100 17 0 0 0 0 0 0 0 0 0 0 0
100000 -244.227 0 0 0 0.628929 100 34 1.98325 100 15 0 0 0 -2.44111 100 21 0 0 0 0 0 0 0 0 0 0 0
