iteration logLik intercept1 intercept1_p intercept1_a pcov2 pcov2_p pcov2_a pcov3 pcov3_p pcov3_a pcov4 pcov4_p pcov4_a intercept2 intercept2_p intercept2_a intercept3 intercept3_p intercept3_a intercept4 intercept4_p intercept4_a pcov pcov_p pcov_a data_p data_a
0 -845.759 0 0 0 -15.4008 0 0 -10.0428 0 0 0 0 0 -6.36206 0 0 0 0 0 0 0 0 0 0 0 0 0
100 -239.962 0 0 0 1.35023 100 39 -6.37812 100 60 0 0 0 -2.75871 100 25 0 0 0 0 0 0 0 0 0 0 0
200 -240.761 0 0 0 1.50382 100 22 -8.41989 100 43 0 0 0 -2.52975 100 18 0 0 0 0 0 0 0 0 0 0 0
300 -244.103 0 0 0 0.0799788 100 38 -0.122648 100 53 0 0 0 -1.91571 100 24 0 0 0 0 0 0 0 0 0 0 0
400 -239.615 0 0 0 0.711283 100 31 -10.8227 100 46 0 0 0 -2.27001 100 17 0 0 0 0 0 0 0 0 0 0 0
500 -242.024 0 0 0 0.766183 100 21 -3.33186 100 45 0 0 0 -1.91081 100 24 0 0 0 0 0 0 0 0 0 0 0
600 -238.727 0 0 0 0.888369 100 23 -2.67859 100 53 0 0 0 -2.26012 100 19 0 0 0 0 0 0 0 0 0 0 0
700 -240.017 0 0 0 0.440225 100 22 -2.9003 100 54 0 0 0 -1.99139 100 22 0 0 0 0 0 0 0 0 0 0 0
800 -238.753 0 0 0 1.01593 100 30 -6.1434 100 50 0 0 0 -2.47705 100 17 0 0 0 0 0 0 0 0 0 0 0
900 -240.52 0 0 0 0.938493 100 23 -13.3817 100 50 0 0 0 -2.39787 100 21 0 0 0 0 0 0 0 0 0 0 0
1000 -239.38 0 0 0 0.574042 100 36 -9.31967 100 60 0 0 0 -2.19385 100 31 0 0 0 0 0 0 0 0 0 0 0
1100 -240.655 0 0 0 0.702293 100 22 0.523221 100 52 0 0 0 -2.2417 100 26 0 0 0 0 0 0 0 0 0 0 0
1200 -242.235 0 0 0 0.105251 100 22 -2.31897 100 51 0 0 0 -1.85214 100 24 0 0 0 0 0 0 0 0 0 0 0
1300 -240.45 0 0 0 1.7766 100 29 -0.353379 100 56 0 0 0 -2.95639 100 25 0 0 0 0 0 0 0 0 0 0 0
1400 -240.696 0 0 0 0.756684 100 21 -10.7334 100 58 0 0 0 -2.44416 100 19 0 0 0 0 0 0 0 0 0 0 0
1500 -239.008 0 0 0 1.30138 100 27 -2.9882 100 52 0 0 0 -2.47461 100 26 0 0 0 0 0 0 0 0 0 0 0
1600 -239.687 0 0 0 0.575783 100 24 -2.11581 100 50 0 0 0 -2.08666 100 20 0 0 0 0 0 0 0 0 0 0 0
1700 -241.628 0 0 0 1.81298 100 27 -7.82103 100 55 0 0 0 -2.89188 100 22 0 0 0 0 0 0 0 0 0 0 0
1800 -239.396 0 0 0 1.21782 100 25 -5.81878 100 48 0 0 0 -2.66314 100 21 0 0 0 0 0 0 0 0 0 0 0
1900 -241.271 0 0 0 1.28172 100 26 -3.08367 100 60 0 0 0 -2.9013 100 19 0 0 0 0 0 0 0 0 0 0 0
2000 -240.936 0 0 0 1.72793 100 24 -6.51706 100 47 0 0 0 -2.90236 100 18 0 0 0 0 0 0 0 0 0 0 0
2100 -239.324 0 0 0 0.741072 100 25 -8.06187 100 62 0 0 0 -2.05787 100 23 0 0 0 0 0 0 0 0 0 0 0
2200 -240.105 0 0 0 1.05068 100 19 -1.8994 100 42 0 0 0 -2.20518 100 21 0 0 0 0 0 0 0 0 0 0 0
2300 -239.085 0 0 0 0.700684 100 32 -7.72028 100 39 0 0 0 -2.30573 100 29 0 0 0 0 0 0 0 0 0 0 0
2400 -238.947 0 0 0 1.02432 100 34 -1.07361 100 56 0 0 0 -2.39939 100 26 0 0 0 0 0 0 0 0 0 0 0
2500 -239.225 0 0 0 0.516376 100 34 -7.38725 100 52 0 0 0 -2.17971 100 20 0 0 0 0 0 0 0 0 0 0 0
2600 -241.459 0 0 0 1.8661 100 23 1.58861 100 46 0 0 0 -2.87978 100 20 0 0 0 0 0 0 0 0 0 0 0
2700 -239.632 0 0 0 1.534 100 21 -2.38573 100 50 0 0 0 -2.828 100 26 0 0 0 0 0 0 0 0 0 0 0
2800 -240.482 0 0 0 1.02455 100 26 -12.6791 100 40 0 0 0 -2.46638 100 23 0 0 0 0 0 0 0 0 0 0 0
2900 -240.515 0 0 0 1.77171 100 25 0.173587 100 50 0 0 0 -2.85346 100 18 0 0 0 0 0 0 0 0 0 0 0
3000 -238.859 0 0 0 0.611513 100 23 -7.15906 100 54 0 0 0 -2.09321 100 21 0 0 0 0 0 0 0 0 0 0 0
3100 -239.937 0 0 0 1.46695 100 34 -5.05664 100 55 0 0 0 -2.81816 100 18 0 0 0 0 0 0 0 0 0 0 0
3200 -238.757 0 0 0 1.22502 100 24 -2.44974 100 47 0 0 0 -2.47521 100 18 0 0 0 0 0 0 0 0 0 0 0
3300 -240.519 0 0 0 0.944445 100 23 0.154806 100 43 0 0 0 -2.22847 100 21 0 0 0 0 0 0 0 0 0 0 0
3400 -238.88 0 0 0 1.25831 100 25 -2.11759 100 56 0 0 0 -2.48699 100 14 0 0 0 0 0 0 0 0 0 0 0
3500 -238.517 0 0 0 1.11531 100 29 -3.4164 100 49 0 0 0 -2.49673 100 21 0 0 0 0 0 0 0 0 0 0 0
3600 -238.595 0 0 0 1.05525 100 26 -3.58679 100 46 0 0 0 -2.33929 100 14 0 0 0 0 0 0 0 0 0 0 0
3700 -238.805 0 0 0 0.811215 100 29 -4.5988 100 51 0 0 0 -2.15122 100 25 0 0 0 0 0 0 0 0 0 0 0
3800 -238.574 0 0 0 0.891784 100 29 -3.49428 100 57 0 0 0 -2.25799 100 16 0 0 0 0 0 0 0 0 0 0 0
3900 -243.507 0 0 0 0.707593 100 18 -14.4183 100 55 0 0 0 -2.53199 100 30 0 0 0 0 0 0 0 0 0 0 0
4000 -240.932 0 0 0 0.459994 100 32 -4.63805 100 58 0 0 0 -1.83416 100 22 0 0 0 0 0 0 0 0 0 0 0
4100 -241.082 0 0 0 0.659183 100 26 0.8895 100 52 0 0 0 -2.27281 100 24 0 0 0 0 0 0 0 0 0 0 0
4200 -240.131 0 0 0 0.640045 100 22 -11.9355 100 54 0 0 0 -2.25559 100 17 0 0 0 0 0 0 0 0 0 0 0
4300 -238.726 0 0 0 1.07291 100 23 -2.07252 100 55 0 0 0 -2.51441 100 19 0 0 0 0 0 0 0 0 0 0 0
4400 -238.792 0 0 0 0.606159 100 21 -4.55501 100 47 0 0 0 -2.17658 100 21 0 0 0 0 0 0 0 0 0 0 0
4500 -239.367 0 0 0 0.474421 100 28 -7.64399 100 54 0 0 0 -2.15739 100 22 0 0 0 0 0 0 0 0 0 0 0
4600 -238.733 0 0 0 0.741985 100 31 -4.54792 100 53 0 0 0 -2.14259 100 23 0 0 0 0 0 0 0 0 0 0 0
4700 -239.345 0 0 0 1.21281 100 26 -8.13784 100 59 0 0 0 -2.55594 100 21 0 0 0 0 0 0 0 0 0 0 0
4800 -240.728 0 0 0 1.28647 100 23 -12.2418 100 49 0 0 0 -2.55454 100 17 0 0 0 0 0 0 0 0 0 0 0
4900 -239.39 0 0 0 1.09387 100 27 -9.60417 100 48 0 0 0 -2.35948 100 19 0 0 0 0 0 0 0 0 0 0 0
5000 -239.021 0 0 0 1.07626 100 21 -3.63196 100 53 0 0 0 -2.59032 100 27 0 0 0 0 0 0 0 0 0 0 0
5100 -239.211 0 0 0 1.34556 100 29 -1.89117 100 47 0 0 0 -2.72147 100 20 0 0 0 0 0 0 0 0 0 0 0
5200 -238.658 0 0 0 1.18854 100 24 -2.44974 100 58 0 0 0 -2.47837 100 19 0 0 0 0 0 0 0 0 0 0 0
5300 -239.071 0 0 0 0.553729 100 34 -8.04956 100 40 0 0 0 -2.05994 100 19 0 0 0 0 0 0 0 0 0 0 0
5400 -238.979 0 0 0 1.11476 100 25 -8.01654 100 53 0 0 0 -2.43263 100 19 0 0 0 0 0 0 0 0 0 0 0
5500 -238.946 0 0 0 0.602325 100 30 -6.56153 100 55 0 0 0 -2.05725 100 17 0 0 0 0 0 0 0 0 0 0 0
5600 -240.686 0 0 0 1.22998 100 17 -2.60681 100 49 0 0 0 -2.26006 100 25 0 0 0 0 0 0 0 0 0 0 0
5700 -240.09 0 0 0 1.33764 100 24 -7.9957 100 60 0 0 0 -2.41581 100 24 0 0 0 0 0 0 0 0 0 0 0
5800 -241.573 0 0 0 1.27762 100 26 -12.6827 100 49 0 0 0 -2.33938 100 19 0 0 0 0 0 0 0 0 0 0 0
5900 -240.346 0 0 0 1.58321 100 25 -3.76308 100 55 0 0 0 -2.92175 100 26 0 0 0 0 0 0 0 0 0 0 0
6000 -238.988 0 0 0 1.35424 100 23 -2.53879 100 65 0 0 0 -2.67439 100 26 0 0 0 0 0 0 0 0 0 0 0
6100 -240.894 0 0 0 0.874668 100 26 -7.55471 100 51 0 0 0 -2.60349 100 23 0 0 0 0 0 0 0 0 0 0 0
6200 -242.203 0 0 0 0.360566 100 21 -1.24214 100 57 0 0 0 -2.33545 100 22 0 0 0 0 0 0 0 0 0 0 0
6300 -238.642 0 0 0 0.914265 100 24 -6.54875 100 59 0 0 0 -2.39031 100 24 0 0 0 0 0 0 0 0 0 0 0
6400 -242.569 0 0 0 1.42005 100 26 1.77063 100 53 0 0 0 -3.03726 100 24 0 0 0 0 0 0 0 0 0 0 0
6500 -240.16 0 0 0 0.425852 100 34 -11.6728 100 57 0 0 0 -1.96018 100 30 0 0 0 0 0 0 0 0 0 0 0
6600 -240.893 0 0 0 0.565677 100 19 -15.1148 100 45 0 0 0 -2.09702 100 23 0 0 0 0 0 0 0 0 0 0 0
6700 -240.889 0 0 0 1.17667 100 22 -2.31923 100 50 0 0 0 -2.82537 100 25 0 0 0 0 0 0 0 0 0 0 0
6800 -240.008 0 0 0 1.14175 100 24 -6.63131 100 46 0 0 0 -2.22889 100 21 0 0 0 0 0 0 0 0 0 0 0
6900 -239.753 0 0 0 1.50097 100 32 -6.38391 100 57 0 0 0 -2.70315 100 22 0 0 0 0 0 0 0 0 0 0 0
7000 -241.721 0 0 0 1.37458 100 18 -2.01213 100 55 0 0 0 -2.98332 100 21 0 0 0 0 0 0 0 0 0 0 0
7100 -239.031 0 0 0 1.19532 100 23 -5.18406 100 60 0 0 0 -2.36675 100 20 0 0 0 0 0 0 0 0 0 0 0
7200 -240.411 0 0 0 0.614121 100 23 -10.6779 100 44 0 0 0 -2.32684 100 13 0 0 0 0 0 0 0 0 0 0 0
7300 -242.083 0 0 0 2.02064 100 22 2.45354 100 59 0 0 0 -3.13318 100 21 0 0 0 0 0 0 0 0 0 0 0
7400 -240.296 0 0 0 1.76422 100 40 -0.664935 100 58 0 0 0 -2.89214 100 27 0 0 0 0 0 0 0 0 0 0 0
7500 -238.871 0 0 0 0.698467 100 22 -5.7465 100 47 0 0 0 -2.0898 100 16 0 0 0 0 0 0 0 0 0 0 0
7600 -239.684 0 0 0 0.472897 100 28 -5.39078 100 47 0 0 0 -2.24219 100 18 0 0 0 0 0 0 0 0 0 0 0
7700 -239.535 0 0 0 1.16947 100 31 -4.57324 100 57 0 0 0 -2.68592 100 20 0 0 0 0 0 0 0 0 0 0 0
7800 -239.065 0 0 0 0.963197 100 27 -9.18845 100 44 0 0 0 -2.29458 100 22 0 0 0 0 0 0 0 0 0 0 0
7900 -239.002 0 0 0 0.879398 100 25 -3.29266 100 45 0 0 0 -2.18204 100 21 0 0 0 0 0 0 0 0 0 0 0
8000 -238.818 0 0 0 0.649276 100 26 -4.8125 100 51 0 0 0 -2.10487 100 21 0 0 0 0 0 0 0 0 0 0 0
8100 -238.51 0 0 0 0.790265 100 21 -5.08418 100 58 0 0 0 -2.3069 100 23 0 0 0 0 0 0 0 0 0 0 0
8200 -239.739 0 0 0 1.60361 100 26 -2.12941 100 51 0 0 0 -2.70089 100 23 0 0 0 0 0 0 0 0 0 0 0
8300 -239.006 0 0 0 0.881762 100 21 -3.71298 100 64 0 0 0 -2.47721 100 28 0 0 0 0 0 0 0 0 0 0 0
8400 -238.685 0 0 0 1.09892 100 30 -2.2644 100 47 0 0 0 -2.40077 100 21 0 0 0 0 0 0 0 0 0 0 0
8500 -241.083 0 0 0 0.418223 100 22 -0.745573 100 57 0 0 0 -2.21486 100 17 0 0 0 0 0 0 0 0 0 0 0
8600 -238.971 0 0 0 0.784011 100 30 -3.83358 100 52 0 0 0 -2.13276 100 28 0 0 0 0 0 0 0 0 0 0 0
8700 -238.601 0 0 0 0.782387 100 22 -3.28593 100 53 0 0 0 -2.26925 100 22 0 0 0 0 0 0 0 0 0 0 0
8800 -240.658 0 0 0 1.51938 100 26 -6.74754 100 53 0 0 0 -2.51303 100 17 0 0 0 0 0 0 0 0 0 0 0
8900 -243.853 0 0 0 2.13681 100 21 4.71435 100 56 0 0 0 -3.27272 100 20 0 0 0 0 0 0 0 0 0 0 0
9000 -240.613 0 0 0 1.27247 100 31 0.860692 100 56 0 0 0 -2.42822 100 21 0 0 0 0 0 0 0 0 0 0 0
9100 -241.16 0 0 0 1.10818 100 21 -12.5169 100 52 0 0 0 -2.5986 100 23 0 0 0 0 0 0 0 0 0 0 0
9200 -238.583 0 0 0 1.11874 100 27 -5.39772 100 58 0 0 0 -2.48296 100 30 0 0 0 0 0 0 0 0 0 0 0
9300 -241.387 0 0 0 1.05446 100 28 -9.13639 100 42 0 0 0 -2.70037 100 22 0 0 0 0 0 0 0 0 0 0 0
9400 -239.161 0 0 0 1.2651 100 30 -3.15793 100 60 0 0 0 -2.41374 100 17 0 0 0 0 0 0 0 0 0 0 0
9500 -238.442 0 0 0 1.02073 100 27 -4.59739 100 60 0 0 0 -2.34754 100 21 0 0 0 0 0 0 0 0 0 0 0
9600 -238.673 0 0 0 0.949596 100 30 -3.80584 100 59 0 0 0 -2.46538 100 19 0 0 0 0 0 0 0 0 0 0 0
9700 -239.917 0 0 0 0.409917 100 25 -6.17755 100 59 0 0 0 -2.20842 100 21 0 0 0 0 0 0 0 0 0 0 0
9800 -241.662 0 0 0 0.641433 100 23 -12.4907 100 48 0 0 0 -2.40822 100 17 0 0 0 0 0 0 0 0 0 0 0
9900 -239.616 0 0 0 1.51502 100 32 -0.525997 100 55 0 0 0 -2.6733 100 14 0 0 0 0 0 0 0 0 0 0 0
10000 -239.995 0 0 0 0.469257 100 26 -3.41073 100 61 0 0 0 -2.26409 100 9 0 0 0 0 0 0 0 0 0 0 0
10100 -240.731 0 0 0 1.79872 100 20 -4.57943 100 47 0 0 0 -2.85373 100 23 0 0 0 0 0 0 0 0 0 0 0
10200 -239.071 0 0 0 0.788759 100 27 -1.6901 100 45 0 0 0 -2.25018 100 22 0 0 0 0 0 0 0 0 0 0 0
10300 -238.983 0 0 0 0.514308 100 29 -5.58883 100 54 0 0 0 -2.0817 100 22 0 0 0 0 0 0 0 0 0 0 0
10400 -240.716 0 0 0 1.29059 100 22 -6.80688 100 63 0 0 0 -2.29344 100 22 0 0 0 0 0 0 0 0 0 0 0
10500 -239.796 0 0 0 1.57136 100 37 -0.56403 100 49 0 0 0 -2.84367 100 17 0 0 0 0 0 0 0 0 0 0 0
10600 -238.633 0 0 0 0.78796 100 27 -3.6236 100 57 0 0 0 -2.20944 100 23 0 0 0 0 0 0 0 0 0 0 0
10700 -238.892 0 0 0 0.859577 100 23 -1.86801 100 54 0 0 0 -2.38683 100 27 0 0 0 0 0 0 0 0 0 0 0
10800 -240.73 0 0 0 0.431493 100 33 -0.99944 100 49 0 0 0 -2.17879 100 23 0 0 0 0 0 0 0 0 0 0 0
10900 -238.682 0 0 0 1.07486 100 32 -2.97058 100 56 0 0 0 -2.35072 100 19 0 0 0 0 0 0 0 0 0 0 0
11000 -238.568 0 0 0 1.13662 100 24 -4.06066 100 55 0 0 0 -2.52074 100 20 0 0 0 0 0 0 0 0 0 0 0
11100 -238.721 0 0 0 0.958619 100 24 -5.49954 100 52 0 0 0 -2.23619 100 16 0 0 0 0 0 0 0 0 0 0 0
11200 -241.085 0 0 0 0.425398 100 33 -9.00127 100 53 0 0 0 -1.78672 100 21 0 0 0 0 0 0 0 0 0 0 0
11300 -238.765 0 0 0 0.89298 100 26 -2.06065 100 53 0 0 0 -2.39085 100 15 0 0 0 0 0 0 0 0 0 0 0
11400 -238.824 0 0 0 0.99226 100 25 -4.10412 100 48 0 0 0 -2.24785 100 15 0 0 0 0 0 0 0 0 0 0 0
11500 -240.006 0 0 0 0.286447 100 33 -5.83182 100 53 0 0 0 -2.07638 100 12 0 0 0 0 0 0 0 0 0 0 0
11600 -238.927 0 0 0 0.761319 100 20 -2.2164 100 50 0 0 0 -2.31326 100 24 0 0 0 0 0 0 0 0 0 0 0
11700 -239.946 0 0 0 1.20079 100 23 -2.99752 100 52 0 0 0 -2.75676 100 25 0 0 0 0 0 0 0 0 0 0 0
11800 -239.259 0 0 0 0.653541 100 17 -9.4371 100 57 0 0 0 -2.073 100 20 0 0 0 0 0 0 0 0 0 0 0
11900 -238.441 0 0 0 0.828036 100 21 -4.95586 100 56 0 0 0 -2.31067 100 22 0 0 0 0 0 0 0 0 0 0 0
12000 -243.511 0 0 0 1.46377 100 17 -12.9939 100 60 0 0 0 -2.9186 100 20 0 0 0 0 0 0 0 0 0 0 0
12100 -241.748 0 0 0 1.69884 100 26 -4.71143 100 52 0 0 0 -3.07213 100 15 0 0 0 0 0 0 0 0 0 0 0
12200 -241.526 0 0 0 0.113355 100 20 -9.7393 100 57 0 0 0 -1.71886 100 27 0 0 0 0 0 0 0 0 0 0 0
12300 -238.653 0 0 0 0.954662 100 29 -2.11115 100 56 0 0 0 -2.39409 100 20 0 0 0 0 0 0 0 0 0 0 0
12400 -239.386 0 0 0 0.698432 100 23 -5.82495 100 51 0 0 0 -2.38681 100 22 0 0 0 0 0 0 0 0 0 0 0
12500 -239.661 0 0 0 0.724437 100 25 -5.29814 100 46 0 0 0 -2.00937 100 12 0 0 0 0 0 0 0 0 0 0 0
12600 -241.837 0 0 0 2.03008 100 30 0.766132 100 59 0 0 0 -2.995 100 29 0 0 0 0 0 0 0 0 0 0 0
12700 -239.072 0 0 0 0.577469 100 22 -6.26471 100 61 0 0 0 -2.0285 100 25 0 0 0 0 0 0 0 0 0 0 0
12800 -239.385 0 0 0 0.775953 100 25 -10.6122 100 58 0 0 0 -2.26311 100 16 0 0 0 0 0 0 0 0 0 0 0
12900 -239.764 0 0 0 1.35914 100 19 0.679709 100 54 0 0 0 -2.72189 100 26 0 0 0 0 0 0 0 0 0 0 0
13000 -239.821 0 0 0 1.2225 100 27 -2.32366 100 42 0 0 0 -2.32514 100 18 0 0 0 0 0 0 0 0 0 0 0
13100 -239.438 0 0 0 1.25574 100 29 -7.61923 100 52 0 0 0 -2.41627 100 20 0 0 0 0 0 0 0 0 0 0 0
13200 -238.977 0 0 0 1.12023 100 26 -7.77032 100 50 0 0 0 -2.47097 100 26 0 0 0 0 0 0 0 0 0 0 0
13300 -240.482 0 0 0 1.55611 100 18 1.40434 100 52 0 0 0 -2.69926 100 17 0 0 0 0 0 0 0 0 0 0 0
13400 -240.347 0 0 0 0.700037 100 27 -1.35041 100 56 0 0 0 -2.06619 100 18 0 0 0 0 0 0 0 0 0 0 0
13500 -239.154 0 0 0 0.582339 100 32 -3.81532 100 53 0 0 0 -2.25119 100 26 0 0 0 0 0 0 0 0 0 0 0
13600 -239.557 0 0 0 1.09078 100 23 -9.8552 100 59 0 0 0 -2.32324 100 17 0 0 0 0 0 0 0 0 0 0 0
13700 -238.603 0 0 0 0.891271 100 19 -2.57037 100 58 0 0 0 -2.35324 100 29 0 0 0 0 0 0 0 0 0 0 0
13800 -239.173 0 0 0 1.06002 100 32 -0.547154 100 56 0 0 0 -2.40934 100 21 0 0 0 0 0 0 0 0 0 0 0
13900 -238.528 0 0 0 0.900599 100 29 -6.66683 100 60 0 0 0 -2.27947 100 30 0 0 0 0 0 0 0 0 0 0 0
14000 -238.907 0 0 0 0.765387 100 33 -7.62497 100 49 0 0 0 -2.12597 100 19 0 0 0 0 0 0 0 0 0 0 0
14100 -239.772 0 0 0 0.498517 100 24 -7.47163 100 49 0 0 0 -2.25167 100 20 0 0 0 0 0 0 0 0 0 0 0
14200 -240.365 0 0 0 0.911701 100 18 -5.58955 100 55 0 0 0 -2.61573 100 17 0 0 0 0 0 0 0 0 0 0 0
14300 -240.415 0 0 0 1.73837 100 25 -4.40682 100 50 0 0 0 -2.88025 100 13 0 0 0 0 0 0 0 0 0 0 0
14400 -239.765 0 0 0 1.59264 100 19 -0.605153 100 60 0 0 0 -2.82687 100 27 0 0 0 0 0 0 0 0 0 0 0
14500 -238.877 0 0 0 1.13377 100 24 -1.36644 100 54 0 0 0 -2.43865 100 22 0 0 0 0 0 0 0 0 0 0 0
14600 -240.011 0 0 0 1.00572 100 16 -8.12466 100 53 0 0 0 -2.14622 100 26 0 0 0 0 0 0 0 0 0 0 0
14700 -239.101 0 0 0 1.19885 100 27 -2.61544 100 54 0 0 0 -2.37918 100 14 0 0 0 0 0 0 0 0 0 0 0
14800 -238.49 0 0 0 0.932861 100 25 -5.90169 100 52 0 0 0 -2.28169 100 14 0 0 0 0 0 0 0 0 0 0 0
14900 -239.779 0 0 0 0.644928 100 25 -1.38864 100 49 0 0 0 -2.3308 100 21 0 0 0 0 0 0 0 0 0 0 0
15000 -238.926 0 0 0 0.970551 100 33 -7.28894 100 47 0 0 0 -2.23518 100 18 0 0 0 0 0 0 0 0 0 0 0
15100 -241.943 0 0 0 0.837086 100 24 -17.7998 100 61 0 0 0 -2.29492 100 19 0 0 0 0 0 0 0 0 0 0 0
15200 -239.729 0 0 0 1.37004 100 34 0.0198661 100 51 0 0 0 -2.77041 100 24 0 0 0 0 0 0 0 0 0 0 0
15300 -238.862 0 0 0 0.61976 100 28 -7.30622 100 59 0 0 0 -2.19405 100 21 0 0 0 0 0 0 0 0 0 0 0
15400 -239.793 0 0 0 0.921905 100 34 -8.62339 100 46 0 0 0 -2.50606 100 19 0 0 0 0 0 0 0 0 0 0 0
15500 -242.414 0 0 0 0.438792 100 23 -0.482394 100 55 0 0 0 -1.921 100 26 0 0 0 0 0 0 0 0 0 0 0
15600 -239.345 0 0 0 0.844465 100 21 -10.5546 100 62 0 0 0 -2.28663 100 14 0 0 0 0 0 0 0 0 0 0 0
15700 -240.808 0 0 0 0.409963 100 22 -5.35034 100 60 0 0 0 -2.30968 100 25 0 0 0 0 0 0 0 0 0 0 0
15800 -238.968 0 0 0 1.34205 100 26 -4.99285 100 50 0 0 0 -2.5647 100 20 0 0 0 0 0 0 0 0 0 0 0
15900 -239.278 0 0 0 0.777711 100 22 -10.3021 100 60 0 0 0 -2.2541 100 22 0 0 0 0 0 0 0 0 0 0 0
16000 -240.487 0 0 0 0.200346 100 20 -9.69792 100 53 0 0 0 -1.95179 100 27 0 0 0 0 0 0 0 0 0 0 0
16100 -238.808 0 0 0 0.596195 100 30 -4.62302 100 55 0 0 0 -2.16558 100 19 0 0 0 0 0 0 0 0 0 0 0
16200 -238.461 0 0 0 0.907746 100 26 -4.35048 100 53 0 0 0 -2.27195 100 21 0 0 0 0 0 0 0 0 0 0 0
16300 -238.497 0 0 0 1.1043 100 21 -3.04427 100 49 0 0 0 -2.4519 100 26 0 0 0 0 0 0 0 0 0 0 0
16400 -238.96 0 0 0 0.780963 100 31 -7.98482 100 45 0 0 0 -2.32741 100 20 0 0 0 0 0 0 0 0 0 0 0
16500 -239.792 0 0 0 0.399339 100 18 -3.44801 100 46 0 0 0 -2.01801 100 22 0 0 0 0 0 0 0 0 0 0 0
16600 -238.594 0 0 0 1.07463 100 24 -3.21308 100 51 0 0 0 -2.36382 100 14 0 0 0 0 0 0 0 0 0 0 0
16700 -239.728 0 0 0 1.37766 100 26 -7.74229 100 58 0 0 0 -2.51901 100 23 0 0 0 0 0 0 0 0 0 0 0
16800 -239.624 0 0 0 0.580272 100 37 -10.4698 100 58 0 0 0 -2.02151 100 29 0 0 0 0 0 0 0 0 0 0 0
16900 -239.01 0 0 0 1.36581 100 29 -3.96464 100 56 0 0 0 -2.663 100 25 0 0 0 0 0 0 0 0 0 0 0
17000 -239.608 0 0 0 0.516694 100 21 -10.5685 100 52 0 0 0 -2.10083 100 25 0 0 0 0 0 0 0 0 0 0 0
17100 -238.982 0 0 0 1.16551 100 22 -2.36552 100 39 0 0 0 -2.3795 100 19 0 0 0 0 0 0 0 0 0 0 0
17200 -240.665 0 0 0 1.50995 100 29 -0.173137 100 44 0 0 0 -2.53406 100 17 0 0 0 0 0 0 0 0 0 0 0
17300 -238.866 0 0 0 1.02045 100 23 -1.3472 100 60 0 0 0 -2.38784 100 18 0 0 0 0 0 0 0 0 0 0 0
17400 -240.68 0 0 0 0.289153 100 19 -6.77408 100 52 0 0 0 -2.17829 100 25 0 0 0 0 0 0 0 0 0 0 0
17500 -239.67 0 0 0 1.27081 100 28 -2.99574 100 51 0 0 0 -2.36242 100 27 0 0 0 0 0 0 0 0 0 0 0
17600 -240.295 0 0 0 1.04403 100 30 -0.859256 100 45 0 0 0 -2.22799 100 29 0 0 0 0 0 0 0 0 0 0 0
17700 -240.202 0 0 0 0.215498 100 27 -8.14745 100 56 0 0 0 -1.95735 100 13 0 0 0 0 0 0 0 0 0 0 0
17800 -239.519 0 0 0 1.51496 100 33 -2.92336 100 52 0 0 0 -2.79867 100 27 0 0 0 0 0 0 0 0 0 0 0
17900 -240.912 0 0 0 0.458084 100 21 -2.94345 100 54 0 0 0 -1.88843 100 17 0 0 0 0 0 0 0 0 0 0 0
18000 -238.697 0 0 0 1.23454 100 21 -3.99643 100 43 0 0 0 -2.47354 100 23 0 0 0 0 0 0 0 0 0 0 0
18100 -238.515 0 0 0 0.761584 100 26 -6.04521 100 38 0 0 0 -2.25268 100 19 0 0 0 0 0 0 0 0 0 0 0
18200 -238.821 0 0 0 0.847789 100 28 -7.86446 100 49 0 0 0 -2.19518 100 22 0 0 0 0 0 0 0 0 0 0 0
18300 -240.276 0 0 0 1.26153 100 21 -3.2549 100 55 0 0 0 -2.81298 100 18 0 0 0 0 0 0 0 0 0 0 0
18400 -238.551 0 0 0 1.08875 100 19 -2.6735 100 51 0 0 0 -2.48142 100 26 0 0 0 0 0 0 0 0 0 0 0
18500 -239.492 0 0 0 0.987389 100 29 -6.19119 100 57 0 0 0 -2.16269 100 22 0 0 0 0 0 0 0 0 0 0 0
18600 -239.132 0 0 0 1.0289 100 21 -9.23366 100 54 0 0 0 -2.37128 100 24 0 0 0 0 0 0 0 0 0 0 0
18700 -238.768 0 0 0 0.783551 100 24 -3.48919 100 48 0 0 0 -2.36121 100 22 0 0 0 0 0 0 0 0 0 0 0
18800 -239.668 0 0 0 0.69874 100 24 -10.764 100 46 0 0 0 -2.06449 100 25 0 0 0 0 0 0 0 0 0 0 0
18900 -241.008 0 0 0 1.01257 100 26 -7.23227 100 48 0 0 0 -2.69209 100 19 0 0 0 0 0 0 0 0 0 0 0
19000 -238.651 0 0 0 1.1355 100 21 -2.51291 100 53 0 0 0 -2.42473 100 21 0 0 0 0 0 0 0 0 0 0 0
19100 -239.381 0 0 0 1.36868 100 28 -0.451365 100 57 0 0 0 -2.71742 100 20 0 0 0 0 0 0 0 0 0 0 0
19200 -240.515 0 0 0 0.869498 100 26 1.07085 100 53 0 0 0 -2.45558 100 25 0 0 0 0 0 0 0 0 0 0 0
19300 -238.749 0 0 0 1.14318 100 20 -4.33699 100 54 0 0 0 -2.36652 100 24 0 0 0 0 0 0 0 0 0 0 0
19400 -239.977 0 0 0 1.15184 100 27 -1.10375 100 46 0 0 0 -2.30383 100 19 0 0 0 0 0 0 0 0 0 0 0
19500 -239.308 0 0 0 1.30969 100 36 -7.28428 100 52 0 0 0 -2.51361 100 26 0 0 0 0 0 0 0 0 0 0 0
19600 -240.719 0 0 0 1.77279 100 24 1.0781 100 51 0 0 0 -2.96079 100 18 0 0 0 0 0 0 0 0 0 0 0
19700 -244.085 0 0 0 1.33148 100 28 -4.82122 100 50 0 0 0 -2.14926 100 18 0 0 0 0 0 0 0 0 0 0 0
19800 -238.926 0 0 0 0.668544 100 22 -4.76201 100 43 0 0 0 -2.08536 100 22 0 0 0 0 0 0 0 0 0 0 0
19900 -240.796 0 0 0 0.867245 100 28 -14.9524 100 51 0 0 0 -2.28248 100 19 0 0 0 0 0 0 0 0 0 0 0
20000 -241.138 0 0 0 1.1837 100 22 -3.94306 100 60 0 0 0 -2.83635 100 10 0 0 0 0 0 0 0 0 0 0 0
20100 -240.283 0 0 0 1.69854 100 17 0.380878 100 54 0 0 0 -2.90215 100 15 0 0 0 0 0 0 0 0 0 0 0
20200 -238.883 0 0 0 1.00015 100 28 -4.86221 100 60 0 0 0 -2.52088 100 25 0 0 0 0 0 0 0 0 0 0 0
20300 -239.345 0 0 0 0.828287 100 24 -3.91959 100 45 0 0 0 -2.48474 100 15 0 0 0 0 0 0 0 0 0 0 0
20400 -239.034 0 0 0 1.1758 100 27 -0.749632 100 53 0 0 0 -2.48897 100 26 0 0 0 0 0 0 0 0 0 0 0
20500 -239.217 0 0 0 0.843648 100 27 -6.06454 100 43 0 0 0 -2.45864 100 18 0 0 0 0 0 0 0 0 0 0 0
20600 -239.637 0 0 0 1.27858 100 27 -6.66707 100 53 0 0 0 -2.38188 100 22 0 0 0 0 0 0 0 0 0 0 0
20700 -239.157 0 0 0 0.552287 100 26 -8.77815 100 53 0 0 0 -2.12509 100 27 0 0 0 0 0 0 0 0 0 0 0
20800 -239.325 0 0 0 0.712262 100 27 -1.52975 100 58 0 0 0 -2.21242 100 32 0 0 0 0 0 0 0 0 0 0 0
20900 -243.984 0 0 0 0.416877 100 26 1.56506 100 44 0 0 0 -2.03336 100 25 0 0 0 0 0 0 0 0 0 0 0
21000 -239.07 0 0 0 0.620114 100 31 -2.85547 100 39 0 0 0 -2.21047 100 18 0 0 0 0 0 0 0 0 0 0 0
21100 -239.31 0 0 0 1.06727 100 33 -3.38233 100 56 0 0 0 -2.62327 100 20 0 0 0 0 0 0 0 0 0 0 0
21200 -239.318 0 0 0 1.50025 100 17 -2.29234 100 52 0 0 0 -2.66237 100 21 0 0 0 0 0 0 0 0 0 0 0
21300 -238.922 0 0 0 1.03258 100 22 -4.09013 100 54 0 0 0 -2.55161 100 24 0 0 0 0 0 0 0 0 0 0 0
21400 -239.233 0 0 0 0.899611 100 39 -4.18572 100 58 0 0 0 -2.51643 100 25 0 0 0 0 0 0 0 0 0 0 0
21500 -238.871 0 0 0 0.944135 100 18 -8.5498 100 69 0 0 0 -2.3167 100 21 0 0 0 0 0 0 0 0 0 0 0
21600 -239.886 0 0 0 1.42902 100 27 -2.23241 100 52 0 0 0 -2.84659 100 21 0 0 0 0 0 0 0 0 0 0 0
21700 -238.523 0 0 0 0.748159 100 23 -6.13726 100 49 0 0 0 -2.22405 100 27 0 0 0 0 0 0 0 0 0 0 0
21800 -241.18 0 0 0 1.50929 100 31 -0.458242 100 55 0 0 0 -3.00322 100 20 0 0 0 0 0 0 0 0 0 0 0
21900 -238.549 0 0 0 0.969931 100 27 -2.65617 100 46 0 0 0 -2.41284 100 25 0 0 0 0 0 0 0 0 0 0 0
22000 -239.69 0 0 0 0.328432 100 25 -5.1914 100 39 0 0 0 -2.02231 100 21 0 0 0 0 0 0 0 0 0 0 0
22100 -239.501 0 0 0 0.397632 100 24 -7.94389 100 53 0 0 0 -2.07749 100 20 0 0 0 0 0 0 0 0 0 0 0
22200 -238.869 0 0 0 0.886686 100 26 -1.66705 100 57 0 0 0 -2.37985 100 23 0 0 0 0 0 0 0 0 0 0 0
22300 -240.927 0 0 0 0.857272 100 22 1.4801 100 61 0 0 0 -2.3486 100 30 0 0 0 0 0 0 0 0 0 0 0
22400 -238.542 0 0 0 1.11042 100 20 -3.86696 100 57 0 0 0 -2.39311 100 23 0 0 0 0 0 0 0 0 0 0 0
22500 -238.518 0 0 0 0.99149 100 19 -3.77823 100 57 0 0 0 -2.31262 100 26 0 0 0 0 0 0 0 0 0 0 0
22600 -240.116 0 0 0 0.3035 100 28 -10.0279 100 53 0 0 0 -1.92748 100 25 0 0 0 0 0 0 0 0 0 0 0
22700 -239.118 0 0 0 1.24178 100 30 -0.725725 100 52 0 0 0 -2.62403 100 25 0 0 0 0 0 0 0 0 0 0 0
22800 -239.189 0 0 0 0.606542 100 20 -7.49084 100 54 0 0 0 -2.02014 100 24 0 0 0 0 0 0 0 0 0 0 0
22900 -239.807 0 0 0 0.549153 100 23 -5.34625 100 45 0 0 0 -1.93604 100 21 0 0 0 0 0 0 0 0 0 0 0
23000 -240.016 0 0 0 0.879781 100 25 -6.38942 100 59 0 0 0 -2.55619 100 25 0 0 0 0 0 0 0 0 0 0 0
23100 -238.804 0 0 0 0.746865 100 23 -2.64019 100 58 0 0 0 -2.25335 100 24 0 0 0 0 0 0 0 0 0 0 0
23200 -238.761 0 0 0 0.689511 100 20 -6.729 100 47 0 0 0 -2.1161 100 10 0 0 0 0 0 0 0 0 0 0 0
23300 -238.442 0 0 0 0.902684 100 24 -5.47562 100 50 0 0 0 -2.35607 100 22 0 0 0 0 0 0 0 0 0 0 0
23400 -239.768 0 0 0 0.536736 100 32 -5.26368 100 50 0 0 0 -1.93824 100 22 0 0 0 0 0 0 0 0 0 0 0
23500 -243.202 0 0 0 1.84459 100 26 -10.5637 100 46 0 0 0 -2.75829 100 16 0 0 0 0 0 0 0 0 0 0 0
23600 -240.687 0 0 0 1.50331 100 22 -5.6554 100 53 0 0 0 -2.47592 100 19 0 0 0 0 0 0 0 0 0 0 0
23700 -238.633 0 0 0 0.815331 100 22 -4.88618 100 52 0 0 0 -2.18022 100 24 0 0 0 0 0 0 0 0 0 0 0
23800 -239.841 0 0 0 0.829763 100 25 -8.05159 100 57 0 0 0 -2.47655 100 26 0 0 0 0 0 0 0 0 0 0 0
23900 -238.552 0 0 0 1.09452 100 23 -2.63586 100 48 0 0 0 -2.47999 100 19 0 0 0 0 0 0 0 0 0 0 0
24000 -239.298 0 0 0 1.26432 100 23 -2.1278 100 46 0 0 0 -2.71167 100 20 0 0 0 0 0 0 0 0 0 0 0
24100 -238.634 0 0 0 1.124 100 30 -3.7558 100 55 0 0 0 -2.37995 100 27 0 0 0 0 0 0 0 0 0 0 0
24200 -238.926 0 0 0 0.761934 100 22 -4.77187 100 53 0 0 0 -2.3805 100 17 0 0 0 0 0 0 0 0 0 0 0
24300 -240.065 0 0 0 0.486607 100 24 -10.3477 100 52 0 0 0 -1.92094 100 22 0 0 0 0 0 0 0 0 0 0 0
24400 -240.032 0 0 0 1.60299 100 32 -1.11245 100 57 0 0 0 -2.90505 100 23 0 0 0 0 0 0 0 0 0 0 0
24500 -246.878 0 0 0 2.66661 100 31 -4.9066 100 56 0 0 0 -3.4734 100 20 0 0 0 0 0 0 0 0 0 0 0
24600 -239.231 0 0 0 0.921032 100 20 -9.91103 100 59 0 0 0 -2.34208 100 20 0 0 0 0 0 0 0 0 0 0 0
24700 -240.164 0 0 0 0.897387 100 23 -6.4491 100 57 0 0 0 -2.05342 100 21 0 0 0 0 0 0 0 0 0 0 0
24800 -240.912 0 0 0 1.35092 100 27 -7.98925 100 57 0 0 0 -2.81339 100 28 0 0 0 0 0 0 0 0 0 0 0
24900 -239.886 0 0 0 1.09419 100 24 -10.3318 100 52 0 0 0 -2.52069 100 24 0 0 0 0 0 0 0 0 0 0 0
25000 -239.731 0 0 0 1.13573 100 19 -2.28638 100 45 0 0 0 -2.27567 100 33 0 0 0 0 0 0 0 0 0 0 0
25100 -239.942 0 0 0 1.44246 100 28 -2.84442 100 56 0 0 0 -2.48218 100 20 0 0 0 0 0 0 0 0 0 0 0
25200 -241.682 0 0 0 0.636786 100 19 -1.92143 100 55 0 0 0 -1.92112 100 24 0 0 0 0 0 0 0 0 0 0 0
25300 -243.128 0 0 0 0.965256 100 24 -2.03064 100 52 0 0 0 -2.84826 100 19 0 0 0 0 0 0 0 0 0 0 0
25400 -238.982 0 0 0 1.05444 100 27 -5.47762 100 57 0 0 0 -2.55067 100 28 0 0 0 0 0 0 0 0 0 0 0
25500 -243.588 0 0 0 2.37222 100 16 0.988942 100 47 0 0 0 -3.28866 100 22 0 0 0 0 0 0 0 0 0 0 0
25600 -242.338 0 0 0 1.20296 100 32 -15.1207 100 55 0 0 0 -2.64868 100 25 0 0 0 0 0 0 0 0 0 0 0
25700 -239.742 0 0 0 1.30259 100 29 -9.14297 100 55 0 0 0 -2.54325 100 20 0 0 0 0 0 0 0 0 0 0 0
25800 -238.539 0 0 0 0.845335 100 27 -3.94158 100 49 0 0 0 -2.36105 100 27 0 0 0 0 0 0 0 0 0 0 0
25900 -240.494 0 0 0 0.29324 100 25 -11.2659 100 46 0 0 0 -2.01905 100 26 0 0 0 0 0 0 0 0 0 0 0
26000 -243.167 0 0 0 0.729935 100 21 -6.43018 100 54 0 0 0 -2.67776 100 26 0 0 0 0 0 0 0 0 0 0 0
26100 -239.04 0 0 0 1.26511 100 30 -5.82929 100 55 0 0 0 -2.61032 100 15 0 0 0 0 0 0 0 0 0 0 0
26200 -238.81 0 0 0 0.942926 100 23 -2.39072 100 48 0 0 0 -2.27839 100 18 0 0 0 0 0 0 0 0 0 0 0
26300 -239.434 0 0 0 0.869027 100 24 -9.35207 100 56 0 0 0 -2.14292 100 20 0 0 0 0 0 0 0 0 0 0 0
26400 -239.953 0 0 0 0.544365 100 25 -12.1201 100 52 0 0 0 -2.09268 100 18 0 0 0 0 0 0 0 0 0 0 0
26500 -238.434 0 0 0 1.05834 100 31 -4.85029 100 43 0 0 0 -2.41881 100 19 0 0 0 0 0 0 0 0 0 0 0
26600 -239.395 0 0 0 1.24013 100 28 -5.88777 100 40 0 0 0 -2.66815 100 28 0 0 0 0 0 0 0 0 0 0 0
26700 -240.822 0 0 0 1.45234 100 26 -4.57691 100 49 0 0 0 -2.41042 100 20 0 0 0 0 0 0 0 0 0 0 0
26800 -240.162 0 0 0 0.39579 100 28 -2.69867 100 59 0 0 0 -1.99993 100 20 0 0 0 0 0 0 0 0 0 0 0
26900 -238.476 0 0 0 0.883614 100 23 -4.2918 100 62 0 0 0 -2.25785 100 13 0 0 0 0 0 0 0 0 0 0 0
27000 -241.085 0 0 0 0.0936584 100 21 -5.73503 100 57 0 0 0 -1.81352 100 26 0 0 0 0 0 0 0 0 0 0 0
27100 -243.291 0 0 0 1.68064 100 35 -13.2768 100 51 0 0 0 -2.91566 100 17 0 0 0 0 0 0 0 0 0 0 0
27200 -239.087 0 0 0 0.875242 100 25 -7.75277 100 48 0 0 0 -2.41565 100 20 0 0 0 0 0 0 0 0 0 0 0
27300 -240.39 0 0 0 1.71651 100 31 -3.4691 100 51 0 0 0 -2.73467 100 23 0 0 0 0 0 0 0 0 0 0 0
27400 -238.967 0 0 0 1.28174 100 26 -4.90599 100 47 0 0 0 -2.62877 100 18 0 0 0 0 0 0 0 0 0 0 0
27500 -238.523 0 0 0 1.04198 100 24 -3.42683 100 45 0 0 0 -2.35462 100 28 0 0 0 0 0 0 0 0 0 0 0
27600 -238.501 0 0 0 1.009 100 23 -3.47376 100 56 0 0 0 -2.45245 100 24 0 0 0 0 0 0 0 0 0 0 0
27700 -240.313 0 0 0 1.60214 100 19 -3.10049 100 47 0 0 0 -2.59961 100 19 0 0 0 0 0 0 0 0 0 0 0
27800 -240.227 0 0 0 0.978854 100 21 -1.7124 100 44 0 0 0 -2.65806 100 24 0 0 0 0 0 0 0 0 0 0 0
27900 -238.584 0 0 0 1.08531 100 20 -3.1668 100 48 0 0 0 -2.51011 100 30 0 0 0 0 0 0 0 0 0 0 0
28000 -243.022 0 0 0 1.85915 100 20 4.16231 100 57 0 0 0 -3.16218 100 16 0 0 0 0 0 0 0 0 0 0 0
28100 -240.617 0 0 0 1.34029 100 26 1.81183 100 50 0 0 0 -2.56494 100 15 0 0 0 0 0 0 0 0 0 0 0
28200 -239.852 0 0 0 1.2912 100 23 -9.58749 100 46 0 0 0 -2.50061 100 27 0 0 0 0 0 0 0 0 0 0 0
28300 -239.99 0 0 0 0.698443 100 22 -6.39944 100 57 0 0 0 -2.44176 100 21 0 0 0 0 0 0 0 0 0 0 0
28400 -238.905 0 0 0 1.01252 100 25 -2.21018 100 53 0 0 0 -2.5264 100 30 0 0 0 0 0 0 0 0 0 0 0
28500 -239.231 0 0 0 1.03392 100 29 -5.33166 100 41 0 0 0 -2.21763 100 17 0 0 0 0 0 0 0 0 0 0 0
28600 -240.213 0 0 0 0.573524 100 23 -6.04221 100 49 0 0 0 -2.37917 100 16 0 0 0 0 0 0 0 0 0 0 0
28700 -240.945 0 0 0 0.732407 100 26 -6.22209 100 50 0 0 0 -2.54379 100 25 0 0 0 0 0 0 0 0 0 0 0
28800 -240.196 0 0 0 0.816483 100 33 -13.3872 100 51 0 0 0 -2.24683 100 25 0 0 0 0 0 0 0 0 0 0 0
28900 -238.774 0 0 0 0.854106 100 27 -8.05728 100 47 0 0 0 -2.31313 100 23 0 0 0 0 0 0 0 0 0 0 0
29000 -240.947 0 0 0 1.56003 100 21 2.47646 100 49 0 0 0 -2.77582 100 24 0 0 0 0 0 0 0 0 0 0 0
29100 -238.725 0 0 0 0.742124 100 26 -5.51147 100 47 0 0 0 -2.13124 100 20 0 0 0 0 0 0 0 0 0 0 0
29200 -238.966 0 0 0 0.780583 100 35 -1.86957 100 50 0 0 0 -2.29489 100 20 0 0 0 0 0 0 0 0 0 0 0
29300 -239.313 0 0 0 0.54694 100 28 -3.8603 100 53 0 0 0 -2.03922 100 21 0 0 0 0 0 0 0 0 0 0 0
29400 -239.422 0 0 0 1.35578 100 26 -5.67741 100 55 0 0 0 -2.47283 100 20 0 0 0 0 0 0 0 0 0 0 0
29500 -240.92 0 0 0 0.354159 100 23 -8.17178 100 61 0 0 0 -1.77833 100 16 0 0 0 0 0 0 0 0 0 0 0
29600 -239.431 0 0 0 0.752853 100 21 -10.7636 100 52 0 0 0 -2.24948 100 33 0 0 0 0 0 0 0 0 0 0 0
29700 -238.676 0 0 0 1.04863 100 33 -6.62794 100 56 0 0 0 -2.33943 100 13 0 0 0 0 0 0 0 0 0 0 0
29800 -238.974 0 0 0 0.929758 100 21 -8.60711 100 52 0 0 0 -2.37528 100 23 0 0 0 0 0 0 0 0 0 0 0
29900 -239.174 0 0 0 1.45815 100 27 -3.66569 100 50 0 0 0 -2.65996 100 23 0 0 0 0 0 0 0 0 0 0 0
30000 -238.495 0 0 0 0.786029 100 22 -6.19708 100 46 0 0 0 -2.23587 100 22 0 0 0 0 0 0 0 0 0 0 0
30100 -239.104 0 0 0 0.771945 100 29 -1.59948 100 56 0 0 0 -2.26311 100 25 0 0 0 0 0 0 0 0 0 0 0
30200 -239.749 0 0 0 1.11412 100 23 -9.36226 100 61 0 0 0 -2.2868 100 24 0 0 0 0 0 0 0 0 0 0 0
30300 -239.046 0 0 0 0.907104 100 19 -9.34127 100 53 0 0 0 -2.31907 100 21 0 0 0 0 0 0 0 0 0 0 0
30400 -239.592 0 0 0 1.55794 100 25 -1.59801 100 49 0 0 0 -2.81376 100 19 0 0 0 0 0 0 0 0 0 0 0
30500 -239.935 0 0 0 0.398933 100 33 -3.067 100 45 0 0 0 -2.14453 100 23 0 0 0 0 0 0 0 0 0 0 0
30600 -239.155 0 0 0 1.35519 100 26 -2.64379 100 48 0 0 0 -2.50683 100 22 0 0 0 0 0 0 0 0 0 0 0
30700 -239.141 0 0 0 1.40058 100 33 -4.06232 100 56 0 0 0 -2.55852 100 29 0 0 0 0 0 0 0 0 0 0 0
30800 -239.628 0 0 0 1.21464 100 21 -2.67317 100 52 0 0 0 -2.73221 100 26 0 0 0 0 0 0 0 0 0 0 0
30900 -239.829 0 0 0 1.04335 100 28 -1.78523 100 52 0 0 0 -2.65974 100 28 0 0 0 0 0 0 0 0 0 0 0
31000 -240.659 0 0 0 1.32074 100 23 -5.7886 100 40 0 0 0 -2.31473 100 30 0 0 0 0 0 0 0 0 0 0 0
31100 -239.171 0 0 0 0.56553 100 20 -8.95652 100 56 0 0 0 -2.07356 100 21 0 0 0 0 0 0 0 0 0 0 0
31200 -239.91 0 0 0 0.531411 100 24 -3.1501 100 51 0 0 0 -2.30935 100 26 0 0 0 0 0 0 0 0 0 0 0
31300 -240.42 0 0 0 0.577734 100 19 -1.96521 100 55 0 0 0 -2.38441 100 17 0 0 0 0 0 0 0 0 0 0 0
31400 -242.473 0 0 0 0.105211 100 29 -2.27233 100 57 0 0 0 -1.82102 100 18 0 0 0 0 0 0 0 0 0 0 0
31500 -238.654 0 0 0 0.728781 100 30 -5.00786 100 57 0 0 0 -2.29725 100 23 0 0 0 0 0 0 0 0 0 0 0
31600 -238.464 0 0 0 1.08958 100 29 -3.4251 100 46 0 0 0 -2.42728 100 23 0 0 0 0 0 0 0 0 0 0 0
31700 -238.88 0 0 0 0.861277 100 30 -8.77219 100 51 0 0 0 -2.25678 100 26 0 0 0 0 0 0 0 0 0 0 0
31800 -245.287 0 0 0 1.55653 100 16 -9.39557 100 57 0 0 0 -2.30014 100 27 0 0 0 0 0 0 0 0 0 0 0
31900 -240.202 0 0 0 1.61707 100 29 -5.38631 100 54 0 0 0 -2.66754 100 20 0 0 0 0 0 0 0 0 0 0 0
32000 -239.139 0 0 0 1.03088 100 25 -2.73236 100 58 0 0 0 -2.25947 100 22 0 0 0 0 0 0 0 0 0 0 0
32100 -239.306 0 0 0 1.40261 100 32 -2.58778 100 55 0 0 0 -2.52992 100 22 0 0 0 0 0 0 0 0 0 0 0
32200 -238.447 0 0 0 1.0187 100 21 -5.43385 100 46 0 0 0 -2.40098 100 22 0 0 0 0 0 0 0 0 0 0 0
32300 -240.071 0 0 0 1.51952 100 18 -7.04781 100 53 0 0 0 -2.75025 100 20 0 0 0 0 0 0 0 0 0 0 0
32400 -238.478 0 0 0 0.839759 100 25 -5.19836 100 52 0 0 0 -2.33503 100 29 0 0 0 0 0 0 0 0 0 0 0
32500 -238.849 0 0 0 0.678691 100 24 -3.99426 100 48 0 0 0 -2.12604 100 16 0 0 0 0 0 0 0 0 0 0 0
32600 -238.798 0 0 0 0.771697 100 23 -4.47205 100 53 0 0 0 -2.36678 100 22 0 0 0 0 0 0 0 0 0 0 0
32700 -239.907 0 0 0 1.11404 100 17 -8.54129 100 44 0 0 0 -2.60766 100 27 0 0 0 0 0 0 0 0 0 0 0
32800 -239.704 0 0 0 0.445685 100 36 -9.02875 100 53 0 0 0 -2.14766 100 21 0 0 0 0 0 0 0 0 0 0 0
32900 -238.514 0 0 0 0.844579 100 27 -6.33074 100 59 0 0 0 -2.23596 100 17 0 0 0 0 0 0 0 0 0 0 0
33000 -238.678 0 0 0 1.11255 100 28 -2.77537 100 51 0 0 0 -2.542 100 22 0 0 0 0 0 0 0 0 0 0 0
33100 -238.649 0 0 0 0.928989 100 33 -7.37771 100 63 0 0 0 -2.3457 100 23 0 0 0 0 0 0 0 0 0 0 0
33200 -238.773 0 0 0 0.896752 100 28 -1.98613 100 48 0 0 0 -2.39012 100 26 0 0 0 0 0 0 0 0 0 0 0
33300 -238.655 0 0 0 0.694632 100 25 -4.27175 100 50 0 0 0 -2.1752 100 20 0 0 0 0 0 0 0 0 0 0 0
33400 -238.614 0 0 0 0.875716 100 26 -3.49271 100 56 0 0 0 -2.39953 100 19 0 0 0 0 0 0 0 0 0 0 0
33500 -238.879 0 0 0 1.33548 100 24 -3.53746 100 53 0 0 0 -2.54616 100 18 0 0 0 0 0 0 0 0 0 0 0
33600 -239.806 0 0 0 0.915369 100 27 -11.5518 100 42 0 0 0 -2.36899 100 21 0 0 0 0 0 0 0 0 0 0 0
33700 -240.665 0 0 0 1.71134 100 17 -3.95437 100 49 0 0 0 -2.97081 100 26 0 0 0 0 0 0 0 0 0 0 0
33800 -242.285 0 0 0 1.02399 100 22 -4.66453 100 50 0 0 0 -2.0183 100 21 0 0 0 0 0 0 0 0 0 0 0
33900 -239.899 0 0 0 1.21745 100 23 -0.363195 100 54 0 0 0 -2.38802 100 19 0 0 0 0 0 0 0 0 0 0 0
34000 -240.38 0 0 0 0.76948 100 11 0.46549 100 52 0 0 0 -2.40124 100 10 0 0 0 0 0 0 0 0 0 0 0
34100 -238.497 0 0 0 1.05255 100 24 -2.85827 100 51 0 0 0 -2.41288 100 18 0 0 0 0 0 0 0 0 0 0 0
34200 -240.85 0 0 0 1.75387 100 22 -3.75856 100 55 0 0 0 -3.00253 100 28 0 0 0 0 0 0 0 0 0 0 0
34300 -238.833 0 0 0 1.11429 100 17 -1.24567 100 47 0 0 0 -2.47672 100 17 0 0 0 0 0 0 0 0 0 0 0
34400 -238.613 0 0 0 1.1551 100 24 -2.42361 100 43 0 0 0 -2.51225 100 17 0 0 0 0 0 0 0 0 0 0 0
34500 -238.826 0 0 0 1.04165 100 25 -2.36647 100 46 0 0 0 -2.53213 100 26 0 0 0 0 0 0 0 0 0 0 0
34600 -239.16 0 0 0 1.1712 100 31 -8.28186 100 53 0 0 0 -2.4435 100 27 0 0 0 0 0 0 0 0 0 0 0
34700 -238.749 0 0 0 0.632294 100 22 -6.79896 100 46 0 0 0 -2.18196 100 21 0 0 0 0 0 0 0 0 0 0 0
34800 -239.189 0 0 0 1.22638 100 20 -0.382879 100 50 0 0 0 -2.52043 100 18 0 0 0 0 0 0 0 0 0 0 0
34900 -238.654 0 0 0 1.23018 100 24 -3.37934 100 53 0 0 0 -2.56154 100 18 0 0 0 0 0 0 0 0 0 0 0
35000 -241.057 0 0 0 0.798519 100 20 -5.21793 100 56 0 0 0 -1.94868 100 21 0 0 0 0 0 0 0 0 0 0 0
35100 -240.579 0 0 0 1.63381 100 27 1.31026 100 50 0 0 0 -2.74838 100 19 0 0 0 0 0 0 0 0 0 0 0
35200 -238.94 0 0 0 1.11492 100 29 -1.22137 100 43 0 0 0 -2.42141 100 17 0 0 0 0 0 0 0 0 0 0 0
35300 -240.362 0 0 0 1.20897 100 26 0.0121545 100 42 0 0 0 -2.35848 100 14 0 0 0 0 0 0 0 0 0 0 0
35400 -240.02 0 0 0 1.48063 100 19 -6.63531 100 54 0 0 0 -2.77461 100 13 0 0 0 0 0 0 0 0 0 0 0
35500 -239.046 0 0 0 0.5608 100 31 -8.28277 100 53 0 0 0 -2.09442 100 23 0 0 0 0 0 0 0 0 0 0 0
35600 -240.267 0 0 0 1.15599 100 22 1.59354 100 48 0 0 0 -2.56692 100 17 0 0 0 0 0 0 0 0 0 0 0
35700 -241.014 0 0 0 1.20275 100 25 1.61456 100 47 0 0 0 -2.77459 100 25 0 0 0 0 0 0 0 0 0 0 0
35800 -238.653 0 0 0 1.21531 100 22 -4.50288 100 45 0 0 0 -2.5408 100 22 0 0 0 0 0 0 0 0 0 0 0
35900 -240.154 0 0 0 0.930275 100 30 -10.894 100 61 0 0 0 -2.13863 100 29 0 0 0 0 0 0 0 0 0 0 0
36000 -241.389 0 0 0 1.95777 100 25 -0.936328 100 54 0 0 0 -2.91887 100 16 0 0 0 0 0 0 0 0 0 0 0
36100 -239.794 0 0 0 1.36869 100 27 -7.76041 100 50 0 0 0 -2.67787 100 27 0 0 0 0 0 0 0 0 0 0 0
36200 -238.711 0 0 0 0.762176 100 27 -6.84207 100 55 0 0 0 -2.15126 100 19 0 0 0 0 0 0 0 0 0 0 0
36300 -238.696 0 0 0 1.20085 100 35 -2.07733 100 52 0 0 0 -2.53082 100 22 0 0 0 0 0 0 0 0 0 0 0
36400 -239.617 0 0 0 0.893886 100 33 -1.74195 100 45 0 0 0 -2.17812 100 17 0 0 0 0 0 0 0 0 0 0 0
36500 -240.9 0 0 0 0.134606 100 21 -9.01578 100 53 0 0 0 -1.98504 100 18 0 0 0 0 0 0 0 0 0 0 0
36600 -243.541 0 0 0 0.349773 100 19 -14.6757 100 43 0 0 0 -2.29569 100 24 0 0 0 0 0 0 0 0 0 0 0
36700 -238.75 0 0 0 0.718704 100 20 -7.85853 100 56 0 0 0 -2.20618 100 15 0 0 0 0 0 0 0 0 0 0 0
36800 -239.803 0 0 0 1.51493 100 25 -3.3795 100 56 0 0 0 -2.84401 100 22 0 0 0 0 0 0 0 0 0 0 0
36900 -241.656 0 0 0 0.322869 100 22 -5.69038 100 55 0 0 0 -2.30698 100 29 0 0 0 0 0 0 0 0 0 0 0
37000 -239.309 0 0 0 0.511092 100 24 -6.23509 100 56 0 0 0 -1.98185 100 25 0 0 0 0 0 0 0 0 0 0 0
37100 -239.219 0 0 0 0.961041 100 27 -6.87007 100 50 0 0 0 -2.1793 100 28 0 0 0 0 0 0 0 0 0 0 0
37200 -239.509 0 0 0 0.784967 100 16 -5.83328 100 55 0 0 0 -2.04672 100 23 0 0 0 0 0 0 0 0 0 0 0
37300 -238.912 0 0 0 1.31185 100 28 -2.92214 100 48 0 0 0 -2.50889 100 18 0 0 0 0 0 0 0 0 0 0 0
37400 -239.025 0 0 0 0.819577 100 28 -8.49488 100 50 0 0 0 -2.15558 100 24 0 0 0 0 0 0 0 0 0 0 0
37500 -238.636 0 0 0 0.964718 100 23 -2.16269 100 47 0 0 0 -2.37194 100 23 0 0 0 0 0 0 0 0 0 0 0
37600 -240.872 0 0 0 0.346591 100 29 -12.4366 100 48 0 0 0 -2.09849 100 18 0 0 0 0 0 0 0 0 0 0 0
37700 -238.499 0 0 0 1.00007 100 30 -4.72438 100 52 0 0 0 -2.31095 100 24 0 0 0 0 0 0 0 0 0 0 0
37800 -238.734 0 0 0 0.914763 100 22 -5.32894 100 39 0 0 0 -2.44335 100 17 0 0 0 0 0 0 0 0 0 0 0
37900 -239.31 0 0 0 1.40424 100 30 -4.95402 100 47 0 0 0 -2.53793 100 20 0 0 0 0 0 0 0 0 0 0 0
38000 -239.021 0 0 0 1.3042 100 29 -5.03694 100 56 0 0 0 -2.63792 100 19 0 0 0 0 0 0 0 0 0 0 0
38100 -239.087 0 0 0 1.19465 100 21 -3.61751 100 54 0 0 0 -2.65193 100 18 0 0 0 0 0 0 0 0 0 0 0
38200 -238.629 0 0 0 1.21244 100 24 -4.15218 100 46 0 0 0 -2.47545 100 27 0 0 0 0 0 0 0 0 0 0 0
38300 -239.809 0 0 0 0.339269 100 23 -8.75928 100 54 0 0 0 -2.04374 100 30 0 0 0 0 0 0 0 0 0 0 0
38400 -239.548 0 0 0 1.5468 100 22 -2.30141 100 47 0 0 0 -2.80652 100 24 0 0 0 0 0 0 0 0 0 0 0
38500 -238.487 0 0 0 1.0527 100 28 -3.89982 100 46 0 0 0 -2.36242 100 14 0 0 0 0 0 0 0 0 0 0 0
38600 -238.76 0 0 0 1.21134 100 22 -3.67266 100 52 0 0 0 -2.43016 100 27 0 0 0 0 0 0 0 0 0 0 0
38700 -240.188 0 0 0 1.37439 100 35 -0.34752 100 54 0 0 0 -2.84796 100 27 0 0 0 0 0 0 0 0 0 0 0
38800 -239.772 0 0 0 0.430282 100 27 -9.51631 100 51 0 0 0 -1.94113 100 20 0 0 0 0 0 0 0 0 0 0 0
38900 -240.392 0 0 0 0.32447 100 25 -5.37295 100 57 0 0 0 -2.18677 100 25 0 0 0 0 0 0 0 0 0 0 0
39000 -240.783 0 0 0 0.249911 100 27 -10.4698 100 57 0 0 0 -2.0663 100 27 0 0 0 0 0 0 0 0 0 0 0
39100 -239.609 0 0 0 1.23836 100 25 -5.53691 100 51 0 0 0 -2.70373 100 22 0 0 0 0 0 0 0 0 0 0 0
39200 -240.946 0 0 0 1.05456 100 37 1.78934 100 53 0 0 0 -2.63735 100 22 0 0 0 0 0 0 0 0 0 0 0
39300 -239.92 0 0 0 0.920799 100 24 -1.24858 100 48 0 0 0 -2.18398 100 25 0 0 0 0 0 0 0 0 0 0 0
39400 -241.051 0 0 0 0.125658 100 26 -4.9635 100 44 0 0 0 -2.02608 100 18 0 0 0 0 0 0 0 0 0 0 0
39500 -240.745 0 0 0 0.945062 100 26 -10.0992 100 42 0 0 0 -2.56944 100 23 0 0 0 0 0 0 0 0 0 0 0
39600 -238.832 0 0 0 0.607899 100 25 -4.15668 100 56 0 0 0 -2.15618 100 19 0 0 0 0 0 0 0 0 0 0 0
39700 -240.902 0 0 0 0.991942 100 26 0.415919 100 58 0 0 0 -2.68036 100 30 0 0 0 0 0 0 0 0 0 0 0
39800 -238.879 0 0 0 0.618487 100 34 -4.61442 100 56 0 0 0 -2.24107 100 21 0 0 0 0 0 0 0 0 0 0 0
39900 -240.664 0 0 0 1.21169 100 26 -4.921 100 62 0 0 0 -2.80258 100 22 0 0 0 0 0 0 0 0 0 0 0
40000 -239.114 0 0 0 0.701812 100 24 -9.44868 100 46 0 0 0 -2.13262 100 21 0 0 0 0 0 0 0 0 0 0 0
40100 -238.478 0 0 0 0.921874 100 17 -4.87802 100 62 0 0 0 -2.39569 100 22 0 0 0 0 0 0 0 0 0 0 0
40200 -239.127 0 0 0 1.38859 100 30 -4.85955 100 51 0 0 0 -2.65712 100 26 0 0 0 0 0 0 0 0 0 0 0
40300 -241.511 0 0 0 0.705811 100 19 -6.9926 100 49 0 0 0 -2.55589 100 23 0 0 0 0 0 0 0 0 0 0 0
40400 -239.737 0 0 0 0.333485 100 29 -6.9162 100 43 0 0 0 -1.92692 100 25 0 0 0 0 0 0 0 0 0 0 0
40500 -239.532 0 0 0 1.37677 100 20 -0.665991 100 52 0 0 0 -2.53538 100 19 0 0 0 0 0 0 0 0 0 0 0
40600 -239.057 0 0 0 0.625627 100 24 -7.70743 100 53 0 0 0 -2.23976 100 19 0 0 0 0 0 0 0 0 0 0 0
40700 -238.609 0 0 0 0.82201 100 22 -3.31579 100 46 0 0 0 -2.34587 100 17 0 0 0 0 0 0 0 0 0 0 0
40800 -238.966 0 0 0 0.973853 100 24 -2.08892 100 45 0 0 0 -2.27982 100 21 0 0 0 0 0 0 0 0 0 0 0
40900 -238.592 0 0 0 0.943721 100 21 -5.2735 100 42 0 0 0 -2.43177 100 20 0 0 0 0 0 0 0 0 0 0 0
41000 -241.973 0 0 0 0.694012 100 24 -1.71725 100 58 0 0 0 -2.60249 100 17 0 0 0 0 0 0 0 0 0 0 0
41100 -240.063 0 0 0 0.283392 100 17 -6.27819 100 49 0 0 0 -1.88424 100 23 0 0 0 0 0 0 0 0 0 0 0
41200 -241.625 0 0 0 0.0138203 100 22 -4.74363 100 47 0 0 0 -1.85943 100 19 0 0 0 0 0 0 0 0 0 0 0
41300 -238.997 0 0 0 0.641449 100 33 -3.14078 100 48 0 0 0 -2.14614 100 21 0 0 0 0 0 0 0 0 0 0 0
41400 -238.486 0 0 0 1.01152 100 18 -5.38558 100 44 0 0 0 -2.42699 100 26 0 0 0 0 0 0 0 0 0 0 0
41500 -238.691 0 0 0 1.01921 100 17 -2.15535 100 53 0 0 0 -2.35963 100 21 0 0 0 0 0 0 0 0 0 0 0
41600 -239.149 0 0 0 0.860504 100 23 -4.40963 100 46 0 0 0 -2.48078 100 20 0 0 0 0 0 0 0 0 0 0 0
41700 -239.158 0 0 0 0.451351 100 20 -6.04482 100 53 0 0 0 -2.06438 100 16 0 0 0 0 0 0 0 0 0 0 0
41800 -241.001 0 0 0 1.48155 100 22 -10.0895 100 47 0 0 0 -2.53859 100 14 0 0 0 0 0 0 0 0 0 0 0
41900 -240.307 0 0 0 1.58495 100 18 -2.39393 100 48 0 0 0 -2.58567 100 14 0 0 0 0 0 0 0 0 0 0 0
42000 -239.721 0 0 0 0.407964 100 36 -3.3172 100 45 0 0 0 -2.09805 100 24 0 0 0 0 0 0 0 0 0 0 0
42100 -239.416 0 0 0 1.05116 100 26 0.112503 100 43 0 0 0 -2.47756 100 22 0 0 0 0 0 0 0 0 0 0 0
42200 -240.051 0 0 0 1.53182 100 24 -1.00477 100 52 0 0 0 -2.89494 100 26 0 0 0 0 0 0 0 0 0 0 0
42300 -242.909 0 0 0 0.486225 100 28 -13.3385 100 49 0 0 0 -2.38036 100 28 0 0 0 0 0 0 0 0 0 0 0
42400 -239.622 0 0 0 1.47648 100 22 -0.188606 100 60 0 0 0 -2.78058 100 25 0 0 0 0 0 0 0 0 0 0 0
42500 -238.697 0 0 0 0.945356 100 25 -2.2142 100 51 0 0 0 -2.42706 100 23 0 0 0 0 0 0 0 0 0 0 0
42600 -241.498 0 0 0 0.878409 100 26 0.509781 100 55 0 0 0 -2.65002 100 28 0 0 0 0 0 0 0 0 0 0 0
42700 -240.88 0 0 0 1.86339 100 23 -3.59276 100 46 0 0 0 -2.94338 100 25 0 0 0 0 0 0 0 0 0 0 0
42800 -241.979 0 0 0 1.98089 100 29 -5.59539 100 60 0 0 0 -2.99142 100 24 0 0 0 0 0 0 0 0 0 0 0
42900 -238.518 0 0 0 1.06868 100 24 -5.61461 100 52 0 0 0 -2.38433 100 20 0 0 0 0 0 0 0 0 0 0 0
43000 -242.001 0 0 0 0.959572 100 28 2.81391 100 51 0 0 0 -2.54075 100 17 0 0 0 0 0 0 0 0 0 0 0
43100 -239.08 0 0 0 0.857021 100 21 -1.85198 100 58 0 0 0 -2.23304 100 14 0 0 0 0 0 0 0 0 0 0 0
43200 -238.891 0 0 0 0.757743 100 24 -6.80577 100 57 0 0 0 -2.33923 100 18 0 0 0 0 0 0 0 0 0 0 0
43300 -239.805 0 0 0 0.901382 100 27 0.341818 100 67 0 0 0 -2.39458 100 30 0 0 0 0 0 0 0 0 0 0 0
43400 -238.446 0 0 0 0.961769 100 24 -5.37428 100 54 0 0 0 -2.39186 100 19 0 0 0 0 0 0 0 0 0 0 0
43500 -240.618 0 0 0 0.502909 100 22 -5.31794 100 56 0 0 0 -1.85574 100 16 0 0 0 0 0 0 0 0 0 0 0
43600 -239.92 0 0 0 1.43008 100 27 -2.88055 100 65 0 0 0 -2.84669 100 26 0 0 0 0 0 0 0 0 0 0 0
43700 -239.321 0 0 0 0.44459 100 23 -7.53231 100 51 0 0 0 -1.99559 100 22 0 0 0 0 0 0 0 0 0 0 0
43800 -238.629 0 0 0 0.688606 100 23 -6.03714 100 55 0 0 0 -2.23073 100 19 0 0 0 0 0 0 0 0 0 0 0
43900 -238.757 0 0 0 0.959039 100 20 -2.27948 100 62 0 0 0 -2.46094 100 13 0 0 0 0 0 0 0 0 0 0 0
44000 -239.318 0 0 0 1.04456 100 30 -9.17776 100 56 0 0 0 -2.29174 100 19 0 0 0 0 0 0 0 0 0 0 0
44100 -239.298 0 0 0 0.921616 100 23 -0.675651 100 57 0 0 0 -2.45435 100 20 0 0 0 0 0 0 0 0 0 0 0
44200 -239.461 0 0 0 1.32365 100 18 -1.66669 100 53 0 0 0 -2.75399 100 18 0 0 0 0 0 0 0 0 0 0 0
44300 -242.115 0 0 0 0.155098 100 24 -15.1562 100 57 0 0 0 -1.91709 100 27 0 0 0 0 0 0 0 0 0 0 0
44400 -239.569 0 0 0 0.796344 100 16 -1.1954 100 46 0 0 0 -2.43692 100 21 0 0 0 0 0 0 0 0 0 0 0
44500 -238.524 0 0 0 0.978604 100 24 -6.362 100 55 0 0 0 -2.37869 100 17 0 0 0 0 0 0 0 0 0 0 0
44600 -239.251 0 0 0 1.09461 100 24 -8.34754 100 60 0 0 0 -2.50882 100 30 0 0 0 0 0 0 0 0 0 0 0
44700 -240.35 0 0 0 1.77601 100 24 -0.908028 100 60 0 0 0 -2.9297 100 31 0 0 0 0 0 0 0 0 0 0 0
44800 -239.781 0 0 0 1.51253 100 22 -6.07938 100 61 0 0 0 -2.7369 100 20 0 0 0 0 0 0 0 0 0 0 0
44900 -238.95 0 0 0 0.862872 100 23 -2.65053 100 52 0 0 0 -2.44309 100 23 0 0 0 0 0 0 0 0 0 0 0
45000 -238.956 0 0 0 1.03814 100 31 -8.39539 100 52 0 0 0 -2.40178 100 29 0 0 0 0 0 0 0 0 0 0 0
45100 -238.459 0 0 0 1.05345 100 24 -3.72726 100 56 0 0 0 -2.37925 100 15 0 0 0 0 0 0 0 0 0 0 0
45200 -239.009 0 0 0 0.67791 100 30 -5.38505 100 45 0 0 0 -2.06431 100 28 0 0 0 0 0 0 0 0 0 0 0
45300 -238.834 0 0 0 0.749654 100 26 -5.90446 100 49 0 0 0 -2.11244 100 23 0 0 0 0 0 0 0 0 0 0 0
45400 -239.667 0 0 0 1.2212 100 25 -9.48454 100 53 0 0 0 -2.43156 100 26 0 0 0 0 0 0 0 0 0 0 0
45500 -239.365 0 0 0 0.490604 100 30 -5.58439 100 54 0 0 0 -1.97941 100 16 0 0 0 0 0 0 0 0 0 0 0
45600 -239.409 0 0 0 0.837276 100 35 -7.77179 100 50 0 0 0 -2.09321 100 21 0 0 0 0 0 0 0 0 0 0 0
45700 -238.754 0 0 0 0.858047 100 15 -7.6428 100 52 0 0 0 -2.33864 100 26 0 0 0 0 0 0 0 0 0 0 0
45800 -238.999 0 0 0 0.807153 100 21 -2.45177 100 60 0 0 0 -2.40078 100 29 0 0 0 0 0 0 0 0 0 0 0
45900 -241.711 0 0 0 1.78141 100 24 -4.0844 100 58 0 0 0 -2.66156 100 27 0 0 0 0 0 0 0 0 0 0 0
46000 -238.801 0 0 0 1.15484 100 28 -2.7291 100 51 0 0 0 -2.39186 100 22 0 0 0 0 0 0 0 0 0 0 0
46100 -239.124 0 0 0 0.799027 100 19 -8.76899 100 52 0 0 0 -2.13451 100 19 0 0 0 0 0 0 0 0 0 0 0
46200 -242.015 0 0 0 1.64657 100 31 -10.9085 100 59 0 0 0 -2.65474 100 21 0 0 0 0 0 0 0 0 0 0 0
46300 -240.564 0 0 0 1.67163 100 19 -1.86025 100 52 0 0 0 -2.65393 100 22 0 0 0 0 0 0 0 0 0 0 0
46400 -238.504 0 0 0 1.12233 100 24 -3.82048 100 40 0 0 0 -2.42213 100 13 0 0 0 0 0 0 0 0 0 0 0
46500 -239.79 0 0 0 0.672651 100 20 -4.07728 100 51 0 0 0 -2.42281 100 25 0 0 0 0 0 0 0 0 0 0 0
46600 -239.116 0 0 0 0.830541 100 33 -5.82726 100 42 0 0 0 -2.10966 100 21 0 0 0 0 0 0 0 0 0 0 0
46700 -240.992 0 0 0 1.45558 100 29 2.66887 100 51 0 0 0 -2.74208 100 30 0 0 0 0 0 0 0 0 0 0 0
46800 -239.703 0 0 0 0.917648 100 32 -5.68657 100 57 0 0 0 -2.56009 100 20 0 0 0 0 0 0 0 0 0 0 0
46900 -238.681 0 0 0 1.09066 100 23 -1.91567 100 52 0 0 0 -2.49172 100 27 0 0 0 0 0 0 0 0 0 0 0
47000 -238.602 0 0 0 1.13738 100 23 -3.71475 100 55 0 0 0 -2.40096 100 19 0 0 0 0 0 0 0 0 0 0 0
47100 -238.754 0 0 0 0.935814 100 24 -2.11622 100 44 0 0 0 -2.43271 100 23 0 0 0 0 0 0 0 0 0 0 0
47200 -240.796 0 0 0 0.168356 100 30 -7.32801 100 50 0 0 0 -1.79137 100 22 0 0 0 0 0 0 0 0 0 0 0
47300 -238.709 0 0 0 1.13729 100 26 -6.21714 100 46 0 0 0 -2.48524 100 22 0 0 0 0 0 0 0 0 0 0 0
47400 -238.953 0 0 0 1.14538 100 25 -2.30243 100 62 0 0 0 -2.37218 100 27 0 0 0 0 0 0 0 0 0 0 0
47500 -240.348 0 0 0 0.183762 100 27 -5.99437 100 59 0 0 0 -1.9637 100 26 0 0 0 0 0 0 0 0 0 0 0
47600 -239.892 0 0 0 0.406575 100 27 -2.85063 100 52 0 0 0 -2.06033 100 20 0 0 0 0 0 0 0 0 0 0 0
47700 -239.171 0 0 0 1.40996 100 23 -4.18986 100 42 0 0 0 -2.69577 100 25 0 0 0 0 0 0 0 0 0 0 0
47800 -239.551 0 0 0 0.888947 100 30 -1.03769 100 50 0 0 0 -2.50458 100 23 0 0 0 0 0 0 0 0 0 0 0
47900 -239.184 0 0 0 1.24459 100 21 -2.64375 100 53 0 0 0 -2.68919 100 21 0 0 0 0 0 0 0 0 0 0 0
48000 -238.983 0 0 0 0.661579 100 29 -2.82396 100 41 0 0 0 -2.24833 100 27 0 0 0 0 0 0 0 0 0 0 0
48100 -238.955 0 0 0 0.863212 100 25 -8.48385 100 62 0 0 0 -2.34881 100 19 0 0 0 0 0 0 0 0 0 0 0
48200 -238.669 0 0 0 1.06374 100 24 -3.96904 100 52 0 0 0 -2.32249 100 21 0 0 0 0 0 0 0 0 0 0 0
48300 -240.677 0 0 0 0.339384 100 22 -2.44318 100 53 0 0 0 -2.1755 100 17 0 0 0 0 0 0 0 0 0 0 0
48400 -242.639 0 0 0 1.92844 100 29 2.1955 100 51 0 0 0 -2.84032 100 23 0 0 0 0 0 0 0 0 0 0 0
48500 -239.604 0 0 0 1.19096 100 23 -8.83198 100 52 0 0 0 -2.36505 100 19 0 0 0 0 0 0 0 0 0 0 0
48600 -238.623 0 0 0 1.11764 100 26 -4.05649 100 44 0 0 0 -2.37376 100 24 0 0 0 0 0 0 0 0 0 0 0
48700 -239.39 0 0 0 1.35543 100 29 -1.07119 100 50 0 0 0 -2.74292 100 19 0 0 0 0 0 0 0 0 0 0 0
48800 -238.542 0 0 0 0.716138 100 28 -5.04139 100 53 0 0 0 -2.20349 100 13 0 0 0 0 0 0 0 0 0 0 0
48900 -239.196 0 0 0 1.19053 100 28 -8.24918 100 59 0 0 0 -2.45581 100 34 0 0 0 0 0 0 0 0 0 0 0
49000 -240.341 0 0 0 0.337654 100 34 -11.1873 100 61 0 0 0 -1.90437 100 28 0 0 0 0 0 0 0 0 0 0 0
49100 -239.734 0 0 0 0.863055 100 31 -3.13472 100 51 0 0 0 -2.5479 100 17 0 0 0 0 0 0 0 0 0 0 0
49200 -238.535 0 0 0 0.94463 100 25 -3.33134 100 54 0 0 0 -2.42278 100 18 0 0 0 0 0 0 0 0 0 0 0
49300 -239.862 0 0 0 0.650421 100 30 -9.36369 100 48 0 0 0 -1.97681 100 15 0 0 0 0 0 0 0 0 0 0 0
49400 -239.312 0 0 0 0.930024 100 17 -3.2958 100 55 0 0 0 -2.54574 100 27 0 0 0 0 0 0 0 0 0 0 0
49500 -239.69 0 0 0 0.353897 100 26 -7.58206 100 56 0 0 0 -1.9321 100 22 0 0 0 0 0 0 0 0 0 0 0
49600 -238.954 0 0 0 1.28671 100 22 -2.62083 100 57 0 0 0 -2.66038 100 25 0 0 0 0 0 0 0 0 0 0 0
49700 -239.688 0 0 0 0.813872 100 21 -0.403689 100 45 0 0 0 -2.41044 100 23 0 0 0 0 0 0 0 0 0 0 0
49800 -238.608 0 0 0 0.850205 100 21 -2.74714 100 58 0 0 0 -2.3199 100 22 0 0 0 0 0 0 0 0 0 0 0
49900 -238.794 0 0 0 0.589433 100 22 -5.19241 100 51 0 0 0 -2.12645 100 17 0 0 0 0 0 0 0 0 0 0 0
50000 -243.821 0 0 0 1.41701 100 17 2.38167 100 50 0 0 0 -3.10719 100 21 0 0 0 0 0 0 0 0 0 0 0
50100 -240.453 0 0 0 1.51325 100 27 -7.99424 100 42 0 0 0 -2.57365 100 29 0 0 0 0 0 0 0 0 0 0 0
50200 -238.5 0 0 0 1.0546 100 15 -4.31831 100 58 0 0 0 -2.35388 100 25 0 0 0 0 0 0 0 0 0 0 0
50300 -240.535 0 0 0 1.12285 100 31 -5.87602 100 55 0 0 0 -2.73539 100 28 0 0 0 0 0 0 0 0 0 0 0
50400 -239.771 0 0 0 1.05818 100 30 -2.20173 100 51 0 0 0 -2.2274 100 18 0 0 0 0 0 0 0 0 0 0 0
50500 -239.654 0 0 0 0.467912 100 18 -10.3852 100 47 0 0 0 -2.03624 100 20 0 0 0 0 0 0 0 0 0 0 0
50600 -239.274 0 0 0 0.972545 100 19 -0.346461 100 48 0 0 0 -2.42276 100 22 0 0 0 0 0 0 0 0 0 0 0
50700 -239.129 0 0 0 0.723656 100 23 -9.30523 100 53 0 0 0 -2.12288 100 24 0 0 0 0 0 0 0 0 0 0 0
50800 -239.12 0 0 0 0.565177 100 29 -3.50911 100 51 0 0 0 -2.10799 100 20 0 0 0 0 0 0 0 0 0 0 0
50900 -238.717 0 0 0 0.623489 100 16 -6.28684 100 63 0 0 0 -2.16613 100 18 0 0 0 0 0 0 0 0 0 0 0
51000 -238.514 0 0 0 1.04924 100 26 -4.74306 100 58 0 0 0 -2.34434 100 24 0 0 0 0 0 0 0 0 0 0 0
51100 -239.005 0 0 0 0.673195 100 23 -8.40776 100 54 0 0 0 -2.09701 100 15 0 0 0 0 0 0 0 0 0 0 0
51200 -239.131 0 0 0 1.08682 100 31 -1.6384 100 60 0 0 0 -2.3366 100 26 0 0 0 0 0 0 0 0 0 0 0
51300 -239.078 0 0 0 1.0013 100 32 -4.20069 100 58 0 0 0 -2.21951 100 22 0 0 0 0 0 0 0 0 0 0 0
51400 -240.941 0 0 0 1.4919 100 24 -10.5872 100 49 0 0 0 -2.61697 100 18 0 0 0 0 0 0 0 0 0 0 0
51500 -239.219 0 0 0 1.42148 100 22 -5.11694 100 47 0 0 0 -2.64494 100 24 0 0 0 0 0 0 0 0 0 0 0
51600 -241.216 0 0 0 1.76961 100 24 -7.13117 100 46 0 0 0 -2.81075 100 25 0 0 0 0 0 0 0 0 0 0 0
51700 -239.774 0 0 0 0.941776 100 17 -1.31271 100 47 0 0 0 -2.20394 100 24 0 0 0 0 0 0 0 0 0 0 0
51800 -239.057 0 0 0 0.741649 100 20 -3.1965 100 51 0 0 0 -2.13 100 13 0 0 0 0 0 0 0 0 0 0 0
51900 -238.501 0 0 0 1.08077 100 26 -2.90567 100 53 0 0 0 -2.42918 100 22 0 0 0 0 0 0 0 0 0 0 0
52000 -239.614 0 0 0 1.30571 100 27 -6.18732 100 57 0 0 0 -2.40235 100 23 0 0 0 0 0 0 0 0 0 0 0
52100 -238.406 0 0 0 0.895541 100 26 -4.3341 100 48 0 0 0 -2.29426 100 21 0 0 0 0 0 0 0 0 0 0 0
52200 -238.9 0 0 0 0.994896 100 22 -4.12952 100 58 0 0 0 -2.23845 100 21 0 0 0 0 0 0 0 0 0 0 0
52300 -239.237 0 0 0 0.556947 100 27 -8.43999 100 44 0 0 0 -2.18583 100 18 0 0 0 0 0 0 0 0 0 0 0
52400 -240.756 0 0 0 1.20495 100 22 1.89204 100 67 0 0 0 -2.48939 100 19 0 0 0 0 0 0 0 0 0 0 0
52500 -239.682 0 0 0 0.522618 100 21 -7.41092 100 47 0 0 0 -1.93201 100 21 0 0 0 0 0 0 0 0 0 0 0
52600 -239.11 0 0 0 1.39177 100 28 -3.56791 100 51 0 0 0 -2.69872 100 27 0 0 0 0 0 0 0 0 0 0 0
52700 -242.052 0 0 0 1.52144 100 21 -12.0563 100 49 0 0 0 -2.81479 100 16 0 0 0 0 0 0 0 0 0 0 0
52800 -241.457 0 0 0 1.43026 100 37 -5.11172 100 52 0 0 0 -2.35002 100 18 0 0 0 0 0 0 0 0 0 0 0
52900 -239.217 0 0 0 1.2751 100 20 -5.22507 100 57 0 0 0 -2.66842 100 31 0 0 0 0 0 0 0 0 0 0 0
53000 -240.074 0 0 0 0.870883 100 28 -11.2638 100 56 0 0 0 -2.41704 100 18 0 0 0 0 0 0 0 0 0 0 0
53100 -240.804 0 0 0 1.78759 100 30 1.21496 100 54 0 0 0 -2.96847 100 22 0 0 0 0 0 0 0 0 0 0 0
53200 -238.934 0 0 0 1.34048 100 27 -4.70663 100 55 0 0 0 -2.56175 100 20 0 0 0 0 0 0 0 0 0 0 0
53300 -239.968 0 0 0 1.25499 100 23 -0.904743 100 50 0 0 0 -2.77734 100 19 0 0 0 0 0 0 0 0 0 0 0
53400 -238.702 0 0 0 0.892665 100 19 -7.63043 100 52 0 0 0 -2.33691 100 19 0 0 0 0 0 0 0 0 0 0 0
53500 -241.777 0 0 0 1.20157 100 26 -4.96099 100 42 0 0 0 -2.15706 100 17 0 0 0 0 0 0 0 0 0 0 0
53600 -240.412 0 0 0 0.834633 100 22 -1.68207 100 55 0 0 0 -2.57964 100 29 0 0 0 0 0 0 0 0 0 0 0
53700 -238.995 0 0 0 0.793958 100 24 -5.48402 100 58 0 0 0 -2.10807 100 15 0 0 0 0 0 0 0 0 0 0 0
53800 -239.657 0 0 0 1.56346 100 25 -4.64994 100 55 0 0 0 -2.73776 100 20 0 0 0 0 0 0 0 0 0 0 0
53900 -238.543 0 0 0 1.1505 100 26 -2.96708 100 45 0 0 0 -2.49252 100 22 0 0 0 0 0 0 0 0 0 0 0
54000 -240.215 0 0 0 1.22791 100 38 -0.287924 100 55 0 0 0 -2.77841 100 25 0 0 0 0 0 0 0 0 0 0 0
54100 -239.361 0 0 0 0.84394 100 22 -3.05412 100 54 0 0 0 -2.49445 100 23 0 0 0 0 0 0 0 0 0 0 0
54200 -238.908 0 0 0 0.829438 100 20 -3.66115 100 53 0 0 0 -2.42634 100 28 0 0 0 0 0 0 0 0 0 0 0
54300 -238.72 0 0 0 1.11886 100 26 -4.21491 100 51 0 0 0 -2.55409 100 31 0 0 0 0 0 0 0 0 0 0 0
54400 -238.677 0 0 0 0.825547 100 26 -5.99557 100 44 0 0 0 -2.17318 100 23 0 0 0 0 0 0 0 0 0 0 0
54500 -239.195 0 0 0 1.10333 100 20 -1.69707 100 58 0 0 0 -2.61555 100 17 0 0 0 0 0 0 0 0 0 0 0
54600 -240.895 0 0 0 1.3102 100 28 -7.91161 100 63 0 0 0 -2.79998 100 24 0 0 0 0 0 0 0 0 0 0 0
54700 -240.239 0 0 0 1.56456 100 30 -2.27748 100 44 0 0 0 -2.92625 100 26 0 0 0 0 0 0 0 0 0 0 0
54800 -240.833 0 0 0 1.4956 100 34 -10.1569 100 49 0 0 0 -2.61045 100 20 0 0 0 0 0 0 0 0 0 0 0
54900 -238.711 0 0 0 0.70031 100 26 -6.25914 100 55 0 0 0 -2.12555 100 22 0 0 0 0 0 0 0 0 0 0 0
55000 -239.218 0 0 0 1.01581 100 29 -0.867632 100 45 0 0 0 -2.53211 100 20 0 0 0 0 0 0 0 0 0 0 0
55100 -240.059 0 0 0 1.65048 100 16 -4.86851 100 66 0 0 0 -2.79544 100 20 0 0 0 0 0 0 0 0 0 0 0
55200 -238.585 0 0 0 1.10184 100 29 -5.31809 100 53 0 0 0 -2.37834 100 16 0 0 0 0 0 0 0 0 0 0 0
55300 -239.844 0 0 0 1.20789 100 24 -5.62101 100 47 0 0 0 -2.71608 100 13 0 0 0 0 0 0 0 0 0 0 0
55400 -239.684 0 0 0 1.16697 100 30 -0.397746 100 58 0 0 0 -2.68388 100 26 0 0 0 0 0 0 0 0 0 0 0
55500 -239.898 0 0 0 0.968782 100 19 -10.1081 100 52 0 0 0 -2.17279 100 16 0 0 0 0 0 0 0 0 0 0 0
55600 -240.148 0 0 0 0.554059 100 27 -2.26045 100 53 0 0 0 -2.33837 100 22 0 0 0 0 0 0 0 0 0 0 0
55700 -239.499 0 0 0 0.802312 100 20 -7.63893 100 47 0 0 0 -2.06286 100 22 0 0 0 0 0 0 0 0 0 0 0
55800 -239.536 0 0 0 1.01461 100 20 -3.50068 100 50 0 0 0 -2.19177 100 22 0 0 0 0 0 0 0 0 0 0 0
55900 -240.446 0 0 0 1.64979 100 24 -2.40018 100 42 0 0 0 -2.96721 100 22 0 0 0 0 0 0 0 0 0 0 0
56000 -238.873 0 0 0 1.08801 100 24 -7.63339 100 56 0 0 0 -2.37678 100 15 0 0 0 0 0 0 0 0 0 0 0
56100 -238.793 0 0 0 0.91075 100 23 -7.68622 100 51 0 0 0 -2.23533 100 20 0 0 0 0 0 0 0 0 0 0 0
56200 -239.126 0 0 0 1.17527 100 30 -7.52982 100 50 0 0 0 -2.53828 100 22 0 0 0 0 0 0 0 0 0 0 0
56300 -238.529 0 0 0 1.06697 100 28 -2.71068 100 55 0 0 0 -2.41303 100 28 0 0 0 0 0 0 0 0 0 0 0
56400 -241.209 0 0 0 0.460921 100 23 -14.8921 100 52 0 0 0 -1.93175 100 17 0 0 0 0 0 0 0 0 0 0 0
56500 -238.664 0 0 0 1.24406 100 23 -4.15001 100 47 0 0 0 -2.53994 100 14 0 0 0 0 0 0 0 0 0 0 0
56600 -238.926 0 0 0 1.19569 100 23 -6.83974 100 54 0 0 0 -2.51585 100 16 0 0 0 0 0 0 0 0 0 0 0
56700 -239.582 0 0 0 0.740653 100 25 -0.757839 100 50 0 0 0 -2.3216 100 17 0 0 0 0 0 0 0 0 0 0 0
56800 -240.591 0 0 0 1.17975 100 25 -2.60434 100 60 0 0 0 -2.80332 100 15 0 0 0 0 0 0 0 0 0 0 0
56900 -240.219 0 0 0 1.50121 100 30 -4.24394 100 53 0 0 0 -2.50695 100 25 0 0 0 0 0 0 0 0 0 0 0
57000 -239.063 0 0 0 0.499807 100 23 -4.86368 100 50 0 0 0 -2.09722 100 19 0 0 0 0 0 0 0 0 0 0 0
57100 -238.956 0 0 0 1.11381 100 24 -3.99448 100 61 0 0 0 -2.59589 100 24 0 0 0 0 0 0 0 0 0 0 0
57200 -239.347 0 0 0 1.41468 100 26 -6.02629 100 55 0 0 0 -2.61454 100 19 0 0 0 0 0 0 0 0 0 0 0
57300 -239.821 0 0 0 0.999117 100 28 -7.77227 100 53 0 0 0 -2.1539 100 23 0 0 0 0 0 0 0 0 0 0 0
57400 -238.871 0 0 0 0.845652 100 24 -4.1274 100 50 0 0 0 -2.1641 100 27 0 0 0 0 0 0 0 0 0 0 0
57500 -241.994 0 0 0 0.647685 100 36 -0.460914 100 53 0 0 0 -2.54613 100 25 0 0 0 0 0 0 0 0 0 0 0
57600 -240.295 0 0 0 0.703286 100 23 -0.385331 100 49 0 0 0 -2.15552 100 17 0 0 0 0 0 0 0 0 0 0 0
57700 -238.919 0 0 0 0.809229 100 27 -2.15056 100 50 0 0 0 -2.36636 100 33 0 0 0 0 0 0 0 0 0 0 0
57800 -239.268 0 0 0 0.577113 100 23 -5.22558 100 46 0 0 0 -2.00673 100 25 0 0 0 0 0 0 0 0 0 0 0
57900 -239.999 0 0 0 0.637394 100 25 -3.71169 100 54 0 0 0 -2.41636 100 22 0 0 0 0 0 0 0 0 0 0 0
58000 -238.87 0 0 0 0.74998 100 27 -2.49975 100 48 0 0 0 -2.22664 100 17 0 0 0 0 0 0 0 0 0 0 0
58100 -240.383 0 0 0 0.217619 100 30 -4.53047 100 47 0 0 0 -2.00523 100 24 0 0 0 0 0 0 0 0 0 0 0
58200 -239.342 0 0 0 1.39252 100 25 -3.57732 100 48 0 0 0 -2.50459 100 24 0 0 0 0 0 0 0 0 0 0 0
58300 -239.183 0 0 0 0.835747 100 28 -1.03924 100 49 0 0 0 -2.34176 100 13 0 0 0 0 0 0 0 0 0 0 0
58400 -239.483 0 0 0 1.10027 100 31 -3.01342 100 52 0 0 0 -2.66049 100 26 0 0 0 0 0 0 0 0 0 0 0
58500 -238.773 0 0 0 0.737427 100 24 -2.85443 100 54 0 0 0 -2.26585 100 19 0 0 0 0 0 0 0 0 0 0 0
58600 -243.169 0 0 0 1.31056 100 27 -4.29939 100 57 0 0 0 -3.02066 100 21 0 0 0 0 0 0 0 0 0 0 0
58700 -239.834 0 0 0 1.08496 100 24 -6.91115 100 54 0 0 0 -2.63415 100 26 0 0 0 0 0 0 0 0 0 0 0
58800 -238.48 0 0 0 1.05301 100 23 -3.70363 100 52 0 0 0 -2.46663 100 23 0 0 0 0 0 0 0 0 0 0 0
58900 -239.422 0 0 0 1.47804 100 26 -2.29158 100 58 0 0 0 -2.78409 100 23 0 0 0 0 0 0 0 0 0 0 0
59000 -243.306 0 0 0 0.960738 100 28 2.3323 100 47 0 0 0 -2.21564 100 28 0 0 0 0 0 0 0 0 0 0 0
59100 -240.113 0 0 0 0.743345 100 23 -9.3093 100 53 0 0 0 -2.42001 100 19 0 0 0 0 0 0 0 0 0 0 0
59200 -238.517 0 0 0 0.922036 100 26 -6.33106 100 51 0 0 0 -2.27886 100 17 0 0 0 0 0 0 0 0 0 0 0
59300 -241.045 0 0 0 1.43695 100 19 -10.4395 100 51 0 0 0 -2.49013 100 28 0 0 0 0 0 0 0 0 0 0 0
59400 -239.651 0 0 0 1.18708 100 21 -2.52466 100 48 0 0 0 -2.72199 100 21 0 0 0 0 0 0 0 0 0 0 0
59500 -241.862 0 0 0 0.346508 100 20 -9.66422 100 50 0 0 0 -2.2878 100 17 0 0 0 0 0 0 0 0 0 0 0
59600 -239.815 0 0 0 0.358515 100 28 -7.82583 100 36 0 0 0 -2.10976 100 21 0 0 0 0 0 0 0 0 0 0 0
59700 -238.577 0 0 0 1.02332 100 19 -6.57126 100 44 0 0 0 -2.39121 100 19 0 0 0 0 0 0 0 0 0 0 0
59800 -239.948 0 0 0 1.35346 100 21 1.04491 100 58 0 0 0 -2.72709 100 24 0 0 0 0 0 0 0 0 0 0 0
59900 -240.057 0 0 0 0.738887 100 34 -7.47889 100 57 0 0 0 -1.97928 100 27 0 0 0 0 0 0 0 0 0 0 0
60000 -238.632 0 0 0 0.988174 100 23 -2.20174 100 52 0 0 0 -2.3686 100 19 0 0 0 0 0 0 0 0 0 0 0
60100 -239.689 0 0 0 0.419141 100 30 -9.24447 100 60 0 0 0 -1.95267 100 16 0 0 0 0 0 0 0 0 0 0 0
60200 -239.081 0 0 0 1.24255 100 24 -0.62815 100 46 0 0 0 -2.59021 100 19 0 0 0 0 0 0 0 0 0 0 0
60300 -238.755 0 0 0 0.957884 100 36 -7.95221 100 64 0 0 0 -2.32518 100 24 0 0 0 0 0 0 0 0 0 0 0
60400 -240.562 0 0 0 1.44217 100 33 -1.95629 100 58 0 0 0 -2.43894 100 17 0 0 0 0 0 0 0 0 0 0 0
60500 -239.098 0 0 0 1.3859 100 25 -3.52838 100 59 0 0 0 -2.54589 100 19 0 0 0 0 0 0 0 0 0 0 0
60600 -239.46 0 0 0 1.53033 100 28 -3.79553 100 65 0 0 0 -2.74825 100 15 0 0 0 0 0 0 0 0 0 0 0
60700 -240.67 0 0 0 0.692053 100 21 -14.513 100 56 0 0 0 -2.09082 100 26 0 0 0 0 0 0 0 0 0 0 0
60800 -239.994 0 0 0 1.69226 100 32 -1.10625 100 41 0 0 0 -2.86129 100 21 0 0 0 0 0 0 0 0 0 0 0
60900 -238.433 0 0 0 0.838323 100 20 -4.25589 100 47 0 0 0 -2.27342 100 20 0 0 0 0 0 0 0 0 0 0 0
61000 -238.517 0 0 0 1.11011 100 33 -4.92529 100 48 0 0 0 -2.40826 100 18 0 0 0 0 0 0 0 0 0 0 0
61100 -239.578 0 0 0 0.942834 100 30 -10.9872 100 50 0 0 0 -2.25691 100 20 0 0 0 0 0 0 0 0 0 0 0
61200 -239.35 0 0 0 0.479951 100 31 -8.47085 100 50 0 0 0 -2.12504 100 16 0 0 0 0 0 0 0 0 0 0 0
61300 -238.828 0 0 0 1.14754 100 29 -2.38158 100 61 0 0 0 -2.3936 100 30 0 0 0 0 0 0 0 0 0 0 0
61400 -241.088 0 0 0 1.61868 100 19 -6.36374 100 54 0 0 0 -2.57012 100 24 0 0 0 0 0 0 0 0 0 0 0
61500 -240.229 0 0 0 0.977594 100 21 -1.16777 100 55 0 0 0 -2.64981 100 28 0 0 0 0 0 0 0 0 0 0 0
61600 -239.543 0 0 0 1.36492 100 35 -5.94522 100 44 0 0 0 -2.71546 100 22 0 0 0 0 0 0 0 0 0 0 0
61700 -239.282 0 0 0 0.73409 100 26 -3.62019 100 45 0 0 0 -2.40886 100 23 0 0 0 0 0 0 0 0 0 0 0
61800 -243.906 0 0 0 1.87195 100 25 -13.1045 100 46 0 0 0 -2.93523 100 21 0 0 0 0 0 0 0 0 0 0 0
61900 -239.073 0 0 0 1.10003 100 28 -2.15788 100 53 0 0 0 -2.32936 100 25 0 0 0 0 0 0 0 0 0 0 0
62000 -239.203 0 0 0 0.54525 100 21 -8.82272 100 47 0 0 0 -2.13558 100 15 0 0 0 0 0 0 0 0 0 0 0
62100 -243.202 0 0 0 -0.0738068 100 25 -13.509 100 58 0 0 0 -1.64843 100 25 0 0 0 0 0 0 0 0 0 0 0
62200 -239.061 0 0 0 1.38363 100 20 -2.06724 100 42 0 0 0 -2.68882 100 18 0 0 0 0 0 0 0 0 0 0 0
62300 -238.969 0 0 0 1.05031 100 26 -8.37968 100 56 0 0 0 -2.40815 100 29 0 0 0 0 0 0 0 0 0 0 0
62400 -239.093 0 0 0 0.647299 100 25 -5.4481 100 51 0 0 0 -2.04324 100 18 0 0 0 0 0 0 0 0 0 0 0
62500 -242.867 0 0 0 0.950715 100 24 3.06497 100 63 0 0 0 -2.65694 100 21 0 0 0 0 0 0 0 0 0 0 0
62600 -239.087 0 0 0 0.612094 100 30 -7.08254 100 53 0 0 0 -2.25338 100 20 0 0 0 0 0 0 0 0 0 0 0
62700 -242.596 0 0 0 2.03194 100 26 -1.3303 100 55 0 0 0 -2.86297 100 22 0 0 0 0 0 0 0 0 0 0 0
62800 -238.665 0 0 0 0.764671 100 25 -6.14489 100 53 0 0 0 -2.31322 100 25 0 0 0 0 0 0 0 0 0 0 0
62900 -238.763 0 0 0 0.620597 100 37 -4.91374 100 55 0 0 0 -2.12703 100 22 0 0 0 0 0 0 0 0 0 0 0
63000 -239.883 0 0 0 0.662429 100 25 -2.06989 100 43 0 0 0 -2.06286 100 21 0 0 0 0 0 0 0 0 0 0 0
63100 -239.68 0 0 0 1.59844 100 21 -3.50779 100 60 0 0 0 -2.72162 100 26 0 0 0 0 0 0 0 0 0 0 0
63200 -238.708 0 0 0 0.776845 100 24 -6.42191 100 45 0 0 0 -2.15002 100 27 0 0 0 0 0 0 0 0 0 0 0
63300 -238.571 0 0 0 0.856272 100 25 -6.31213 100 54 0 0 0 -2.34624 100 18 0 0 0 0 0 0 0 0 0 0 0
63400 -241.885 0 0 0 0.361686 100 24 -0.906718 100 61 0 0 0 -1.93604 100 24 0 0 0 0 0 0 0 0 0 0 0
63500 -239.647 0 0 0 0.658728 100 25 -7.51885 100 51 0 0 0 -1.98007 100 17 0 0 0 0 0 0 0 0 0 0 0
63600 -242.931 0 0 0 1.06393 100 25 -5.40035 100 55 0 0 0 -2.0109 100 21 0 0 0 0 0 0 0 0 0 0 0
63700 -238.882 0 0 0 1.30335 100 24 -4.33435 100 60 0 0 0 -2.62163 100 27 0 0 0 0 0 0 0 0 0 0 0
63800 -239.867 0 0 0 0.485425 100 26 -11.4078 100 54 0 0 0 -2.03812 100 22 0 0 0 0 0 0 0 0 0 0 0
63900 -240.909 0 0 0 1.3905 100 37 -0.533623 100 47 0 0 0 -2.40972 100 25 0 0 0 0 0 0 0 0 0 0 0
64000 -239.212 0 0 0 1.23126 100 24 -6.05803 100 60 0 0 0 -2.63217 100 17 0 0 0 0 0 0 0 0 0 0 0
64100 -238.9 0 0 0 0.633573 100 20 -6.74582 100 55 0 0 0 -2.0725 100 22 0 0 0 0 0 0 0 0 0 0 0
64200 -240.977 0 0 0 0.211825 100 16 -3.13025 100 61 0 0 0 -1.91299 100 21 0 0 0 0 0 0 0 0 0 0 0
64300 -238.885 0 0 0 1.22112 100 34 -2.60183 100 53 0 0 0 -2.4333 100 22 0 0 0 0 0 0 0 0 0 0 0
64400 -240.94 0 0 0 1.17906 100 22 2.27509 100 54 0 0 0 -2.66766 100 24 0 0 0 0 0 0 0 0 0 0 0
64500 -239.348 0 0 0 0.912343 100 20 -8.38007 100 54 0 0 0 -2.15688 100 24 0 0 0 0 0 0 0 0 0 0 0
64600 -241.497 0 0 0 1.10751 100 23 -7.5284 100 53 0 0 0 -2.76872 100 17 0 0 0 0 0 0 0 0 0 0 0
64700 -238.598 0 0 0 0.844271 100 31 -7.2929 100 57 0 0 0 -2.2628 100 24 0 0 0 0 0 0 0 0 0 0 0
64800 -239.115 0 0 0 1.39976 100 34 -4.77385 100 52 0 0 0 -2.64473 100 25 0 0 0 0 0 0 0 0 0 0 0
64900 -239.937 0 0 0 1.18557 100 24 -10.8773 100 53 0 0 0 -2.4716 100 30 0 0 0 0 0 0 0 0 0 0 0
65000 -238.708 0 0 0 0.758955 100 22 -7.62975 100 54 0 0 0 -2.25221 100 16 0 0 0 0 0 0 0 0 0 0 0
65100 -238.917 0 0 0 1.21624 100 34 -6.12109 100 49 0 0 0 -2.5622 100 21 0 0 0 0 0 0 0 0 0 0 0
65200 -242.654 0 0 0 1.28659 100 23 -10.5441 100 58 0 0 0 -2.86073 100 26 0 0 0 0 0 0 0 0 0 0 0
65300 -239.412 0 0 0 0.5103 100 22 -9.00814 100 47 0 0 0 -2.0001 100 27 0 0 0 0 0 0 0 0 0 0 0
65400 -238.55 0 0 0 0.893385 100 23 -6.91107 100 48 0 0 0 -2.31469 100 18 0 0 0 0 0 0 0 0 0 0 0
65500 -239.838 0 0 0 1.14037 100 23 0.922739 100 42 0 0 0 -2.50522 100 18 0 0 0 0 0 0 0 0 0 0 0
65600 -238.882 0 0 0 0.710566 100 30 -3.0454 100 61 0 0 0 -2.17277 100 23 0 0 0 0 0 0 0 0 0 0 0
65700 -238.813 0 0 0 0.858889 100 24 -1.9765 100 47 0 0 0 -2.30085 100 21 0 0 0 0 0 0 0 0 0 0 0
65800 -238.786 0 0 0 0.592697 100 27 -6.0579 100 47 0 0 0 -2.16602 100 23 0 0 0 0 0 0 0 0 0 0 0
65900 -238.966 0 0 0 0.61525 100 22 -6.25829 100 54 0 0 0 -2.25013 100 27 0 0 0 0 0 0 0 0 0 0 0
66000 -239.343 0 0 0 1.45241 100 21 -4.09746 100 55 0 0 0 -2.73793 100 25 0 0 0 0 0 0 0 0 0 0 0
66100 -241.084 0 0 0 1.04346 100 29 -1.07207 100 61 0 0 0 -2.76131 100 30 0 0 0 0 0 0 0 0 0 0 0
66200 -240.448 0 0 0 1.3787 100 29 1.7965 100 48 0 0 0 -2.62207 100 21 0 0 0 0 0 0 0 0 0 0 0
66300 -238.522 0 0 0 1.13761 100 28 -3.07838 100 54 0 0 0 -2.4666 100 20 0 0 0 0 0 0 0 0 0 0 0
66400 -239.491 0 0 0 1.45975 100 19 -4.51157 100 57 0 0 0 -2.56326 100 18 0 0 0 0 0 0 0 0 0 0 0
66500 -239.821 0 0 0 0.745358 100 22 -1.80542 100 53 0 0 0 -2.45415 100 25 0 0 0 0 0 0 0 0 0 0 0
66600 -239.556 0 0 0 0.393722 100 25 -8.59314 100 49 0 0 0 -2.05295 100 22 0 0 0 0 0 0 0 0 0 0 0
66700 -240.85 0 0 0 1.4174 100 28 -3.68677 100 53 0 0 0 -2.92245 100 23 0 0 0 0 0 0 0 0 0 0 0
66800 -238.506 0 0 0 0.873016 100 18 -4.53848 100 55 0 0 0 -2.23923 100 23 0 0 0 0 0 0 0 0 0 0 0
66900 -239.144 0 0 0 1.16112 100 28 -5.43271 100 48 0 0 0 -2.61816 100 20 0 0 0 0 0 0 0 0 0 0 0
67000 -239.273 0 0 0 1.13021 100 29 -6.80667 100 51 0 0 0 -2.58774 100 16 0 0 0 0 0 0 0 0 0 0 0
67100 -238.712 0 0 0 1.14005 100 19 -1.74619 100 53 0 0 0 -2.485 100 20 0 0 0 0 0 0 0 0 0 0 0
67200 -239.045 0 0 0 0.888275 100 25 -4.68199 100 47 0 0 0 -2.15384 100 23 0 0 0 0 0 0 0 0 0 0 0
67300 -240.996 0 0 0 1.86874 100 24 -3.37669 100 58 0 0 0 -2.86587 100 19 0 0 0 0 0 0 0 0 0 0 0
67400 -242.04 0 0 0 1.94488 100 30 -6.23745 100 55 0 0 0 -2.90825 100 28 0 0 0 0 0 0 0 0 0 0 0
67500 -240.113 0 0 0 1.66835 100 27 -3.18544 100 44 0 0 0 -2.89785 100 23 0 0 0 0 0 0 0 0 0 0 0
67600 -238.473 0 0 0 0.933716 100 28 -3.13861 100 59 0 0 0 -2.34274 100 20 0 0 0 0 0 0 0 0 0 0 0
67700 -239.679 0 0 0 0.598734 100 34 -2.04561 100 41 0 0 0 -2.09047 100 24 0 0 0 0 0 0 0 0 0 0 0
67800 -240.253 0 0 0 1.3186 100 25 1.55309 100 51 0 0 0 -2.58858 100 20 0 0 0 0 0 0 0 0 0 0 0
67900 -239.112 0 0 0 1.08921 100 28 -3.37727 100 50 0 0 0 -2.61001 100 22 0 0 0 0 0 0 0 0 0 0 0
68000 -239.267 0 0 0 0.774138 100 32 -2.98275 100 49 0 0 0 -2.43083 100 21 0 0 0 0 0 0 0 0 0 0 0
68100 -238.386 0 0 0 0.948343 100 27 -5.07111 100 45 0 0 0 -2.35354 100 23 0 0 0 0 0 0 0 0 0 0 0
68200 -238.786 0 0 0 1.15972 100 24 -4.82289 100 54 0 0 0 -2.37493 100 25 0 0 0 0 0 0 0 0 0 0 0
68300 -238.586 0 0 0 1.11124 100 23 -5.44576 100 57 0 0 0 -2.39223 100 16 0 0 0 0 0 0 0 0 0 0 0
68400 -239.623 0 0 0 1.22589 100 35 -5.75543 100 58 0 0 0 -2.69598 100 22 0 0 0 0 0 0 0 0 0 0 0
68500 -239.026 0 0 0 1.38371 100 28 -3.4414 100 59 0 0 0 -2.56429 100 19 0 0 0 0 0 0 0 0 0 0 0
68600 -239.384 0 0 0 1.22035 100 24 -0.0238574 100 55 0 0 0 -2.50239 100 33 0 0 0 0 0 0 0 0 0 0 0
68700 -243.374 0 0 0 0.118867 100 26 -8.32222 100 51 0 0 0 -2.23727 100 18 0 0 0 0 0 0 0 0 0 0 0
68800 -238.861 0 0 0 1.17647 100 24 -1.81047 100 50 0 0 0 -2.5892 100 30 0 0 0 0 0 0 0 0 0 0 0
68900 -239.758 0 0 0 1.12087 100 24 -10.6295 100 45 0 0 0 -2.36719 100 26 0 0 0 0 0 0 0 0 0 0 0
69000 -240.2 0 0 0 1.56759 100 28 -1.84907 100 48 0 0 0 -2.92471 100 25 0 0 0 0 0 0 0 0 0 0 0
69100 -241.408 0 0 0 1.62104 100 28 3.05537 100 51 0 0 0 -2.88351 100 21 0 0 0 0 0 0 0 0 0 0 0
69200 -238.809 0 0 0 1.21001 100 28 -3.64343 100 63 0 0 0 -2.41821 100 26 0 0 0 0 0 0 0 0 0 0 0
69300 -239.163 0 0 0 1.38498 100 18 -2.88317 100 46 0 0 0 -2.53366 100 19 0 0 0 0 0 0 0 0 0 0 0
69400 -238.928 0 0 0 0.887418 100 24 -5.49908 100 50 0 0 0 -2.16307 100 23 0 0 0 0 0 0 0 0 0 0 0
69500 -238.669 0 0 0 0.934977 100 28 -2.30645 100 55 0 0 0 -2.32248 100 28 0 0 0 0 0 0 0 0 0 0 0
69600 -239.164 0 0 0 0.950001 100 20 -7.76579 100 48 0 0 0 -2.19365 100 22 0 0 0 0 0 0 0 0 0 0 0
69700 -239.524 0 0 0 1.05 100 25 -0.311209 100 49 0 0 0 -2.35245 100 18 0 0 0 0 0 0 0 0 0 0 0
69800 -241.13 0 0 0 0.297741 100 25 -1.49783 100 49 0 0 0 -2.07528 100 26 0 0 0 0 0 0 0 0 0 0 0
69900 -239.133 0 0 0 1.05722 100 31 -0.598982 100 60 0 0 0 -2.41442 100 18 0 0 0 0 0 0 0 0 0 0 0
70000 -241.972 0 0 0 1.9625 100 31 2.1159 100 48 0 0 0 -2.9563 100 26 0 0 0 0 0 0 0 0 0 0 0
70100 -239.057 0 0 0 1.37028 100 23 -3.53347 100 46 0 0 0 -2.68703 100 21 0 0 0 0 0 0 0 0 0 0 0
70200 -238.808 0 0 0 1.06453 100 19 -5.05367 100 52 0 0 0 -2.53557 100 24 0 0 0 0 0 0 0 0 0 0 0
70300 -240.745 0 0 0 0.90639 100 25 -14.3049 100 49 0 0 0 -2.36137 100 23 0 0 0 0 0 0 0 0 0 0 0
70400 -241.887 0 0 0 1.54775 100 21 1.74177 100 50 0 0 0 -3.04685 100 25 0 0 0 0 0 0 0 0 0 0 0
70500 -238.873 0 0 0 1.03526 100 27 -8.09709 100 57 0 0 0 -2.36048 100 25 0 0 0 0 0 0 0 0 0 0 0
70600 -238.939 0 0 0 1.38095 100 30 -3.28938 100 58 0 0 0 -2.62078 100 22 0 0 0 0 0 0 0 0 0 0 0
70700 -239.597 0 0 0 0.911356 100 25 -9.38821 100 49 0 0 0 -2.14925 100 24 0 0 0 0 0 0 0 0 0 0 0
70800 -238.528 0 0 0 1.05308 100 16 -4.47618 100 56 0 0 0 -2.47912 100 23 0 0 0 0 0 0 0 0 0 0 0
70900 -241.4 0 0 0 1.42009 100 21 -2.57542 100 53 0 0 0 -2.35579 100 16 0 0 0 0 0 0 0 0 0 0 0
71000 -242.787 0 0 0 1.19557 100 22 -15.8588 100 55 0 0 0 -2.66335 100 30 0 0 0 0 0 0 0 0 0 0 0
71100 -238.571 0 0 0 1.07578 100 30 -2.35911 100 45 0 0 0 -2.44922 100 21 0 0 0 0 0 0 0 0 0 0 0
71200 -239.75 0 0 0 0.437935 100 27 -9.68346 100 48 0 0 0 -1.95152 100 14 0 0 0 0 0 0 0 0 0 0 0
71300 -239.318 0 0 0 0.624659 100 26 -7.49865 100 57 0 0 0 -2.29209 100 23 0 0 0 0 0 0 0 0 0 0 0
71400 -239.839 0 0 0 1.16694 100 31 -3.82605 100 49 0 0 0 -2.72463 100 26 0 0 0 0 0 0 0 0 0 0 0
71500 -243.832 0 0 0 0.0847894 100 28 -0.282095 100 55 0 0 0 -1.92745 100 26 0 0 0 0 0 0 0 0 0 0 0
71600 -239.431 0 0 0 1.21432 100 24 -3.37577 100 39 0 0 0 -2.70676 100 23 0 0 0 0 0 0 0 0 0 0 0
71700 -243.321 0 0 0 -0.100215 100 25 -4.99538 100 45 0 0 0 -1.64378 100 24 0 0 0 0 0 0 0 0 0 0 0
71800 -239.504 0 0 0 1.46125 100 24 -5.42975 100 66 0 0 0 -2.72066 100 21 0 0 0 0 0 0 0 0 0 0 0
71900 -240.785 0 0 0 1.00545 100 30 -6.11962 100 56 0 0 0 -2.07846 100 11 0 0 0 0 0 0 0 0 0 0 0
72000 -241.187 0 0 0 1.31258 100 30 -11.9472 100 48 0 0 0 -2.68147 100 19 0 0 0 0 0 0 0 0 0 0 0
72100 -238.511 0 0 0 0.947818 100 30 -2.82779 100 62 0 0 0 -2.37864 100 24 0 0 0 0 0 0 0 0 0 0 0
72200 -240.477 0 0 0 0.326702 100 20 -2.44691 100 49 0 0 0 -2.09406 100 21 0 0 0 0 0 0 0 0 0 0 0
72300 -238.918 0 0 0 0.656567 100 24 -3.17632 100 45 0 0 0 -2.16713 100 12 0 0 0 0 0 0 0 0 0 0 0
72400 -239.305 0 0 0 0.500497 100 29 -3.78259 100 50 0 0 0 -2.06126 100 25 0 0 0 0 0 0 0 0 0 0 0
72500 -238.594 0 0 0 0.844493 100 23 -4.297 100 62 0 0 0 -2.3791 100 27 0 0 0 0 0 0 0 0 0 0 0
72600 -241.169 0 0 0 1.67302 100 23 -1.78424 100 58 0 0 0 -3.05836 100 27 0 0 0 0 0 0 0 0 0 0 0
72700 -239.565 0 0 0 0.688222 100 27 -1.76555 100 48 0 0 0 -2.13095 100 25 0 0 0 0 0 0 0 0 0 0 0
72800 -238.914 0 0 0 1.13867 100 31 -1.02175 100 51 0 0 0 -2.47931 100 23 0 0 0 0 0 0 0 0 0 0 0
72900 -239.174 0 0 0 0.62061 100 25 -7.32885 100 54 0 0 0 -2.27016 100 23 0 0 0 0 0 0 0 0 0 0 0
73000 -241.254 0 0 0 1.48856 100 25 2.97298 100 66 0 0 0 -2.77121 100 23 0 0 0 0 0 0 0 0 0 0 0
73100 -238.646 0 0 0 0.706226 100 27 -5.03159 100 55 0 0 0 -2.2722 100 21 0 0 0 0 0 0 0 0 0 0 0
73200 -239.046 0 0 0 0.866752 100 33 -7.29435 100 55 0 0 0 -2.41952 100 24 0 0 0 0 0 0 0 0 0 0 0
73300 -242.133 0 0 0 1.53735 100 27 -0.775759 100 52 0 0 0 -3.08919 100 18 0 0 0 0 0 0 0 0 0 0 0
73400 -239.807 0 0 0 0.558276 100 20 -2.78072 100 52 0 0 0 -2.31198 100 20 0 0 0 0 0 0 0 0 0 0 0
73500 -239.834 0 0 0 1.63725 100 26 -3.46902 100 51 0 0 0 -2.81774 100 26 0 0 0 0 0 0 0 0 0 0 0
73600 -240.902 0 0 0 1.08398 100 33 1.92814 100 49 0 0 0 -2.43716 100 17 0 0 0 0 0 0 0 0 0 0 0
73700 -240.711 0 0 0 1.46275 100 28 -4.29358 100 63 0 0 0 -2.91798 100 24 0 0 0 0 0 0 0 0 0 0 0
73800 -238.668 0 0 0 1.18765 100 28 -5.42813 100 64 0 0 0 -2.50287 100 28 0 0 0 0 0 0 0 0 0 0 0
73900 -239.115 0 0 0 1.05457 100 20 -8.63419 100 52 0 0 0 -2.44713 100 24 0 0 0 0 0 0 0 0 0 0 0
74000 -239.891 0 0 0 1.51052 100 17 -6.14489 100 60 0 0 0 -2.76701 100 18 0 0 0 0 0 0 0 0 0 0 0
74100 -240.47 0 0 0 1.15456 100 18 -3.38327 100 53 0 0 0 -2.77685 100 19 0 0 0 0 0 0 0 0 0 0 0
74200 -238.596 0 0 0 1.07873 100 21 -3.4311 100 53 0 0 0 -2.35974 100 29 0 0 0 0 0 0 0 0 0 0 0
74300 -241.382 0 0 0 0.804963 100 23 1.78953 100 49 0 0 0 -2.42077 100 24 0 0 0 0 0 0 0 0 0 0 0
74400 -242.466 0 0 0 -0.0463025 100 19 -3.8654 100 43 0 0 0 -1.93834 100 25 0 0 0 0 0 0 0 0 0 0 0
74500 -239.128 0 0 0 1.19679 100 31 -0.75464 100 43 0 0 0 -2.61207 100 27 0 0 0 0 0 0 0 0 0 0 0
74600 -242.049 0 0 0 1.30615 100 20 2.92209 100 53 0 0 0 -2.86657 100 18 0 0 0 0 0 0 0 0 0 0 0
74700 -238.927 0 0 0 0.640587 100 18 -7.60075 100 56 0 0 0 -2.08338 100 25 0 0 0 0 0 0 0 0 0 0 0
74800 -238.845 0 0 0 0.628071 100 26 -3.86494 100 44 0 0 0 -2.21424 100 21 0 0 0 0 0 0 0 0 0 0 0
74900 -239.572 0 0 0 0.500613 100 27 -7.04443 100 51 0 0 0 -1.94029 100 17 0 0 0 0 0 0 0 0 0 0 0
75000 -239.73 0 0 0 0.559614 100 32 -5.13568 100 50 0 0 0 -1.94948 100 28 0 0 0 0 0 0 0 0 0 0 0
75100 -239.636 0 0 0 0.973467 100 26 -8.38552 100 54 0 0 0 -2.52034 100 23 0 0 0 0 0 0 0 0 0 0 0
75200 -239.277 0 0 0 1.26588 100 26 -1.52859 100 51 0 0 0 -2.44154 100 18 0 0 0 0 0 0 0 0 0 0 0
75300 -240.106 0 0 0 0.575751 100 24 -8.92653 100 61 0 0 0 -1.91641 100 19 0 0 0 0 0 0 0 0 0 0 0
75400 -243.943 0 0 0 0.157959 100 32 -10.4548 100 53 0 0 0 -2.27297 100 20 0 0 0 0 0 0 0 0 0 0 0
75500 -238.853 0 0 0 0.704873 100 29 -7.08261 100 50 0 0 0 -2.28331 100 15 0 0 0 0 0 0 0 0 0 0 0
75600 -239.059 0 0 0 1.41224 100 21 -1.99925 100 45 0 0 0 -2.64694 100 18 0 0 0 0 0 0 0 0 0 0 0
75700 -240.498 0 0 0 0.557864 100 21 -13.3323 100 51 0 0 0 -1.9931 100 20 0 0 0 0 0 0 0 0 0 0 0
75800 -239.391 0 0 0 0.879449 100 13 -8.11064 100 54 0 0 0 -2.45073 100 18 0 0 0 0 0 0 0 0 0 0 0
75900 -241.311 0 0 0 0.120595 100 21 -4.62055 100 41 0 0 0 -1.80434 100 22 0 0 0 0 0 0 0 0 0 0 0
76000 -241.688 0 0 0 0.372878 100 29 -10.8432 100 46 0 0 0 -2.26753 100 17 0 0 0 0 0 0 0 0 0 0 0
76100 -239.163 0 0 0 1.16409 100 26 -2.16987 100 55 0 0 0 -2.35875 100 20 0 0 0 0 0 0 0 0 0 0 0
76200 -239.09 0 0 0 0.500892 100 27 -4.83706 100 55 0 0 0 -2.07113 100 22 0 0 0 0 0 0 0 0 0 0 0
76300 -238.502 0 0 0 0.771775 100 32 -5.48036 100 49 0 0 0 -2.20489 100 21 0 0 0 0 0 0 0 0 0 0 0
76400 -238.917 0 0 0 1.13748 100 34 -5.72043 100 47 0 0 0 -2.34014 100 18 0 0 0 0 0 0 0 0 0 0 0
76500 -239.991 0 0 0 0.960023 100 23 0.437281 100 64 0 0 0 -2.33226 100 30 0 0 0 0 0 0 0 0 0 0 0
76600 -243.336 0 0 0 -0.095966 100 20 -7.01191 100 46 0 0 0 -2.04087 100 24 0 0 0 0 0 0 0 0 0 0 0
76700 -240.917 0 0 0 1.72169 100 26 -6.55132 100 57 0 0 0 -2.89914 100 16 0 0 0 0 0 0 0 0 0 0 0
76800 -239.905 0 0 0 1.16972 100 34 0.0594568 100 52 0 0 0 -2.69735 100 22 0 0 0 0 0 0 0 0 0 0 0
76900 -239.341 0 0 0 1.20619 100 23 -2.14496 100 56 0 0 0 -2.69311 100 17 0 0 0 0 0 0 0 0 0 0 0
77000 -239.554 0 0 0 1.12231 100 18 -2.25437 100 61 0 0 0 -2.67836 100 17 0 0 0 0 0 0 0 0 0 0 0
77100 -240.791 0 0 0 0.739593 100 24 -4.39803 100 48 0 0 0 -1.94579 100 20 0 0 0 0 0 0 0 0 0 0 0
77200 -241.102 0 0 0 1.60187 100 24 -3.78895 100 58 0 0 0 -2.52544 100 27 0 0 0 0 0 0 0 0 0 0 0
77300 -239.463 0 0 0 0.885833 100 21 -1.34535 100 60 0 0 0 -2.50221 100 23 0 0 0 0 0 0 0 0 0 0 0
77400 -239.368 0 0 0 0.84622 100 15 -4.93786 100 51 0 0 0 -2.49314 100 20 0 0 0 0 0 0 0 0 0 0 0
77500 -239.53 0 0 0 1.27803 100 20 -4.9494 100 53 0 0 0 -2.37355 100 18 0 0 0 0 0 0 0 0 0 0 0
77600 -238.509 0 0 0 0.874796 100 23 -3.68616 100 44 0 0 0 -2.26463 100 20 0 0 0 0 0 0 0 0 0 0 0
77700 -239.009 0 0 0 0.586791 100 24 -3.86843 100 60 0 0 0 -2.21785 100 22 0 0 0 0 0 0 0 0 0 0 0
77800 -241.003 0 0 0 1.56258 100 21 2.60032 100 50 0 0 0 -2.8375 100 22 0 0 0 0 0 0 0 0 0 0 0
77900 -241.111 0 0 0 1.43153 100 25 -11.8669 100 50 0 0 0 -2.58971 100 28 0 0 0 0 0 0 0 0 0 0 0
78000 -239.119 0 0 0 0.68917 100 29 -4.22863 100 47 0 0 0 -2.35363 100 26 0 0 0 0 0 0 0 0 0 0 0
78100 -240.186 0 0 0 0.995285 100 19 -11.6909 100 44 0 0 0 -2.21389 100 18 0 0 0 0 0 0 0 0 0 0 0
78200 -239.06 0 0 0 0.540947 100 24 -7.86528 100 53 0 0 0 -2.13632 100 24 0 0 0 0 0 0 0 0 0 0 0
78300 -242.554 0 0 0 1.77328 100 28 1.53016 100 52 0 0 0 -2.67434 100 24 0 0 0 0 0 0 0 0 0 0 0
78400 -238.752 0 0 0 0.605887 100 18 -6.01299 100 52 0 0 0 -2.12455 100 16 0 0 0 0 0 0 0 0 0 0 0
78500 -239.723 0 0 0 1.52896 100 24 -5.41494 100 53 0 0 0 -2.75463 100 22 0 0 0 0 0 0 0 0 0 0 0
78600 -241.32 0 0 0 0.0814286 100 17 -8.25135 100 56 0 0 0 -1.74401 100 24 0 0 0 0 0 0 0 0 0 0 0
78700 -238.887 0 0 0 1.10197 100 18 -2.03454 100 52 0 0 0 -2.56878 100 20 0 0 0 0 0 0 0 0 0 0 0
78800 -238.41 0 0 0 1.01263 100 24 -3.93266 100 54 0 0 0 -2.36873 100 17 0 0 0 0 0 0 0 0 0 0 0
78900 -238.728 0 0 0 0.890315 100 24 -2.39249 100 50 0 0 0 -2.40271 100 16 0 0 0 0 0 0 0 0 0 0 0
79000 -238.647 0 0 0 1.24011 100 24 -3.42902 100 63 0 0 0 -2.54855 100 21 0 0 0 0 0 0 0 0 0 0 0
79100 -242.856 0 0 0 -0.0717654 100 24 -5.61153 100 52 0 0 0 -2.01806 100 17 0 0 0 0 0 0 0 0 0 0 0
79200 -238.62 0 0 0 0.914327 100 42 -7.09973 100 60 0 0 0 -2.26803 100 27 0 0 0 0 0 0 0 0 0 0 0
79300 -239.744 0 0 0 1.49804 100 17 -3.13138 100 50 0 0 0 -2.55883 100 21 0 0 0 0 0 0 0 0 0 0 0
79400 -241.246 0 0 0 1.67951 100 26 -8.91536 100 50 0 0 0 -2.7895 100 26 0 0 0 0 0 0 0 0 0 0 0
79500 -238.948 0 0 0 0.774693 100 27 -8.767 100 58 0 0 0 -2.27416 100 20 0 0 0 0 0 0 0 0 0 0 0
79600 -239.345 0 0 0 0.426911 100 25 -6.66253 100 55 0 0 0 -1.98666 100 14 0 0 0 0 0 0 0 0 0 0 0
79700 -238.961 0 0 0 1.12028 100 32 -7.68546 100 52 0 0 0 -2.47264 100 28 0 0 0 0 0 0 0 0 0 0 0
79800 -240.631 0 0 0 1.31476 100 23 -4.21019 100 48 0 0 0 -2.85554 100 22 0 0 0 0 0 0 0 0 0 0 0
79900 -239.133 0 0 0 0.881718 100 26 -6.67044 100 54 0 0 0 -2.13848 100 24 0 0 0 0 0 0 0 0 0 0 0
80000 -238.71 0 0 0 1.2305 100 22 -3.69654 100 42 0 0 0 -2.58352 100 24 0 0 0 0 0 0 0 0 0 0 0
80100 -240.694 0 0 0 1.18566 100 30 2.00145 100 55 0 0 0 -2.66569 100 16 0 0 0 0 0 0 0 0 0 0 0
80200 -242.8 0 0 0 1.45528 100 26 0.0760716 100 48 0 0 0 -3.09366 100 27 0 0 0 0 0 0 0 0 0 0 0
80300 -244.675 0 0 0 1.00674 100 21 4.20507 100 59 0 0 0 -2.77098 100 25 0 0 0 0 0 0 0 0 0 0 0
80400 -240 0 0 0 1.67134 100 31 -3.80119 100 61 0 0 0 -2.77444 100 15 0 0 0 0 0 0 0 0 0 0 0
80500 -238.653 0 0 0 1.13182 100 24 -3.58388 100 61 0 0 0 -2.54834 100 21 0 0 0 0 0 0 0 0 0 0 0
80600 -239.45 0 0 0 1.29445 100 32 0.194043 100 59 0 0 0 -2.57182 100 19 0 0 0 0 0 0 0 0 0 0 0
80700 -238.633 0 0 0 1.21072 100 23 -2.68753 100 48 0 0 0 -2.51478 100 25 0 0 0 0 0 0 0 0 0 0 0
80800 -238.763 0 0 0 0.886341 100 24 -3.99024 100 49 0 0 0 -2.44243 100 18 0 0 0 0 0 0 0 0 0 0 0
80900 -239.26 0 0 0 1.37609 100 23 -3.1931 100 54 0 0 0 -2.50272 100 23 0 0 0 0 0 0 0 0 0 0 0
81000 -238.4 0 0 0 1.02763 100 35 -4.33989 100 66 0 0 0 -2.38591 100 17 0 0 0 0 0 0 0 0 0 0 0
81100 -240.02 0 0 0 0.429378 100 27 -4.87206 100 59 0 0 0 -1.90339 100 20 0 0 0 0 0 0 0 0 0 0 0
81200 -238.837 0 0 0 0.767131 100 25 -5.74405 100 59 0 0 0 -2.11878 100 14 0 0 0 0 0 0 0 0 0 0 0
81300 -242.247 0 0 0 0.209533 100 26 -0.966073 100 50 0 0 0 -1.95791 100 13 0 0 0 0 0 0 0 0 0 0 0
81400 -241.704 0 0 0 0.0181357 100 23 -5.49568 100 52 0 0 0 -1.76695 100 21 0 0 0 0 0 0 0 0 0 0 0
81500 -239.711 0 0 0 1.40487 100 29 -1.00555 100 57 0 0 0 -2.51672 100 23 0 0 0 0 0 0 0 0 0 0 0
81600 -241.608 0 0 0 0.276885 100 31 -2.55135 100 49 0 0 0 -2.23358 100 26 0 0 0 0 0 0 0 0 0 0 0
81700 -239.197 0 0 0 1.41679 100 37 -4.82956 100 45 0 0 0 -2.66905 100 23 0 0 0 0 0 0 0 0 0 0 0
81800 -238.407 0 0 0 0.946225 100 29 -5.34272 100 61 0 0 0 -2.32016 100 18 0 0 0 0 0 0 0 0 0 0 0
81900 -239.693 0 0 0 1.06298 100 35 -1.93416 100 60 0 0 0 -2.65851 100 28 0 0 0 0 0 0 0 0 0 0 0
82000 -238.708 0 0 0 1.21557 100 19 -3.21252 100 47 0 0 0 -2.58412 100 19 0 0 0 0 0 0 0 0 0 0 0
82100 -239.383 0 0 0 1.44002 100 29 -5.2045 100 46 0 0 0 -2.58057 100 20 0 0 0 0 0 0 0 0 0 0 0
82200 -239.358 0 0 0 0.568607 100 23 -2.48237 100 54 0 0 0 -2.19539 100 27 0 0 0 0 0 0 0 0 0 0 0
82300 -241.985 0 0 0 1.23917 100 25 -6.33163 100 43 0 0 0 -2.88603 100 15 0 0 0 0 0 0 0 0 0 0 0
82400 -240.435 0 0 0 0.838912 100 22 -12.0073 100 43 0 0 0 -2.08061 100 29 0 0 0 0 0 0 0 0 0 0 0
82500 -239.264 0 0 0 0.974786 100 22 -9.9962 100 60 0 0 0 -2.33596 100 27 0 0 0 0 0 0 0 0 0 0 0
82600 -238.986 0 0 0 1.24539 100 26 -0.945082 100 52 0 0 0 -2.5844 100 28 0 0 0 0 0 0 0 0 0 0 0
82700 -239.413 0 0 0 1.17293 100 16 -8.54373 100 55 0 0 0 -2.54566 100 17 0 0 0 0 0 0 0 0 0 0 0
82800 -239.638 0 0 0 0.759263 100 37 -0.83862 100 44 0 0 0 -2.21553 100 19 0 0 0 0 0 0 0 0 0 0 0
82900 -239.557 0 0 0 0.37407 100 26 -8.20794 100 55 0 0 0 -1.9872 100 21 0 0 0 0 0 0 0 0 0 0 0
83000 -239.977 0 0 0 1.05893 100 31 -7.60477 100 53 0 0 0 -2.18013 100 19 0 0 0 0 0 0 0 0 0 0 0
83100 -238.882 0 0 0 0.991174 100 27 -5.26559 100 56 0 0 0 -2.50978 100 17 0 0 0 0 0 0 0 0 0 0 0
83200 -239.61 0 0 0 0.892063 100 21 -11.308 100 50 0 0 0 -2.32151 100 26 0 0 0 0 0 0 0 0 0 0 0
83300 -238.429 0 0 0 0.867608 100 26 -4.56549 100 56 0 0 0 -2.34148 100 22 0 0 0 0 0 0 0 0 0 0 0
83400 -239.38 0 0 0 0.515079 100 25 -4.73939 100 50 0 0 0 -2.23632 100 24 0 0 0 0 0 0 0 0 0 0 0
83500 -240.192 0 0 0 1.00296 100 24 -11.4284 100 52 0 0 0 -2.2078 100 22 0 0 0 0 0 0 0 0 0 0 0
83600 -239.499 0 0 0 1.06706 100 24 -9.78148 100 50 0 0 0 -2.30745 100 30 0 0 0 0 0 0 0 0 0 0 0
83700 -240.76 0 0 0 1.80572 100 22 -3.6899 100 47 0 0 0 -2.81073 100 22 0 0 0 0 0 0 0 0 0 0 0
83800 -239.119 0 0 0 1.03895 100 23 -2.63777 100 56 0 0 0 -2.58255 100 19 0 0 0 0 0 0 0 0 0 0 0
83900 -238.515 0 0 0 0.835874 100 28 -6.18895 100 50 0 0 0 -2.31641 100 26 0 0 0 0 0 0 0 0 0 0 0
84000 -240.563 0 0 0 1.62401 100 25 1.32189 100 58 0 0 0 -2.92231 100 24 0 0 0 0 0 0 0 0 0 0 0
84100 -239.685 0 0 0 0.31989 100 19 -5.91662 100 47 0 0 0 -2.03127 100 19 0 0 0 0 0 0 0 0 0 0 0
84200 -240.435 0 0 0 1.00046 100 30 -13.0805 100 53 0 0 0 -2.41932 100 28 0 0 0 0 0 0 0 0 0 0 0
84300 -240.103 0 0 0 1.37482 100 30 -4.48884 100 54 0 0 0 -2.82615 100 24 0 0 0 0 0 0 0 0 0 0 0
84400 -239.744 0 0 0 1.12118 100 31 -10.6484 100 51 0 0 0 -2.4581 100 18 0 0 0 0 0 0 0 0 0 0 0
84500 -238.576 0 0 0 1.00184 100 27 -6.578 100 52 0 0 0 -2.39476 100 27 0 0 0 0 0 0 0 0 0 0 0
84600 -241.108 0 0 0 0.54116 100 26 -7.23534 100 53 0 0 0 -1.82085 100 25 0 0 0 0 0 0 0 0 0 0 0
84700 -238.96 0 0 0 0.919813 100 21 -7.9248 100 55 0 0 0 -2.21126 100 20 0 0 0 0 0 0 0 0 0 0 0
84800 -240.732 0 0 0 0.952515 100 21 -5.97319 100 40 0 0 0 -2.04896 100 21 0 0 0 0 0 0 0 0 0 0 0
84900 -238.532 0 0 0 0.93116 100 28 -6.1354 100 48 0 0 0 -2.27112 100 25 0 0 0 0 0 0 0 0 0 0 0
85000 -242.404 0 0 0 0.856445 100 30 1.98866 100 52 0 0 0 -2.63259 100 22 0 0 0 0 0 0 0 0 0 0 0
85100 -240.653 0 0 0 0.627751 100 31 -8.27216 100 51 0 0 0 -1.88767 100 28 0 0 0 0 0 0 0 0 0 0 0
85200 -239.084 0 0 0 1.00328 100 24 -9.02271 100 50 0 0 0 -2.31107 100 21 0 0 0 0 0 0 0 0 0 0 0
85300 -239.009 0 0 0 0.547635 100 24 -4.4132 100 54 0 0 0 -2.17706 100 18 0 0 0 0 0 0 0 0 0 0 0
85400 -238.618 0 0 0 0.810182 100 26 -3.84509 100 58 0 0 0 -2.20708 100 22 0 0 0 0 0 0 0 0 0 0 0
85500 -240.081 0 0 0 1.18001 100 17 -6.97441 100 54 0 0 0 -2.2557 100 20 0 0 0 0 0 0 0 0 0 0 0
85600 -239.193 0 0 0 1.37914 100 31 -3.42402 100 55 0 0 0 -2.51665 100 27 0 0 0 0 0 0 0 0 0 0 0
85700 -239.384 0 0 0 0.917782 100 30 -4.47921 100 49 0 0 0 -2.13637 100 24 0 0 0 0 0 0 0 0 0 0 0
85800 -239.513 0 0 0 1.19613 100 28 -8.76615 100 58 0 0 0 -2.556 100 24 0 0 0 0 0 0 0 0 0 0 0
85900 -241.608 0 0 0 1.66603 100 25 -0.768364 100 52 0 0 0 -3.10028 100 20 0 0 0 0 0 0 0 0 0 0 0
86000 -239.345 0 0 0 0.975371 100 23 -9.65227 100 53 0 0 0 -2.41768 100 17 0 0 0 0 0 0 0 0 0 0 0
86100 -238.52 0 0 0 0.796111 100 18 -5.74362 100 52 0 0 0 -2.20252 100 22 0 0 0 0 0 0 0 0 0 0 0
86200 -238.675 0 0 0 1.05484 100 29 -3.55447 100 57 0 0 0 -2.32231 100 32 0 0 0 0 0 0 0 0 0 0 0
86300 -239.279 0 0 0 0.475906 100 24 -4.8851 100 55 0 0 0 -2.16878 100 22 0 0 0 0 0 0 0 0 0 0 0
86400 -238.73 0 0 0 0.830315 100 25 -3.52086 100 40 0 0 0 -2.19916 100 22 0 0 0 0 0 0 0 0 0 0 0
86500 -239.85 0 0 0 0.503155 100 22 -8.98006 100 57 0 0 0 -1.92314 100 17 0 0 0 0 0 0 0 0 0 0 0
86600 -238.753 0 0 0 0.675807 100 22 -4.94012 100 58 0 0 0 -2.27224 100 18 0 0 0 0 0 0 0 0 0 0 0
86700 -238.844 0 0 0 1.33149 100 25 -4.02367 100 60 0 0 0 -2.57961 100 21 0 0 0 0 0 0 0 0 0 0 0
86800 -238.915 0 0 0 0.812563 100 25 -8.85215 100 52 0 0 0 -2.27457 100 23 0 0 0 0 0 0 0 0 0 0 0
86900 -241.92 0 0 0 0.745109 100 30 -0.678056 100 53 0 0 0 -2.6199 100 34 0 0 0 0 0 0 0 0 0 0 0
87000 -239.451 0 0 0 1.34297 100 24 -0.20293 100 51 0 0 0 -2.71363 100 23 0 0 0 0 0 0 0 0 0 0 0
87100 -243.013 0 0 0 0.00943499 100 30 -8.37269 100 62 0 0 0 -2.11006 100 19 0 0 0 0 0 0 0 0 0 0 0
87200 -241.68 0 0 0 0.910048 100 26 -2.11832 100 49 0 0 0 -2.72796 100 22 0 0 0 0 0 0 0 0 0 0 0
87300 -238.949 0 0 0 0.547897 100 28 -7.29841 100 41 0 0 0 -2.11598 100 19 0 0 0 0 0 0 0 0 0 0 0
87400 -239.276 0 0 0 1.44103 100 17 -3.43449 100 55 0 0 0 -2.57426 100 23 0 0 0 0 0 0 0 0 0 0 0
87500 -238.747 0 0 0 1.19225 100 28 -4.87341 100 47 0 0 0 -2.41646 100 25 0 0 0 0 0 0 0 0 0 0 0
87600 -238.449 0 0 0 1.09464 100 30 -3.88611 100 49 0 0 0 -2.43028 100 15 0 0 0 0 0 0 0 0 0 0 0
87700 -239.757 0 0 0 1.2146 100 26 0.40143 100 48 0 0 0 -2.6792 100 28 0 0 0 0 0 0 0 0 0 0 0
87800 -241.323 0 0 0 1.25897 100 26 -1.39773 100 51 0 0 0 -2.89991 100 21 0 0 0 0 0 0 0 0 0 0 0
87900 -239.334 0 0 0 0.99114 100 26 -2.96016 100 51 0 0 0 -2.58408 100 24 0 0 0 0 0 0 0 0 0 0 0
88000 -240.083 0 0 0 1.55564 100 25 -1.05991 100 49 0 0 0 -2.90545 100 17 0 0 0 0 0 0 0 0 0 0 0
88100 -239.817 0 0 0 1.34917 100 25 -3.71028 100 46 0 0 0 -2.79897 100 24 0 0 0 0 0 0 0 0 0 0 0
88200 -241.631 0 0 0 0.56349 100 19 -15.5306 100 50 0 0 0 -1.928 100 15 0 0 0 0 0 0 0 0 0 0 0
88300 -243.101 0 0 0 0.327602 100 18 -1.76527 100 48 0 0 0 -2.39471 100 25 0 0 0 0 0 0 0 0 0 0 0
88400 -238.514 0 0 0 0.788423 100 25 -5.91498 100 51 0 0 0 -2.28821 100 32 0 0 0 0 0 0 0 0 0 0 0
88500 -241.704 0 0 0 0.538834 100 26 -0.799864 100 48 0 0 0 -1.95907 100 22 0 0 0 0 0 0 0 0 0 0 0
88600 -240.357 0 0 0 1.751 100 25 -0.155048 100 52 0 0 0 -2.93149 100 24 0 0 0 0 0 0 0 0 0 0 0
88700 -239.064 0 0 0 1.30696 100 23 -5.30423 100 55 0 0 0 -2.63842 100 18 0 0 0 0 0 0 0 0 0 0 0
88800 -238.99 0 0 0 0.771073 100 27 -8.9044 100 45 0 0 0 -2.16038 100 23 0 0 0 0 0 0 0 0 0 0 0
88900 -238.772 0 0 0 0.78191 100 31 -7.84861 100 50 0 0 0 -2.17707 100 19 0 0 0 0 0 0 0 0 0 0 0
89000 -240.317 0 0 0 0.343895 100 29 -2.86563 100 51 0 0 0 -2.13406 100 25 0 0 0 0 0 0 0 0 0 0 0
89100 -239.549 0 0 0 1.15641 100 24 -8.94213 100 49 0 0 0 -2.34388 100 23 0 0 0 0 0 0 0 0 0 0 0
89200 -240.627 0 0 0 0.798693 100 22 -8.08685 100 47 0 0 0 -1.97225 100 29 0 0 0 0 0 0 0 0 0 0 0
89300 -239.599 0 0 0 0.869892 100 31 -0.952718 100 51 0 0 0 -2.22258 100 25 0 0 0 0 0 0 0 0 0 0 0
89400 -238.844 0 0 0 1.26037 100 22 -1.65307 100 56 0 0 0 -2.58665 100 18 0 0 0 0 0 0 0 0 0 0 0
89500 -240.301 0 0 0 1.49849 100 30 -0.138155 100 52 0 0 0 -2.56271 100 20 0 0 0 0 0 0 0 0 0 0 0
89600 -239.077 0 0 0 0.521317 100 27 -5.86217 100 51 0 0 0 -2.03258 100 21 0 0 0 0 0 0 0 0 0 0 0
89700 -238.517 0 0 0 0.754545 100 22 -5.55636 100 47 0 0 0 -2.19782 100 22 0 0 0 0 0 0 0 0 0 0 0
89800 -239.974 0 0 0 1.21881 100 33 -2.96 100 48 0 0 0 -2.29762 100 21 0 0 0 0 0 0 0 0 0 0 0
89900 -239.347 0 0 0 1.37249 100 26 -2.30086 100 53 0 0 0 -2.49861 100 31 0 0 0 0 0 0 0 0 0 0 0
90000 -239.338 0 0 0 0.617688 100 27 -2.32744 100 52 0 0 0 -2.13516 100 28 0 0 0 0 0 0 0 0 0 0 0
90100 -241.314 0 0 0 0.440482 100 24 -11.4304 100 47 0 0 0 -1.80171 100 26 0 0 0 0 0 0 0 0 0 0 0
90200 -240.195 0 0 0 1.06144 100 25 -12.2603 100 56 0 0 0 -2.43857 100 30 0 0 0 0 0 0 0 0 0 0 0
90300 -240.206 0 0 0 1.61202 100 30 0.802872 100 50 0 0 0 -2.7603 100 27 0 0 0 0 0 0 0 0 0 0 0
90400 -239.022 0 0 0 1.08366 100 26 -1.10923 100 55 0 0 0 -2.39268 100 20 0 0 0 0 0 0 0 0 0 0 0
90500 -238.735 0 0 0 0.731302 100 25 -4.32388 100 53 0 0 0 -2.14591 100 21 0 0 0 0 0 0 0 0 0 0 0
90600 -241.215 0 0 0 0.370705 100 25 -1.76117 100 50 0 0 0 -1.93002 100 18 0 0 0 0 0 0 0 0 0 0 0
90700 -238.723 0 0 0 0.85011 100 19 -4.77026 100 61 0 0 0 -2.17903 100 25 0 0 0 0 0 0 0 0 0 0 0
90800 -238.735 0 0 0 1.21104 100 27 -2.86272 100 58 0 0 0 -2.45198 100 23 0 0 0 0 0 0 0 0 0 0 0
90900 -240.057 0 0 0 1.29971 100 30 -8.8445 100 51 0 0 0 -2.66704 100 22 0 0 0 0 0 0 0 0 0 0 0
91000 -239.789 0 0 0 1.63958 100 30 -1.21854 100 57 0 0 0 -2.81719 100 28 0 0 0 0 0 0 0 0 0 0 0
91100 -238.886 0 0 0 1.08912 100 27 -3.21385 100 55 0 0 0 -2.57694 100 19 0 0 0 0 0 0 0 0 0 0 0
91200 -239.284 0 0 0 0.491138 100 24 -8.15022 100 48 0 0 0 -2.00693 100 26 0 0 0 0 0 0 0 0 0 0 0
91300 -238.59 0 0 0 0.772615 100 31 -7.04638 100 55 0 0 0 -2.23455 100 27 0 0 0 0 0 0 0 0 0 0 0
91400 -239.68 0 0 0 1.17131 100 20 -8.0031 100 51 0 0 0 -2.30665 100 17 0 0 0 0 0 0 0 0 0 0 0
91500 -238.968 0 0 0 0.76547 100 33 -5.13437 100 44 0 0 0 -2.38711 100 17 0 0 0 0 0 0 0 0 0 0 0
91600 -238.644 0 0 0 1.09007 100 27 -2.04596 100 54 0 0 0 -2.48215 100 27 0 0 0 0 0 0 0 0 0 0 0
91700 -243.553 0 0 0 1.71233 100 25 -3.92557 100 54 0 0 0 -2.47834 100 23 0 0 0 0 0 0 0 0 0 0 0
91800 -238.764 0 0 0 1.25307 100 29 -4.87725 100 47 0 0 0 -2.56444 100 15 0 0 0 0 0 0 0 0 0 0 0
91900 -240.138 0 0 0 1.65752 100 30 -0.00559627 100 48 0 0 0 -2.89886 100 18 0 0 0 0 0 0 0 0 0 0 0
92000 -240.327 0 0 0 1.69669 100 28 0.679591 100 57 0 0 0 -2.84954 100 20 0 0 0 0 0 0 0 0 0 0 0
92100 -240.497 0 0 0 1.24744 100 22 1.20004 100 52 0 0 0 -2.7629 100 18 0 0 0 0 0 0 0 0 0 0 0
92200 -238.543 0 0 0 1.15395 100 25 -4.79645 100 52 0 0 0 -2.47333 100 24 0 0 0 0 0 0 0 0 0 0 0
92300 -240.198 0 0 0 1.06663 100 24 0.69975 100 47 0 0 0 -2.63385 100 23 0 0 0 0 0 0 0 0 0 0 0
92400 -239.866 0 0 0 0.49928 100 24 -4.33501 100 52 0 0 0 -2.28904 100 30 0 0 0 0 0 0 0 0 0 0 0
92500 -241.437 0 0 0 1.73011 100 23 -3.92022 100 61 0 0 0 -2.62844 100 19 0 0 0 0 0 0 0 0 0 0 0
92600 -239.397 0 0 0 1.16355 100 22 -0.117569 100 56 0 0 0 -2.45249 100 21 0 0 0 0 0 0 0 0 0 0 0
92700 -239.662 0 0 0 0.807124 100 19 -1.06671 100 50 0 0 0 -2.45477 100 24 0 0 0 0 0 0 0 0 0 0 0
92800 -238.716 0 0 0 0.82915 100 25 -5.66142 100 54 0 0 0 -2.16608 100 24 0 0 0 0 0 0 0 0 0 0 0
92900 -240.705 0 0 0 0.296925 100 25 -4.7006 100 54 0 0 0 -1.83239 100 25 0 0 0 0 0 0 0 0 0 0 0
93000 -238.497 0 0 0 1.08469 100 22 -4.61916 100 48 0 0 0 -2.47355 100 25 0 0 0 0 0 0 0 0 0 0 0
93100 -239.523 0 0 0 1.07904 100 20 0.108179 100 55 0 0 0 -2.41508 100 25 0 0 0 0 0 0 0 0 0 0 0
93200 -240.15 0 0 0 0.644339 100 29 -9.10328 100 53 0 0 0 -1.94186 100 15 0 0 0 0 0 0 0 0 0 0 0
93300 -238.556 0 0 0 1.0633 100 17 -4.69232 100 50 0 0 0 -2.34356 100 21 0 0 0 0 0 0 0 0 0 0 0
93400 -239.075 0 0 0 0.535317 100 24 -3.9405 100 47 0 0 0 -2.13427 100 29 0 0 0 0 0 0 0 0 0 0 0
93500 -241.756 0 0 0 1.35644 100 36 -6.08588 100 49 0 0 0 -2.27548 100 17 0 0 0 0 0 0 0 0 0 0 0
93600 -239.911 0 0 0 1.60949 100 24 -0.135442 100 56 0 0 0 -2.75149 100 17 0 0 0 0 0 0 0 0 0 0 0
93700 -239.298 0 0 0 0.957654 100 24 -6.53169 100 53 0 0 0 -2.52279 100 20 0 0 0 0 0 0 0 0 0 0 0
93800 -241.71 0 0 0 0.247564 100 29 -7.05084 100 54 0 0 0 -2.23656 100 20 0 0 0 0 0 0 0 0 0 0 0
93900 -240.932 0 0 0 1.5313 100 18 -8.48819 100 50 0 0 0 -2.83561 100 28 0 0 0 0 0 0 0 0 0 0 0
94000 -239.167 0 0 0 0.700188 100 26 -2.38082 100 45 0 0 0 -2.32851 100 23 0 0 0 0 0 0 0 0 0 0 0
94100 -239.124 0 0 0 1.23273 100 19 -7.48729 100 57 0 0 0 -2.47971 100 25 0 0 0 0 0 0 0 0 0 0 0
94200 -242.388 0 0 0 0.810844 100 27 -3.49446 100 52 0 0 0 -2.70892 100 25 0 0 0 0 0 0 0 0 0 0 0
94300 -239.982 0 0 0 1.1666 100 17 -6.98465 100 60 0 0 0 -2.68237 100 32 0 0 0 0 0 0 0 0 0 0 0
94400 -239.248 0 0 0 1.22535 100 29 -0.891833 100 55 0 0 0 -2.45079 100 21 0 0 0 0 0 0 0 0 0 0 0
94500 -241.05 0 0 0 1.29511 100 18 0.759632 100 43 0 0 0 -2.8707 100 24 0 0 0 0 0 0 0 0 0 0 0
94600 -239.601 0 0 0 0.658036 100 25 -4.08729 100 49 0 0 0 -2.01079 100 20 0 0 0 0 0 0 0 0 0 0 0
94700 -240.885 0 0 0 0.980949 100 25 1.90141 100 53 0 0 0 -2.49886 100 12 0 0 0 0 0 0 0 0 0 0 0
94800 -239.125 0 0 0 0.47246 100 18 -6.64621 100 48 0 0 0 -2.10415 100 19 0 0 0 0 0 0 0 0 0 0 0
94900 -241.663 0 0 0 1.9302 100 27 2.09594 100 58 0 0 0 -2.97923 100 21 0 0 0 0 0 0 0 0 0 0 0
95000 -239.022 0 0 0 0.562033 100 22 -8.16514 100 41 0 0 0 -2.10619 100 26 0 0 0 0 0 0 0 0 0 0 0
95100 -239.963 0 0 0 0.739073 100 29 -6.78903 100 58 0 0 0 -1.98488 100 26 0 0 0 0 0 0 0 0 0 0 0
95200 -240.508 0 0 0 0.531146 100 19 -0.771184 100 54 0 0 0 -2.10586 100 18 0 0 0 0 0 0 0 0 0 0 0
95300 -241.123 0 0 0 0.534145 100 29 -8.7263 100 51 0 0 0 -2.38584 100 21 0 0 0 0 0 0 0 0 0 0 0
95400 -239.91 0 0 0 1.27008 100 22 -4.24528 100 60 0 0 0 -2.77164 100 23 0 0 0 0 0 0 0 0 0 0 0
95500 -239.536 0 0 0 1.4786 100 15 -0.232554 100 49 0 0 0 -2.68494 100 23 0 0 0 0 0 0 0 0 0 0 0
95600 -239.085 0 0 0 1.35693 100 22 -2.79179 100 58 0 0 0 -2.52024 100 14 0 0 0 0 0 0 0 0 0 0 0
95700 -240.948 0 0 0 0.401205 100 26 -8.55951 100 60 0 0 0 -1.78811 100 19 0 0 0 0 0 0 0 0 0 0 0
95800 -239.235 0 0 0 1.12311 100 30 -6.27279 100 49 0 0 0 -2.59565 100 23 0 0 0 0 0 0 0 0 0 0 0
95900 -239.421 0 0 0 0.585152 100 22 -6.29617 100 61 0 0 0 -1.97809 100 27 0 0 0 0 0 0 0 0 0 0 0
96000 -238.811 0 0 0 0.726383 100 21 -4.64672 100 44 0 0 0 -2.33254 100 19 0 0 0 0 0 0 0 0 0 0 0
96100 -238.628 0 0 0 0.86696 100 19 -7.41624 100 48 0 0 0 -2.25869 100 22 0 0 0 0 0 0 0 0 0 0 0
96200 -239.083 0 0 0 1.2454 100 25 -3.95695 100 49 0 0 0 -2.66518 100 26 0 0 0 0 0 0 0 0 0 0 0
96300 -241.534 0 0 0 1.49862 100 26 -11.9002 100 61 0 0 0 -2.7299 100 20 0 0 0 0 0 0 0 0 0 0 0
96400 -242.999 0 0 0 0.456309 100 27 -1.77968 100 47 0 0 0 -2.49466 100 22 0 0 0 0 0 0 0 0 0 0 0
96500 -239.996 0 0 0 1.54639 100 33 -1.9661 100 56 0 0 0 -2.89244 100 21 0 0 0 0 0 0 0 0 0 0 0
96600 -238.533 0 0 0 1.11914 100 30 -5.06813 100 48 0 0 0 -2.41645 100 27 0 0 0 0 0 0 0 0 0 0 0
96700 -240.901 0 0 0 0.398036 100 22 -0.952274 100 53 0 0 0 -2.13213 100 27 0 0 0 0 0 0 0 0 0 0 0
96800 -240.174 0 0 0 1.44358 100 35 1.33943 100 46 0 0 0 -2.66185 100 23 0 0 0 0 0 0 0 0 0 0 0
96900 -240.584 0 0 0 1.70198 100 16 -3.27337 100 49 0 0 0 -2.97594 100 13 0 0 0 0 0 0 0 0 0 0 0
97000 -241.844 0 0 0 1.46579 100 28 -10.3741 100 57 0 0 0 -2.85861 100 23 0 0 0 0 0 0 0 0 0 0 0
97100 -238.911 0 0 0 0.973481 100 28 -4.25151 100 47 0 0 0 -2.22262 100 17 0 0 0 0 0 0 0 0 0 0 0
97200 -238.589 0 0 0 0.998052 100 31 -3.67091 100 48 0 0 0 -2.30123 100 20 0 0 0 0 0 0 0 0 0 0 0
97300 -240.101 0 0 0 0.814149 100 29 -1.41961 100 57 0 0 0 -2.1175 100 23 0 0 0 0 0 0 0 0 0 0 0
97400 -243.199 0 0 0 0.567134 100 31 1.6999 100 52 0 0 0 -2.45611 100 20 0 0 0 0 0 0 0 0 0 0 0
97500 -239.602 0 0 0 0.959482 100 19 -0.797929 100 56 0 0 0 -2.55492 100 19 0 0 0 0 0 0 0 0 0 0 0
97600 -239.977 0 0 0 1.41091 100 25 -8.19557 100 52 0 0 0 -2.53522 100 18 0 0 0 0 0 0 0 0 0 0 0
97700 -238.87 0 0 0 1.12797 100 20 -6.32266 100 52 0 0 0 -2.53152 100 21 0 0 0 0 0 0 0 0 0 0 0
97800 -243.237 0 0 0 2.1543 100 26 2.36652 100 49 0 0 0 -3.35448 100 16 0 0 0 0 0 0 0 0 0 0 0
97900 -238.387 0 0 0 0.919908 100 30 -4.1915 100 50 0 0 0 -2.32577 100 22 0 0 0 0 0 0 0 0 0 0 0
98000 -238.95 0 0 0 0.78733 100 30 -2.20178 100 50 0 0 0 -2.22428 100 29 0 0 0 0 0 0 0 0 0 0 0
98100 -239.46 0 0 0 0.528454 100 28 -9.41751 100 65 0 0 0 -2.00474 100 20 0 0 0 0 0 0 0 0 0 0 0
98200 -238.57 0 0 0 1.01736 100 28 -6.23127 100 51 0 0 0 -2.33086 100 21 0 0 0 0 0 0 0 0 0 0 0
98300 -239.595 0 0 0 0.335672 100 19 -6.039 100 45 0 0 0 -2.01693 100 18 0 0 0 0 0 0 0 0 0 0 0
98400 -238.877 0 0 0 1.14312 100 31 -6.70306 100 61 0 0 0 -2.51665 100 22 0 0 0 0 0 0 0 0 0 0 0
98500 -240.076 0 0 0 1.01114 100 21 0.0129758 100 52 0 0 0 -2.61914 100 18 0 0 0 0 0 0 0 0 0 0 0
98600 -239.512 0 0 0 1.40324 100 25 -3.90771 100 52 0 0 0 -2.77234 100 22 0 0 0 0 0 0 0 0 0 0 0
98700 -241.519 0 0 0 1.75452 100 25 -8.44188 100 55 0 0 0 -2.80277 100 29 0 0 0 0 0 0 0 0 0 0 0
98800 -238.782 0 0 0 0.696242 100 32 -4.40698 100 56 0 0 0 -2.12782 100 24 0 0 0 0 0 0 0 0 0 0 0
98900 -242.719 0 0 0 -0.169354 100 22 -9.58665 100 48 0 0 0 -1.76678 100 23 0 0 0 0 0 0 0 0 0 0 0
99000 -239.725 0 0 0 1.44782 100 27 -0.862249 100 66 0 0 0 -2.55914 100 20 0 0 0 0 0 0 0 0 0 0 0
99100 -240.494 0 0 0 1.80441 100 28 -1.59429 100 56 0 0 0 -2.96247 100 21 0 0 0 0 0 0 0 0 0 0 0
99200 -239.06 0 0 0 1.22626 100 23 -6.67494 100 52 0 0 0 -2.42718 100 21 0 0 0 0 0 0 0 0 0 0 0
99300 -238.94 0 0 0 1.06279 100 22 -7.38594 100 56 0 0 0 -2.48235 100 26 0 0 0 0 0 0 0 0 0 0 0
99400 -240.264 0 0 0 0.577134 100 26 -9.58647 100 56 0 0 0 -1.91079 100 21 0 0 0 0 0 0 0 0 0 0 0
99500 -239.057 0 0 0 0.876352 100 23 -3.12556 100 45 0 0 0 -2.17876 100 24 0 0 0 0 0 0 0 0 0 0 0
99600 -239.651 0 0 0 0.934273 100 26 -6.93413 100 45 0 0 0 -2.11839 100 21 0 0 0 0 0 0 0 0 0 0 0
99700 -239.805 0 0 0 1.21869 100 23 -9.45307 100 51 0 0 0 -2.3883 100 25 0 0 0 0 0 0 0 0 0 0 0
99800 -240.276 0 0 0 1.23628 100 27 -0.344406 100 59 0 0 0 -2.36357 100 21 0 0 0 0 0 0 0 0 0 0 0
99900 -238.831 0 0 0 0.774625 100 29 -7.48377 100 49 0 0 0 -2.14268 100 23 0 0 0 0 0 0 0 0 0 0 0
100000 -238.822 0 0 0 1.04944 100 19 -7.78931 100 58 0 0 0 -2.3817 100 16 0 0 0 0 0 0 0 0 0 0 0
