iteration logLik intercept1 intercept1_p intercept1_a pcov2 pcov2_p pcov2_a pcov3 pcov3_p pcov3_a pcov4 pcov4_p pcov4_a intercept2 intercept2_p intercept2_a intercept3 intercept3_p intercept3_a intercept4 intercept4_p intercept4_a pcov pcov_p pcov_a data_p data_a
0 -407.004 0 0 0 -10.2341 0 0 -1.06653 0 0 0 0 0 -14.1 0 0 0 0 0 0 0 0 0 0 0 0 0
100 -122.136 0 0 0 0.475897 100 50 -0.00320679 100 29 0 0 0 -2.64404 100 42 0 0 0 0 0 0 0 0 0 0 0
200 -121.486 0 0 0 1.30457 100 59 4.22314 100 29 0 0 0 -3.42364 100 25 0 0 0 0 0 0 0 0 0 0 0
300 -120.742 0 0 0 1.11653 100 50 4.92755 100 21 0 0 0 -3.17708 100 29 0 0 0 0 0 0 0 0 0 0 0
400 -122.802 0 0 0 0.850812 100 43 2.05885 100 17 0 0 0 -2.45409 100 32 0 0 0 0 0 0 0 0 0 0 0
500 -126.309 0 0 0 1.68373 100 50 2.72377 100 22 0 0 0 -3.84515 100 29 0 0 0 0 0 0 0 0 0 0 0
600 -124.234 0 0 0 2.64324 100 55 8.95951 100 29 0 0 0 -4.11019 100 29 0 0 0 0 0 0 0 0 0 0 0
700 -122.082 0 0 0 0.896469 100 52 5.12164 100 24 0 0 0 -2.84335 100 38 0 0 0 0 0 0 0 0 0 0 0
800 -123.169 0 0 0 1.98027 100 57 3.32055 100 32 0 0 0 -3.03121 100 26 0 0 0 0 0 0 0 0 0 0 0
900 -122.567 0 0 0 1.71592 100 59 5.29932 100 27 0 0 0 -3.73521 100 38 0 0 0 0 0 0 0 0 0 0 0
1000 -122.409 0 0 0 0.0369491 100 51 2.78631 100 32 0 0 0 -3.05909 100 27 0 0 0 0 0 0 0 0 0 0 0
1100 -121.618 0 0 0 0.478204 100 45 1.73068 100 31 0 0 0 -2.96279 100 33 0 0 0 0 0 0 0 0 0 0 0
1200 -121.31 0 0 0 0.368894 100 49 2.24683 100 26 0 0 0 -2.60818 100 34 0 0 0 0 0 0 0 0 0 0 0
1300 -120.906 0 0 0 0.868264 100 48 4.98588 100 25 0 0 0 -3.14179 100 31 0 0 0 0 0 0 0 0 0 0 0
1400 -123.631 0 0 0 0.301609 100 49 -0.719351 100 31 0 0 0 -2.27302 100 36 0 0 0 0 0 0 0 0 0 0 0
1500 -121.285 0 0 0 1.12771 100 49 4.76763 100 26 0 0 0 -2.93119 100 30 0 0 0 0 0 0 0 0 0 0 0
1600 -121.158 0 0 0 0.774475 100 57 3.91181 100 28 0 0 0 -2.7855 100 40 0 0 0 0 0 0 0 0 0 0 0
1700 -120.874 0 0 0 1.0612 100 52 4.15487 100 28 0 0 0 -2.91927 100 35 0 0 0 0 0 0 0 0 0 0 0
1800 -121.082 0 0 0 1.17967 100 55 2.27797 100 29 0 0 0 -2.9794 100 37 0 0 0 0 0 0 0 0 0 0 0
1900 -122.53 0 0 0 0.574057 100 51 5.6944 100 37 0 0 0 -3.44499 100 31 0 0 0 0 0 0 0 0 0 0 0
2000 -120.768 0 0 0 0.902565 100 53 3.86196 100 26 0 0 0 -3.14427 100 27 0 0 0 0 0 0 0 0 0 0 0
2100 -120.868 0 0 0 0.784404 100 54 3.56852 100 29 0 0 0 -3.11528 100 29 0 0 0 0 0 0 0 0 0 0 0
2200 -120.772 0 0 0 1.07732 100 49 3.93719 100 28 0 0 0 -2.9281 100 27 0 0 0 0 0 0 0 0 0 0 0
2300 -121.591 0 0 0 0.529549 100 51 3.54659 100 23 0 0 0 -3.18713 100 31 0 0 0 0 0 0 0 0 0 0 0
2400 -121.839 0 0 0 1.09186 100 48 5.48849 100 29 0 0 0 -3.52158 100 32 0 0 0 0 0 0 0 0 0 0 0
2500 -120.813 0 0 0 1.43303 100 54 4.54821 100 30 0 0 0 -3.24892 100 34 0 0 0 0 0 0 0 0 0 0 0
2600 -123.054 0 0 0 -0.165597 100 54 3.32589 100 26 0 0 0 -2.5076 100 28 0 0 0 0 0 0 0 0 0 0 0
2700 -124.301 0 0 0 -0.103428 100 61 -1.07246 100 30 0 0 0 -2.18062 100 36 0 0 0 0 0 0 0 0 0 0 0
2800 -120.731 0 0 0 0.836035 100 50 2.57897 100 28 0 0 0 -2.85362 100 31 0 0 0 0 0 0 0 0 0 0 0
2900 -120.82 0 0 0 1.36758 100 51 3.71643 100 25 0 0 0 -3.06255 100 32 0 0 0 0 0 0 0 0 0 0 0
3000 -121.3 0 0 0 1.43802 100 58 2.83377 100 34 0 0 0 -2.96814 100 29 0 0 0 0 0 0 0 0 0 0 0
3100 -124.231 0 0 0 2.19423 100 51 5.44978 100 36 0 0 0 -3.12843 100 31 0 0 0 0 0 0 0 0 0 0 0
3200 -123.731 0 0 0 0.380498 100 48 5.93124 100 26 0 0 0 -2.84945 100 33 0 0 0 0 0 0 0 0 0 0 0
3300 -121.821 0 0 0 0.183076 100 54 2.78352 100 28 0 0 0 -2.56122 100 32 0 0 0 0 0 0 0 0 0 0 0
3400 -120.725 0 0 0 1.15956 100 55 4.7338 100 32 0 0 0 -3.09742 100 35 0 0 0 0 0 0 0 0 0 0 0
3500 -121.114 0 0 0 0.541616 100 55 4.11988 100 22 0 0 0 -3.10359 100 26 0 0 0 0 0 0 0 0 0 0 0
3600 -123.378 0 0 0 -0.0848465 100 61 -0.168553 100 23 0 0 0 -2.2665 100 31 0 0 0 0 0 0 0 0 0 0 0
3700 -120.9 0 0 0 1.48891 100 49 4.26853 100 29 0 0 0 -3.24978 100 31 0 0 0 0 0 0 0 0 0 0 0
3800 -123.533 0 0 0 0.333235 100 48 5.14938 100 26 0 0 0 -2.69932 100 31 0 0 0 0 0 0 0 0 0 0 0
3900 -124.335 0 0 0 -0.804923 100 55 -0.00744823 100 32 0 0 0 -2.53811 100 27 0 0 0 0 0 0 0 0 0 0 0
4000 -122.034 0 0 0 0.956031 100 41 6.53107 100 29 0 0 0 -3.46205 100 30 0 0 0 0 0 0 0 0 0 0 0
4100 -120.733 0 0 0 0.692676 100 46 3.88209 100 31 0 0 0 -2.93031 100 36 0 0 0 0 0 0 0 0 0 0 0
4200 -121.439 0 0 0 0.337963 100 48 2.76898 100 24 0 0 0 -2.6135 100 34 0 0 0 0 0 0 0 0 0 0 0
4300 -124.683 0 0 0 -0.000836812 100 60 6.53459 100 27 0 0 0 -3.01493 100 33 0 0 0 0 0 0 0 0 0 0 0
4400 -124.795 0 0 0 1.09371 100 52 0.749533 100 28 0 0 0 -3.37121 100 25 0 0 0 0 0 0 0 0 0 0 0
4500 -122.112 0 0 0 1.87423 100 51 5.89084 100 36 0 0 0 -3.23701 100 38 0 0 0 0 0 0 0 0 0 0 0
4600 -124.913 0 0 0 0.804937 100 53 -2.09441 100 26 0 0 0 -2.42338 100 28 0 0 0 0 0 0 0 0 0 0 0
4700 -121.277 0 0 0 0.57589 100 66 3.14906 100 34 0 0 0 -3.10642 100 22 0 0 0 0 0 0 0 0 0 0 0
4800 -121.389 0 0 0 1.11797 100 54 3.13148 100 26 0 0 0 -3.25821 100 27 0 0 0 0 0 0 0 0 0 0 0
4900 -121.003 0 0 0 0.934792 100 51 2.63686 100 20 0 0 0 -3.07102 100 37 0 0 0 0 0 0 0 0 0 0 0
5000 -121.993 0 0 0 0.839269 100 53 6.39653 100 34 0 0 0 -3.22773 100 32 0 0 0 0 0 0 0 0 0 0 0
5100 -122.261 0 0 0 1.94754 100 51 4.5621 100 29 0 0 0 -3.59038 100 28 0 0 0 0 0 0 0 0 0 0 0
5200 -121.028 0 0 0 0.706481 100 50 2.93278 100 19 0 0 0 -2.71082 100 38 0 0 0 0 0 0 0 0 0 0 0
5300 -121.582 0 0 0 1.93448 100 49 5.20993 100 33 0 0 0 -3.41421 100 27 0 0 0 0 0 0 0 0 0 0 0
5400 -122.694 0 0 0 1.90026 100 52 3.8094 100 26 0 0 0 -3.02632 100 29 0 0 0 0 0 0 0 0 0 0 0
5500 -121.014 0 0 0 0.61222 100 57 4.37353 100 23 0 0 0 -3.10179 100 27 0 0 0 0 0 0 0 0 0 0 0
5600 -121.69 0 0 0 0.160979 100 57 2.07714 100 29 0 0 0 -2.53929 100 30 0 0 0 0 0 0 0 0 0 0 0
5700 -122.164 0 0 0 1.43162 100 59 1.38447 100 23 0 0 0 -2.92746 100 32 0 0 0 0 0 0 0 0 0 0 0
5800 -121.487 0 0 0 0.599394 100 47 4.20129 100 32 0 0 0 -2.76759 100 36 0 0 0 0 0 0 0 0 0 0 0
5900 -123.795 0 0 0 -0.52417 100 47 3.30019 100 28 0 0 0 -3.02717 100 35 0 0 0 0 0 0 0 0 0 0 0
6000 -121.805 0 0 0 -0.0550353 100 45 2.46451 100 21 0 0 0 -2.61919 100 36 0 0 0 0 0 0 0 0 0 0 0
6100 -121.783 0 0 0 1.56843 100 47 4.02354 100 34 0 0 0 -3.46974 100 31 0 0 0 0 0 0 0 0 0 0 0
6200 -128.099 0 0 0 0.0938324 100 36 4.33495 100 27 0 0 0 -3.79844 100 26 0 0 0 0 0 0 0 0 0 0 0
6300 -121.731 0 0 0 0.2085 100 44 4.53513 100 27 0 0 0 -3.01856 100 31 0 0 0 0 0 0 0 0 0 0 0
6400 -121.092 0 0 0 1.65582 100 45 4.51713 100 24 0 0 0 -3.2648 100 30 0 0 0 0 0 0 0 0 0 0 0
6500 -120.838 0 0 0 1.04774 100 55 2.71436 100 20 0 0 0 -2.85824 100 31 0 0 0 0 0 0 0 0 0 0 0
6600 -125.251 0 0 0 2.45723 100 55 2.64127 100 31 0 0 0 -3.49467 100 38 0 0 0 0 0 0 0 0 0 0 0
6700 -121.753 0 0 0 1.15184 100 54 3.91854 100 24 0 0 0 -2.76645 100 33 0 0 0 0 0 0 0 0 0 0 0
6800 -120.942 0 0 0 0.550949 100 56 2.06132 100 30 0 0 0 -2.77563 100 27 0 0 0 0 0 0 0 0 0 0 0
6900 -121.686 0 0 0 0.721918 100 56 3.55151 100 23 0 0 0 -3.26918 100 29 0 0 0 0 0 0 0 0 0 0 0
7000 -121.467 0 0 0 0.320455 100 49 4.40561 100 32 0 0 0 -3.04524 100 41 0 0 0 0 0 0 0 0 0 0 0
7100 -121.426 0 0 0 0.206719 100 54 1.80739 100 37 0 0 0 -2.78609 100 24 0 0 0 0 0 0 0 0 0 0 0
7200 -121.536 0 0 0 1.52518 100 46 6.62576 100 28 0 0 0 -3.45023 100 27 0 0 0 0 0 0 0 0 0 0 0
7300 -121.24 0 0 0 0.274635 100 51 1.85751 100 32 0 0 0 -2.71387 100 28 0 0 0 0 0 0 0 0 0 0 0
7400 -120.729 0 0 0 1.31715 100 51 3.87721 100 30 0 0 0 -3.14809 100 35 0 0 0 0 0 0 0 0 0 0 0
7500 -125.203 0 0 0 -1.0669 100 56 3.57449 100 32 0 0 0 -2.88567 100 29 0 0 0 0 0 0 0 0 0 0 0
7600 -124.553 0 0 0 1.43941 100 44 9.02167 100 32 0 0 0 -3.6347 100 27 0 0 0 0 0 0 0 0 0 0 0
7700 -120.773 0 0 0 0.555608 100 55 3.29127 100 33 0 0 0 -2.88254 100 30 0 0 0 0 0 0 0 0 0 0 0
7800 -121.022 0 0 0 1.18561 100 47 2.54412 100 25 0 0 0 -3.04699 100 28 0 0 0 0 0 0 0 0 0 0 0
7900 -123.656 0 0 0 0.451693 100 55 3.45087 100 34 0 0 0 -2.42654 100 38 0 0 0 0 0 0 0 0 0 0 0
8000 -123.661 0 0 0 0.89716 100 51 1.62708 100 33 0 0 0 -3.34162 100 30 0 0 0 0 0 0 0 0 0 0 0
8100 -121.096 0 0 0 0.930304 100 52 1.87281 100 36 0 0 0 -2.92479 100 28 0 0 0 0 0 0 0 0 0 0 0
8200 -122.675 0 0 0 0.667478 100 52 1.00303 100 27 0 0 0 -3.08155 100 36 0 0 0 0 0 0 0 0 0 0 0
8300 -120.964 0 0 0 0.788783 100 50 4.88412 100 26 0 0 0 -3.05143 100 31 0 0 0 0 0 0 0 0 0 0 0
8400 -121.196 0 0 0 0.217663 100 51 2.71607 100 25 0 0 0 -2.77296 100 31 0 0 0 0 0 0 0 0 0 0 0
8500 -123.1 0 0 0 0.915933 100 42 -0.655055 100 30 0 0 0 -2.61706 100 31 0 0 0 0 0 0 0 0 0 0 0
8600 -123.668 0 0 0 2.24141 100 54 6.18255 100 33 0 0 0 -3.98235 100 29 0 0 0 0 0 0 0 0 0 0 0
8700 -121.355 0 0 0 0.276286 100 50 1.75724 100 24 0 0 0 -2.79349 100 38 0 0 0 0 0 0 0 0 0 0 0
8800 -122.538 0 0 0 0.00318077 100 51 2.19156 100 33 0 0 0 -2.42014 100 22 0 0 0 0 0 0 0 0 0 0 0
8900 -123.032 0 0 0 0.470074 100 53 6.6045 100 32 0 0 0 -3.17947 100 34 0 0 0 0 0 0 0 0 0 0 0
9000 -121.498 0 0 0 1.0739 100 55 6.07981 100 23 0 0 0 -3.41192 100 25 0 0 0 0 0 0 0 0 0 0 0
9100 -121.031 0 0 0 0.40847 100 45 2.72376 100 33 0 0 0 -2.71814 100 32 0 0 0 0 0 0 0 0 0 0 0
9200 -121.915 0 0 0 0.811402 100 50 3.95693 100 26 0 0 0 -3.36539 100 29 0 0 0 0 0 0 0 0 0 0 0
9300 -125.457 0 0 0 2.82898 100 48 7.00176 100 29 0 0 0 -3.5996 100 33 0 0 0 0 0 0 0 0 0 0 0
9400 -122.867 0 0 0 -0.0865575 100 48 3.06346 100 20 0 0 0 -3.09911 100 31 0 0 0 0 0 0 0 0 0 0 0
9500 -120.712 0 0 0 0.772275 100 53 2.95144 100 28 0 0 0 -2.82618 100 35 0 0 0 0 0 0 0 0 0 0 0
9600 -122.103 0 0 0 0.787996 100 53 2.10411 100 33 0 0 0 -2.51486 100 31 0 0 0 0 0 0 0 0 0 0 0
9700 -121.804 0 0 0 0.31352 100 49 4.40697 100 34 0 0 0 -2.7936 100 32 0 0 0 0 0 0 0 0 0 0 0
9800 -121.684 0 0 0 1.805 100 52 6.66768 100 27 0 0 0 -3.50631 100 41 0 0 0 0 0 0 0 0 0 0 0
9900 -121.727 0 0 0 1.8244 100 45 5.85001 100 26 0 0 0 -3.28153 100 29 0 0 0 0 0 0 0 0 0 0 0
10000 -120.667 0 0 0 1.02349 100 47 3.51572 100 29 0 0 0 -2.91909 100 36 0 0 0 0 0 0 0 0 0 0 0
10100 -121.486 0 0 0 1.59838 100 46 6.38184 100 29 0 0 0 -3.36082 100 28 0 0 0 0 0 0 0 0 0 0 0
10200 -123.272 0 0 0 0.738856 100 48 0.953593 100 27 0 0 0 -3.17072 100 24 0 0 0 0 0 0 0 0 0 0 0
10300 -121.438 0 0 0 1.13805 100 45 6.23699 100 30 0 0 0 -3.36914 100 24 0 0 0 0 0 0 0 0 0 0 0
10400 -122.253 0 0 0 2.05638 100 46 6.59397 100 27 0 0 0 -3.75769 100 27 0 0 0 0 0 0 0 0 0 0 0
10500 -121.228 0 0 0 1.07943 100 56 4.20453 100 29 0 0 0 -3.33506 100 35 0 0 0 0 0 0 0 0 0 0 0
10600 -121.132 0 0 0 0.767275 100 50 4.05134 100 35 0 0 0 -2.81007 100 34 0 0 0 0 0 0 0 0 0 0 0
10700 -121.482 0 0 0 0.285955 100 38 1.6476 100 33 0 0 0 -2.83013 100 27 0 0 0 0 0 0 0 0 0 0 0
10800 -121.107 0 0 0 0.734359 100 40 4.33379 100 36 0 0 0 -2.86254 100 32 0 0 0 0 0 0 0 0 0 0 0
10900 -120.625 0 0 0 0.952813 100 46 4.0151 100 31 0 0 0 -2.98007 100 31 0 0 0 0 0 0 0 0 0 0 0
11000 -120.919 0 0 0 0.637893 100 44 4.34925 100 33 0 0 0 -2.96432 100 30 0 0 0 0 0 0 0 0 0 0 0
11100 -120.798 0 0 0 1.15409 100 53 3.28335 100 24 0 0 0 -2.91352 100 28 0 0 0 0 0 0 0 0 0 0 0
11200 -121.203 0 0 0 0.614423 100 42 1.98969 100 26 0 0 0 -2.94428 100 19 0 0 0 0 0 0 0 0 0 0 0
11300 -123.532 0 0 0 1.04144 100 48 8.05645 100 39 0 0 0 -3.57542 100 42 0 0 0 0 0 0 0 0 0 0 0
11400 -121.711 0 0 0 0.348712 100 45 3.08272 100 25 0 0 0 -2.5923 100 26 0 0 0 0 0 0 0 0 0 0 0
11500 -122.306 0 0 0 1.84775 100 52 2.81663 100 35 0 0 0 -3.1642 100 27 0 0 0 0 0 0 0 0 0 0 0
11600 -121.709 0 0 0 0.898921 100 52 5.28981 100 28 0 0 0 -3.42906 100 34 0 0 0 0 0 0 0 0 0 0 0
11700 -120.806 0 0 0 1.15354 100 38 4.83972 100 34 0 0 0 -3.07637 100 17 0 0 0 0 0 0 0 0 0 0 0
11800 -122.233 0 0 0 0.0532934 100 59 2.01958 100 22 0 0 0 -2.95513 100 38 0 0 0 0 0 0 0 0 0 0 0
11900 -122.739 0 0 0 2.10586 100 58 5.05829 100 26 0 0 0 -3.72018 100 34 0 0 0 0 0 0 0 0 0 0 0
12000 -121.392 0 0 0 1.31968 100 43 3.12025 100 28 0 0 0 -2.84185 100 29 0 0 0 0 0 0 0 0 0 0 0
12100 -125.652 0 0 0 -0.228742 100 56 3.63305 100 27 0 0 0 -3.42475 100 37 0 0 0 0 0 0 0 0 0 0 0
12200 -124.002 0 0 0 0.575763 100 58 1.35381 100 22 0 0 0 -2.26415 100 29 0 0 0 0 0 0 0 0 0 0 0
12300 -125.294 0 0 0 2.49483 100 61 2.83147 100 29 0 0 0 -3.54398 100 32 0 0 0 0 0 0 0 0 0 0 0
12400 -120.866 0 0 0 0.644508 100 53 4.29777 100 21 0 0 0 -3.0164 100 31 0 0 0 0 0 0 0 0 0 0 0
12500 -121.488 0 0 0 0.851499 100 56 1.03661 100 30 0 0 0 -2.73697 100 30 0 0 0 0 0 0 0 0 0 0 0
12600 -121.129 0 0 0 0.462102 100 51 3.00665 100 25 0 0 0 -2.69456 100 20 0 0 0 0 0 0 0 0 0 0 0
12700 -121.407 0 0 0 0.132751 100 49 1.9703 100 27 0 0 0 -2.70241 100 34 0 0 0 0 0 0 0 0 0 0 0
12800 -121.016 0 0 0 0.862178 100 50 2.77782 100 27 0 0 0 -3.08502 100 31 0 0 0 0 0 0 0 0 0 0 0
12900 -122.476 0 0 0 1.26228 100 48 5.8245 100 30 0 0 0 -3.68123 100 24 0 0 0 0 0 0 0 0 0 0 0
13000 -126.345 0 0 0 2.31149 100 53 10.4526 100 30 0 0 0 -4.46135 100 31 0 0 0 0 0 0 0 0 0 0 0
13100 -122.047 0 0 0 2.1382 100 49 5.95479 100 33 0 0 0 -3.53881 100 26 0 0 0 0 0 0 0 0 0 0 0
13200 -125.182 0 0 0 -0.609028 100 42 -0.688368 100 32 0 0 0 -2.73016 100 36 0 0 0 0 0 0 0 0 0 0 0
13300 -121.166 0 0 0 0.703006 100 49 5.09265 100 42 0 0 0 -3.07001 100 31 0 0 0 0 0 0 0 0 0 0 0
13400 -121.176 0 0 0 0.869563 100 56 1.54415 100 26 0 0 0 -2.78731 100 34 0 0 0 0 0 0 0 0 0 0 0
13500 -123.825 0 0 0 -0.379484 100 51 -0.479511 100 30 0 0 0 -2.63258 100 37 0 0 0 0 0 0 0 0 0 0 0
13600 -121.47 0 0 0 1.70261 100 52 3.72811 100 27 0 0 0 -3.12545 100 42 0 0 0 0 0 0 0 0 0 0 0
13700 -120.638 0 0 0 1.13158 100 49 3.42111 100 31 0 0 0 -3.03437 100 31 0 0 0 0 0 0 0 0 0 0 0
13800 -122.293 0 0 0 1.3123 100 49 2.49282 100 30 0 0 0 -3.33742 100 33 0 0 0 0 0 0 0 0 0 0 0
13900 -121.917 0 0 0 0.68848 100 48 4.84638 100 32 0 0 0 -2.81032 100 30 0 0 0 0 0 0 0 0 0 0 0
14000 -122.326 0 0 0 1.71059 100 62 2.16217 100 26 0 0 0 -3.10832 100 20 0 0 0 0 0 0 0 0 0 0 0
14100 -121.446 0 0 0 0.828571 100 52 4.98712 100 23 0 0 0 -3.34266 100 28 0 0 0 0 0 0 0 0 0 0 0
14200 -123.116 0 0 0 1.65427 100 49 6.96846 100 24 0 0 0 -3.90188 100 26 0 0 0 0 0 0 0 0 0 0 0
14300 -121.065 0 0 0 0.387738 100 46 3.75441 100 29 0 0 0 -2.93963 100 39 0 0 0 0 0 0 0 0 0 0 0
14400 -120.945 0 0 0 0.627287 100 47 2.80966 100 33 0 0 0 -2.72214 100 33 0 0 0 0 0 0 0 0 0 0 0
14500 -122.402 0 0 0 1.7435 100 46 7.45994 100 25 0 0 0 -3.76664 100 31 0 0 0 0 0 0 0 0 0 0 0
14600 -123.156 0 0 0 1.31899 100 53 3.74626 100 33 0 0 0 -2.66503 100 26 0 0 0 0 0 0 0 0 0 0 0
14700 -121.116 0 0 0 1.43965 100 49 4.18513 100 31 0 0 0 -3.34355 100 32 0 0 0 0 0 0 0 0 0 0 0
14800 -122.497 0 0 0 1.29812 100 44 0.863404 100 25 0 0 0 -2.75004 100 28 0 0 0 0 0 0 0 0 0 0 0
14900 -121.223 0 0 0 1.56169 100 57 3.54037 100 26 0 0 0 -3.07181 100 36 0 0 0 0 0 0 0 0 0 0 0
15000 -121.345 0 0 0 0.221055 100 43 3.38602 100 28 0 0 0 -2.94078 100 35 0 0 0 0 0 0 0 0 0 0 0
15100 -124.508 0 0 0 0.015747 100 48 -2.0808 100 33 0 0 0 -2.28978 100 32 0 0 0 0 0 0 0 0 0 0 0
15200 -121.877 0 0 0 1.54669 100 57 4.30708 100 37 0 0 0 -3.5202 100 26 0 0 0 0 0 0 0 0 0 0 0
15300 -122.165 0 0 0 2.14955 100 52 6.15874 100 22 0 0 0 -3.49133 100 34 0 0 0 0 0 0 0 0 0 0 0
15400 -123.007 0 0 0 1.58068 100 64 1.47776 100 32 0 0 0 -3.24457 100 33 0 0 0 0 0 0 0 0 0 0 0
15500 -121.461 0 0 0 0.501738 100 57 4.90924 100 21 0 0 0 -3.16132 100 34 0 0 0 0 0 0 0 0 0 0 0
15600 -121.064 0 0 0 0.922971 100 46 1.90692 100 30 0 0 0 -2.91849 100 25 0 0 0 0 0 0 0 0 0 0 0
15700 -122.358 0 0 0 0.991481 100 50 0.229875 100 26 0 0 0 -2.67269 100 41 0 0 0 0 0 0 0 0 0 0 0
15800 -122.087 0 0 0 1.56566 100 61 7.33805 100 30 0 0 0 -3.58853 100 33 0 0 0 0 0 0 0 0 0 0 0
15900 -121.581 0 0 0 1.77947 100 39 3.8124 100 17 0 0 0 -3.18517 100 26 0 0 0 0 0 0 0 0 0 0 0
16000 -122.146 0 0 0 -0.155828 100 45 3.51792 100 34 0 0 0 -2.87713 100 31 0 0 0 0 0 0 0 0 0 0 0
16100 -121.64 0 0 0 1.18743 100 50 6.4163 100 32 0 0 0 -3.47052 100 34 0 0 0 0 0 0 0 0 0 0 0
16200 -121.633 0 0 0 1.37103 100 49 3.05799 100 20 0 0 0 -2.82493 100 37 0 0 0 0 0 0 0 0 0 0 0
16300 -128.571 0 0 0 -1.32117 100 44 0.00412249 100 20 0 0 0 -2.93236 100 20 0 0 0 0 0 0 0 0 0 0 0
16400 -121.253 0 0 0 1.35403 100 47 3.32743 100 26 0 0 0 -3.26558 100 28 0 0 0 0 0 0 0 0 0 0 0
16500 -124.222 0 0 0 -0.631243 100 53 0.820477 100 32 0 0 0 -2.80071 100 42 0 0 0 0 0 0 0 0 0 0 0
16600 -123.132 0 0 0 -0.277086 100 44 0.297041 100 18 0 0 0 -2.32841 100 35 0 0 0 0 0 0 0 0 0 0 0
16700 -121.033 0 0 0 0.426875 100 56 2.42545 100 30 0 0 0 -2.87358 100 27 0 0 0 0 0 0 0 0 0 0 0
16800 -120.713 0 0 0 1.00944 100 56 4.36175 100 24 0 0 0 -2.99686 100 28 0 0 0 0 0 0 0 0 0 0 0
16900 -120.94 0 0 0 0.859876 100 44 2.57982 100 24 0 0 0 -2.74957 100 42 0 0 0 0 0 0 0 0 0 0 0
17000 -123.318 0 0 0 2.25872 100 55 4.94451 100 34 0 0 0 -3.26177 100 33 0 0 0 0 0 0 0 0 0 0 0
17100 -122.034 0 0 0 -0.107063 100 43 1.43199 100 30 0 0 0 -2.53268 100 28 0 0 0 0 0 0 0 0 0 0 0
17200 -121.163 0 0 0 1.09048 100 57 5.74378 100 33 0 0 0 -3.31779 100 21 0 0 0 0 0 0 0 0 0 0 0
17300 -123.22 0 0 0 1.54103 100 53 2.28567 100 25 0 0 0 -2.71 100 32 0 0 0 0 0 0 0 0 0 0 0
17400 -121.278 0 0 0 0.458064 100 56 2.84657 100 31 0 0 0 -3.02806 100 34 0 0 0 0 0 0 0 0 0 0 0
17500 -123.543 0 0 0 1.02748 100 50 1.3564 100 28 0 0 0 -3.31052 100 39 0 0 0 0 0 0 0 0 0 0 0
17600 -122.424 0 0 0 -0.304406 100 56 3.19822 100 34 0 0 0 -2.7117 100 31 0 0 0 0 0 0 0 0 0 0 0
17700 -121.063 0 0 0 0.62964 100 52 1.78584 100 30 0 0 0 -2.8412 100 32 0 0 0 0 0 0 0 0 0 0 0
17800 -122.526 0 0 0 1.59643 100 44 1.79764 100 21 0 0 0 -3.20138 100 32 0 0 0 0 0 0 0 0 0 0 0
17900 -121.295 0 0 0 1.548 100 49 6.08271 100 27 0 0 0 -3.47207 100 34 0 0 0 0 0 0 0 0 0 0 0
18000 -120.99 0 0 0 1.33709 100 59 5.56606 100 30 0 0 0 -3.23682 100 35 0 0 0 0 0 0 0 0 0 0 0
18100 -121.824 0 0 0 0.148462 100 52 1.91119 100 27 0 0 0 -2.89934 100 25 0 0 0 0 0 0 0 0 0 0 0
18200 -122.045 0 0 0 1.90373 100 48 7.10981 100 30 0 0 0 -3.5467 100 35 0 0 0 0 0 0 0 0 0 0 0
18300 -121.992 0 0 0 0.582406 100 47 0.309485 100 26 0 0 0 -2.56294 100 33 0 0 0 0 0 0 0 0 0 0 0
18400 -121.223 0 0 0 0.251907 100 55 2.12861 100 35 0 0 0 -2.69066 100 34 0 0 0 0 0 0 0 0 0 0 0
18500 -122.241 0 0 0 1.62397 100 59 7.39923 100 29 0 0 0 -3.47835 100 28 0 0 0 0 0 0 0 0 0 0 0
18600 -122.843 0 0 0 0.22109 100 61 -0.721701 100 21 0 0 0 -2.56578 100 29 0 0 0 0 0 0 0 0 0 0 0
18700 -120.896 0 0 0 0.591891 100 52 4.1619 100 27 0 0 0 -3.01805 100 32 0 0 0 0 0 0 0 0 0 0 0
18800 -121.655 0 0 0 0.643281 100 52 4.47936 100 33 0 0 0 -3.29846 100 25 0 0 0 0 0 0 0 0 0 0 0
18900 -124.303 0 0 0 -0.513474 100 44 5.21794 100 35 0 0 0 -2.98977 100 25 0 0 0 0 0 0 0 0 0 0 0
19000 -121.644 0 0 0 1.14906 100 46 1.30735 100 24 0 0 0 -2.9083 100 38 0 0 0 0 0 0 0 0 0 0 0
19100 -122.363 0 0 0 0.345277 100 49 1.89298 100 33 0 0 0 -3.07696 100 32 0 0 0 0 0 0 0 0 0 0 0
19200 -122.947 0 0 0 1.39843 100 43 3.89027 100 24 0 0 0 -3.6113 100 30 0 0 0 0 0 0 0 0 0 0 0
19300 -123.78 0 0 0 0.308711 100 52 -1.66948 100 21 0 0 0 -2.56123 100 38 0 0 0 0 0 0 0 0 0 0 0
19400 -121.647 0 0 0 1.40804 100 57 5.97142 100 24 0 0 0 -3.57344 100 28 0 0 0 0 0 0 0 0 0 0 0
19500 -120.996 0 0 0 1.20582 100 47 5.37399 100 39 0 0 0 -3.33981 100 38 0 0 0 0 0 0 0 0 0 0 0
19600 -121.434 0 0 0 0.799729 100 45 5.67098 100 27 0 0 0 -3.26814 100 32 0 0 0 0 0 0 0 0 0 0 0
19700 -122.747 0 0 0 1.30385 100 44 0.480651 100 28 0 0 0 -2.96601 100 29 0 0 0 0 0 0 0 0 0 0 0
19800 -123.055 0 0 0 1.49281 100 41 3.53968 100 25 0 0 0 -2.73055 100 26 0 0 0 0 0 0 0 0 0 0 0
19900 -120.743 0 0 0 0.796565 100 50 2.73628 100 37 0 0 0 -2.81401 100 31 0 0 0 0 0 0 0 0 0 0 0
20000 -123.664 0 0 0 0.591491 100 49 -1.28083 100 37 0 0 0 -2.74381 100 27 0 0 0 0 0 0 0 0 0 0 0
20100 -122.013 0 0 0 1.88084 100 60 5.38015 100 29 0 0 0 -3.19891 100 25 0 0 0 0 0 0 0 0 0 0 0
20200 -121.053 0 0 0 0.62753 100 48 3.56069 100 23 0 0 0 -3.10699 100 37 0 0 0 0 0 0 0 0 0 0 0
20300 -121.822 0 0 0 1.14714 100 51 5.04566 100 37 0 0 0 -2.89552 100 27 0 0 0 0 0 0 0 0 0 0 0
20400 -120.919 0 0 0 1.34277 100 50 3.33021 100 28 0 0 0 -3.14634 100 26 0 0 0 0 0 0 0 0 0 0 0
20500 -122.986 0 0 0 1.51632 100 54 2.00374 100 32 0 0 0 -2.72743 100 26 0 0 0 0 0 0 0 0 0 0 0
20600 -122.259 0 0 0 0.293645 100 50 1.69785 100 25 0 0 0 -3.01706 100 28 0 0 0 0 0 0 0 0 0 0 0
20700 -121.438 0 0 0 0.649053 100 55 4.95312 100 25 0 0 0 -3.25535 100 37 0 0 0 0 0 0 0 0 0 0 0
20800 -121.116 0 0 0 1.15259 100 62 5.76808 100 30 0 0 0 -3.31012 100 31 0 0 0 0 0 0 0 0 0 0 0
20900 -122.583 0 0 0 1.56886 100 50 1.33262 100 32 0 0 0 -3.01707 100 32 0 0 0 0 0 0 0 0 0 0 0
21000 -121.58 0 0 0 1.42908 100 52 3.87184 100 31 0 0 0 -3.41204 100 32 0 0 0 0 0 0 0 0 0 0 0
21100 -121.625 0 0 0 1.82222 100 55 4.08966 100 33 0 0 0 -3.36582 100 31 0 0 0 0 0 0 0 0 0 0 0
21200 -121.575 0 0 0 0.687607 100 47 5.69888 100 33 0 0 0 -3.18511 100 21 0 0 0 0 0 0 0 0 0 0 0
21300 -122.107 0 0 0 0.242196 100 47 4.59482 100 27 0 0 0 -3.19268 100 27 0 0 0 0 0 0 0 0 0 0 0
21400 -120.987 0 0 0 1.32786 100 46 3.43964 100 37 0 0 0 -3.20602 100 32 0 0 0 0 0 0 0 0 0 0 0
21500 -121.202 0 0 0 0.441196 100 45 2.20454 100 35 0 0 0 -2.9144 100 22 0 0 0 0 0 0 0 0 0 0 0
21600 -120.755 0 0 0 1.11669 100 55 4.95703 100 17 0 0 0 -3.19216 100 36 0 0 0 0 0 0 0 0 0 0 0
21700 -122.209 0 0 0 1.87426 100 57 3.07689 100 18 0 0 0 -3.21504 100 35 0 0 0 0 0 0 0 0 0 0 0
21800 -122.401 0 0 0 2.07172 100 56 7.10186 100 27 0 0 0 -3.51842 100 35 0 0 0 0 0 0 0 0 0 0 0
21900 -121.278 0 0 0 1.33423 100 51 4.05855 100 35 0 0 0 -3.36819 100 35 0 0 0 0 0 0 0 0 0 0 0
22000 -121.259 0 0 0 1.05047 100 45 2.70431 100 23 0 0 0 -3.16189 100 28 0 0 0 0 0 0 0 0 0 0 0
22100 -120.919 0 0 0 0.828711 100 49 2.04499 100 19 0 0 0 -2.86855 100 26 0 0 0 0 0 0 0 0 0 0 0
22200 -121.212 0 0 0 0.687883 100 51 5.16737 100 38 0 0 0 -3.13192 100 33 0 0 0 0 0 0 0 0 0 0 0
22300 -122.705 0 0 0 1.58881 100 45 2.42918 100 27 0 0 0 -3.38556 100 33 0 0 0 0 0 0 0 0 0 0 0
22400 -122.946 0 0 0 0.234018 100 48 2.31365 100 28 0 0 0 -2.37031 100 34 0 0 0 0 0 0 0 0 0 0 0
22500 -122.663 0 0 0 0.506515 100 53 4.81823 100 25 0 0 0 -2.71593 100 34 0 0 0 0 0 0 0 0 0 0 0
22600 -121.806 0 0 0 0.402736 100 57 1.826 100 30 0 0 0 -2.99124 100 28 0 0 0 0 0 0 0 0 0 0 0
22700 -120.778 0 0 0 0.673915 100 55 3.48775 100 25 0 0 0 -2.83774 100 33 0 0 0 0 0 0 0 0 0 0 0
22800 -121.353 0 0 0 0.202167 100 44 2.78869 100 28 0 0 0 -2.89527 100 22 0 0 0 0 0 0 0 0 0 0 0
22900 -121.284 0 0 0 1.64718 100 46 5.60972 100 28 0 0 0 -3.48608 100 39 0 0 0 0 0 0 0 0 0 0 0
23000 -122.991 0 0 0 1.10244 100 51 7.36502 100 20 0 0 0 -3.69309 100 39 0 0 0 0 0 0 0 0 0 0 0
23100 -123.886 0 0 0 1.18691 100 51 3.14591 100 33 0 0 0 -3.60062 100 25 0 0 0 0 0 0 0 0 0 0 0
23200 -121.938 0 0 0 1.03902 100 47 4.39962 100 30 0 0 0 -2.76947 100 32 0 0 0 0 0 0 0 0 0 0 0
23300 -123.238 0 0 0 0.205606 100 43 5.00705 100 34 0 0 0 -2.71914 100 39 0 0 0 0 0 0 0 0 0 0 0
23400 -125.107 0 0 0 -0.339365 100 61 5.43243 100 24 0 0 0 -3.38722 100 30 0 0 0 0 0 0 0 0 0 0 0
23500 -121.514 0 0 0 0.0714227 100 45 2.39244 100 32 0 0 0 -2.80235 100 33 0 0 0 0 0 0 0 0 0 0 0
23600 -120.91 0 0 0 0.73986 100 46 3.67332 100 29 0 0 0 -3.11984 100 32 0 0 0 0 0 0 0 0 0 0 0
23700 -121.69 0 0 0 0.458376 100 60 4.44254 100 20 0 0 0 -2.79045 100 38 0 0 0 0 0 0 0 0 0 0 0
23800 -123.988 0 0 0 0.779574 100 59 5.12971 100 34 0 0 0 -2.65509 100 30 0 0 0 0 0 0 0 0 0 0 0
23900 -123.113 0 0 0 1.30509 100 50 1.7473 100 21 0 0 0 -3.34037 100 19 0 0 0 0 0 0 0 0 0 0 0
24000 -121.759 0 0 0 1.74901 100 53 3.4684 100 19 0 0 0 -3.32648 100 30 0 0 0 0 0 0 0 0 0 0 0
24100 -122.875 0 0 0 2.05387 100 57 8.13133 100 27 0 0 0 -3.84162 100 26 0 0 0 0 0 0 0 0 0 0 0
24200 -121.624 0 0 0 1.59826 100 44 3.61454 100 28 0 0 0 -3.37407 100 33 0 0 0 0 0 0 0 0 0 0 0
24300 -125.951 0 0 0 2.06851 100 42 0.337243 100 25 0 0 0 -3.04797 100 27 0 0 0 0 0 0 0 0 0 0 0
24400 -121.203 0 0 0 1.11982 100 56 2.88546 100 35 0 0 0 -2.77934 100 28 0 0 0 0 0 0 0 0 0 0 0
24500 -121.7 0 0 0 1.93686 100 52 4.6769 100 29 0 0 0 -3.31984 100 26 0 0 0 0 0 0 0 0 0 0 0
24600 -121.156 0 0 0 1.01133 100 49 2.23555 100 28 0 0 0 -3.04622 100 27 0 0 0 0 0 0 0 0 0 0 0
24700 -121.159 0 0 0 0.242914 100 51 2.93274 100 32 0 0 0 -2.8029 100 31 0 0 0 0 0 0 0 0 0 0 0
24800 -122.532 0 0 0 0.883585 100 52 2.76465 100 25 0 0 0 -3.34762 100 27 0 0 0 0 0 0 0 0 0 0 0
24900 -124.329 0 0 0 0.46058 100 60 -0.533442 100 25 0 0 0 -3.00966 100 29 0 0 0 0 0 0 0 0 0 0 0
25000 -123.694 0 0 0 1.04597 100 51 1.82182 100 27 0 0 0 -3.39589 100 33 0 0 0 0 0 0 0 0 0 0 0
25100 -120.841 0 0 0 1.37681 100 54 4.9564 100 32 0 0 0 -3.3001 100 29 0 0 0 0 0 0 0 0 0 0 0
25200 -122.062 0 0 0 1.55121 100 44 5.43226 100 31 0 0 0 -3.65197 100 30 0 0 0 0 0 0 0 0 0 0 0
25300 -121.711 0 0 0 0.173751 100 54 1.53537 100 23 0 0 0 -2.52163 100 35 0 0 0 0 0 0 0 0 0 0 0
25400 -123.531 0 0 0 1.7669 100 58 2.76465 100 25 0 0 0 -2.82098 100 30 0 0 0 0 0 0 0 0 0 0 0
25500 -120.638 0 0 0 0.799701 100 50 3.04025 100 27 0 0 0 -2.93383 100 31 0 0 0 0 0 0 0 0 0 0 0
25600 -122.064 0 0 0 0.972819 100 58 2.26462 100 25 0 0 0 -3.23505 100 35 0 0 0 0 0 0 0 0 0 0 0
25700 -122.307 0 0 0 -0.23568 100 55 2.96786 100 22 0 0 0 -2.86534 100 29 0 0 0 0 0 0 0 0 0 0 0
25800 -121.32 0 0 0 1.60966 100 48 3.79157 100 35 0 0 0 -3.06997 100 28 0 0 0 0 0 0 0 0 0 0 0
25900 -122.369 0 0 0 -0.114364 100 46 0.458194 100 31 0 0 0 -2.53609 100 38 0 0 0 0 0 0 0 0 0 0 0
26000 -121.583 0 0 0 0.481242 100 46 1.18253 100 25 0 0 0 -2.55128 100 37 0 0 0 0 0 0 0 0 0 0 0
26100 -123.533 0 0 0 -0.219043 100 57 0.44631 100 27 0 0 0 -2.83855 100 35 0 0 0 0 0 0 0 0 0 0 0
26200 -123.066 0 0 0 0.737068 100 52 -0.220757 100 32 0 0 0 -2.42984 100 35 0 0 0 0 0 0 0 0 0 0 0
26300 -120.885 0 0 0 0.512938 100 50 3.38141 100 32 0 0 0 -2.96664 100 30 0 0 0 0 0 0 0 0 0 0 0
26400 -120.876 0 0 0 0.560362 100 45 2.29095 100 25 0 0 0 -2.81842 100 32 0 0 0 0 0 0 0 0 0 0 0
26500 -121.145 0 0 0 1.59221 100 53 5.74812 100 24 0 0 0 -3.40561 100 28 0 0 0 0 0 0 0 0 0 0 0
26600 -121.782 0 0 0 0.645517 100 53 1.35973 100 34 0 0 0 -2.52379 100 31 0 0 0 0 0 0 0 0 0 0 0
26700 -120.851 0 0 0 0.482026 100 64 2.93241 100 25 0 0 0 -2.86662 100 29 0 0 0 0 0 0 0 0 0 0 0
26800 -125.786 0 0 0 1.43419 100 56 7.20205 100 36 0 0 0 -2.98307 100 36 0 0 0 0 0 0 0 0 0 0 0
26900 -121.086 0 0 0 1.34244 100 45 5.26615 100 31 0 0 0 -3.40623 100 35 0 0 0 0 0 0 0 0 0 0 0
27000 -120.708 0 0 0 0.86104 100 47 4.19529 100 24 0 0 0 -3.11164 100 27 0 0 0 0 0 0 0 0 0 0 0
27100 -124.79 0 0 0 -0.962975 100 48 3.40931 100 30 0 0 0 -2.88833 100 33 0 0 0 0 0 0 0 0 0 0 0
27200 -121.995 0 0 0 0.874499 100 53 1.16414 100 23 0 0 0 -2.56152 100 28 0 0 0 0 0 0 0 0 0 0 0
27300 -123.497 0 0 0 0.38358 100 52 -0.61583 100 31 0 0 0 -2.85003 100 28 0 0 0 0 0 0 0 0 0 0 0
27400 -126.41 0 0 0 -0.103517 100 56 5.21954 100 31 0 0 0 -3.64449 100 37 0 0 0 0 0 0 0 0 0 0 0
27500 -121.074 0 0 0 0.56027 100 51 3.39498 100 24 0 0 0 -2.74024 100 36 0 0 0 0 0 0 0 0 0 0 0
27600 -121.664 0 0 0 1.18766 100 50 3.50269 100 28 0 0 0 -2.75664 100 35 0 0 0 0 0 0 0 0 0 0 0
27700 -121.984 0 0 0 1.39962 100 54 1.89932 100 29 0 0 0 -3.15445 100 30 0 0 0 0 0 0 0 0 0 0 0
27800 -123.318 0 0 0 -0.527723 100 51 3.83622 100 33 0 0 0 -2.78501 100 34 0 0 0 0 0 0 0 0 0 0 0
27900 -121.337 0 0 0 0.339558 100 49 1.41111 100 26 0 0 0 -2.7161 100 37 0 0 0 0 0 0 0 0 0 0 0
28000 -122.137 0 0 0 0.724421 100 49 0.0675992 100 33 0 0 0 -2.68169 100 36 0 0 0 0 0 0 0 0 0 0 0
28100 -121.154 0 0 0 1.4596 100 51 3.5395 100 35 0 0 0 -3.25506 100 35 0 0 0 0 0 0 0 0 0 0 0
28200 -121.363 0 0 0 0.653028 100 60 1.8277 100 25 0 0 0 -2.60131 100 22 0 0 0 0 0 0 0 0 0 0 0
28300 -120.996 0 0 0 1.45498 100 45 3.67113 100 27 0 0 0 -3.21363 100 28 0 0 0 0 0 0 0 0 0 0 0
28400 -121.49 0 0 0 0.387327 100 52 1.19319 100 20 0 0 0 -2.77638 100 30 0 0 0 0 0 0 0 0 0 0 0
28500 -122.895 0 0 0 0.983825 100 46 0.0944152 100 30 0 0 0 -2.54235 100 36 0 0 0 0 0 0 0 0 0 0 0
28600 -121.433 0 0 0 0.838148 100 51 1.35907 100 25 0 0 0 -2.91592 100 22 0 0 0 0 0 0 0 0 0 0 0
28700 -122.943 0 0 0 0.512765 100 49 4.57875 100 32 0 0 0 -3.45345 100 28 0 0 0 0 0 0 0 0 0 0 0
28800 -121.09 0 0 0 0.849346 100 43 5.28113 100 38 0 0 0 -3.12148 100 25 0 0 0 0 0 0 0 0 0 0 0
28900 -120.684 0 0 0 0.872689 100 57 2.81527 100 36 0 0 0 -2.86941 100 28 0 0 0 0 0 0 0 0 0 0 0
29000 -121.242 0 0 0 1.67184 100 51 5.57047 100 29 0 0 0 -3.46012 100 26 0 0 0 0 0 0 0 0 0 0 0
29100 -121.417 0 0 0 1.45263 100 51 6.35339 100 27 0 0 0 -3.34023 100 38 0 0 0 0 0 0 0 0 0 0 0
29200 -122.658 0 0 0 1.34271 100 51 3.64709 100 31 0 0 0 -2.71117 100 30 0 0 0 0 0 0 0 0 0 0 0
29300 -121.303 0 0 0 0.187814 100 51 2.67086 100 27 0 0 0 -2.84447 100 27 0 0 0 0 0 0 0 0 0 0 0
29400 -121.106 0 0 0 1.50109 100 62 3.54837 100 35 0 0 0 -3.05503 100 31 0 0 0 0 0 0 0 0 0 0 0
29500 -121.167 0 0 0 1.22253 100 46 2.20856 100 40 0 0 0 -2.97043 100 38 0 0 0 0 0 0 0 0 0 0 0
29600 -123.901 0 0 0 -0.54941 100 51 0.847914 100 39 0 0 0 -2.79374 100 29 0 0 0 0 0 0 0 0 0 0 0
29700 -121.453 0 0 0 1.44062 100 49 2.60527 100 26 0 0 0 -3.15352 100 34 0 0 0 0 0 0 0 0 0 0 0
29800 -122.161 0 0 0 0.149178 100 49 0.281478 100 25 0 0 0 -2.50444 100 34 0 0 0 0 0 0 0 0 0 0 0
29900 -122.034 0 0 0 0.953373 100 54 1.42729 100 26 0 0 0 -2.57476 100 28 0 0 0 0 0 0 0 0 0 0 0
30000 -121.128 0 0 0 0.918767 100 51 3.53948 100 23 0 0 0 -2.76838 100 34 0 0 0 0 0 0 0 0 0 0 0
30100 -121.688 0 0 0 0.478628 100 47 3.04604 100 31 0 0 0 -2.58795 100 30 0 0 0 0 0 0 0 0 0 0 0
30200 -121.317 0 0 0 0.759004 100 54 2.84991 100 25 0 0 0 -3.13987 100 41 0 0 0 0 0 0 0 0 0 0 0
30300 -123.771 0 0 0 0.623484 100 55 -1.35448 100 35 0 0 0 -2.7497 100 23 0 0 0 0 0 0 0 0 0 0 0
30400 -123.902 0 0 0 2.67955 100 45 6.07846 100 34 0 0 0 -3.81035 100 26 0 0 0 0 0 0 0 0 0 0 0
30500 -122.577 0 0 0 0.228249 100 45 0.719629 100 23 0 0 0 -2.35559 100 33 0 0 0 0 0 0 0 0 0 0 0
30600 -121.956 0 0 0 0.0548721 100 50 4.27 100 25 0 0 0 -2.86548 100 33 0 0 0 0 0 0 0 0 0 0 0
30700 -122.689 0 0 0 1.5508 100 56 5.74144 100 34 0 0 0 -3.00277 100 30 0 0 0 0 0 0 0 0 0 0 0
30800 -123.067 0 0 0 2.21347 100 44 6.41489 100 25 0 0 0 -3.90728 100 32 0 0 0 0 0 0 0 0 0 0 0
30900 -120.926 0 0 0 0.533823 100 54 2.15184 100 33 0 0 0 -2.77176 100 25 0 0 0 0 0 0 0 0 0 0 0
31000 -121.5 0 0 0 0.193676 100 49 3.82115 100 26 0 0 0 -2.9778 100 40 0 0 0 0 0 0 0 0 0 0 0
31100 -121.655 0 0 0 1.62992 100 51 6.5479 100 34 0 0 0 -3.59181 100 28 0 0 0 0 0 0 0 0 0 0 0
31200 -122.334 0 0 0 1.01331 100 50 2.68033 100 23 0 0 0 -2.5736 100 34 0 0 0 0 0 0 0 0 0 0 0
31300 -121.062 0 0 0 1.339 100 48 5.01131 100 25 0 0 0 -3.07396 100 30 0 0 0 0 0 0 0 0 0 0 0
31400 -122.12 0 0 0 1.55177 100 45 7.23693 100 27 0 0 0 -3.65317 100 31 0 0 0 0 0 0 0 0 0 0 0
31500 -121.378 0 0 0 1.83285 100 44 5.45731 100 29 0 0 0 -3.42034 100 28 0 0 0 0 0 0 0 0 0 0 0
31600 -120.647 0 0 0 0.788968 100 49 3.23205 100 36 0 0 0 -2.98082 100 28 0 0 0 0 0 0 0 0 0 0 0
31700 -122.456 0 0 0 0.321666 100 48 -0.187745 100 25 0 0 0 -2.68723 100 23 0 0 0 0 0 0 0 0 0 0 0
31800 -122.567 0 0 0 -0.163785 100 46 4.12834 100 29 0 0 0 -2.76298 100 35 0 0 0 0 0 0 0 0 0 0 0
31900 -123.092 0 0 0 1.8381 100 42 1.79993 100 37 0 0 0 -3.15471 100 32 0 0 0 0 0 0 0 0 0 0 0
32000 -121.3 0 0 0 1.6693 100 47 6.04106 100 30 0 0 0 -3.44754 100 34 0 0 0 0 0 0 0 0 0 0 0
32100 -122.036 0 0 0 1.88312 100 48 6.83686 100 24 0 0 0 -3.43927 100 30 0 0 0 0 0 0 0 0 0 0 0
32200 -120.78 0 0 0 1.41643 100 56 4.29745 100 26 0 0 0 -3.18804 100 34 0 0 0 0 0 0 0 0 0 0 0
32300 -120.971 0 0 0 0.670493 100 53 2.99111 100 20 0 0 0 -3.04654 100 37 0 0 0 0 0 0 0 0 0 0 0
32400 -121.945 0 0 0 0.859726 100 47 1.94924 100 24 0 0 0 -3.15121 100 31 0 0 0 0 0 0 0 0 0 0 0
32500 -122.056 0 0 0 1.6631 100 48 6.42615 100 31 0 0 0 -3.24243 100 33 0 0 0 0 0 0 0 0 0 0 0
32600 -120.974 0 0 0 0.966858 100 56 3.02247 100 29 0 0 0 -3.12831 100 30 0 0 0 0 0 0 0 0 0 0 0
32700 -122.146 0 0 0 1.566 100 62 5.31245 100 31 0 0 0 -3.65864 100 31 0 0 0 0 0 0 0 0 0 0 0
32800 -122.253 0 0 0 1.51382 100 41 7.49892 100 21 0 0 0 -3.55913 100 45 0 0 0 0 0 0 0 0 0 0 0
32900 -121.614 0 0 0 0.553246 100 62 1.61567 100 32 0 0 0 -2.53555 100 34 0 0 0 0 0 0 0 0 0 0 0
33000 -120.659 0 0 0 0.735624 100 50 3.54514 100 20 0 0 0 -2.9084 100 35 0 0 0 0 0 0 0 0 0 0 0
33100 -124.974 0 0 0 -0.00716825 100 53 6.52058 100 29 0 0 0 -3.51959 100 30 0 0 0 0 0 0 0 0 0 0 0
33200 -123.3 0 0 0 2.15511 100 50 3.74263 100 35 0 0 0 -3.59701 100 40 0 0 0 0 0 0 0 0 0 0 0
33300 -120.926 0 0 0 0.850096 100 53 2.04361 100 18 0 0 0 -2.87476 100 31 0 0 0 0 0 0 0 0 0 0 0
33400 -121.353 0 0 0 1.34076 100 52 2.88046 100 29 0 0 0 -3.21455 100 35 0 0 0 0 0 0 0 0 0 0 0
33500 -121.467 0 0 0 1.05606 100 43 2.86047 100 27 0 0 0 -2.70614 100 36 0 0 0 0 0 0 0 0 0 0 0
33600 -122.111 0 0 0 0.665527 100 46 4.77451 100 25 0 0 0 -2.77057 100 35 0 0 0 0 0 0 0 0 0 0 0
33700 -122.554 0 0 0 1.09437 100 51 3.02432 100 32 0 0 0 -3.42044 100 29 0 0 0 0 0 0 0 0 0 0 0
33800 -121.193 0 0 0 1.6756 100 54 5.15657 100 27 0 0 0 -3.42096 100 29 0 0 0 0 0 0 0 0 0 0 0
33900 -120.974 0 0 0 0.678353 100 53 4.55192 100 29 0 0 0 -2.97373 100 27 0 0 0 0 0 0 0 0 0 0 0
34000 -121.918 0 0 0 1.14804 100 49 1.00113 100 28 0 0 0 -2.92313 100 28 0 0 0 0 0 0 0 0 0 0 0
34100 -121.397 0 0 0 0.440132 100 55 1.13317 100 26 0 0 0 -2.65349 100 37 0 0 0 0 0 0 0 0 0 0 0
34200 -122.688 0 0 0 0.14604 100 58 0.800676 100 31 0 0 0 -2.90282 100 33 0 0 0 0 0 0 0 0 0 0 0
34300 -121.863 0 0 0 0.694966 100 50 4.20856 100 35 0 0 0 -3.33971 100 26 0 0 0 0 0 0 0 0 0 0 0
34400 -122.623 0 0 0 1.13402 100 60 0.512547 100 28 0 0 0 -2.63886 100 33 0 0 0 0 0 0 0 0 0 0 0
34500 -120.835 0 0 0 0.94536 100 58 3.71854 100 29 0 0 0 -3.16666 100 30 0 0 0 0 0 0 0 0 0 0 0
34600 -121.902 0 0 0 1.89276 100 51 3.92687 100 21 0 0 0 -3.3882 100 36 0 0 0 0 0 0 0 0 0 0 0
34700 -121.642 0 0 0 1.05902 100 48 2.15536 100 30 0 0 0 -2.66828 100 31 0 0 0 0 0 0 0 0 0 0 0
34800 -120.92 0 0 0 1.4637 100 54 4.87401 100 32 0 0 0 -3.33116 100 34 0 0 0 0 0 0 0 0 0 0 0
34900 -121.357 0 0 0 1.49327 100 48 6.12391 100 27 0 0 0 -3.28868 100 31 0 0 0 0 0 0 0 0 0 0 0
35000 -121.248 0 0 0 1.26867 100 52 5.51365 100 29 0 0 0 -3.44125 100 28 0 0 0 0 0 0 0 0 0 0 0
35100 -120.936 0 0 0 0.441453 100 52 3.55809 100 34 0 0 0 -2.89173 100 36 0 0 0 0 0 0 0 0 0 0 0
35200 -122.987 0 0 0 0.761318 100 44 -0.522366 100 32 0 0 0 -2.5022 100 33 0 0 0 0 0 0 0 0 0 0 0
35300 -121.851 0 0 0 0.209736 100 59 1.42604 100 21 0 0 0 -2.86014 100 29 0 0 0 0 0 0 0 0 0 0 0
35400 -124.399 0 0 0 2.61164 100 53 5.81163 100 33 0 0 0 -3.47292 100 30 0 0 0 0 0 0 0 0 0 0 0
35500 -122.332 0 0 0 0.361343 100 50 0.0324621 100 27 0 0 0 -2.73349 100 35 0 0 0 0 0 0 0 0 0 0 0
35600 -121.777 0 0 0 1.24988 100 59 1.36545 100 29 0 0 0 -2.94253 100 27 0 0 0 0 0 0 0 0 0 0 0
35700 -121.164 0 0 0 1.11005 100 57 1.98497 100 24 0 0 0 -2.85304 100 36 0 0 0 0 0 0 0 0 0 0 0
35800 -121.898 0 0 0 0.38425 100 48 4.51249 100 29 0 0 0 -3.22839 100 32 0 0 0 0 0 0 0 0 0 0 0
35900 -121.237 0 0 0 0.575337 100 56 2.76859 100 23 0 0 0 -2.64551 100 23 0 0 0 0 0 0 0 0 0 0 0
36000 -123.228 0 0 0 1.18037 100 55 0.640013 100 30 0 0 0 -3.15605 100 33 0 0 0 0 0 0 0 0 0 0 0
36100 -123.364 0 0 0 -0.274003 100 57 1.47111 100 28 0 0 0 -2.30302 100 28 0 0 0 0 0 0 0 0 0 0 0
36200 -121.742 0 0 0 0.918133 100 60 4.81636 100 29 0 0 0 -2.83748 100 42 0 0 0 0 0 0 0 0 0 0 0
36300 -121.636 0 0 0 1.56046 100 60 2.96625 100 35 0 0 0 -2.96333 100 27 0 0 0 0 0 0 0 0 0 0 0
36400 -124.502 0 0 0 2.73317 100 55 6.80024 100 38 0 0 0 -4.08878 100 39 0 0 0 0 0 0 0 0 0 0 0
36500 -122.034 0 0 0 1.10021 100 48 0.765138 100 23 0 0 0 -2.89649 100 30 0 0 0 0 0 0 0 0 0 0 0
36600 -121.155 0 0 0 1.44231 100 50 5.85647 100 37 0 0 0 -3.27699 100 32 0 0 0 0 0 0 0 0 0 0 0
36700 -125.135 0 0 0 -0.541649 100 47 4.60467 100 29 0 0 0 -2.59153 100 28 0 0 0 0 0 0 0 0 0 0 0
36800 -120.621 0 0 0 0.914926 100 48 3.14473 100 33 0 0 0 -2.9149 100 38 0 0 0 0 0 0 0 0 0 0 0
36900 -120.914 0 0 0 0.96529 100 50 4.66413 100 36 0 0 0 -2.97747 100 31 0 0 0 0 0 0 0 0 0 0 0
37000 -121.096 0 0 0 0.948392 100 47 1.91108 100 24 0 0 0 -2.93652 100 31 0 0 0 0 0 0 0 0 0 0 0
37100 -121.386 0 0 0 0.372489 100 55 3.84571 100 33 0 0 0 -2.76175 100 32 0 0 0 0 0 0 0 0 0 0 0
37200 -122.136 0 0 0 0.0647007 100 49 3.28407 100 28 0 0 0 -2.58948 100 29 0 0 0 0 0 0 0 0 0 0 0
37300 -123.91 0 0 0 1.09406 100 53 0.19532 100 26 0 0 0 -3.17222 100 27 0 0 0 0 0 0 0 0 0 0 0
37400 -121.739 0 0 0 0.582336 100 48 5.60267 100 23 0 0 0 -3.23175 100 19 0 0 0 0 0 0 0 0 0 0 0
37500 -122.981 0 0 0 0.454799 100 47 0.432053 100 28 0 0 0 -2.98468 100 35 0 0 0 0 0 0 0 0 0 0 0
37600 -121.888 0 0 0 1.42265 100 41 3.70892 100 24 0 0 0 -2.83555 100 27 0 0 0 0 0 0 0 0 0 0 0
37700 -120.722 0 0 0 0.821577 100 50 3.81517 100 22 0 0 0 -3.09216 100 35 0 0 0 0 0 0 0 0 0 0 0
37800 -120.893 0 0 0 0.683304 100 54 2.9633 100 25 0 0 0 -2.74795 100 28 0 0 0 0 0 0 0 0 0 0 0
37900 -124.247 0 0 0 -0.467696 100 43 -0.852875 100 29 0 0 0 -2.2379 100 34 0 0 0 0 0 0 0 0 0 0 0
38000 -122.385 0 0 0 0.744697 100 53 6.56192 100 26 0 0 0 -3.42299 100 32 0 0 0 0 0 0 0 0 0 0 0
38100 -120.716 0 0 0 0.741514 100 57 2.77581 100 35 0 0 0 -2.8276 100 29 0 0 0 0 0 0 0 0 0 0 0
38200 -120.964 0 0 0 1.01357 100 53 2.75995 100 24 0 0 0 -3.08905 100 39 0 0 0 0 0 0 0 0 0 0 0
38300 -121.405 0 0 0 0.800619 100 44 5.22455 100 20 0 0 0 -2.9817 100 25 0 0 0 0 0 0 0 0 0 0 0
38400 -120.734 0 0 0 1.07478 100 46 4.178 100 28 0 0 0 -3.19721 100 27 0 0 0 0 0 0 0 0 0 0 0
38500 -122.726 0 0 0 1.68221 100 45 7.73429 100 19 0 0 0 -3.81453 100 30 0 0 0 0 0 0 0 0 0 0 0
38600 -122.38 0 0 0 -0.328531 100 60 2.55043 100 36 0 0 0 -2.63213 100 20 0 0 0 0 0 0 0 0 0 0 0
38700 -121.683 0 0 0 1.06638 100 63 6.2655 100 28 0 0 0 -3.2001 100 32 0 0 0 0 0 0 0 0 0 0 0
38800 -121.199 0 0 0 0.369426 100 58 4.00767 100 31 0 0 0 -2.99535 100 36 0 0 0 0 0 0 0 0 0 0 0
38900 -122.183 0 0 0 1.94915 100 46 6.9331 100 23 0 0 0 -3.75045 100 34 0 0 0 0 0 0 0 0 0 0 0
39000 -121.76 0 0 0 1.11288 100 43 1.18423 100 27 0 0 0 -2.75668 100 29 0 0 0 0 0 0 0 0 0 0 0
39100 -121.445 0 0 0 0.844395 100 45 5.1702 100 32 0 0 0 -2.95474 100 37 0 0 0 0 0 0 0 0 0 0 0
39200 -121.743 0 0 0 0.778467 100 55 4.15535 100 29 0 0 0 -3.3437 100 27 0 0 0 0 0 0 0 0 0 0 0
39300 -123.73 0 0 0 2.20271 100 57 3.13011 100 33 0 0 0 -3.52007 100 25 0 0 0 0 0 0 0 0 0 0 0
39400 -121.718 0 0 0 0.877975 100 61 0.779647 100 32 0 0 0 -2.81837 100 25 0 0 0 0 0 0 0 0 0 0 0
39500 -123.923 0 0 0 2.71759 100 48 7.092 100 29 0 0 0 -3.78502 100 33 0 0 0 0 0 0 0 0 0 0 0
39600 -126.679 0 0 0 0.222843 100 52 4.89948 100 28 0 0 0 -2.42881 100 31 0 0 0 0 0 0 0 0 0 0 0
39700 -121.576 0 0 0 0.00938445 100 49 2.28337 100 30 0 0 0 -2.71539 100 21 0 0 0 0 0 0 0 0 0 0 0
39800 -121.411 0 0 0 0.865387 100 49 1.15153 100 42 0 0 0 -2.79526 100 28 0 0 0 0 0 0 0 0 0 0 0
39900 -122.359 0 0 0 1.64573 100 60 3.31064 100 20 0 0 0 -3.46812 100 31 0 0 0 0 0 0 0 0 0 0 0
40000 -120.949 0 0 0 1.07291 100 52 3.67607 100 23 0 0 0 -3.22042 100 34 0 0 0 0 0 0 0 0 0 0 0
40100 -121.526 0 0 0 1.81211 100 51 5.47283 100 26 0 0 0 -3.27625 100 30 0 0 0 0 0 0 0 0 0 0 0
40200 -124.66 0 0 0 1.17644 100 57 3.8537 100 29 0 0 0 -3.74805 100 29 0 0 0 0 0 0 0 0 0 0 0
40300 -120.796 0 0 0 0.738936 100 53 2.73203 100 30 0 0 0 -2.96902 100 33 0 0 0 0 0 0 0 0 0 0 0
40400 -126.352 0 0 0 -0.334042 100 47 6.83837 100 35 0 0 0 -3.51829 100 30 0 0 0 0 0 0 0 0 0 0 0
40500 -121.712 0 0 0 1.98147 100 43 5.6182 100 23 0 0 0 -3.41075 100 19 0 0 0 0 0 0 0 0 0 0 0
40600 -120.871 0 0 0 1.47169 100 60 4.8661 100 27 0 0 0 -3.29323 100 26 0 0 0 0 0 0 0 0 0 0 0
40700 -124.268 0 0 0 0.983236 100 46 8.46447 100 29 0 0 0 -3.64624 100 26 0 0 0 0 0 0 0 0 0 0 0
40800 -122.07 0 0 0 0.805059 100 58 0.264486 100 30 0 0 0 -2.65035 100 31 0 0 0 0 0 0 0 0 0 0 0
40900 -121.788 0 0 0 0.216448 100 53 4.41474 100 26 0 0 0 -3.08516 100 33 0 0 0 0 0 0 0 0 0 0 0
41000 -120.632 0 0 0 0.958786 100 48 4.05817 100 33 0 0 0 -3.10664 100 31 0 0 0 0 0 0 0 0 0 0 0
41100 -122.676 0 0 0 1.99871 100 41 7.47978 100 22 0 0 0 -3.86946 100 36 0 0 0 0 0 0 0 0 0 0 0
41200 -121.196 0 0 0 0.257652 100 54 3.30279 100 26 0 0 0 -2.88961 100 40 0 0 0 0 0 0 0 0 0 0 0
41300 -121.318 0 0 0 1.20058 100 56 2.04964 100 28 0 0 0 -3.0292 100 30 0 0 0 0 0 0 0 0 0 0 0
41400 -120.871 0 0 0 1.48015 100 48 4.13665 100 22 0 0 0 -3.19131 100 34 0 0 0 0 0 0 0 0 0 0 0
41500 -120.783 0 0 0 0.541598 100 46 3.0487 100 33 0 0 0 -2.86056 100 40 0 0 0 0 0 0 0 0 0 0 0
41600 -122.142 0 0 0 2.14066 100 50 5.15451 100 31 0 0 0 -3.4999 100 23 0 0 0 0 0 0 0 0 0 0 0
41700 -121.231 0 0 0 1.43325 100 51 2.78161 100 29 0 0 0 -3.02368 100 31 0 0 0 0 0 0 0 0 0 0 0
41800 -121.563 0 0 0 1.203 100 40 1.51958 100 33 0 0 0 -2.90664 100 29 0 0 0 0 0 0 0 0 0 0 0
41900 -123.687 0 0 0 1.6794 100 46 0.8073 100 35 0 0 0 -2.88484 100 20 0 0 0 0 0 0 0 0 0 0 0
42000 -121.727 0 0 0 0.162447 100 59 2.33587 100 24 0 0 0 -2.93782 100 25 0 0 0 0 0 0 0 0 0 0 0
42100 -121.253 0 0 0 1.59137 100 43 4.81085 100 29 0 0 0 -3.1199 100 30 0 0 0 0 0 0 0 0 0 0 0
42200 -121.666 0 0 0 0.0846437 100 59 2.36218 100 29 0 0 0 -2.87562 100 33 0 0 0 0 0 0 0 0 0 0 0
42300 -121.1 0 0 0 1.45205 100 45 3.66911 100 21 0 0 0 -3.26153 100 24 0 0 0 0 0 0 0 0 0 0 0
42400 -120.847 0 0 0 0.713137 100 46 2.23659 100 29 0 0 0 -2.86471 100 32 0 0 0 0 0 0 0 0 0 0 0
42500 -122.781 0 0 0 0.405894 100 56 0.250288 100 25 0 0 0 -2.35473 100 34 0 0 0 0 0 0 0 0 0 0 0
42600 -123.299 0 0 0 2.29438 100 50 4.00759 100 31 0 0 0 -3.37196 100 32 0 0 0 0 0 0 0 0 0 0 0
42700 -124.657 0 0 0 2.89394 100 57 7.07276 100 28 0 0 0 -3.84906 100 28 0 0 0 0 0 0 0 0 0 0 0
42800 -121.33 0 0 0 1.45781 100 45 5.97336 100 34 0 0 0 -3.2416 100 29 0 0 0 0 0 0 0 0 0 0 0
42900 -121.953 0 0 0 0.695675 100 46 3.60391 100 26 0 0 0 -3.30785 100 39 0 0 0 0 0 0 0 0 0 0 0
43000 -121.003 0 0 0 1.57842 100 47 4.44172 100 19 0 0 0 -3.1854 100 29 0 0 0 0 0 0 0 0 0 0 0
43100 -120.689 0 0 0 0.93127 100 57 2.98708 100 23 0 0 0 -3.00573 100 38 0 0 0 0 0 0 0 0 0 0 0
43200 -121.833 0 0 0 0.678842 100 54 5.94207 100 31 0 0 0 -3.28211 100 34 0 0 0 0 0 0 0 0 0 0 0
43300 -121.455 0 0 0 1.58914 100 52 3.03926 100 33 0 0 0 -3.06886 100 31 0 0 0 0 0 0 0 0 0 0 0
43400 -121.046 0 0 0 1.19609 100 45 5.45349 100 27 0 0 0 -3.35335 100 22 0 0 0 0 0 0 0 0 0 0 0
43500 -122.891 0 0 0 -0.221097 100 46 0.0682435 100 28 0 0 0 -2.60074 100 44 0 0 0 0 0 0 0 0 0 0 0
43600 -123.513 0 0 0 0.68295 100 54 5.5082 100 24 0 0 0 -3.62943 100 32 0 0 0 0 0 0 0 0 0 0 0
43700 -121.735 0 0 0 0.998366 100 51 1.99479 100 33 0 0 0 -2.62933 100 44 0 0 0 0 0 0 0 0 0 0 0
43800 -122.179 0 0 0 0.279285 100 49 3.295 100 26 0 0 0 -2.55257 100 39 0 0 0 0 0 0 0 0 0 0 0
43900 -122.017 0 0 0 0.797817 100 51 6.3729 100 26 0 0 0 -3.23278 100 39 0 0 0 0 0 0 0 0 0 0 0
44000 -120.91 0 0 0 0.814943 100 43 4.48364 100 23 0 0 0 -2.94505 100 31 0 0 0 0 0 0 0 0 0 0 0
44100 -123.159 0 0 0 2.08182 100 52 2.92556 100 18 0 0 0 -3.37173 100 34 0 0 0 0 0 0 0 0 0 0 0
44200 -120.937 0 0 0 0.912907 100 55 5.04647 100 28 0 0 0 -3.20652 100 38 0 0 0 0 0 0 0 0 0 0 0
44300 -121.615 0 0 0 0.0609445 100 57 3.05139 100 23 0 0 0 -2.68933 100 38 0 0 0 0 0 0 0 0 0 0 0
44400 -121.924 0 0 0 1.06424 100 55 6.12613 100 22 0 0 0 -3.09435 100 32 0 0 0 0 0 0 0 0 0 0 0
44500 -122.777 0 0 0 0.434862 100 49 3.13373 100 16 0 0 0 -3.29733 100 26 0 0 0 0 0 0 0 0 0 0 0
44600 -121.27 0 0 0 1.10356 100 53 5.39039 100 24 0 0 0 -3.40126 100 36 0 0 0 0 0 0 0 0 0 0 0
44700 -122.163 0 0 0 0.572354 100 45 0.20671 100 32 0 0 0 -2.78805 100 37 0 0 0 0 0 0 0 0 0 0 0
44800 -120.912 0 0 0 0.690899 100 52 3.65223 100 31 0 0 0 -3.09869 100 25 0 0 0 0 0 0 0 0 0 0 0
44900 -121.11 0 0 0 0.820918 100 58 3.93947 100 25 0 0 0 -3.22069 100 24 0 0 0 0 0 0 0 0 0 0 0
45000 -121.994 0 0 0 0.848093 100 48 5.4926 100 27 0 0 0 -2.92866 100 29 0 0 0 0 0 0 0 0 0 0 0
45100 -122.067 0 0 0 2.00549 100 46 6.88993 100 27 0 0 0 -3.69063 100 27 0 0 0 0 0 0 0 0 0 0 0
45200 -122.821 0 0 0 0.298891 100 51 6.10994 100 24 0 0 0 -3.13196 100 34 0 0 0 0 0 0 0 0 0 0 0
45300 -122.067 0 0 0 1.42497 100 53 1.46884 100 29 0 0 0 -2.95013 100 31 0 0 0 0 0 0 0 0 0 0 0
45400 -121.561 0 0 0 0.695836 100 50 4.89665 100 29 0 0 0 -3.31123 100 37 0 0 0 0 0 0 0 0 0 0 0
45500 -122.06 0 0 0 0.109345 100 50 3.08466 100 24 0 0 0 -2.56625 100 27 0 0 0 0 0 0 0 0 0 0 0
45600 -121.361 0 0 0 0.671626 100 54 1.73065 100 27 0 0 0 -2.95582 100 35 0 0 0 0 0 0 0 0 0 0 0
45700 -122.264 0 0 0 1.96956 100 45 4.34281 100 24 0 0 0 -3.16816 100 30 0 0 0 0 0 0 0 0 0 0 0
45800 -121.01 0 0 0 0.560809 100 41 4.01671 100 42 0 0 0 -2.85952 100 33 0 0 0 0 0 0 0 0 0 0 0
45900 -121.986 0 0 0 1.54822 100 55 2.88892 100 33 0 0 0 -3.33751 100 35 0 0 0 0 0 0 0 0 0 0 0
46000 -122.069 0 0 0 1.77831 100 53 7.10834 100 21 0 0 0 -3.46283 100 33 0 0 0 0 0 0 0 0 0 0 0
46100 -122.346 0 0 0 0.636943 100 58 -0.222332 100 34 0 0 0 -2.6574 100 39 0 0 0 0 0 0 0 0 0 0 0
46200 -122.235 0 0 0 0.918912 100 49 3.3474 100 34 0 0 0 -2.60292 100 35 0 0 0 0 0 0 0 0 0 0 0
46300 -121.244 0 0 0 1.04151 100 53 3.64351 100 25 0 0 0 -3.27873 100 32 0 0 0 0 0 0 0 0 0 0 0
46400 -122.668 0 0 0 1.01861 100 56 0.0517255 100 26 0 0 0 -2.89058 100 40 0 0 0 0 0 0 0 0 0 0 0
46500 -120.989 0 0 0 0.473364 100 47 3.26705 100 23 0 0 0 -2.98323 100 26 0 0 0 0 0 0 0 0 0 0 0
46600 -125.008 0 0 0 0.96111 100 57 8.69073 100 28 0 0 0 -3.85272 100 37 0 0 0 0 0 0 0 0 0 0 0
46700 -125.657 0 0 0 1.28678 100 56 8.11962 100 31 0 0 0 -3.18757 100 36 0 0 0 0 0 0 0 0 0 0 0
46800 -120.893 0 0 0 0.734933 100 53 3.15124 100 31 0 0 0 -2.76343 100 35 0 0 0 0 0 0 0 0 0 0 0
46900 -121.536 0 0 0 1.66577 100 43 4.14737 100 25 0 0 0 -3.05973 100 42 0 0 0 0 0 0 0 0 0 0 0
47000 -122.542 0 0 0 0.665918 100 55 -0.312275 100 33 0 0 0 -2.74089 100 31 0 0 0 0 0 0 0 0 0 0 0
47100 -120.601 0 0 0 0.937834 100 42 3.72154 100 33 0 0 0 -3.05867 100 30 0 0 0 0 0 0 0 0 0 0 0
47200 -120.936 0 0 0 1.12381 100 40 5.21322 100 24 0 0 0 -3.11233 100 31 0 0 0 0 0 0 0 0 0 0 0
47300 -120.796 0 0 0 0.715209 100 54 4.08279 100 25 0 0 0 -2.924 100 26 0 0 0 0 0 0 0 0 0 0 0
47400 -121.159 0 0 0 1.5893 100 58 4.72113 100 28 0 0 0 -3.3967 100 25 0 0 0 0 0 0 0 0 0 0 0
47500 -121.282 0 0 0 1.51339 100 53 4.71032 100 30 0 0 0 -3.43982 100 34 0 0 0 0 0 0 0 0 0 0 0
47600 -121.278 0 0 0 0.468601 100 42 1.44182 100 34 0 0 0 -2.64191 100 22 0 0 0 0 0 0 0 0 0 0 0
47700 -121.442 0 0 0 1.06528 100 54 1.78596 100 27 0 0 0 -2.7312 100 46 0 0 0 0 0 0 0 0 0 0 0
47800 -121.222 0 0 0 0.209539 100 52 2.68916 100 28 0 0 0 -2.73991 100 36 0 0 0 0 0 0 0 0 0 0 0
47900 -121.618 0 0 0 0.36254 100 52 3.57013 100 29 0 0 0 -3.12233 100 41 0 0 0 0 0 0 0 0 0 0 0
48000 -121.18 0 0 0 0.235332 100 44 2.96404 100 33 0 0 0 -2.82998 100 38 0 0 0 0 0 0 0 0 0 0 0
48100 -122.491 0 0 0 1.16706 100 44 1.40427 100 24 0 0 0 -3.18124 100 30 0 0 0 0 0 0 0 0 0 0 0
48200 -121.046 0 0 0 1.30271 100 52 3.79726 100 26 0 0 0 -2.93085 100 34 0 0 0 0 0 0 0 0 0 0 0
48300 -121.098 0 0 0 0.620383 100 43 3.96133 100 28 0 0 0 -2.80906 100 40 0 0 0 0 0 0 0 0 0 0 0
48400 -123.647 0 0 0 1.64309 100 46 1.83837 100 27 0 0 0 -3.42315 100 38 0 0 0 0 0 0 0 0 0 0 0
48500 -125.093 0 0 0 2.02743 100 56 6.33081 100 28 0 0 0 -3.05822 100 33 0 0 0 0 0 0 0 0 0 0 0
48600 -123.262 0 0 0 1.32474 100 51 1.38697 100 25 0 0 0 -2.59422 100 27 0 0 0 0 0 0 0 0 0 0 0
48700 -122.095 0 0 0 0.91195 100 52 6.67041 100 28 0 0 0 -3.31449 100 26 0 0 0 0 0 0 0 0 0 0 0
48800 -122.824 0 0 0 1.33606 100 51 1.79694 100 34 0 0 0 -3.30718 100 37 0 0 0 0 0 0 0 0 0 0 0
48900 -120.917 0 0 0 0.960189 100 53 4.6142 100 24 0 0 0 -2.96624 100 45 0 0 0 0 0 0 0 0 0 0 0
49000 -122.486 0 0 0 0.998068 100 56 7.1741 100 26 0 0 0 -3.41764 100 30 0 0 0 0 0 0 0 0 0 0 0
49100 -123.755 0 0 0 2.43704 100 52 4.36998 100 30 0 0 0 -3.43424 100 33 0 0 0 0 0 0 0 0 0 0 0
49200 -121.205 0 0 0 1.5151 100 54 3.94933 100 23 0 0 0 -3.3285 100 30 0 0 0 0 0 0 0 0 0 0 0
49300 -120.937 0 0 0 0.481314 100 41 3.7459 100 26 0 0 0 -2.96476 100 31 0 0 0 0 0 0 0 0 0 0 0
49400 -121.138 0 0 0 1.28098 100 60 5.28383 100 20 0 0 0 -3.41169 100 31 0 0 0 0 0 0 0 0 0 0 0
49500 -121.837 0 0 0 0.424779 100 40 5.3751 100 29 0 0 0 -3.15581 100 37 0 0 0 0 0 0 0 0 0 0 0
49600 -121.778 0 0 0 0.705177 100 54 2.11956 100 25 0 0 0 -3.11604 100 26 0 0 0 0 0 0 0 0 0 0 0
49700 -121.732 0 0 0 0.473297 100 47 4.75947 100 38 0 0 0 -2.84916 100 24 0 0 0 0 0 0 0 0 0 0 0
49800 -122.119 0 0 0 -0.00688237 100 56 4.21581 100 25 0 0 0 -2.82667 100 25 0 0 0 0 0 0 0 0 0 0 0
49900 -121.674 0 0 0 0.355609 100 49 2.96484 100 22 0 0 0 -3.08335 100 36 0 0 0 0 0 0 0 0 0 0 0
50000 -121.821 0 0 0 1.14816 100 52 3.96887 100 24 0 0 0 -3.4308 100 32 0 0 0 0 0 0 0 0 0 0 0
50100 -120.795 0 0 0 0.947537 100 58 3.67203 100 28 0 0 0 -3.15024 100 26 0 0 0 0 0 0 0 0 0 0 0
50200 -120.986 0 0 0 1.08215 100 46 4.49074 100 23 0 0 0 -3.29899 100 26 0 0 0 0 0 0 0 0 0 0 0
50300 -121.771 0 0 0 -0.0316008 100 55 1.82776 100 17 0 0 0 -2.73448 100 32 0 0 0 0 0 0 0 0 0 0 0
50400 -122.514 0 0 0 -0.102116 100 50 0.209455 100 25 0 0 0 -2.57281 100 35 0 0 0 0 0 0 0 0 0 0 0
50500 -121.193 0 0 0 1.69396 100 48 4.54493 100 33 0 0 0 -3.22218 100 37 0 0 0 0 0 0 0 0 0 0 0
50600 -122.216 0 0 0 2.15936 100 50 6.78292 100 28 0 0 0 -3.63793 100 31 0 0 0 0 0 0 0 0 0 0 0
50700 -122.373 0 0 0 1.59077 100 57 4.02138 100 31 0 0 0 -3.56764 100 38 0 0 0 0 0 0 0 0 0 0 0
50800 -120.928 0 0 0 0.671174 100 60 4.01293 100 25 0 0 0 -3.11085 100 32 0 0 0 0 0 0 0 0 0 0 0
50900 -123.687 0 0 0 1.93551 100 52 2.9754 100 22 0 0 0 -3.59094 100 36 0 0 0 0 0 0 0 0 0 0 0
51000 -122.081 0 0 0 1.46559 100 49 5.33956 100 24 0 0 0 -2.9875 100 30 0 0 0 0 0 0 0 0 0 0 0
51100 -123.168 0 0 0 -0.0356459 100 47 3.92171 100 29 0 0 0 -3.22413 100 36 0 0 0 0 0 0 0 0 0 0 0
51200 -122.255 0 0 0 1.14676 100 52 7.15424 100 23 0 0 0 -3.42383 100 37 0 0 0 0 0 0 0 0 0 0 0
51300 -121.671 0 0 0 0.140789 100 51 1.20542 100 30 0 0 0 -2.69756 100 31 0 0 0 0 0 0 0 0 0 0 0
51400 -122.528 0 0 0 0.0704483 100 49 1.39182 100 36 0 0 0 -2.93482 100 31 0 0 0 0 0 0 0 0 0 0 0
51500 -125.582 0 0 0 -0.264096 100 44 1.33909 100 19 0 0 0 -3.19116 100 26 0 0 0 0 0 0 0 0 0 0 0
51600 -122.316 0 0 0 0.6734 100 58 2.18015 100 30 0 0 0 -2.469 100 30 0 0 0 0 0 0 0 0 0 0 0
51700 -121.188 0 0 0 0.299804 100 57 1.94829 100 27 0 0 0 -2.71128 100 33 0 0 0 0 0 0 0 0 0 0 0
51800 -121.855 0 0 0 1.59373 100 50 7.03755 100 31 0 0 0 -3.57812 100 25 0 0 0 0 0 0 0 0 0 0 0
51900 -121.029 0 0 0 0.676226 100 50 4.72657 100 26 0 0 0 -3.00893 100 31 0 0 0 0 0 0 0 0 0 0 0
52000 -122.378 0 0 0 0.811855 100 49 2.86399 100 24 0 0 0 -2.5289 100 29 0 0 0 0 0 0 0 0 0 0 0
52100 -122.472 0 0 0 1.58824 100 57 1.71654 100 32 0 0 0 -3.16056 100 29 0 0 0 0 0 0 0 0 0 0 0
52200 -120.857 0 0 0 1.0355 100 52 4.00458 100 30 0 0 0 -3.2193 100 28 0 0 0 0 0 0 0 0 0 0 0
52300 -120.734 0 0 0 1.33776 100 48 4.11278 100 26 0 0 0 -3.09397 100 23 0 0 0 0 0 0 0 0 0 0 0
52400 -123.431 0 0 0 1.56508 100 47 4.11085 100 31 0 0 0 -3.71165 100 34 0 0 0 0 0 0 0 0 0 0 0
52500 -121.419 0 0 0 1.1432 100 51 2.5573 100 31 0 0 0 -3.18035 100 37 0 0 0 0 0 0 0 0 0 0 0
52600 -121.796 0 0 0 0.409992 100 41 1.63966 100 27 0 0 0 -2.96357 100 32 0 0 0 0 0 0 0 0 0 0 0
52700 -120.894 0 0 0 1.07657 100 53 3.0853 100 27 0 0 0 -2.84123 100 30 0 0 0 0 0 0 0 0 0 0 0
52800 -121.545 0 0 0 0.141008 100 58 2.06191 100 34 0 0 0 -2.83358 100 33 0 0 0 0 0 0 0 0 0 0 0
52900 -122.08 0 0 0 1.19811 100 47 3.27383 100 24 0 0 0 -2.69434 100 32 0 0 0 0 0 0 0 0 0 0 0
53000 -121.463 0 0 0 1.71489 100 63 3.62951 100 33 0 0 0 -3.17774 100 31 0 0 0 0 0 0 0 0 0 0 0
53100 -120.736 0 0 0 0.992394 100 48 4.58405 100 28 0 0 0 -3.17933 100 30 0 0 0 0 0 0 0 0 0 0 0
53200 -122.738 0 0 0 1.67386 100 55 8.04369 100 26 0 0 0 -3.65139 100 24 0 0 0 0 0 0 0 0 0 0 0
53300 -121.813 0 0 0 1.07847 100 44 4.38304 100 20 0 0 0 -2.79056 100 38 0 0 0 0 0 0 0 0 0 0 0
53400 -123.597 0 0 0 0.715373 100 54 7.237 100 26 0 0 0 -3.20662 100 27 0 0 0 0 0 0 0 0 0 0 0
53500 -121.377 0 0 0 0.910605 100 46 3.0329 100 25 0 0 0 -3.20958 100 34 0 0 0 0 0 0 0 0 0 0 0
53600 -121.558 0 0 0 0.37181 100 53 0.905876 100 28 0 0 0 -2.68414 100 37 0 0 0 0 0 0 0 0 0 0 0
53700 -121.043 0 0 0 0.574481 100 59 4.21807 100 31 0 0 0 -2.88828 100 28 0 0 0 0 0 0 0 0 0 0 0
53800 -120.719 0 0 0 1.06609 100 46 4.34023 100 24 0 0 0 -2.99884 100 22 0 0 0 0 0 0 0 0 0 0 0
53900 -122.379 0 0 0 0.348052 100 54 2.23437 100 26 0 0 0 -2.4291 100 31 0 0 0 0 0 0 0 0 0 0 0
54000 -120.901 0 0 0 1.27178 100 48 5.42451 100 30 0 0 0 -3.25129 100 29 0 0 0 0 0 0 0 0 0 0 0
54100 -122.376 0 0 0 2.22585 100 47 6.83285 100 27 0 0 0 -3.6407 100 22 0 0 0 0 0 0 0 0 0 0 0
54200 -120.613 0 0 0 1.11212 100 51 4.34333 100 22 0 0 0 -3.09676 100 36 0 0 0 0 0 0 0 0 0 0 0
54300 -121.538 0 0 0 1.04526 100 40 4.19317 100 24 0 0 0 -2.79697 100 35 0 0 0 0 0 0 0 0 0 0 0
54400 -122.84 0 0 0 -0.238707 100 56 1.76691 100 29 0 0 0 -2.38986 100 23 0 0 0 0 0 0 0 0 0 0 0
54500 -123.765 0 0 0 2.19504 100 46 2.81256 100 18 0 0 0 -3.26035 100 29 0 0 0 0 0 0 0 0 0 0 0
54600 -121.011 0 0 0 1.36203 100 47 4.7863 100 26 0 0 0 -3.06227 100 39 0 0 0 0 0 0 0 0 0 0 0
54700 -124.242 0 0 0 1.2242 100 49 1.19622 100 29 0 0 0 -3.39056 100 25 0 0 0 0 0 0 0 0 0 0 0
54800 -123.566 0 0 0 0.282428 100 54 -0.0144718 100 28 0 0 0 -2.24414 100 36 0 0 0 0 0 0 0 0 0 0 0
54900 -120.964 0 0 0 0.443962 100 50 3.49466 100 25 0 0 0 -2.95394 100 36 0 0 0 0 0 0 0 0 0 0 0
55000 -120.774 0 0 0 1.15713 100 43 3.80114 100 25 0 0 0 -2.94329 100 25 0 0 0 0 0 0 0 0 0 0 0
55100 -120.885 0 0 0 1.50909 100 56 4.51807 100 32 0 0 0 -3.25221 100 27 0 0 0 0 0 0 0 0 0 0 0
55200 -122.047 0 0 0 0.18641 100 47 1.04781 100 35 0 0 0 -2.82957 100 34 0 0 0 0 0 0 0 0 0 0 0
55300 -122.932 0 0 0 -0.403648 100 57 1.74985 100 29 0 0 0 -2.42849 100 32 0 0 0 0 0 0 0 0 0 0 0
55400 -121.524 0 0 0 1.59168 100 57 4.54749 100 23 0 0 0 -3.03562 100 27 0 0 0 0 0 0 0 0 0 0 0
55500 -122.743 0 0 0 0.0725276 100 39 1.34505 100 33 0 0 0 -2.96562 100 35 0 0 0 0 0 0 0 0 0 0 0
55600 -121.109 0 0 0 1.19775 100 55 4.40342 100 37 0 0 0 -3.34707 100 28 0 0 0 0 0 0 0 0 0 0 0
55700 -121.676 0 0 0 1.49533 100 52 4.8254 100 25 0 0 0 -2.98936 100 30 0 0 0 0 0 0 0 0 0 0 0
55800 -123.494 0 0 0 0.677845 100 54 0.439831 100 23 0 0 0 -3.10762 100 35 0 0 0 0 0 0 0 0 0 0 0
55900 -121.99 0 0 0 0.817577 100 46 2.2776 100 32 0 0 0 -2.54194 100 31 0 0 0 0 0 0 0 0 0 0 0
56000 -122.07 0 0 0 0.274443 100 53 2.90331 100 27 0 0 0 -2.52393 100 31 0 0 0 0 0 0 0 0 0 0 0
56100 -124.53 0 0 0 1.03802 100 54 5.63003 100 30 0 0 0 -2.72497 100 31 0 0 0 0 0 0 0 0 0 0 0
56200 -122.539 0 0 0 -0.280379 100 51 0.810164 100 38 0 0 0 -2.59043 100 24 0 0 0 0 0 0 0 0 0 0 0
56300 -121.549 0 0 0 0.821836 100 46 5.74442 100 29 0 0 0 -3.3291 100 23 0 0 0 0 0 0 0 0 0 0 0
56400 -121.842 0 0 0 1.56513 100 54 4.99202 100 23 0 0 0 -3.58253 100 37 0 0 0 0 0 0 0 0 0 0 0
56500 -122.469 0 0 0 -0.190197 100 52 0.683818 100 30 0 0 0 -2.63261 100 35 0 0 0 0 0 0 0 0 0 0 0
56600 -121.224 0 0 0 1.21404 100 53 2.35203 100 26 0 0 0 -3.07652 100 32 0 0 0 0 0 0 0 0 0 0 0
56700 -123.253 0 0 0 -0.337879 100 53 0.780173 100 26 0 0 0 -2.3116 100 25 0 0 0 0 0 0 0 0 0 0 0
56800 -121.67 0 0 0 0.227005 100 43 2.03462 100 21 0 0 0 -2.53058 100 30 0 0 0 0 0 0 0 0 0 0 0
56900 -121.16 0 0 0 1.67195 100 51 4.67169 100 24 0 0 0 -3.21361 100 30 0 0 0 0 0 0 0 0 0 0 0
57000 -122.268 0 0 0 1.46637 100 50 5.24641 100 27 0 0 0 -3.65873 100 32 0 0 0 0 0 0 0 0 0 0 0
57100 -124.267 0 0 0 -0.237597 100 52 4.39218 100 35 0 0 0 -3.30554 100 30 0 0 0 0 0 0 0 0 0 0 0
57200 -121.276 0 0 0 1.11189 100 58 5.29436 100 32 0 0 0 -3.02664 100 32 0 0 0 0 0 0 0 0 0 0 0
57300 -121.641 0 0 0 0.9574 100 56 4.27519 100 28 0 0 0 -3.38687 100 33 0 0 0 0 0 0 0 0 0 0 0
57400 -121.173 0 0 0 1.34433 100 52 2.62251 100 29 0 0 0 -3.07191 100 32 0 0 0 0 0 0 0 0 0 0 0
57500 -121.16 0 0 0 0.496807 100 38 3.14637 100 30 0 0 0 -2.69635 100 26 0 0 0 0 0 0 0 0 0 0 0
57600 -121.217 0 0 0 1.42515 100 58 6.04497 100 35 0 0 0 -3.31468 100 37 0 0 0 0 0 0 0 0 0 0 0
57700 -121.801 0 0 0 1.25694 100 50 2.04123 100 28 0 0 0 -3.16711 100 34 0 0 0 0 0 0 0 0 0 0 0
57800 -121.734 0 0 0 1.63591 100 48 6.86557 100 30 0 0 0 -3.56518 100 26 0 0 0 0 0 0 0 0 0 0 0
57900 -121.822 0 0 0 0.794645 100 52 1.54046 100 36 0 0 0 -3.05057 100 29 0 0 0 0 0 0 0 0 0 0 0
58000 -121.203 0 0 0 0.376162 100 40 3.51113 100 30 0 0 0 -2.75624 100 31 0 0 0 0 0 0 0 0 0 0 0
58100 -121.962 0 0 0 -0.0146319 100 51 1.87884 100 27 0 0 0 -2.83542 100 28 0 0 0 0 0 0 0 0 0 0 0
58200 -121.716 0 0 0 0.270077 100 54 4.71111 100 26 0 0 0 -3.06182 100 23 0 0 0 0 0 0 0 0 0 0 0
58300 -120.89 0 0 0 0.933203 100 53 2.53747 100 18 0 0 0 -3.01166 100 37 0 0 0 0 0 0 0 0 0 0 0
58400 -123.55 0 0 0 0.0880548 100 43 1.61275 100 25 0 0 0 -3.1182 100 37 0 0 0 0 0 0 0 0 0 0 0
58500 -122.868 0 0 0 1.29581 100 40 5.13349 100 25 0 0 0 -3.69863 100 31 0 0 0 0 0 0 0 0 0 0 0
58600 -123.859 0 0 0 0.22859 100 59 5.23095 100 38 0 0 0 -3.48988 100 30 0 0 0 0 0 0 0 0 0 0 0
58700 -122.163 0 0 0 1.05817 100 53 5.95315 100 24 0 0 0 -3.0108 100 25 0 0 0 0 0 0 0 0 0 0 0
58800 -121.889 0 0 0 1.83505 100 52 4.87678 100 34 0 0 0 -3.14841 100 37 0 0 0 0 0 0 0 0 0 0 0
58900 -121.45 0 0 0 0.468799 100 39 3.20099 100 25 0 0 0 -3.1064 100 42 0 0 0 0 0 0 0 0 0 0 0
59000 -122.567 0 0 0 1.93019 100 41 5.90681 100 21 0 0 0 -3.19937 100 30 0 0 0 0 0 0 0 0 0 0 0
59100 -121.267 0 0 0 0.422287 100 46 4.18279 100 32 0 0 0 -3.0739 100 35 0 0 0 0 0 0 0 0 0 0 0
59200 -122.504 0 0 0 2.29393 100 57 5.73229 100 26 0 0 0 -3.5951 100 20 0 0 0 0 0 0 0 0 0 0 0
59300 -122.999 0 0 0 1.19506 100 47 0.0306241 100 19 0 0 0 -2.69353 100 34 0 0 0 0 0 0 0 0 0 0 0
59400 -121.749 0 0 0 0.445283 100 54 3.21931 100 24 0 0 0 -3.15674 100 24 0 0 0 0 0 0 0 0 0 0 0
59500 -121.545 0 0 0 1.08775 100 47 2.77731 100 29 0 0 0 -2.70238 100 35 0 0 0 0 0 0 0 0 0 0 0
59600 -120.673 0 0 0 1.03525 100 46 3.76666 100 29 0 0 0 -3.12964 100 30 0 0 0 0 0 0 0 0 0 0 0
59700 -121.099 0 0 0 0.496773 100 48 1.87384 100 29 0 0 0 -2.82981 100 29 0 0 0 0 0 0 0 0 0 0 0
59800 -123.295 0 0 0 0.32198 100 45 1.66063 100 26 0 0 0 -3.16734 100 37 0 0 0 0 0 0 0 0 0 0 0
59900 -120.738 0 0 0 1.33371 100 58 4.63964 100 34 0 0 0 -3.1502 100 27 0 0 0 0 0 0 0 0 0 0 0
60000 -122.11 0 0 0 2.11996 100 58 5.05136 100 29 0 0 0 -3.49561 100 37 0 0 0 0 0 0 0 0 0 0 0
60100 -121.252 0 0 0 0.407415 100 52 4.39734 100 37 0 0 0 -2.97074 100 37 0 0 0 0 0 0 0 0 0 0 0
60200 -122.7 0 0 0 -0.169705 100 59 2.28658 100 30 0 0 0 -2.96003 100 23 0 0 0 0 0 0 0 0 0 0 0
60300 -122.047 0 0 0 0.631827 100 46 0.249185 100 25 0 0 0 -2.76523 100 29 0 0 0 0 0 0 0 0 0 0 0
60400 -121.471 0 0 0 0.809845 100 49 3.44206 100 29 0 0 0 -3.24741 100 27 0 0 0 0 0 0 0 0 0 0 0
60500 -121.506 0 0 0 0.549729 100 53 4.35929 100 26 0 0 0 -2.79672 100 38 0 0 0 0 0 0 0 0 0 0 0
60600 -123.996 0 0 0 -0.109161 100 43 1.73781 100 31 0 0 0 -3.11683 100 37 0 0 0 0 0 0 0 0 0 0 0
60700 -125.786 0 0 0 0.402833 100 55 -3.31918 100 23 0 0 0 -2.4224 100 36 0 0 0 0 0 0 0 0 0 0 0
60800 -120.745 0 0 0 1.35721 100 47 4.40723 100 35 0 0 0 -3.12666 100 34 0 0 0 0 0 0 0 0 0 0 0
60900 -122.538 0 0 0 0.66089 100 46 3.1548 100 23 0 0 0 -2.51172 100 34 0 0 0 0 0 0 0 0 0 0 0
61000 -124.518 0 0 0 2.17413 100 55 4.7703 100 33 0 0 0 -3.93932 100 27 0 0 0 0 0 0 0 0 0 0 0
61100 -121.349 0 0 0 1.37196 100 50 3.21966 100 25 0 0 0 -3.27087 100 35 0 0 0 0 0 0 0 0 0 0 0
61200 -122.126 0 0 0 1.1026 100 50 0.769604 100 33 0 0 0 -2.7066 100 22 0 0 0 0 0 0 0 0 0 0 0
61300 -121.985 0 0 0 2.02859 100 45 4.7688 100 26 0 0 0 -3.49612 100 25 0 0 0 0 0 0 0 0 0 0 0
61400 -124.361 0 0 0 0.516115 100 53 4.01362 100 24 0 0 0 -3.57287 100 34 0 0 0 0 0 0 0 0 0 0 0
61500 -122.247 0 0 0 0.190371 100 52 1.58959 100 29 0 0 0 -2.41343 100 36 0 0 0 0 0 0 0 0 0 0 0
61600 -122.287 0 0 0 0.30638 100 57 4.5174 100 33 0 0 0 -3.26627 100 35 0 0 0 0 0 0 0 0 0 0 0
61700 -121.238 0 0 0 0.612575 100 57 3.02876 100 29 0 0 0 -3.09893 100 33 0 0 0 0 0 0 0 0 0 0 0
61800 -121.425 0 0 0 0.142969 100 54 2.41775 100 27 0 0 0 -2.83506 100 26 0 0 0 0 0 0 0 0 0 0 0
61900 -120.972 0 0 0 0.681628 100 48 4.31029 100 22 0 0 0 -3.13492 100 35 0 0 0 0 0 0 0 0 0 0 0
62000 -123.003 0 0 0 -0.165878 100 49 -0.225824 100 30 0 0 0 -2.38187 100 32 0 0 0 0 0 0 0 0 0 0 0
62100 -121.674 0 0 0 1.59626 100 54 3.63958 100 31 0 0 0 -3.39041 100 31 0 0 0 0 0 0 0 0 0 0 0
62200 -121.089 0 0 0 0.51447 100 60 2.66209 100 20 0 0 0 -2.67484 100 27 0 0 0 0 0 0 0 0 0 0 0
62300 -124.29 0 0 0 -0.889832 100 43 3.38004 100 28 0 0 0 -2.76587 100 34 0 0 0 0 0 0 0 0 0 0 0
62400 -123.412 0 0 0 1.42085 100 42 1.19478 100 22 0 0 0 -2.64354 100 29 0 0 0 0 0 0 0 0 0 0 0
62500 -121.747 0 0 0 1.68839 100 49 6.60036 100 33 0 0 0 -3.6265 100 34 0 0 0 0 0 0 0 0 0 0 0
62600 -121.639 0 0 0 1.36218 100 52 3.23463 100 24 0 0 0 -3.33669 100 34 0 0 0 0 0 0 0 0 0 0 0
62700 -121.862 0 0 0 0.974609 100 61 0.681566 100 23 0 0 0 -2.78819 100 29 0 0 0 0 0 0 0 0 0 0 0
62800 -122.591 0 0 0 0.733748 100 55 0.368916 100 30 0 0 0 -2.96148 100 36 0 0 0 0 0 0 0 0 0 0 0
62900 -122.332 0 0 0 -0.00890865 100 46 2.12557 100 34 0 0 0 -2.44837 100 43 0 0 0 0 0 0 0 0 0 0 0
63000 -122.036 0 0 0 0.0963708 100 60 0.502666 100 34 0 0 0 -2.58174 100 26 0 0 0 0 0 0 0 0 0 0 0
63100 -123.419 0 0 0 2.42917 100 40 4.76118 100 27 0 0 0 -3.49179 100 28 0 0 0 0 0 0 0 0 0 0 0
63200 -123.42 0 0 0 1.7359 100 50 8.16478 100 42 0 0 0 -3.9535 100 21 0 0 0 0 0 0 0 0 0 0 0
63300 -121.583 0 0 0 0.335233 100 50 3.11417 100 29 0 0 0 -2.61954 100 24 0 0 0 0 0 0 0 0 0 0 0
63400 -123.817 0 0 0 1.88435 100 47 8.9372 100 27 0 0 0 -3.9774 100 27 0 0 0 0 0 0 0 0 0 0 0
63500 -121.867 0 0 0 1.47581 100 46 2.51966 100 28 0 0 0 -3.25083 100 38 0 0 0 0 0 0 0 0 0 0 0
63600 -123.614 0 0 0 2.09943 100 57 2.42357 100 32 0 0 0 -3.30024 100 24 0 0 0 0 0 0 0 0 0 0 0
63700 -121.006 0 0 0 0.423495 100 47 3.52176 100 24 0 0 0 -2.82306 100 31 0 0 0 0 0 0 0 0 0 0 0
63800 -121.291 0 0 0 0.962836 100 50 2.73993 100 24 0 0 0 -2.70141 100 27 0 0 0 0 0 0 0 0 0 0 0
63900 -122.259 0 0 0 0.552977 100 46 0.305157 100 28 0 0 0 -2.84182 100 32 0 0 0 0 0 0 0 0 0 0 0
64000 -122.03 0 0 0 0.270225 100 51 0.543752 100 28 0 0 0 -2.74699 100 29 0 0 0 0 0 0 0 0 0 0 0
64100 -123.443 0 0 0 0.0252702 100 47 -1.22121 100 33 0 0 0 -2.48015 100 35 0 0 0 0 0 0 0 0 0 0 0
64200 -120.602 0 0 0 0.998891 100 46 3.46116 100 30 0 0 0 -3.03874 100 26 0 0 0 0 0 0 0 0 0 0 0
64300 -120.94 0 0 0 0.42722 100 61 3.35328 100 27 0 0 0 -2.83771 100 23 0 0 0 0 0 0 0 0 0 0 0
64400 -121.864 0 0 0 1.97575 100 55 6.43468 100 29 0 0 0 -3.47182 100 32 0 0 0 0 0 0 0 0 0 0 0
64500 -123.568 0 0 0 1.7812 100 57 8.40141 100 28 0 0 0 -3.97625 100 26 0 0 0 0 0 0 0 0 0 0 0
64600 -122.029 0 0 0 0.102886 100 49 4.24436 100 25 0 0 0 -2.78398 100 42 0 0 0 0 0 0 0 0 0 0 0
64700 -121.259 0 0 0 1.03165 100 40 4.77193 100 33 0 0 0 -3.36514 100 30 0 0 0 0 0 0 0 0 0 0 0
64800 -122.346 0 0 0 -0.245836 100 50 1.29519 100 27 0 0 0 -2.6719 100 31 0 0 0 0 0 0 0 0 0 0 0
64900 -123.684 0 0 0 -0.601812 100 58 2.86542 100 21 0 0 0 -2.92823 100 40 0 0 0 0 0 0 0 0 0 0 0
65000 -121.798 0 0 0 1.35481 100 50 1.61157 100 32 0 0 0 -2.92201 100 21 0 0 0 0 0 0 0 0 0 0 0
65100 -122.972 0 0 0 0.545121 100 50 -0.573366 100 35 0 0 0 -2.78128 100 32 0 0 0 0 0 0 0 0 0 0 0
65200 -124.487 0 0 0 2.66596 100 43 6.99311 100 20 0 0 0 -4.13128 100 25 0 0 0 0 0 0 0 0 0 0 0
65300 -121.418 0 0 0 0.28758 100 51 3.8057 100 30 0 0 0 -3.03245 100 30 0 0 0 0 0 0 0 0 0 0 0
65400 -123.729 0 0 0 -0.0326335 100 49 6.12927 100 31 0 0 0 -3.17952 100 30 0 0 0 0 0 0 0 0 0 0 0
65500 -122.348 0 0 0 1.9969 100 48 6.05316 100 25 0 0 0 -3.29189 100 31 0 0 0 0 0 0 0 0 0 0 0
65600 -121.678 0 0 0 1.25329 100 47 3.27976 100 28 0 0 0 -3.34458 100 28 0 0 0 0 0 0 0 0 0 0 0
65700 -123.333 0 0 0 1.88262 100 50 2.06169 100 30 0 0 0 -3.33918 100 26 0 0 0 0 0 0 0 0 0 0 0
65800 -121.17 0 0 0 1.42611 100 54 5.63991 100 27 0 0 0 -3.44322 100 28 0 0 0 0 0 0 0 0 0 0 0
65900 -121.191 0 0 0 0.264112 100 46 2.20704 100 23 0 0 0 -2.70151 100 26 0 0 0 0 0 0 0 0 0 0 0
66000 -121.206 0 0 0 1.00537 100 57 2.34096 100 39 0 0 0 -2.73141 100 33 0 0 0 0 0 0 0 0 0 0 0
66100 -121.989 0 0 0 1.74733 100 54 4.60364 100 31 0 0 0 -3.57137 100 28 0 0 0 0 0 0 0 0 0 0 0
66200 -121.339 0 0 0 0.719536 100 51 1.61527 100 29 0 0 0 -2.62957 100 32 0 0 0 0 0 0 0 0 0 0 0
66300 -124.166 0 0 0 1.59631 100 51 0.0610307 100 29 0 0 0 -2.8327 100 40 0 0 0 0 0 0 0 0 0 0 0
66400 -120.856 0 0 0 1.39605 100 50 4.1209 100 29 0 0 0 -3.24495 100 27 0 0 0 0 0 0 0 0 0 0 0
66500 -121.769 0 0 0 1.78613 100 50 4.89288 100 18 0 0 0 -3.55431 100 29 0 0 0 0 0 0 0 0 0 0 0
66600 -121.279 0 0 0 1.11896 100 45 2.08049 100 21 0 0 0 -3.04405 100 34 0 0 0 0 0 0 0 0 0 0 0
66700 -121.355 0 0 0 0.224517 100 41 1.7774 100 21 0 0 0 -2.64366 100 28 0 0 0 0 0 0 0 0 0 0 0
66800 -120.67 0 0 0 1.11922 100 43 3.29603 100 26 0 0 0 -2.96818 100 34 0 0 0 0 0 0 0 0 0 0 0
66900 -121.952 0 0 0 1.85603 100 46 6.98992 100 34 0 0 0 -3.50987 100 32 0 0 0 0 0 0 0 0 0 0 0
67000 -121.625 0 0 0 1.78384 100 52 6.56416 100 40 0 0 0 -3.55108 100 29 0 0 0 0 0 0 0 0 0 0 0
67100 -122.222 0 0 0 1.96358 100 43 4.83292 100 23 0 0 0 -3.18246 100 36 0 0 0 0 0 0 0 0 0 0 0
67200 -120.791 0 0 0 0.918324 100 56 4.56391 100 28 0 0 0 -3.00423 100 33 0 0 0 0 0 0 0 0 0 0 0
67300 -121.004 0 0 0 1.03056 100 42 2.54506 100 19 0 0 0 -2.79267 100 25 0 0 0 0 0 0 0 0 0 0 0
67400 -121.71 0 0 0 1.46837 100 50 2.59819 100 34 0 0 0 -3.22857 100 35 0 0 0 0 0 0 0 0 0 0 0
67500 -122.133 0 0 0 2.08121 100 59 4.86999 100 28 0 0 0 -3.53358 100 33 0 0 0 0 0 0 0 0 0 0 0
67600 -121.059 0 0 0 0.962524 100 37 3.29702 100 30 0 0 0 -3.18479 100 26 0 0 0 0 0 0 0 0 0 0 0
67700 -122.229 0 0 0 1.44991 100 48 2.64929 100 25 0 0 0 -3.35183 100 27 0 0 0 0 0 0 0 0 0 0 0
67800 -120.851 0 0 0 0.728127 100 51 3.29157 100 29 0 0 0 -2.7869 100 28 0 0 0 0 0 0 0 0 0 0 0
67900 -122.128 0 0 0 0.923307 100 59 0.616879 100 31 0 0 0 -2.6086 100 25 0 0 0 0 0 0 0 0 0 0 0
68000 -125.448 0 0 0 0.0111057 100 48 4.88666 100 25 0 0 0 -2.5151 100 31 0 0 0 0 0 0 0 0 0 0 0
68100 -120.945 0 0 0 0.658066 100 47 3.16662 100 25 0 0 0 -3.05351 100 36 0 0 0 0 0 0 0 0 0 0 0
68200 -121.415 0 0 0 0.364472 100 60 1.83783 100 45 0 0 0 -2.88405 100 34 0 0 0 0 0 0 0 0 0 0 0
68300 -121.302 0 0 0 1.28774 100 41 6.0812 100 29 0 0 0 -3.42324 100 35 0 0 0 0 0 0 0 0 0 0 0
68400 -122.669 0 0 0 1.8033 100 47 3.09509 100 39 0 0 0 -3.46388 100 28 0 0 0 0 0 0 0 0 0 0 0
68500 -122.41 0 0 0 2.13258 100 48 6.15541 100 22 0 0 0 -3.39365 100 27 0 0 0 0 0 0 0 0 0 0 0
68600 -122.547 0 0 0 1.84279 100 43 2.91342 100 27 0 0 0 -3.38274 100 25 0 0 0 0 0 0 0 0 0 0 0
68700 -121.324 0 0 0 0.898544 100 47 4.88943 100 34 0 0 0 -2.91881 100 33 0 0 0 0 0 0 0 0 0 0 0
68800 -121.363 0 0 0 0.80262 100 55 3.6146 100 35 0 0 0 -2.71688 100 37 0 0 0 0 0 0 0 0 0 0 0
68900 -120.845 0 0 0 1.07859 100 41 4.38372 100 31 0 0 0 -3.25066 100 25 0 0 0 0 0 0 0 0 0 0 0
69000 -121.386 0 0 0 0.424039 100 56 1.22154 100 27 0 0 0 -2.63184 100 36 0 0 0 0 0 0 0 0 0 0 0
69100 -120.967 0 0 0 0.738331 100 49 4.48332 100 30 0 0 0 -2.93607 100 30 0 0 0 0 0 0 0 0 0 0 0
69200 -122.824 0 0 0 -0.348605 100 53 1.29454 100 28 0 0 0 -2.41055 100 27 0 0 0 0 0 0 0 0 0 0 0
69300 -122.207 0 0 0 0.255173 100 53 1.74376 100 32 0 0 0 -3.00039 100 39 0 0 0 0 0 0 0 0 0 0 0
69400 -123.569 0 0 0 -0.427915 100 51 0.808519 100 21 0 0 0 -2.79533 100 31 0 0 0 0 0 0 0 0 0 0 0
69500 -121.472 0 0 0 0.907454 100 49 2.19454 100 30 0 0 0 -3.10914 100 22 0 0 0 0 0 0 0 0 0 0 0
69600 -120.801 0 0 0 1.09972 100 40 2.71837 100 31 0 0 0 -2.97868 100 26 0 0 0 0 0 0 0 0 0 0 0
69700 -122.619 0 0 0 0.792376 100 61 4.22177 100 28 0 0 0 -3.47698 100 25 0 0 0 0 0 0 0 0 0 0 0
69800 -122.043 0 0 0 0.584698 100 50 0.737723 100 27 0 0 0 -2.89899 100 25 0 0 0 0 0 0 0 0 0 0 0
69900 -121.86 0 0 0 0.443468 100 50 0.492238 100 25 0 0 0 -2.73291 100 35 0 0 0 0 0 0 0 0 0 0 0
70000 -120.639 0 0 0 1.10206 100 54 3.39756 100 34 0 0 0 -2.97724 100 38 0 0 0 0 0 0 0 0 0 0 0
70100 -121.648 0 0 0 1.87743 100 48 4.49355 100 21 0 0 0 -3.42042 100 27 0 0 0 0 0 0 0 0 0 0 0
70200 -121.535 0 0 0 1.6259 100 53 4.55238 100 28 0 0 0 -3.0541 100 34 0 0 0 0 0 0 0 0 0 0 0
70300 -120.695 0 0 0 1.00586 100 45 3.66126 100 23 0 0 0 -2.91073 100 24 0 0 0 0 0 0 0 0 0 0 0
70400 -120.827 0 0 0 0.963207 100 49 2.85848 100 13 0 0 0 -3.05322 100 34 0 0 0 0 0 0 0 0 0 0 0
70500 -120.664 0 0 0 1.09578 100 45 4.44319 100 34 0 0 0 -3.0553 100 33 0 0 0 0 0 0 0 0 0 0 0
70600 -120.741 0 0 0 1.29075 100 47 4.07008 100 26 0 0 0 -3.20028 100 37 0 0 0 0 0 0 0 0 0 0 0
70700 -121.642 0 0 0 1.46322 100 44 3.90576 100 18 0 0 0 -2.90241 100 24 0 0 0 0 0 0 0 0 0 0 0
70800 -127.335 0 0 0 0.35399 100 45 -2.02763 100 29 0 0 0 -1.99034 100 28 0 0 0 0 0 0 0 0 0 0 0
70900 -121.305 0 0 0 1.1676 100 53 1.82591 100 29 0 0 0 -2.91474 100 38 0 0 0 0 0 0 0 0 0 0 0
71000 -121.741 0 0 0 -0.0505838 100 39 2.46708 100 27 0 0 0 -2.64856 100 21 0 0 0 0 0 0 0 0 0 0 0
71100 -121.508 0 0 0 1.74442 100 53 4.09756 100 31 0 0 0 -3.1411 100 28 0 0 0 0 0 0 0 0 0 0 0
71200 -121.884 0 0 0 0.770922 100 47 3.09915 100 30 0 0 0 -3.26946 100 36 0 0 0 0 0 0 0 0 0 0 0
71300 -121.572 0 0 0 1.39175 100 43 6.49969 100 27 0 0 0 -3.51317 100 26 0 0 0 0 0 0 0 0 0 0 0
71400 -122.783 0 0 0 -0.00994822 100 44 0.796456 100 37 0 0 0 -2.85572 100 32 0 0 0 0 0 0 0 0 0 0 0
71500 -121.898 0 0 0 -0.0402027 100 48 3.30036 100 33 0 0 0 -2.69519 100 25 0 0 0 0 0 0 0 0 0 0 0
71600 -120.809 0 0 0 1.03601 100 52 4.94429 100 26 0 0 0 -3.2123 100 27 0 0 0 0 0 0 0 0 0 0 0
71700 -127.588 0 0 0 -0.792703 100 51 -1.20308 100 23 0 0 0 -2.88108 100 30 0 0 0 0 0 0 0 0 0 0 0
71800 -122.905 0 0 0 1.59043 100 53 4.13131 100 20 0 0 0 -3.65307 100 29 0 0 0 0 0 0 0 0 0 0 0
71900 -123.093 0 0 0 1.03018 100 50 0.875885 100 27 0 0 0 -2.4807 100 24 0 0 0 0 0 0 0 0 0 0 0
72000 -122.731 0 0 0 1.17739 100 54 3.0189 100 32 0 0 0 -3.45503 100 33 0 0 0 0 0 0 0 0 0 0 0
72100 -121.901 0 0 0 0.96734 100 56 4.35423 100 25 0 0 0 -2.75534 100 35 0 0 0 0 0 0 0 0 0 0 0
72200 -120.647 0 0 0 0.977326 100 49 4.24256 100 25 0 0 0 -3.0102 100 25 0 0 0 0 0 0 0 0 0 0 0
72300 -121.018 0 0 0 0.425177 100 42 2.21318 100 33 0 0 0 -2.72063 100 30 0 0 0 0 0 0 0 0 0 0 0
72400 -120.747 0 0 0 0.756405 100 49 2.53645 100 30 0 0 0 -2.88953 100 34 0 0 0 0 0 0 0 0 0 0 0
72500 -120.998 0 0 0 1.33028 100 49 5.60245 100 23 0 0 0 -3.33968 100 24 0 0 0 0 0 0 0 0 0 0 0
72600 -120.927 0 0 0 0.81518 100 51 3.49231 100 26 0 0 0 -3.13582 100 38 0 0 0 0 0 0 0 0 0 0 0
72700 -123.658 0 0 0 1.24892 100 53 0.224332 100 34 0 0 0 -2.56673 100 36 0 0 0 0 0 0 0 0 0 0 0
72800 -122.533 0 0 0 -0.238938 100 52 3.11319 100 33 0 0 0 -2.59236 100 32 0 0 0 0 0 0 0 0 0 0 0
72900 -122.275 0 0 0 1.22156 100 52 4.35787 100 34 0 0 0 -3.54525 100 32 0 0 0 0 0 0 0 0 0 0 0
73000 -121.044 0 0 0 0.642609 100 42 4.14279 100 29 0 0 0 -3.13914 100 29 0 0 0 0 0 0 0 0 0 0 0
73100 -121.541 0 0 0 1.0482 100 41 3.71073 100 21 0 0 0 -3.34159 100 25 0 0 0 0 0 0 0 0 0 0 0
73200 -120.865 0 0 0 1.05318 100 40 3.2494 100 31 0 0 0 -2.84474 100 26 0 0 0 0 0 0 0 0 0 0 0
73300 -121.5 0 0 0 1.88103 100 54 5.27783 100 30 0 0 0 -3.46288 100 31 0 0 0 0 0 0 0 0 0 0 0
73400 -121.421 0 0 0 0.230042 100 60 3.91485 100 24 0 0 0 -2.96735 100 31 0 0 0 0 0 0 0 0 0 0 0
73500 -121.369 0 0 0 1.51023 100 56 5.99615 100 27 0 0 0 -3.51234 100 34 0 0 0 0 0 0 0 0 0 0 0
73600 -121.707 0 0 0 1.44873 100 46 6.84625 100 32 0 0 0 -3.46428 100 35 0 0 0 0 0 0 0 0 0 0 0
73700 -120.941 0 0 0 0.447722 100 51 2.44776 100 23 0 0 0 -2.75581 100 32 0 0 0 0 0 0 0 0 0 0 0
73800 -124.882 0 0 0 0.553404 100 48 -2.00852 100 28 0 0 0 -2.79788 100 36 0 0 0 0 0 0 0 0 0 0 0
73900 -123.862 0 0 0 1.3394 100 61 -0.415402 100 26 0 0 0 -2.71966 100 24 0 0 0 0 0 0 0 0 0 0 0
74000 -120.924 0 0 0 0.610126 100 49 3.383 100 33 0 0 0 -3.04544 100 28 0 0 0 0 0 0 0 0 0 0 0
74100 -121.538 0 0 0 1.4426 100 47 2.30234 100 29 0 0 0 -3.07708 100 34 0 0 0 0 0 0 0 0 0 0 0
74200 -121.767 0 0 0 1.69693 100 50 2.91189 100 29 0 0 0 -3.15268 100 34 0 0 0 0 0 0 0 0 0 0 0
74300 -121.293 0 0 0 0.570785 100 42 4.933 100 16 0 0 0 -3.13587 100 36 0 0 0 0 0 0 0 0 0 0 0
74400 -124.847 0 0 0 0.640273 100 53 8.23361 100 26 0 0 0 -3.47461 100 31 0 0 0 0 0 0 0 0 0 0 0
74500 -121.607 0 0 0 1.22547 100 47 1.51299 100 32 0 0 0 -2.89279 100 27 0 0 0 0 0 0 0 0 0 0 0
74600 -121.749 0 0 0 1.39571 100 36 1.79 100 36 0 0 0 -2.96477 100 33 0 0 0 0 0 0 0 0 0 0 0
74700 -121.427 0 0 0 0.900924 100 54 3.19934 100 36 0 0 0 -2.68726 100 42 0 0 0 0 0 0 0 0 0 0 0
74800 -121.806 0 0 0 0.901192 100 51 5.29348 100 37 0 0 0 -2.9154 100 26 0 0 0 0 0 0 0 0 0 0 0
74900 -121.521 0 0 0 0.318369 100 45 1.33455 100 24 0 0 0 -2.56498 100 33 0 0 0 0 0 0 0 0 0 0 0
75000 -122.391 0 0 0 -0.322857 100 53 1.60433 100 29 0 0 0 -2.56425 100 29 0 0 0 0 0 0 0 0 0 0 0
75100 -120.866 0 0 0 0.515162 100 55 2.9277 100 24 0 0 0 -2.91865 100 30 0 0 0 0 0 0 0 0 0 0 0
75200 -122.34 0 0 0 0.118811 100 56 0.825834 100 33 0 0 0 -2.8269 100 30 0 0 0 0 0 0 0 0 0 0 0
75300 -122.003 0 0 0 1.77061 100 51 4.093 100 25 0 0 0 -3.04239 100 35 0 0 0 0 0 0 0 0 0 0 0
75400 -121.791 0 0 0 0.26022 100 56 4.84027 100 27 0 0 0 -2.99273 100 29 0 0 0 0 0 0 0 0 0 0 0
75500 -125.251 0 0 0 2.8674 100 47 6.57718 100 25 0 0 0 -4.14821 100 32 0 0 0 0 0 0 0 0 0 0 0
75600 -121.083 0 0 0 0.341962 100 61 2.49245 100 30 0 0 0 -2.8444 100 24 0 0 0 0 0 0 0 0 0 0 0
75700 -123.353 0 0 0 2.17407 100 54 3.15857 100 34 0 0 0 -3.28798 100 29 0 0 0 0 0 0 0 0 0 0 0
75800 -120.747 0 0 0 1.17047 100 51 4.3946 100 37 0 0 0 -3.23119 100 26 0 0 0 0 0 0 0 0 0 0 0
75900 -121.526 0 0 0 0.701983 100 45 2.17151 100 29 0 0 0 -3.07582 100 38 0 0 0 0 0 0 0 0 0 0 0
76000 -122.8 0 0 0 0.710647 100 50 0.65781 100 30 0 0 0 -3.05053 100 38 0 0 0 0 0 0 0 0 0 0 0
76100 -123.77 0 0 0 0.44034 100 41 -0.057905 100 25 0 0 0 -3.01191 100 34 0 0 0 0 0 0 0 0 0 0 0
76200 -124.957 0 0 0 -1.03309 100 52 3.24602 100 33 0 0 0 -2.86171 100 39 0 0 0 0 0 0 0 0 0 0 0
76300 -123.485 0 0 0 1.15571 100 53 4.26789 100 36 0 0 0 -3.66743 100 27 0 0 0 0 0 0 0 0 0 0 0
76400 -121.244 0 0 0 0.351995 100 65 1.84839 100 27 0 0 0 -2.81261 100 29 0 0 0 0 0 0 0 0 0 0 0
76500 -122.594 0 0 0 1.74177 100 52 5.66461 100 23 0 0 0 -3.77126 100 46 0 0 0 0 0 0 0 0 0 0 0
76600 -122.528 0 0 0 1.55413 100 43 6.00293 100 29 0 0 0 -3.75887 100 32 0 0 0 0 0 0 0 0 0 0 0
76700 -122.923 0 0 0 1.66518 100 48 6.16042 100 27 0 0 0 -3.84161 100 35 0 0 0 0 0 0 0 0 0 0 0
76800 -120.795 0 0 0 0.694867 100 49 2.99558 100 25 0 0 0 -2.99321 100 40 0 0 0 0 0 0 0 0 0 0 0
76900 -121.188 0 0 0 1.15989 100 47 4.95876 100 34 0 0 0 -2.98795 100 27 0 0 0 0 0 0 0 0 0 0 0
77000 -123.296 0 0 0 2.54303 100 57 6.33413 100 30 0 0 0 -3.6834 100 32 0 0 0 0 0 0 0 0 0 0 0
77100 -121.078 0 0 0 0.585307 100 42 4.44894 100 33 0 0 0 -2.93246 100 29 0 0 0 0 0 0 0 0 0 0 0
77200 -122.873 0 0 0 2.26476 100 55 7.58187 100 24 0 0 0 -3.89073 100 30 0 0 0 0 0 0 0 0 0 0 0
77300 -122.278 0 0 0 0.655482 100 51 2.43716 100 35 0 0 0 -3.22209 100 33 0 0 0 0 0 0 0 0 0 0 0
77400 -120.591 0 0 0 1.08127 100 47 3.62156 100 28 0 0 0 -3.01355 100 32 0 0 0 0 0 0 0 0 0 0 0
77500 -121.182 0 0 0 0.584854 100 57 4.61039 100 22 0 0 0 -2.93502 100 27 0 0 0 0 0 0 0 0 0 0 0
77600 -120.892 0 0 0 0.444336 100 48 2.86694 100 22 0 0 0 -2.85055 100 27 0 0 0 0 0 0 0 0 0 0 0
77700 -120.853 0 0 0 1.05233 100 58 2.4787 100 28 0 0 0 -2.9484 100 33 0 0 0 0 0 0 0 0 0 0 0
77800 -122.356 0 0 0 0.586065 100 47 6.30244 100 24 0 0 0 -3.19094 100 29 0 0 0 0 0 0 0 0 0 0 0
77900 -121.173 0 0 0 1.48079 100 54 5.08606 100 20 0 0 0 -3.1141 100 31 0 0 0 0 0 0 0 0 0 0 0
78000 -121.939 0 0 0 1.43991 100 53 2.09489 100 33 0 0 0 -3.17982 100 31 0 0 0 0 0 0 0 0 0 0 0
78100 -120.835 0 0 0 0.976294 100 44 3.99712 100 25 0 0 0 -3.19775 100 31 0 0 0 0 0 0 0 0 0 0 0
78200 -122.371 0 0 0 -0.253637 100 49 3.50248 100 26 0 0 0 -2.76444 100 34 0 0 0 0 0 0 0 0 0 0 0
78300 -121.995 0 0 0 0.334434 100 54 5.27217 100 30 0 0 0 -3.16392 100 29 0 0 0 0 0 0 0 0 0 0 0
78400 -123.018 0 0 0 -0.00787377 100 49 -0.367561 100 25 0 0 0 -2.66397 100 25 0 0 0 0 0 0 0 0 0 0 0
78500 -122.377 0 0 0 1.79919 100 52 7.00017 100 31 0 0 0 -3.36058 100 31 0 0 0 0 0 0 0 0 0 0 0
78600 -121.75 0 0 0 0.418199 100 55 2.62469 100 39 0 0 0 -3.08792 100 32 0 0 0 0 0 0 0 0 0 0 0
78700 -121.561 0 0 0 1.6632 100 57 6.24305 100 29 0 0 0 -3.57959 100 34 0 0 0 0 0 0 0 0 0 0 0
78800 -121.934 0 0 0 -0.139593 100 52 2.63498 100 24 0 0 0 -2.65725 100 31 0 0 0 0 0 0 0 0 0 0 0
78900 -121.824 0 0 0 0.335951 100 45 0.999214 100 26 0 0 0 -2.82463 100 32 0 0 0 0 0 0 0 0 0 0 0
79000 -122.302 0 0 0 0.880485 100 50 4.16419 100 32 0 0 0 -3.45554 100 34 0 0 0 0 0 0 0 0 0 0 0
79100 -122.789 0 0 0 0.827487 100 58 5.86342 100 31 0 0 0 -3.59459 100 32 0 0 0 0 0 0 0 0 0 0 0
79200 -121.34 0 0 0 1.20203 100 49 3.01129 100 24 0 0 0 -2.79084 100 34 0 0 0 0 0 0 0 0 0 0 0
79300 -121.395 0 0 0 0.524519 100 50 1.86753 100 26 0 0 0 -2.57802 100 26 0 0 0 0 0 0 0 0 0 0 0
79400 -121.891 0 0 0 1.98595 100 50 5.48182 100 24 0 0 0 -3.59787 100 34 0 0 0 0 0 0 0 0 0 0 0
79500 -121.811 0 0 0 2.01101 100 46 4.94415 100 26 0 0 0 -3.41185 100 31 0 0 0 0 0 0 0 0 0 0 0
79600 -122.475 0 0 0 0.789975 100 52 0.734922 100 31 0 0 0 -2.47283 100 24 0 0 0 0 0 0 0 0 0 0 0
79700 -121.223 0 0 0 1.67226 100 52 4.60287 100 28 0 0 0 -3.17842 100 25 0 0 0 0 0 0 0 0 0 0 0
79800 -121.402 0 0 0 0.393656 100 50 4.3353 100 27 0 0 0 -2.859 100 31 0 0 0 0 0 0 0 0 0 0 0
79900 -122.295 0 0 0 1.03136 100 53 2.07738 100 26 0 0 0 -2.56481 100 26 0 0 0 0 0 0 0 0 0 0 0
80000 -125.256 0 0 0 0.598744 100 46 2.66379 100 31 0 0 0 -3.55293 100 34 0 0 0 0 0 0 0 0 0 0 0
80100 -121.16 0 0 0 1.30646 100 49 3.12578 100 33 0 0 0 -2.88737 100 30 0 0 0 0 0 0 0 0 0 0 0
80200 -121.76 0 0 0 0.0738368 100 52 2.74051 100 28 0 0 0 -2.59647 100 31 0 0 0 0 0 0 0 0 0 0 0
80300 -121.035 0 0 0 0.486057 100 49 1.95875 100 31 0 0 0 -2.71334 100 33 0 0 0 0 0 0 0 0 0 0 0
80400 -121.025 0 0 0 1.46023 100 40 3.79581 100 31 0 0 0 -3.25167 100 25 0 0 0 0 0 0 0 0 0 0 0
80500 -123.352 0 0 0 1.14474 100 50 2.08352 100 33 0 0 0 -3.40577 100 36 0 0 0 0 0 0 0 0 0 0 0
80600 -123.383 0 0 0 -0.33938 100 55 3.80612 100 26 0 0 0 -2.59466 100 27 0 0 0 0 0 0 0 0 0 0 0
80700 -120.713 0 0 0 0.975492 100 43 2.73554 100 29 0 0 0 -2.9183 100 33 0 0 0 0 0 0 0 0 0 0 0
80800 -121.658 0 0 0 1.59767 100 59 4.37232 100 34 0 0 0 -3.48698 100 30 0 0 0 0 0 0 0 0 0 0 0
80900 -121.735 0 0 0 1.09297 100 53 2.00579 100 26 0 0 0 -3.1487 100 33 0 0 0 0 0 0 0 0 0 0 0
81000 -122.458 0 0 0 0.0204333 100 61 4.31674 100 28 0 0 0 -3.13258 100 38 0 0 0 0 0 0 0 0 0 0 0
81100 -122.238 0 0 0 0.388701 100 52 2.43172 100 26 0 0 0 -2.46089 100 23 0 0 0 0 0 0 0 0 0 0 0
81200 -122.371 0 0 0 1.17094 100 44 2.50005 100 30 0 0 0 -3.33943 100 35 0 0 0 0 0 0 0 0 0 0 0
81300 -122.583 0 0 0 0.546287 100 46 0.522974 100 38 0 0 0 -2.95683 100 27 0 0 0 0 0 0 0 0 0 0 0
81400 -121.95 0 0 0 -0.100433 100 63 1.7407 100 19 0 0 0 -2.55782 100 31 0 0 0 0 0 0 0 0 0 0 0
81500 -120.976 0 0 0 1.51946 100 53 4.76683 100 22 0 0 0 -3.16194 100 33 0 0 0 0 0 0 0 0 0 0 0
81600 -122.225 0 0 0 1.0231 100 50 0.426681 100 27 0 0 0 -2.86682 100 32 0 0 0 0 0 0 0 0 0 0 0
81700 -121.581 0 0 0 0.306666 100 52 2.4698 100 23 0 0 0 -2.99043 100 37 0 0 0 0 0 0 0 0 0 0 0
81800 -121.516 0 0 0 1.66535 100 45 3.22209 100 40 0 0 0 -3.17306 100 31 0 0 0 0 0 0 0 0 0 0 0
81900 -121.949 0 0 0 0.611986 100 50 0.613643 100 37 0 0 0 -2.52938 100 38 0 0 0 0 0 0 0 0 0 0 0
82000 -123.355 0 0 0 0.273024 100 52 -1.01103 100 29 0 0 0 -2.68463 100 30 0 0 0 0 0 0 0 0 0 0 0
82100 -122.883 0 0 0 1.11083 100 51 1.24922 100 37 0 0 0 -3.21426 100 40 0 0 0 0 0 0 0 0 0 0 0
82200 -121.046 0 0 0 1.1904 100 56 2.67166 100 32 0 0 0 -3.09294 100 27 0 0 0 0 0 0 0 0 0 0 0
82300 -120.932 0 0 0 1.1713 100 52 2.54617 100 32 0 0 0 -2.95806 100 24 0 0 0 0 0 0 0 0 0 0 0
82400 -121.439 0 0 0 1.15533 100 52 1.99053 100 34 0 0 0 -3.06997 100 28 0 0 0 0 0 0 0 0 0 0 0
82500 -120.633 0 0 0 1.09725 100 51 4.46747 100 32 0 0 0 -3.1311 100 37 0 0 0 0 0 0 0 0 0 0 0
82600 -120.964 0 0 0 0.450477 100 59 2.35877 100 27 0 0 0 -2.73805 100 25 0 0 0 0 0 0 0 0 0 0 0
82700 -121.721 0 0 0 1.30855 100 52 2.88849 100 29 0 0 0 -3.29984 100 30 0 0 0 0 0 0 0 0 0 0 0
82800 -121.188 0 0 0 0.691811 100 51 3.95155 100 33 0 0 0 -3.1935 100 34 0 0 0 0 0 0 0 0 0 0 0
82900 -122.314 0 0 0 0.357682 100 53 4.85984 100 27 0 0 0 -2.78827 100 24 0 0 0 0 0 0 0 0 0 0 0
83000 -123.385 0 0 0 0.662792 100 47 -0.107564 100 32 0 0 0 -2.99217 100 28 0 0 0 0 0 0 0 0 0 0 0
83100 -121.874 0 0 0 -0.0562265 100 51 1.76469 100 25 0 0 0 -2.75067 100 29 0 0 0 0 0 0 0 0 0 0 0
83200 -122.073 0 0 0 1.58217 100 55 2.09933 100 31 0 0 0 -3.14479 100 36 0 0 0 0 0 0 0 0 0 0 0
83300 -122.59 0 0 0 -0.000830029 100 56 2.82657 100 24 0 0 0 -2.47382 100 24 0 0 0 0 0 0 0 0 0 0 0
83400 -121.798 0 0 0 1.05845 100 46 1.37132 100 34 0 0 0 -2.67439 100 27 0 0 0 0 0 0 0 0 0 0 0
83500 -123.015 0 0 0 1.86608 100 61 3.77279 100 29 0 0 0 -2.95627 100 27 0 0 0 0 0 0 0 0 0 0 0
83600 -121.59 0 0 0 0.973763 100 54 3.71913 100 32 0 0 0 -2.72385 100 31 0 0 0 0 0 0 0 0 0 0 0
83700 -120.931 0 0 0 1.24493 100 47 2.84093 100 35 0 0 0 -3.05846 100 35 0 0 0 0 0 0 0 0 0 0 0
83800 -122.079 0 0 0 1.1383 100 57 1.66575 100 26 0 0 0 -2.64399 100 33 0 0 0 0 0 0 0 0 0 0 0
83900 -121.194 0 0 0 0.385287 100 45 3.16118 100 27 0 0 0 -2.70707 100 30 0 0 0 0 0 0 0 0 0 0 0
84000 -123.667 0 0 0 0.286561 100 51 5.27274 100 36 0 0 0 -2.71633 100 20 0 0 0 0 0 0 0 0 0 0 0
84100 -120.848 0 0 0 1.34971 100 52 3.64905 100 26 0 0 0 -3.1754 100 27 0 0 0 0 0 0 0 0 0 0 0
84200 -124.853 0 0 0 2.78019 100 47 8.17998 100 21 0 0 0 -4.26563 100 29 0 0 0 0 0 0 0 0 0 0 0
84300 -121.278 0 0 0 1.16536 100 53 4.90419 100 28 0 0 0 -2.96189 100 30 0 0 0 0 0 0 0 0 0 0 0
84400 -121.812 0 0 0 1.36012 100 46 4.69479 100 23 0 0 0 -2.90457 100 18 0 0 0 0 0 0 0 0 0 0 0
84500 -121.349 0 0 0 0.293586 100 53 3.3648 100 23 0 0 0 -2.71498 100 42 0 0 0 0 0 0 0 0 0 0 0
84600 -122.816 0 0 0 -0.120643 100 59 1.61293 100 27 0 0 0 -2.92918 100 35 0 0 0 0 0 0 0 0 0 0 0
84700 -122.041 0 0 0 0.298675 100 47 1.61054 100 26 0 0 0 -2.96785 100 34 0 0 0 0 0 0 0 0 0 0 0
84800 -122.573 0 0 0 1.84626 100 52 7.9157 100 26 0 0 0 -3.68714 100 25 0 0 0 0 0 0 0 0 0 0 0
84900 -120.786 0 0 0 0.636089 100 54 3.56169 100 32 0 0 0 -2.85324 100 30 0 0 0 0 0 0 0 0 0 0 0
85000 -122.65 0 0 0 1.33319 100 57 0.676372 100 28 0 0 0 -2.99482 100 37 0 0 0 0 0 0 0 0 0 0 0
85100 -122.183 0 0 0 1.54927 100 49 1.96085 100 26 0 0 0 -2.91134 100 30 0 0 0 0 0 0 0 0 0 0 0
85200 -124.35 0 0 0 0.0914601 100 52 6.33188 100 37 0 0 0 -3.4821 100 33 0 0 0 0 0 0 0 0 0 0 0
85300 -121.066 0 0 0 1.45689 100 52 3.368 100 27 0 0 0 -3.04159 100 28 0 0 0 0 0 0 0 0 0 0 0
85400 -121.188 0 0 0 0.623107 100 46 1.64414 100 30 0 0 0 -2.86335 100 40 0 0 0 0 0 0 0 0 0 0 0
85500 -122.88 0 0 0 2.11207 100 54 3.58759 100 32 0 0 0 -3.24079 100 33 0 0 0 0 0 0 0 0 0 0 0
85600 -122.128 0 0 0 0.537953 100 52 5.05749 100 39 0 0 0 -2.83324 100 33 0 0 0 0 0 0 0 0 0 0 0
85700 -121.446 0 0 0 1.57724 100 43 5.29959 100 22 0 0 0 -3.12612 100 33 0 0 0 0 0 0 0 0 0 0 0
85800 -121.336 0 0 0 1.68406 100 46 4.52977 100 28 0 0 0 -3.41086 100 26 0 0 0 0 0 0 0 0 0 0 0
85900 -121.103 0 0 0 1.58987 100 52 5.34416 100 18 0 0 0 -3.24631 100 30 0 0 0 0 0 0 0 0 0 0 0
86000 -121.99 0 0 0 0.0537424 100 53 2.51154 100 28 0 0 0 -2.52841 100 30 0 0 0 0 0 0 0 0 0 0 0
86100 -122.083 0 0 0 1.68947 100 55 5.36007 100 30 0 0 0 -3.66263 100 22 0 0 0 0 0 0 0 0 0 0 0
86200 -120.975 0 0 0 1.16844 100 51 5.25152 100 25 0 0 0 -3.11007 100 36 0 0 0 0 0 0 0 0 0 0 0
86300 -120.733 0 0 0 0.885756 100 45 2.74541 100 32 0 0 0 -2.84064 100 32 0 0 0 0 0 0 0 0 0 0 0
86400 -122.637 0 0 0 0.432398 100 49 0.647218 100 30 0 0 0 -2.96054 100 38 0 0 0 0 0 0 0 0 0 0 0
86500 -120.953 0 0 0 1.0122 100 61 2.33628 100 36 0 0 0 -2.81963 100 37 0 0 0 0 0 0 0 0 0 0 0
86600 -122.047 0 0 0 0.907393 100 45 1.9457 100 28 0 0 0 -3.17529 100 31 0 0 0 0 0 0 0 0 0 0 0
86700 -124.591 0 0 0 2.6774 100 47 4.72706 100 34 0 0 0 -3.65952 100 34 0 0 0 0 0 0 0 0 0 0 0
86800 -122.56 0 0 0 0.186856 100 45 0.0292594 100 30 0 0 0 -2.73513 100 33 0 0 0 0 0 0 0 0 0 0 0
86900 -122.037 0 0 0 1.80133 100 55 7.17061 100 34 0 0 0 -3.67237 100 31 0 0 0 0 0 0 0 0 0 0 0
87000 -121.275 0 0 0 1.05383 100 62 5.91283 100 31 0 0 0 -3.30594 100 33 0 0 0 0 0 0 0 0 0 0 0
87100 -121.142 0 0 0 0.541674 100 53 1.58693 100 22 0 0 0 -2.77983 100 29 0 0 0 0 0 0 0 0 0 0 0
87200 -122.9 0 0 0 0.101064 100 61 1.38931 100 23 0 0 0 -3.00697 100 34 0 0 0 0 0 0 0 0 0 0 0
87300 -124.306 0 0 0 2.28405 100 52 6.25327 100 27 0 0 0 -4.07466 100 31 0 0 0 0 0 0 0 0 0 0 0
87400 -120.936 0 0 0 0.944644 100 55 4.06957 100 33 0 0 0 -2.87122 100 43 0 0 0 0 0 0 0 0 0 0 0
87500 -120.789 0 0 0 0.997292 100 51 2.5412 100 25 0 0 0 -2.89805 100 29 0 0 0 0 0 0 0 0 0 0 0
87600 -124.055 0 0 0 -0.230411 100 50 5.62619 100 35 0 0 0 -3.23893 100 28 0 0 0 0 0 0 0 0 0 0 0
87700 -120.698 0 0 0 0.799391 100 48 3.7538 100 29 0 0 0 -3.06665 100 35 0 0 0 0 0 0 0 0 0 0 0
87800 -121.105 0 0 0 0.766984 100 46 4.67349 100 26 0 0 0 -3.22418 100 33 0 0 0 0 0 0 0 0 0 0 0
87900 -122.338 0 0 0 0.840563 100 48 3.61353 100 27 0 0 0 -3.40194 100 31 0 0 0 0 0 0 0 0 0 0 0
88000 -122.899 0 0 0 0.341242 100 59 5.96465 100 21 0 0 0 -2.99937 100 30 0 0 0 0 0 0 0 0 0 0 0
88100 -120.793 0 0 0 1.31734 100 44 4.62759 100 28 0 0 0 -3.09811 100 34 0 0 0 0 0 0 0 0 0 0 0
88200 -122.888 0 0 0 0.893764 100 50 0.300516 100 19 0 0 0 -2.47745 100 24 0 0 0 0 0 0 0 0 0 0 0
88300 -122.057 0 0 0 1.71604 100 53 2.54901 100 31 0 0 0 -3.12866 100 34 0 0 0 0 0 0 0 0 0 0 0
88400 -121.733 0 0 0 1.84013 100 51 4.25563 100 28 0 0 0 -3.17117 100 33 0 0 0 0 0 0 0 0 0 0 0
88500 -121.368 0 0 0 0.181726 100 44 3.57844 100 30 0 0 0 -2.85627 100 36 0 0 0 0 0 0 0 0 0 0 0
88600 -121.085 0 0 0 0.426811 100 53 2.94727 100 30 0 0 0 -2.96496 100 27 0 0 0 0 0 0 0 0 0 0 0
88700 -123.381 0 0 0 0.44011 100 55 6.60751 100 27 0 0 0 -3.4814 100 31 0 0 0 0 0 0 0 0 0 0 0
88800 -123.669 0 0 0 0.139702 100 41 5.17346 100 33 0 0 0 -2.71643 100 31 0 0 0 0 0 0 0 0 0 0 0
88900 -122.341 0 0 0 1.51442 100 56 3.78289 100 24 0 0 0 -2.82714 100 35 0 0 0 0 0 0 0 0 0 0 0
89000 -122.347 0 0 0 2.12727 100 51 5.40035 100 32 0 0 0 -3.66609 100 31 0 0 0 0 0 0 0 0 0 0 0
89100 -120.881 0 0 0 1.44532 100 45 4.64285 100 25 0 0 0 -3.13651 100 29 0 0 0 0 0 0 0 0 0 0 0
89200 -120.718 0 0 0 0.998852 100 47 2.8795 100 32 0 0 0 -2.8878 100 39 0 0 0 0 0 0 0 0 0 0 0
89300 -122.469 0 0 0 1.76829 100 52 7.80681 100 33 0 0 0 -3.65881 100 34 0 0 0 0 0 0 0 0 0 0 0
89400 -120.753 0 0 0 1.24309 100 43 4.06882 100 37 0 0 0 -3.21234 100 41 0 0 0 0 0 0 0 0 0 0 0
89500 -122.936 0 0 0 0.553071 100 52 6.7074 100 28 0 0 0 -3.4134 100 35 0 0 0 0 0 0 0 0 0 0 0
89600 -121.285 0 0 0 0.303045 100 54 3.73609 100 26 0 0 0 -2.80394 100 26 0 0 0 0 0 0 0 0 0 0 0
89700 -121.45 0 0 0 1.8746 100 53 5.31152 100 27 0 0 0 -3.40064 100 34 0 0 0 0 0 0 0 0 0 0 0
89800 -121.801 0 0 0 1.77205 100 52 5.51253 100 32 0 0 0 -3.18558 100 26 0 0 0 0 0 0 0 0 0 0 0
89900 -120.586 0 0 0 0.920218 100 50 3.3475 100 26 0 0 0 -2.96797 100 34 0 0 0 0 0 0 0 0 0 0 0
90000 -126.353 0 0 0 0.607224 100 49 -0.82033 100 29 0 0 0 -2.08898 100 32 0 0 0 0 0 0 0 0 0 0 0
90100 -121.009 0 0 0 0.712811 100 50 1.77166 100 30 0 0 0 -2.7821 100 33 0 0 0 0 0 0 0 0 0 0 0
90200 -122.097 0 0 0 2.04065 100 57 4.71681 100 32 0 0 0 -3.52507 100 30 0 0 0 0 0 0 0 0 0 0 0
90300 -121.344 0 0 0 0.594371 100 51 5.15248 100 25 0 0 0 -3.09746 100 29 0 0 0 0 0 0 0 0 0 0 0
90400 -121.439 0 0 0 0.221989 100 52 3.5754 100 24 0 0 0 -2.75315 100 35 0 0 0 0 0 0 0 0 0 0 0
90500 -123.895 0 0 0 -0.159215 100 44 -1.45097 100 30 0 0 0 -2.37806 100 31 0 0 0 0 0 0 0 0 0 0 0
90600 -124.05 0 0 0 2.51536 100 48 4.85035 100 34 0 0 0 -3.4326 100 33 0 0 0 0 0 0 0 0 0 0 0
90700 -121.805 0 0 0 1.61396 100 43 2.51327 100 30 0 0 0 -3.13253 100 23 0 0 0 0 0 0 0 0 0 0 0
90800 -122.36 0 0 0 0.0784545 100 49 1.46919 100 35 0 0 0 -2.91832 100 34 0 0 0 0 0 0 0 0 0 0 0
90900 -121.167 0 0 0 1.00606 100 47 3.04855 100 31 0 0 0 -2.74986 100 37 0 0 0 0 0 0 0 0 0 0 0
91000 -121.604 0 0 0 1.02168 100 50 3.7844 100 34 0 0 0 -2.73901 100 35 0 0 0 0 0 0 0 0 0 0 0
91100 -122.209 0 0 0 2.00294 100 50 6.00992 100 34 0 0 0 -3.31719 100 34 0 0 0 0 0 0 0 0 0 0 0
91200 -122.132 0 0 0 1.80881 100 47 3.02126 100 28 0 0 0 -3.29492 100 27 0 0 0 0 0 0 0 0 0 0 0
91300 -122.32 0 0 0 0.848868 100 50 2.61179 100 19 0 0 0 -3.29421 100 37 0 0 0 0 0 0 0 0 0 0 0
91400 -122.324 0 0 0 2.12739 100 40 7.01564 100 24 0 0 0 -3.57295 100 32 0 0 0 0 0 0 0 0 0 0 0
91500 -121.057 0 0 0 1.06416 100 52 4.87689 100 29 0 0 0 -2.98789 100 26 0 0 0 0 0 0 0 0 0 0 0
91600 -121.111 0 0 0 0.923151 100 46 2.40286 100 31 0 0 0 -2.72259 100 33 0 0 0 0 0 0 0 0 0 0 0
91700 -123.323 0 0 0 2.03562 100 43 8.20948 100 21 0 0 0 -3.99097 100 30 0 0 0 0 0 0 0 0 0 0 0
91800 -120.842 0 0 0 0.500076 100 49 2.71458 100 25 0 0 0 -2.82865 100 27 0 0 0 0 0 0 0 0 0 0 0
91900 -120.968 0 0 0 0.931531 100 52 2.19441 100 30 0 0 0 -2.78627 100 33 0 0 0 0 0 0 0 0 0 0 0
92000 -122.523 0 0 0 -0.147054 100 53 1.75235 100 32 0 0 0 -2.4213 100 39 0 0 0 0 0 0 0 0 0 0 0
92100 -121.627 0 0 0 1.07881 100 48 4.6754 100 41 0 0 0 -2.85386 100 33 0 0 0 0 0 0 0 0 0 0 0
92200 -121.041 0 0 0 1.19054 100 52 2.36424 100 29 0 0 0 -2.96827 100 33 0 0 0 0 0 0 0 0 0 0 0
92300 -122.31 0 0 0 0.656762 100 53 0.44632 100 38 0 0 0 -2.47681 100 25 0 0 0 0 0 0 0 0 0 0 0
92400 -122.098 0 0 0 -0.000657053 100 59 1.78967 100 21 0 0 0 -2.86796 100 38 0 0 0 0 0 0 0 0 0 0 0
92500 -125.967 0 0 0 -0.452241 100 49 6.70924 100 31 0 0 0 -3.30795 100 34 0 0 0 0 0 0 0 0 0 0 0
92600 -122.269 0 0 0 1.10766 100 55 6.38676 100 22 0 0 0 -3.6092 100 33 0 0 0 0 0 0 0 0 0 0 0
92700 -121.47 0 0 0 1.7792 100 55 4.62672 100 29 0 0 0 -3.19528 100 31 0 0 0 0 0 0 0 0 0 0 0
92800 -120.927 0 0 0 0.643358 100 44 3.84198 100 36 0 0 0 -2.83666 100 26 0 0 0 0 0 0 0 0 0 0 0
92900 -124.967 0 0 0 0.838956 100 56 3.77042 100 25 0 0 0 -2.42034 100 27 0 0 0 0 0 0 0 0 0 0 0
93000 -124.042 0 0 0 -0.836275 100 52 1.40575 100 25 0 0 0 -2.39946 100 34 0 0 0 0 0 0 0 0 0 0 0
93100 -120.674 0 0 0 0.751168 100 45 3.90654 100 26 0 0 0 -2.96646 100 31 0 0 0 0 0 0 0 0 0 0 0
93200 -121.178 0 0 0 0.922037 100 50 4.65644 100 23 0 0 0 -3.30771 100 40 0 0 0 0 0 0 0 0 0 0 0
93300 -125.693 0 0 0 -0.0665454 100 50 3.03475 100 37 0 0 0 -3.43624 100 32 0 0 0 0 0 0 0 0 0 0 0
93400 -123.327 0 0 0 1.92182 100 52 2.85783 100 32 0 0 0 -3.51183 100 37 0 0 0 0 0 0 0 0 0 0 0
93500 -123.164 0 0 0 1.817 100 46 8.49164 100 20 0 0 0 -3.7662 100 32 0 0 0 0 0 0 0 0 0 0 0
93600 -121.659 0 0 0 1.66934 100 52 3.21277 100 40 0 0 0 -3.27302 100 32 0 0 0 0 0 0 0 0 0 0 0
93700 -123.361 0 0 0 -0.483719 100 53 1.05836 100 20 0 0 0 -2.75424 100 33 0 0 0 0 0 0 0 0 0 0 0
93800 -121.392 0 0 0 0.389984 100 51 1.5827 100 22 0 0 0 -2.83778 100 27 0 0 0 0 0 0 0 0 0 0 0
93900 -123.475 0 0 0 2.16135 100 55 7.52499 100 26 0 0 0 -4.04036 100 30 0 0 0 0 0 0 0 0 0 0 0
94000 -122.143 0 0 0 0.555169 100 54 6.0488 100 25 0 0 0 -3.25967 100 29 0 0 0 0 0 0 0 0 0 0 0
94100 -120.901 0 0 0 0.52088 100 48 2.74766 100 21 0 0 0 -2.74722 100 29 0 0 0 0 0 0 0 0 0 0 0
94200 -122.502 0 0 0 1.39049 100 52 6.71926 100 32 0 0 0 -3.73826 100 18 0 0 0 0 0 0 0 0 0 0 0
94300 -121.669 0 0 0 1.24318 100 43 2.5423 100 38 0 0 0 -2.74781 100 31 0 0 0 0 0 0 0 0 0 0 0
94400 -120.63 0 0 0 1.18044 100 45 3.71001 100 32 0 0 0 -3.0444 100 37 0 0 0 0 0 0 0 0 0 0 0
94500 -121.584 0 0 0 0.0143638 100 54 2.61812 100 37 0 0 0 -2.79197 100 33 0 0 0 0 0 0 0 0 0 0 0
94600 -120.969 0 0 0 1.26027 100 52 5.39287 100 22 0 0 0 -3.16828 100 29 0 0 0 0 0 0 0 0 0 0 0
94700 -122.03 0 0 0 0.334653 100 49 1.41879 100 29 0 0 0 -2.44358 100 26 0 0 0 0 0 0 0 0 0 0 0
94800 -121.703 0 0 0 1.76405 100 52 6.76512 100 27 0 0 0 -3.5536 100 39 0 0 0 0 0 0 0 0 0 0 0
94900 -120.918 0 0 0 1.27969 100 52 3.09723 100 28 0 0 0 -3.11357 100 34 0 0 0 0 0 0 0 0 0 0 0
95000 -123.158 0 0 0 1.45504 100 49 7.51647 100 26 0 0 0 -3.2986 100 26 0 0 0 0 0 0 0 0 0 0 0
95100 -121.697 0 0 0 1.39401 100 47 2.75048 100 28 0 0 0 -3.26908 100 42 0 0 0 0 0 0 0 0 0 0 0
95200 -120.941 0 0 0 1.40555 100 52 4.39782 100 32 0 0 0 -3.31271 100 28 0 0 0 0 0 0 0 0 0 0 0
95300 -121.797 0 0 0 0.589868 100 55 0.541562 100 30 0 0 0 -2.59134 100 37 0 0 0 0 0 0 0 0 0 0 0
95400 -121.503 0 0 0 0.269485 100 56 4.26951 100 28 0 0 0 -3.02319 100 38 0 0 0 0 0 0 0 0 0 0 0
95500 -121.184 0 0 0 0.756819 100 44 1.63066 100 36 0 0 0 -2.69275 100 25 0 0 0 0 0 0 0 0 0 0 0
95600 -126.504 0 0 0 -0.948498 100 52 1.52764 100 24 0 0 0 -3.04211 100 34 0 0 0 0 0 0 0 0 0 0 0
95700 -122.564 0 0 0 0.166954 100 53 1.57225 100 31 0 0 0 -3.00389 100 35 0 0 0 0 0 0 0 0 0 0 0
95800 -124.278 0 0 0 1.31398 100 54 6.53981 100 29 0 0 0 -2.94271 100 34 0 0 0 0 0 0 0 0 0 0 0
95900 -121.789 0 0 0 0.693115 100 52 1.0141 100 30 0 0 0 -2.55126 100 33 0 0 0 0 0 0 0 0 0 0 0
96000 -121.088 0 0 0 1.42903 100 48 4.7926 100 21 0 0 0 -3.07186 100 28 0 0 0 0 0 0 0 0 0 0 0
96100 -121.721 0 0 0 0.0147938 100 54 3.54496 100 23 0 0 0 -2.8744 100 30 0 0 0 0 0 0 0 0 0 0 0
96200 -121.037 0 0 0 0.518694 100 54 3.72036 100 29 0 0 0 -2.80467 100 29 0 0 0 0 0 0 0 0 0 0 0
96300 -120.81 0 0 0 1.12148 100 48 3.92652 100 30 0 0 0 -3.21254 100 33 0 0 0 0 0 0 0 0 0 0 0
96400 -122.07 0 0 0 1.87855 100 52 4.34105 100 26 0 0 0 -3.12358 100 35 0 0 0 0 0 0 0 0 0 0 0
96500 -123.402 0 0 0 -0.588168 100 52 3.23316 100 31 0 0 0 -2.61981 100 32 0 0 0 0 0 0 0 0 0 0 0
96600 -121.782 0 0 0 1.88155 100 59 6.47436 100 34 0 0 0 -3.43163 100 24 0 0 0 0 0 0 0 0 0 0 0
96700 -121.172 0 0 0 0.933773 100 54 5.57674 100 31 0 0 0 -3.17806 100 37 0 0 0 0 0 0 0 0 0 0 0
96800 -120.713 0 0 0 1.10525 100 46 4.70401 100 25 0 0 0 -3.19726 100 31 0 0 0 0 0 0 0 0 0 0 0
96900 -120.961 0 0 0 0.724012 100 56 2.68029 100 29 0 0 0 -2.71827 100 38 0 0 0 0 0 0 0 0 0 0 0
97000 -121.858 0 0 0 -0.102699 100 45 1.80998 100 30 0 0 0 -2.63221 100 27 0 0 0 0 0 0 0 0 0 0 0
97100 -121.258 0 0 0 0.645642 100 43 1.42695 100 32 0 0 0 -2.66271 100 31 0 0 0 0 0 0 0 0 0 0 0
97200 -120.884 0 0 0 1.35509 100 51 4.83518 100 30 0 0 0 -3.32246 100 27 0 0 0 0 0 0 0 0 0 0 0
97300 -121.803 0 0 0 1.78639 100 57 5.41561 100 26 0 0 0 -3.18207 100 28 0 0 0 0 0 0 0 0 0 0 0
97400 -122.187 0 0 0 0.336241 100 44 2.0113 100 30 0 0 0 -2.43949 100 40 0 0 0 0 0 0 0 0 0 0 0
97500 -123.748 0 0 0 0.50922 100 47 -1.63429 100 28 0 0 0 -2.59203 100 35 0 0 0 0 0 0 0 0 0 0 0
97600 -120.622 0 0 0 0.967809 100 53 4.2519 100 34 0 0 0 -3.04066 100 26 0 0 0 0 0 0 0 0 0 0 0
97700 -121.156 0 0 0 1.70354 100 57 4.71881 100 25 0 0 0 -3.30709 100 32 0 0 0 0 0 0 0 0 0 0 0
97800 -120.586 0 0 0 0.894333 100 55 3.61923 100 23 0 0 0 -3.0155 100 28 0 0 0 0 0 0 0 0 0 0 0
97900 -121.164 0 0 0 0.575143 100 52 4.55222 100 34 0 0 0 -2.929 100 28 0 0 0 0 0 0 0 0 0 0 0
98000 -121.484 0 0 0 1.0399 100 54 5.70957 100 27 0 0 0 -3.07569 100 23 0 0 0 0 0 0 0 0 0 0 0
98100 -122.65 0 0 0 -0.190775 100 49 3.3172 100 30 0 0 0 -3.01491 100 21 0 0 0 0 0 0 0 0 0 0 0
98200 -122.708 0 0 0 2.34976 100 54 6.70832 100 36 0 0 0 -3.77726 100 36 0 0 0 0 0 0 0 0 0 0 0
98300 -121.005 0 0 0 1.22253 100 45 4.20038 100 24 0 0 0 -3.30795 100 34 0 0 0 0 0 0 0 0 0 0 0
98400 -122.14 0 0 0 1.15836 100 53 5.27395 100 32 0 0 0 -2.89422 100 33 0 0 0 0 0 0 0 0 0 0 0
98500 -121.478 0 0 0 1.60281 100 51 3.17561 100 23 0 0 0 -3.23002 100 36 0 0 0 0 0 0 0 0 0 0 0
98600 -124.385 0 0 0 2.13175 100 51 5.53697 100 29 0 0 0 -4.01096 100 32 0 0 0 0 0 0 0 0 0 0 0
98700 -121.532 0 0 0 0.627351 100 53 2.55362 100 33 0 0 0 -2.58353 100 36 0 0 0 0 0 0 0 0 0 0 0
98800 -121.656 0 0 0 1.70053 100 56 5.69377 100 33 0 0 0 -3.59974 100 35 0 0 0 0 0 0 0 0 0 0 0
98900 -121.47 0 0 0 1.85321 100 59 4.75371 100 32 0 0 0 -3.30887 100 39 0 0 0 0 0 0 0 0 0 0 0
99000 -122.876 0 0 0 1.5872 100 57 8.01139 100 18 0 0 0 -3.55203 100 32 0 0 0 0 0 0 0 0 0 0 0
99100 -125.183 0 0 0 2.47696 100 41 8.59483 100 23 0 0 0 -4.35237 100 28 0 0 0 0 0 0 0 0 0 0 0
99200 -121.123 0 0 0 1.56723 100 48 4.0878 100 37 0 0 0 -3.30392 100 27 0 0 0 0 0 0 0 0 0 0 0
99300 -120.692 0 0 0 1.20276 100 50 3.47781 100 28 0 0 0 -3.00802 100 34 0 0 0 0 0 0 0 0 0 0 0
99400 -120.89 0 0 0 0.717177 100 52 2.49574 100 29 0 0 0 -2.96062 100 27 0 0 0 0 0 0 0 0 0 0 0
99500 -120.988 0 0 0 0.976822 100 44 2.08097 100 33 0 0 0 -2.82667 100 31 0 0 0 0 0 0 0 0 0 0 0
99600 -121.289 0 0 0 1.74634 100 58 4.48783 100 34 0 0 0 -3.33391 100 28 0 0 0 0 0 0 0 0 0 0 0
99700 -122.618 0 0 0 0.81434 100 50 0.0587675 100 29 0 0 0 -2.89862 100 18 0 0 0 0 0 0 0 0 0 0 0
99800 -122.63 0 0 0 1.36216 100 47 7.7324 100 34 0 0 0 -3.60414 100 31 0 0 0 0 0 0 0 0 0 0 0
99900 -120.776 0 0 0 1.08235 100 52 3.69723 100 32 0 0 0 -3.17166 100 33 0 0 0 0 0 0 0 0 0 0 0
100000 -120.632 0 0 0 1.08303 100 49 4.46382 100 29 0 0 0 -3.10359 100 35 0 0 0 0 0 0 0 0 0 0 0
