iteration logLik intercept1 intercept1_p intercept1_a pcov2 pcov2_p pcov2_a pcov3 pcov3_p pcov3_a pcov4 pcov4_p pcov4_a intercept2 intercept2_p intercept2_a intercept3 intercept3_p intercept3_a intercept4 intercept4_p intercept4_a pcov pcov_p pcov_a data_p data_a
0 -39188.7 0 0 0 4.12948 0 0 -11.3954 0 0 0 0 0 2.26294 0 0 0 0 0 0 0 0 0 0 0 0 0
100 -254.607 0 0 0 0.310483 100 35 2.50859 100 19 0 0 0 -2.38097 100 27 0 0 0 0 0 0 0 0 0 0 0
200 -254.508 0 0 0 0.520971 100 38 2.55973 100 27 0 0 0 -2.49776 100 23 0 0 0 0 0 0 0 0 0 0 0
300 -258.921 0 0 0 0.0941842 100 29 -2.1988 100 17 0 0 0 -1.95223 100 24 0 0 0 0 0 0 0 0 0 0 0
400 -254.581 0 0 0 0.688525 100 38 3.82081 100 21 0 0 0 -2.58658 100 23 0 0 0 0 0 0 0 0 0 0 0
500 -256.095 0 0 0 -0.0692971 100 34 1.1037 100 25 0 0 0 -2.01177 100 22 0 0 0 0 0 0 0 0 0 0 0
600 -257.462 0 0 0 0.0921702 100 48 -1.31104 100 21 0 0 0 -2.06245 100 18 0 0 0 0 0 0 0 0 0 0 0
700 -254.96 0 0 0 0.113968 100 30 1.59668 100 25 0 0 0 -2.2401 100 18 0 0 0 0 0 0 0 0 0 0 0
800 -255.012 0 0 0 0.128896 100 35 1.79554 100 21 0 0 0 -2.20435 100 24 0 0 0 0 0 0 0 0 0 0 0
900 -255.958 0 0 0 0.0606108 100 27 1.8277 100 18 0 0 0 -2.077 100 18 0 0 0 0 0 0 0 0 0 0 0
1000 -257.075 0 0 0 1.31685 100 34 2.57166 100 22 0 0 0 -2.62217 100 23 0 0 0 0 0 0 0 0 0 0 0
1100 -255.303 0 0 0 0.15481 100 33 1.34932 100 22 0 0 0 -2.11432 100 18 0 0 0 0 0 0 0 0 0 0 0
1200 -254.791 0 0 0 0.866396 100 24 4.34734 100 20 0 0 0 -2.69412 100 21 0 0 0 0 0 0 0 0 0 0 0
1300 -255.591 0 0 0 0.650457 100 34 4.93253 100 19 0 0 0 -2.68056 100 22 0 0 0 0 0 0 0 0 0 0 0
1400 -256.221 0 0 0 1.27846 100 32 5.10951 100 20 0 0 0 -3.04964 100 16 0 0 0 0 0 0 0 0 0 0 0
1500 -255.794 0 0 0 0.598715 100 33 0.837489 100 20 0 0 0 -2.21077 100 16 0 0 0 0 0 0 0 0 0 0 0
1600 -255.66 0 0 0 -0.0889296 100 30 1.04349 100 21 0 0 0 -2.09059 100 23 0 0 0 0 0 0 0 0 0 0 0
1700 -255.244 0 0 0 0.0969424 100 24 1.48177 100 24 0 0 0 -2.13617 100 24 0 0 0 0 0 0 0 0 0 0 0
1800 -255.198 0 0 0 0.604602 100 31 1.47762 100 19 0 0 0 -2.47062 100 22 0 0 0 0 0 0 0 0 0 0 0
1900 -254.78 0 0 0 0.838131 100 31 2.73436 100 25 0 0 0 -2.60721 100 26 0 0 0 0 0 0 0 0 0 0 0
2000 -256.798 0 0 0 -0.0378464 100 33 3.48155 100 24 0 0 0 -2.30409 100 19 0 0 0 0 0 0 0 0 0 0 0
2100 -254.677 0 0 0 0.581177 100 34 1.76916 100 14 0 0 0 -2.38717 100 16 0 0 0 0 0 0 0 0 0 0 0
2200 -258.002 0 0 0 -0.318609 100 37 -1.37604 100 24 0 0 0 -1.97908 100 21 0 0 0 0 0 0 0 0 0 0 0
2300 -254.511 0 0 0 0.695398 100 36 3.40875 100 21 0 0 0 -2.61047 100 17 0 0 0 0 0 0 0 0 0 0 0
2400 -255.639 0 0 0 -0.0379264 100 28 1.23854 100 20 0 0 0 -2.27243 100 22 0 0 0 0 0 0 0 0 0 0 0
2500 -256.508 0 0 0 0.613434 100 32 2.68452 100 24 0 0 0 -2.7622 100 20 0 0 0 0 0 0 0 0 0 0 0
2600 -255.816 0 0 0 0.014486 100 25 1.06189 100 25 0 0 0 -2.03475 100 19 0 0 0 0 0 0 0 0 0 0 0
2700 -255.016 0 0 0 0.407799 100 37 1.9673 100 21 0 0 0 -2.48772 100 20 0 0 0 0 0 0 0 0 0 0 0
2800 -254.913 0 0 0 0.501683 100 38 1.34745 100 23 0 0 0 -2.27409 100 22 0 0 0 0 0 0 0 0 0 0 0
2900 -255.04 0 0 0 0.350858 100 31 1.30788 100 27 0 0 0 -2.37653 100 20 0 0 0 0 0 0 0 0 0 0 0
3000 -255.368 0 0 0 0.862916 100 43 1.8617 100 22 0 0 0 -2.52855 100 19 0 0 0 0 0 0 0 0 0 0 0
3100 -255.613 0 0 0 0.281086 100 34 1.32051 100 22 0 0 0 -2.09073 100 20 0 0 0 0 0 0 0 0 0 0 0
3200 -254.549 0 0 0 0.819696 100 28 3.67142 100 13 0 0 0 -2.59287 100 29 0 0 0 0 0 0 0 0 0 0 0
3300 -254.552 0 0 0 0.791476 100 22 2.93656 100 14 0 0 0 -2.58115 100 19 0 0 0 0 0 0 0 0 0 0 0
3400 -255.395 0 0 0 1.11832 100 28 3.08655 100 20 0 0 0 -2.69313 100 22 0 0 0 0 0 0 0 0 0 0 0
3500 -255.151 0 0 0 0.886142 100 38 2.70823 100 17 0 0 0 -2.67144 100 22 0 0 0 0 0 0 0 0 0 0 0
3600 -254.895 0 0 0 0.282365 100 25 1.76325 100 23 0 0 0 -2.20479 100 19 0 0 0 0 0 0 0 0 0 0 0
3700 -255.261 0 0 0 0.153798 100 37 1.52874 100 11 0 0 0 -2.36484 100 19 0 0 0 0 0 0 0 0 0 0 0
3800 -255.17 0 0 0 0.473519 100 29 4.10023 100 23 0 0 0 -2.61168 100 20 0 0 0 0 0 0 0 0 0 0 0
3900 -254.481 0 0 0 0.474086 100 40 2.50754 100 19 0 0 0 -2.36412 100 22 0 0 0 0 0 0 0 0 0 0 0
4000 -254.491 0 0 0 0.465689 100 30 2.80853 100 19 0 0 0 -2.48365 100 24 0 0 0 0 0 0 0 0 0 0 0
4100 -255.486 0 0 0 0.064481 100 30 1.06235 100 17 0 0 0 -2.29174 100 27 0 0 0 0 0 0 0 0 0 0 0
4200 -254.841 0 0 0 0.231395 100 39 1.89094 100 23 0 0 0 -2.36737 100 23 0 0 0 0 0 0 0 0 0 0 0
4300 -255.308 0 0 0 0.0175738 100 36 1.37539 100 17 0 0 0 -2.25756 100 26 0 0 0 0 0 0 0 0 0 0 0
4400 -260.821 0 0 0 -0.965391 100 28 0.947092 100 19 0 0 0 -2.07038 100 21 0 0 0 0 0 0 0 0 0 0 0
4500 -256.823 0 0 0 0.43438 100 39 3.02732 100 21 0 0 0 -2.1751 100 20 0 0 0 0 0 0 0 0 0 0 0
4600 -257.305 0 0 0 0.2865 100 36 4.76559 100 26 0 0 0 -2.76769 100 23 0 0 0 0 0 0 0 0 0 0 0
4700 -255.259 0 0 0 0.6846 100 37 1.29621 100 16 0 0 0 -2.39253 100 21 0 0 0 0 0 0 0 0 0 0 0
4800 -256.366 0 0 0 0.265887 100 32 4.16408 100 20 0 0 0 -2.40857 100 26 0 0 0 0 0 0 0 0 0 0 0
4900 -254.414 0 0 0 0.619103 100 37 2.72888 100 15 0 0 0 -2.5068 100 17 0 0 0 0 0 0 0 0 0 0 0
5000 -255.075 0 0 0 0.876037 100 32 4.75474 100 19 0 0 0 -2.76976 100 23 0 0 0 0 0 0 0 0 0 0 0
5100 -254.743 0 0 0 0.634423 100 42 1.87237 100 18 0 0 0 -2.44839 100 19 0 0 0 0 0 0 0 0 0 0 0
5200 -254.692 0 0 0 0.476403 100 40 1.69339 100 21 0 0 0 -2.29298 100 23 0 0 0 0 0 0 0 0 0 0 0
5300 -255.695 0 0 0 0.92847 100 25 5.11879 100 17 0 0 0 -2.68199 100 21 0 0 0 0 0 0 0 0 0 0 0
5400 -257.029 0 0 0 0.975419 100 37 1.2464 100 24 0 0 0 -2.61711 100 23 0 0 0 0 0 0 0 0 0 0 0
5500 -254.602 0 0 0 0.501907 100 36 2.59116 100 20 0 0 0 -2.34325 100 22 0 0 0 0 0 0 0 0 0 0 0
5600 -256.193 0 0 0 -0.225816 100 33 0.461848 100 21 0 0 0 -2.04251 100 13 0 0 0 0 0 0 0 0 0 0 0
5700 -255.583 0 0 0 0.481486 100 36 0.935276 100 29 0 0 0 -2.41628 100 19 0 0 0 0 0 0 0 0 0 0 0
5800 -254.811 0 0 0 0.509569 100 28 2.63439 100 18 0 0 0 -2.31331 100 16 0 0 0 0 0 0 0 0 0 0 0
5900 -255.795 0 0 0 1.08175 100 32 2.66563 100 16 0 0 0 -2.72152 100 17 0 0 0 0 0 0 0 0 0 0 0
6000 -254.559 0 0 0 0.55709 100 36 2.14655 100 19 0 0 0 -2.45989 100 25 0 0 0 0 0 0 0 0 0 0 0
6100 -254.743 0 0 0 0.608179 100 36 2.46327 100 26 0 0 0 -2.34027 100 19 0 0 0 0 0 0 0 0 0 0 0
6200 -260.694 0 0 0 1.31865 100 35 0.926193 100 24 0 0 0 -2.39882 100 19 0 0 0 0 0 0 0 0 0 0 0
6300 -254.792 0 0 0 0.194057 100 31 1.83916 100 21 0 0 0 -2.25969 100 18 0 0 0 0 0 0 0 0 0 0 0
6400 -254.675 0 0 0 0.451268 100 32 1.88331 100 21 0 0 0 -2.42627 100 24 0 0 0 0 0 0 0 0 0 0 0
6500 -256.054 0 0 0 -0.0826828 100 37 1.88811 100 9 0 0 0 -2.35925 100 23 0 0 0 0 0 0 0 0 0 0 0
6600 -255.251 0 0 0 0.129038 100 32 2.72321 100 14 0 0 0 -2.29405 100 23 0 0 0 0 0 0 0 0 0 0 0
6700 -255.431 0 0 0 1.00459 100 33 2.78574 100 16 0 0 0 -2.70922 100 21 0 0 0 0 0 0 0 0 0 0 0
6800 -254.417 0 0 0 0.589941 100 32 2.54653 100 24 0 0 0 -2.47627 100 21 0 0 0 0 0 0 0 0 0 0 0
6900 -254.391 0 0 0 0.651967 100 39 2.92487 100 15 0 0 0 -2.48679 100 20 0 0 0 0 0 0 0 0 0 0 0
7000 -257.337 0 0 0 0.903782 100 36 0.794141 100 18 0 0 0 -2.56793 100 23 0 0 0 0 0 0 0 0 0 0 0
7100 -255.731 0 0 0 0.0710521 100 33 0.280246 100 23 0 0 0 -2.19392 100 23 0 0 0 0 0 0 0 0 0 0 0
7200 -255.177 0 0 0 0.933627 100 32 3.59708 100 19 0 0 0 -2.78622 100 21 0 0 0 0 0 0 0 0 0 0 0
7300 -254.59 0 0 0 0.32438 100 38 2.05068 100 23 0 0 0 -2.36505 100 26 0 0 0 0 0 0 0 0 0 0 0
7400 -254.392 0 0 0 0.545119 100 33 2.84255 100 23 0 0 0 -2.45048 100 19 0 0 0 0 0 0 0 0 0 0 0
7500 -255.084 0 0 0 0.565796 100 34 4.04173 100 26 0 0 0 -2.67847 100 26 0 0 0 0 0 0 0 0 0 0 0
7600 -256.812 0 0 0 1.267 100 30 4.19143 100 22 0 0 0 -3.03512 100 17 0 0 0 0 0 0 0 0 0 0 0
7700 -254.897 0 0 0 0.86169 100 38 4.23459 100 17 0 0 0 -2.60792 100 11 0 0 0 0 0 0 0 0 0 0 0
7800 -255.541 0 0 0 0.859135 100 31 2.33635 100 25 0 0 0 -2.36633 100 20 0 0 0 0 0 0 0 0 0 0 0
7900 -255.159 0 0 0 0.539793 100 31 1.71174 100 21 0 0 0 -2.23111 100 25 0 0 0 0 0 0 0 0 0 0 0
8000 -258.291 0 0 0 0.529383 100 29 0.932424 100 23 0 0 0 -2.65733 100 29 0 0 0 0 0 0 0 0 0 0 0
8100 -255.325 0 0 0 0.483598 100 30 3.34109 100 25 0 0 0 -2.66676 100 24 0 0 0 0 0 0 0 0 0 0 0
8200 -256.524 0 0 0 1.09279 100 28 5.04255 100 15 0 0 0 -3.05414 100 29 0 0 0 0 0 0 0 0 0 0 0
8300 -257.392 0 0 0 -0.124822 100 31 2.37535 100 20 0 0 0 -2.50267 100 24 0 0 0 0 0 0 0 0 0 0 0
8400 -254.826 0 0 0 0.582601 100 39 3.87413 100 11 0 0 0 -2.6374 100 24 0 0 0 0 0 0 0 0 0 0 0
8500 -254.831 0 0 0 0.527768 100 35 1.65434 100 27 0 0 0 -2.43181 100 25 0 0 0 0 0 0 0 0 0 0 0
8600 -255.552 0 0 0 0.362666 100 35 2.6319 100 23 0 0 0 -2.59715 100 22 0 0 0 0 0 0 0 0 0 0 0
8700 -255.064 0 0 0 1.11316 100 35 4.31664 100 25 0 0 0 -2.7454 100 19 0 0 0 0 0 0 0 0 0 0 0
8800 -255.589 0 0 0 0.591371 100 30 4.53085 100 18 0 0 0 -2.53872 100 18 0 0 0 0 0 0 0 0 0 0 0
8900 -257.736 0 0 0 0.364861 100 42 2.68881 100 17 0 0 0 -2.76753 100 16 0 0 0 0 0 0 0 0 0 0 0
9000 -254.904 0 0 0 0.138012 100 36 1.72794 100 17 0 0 0 -2.27503 100 20 0 0 0 0 0 0 0 0 0 0 0
9100 -254.928 0 0 0 0.937457 100 29 4.57588 100 23 0 0 0 -2.74179 100 17 0 0 0 0 0 0 0 0 0 0 0
9200 -254.708 0 0 0 0.814839 100 35 3.6651 100 19 0 0 0 -2.6989 100 22 0 0 0 0 0 0 0 0 0 0 0
9300 -255.306 0 0 0 0.927971 100 42 4.89815 100 20 0 0 0 -2.84913 100 25 0 0 0 0 0 0 0 0 0 0 0
9400 -256.653 0 0 0 0.426686 100 35 -0.27808 100 22 0 0 0 -2.09494 100 27 0 0 0 0 0 0 0 0 0 0 0
9500 -254.656 0 0 0 0.89476 100 43 3.96738 100 25 0 0 0 -2.65859 100 22 0 0 0 0 0 0 0 0 0 0 0
9600 -255.79 0 0 0 -0.0914604 100 35 0.440678 100 14 0 0 0 -2.08029 100 21 0 0 0 0 0 0 0 0 0 0 0
9700 -257.333 0 0 0 -0.10786 100 34 3.72953 100 17 0 0 0 -2.36349 100 18 0 0 0 0 0 0 0 0 0 0 0
9800 -254.724 0 0 0 0.818782 100 31 2.85233 100 20 0 0 0 -2.4717 100 27 0 0 0 0 0 0 0 0 0 0 0
9900 -254.639 0 0 0 0.839028 100 32 3.39132 100 29 0 0 0 -2.53401 100 21 0 0 0 0 0 0 0 0 0 0 0
10000 -255.15 0 0 0 0.355284 100 36 3.34022 100 16 0 0 0 -2.36053 100 16 0 0 0 0 0 0 0 0 0 0 0
10100 -259.279 0 0 0 -0.293127 100 32 0.90691 100 19 0 0 0 -1.77999 100 24 0 0 0 0 0 0 0 0 0 0 0
10200 -255.999 0 0 0 0.401448 100 26 4.04759 100 18 0 0 0 -2.71804 100 16 0 0 0 0 0 0 0 0 0 0 0
10300 -255.262 0 0 0 0.744448 100 34 2.12062 100 22 0 0 0 -2.32633 100 26 0 0 0 0 0 0 0 0 0 0 0
10400 -255.427 0 0 0 0.18245 100 28 2.25259 100 24 0 0 0 -2.17315 100 20 0 0 0 0 0 0 0 0 0 0 0
10500 -256.335 0 0 0 1.0367 100 31 3.08431 100 22 0 0 0 -2.42455 100 24 0 0 0 0 0 0 0 0 0 0 0
10600 -257.017 0 0 0 0.688285 100 32 0.873607 100 20 0 0 0 -2.57598 100 25 0 0 0 0 0 0 0 0 0 0 0
10700 -254.665 0 0 0 0.765143 100 40 3.67604 100 19 0 0 0 -2.52795 100 20 0 0 0 0 0 0 0 0 0 0 0
10800 -256.409 0 0 0 1.45466 100 37 5.18673 100 23 0 0 0 -3.05881 100 29 0 0 0 0 0 0 0 0 0 0 0
10900 -255.103 0 0 0 1.00525 100 35 2.83977 100 17 0 0 0 -2.57742 100 19 0 0 0 0 0 0 0 0 0 0 0
11000 -254.828 0 0 0 0.507533 100 39 2.76037 100 26 0 0 0 -2.5748 100 20 0 0 0 0 0 0 0 0 0 0 0
11100 -255.086 0 0 0 0.973686 100 31 4.45599 100 30 0 0 0 -2.82597 100 18 0 0 0 0 0 0 0 0 0 0 0
11200 -254.968 0 0 0 0.462519 100 41 1.75109 100 23 0 0 0 -2.22854 100 20 0 0 0 0 0 0 0 0 0 0 0
11300 -257.998 0 0 0 0.627788 100 37 -0.235741 100 23 0 0 0 -2.44889 100 22 0 0 0 0 0 0 0 0 0 0 0
11400 -254.972 0 0 0 0.509739 100 40 2.12279 100 15 0 0 0 -2.52969 100 23 0 0 0 0 0 0 0 0 0 0 0
11500 -258.725 0 0 0 -0.381756 100 42 -0.168979 100 29 0 0 0 -2.24329 100 22 0 0 0 0 0 0 0 0 0 0 0
11600 -255.598 0 0 0 0.804047 100 26 1.71203 100 25 0 0 0 -2.33363 100 20 0 0 0 0 0 0 0 0 0 0 0
11700 -255.637 0 0 0 0.117362 100 40 1.7864 100 17 0 0 0 -2.42437 100 19 0 0 0 0 0 0 0 0 0 0 0
11800 -254.658 0 0 0 0.797141 100 32 2.62444 100 22 0 0 0 -2.55657 100 12 0 0 0 0 0 0 0 0 0 0 0
11900 -254.616 0 0 0 0.442209 100 30 2.12344 100 19 0 0 0 -2.44598 100 21 0 0 0 0 0 0 0 0 0 0 0
12000 -254.987 0 0 0 0.385045 100 42 2.19077 100 14 0 0 0 -2.50076 100 28 0 0 0 0 0 0 0 0 0 0 0
12100 -254.756 0 0 0 0.918715 100 24 3.79066 100 14 0 0 0 -2.59575 100 18 0 0 0 0 0 0 0 0 0 0 0
12200 -254.72 0 0 0 0.52918 100 34 2.45857 100 19 0 0 0 -2.53556 100 25 0 0 0 0 0 0 0 0 0 0 0
12300 -254.736 0 0 0 0.34991 100 33 2.78809 100 20 0 0 0 -2.48055 100 16 0 0 0 0 0 0 0 0 0 0 0
12400 -255.803 0 0 0 1.12591 100 32 4.9928 100 24 0 0 0 -2.97756 100 22 0 0 0 0 0 0 0 0 0 0 0
12500 -254.969 0 0 0 1.07358 100 30 4.28746 100 17 0 0 0 -2.76208 100 13 0 0 0 0 0 0 0 0 0 0 0
12600 -254.978 0 0 0 0.42604 100 34 3.4362 100 16 0 0 0 -2.39851 100 24 0 0 0 0 0 0 0 0 0 0 0
12700 -255.125 0 0 0 0.766095 100 30 2.48877 100 23 0 0 0 -2.63754 100 21 0 0 0 0 0 0 0 0 0 0 0
12800 -256.6 0 0 0 -0.311229 100 24 0.880212 100 22 0 0 0 -2.16591 100 18 0 0 0 0 0 0 0 0 0 0 0
12900 -254.546 0 0 0 0.522067 100 27 3.07437 100 25 0 0 0 -2.41767 100 18 0 0 0 0 0 0 0 0 0 0 0
13000 -254.888 0 0 0 0.255836 100 29 2.87557 100 19 0 0 0 -2.35722 100 20 0 0 0 0 0 0 0 0 0 0 0
13100 -255.522 0 0 0 0.276477 100 35 2.06249 100 23 0 0 0 -2.51064 100 27 0 0 0 0 0 0 0 0 0 0 0
13200 -255.349 0 0 0 0.96488 100 40 4.1939 100 14 0 0 0 -2.85881 100 27 0 0 0 0 0 0 0 0 0 0 0
13300 -256.22 0 0 0 1.27673 100 33 5.92284 100 20 0 0 0 -2.91976 100 20 0 0 0 0 0 0 0 0 0 0 0
13400 -257.288 0 0 0 -0.295156 100 32 2.49031 100 16 0 0 0 -2.14324 100 26 0 0 0 0 0 0 0 0 0 0 0
13500 -257.714 0 0 0 1.56553 100 31 7.12137 100 20 0 0 0 -3.17916 100 25 0 0 0 0 0 0 0 0 0 0 0
13600 -256.354 0 0 0 0.24384 100 33 0.832399 100 15 0 0 0 -2.00063 100 18 0 0 0 0 0 0 0 0 0 0 0
13700 -257.071 0 0 0 -0.30096 100 38 0.643717 100 17 0 0 0 -2.22717 100 25 0 0 0 0 0 0 0 0 0 0 0
13800 -254.566 0 0 0 0.346375 100 39 2.45976 100 23 0 0 0 -2.40857 100 27 0 0 0 0 0 0 0 0 0 0 0
13900 -258.569 0 0 0 0.258192 100 32 3.25035 100 20 0 0 0 -2.81804 100 21 0 0 0 0 0 0 0 0 0 0 0
14000 -256.701 0 0 0 0.893378 100 36 6.12833 100 20 0 0 0 -2.89511 100 18 0 0 0 0 0 0 0 0 0 0 0
14100 -255.652 0 0 0 0.372323 100 31 0.265549 100 17 0 0 0 -2.21777 100 23 0 0 0 0 0 0 0 0 0 0 0
14200 -254.761 0 0 0 0.740866 100 39 2.97888 100 17 0 0 0 -2.64187 100 27 0 0 0 0 0 0 0 0 0 0 0
14300 -256.655 0 0 0 1.26213 100 34 2.7308 100 15 0 0 0 -2.59064 100 18 0 0 0 0 0 0 0 0 0 0 0
14400 -256.072 0 0 0 0.910579 100 33 2.32045 100 20 0 0 0 -2.72646 100 25 0 0 0 0 0 0 0 0 0 0 0
14500 -257.664 0 0 0 0.0931037 100 29 4.5625 100 21 0 0 0 -2.65987 100 17 0 0 0 0 0 0 0 0 0 0 0
14600 -254.996 0 0 0 0.329542 100 34 3.11395 100 13 0 0 0 -2.52769 100 18 0 0 0 0 0 0 0 0 0 0 0
14700 -254.694 0 0 0 0.68516 100 36 3.9856 100 11 0 0 0 -2.58018 100 26 0 0 0 0 0 0 0 0 0 0 0
14800 -257.548 0 0 0 1.00596 100 37 4.17683 100 20 0 0 0 -2.41981 100 22 0 0 0 0 0 0 0 0 0 0 0
14900 -255.026 0 0 0 0.253853 100 28 1.21024 100 25 0 0 0 -2.32118 100 18 0 0 0 0 0 0 0 0 0 0 0
15000 -254.644 0 0 0 0.877631 100 35 3.05945 100 20 0 0 0 -2.59636 100 19 0 0 0 0 0 0 0 0 0 0 0
15100 -255.804 0 0 0 1.10086 100 31 4.50231 100 20 0 0 0 -2.62003 100 16 0 0 0 0 0 0 0 0 0 0 0
15200 -254.451 0 0 0 0.42929 100 31 2.59089 100 13 0 0 0 -2.40199 100 23 0 0 0 0 0 0 0 0 0 0 0
15300 -254.639 0 0 0 0.643132 100 23 1.99733 100 15 0 0 0 -2.41202 100 17 0 0 0 0 0 0 0 0 0 0 0
15400 -255.855 0 0 0 1.08842 100 35 4.45495 100 23 0 0 0 -2.60289 100 20 0 0 0 0 0 0 0 0 0 0 0
15500 -256.008 0 0 0 0.37651 100 27 4.57552 100 18 0 0 0 -2.5852 100 24 0 0 0 0 0 0 0 0 0 0 0
15600 -256.1 0 0 0 0.92743 100 37 3.7302 100 24 0 0 0 -2.89593 100 22 0 0 0 0 0 0 0 0 0 0 0
15700 -255.611 0 0 0 1.22673 100 29 4.89388 100 25 0 0 0 -2.77676 100 25 0 0 0 0 0 0 0 0 0 0 0
15800 -255.9 0 0 0 1.17427 100 35 5.02675 100 26 0 0 0 -2.71962 100 20 0 0 0 0 0 0 0 0 0 0 0
15900 -255.105 0 0 0 0.262096 100 39 1.08616 100 26 0 0 0 -2.31826 100 36 0 0 0 0 0 0 0 0 0 0 0
16000 -256.004 0 0 0 1.27538 100 30 4.62384 100 17 0 0 0 -2.71583 100 23 0 0 0 0 0 0 0 0 0 0 0
16100 -257.54 0 0 0 -0.451798 100 30 -0.549828 100 20 0 0 0 -1.93345 100 19 0 0 0 0 0 0 0 0 0 0 0
16200 -255.482 0 0 0 0.763823 100 31 4.84688 100 21 0 0 0 -2.632 100 26 0 0 0 0 0 0 0 0 0 0 0
16300 -256.691 0 0 0 -0.306414 100 25 0.837164 100 21 0 0 0 -1.98374 100 20 0 0 0 0 0 0 0 0 0 0 0
16400 -254.74 0 0 0 0.597544 100 31 2.09992 100 23 0 0 0 -2.3263 100 25 0 0 0 0 0 0 0 0 0 0 0
16500 -255.74 0 0 0 0.838488 100 27 2.00403 100 17 0 0 0 -2.33086 100 31 0 0 0 0 0 0 0 0 0 0 0
16600 -258.157 0 0 0 1.70049 100 36 6.99617 100 22 0 0 0 -3.33781 100 23 0 0 0 0 0 0 0 0 0 0 0
16700 -255.558 0 0 0 0.539335 100 26 2.52278 100 15 0 0 0 -2.64833 100 24 0 0 0 0 0 0 0 0 0 0 0
16800 -254.507 0 0 0 0.729075 100 26 2.87115 100 24 0 0 0 -2.47062 100 20 0 0 0 0 0 0 0 0 0 0 0
16900 -255.34 0 0 0 0.115532 100 45 1.12992 100 22 0 0 0 -2.30447 100 26 0 0 0 0 0 0 0 0 0 0 0
17000 -255.582 0 0 0 0.308332 100 43 3.45227 100 23 0 0 0 -2.61023 100 22 0 0 0 0 0 0 0 0 0 0 0
17100 -255.515 0 0 0 0.677132 100 33 2.15942 100 28 0 0 0 -2.63107 100 16 0 0 0 0 0 0 0 0 0 0 0
17200 -254.804 0 0 0 0.882537 100 27 3.71058 100 25 0 0 0 -2.55331 100 19 0 0 0 0 0 0 0 0 0 0 0
17300 -258.233 0 0 0 0.397955 100 31 -1.36653 100 19 0 0 0 -2.1717 100 22 0 0 0 0 0 0 0 0 0 0 0
17400 -254.712 0 0 0 0.523469 100 32 3.04989 100 20 0 0 0 -2.58118 100 24 0 0 0 0 0 0 0 0 0 0 0
17500 -254.999 0 0 0 0.678481 100 31 4.29784 100 19 0 0 0 -2.57837 100 27 0 0 0 0 0 0 0 0 0 0 0
17600 -257.806 0 0 0 1.7324 100 33 6.25724 100 23 0 0 0 -3.26927 100 26 0 0 0 0 0 0 0 0 0 0 0
17700 -257.343 0 0 0 1.49317 100 32 6.76191 100 21 0 0 0 -3.06305 100 24 0 0 0 0 0 0 0 0 0 0 0
17800 -254.521 0 0 0 0.369471 100 41 2.343 100 22 0 0 0 -2.39885 100 20 0 0 0 0 0 0 0 0 0 0 0
17900 -255.917 0 0 0 0.246925 100 30 1.64919 100 26 0 0 0 -2.49691 100 27 0 0 0 0 0 0 0 0 0 0 0
18000 -254.847 0 0 0 0.395941 100 33 2.57737 100 17 0 0 0 -2.28665 100 22 0 0 0 0 0 0 0 0 0 0 0
18100 -257.548 0 0 0 1.11665 100 32 6.79162 100 19 0 0 0 -3.12226 100 25 0 0 0 0 0 0 0 0 0 0 0
18200 -255.396 0 0 0 0.0897945 100 35 2.51479 100 23 0 0 0 -2.23679 100 15 0 0 0 0 0 0 0 0 0 0 0
18300 -257.608 0 0 0 -0.00198159 100 36 -0.0992291 100 20 0 0 0 -2.3296 100 17 0 0 0 0 0 0 0 0 0 0 0
18400 -255.411 0 0 0 0.580984 100 32 0.867293 100 24 0 0 0 -2.30349 100 19 0 0 0 0 0 0 0 0 0 0 0
18500 -255.061 0 0 0 0.363924 100 35 2.74534 100 16 0 0 0 -2.27559 100 18 0 0 0 0 0 0 0 0 0 0 0
18600 -255.024 0 0 0 0.789104 100 35 4.42629 100 21 0 0 0 -2.60882 100 25 0 0 0 0 0 0 0 0 0 0 0
18700 -260.84 0 0 0 0.16216 100 41 -2.96608 100 24 0 0 0 -1.86243 100 18 0 0 0 0 0 0 0 0 0 0 0
18800 -256.808 0 0 0 -0.181013 100 27 3.01063 100 18 0 0 0 -2.32331 100 15 0 0 0 0 0 0 0 0 0 0 0
18900 -256.558 0 0 0 -0.000954742 100 27 -0.54367 100 17 0 0 0 -2.11622 100 20 0 0 0 0 0 0 0 0 0 0 0
19000 -255.201 0 0 0 0.670596 100 30 1.58429 100 23 0 0 0 -2.30215 100 25 0 0 0 0 0 0 0 0 0 0 0
19100 -254.819 0 0 0 0.797129 100 25 3.74371 100 23 0 0 0 -2.51786 100 19 0 0 0 0 0 0 0 0 0 0 0
19200 -256.539 0 0 0 0.543385 100 30 0.0711616 100 25 0 0 0 -2.34631 100 22 0 0 0 0 0 0 0 0 0 0 0
19300 -254.856 0 0 0 0.336503 100 32 1.17731 100 21 0 0 0 -2.2615 100 21 0 0 0 0 0 0 0 0 0 0 0
19400 -254.915 0 0 0 0.409939 100 34 1.17593 100 28 0 0 0 -2.24783 100 16 0 0 0 0 0 0 0 0 0 0 0
19500 -257.518 0 0 0 -0.345178 100 40 2.64015 100 14 0 0 0 -2.19767 100 22 0 0 0 0 0 0 0 0 0 0 0
19600 -254.742 0 0 0 0.579801 100 34 1.95826 100 17 0 0 0 -2.31852 100 21 0 0 0 0 0 0 0 0 0 0 0
19700 -259.735 0 0 0 1.06287 100 38 2.28275 100 14 0 0 0 -2.22006 100 21 0 0 0 0 0 0 0 0 0 0 0
19800 -254.945 0 0 0 1.07286 100 33 4.02469 100 14 0 0 0 -2.74088 100 20 0 0 0 0 0 0 0 0 0 0 0
19900 -256.794 0 0 0 0.468051 100 30 2.24149 100 22 0 0 0 -2.69921 100 21 0 0 0 0 0 0 0 0 0 0 0
20000 -254.882 0 0 0 0.713579 100 30 2.72775 100 22 0 0 0 -2.37793 100 24 0 0 0 0 0 0 0 0 0 0 0
20100 -254.672 0 0 0 0.817626 100 31 3.67182 100 20 0 0 0 -2.54606 100 6 0 0 0 0 0 0 0 0 0 0 0
20200 -256.755 0 0 0 0.0927552 100 36 -0.182866 100 20 0 0 0 -2.26653 100 15 0 0 0 0 0 0 0 0 0 0 0
20300 -254.829 0 0 0 0.990734 100 33 4.24584 100 15 0 0 0 -2.72847 100 17 0 0 0 0 0 0 0 0 0 0 0
20400 -255.323 0 0 0 0.56882 100 39 4.02536 100 18 0 0 0 -2.72212 100 17 0 0 0 0 0 0 0 0 0 0 0
20500 -257.008 0 0 0 0.439583 100 28 4.1168 100 20 0 0 0 -2.83422 100 21 0 0 0 0 0 0 0 0 0 0 0
20600 -254.942 0 0 0 0.170019 100 32 1.86978 100 16 0 0 0 -2.21434 100 24 0 0 0 0 0 0 0 0 0 0 0
20700 -256.508 0 0 0 -0.0694796 100 29 3.01264 100 18 0 0 0 -2.45078 100 15 0 0 0 0 0 0 0 0 0 0 0
20800 -254.87 0 0 0 0.170485 100 29 1.65288 100 17 0 0 0 -2.22628 100 21 0 0 0 0 0 0 0 0 0 0 0
20900 -255.63 0 0 0 0.549865 100 31 0.668798 100 23 0 0 0 -2.23255 100 23 0 0 0 0 0 0 0 0 0 0 0
21000 -255.29 0 0 0 0.50219 100 31 1.31538 100 23 0 0 0 -2.19897 100 18 0 0 0 0 0 0 0 0 0 0 0
21100 -255.597 0 0 0 0.182668 100 44 0.357686 100 21 0 0 0 -2.23014 100 21 0 0 0 0 0 0 0 0 0 0 0
21200 -255.604 0 0 0 0.586693 100 30 0.813977 100 24 0 0 0 -2.24321 100 20 0 0 0 0 0 0 0 0 0 0 0
21300 -255.046 0 0 0 0.859502 100 27 4.23866 100 17 0 0 0 -2.79379 100 19 0 0 0 0 0 0 0 0 0 0 0
21400 -254.548 0 0 0 0.348683 100 28 2.4787 100 17 0 0 0 -2.36006 100 25 0 0 0 0 0 0 0 0 0 0 0
21500 -254.883 0 0 0 0.178682 100 31 1.75796 100 25 0 0 0 -2.32308 100 16 0 0 0 0 0 0 0 0 0 0 0
21600 -254.896 0 0 0 0.222807 100 34 2.38714 100 22 0 0 0 -2.41134 100 19 0 0 0 0 0 0 0 0 0 0 0
21700 -254.703 0 0 0 0.478232 100 32 2.17089 100 24 0 0 0 -2.29039 100 25 0 0 0 0 0 0 0 0 0 0 0
21800 -255.522 0 0 0 0.478369 100 36 3.10115 100 16 0 0 0 -2.28217 100 22 0 0 0 0 0 0 0 0 0 0 0
21900 -256.482 0 0 0 -0.227602 100 36 1.40433 100 21 0 0 0 -2.2735 100 19 0 0 0 0 0 0 0 0 0 0 0
22000 -255.041 0 0 0 0.986035 100 31 2.85945 100 22 0 0 0 -2.63375 100 22 0 0 0 0 0 0 0 0 0 0 0
22100 -254.935 0 0 0 0.415012 100 30 1.11075 100 21 0 0 0 -2.29472 100 25 0 0 0 0 0 0 0 0 0 0 0
22200 -256.072 0 0 0 0.309092 100 33 2.93887 100 23 0 0 0 -2.64454 100 19 0 0 0 0 0 0 0 0 0 0 0
22300 -256.524 0 0 0 -0.30939 100 30 1.11362 100 14 0 0 0 -2.04883 100 17 0 0 0 0 0 0 0 0 0 0 0
22400 -256.464 0 0 0 1.17674 100 39 3.37048 100 20 0 0 0 -2.90621 100 18 0 0 0 0 0 0 0 0 0 0 0
22500 -258.95 0 0 0 -0.273645 100 30 -0.273588 100 16 0 0 0 -2.29874 100 25 0 0 0 0 0 0 0 0 0 0 0
22600 -256.209 0 0 0 0.393648 100 22 4.23236 100 22 0 0 0 -2.4127 100 19 0 0 0 0 0 0 0 0 0 0 0
22700 -254.739 0 0 0 0.414419 100 35 1.82052 100 23 0 0 0 -2.42104 100 23 0 0 0 0 0 0 0 0 0 0 0
22800 -255.087 0 0 0 0.891167 100 34 2.51674 100 23 0 0 0 -2.62252 100 23 0 0 0 0 0 0 0 0 0 0 0
22900 -255.322 0 0 0 1.17993 100 37 4.72605 100 22 0 0 0 -2.78638 100 21 0 0 0 0 0 0 0 0 0 0 0
23000 -258.56 0 0 0 0.56632 100 32 -0.954027 100 21 0 0 0 -2.05287 100 20 0 0 0 0 0 0 0 0 0 0 0
23100 -254.86 0 0 0 0.647378 100 24 1.65498 100 21 0 0 0 -2.39202 100 23 0 0 0 0 0 0 0 0 0 0 0
23200 -256.235 0 0 0 -0.149773 100 32 0.194534 100 21 0 0 0 -2.14173 100 27 0 0 0 0 0 0 0 0 0 0 0
23300 -255.364 0 0 0 0.614865 100 40 1.25587 100 22 0 0 0 -2.25663 100 25 0 0 0 0 0 0 0 0 0 0 0
23400 -254.483 0 0 0 0.536194 100 37 3.2587 100 22 0 0 0 -2.48947 100 30 0 0 0 0 0 0 0 0 0 0 0
23500 -256.206 0 0 0 1.20889 100 31 3.36815 100 24 0 0 0 -2.87189 100 26 0 0 0 0 0 0 0 0 0 0 0
23600 -258.517 0 0 0 0.580113 100 34 -0.961781 100 25 0 0 0 -2.32113 100 15 0 0 0 0 0 0 0 0 0 0 0
23700 -254.404 0 0 0 0.62493 100 36 2.86428 100 24 0 0 0 -2.45799 100 23 0 0 0 0 0 0 0 0 0 0 0
23800 -256.676 0 0 0 1.27362 100 38 6.01361 100 19 0 0 0 -3.1231 100 19 0 0 0 0 0 0 0 0 0 0 0
23900 -256.322 0 0 0 0.944646 100 27 3.65154 100 24 0 0 0 -2.41665 100 18 0 0 0 0 0 0 0 0 0 0 0
24000 -255.39 0 0 0 0.222689 100 39 1.37725 100 29 0 0 0 -2.39715 100 15 0 0 0 0 0 0 0 0 0 0 0
24100 -258.872 0 0 0 -0.652858 100 29 1.4337 100 22 0 0 0 -1.97301 100 20 0 0 0 0 0 0 0 0 0 0 0
24200 -256.891 0 0 0 1.16663 100 33 5.24226 100 26 0 0 0 -2.65541 100 21 0 0 0 0 0 0 0 0 0 0 0
24300 -255.722 0 0 0 1.32438 100 33 5.01871 100 19 0 0 0 -2.87802 100 20 0 0 0 0 0 0 0 0 0 0 0
24400 -256.387 0 0 0 1.23505 100 43 2.80467 100 23 0 0 0 -2.77705 100 19 0 0 0 0 0 0 0 0 0 0 0
24500 -258.443 0 0 0 -0.33605 100 26 0.381173 100 31 0 0 0 -2.30871 100 16 0 0 0 0 0 0 0 0 0 0 0
24600 -255.021 0 0 0 0.677601 100 36 3.77096 100 18 0 0 0 -2.4608 100 23 0 0 0 0 0 0 0 0 0 0 0
24700 -255.913 0 0 0 0.386954 100 30 0.166373 100 18 0 0 0 -2.13225 100 20 0 0 0 0 0 0 0 0 0 0 0
24800 -254.579 0 0 0 0.521648 100 37 2.14353 100 26 0 0 0 -2.33057 100 13 0 0 0 0 0 0 0 0 0 0 0
24900 -254.386 0 0 0 0.5664 100 25 2.59877 100 24 0 0 0 -2.44966 100 15 0 0 0 0 0 0 0 0 0 0 0
25000 -255.465 0 0 0 0.0558665 100 30 0.976332 100 23 0 0 0 -2.26952 100 13 0 0 0 0 0 0 0 0 0 0 0
25100 -256.74 0 0 0 -0.218417 100 36 0.597606 100 17 0 0 0 -2.23699 100 13 0 0 0 0 0 0 0 0 0 0 0
25200 -254.654 0 0 0 0.453223 100 31 1.64474 100 24 0 0 0 -2.30534 100 18 0 0 0 0 0 0 0 0 0 0 0
25300 -254.836 0 0 0 1.00234 100 43 4.19847 100 19 0 0 0 -2.70929 100 24 0 0 0 0 0 0 0 0 0 0 0
25400 -255.044 0 0 0 0.990084 100 30 4.70827 100 18 0 0 0 -2.79643 100 21 0 0 0 0 0 0 0 0 0 0 0
25500 -255.214 0 0 0 0.038328 100 29 1.24119 100 16 0 0 0 -2.16185 100 15 0 0 0 0 0 0 0 0 0 0 0
25600 -254.456 0 0 0 0.704542 100 35 2.68096 100 19 0 0 0 -2.49911 100 21 0 0 0 0 0 0 0 0 0 0 0
25700 -257.263 0 0 0 1.51165 100 25 6.44443 100 28 0 0 0 -2.99561 100 15 0 0 0 0 0 0 0 0 0 0 0
25800 -254.701 0 0 0 0.788559 100 44 2.42572 100 29 0 0 0 -2.5198 100 21 0 0 0 0 0 0 0 0 0 0 0
25900 -255.192 0 0 0 0.590547 100 27 1.11101 100 19 0 0 0 -2.34222 100 20 0 0 0 0 0 0 0 0 0 0 0
26000 -256.046 0 0 0 1.14567 100 31 4.22716 100 16 0 0 0 -2.5901 100 22 0 0 0 0 0 0 0 0 0 0 0
26100 -256.245 0 0 0 0.745611 100 32 5.22288 100 26 0 0 0 -2.62402 100 26 0 0 0 0 0 0 0 0 0 0 0
26200 -255.313 0 0 0 1.13677 100 32 4.4709 100 14 0 0 0 -2.87396 100 25 0 0 0 0 0 0 0 0 0 0 0
26300 -254.896 0 0 0 0.267114 100 43 1.90498 100 16 0 0 0 -2.40295 100 23 0 0 0 0 0 0 0 0 0 0 0
26400 -255.582 0 0 0 0.454027 100 28 4.45564 100 18 0 0 0 -2.58202 100 22 0 0 0 0 0 0 0 0 0 0 0
26500 -256.437 0 0 0 0.583404 100 37 5.26905 100 19 0 0 0 -2.81755 100 23 0 0 0 0 0 0 0 0 0 0 0
26600 -255.783 0 0 0 0.0950957 100 25 2.57257 100 20 0 0 0 -2.481 100 23 0 0 0 0 0 0 0 0 0 0 0
26700 -255.675 0 0 0 0.112714 100 37 1.01282 100 26 0 0 0 -2.04985 100 26 0 0 0 0 0 0 0 0 0 0 0
26800 -254.477 0 0 0 0.417466 100 41 2.57798 100 18 0 0 0 -2.43097 100 22 0 0 0 0 0 0 0 0 0 0 0
26900 -255.123 0 0 0 0.571637 100 38 2.0534 100 17 0 0 0 -2.25646 100 19 0 0 0 0 0 0 0 0 0 0 0
27000 -254.753 0 0 0 0.298344 100 34 2.12157 100 22 0 0 0 -2.41148 100 20 0 0 0 0 0 0 0 0 0 0 0
27100 -255.368 0 0 0 0.242874 100 43 0.851171 100 25 0 0 0 -2.10839 100 22 0 0 0 0 0 0 0 0 0 0 0
27200 -255.102 0 0 0 0.308617 100 30 3.08296 100 25 0 0 0 -2.53362 100 19 0 0 0 0 0 0 0 0 0 0 0
27300 -258.237 0 0 0 -0.237092 100 27 -0.943912 100 17 0 0 0 -2.15764 100 18 0 0 0 0 0 0 0 0 0 0 0
27400 -256.22 0 0 0 0.149823 100 34 2.5771 100 22 0 0 0 -2.13869 100 27 0 0 0 0 0 0 0 0 0 0 0
27500 -255.374 0 0 0 0.589064 100 28 0.920356 100 15 0 0 0 -2.31661 100 14 0 0 0 0 0 0 0 0 0 0 0
27600 -254.671 0 0 0 0.254352 100 26 2.0308 100 16 0 0 0 -2.3314 100 19 0 0 0 0 0 0 0 0 0 0 0
27700 -255 0 0 0 0.941478 100 46 2.69256 100 16 0 0 0 -2.52994 100 27 0 0 0 0 0 0 0 0 0 0 0
27800 -255.69 0 0 0 1.14711 100 26 3.55332 100 20 0 0 0 -2.84136 100 20 0 0 0 0 0 0 0 0 0 0 0
27900 -255.197 0 0 0 0.603149 100 33 1.13551 100 27 0 0 0 -2.33277 100 21 0 0 0 0 0 0 0 0 0 0 0
28000 -254.839 0 0 0 0.369574 100 37 3.3855 100 18 0 0 0 -2.46118 100 20 0 0 0 0 0 0 0 0 0 0 0
28100 -257.648 0 0 0 0.666725 100 32 -0.178129 100 22 0 0 0 -2.13506 100 20 0 0 0 0 0 0 0 0 0 0 0
28200 -254.679 0 0 0 0.576718 100 25 3.79184 100 21 0 0 0 -2.56487 100 23 0 0 0 0 0 0 0 0 0 0 0
28300 -256.147 0 0 0 0.276659 100 31 3.38927 100 24 0 0 0 -2.65658 100 20 0 0 0 0 0 0 0 0 0 0 0
28400 -256.682 0 0 0 -0.0806083 100 34 -0.162612 100 19 0 0 0 -2.19239 100 25 0 0 0 0 0 0 0 0 0 0 0
28500 -255.618 0 0 0 0.112437 100 37 1.1286 100 22 0 0 0 -2.06118 100 18 0 0 0 0 0 0 0 0 0 0 0
28600 -254.991 0 0 0 0.769244 100 25 2.94292 100 23 0 0 0 -2.40217 100 23 0 0 0 0 0 0 0 0 0 0 0
28700 -254.581 0 0 0 0.328082 100 34 2.30085 100 19 0 0 0 -2.32573 100 17 0 0 0 0 0 0 0 0 0 0 0
28800 -254.748 0 0 0 0.935506 100 27 3.35644 100 32 0 0 0 -2.5792 100 31 0 0 0 0 0 0 0 0 0 0 0
28900 -255.6 0 0 0 1.25124 100 30 5.17936 100 22 0 0 0 -2.91791 100 26 0 0 0 0 0 0 0 0 0 0 0
29000 -254.637 0 0 0 0.850251 100 25 3.99096 100 23 0 0 0 -2.644 100 26 0 0 0 0 0 0 0 0 0 0 0
29100 -258.087 0 0 0 -0.139676 100 36 2.07543 100 23 0 0 0 -1.96137 100 10 0 0 0 0 0 0 0 0 0 0 0
29200 -254.549 0 0 0 0.516889 100 30 1.94071 100 18 0 0 0 -2.35205 100 19 0 0 0 0 0 0 0 0 0 0 0
29300 -256.451 0 0 0 0.353877 100 31 2.23786 100 22 0 0 0 -2.1022 100 27 0 0 0 0 0 0 0 0 0 0 0
29400 -255.456 0 0 0 -0.0255429 100 38 0.878316 100 25 0 0 0 -2.12285 100 29 0 0 0 0 0 0 0 0 0 0 0
29500 -256.683 0 0 0 0.000666744 100 37 3.17238 100 16 0 0 0 -2.22044 100 21 0 0 0 0 0 0 0 0 0 0 0
29600 -256.961 0 0 0 1.57592 100 33 6.12716 100 15 0 0 0 -3.0361 100 23 0 0 0 0 0 0 0 0 0 0 0
29700 -256.666 0 0 0 0.821591 100 33 0.956042 100 17 0 0 0 -2.5432 100 20 0 0 0 0 0 0 0 0 0 0 0
29800 -255.61 0 0 0 0.39984 100 26 0.735572 100 20 0 0 0 -2.12826 100 17 0 0 0 0 0 0 0 0 0 0 0
29900 -256.792 0 0 0 0.103297 100 33 0.410333 100 26 0 0 0 -1.92587 100 20 0 0 0 0 0 0 0 0 0 0 0
30000 -254.726 0 0 0 0.901439 100 31 3.72802 100 18 0 0 0 -2.71094 100 22 0 0 0 0 0 0 0 0 0 0 0
30100 -254.862 0 0 0 0.941427 100 23 3.33301 100 24 0 0 0 -2.54974 100 23 0 0 0 0 0 0 0 0 0 0 0
30200 -257.879 0 0 0 0.192059 100 25 0.0123306 100 24 0 0 0 -1.8666 100 19 0 0 0 0 0 0 0 0 0 0 0
30300 -255.29 0 0 0 0.638724 100 40 2.27727 100 19 0 0 0 -2.27437 100 20 0 0 0 0 0 0 0 0 0 0 0
30400 -258.292 0 0 0 -0.139539 100 35 -1.87234 100 19 0 0 0 -1.87629 100 19 0 0 0 0 0 0 0 0 0 0 0
30500 -256.694 0 0 0 0.932264 100 35 5.67195 100 25 0 0 0 -3.02897 100 27 0 0 0 0 0 0 0 0 0 0 0
30600 -255.084 0 0 0 0.327716 100 31 2.53499 100 18 0 0 0 -2.51922 100 21 0 0 0 0 0 0 0 0 0 0 0
30700 -255.141 0 0 0 0.963816 100 33 2.55991 100 20 0 0 0 -2.59942 100 27 0 0 0 0 0 0 0 0 0 0 0
30800 -255.38 0 0 0 0.68722 100 35 4.83335 100 15 0 0 0 -2.68836 100 21 0 0 0 0 0 0 0 0 0 0 0
30900 -254.687 0 0 0 0.586215 100 29 3.61211 100 22 0 0 0 -2.48339 100 24 0 0 0 0 0 0 0 0 0 0 0
31000 -256.091 0 0 0 0.967946 100 28 1.55671 100 20 0 0 0 -2.51569 100 22 0 0 0 0 0 0 0 0 0 0 0
31100 -256.645 0 0 0 -0.22458 100 36 2.01281 100 23 0 0 0 -2.32976 100 20 0 0 0 0 0 0 0 0 0 0 0
31200 -254.511 0 0 0 0.647359 100 31 2.78632 100 16 0 0 0 -2.42127 100 21 0 0 0 0 0 0 0 0 0 0 0
31300 -256.681 0 0 0 0.000464453 100 34 3.53503 100 22 0 0 0 -2.51857 100 19 0 0 0 0 0 0 0 0 0 0 0
31400 -255.129 0 0 0 0.745585 100 34 4.00348 100 17 0 0 0 -2.768 100 23 0 0 0 0 0 0 0 0 0 0 0
31500 -255.392 0 0 0 0.373217 100 35 0.854146 100 22 0 0 0 -2.14426 100 18 0 0 0 0 0 0 0 0 0 0 0
31600 -255.467 0 0 0 0.841691 100 33 1.97658 100 16 0 0 0 -2.37063 100 22 0 0 0 0 0 0 0 0 0 0 0
31700 -254.575 0 0 0 0.638569 100 30 3.70582 100 26 0 0 0 -2.54966 100 26 0 0 0 0 0 0 0 0 0 0 0
31800 -257.43 0 0 0 -0.0326706 100 32 4.15324 100 16 0 0 0 -2.48936 100 12 0 0 0 0 0 0 0 0 0 0 0
31900 -255.518 0 0 0 0.289042 100 33 3.5552 100 19 0 0 0 -2.5852 100 18 0 0 0 0 0 0 0 0 0 0 0
32000 -254.825 0 0 0 0.330042 100 29 1.80466 100 16 0 0 0 -2.22351 100 15 0 0 0 0 0 0 0 0 0 0 0
32100 -256.483 0 0 0 0.492734 100 31 3.08971 100 20 0 0 0 -2.21262 100 23 0 0 0 0 0 0 0 0 0 0 0
32200 -254.509 0 0 0 0.761431 100 30 2.76398 100 24 0 0 0 -2.51978 100 24 0 0 0 0 0 0 0 0 0 0 0
32300 -257.169 0 0 0 1.11323 100 32 1.85765 100 22 0 0 0 -2.41634 100 14 0 0 0 0 0 0 0 0 0 0 0
32400 -256.844 0 0 0 0.269243 100 43 2.93005 100 16 0 0 0 -2.68962 100 22 0 0 0 0 0 0 0 0 0 0 0
32500 -255.695 0 0 0 0.609743 100 27 3.37138 100 19 0 0 0 -2.7535 100 22 0 0 0 0 0 0 0 0 0 0 0
32600 -258.576 0 0 0 -0.440384 100 36 0.565782 100 16 0 0 0 -2.27984 100 21 0 0 0 0 0 0 0 0 0 0 0
32700 -254.829 0 0 0 0.41024 100 38 3.44665 100 21 0 0 0 -2.44571 100 21 0 0 0 0 0 0 0 0 0 0 0
32800 -255.883 0 0 0 0.389691 100 31 0.295573 100 22 0 0 0 -2.30788 100 25 0 0 0 0 0 0 0 0 0 0 0
32900 -256.259 0 0 0 0.148269 100 29 2.51049 100 14 0 0 0 -2.5595 100 17 0 0 0 0 0 0 0 0 0 0 0
33000 -255.865 0 0 0 0.579343 100 36 3.19084 100 18 0 0 0 -2.74609 100 17 0 0 0 0 0 0 0 0 0 0 0
33100 -256.839 0 0 0 0.767257 100 32 6.00163 100 17 0 0 0 -2.86563 100 24 0 0 0 0 0 0 0 0 0 0 0
33200 -257.208 0 0 0 0.800461 100 26 3.04606 100 20 0 0 0 -2.88905 100 26 0 0 0 0 0 0 0 0 0 0 0
33300 -256.758 0 0 0 0.0844088 100 26 3.34857 100 24 0 0 0 -2.22597 100 16 0 0 0 0 0 0 0 0 0 0 0
33400 -255.695 0 0 0 0.183901 100 41 0.241817 100 24 0 0 0 -2.22136 100 25 0 0 0 0 0 0 0 0 0 0 0
33500 -255.559 0 0 0 0.000368945 100 38 1.77296 100 16 0 0 0 -2.13107 100 20 0 0 0 0 0 0 0 0 0 0 0
33600 -255.514 0 0 0 0.650075 100 38 0.953192 100 24 0 0 0 -2.35954 100 19 0 0 0 0 0 0 0 0 0 0 0
33700 -254.909 0 0 0 0.604518 100 21 1.91289 100 23 0 0 0 -2.29925 100 19 0 0 0 0 0 0 0 0 0 0 0
33800 -255.785 0 0 0 0.112023 100 36 0.340158 100 17 0 0 0 -2.03694 100 13 0 0 0 0 0 0 0 0 0 0 0
33900 -254.938 0 0 0 1.02354 100 22 3.38273 100 25 0 0 0 -2.6902 100 26 0 0 0 0 0 0 0 0 0 0 0
34000 -254.665 0 0 0 0.628185 100 36 1.92741 100 27 0 0 0 -2.38651 100 25 0 0 0 0 0 0 0 0 0 0 0
34100 -254.48 0 0 0 0.628084 100 29 3.37933 100 17 0 0 0 -2.5016 100 17 0 0 0 0 0 0 0 0 0 0 0
34200 -255.347 0 0 0 0.351462 100 26 0.563082 100 28 0 0 0 -2.19125 100 23 0 0 0 0 0 0 0 0 0 0 0
34300 -255.922 0 0 0 1.01241 100 38 5.47184 100 28 0 0 0 -2.75472 100 24 0 0 0 0 0 0 0 0 0 0 0
34400 -255.029 0 0 0 0.445473 100 27 3.51076 100 30 0 0 0 -2.4022 100 23 0 0 0 0 0 0 0 0 0 0 0
34500 -256.9 0 0 0 1.08781 100 36 1.45315 100 25 0 0 0 -2.55412 100 14 0 0 0 0 0 0 0 0 0 0 0
34600 -254.935 0 0 0 0.557177 100 36 1.65873 100 17 0 0 0 -2.45778 100 29 0 0 0 0 0 0 0 0 0 0 0
34700 -256.669 0 0 0 0.00314334 100 29 2.31448 100 23 0 0 0 -2.07701 100 26 0 0 0 0 0 0 0 0 0 0 0
34800 -256.534 0 0 0 0.767179 100 29 1.22537 100 15 0 0 0 -2.21868 100 25 0 0 0 0 0 0 0 0 0 0 0
34900 -255.575 0 0 0 1.19053 100 21 3.39954 100 20 0 0 0 -2.76839 100 16 0 0 0 0 0 0 0 0 0 0 0
35000 -256.06 0 0 0 0.328924 100 31 2.72936 100 21 0 0 0 -2.17606 100 16 0 0 0 0 0 0 0 0 0 0 0
35100 -255.573 0 0 0 -0.0511025 100 34 1.67839 100 27 0 0 0 -2.14156 100 17 0 0 0 0 0 0 0 0 0 0 0
35200 -255.076 0 0 0 0.599833 100 37 3.09147 100 22 0 0 0 -2.66487 100 20 0 0 0 0 0 0 0 0 0 0 0
35300 -257.135 0 0 0 0.338528 100 32 5.02926 100 24 0 0 0 -2.55271 100 23 0 0 0 0 0 0 0 0 0 0 0
35400 -254.97 0 0 0 0.537361 100 26 1.56239 100 13 0 0 0 -2.26152 100 21 0 0 0 0 0 0 0 0 0 0 0
35500 -254.81 0 0 0 0.616415 100 37 3.2446 100 24 0 0 0 -2.64386 100 15 0 0 0 0 0 0 0 0 0 0 0
35600 -254.921 0 0 0 0.993082 100 27 3.23874 100 19 0 0 0 -2.58685 100 19 0 0 0 0 0 0 0 0 0 0 0
35700 -256.928 0 0 0 0.444208 100 28 4.8653 100 25 0 0 0 -2.829 100 26 0 0 0 0 0 0 0 0 0 0 0
35800 -254.81 0 0 0 0.338169 100 37 2.94274 100 24 0 0 0 -2.49176 100 24 0 0 0 0 0 0 0 0 0 0 0
35900 -257.085 0 0 0 1.14194 100 34 4.35662 100 19 0 0 0 -3.0628 100 20 0 0 0 0 0 0 0 0 0 0 0
36000 -255.633 0 0 0 0.843172 100 39 1.88991 100 17 0 0 0 -2.60253 100 26 0 0 0 0 0 0 0 0 0 0 0
36100 -256.168 0 0 0 1.23281 100 33 5.54739 100 26 0 0 0 -2.80758 100 26 0 0 0 0 0 0 0 0 0 0 0
36200 -256.721 0 0 0 0.505258 100 29 5.16368 100 17 0 0 0 -2.81955 100 23 0 0 0 0 0 0 0 0 0 0 0
36300 -255.87 0 0 0 0.0462758 100 32 2.46484 100 29 0 0 0 -2.45509 100 18 0 0 0 0 0 0 0 0 0 0 0
36400 -255.088 0 0 0 0.806952 100 32 3.8034 100 14 0 0 0 -2.77067 100 20 0 0 0 0 0 0 0 0 0 0 0
36500 -256.063 0 0 0 0.946153 100 41 5.7195 100 25 0 0 0 -2.81552 100 18 0 0 0 0 0 0 0 0 0 0 0
36600 -255.001 0 0 0 0.682365 100 24 4.44648 100 22 0 0 0 -2.66001 100 16 0 0 0 0 0 0 0 0 0 0 0
36700 -254.383 0 0 0 0.606435 100 33 2.83191 100 20 0 0 0 -2.49467 100 23 0 0 0 0 0 0 0 0 0 0 0
36800 -257.427 0 0 0 -0.308669 100 35 0.836739 100 27 0 0 0 -1.89604 100 17 0 0 0 0 0 0 0 0 0 0 0
36900 -254.899 0 0 0 0.713128 100 39 4.36317 100 18 0 0 0 -2.64061 100 23 0 0 0 0 0 0 0 0 0 0 0
37000 -254.837 0 0 0 0.428887 100 33 1.49648 100 23 0 0 0 -2.38749 100 18 0 0 0 0 0 0 0 0 0 0 0
37100 -254.851 0 0 0 0.955372 100 33 4.16841 100 16 0 0 0 -2.76172 100 18 0 0 0 0 0 0 0 0 0 0 0
37200 -256.246 0 0 0 0.156244 100 36 1.39989 100 23 0 0 0 -2.02022 100 20 0 0 0 0 0 0 0 0 0 0 0
37300 -255.069 0 0 0 0.296866 100 32 1.05249 100 19 0 0 0 -2.17156 100 18 0 0 0 0 0 0 0 0 0 0 0
37400 -255.091 0 0 0 0.588508 100 35 3.74689 100 22 0 0 0 -2.69565 100 28 0 0 0 0 0 0 0 0 0 0 0
37500 -255.111 0 0 0 0.218862 100 37 1.0514 100 25 0 0 0 -2.14959 100 28 0 0 0 0 0 0 0 0 0 0 0
37600 -256.25 0 0 0 0.83352 100 35 4.82586 100 21 0 0 0 -2.54283 100 20 0 0 0 0 0 0 0 0 0 0 0
37700 -255.781 0 0 0 0.797758 100 28 2.93101 100 13 0 0 0 -2.76799 100 16 0 0 0 0 0 0 0 0 0 0 0
37800 -259.059 0 0 0 0.922487 100 39 1.55502 100 14 0 0 0 -2.15219 100 23 0 0 0 0 0 0 0 0 0 0 0
37900 -255.116 0 0 0 0.290135 100 29 1.32436 100 22 0 0 0 -2.37389 100 25 0 0 0 0 0 0 0 0 0 0 0
38000 -254.611 0 0 0 0.451323 100 27 3.24497 100 24 0 0 0 -2.50681 100 23 0 0 0 0 0 0 0 0 0 0 0
38100 -255.276 0 0 0 0.834875 100 30 4.8903 100 21 0 0 0 -2.69396 100 21 0 0 0 0 0 0 0 0 0 0 0
38200 -256.405 0 0 0 0.616622 100 27 0.156124 100 24 0 0 0 -2.28929 100 21 0 0 0 0 0 0 0 0 0 0 0
38300 -256.642 0 0 0 0.283204 100 26 1.82127 100 32 0 0 0 -2.04264 100 22 0 0 0 0 0 0 0 0 0 0 0
38400 -254.81 0 0 0 0.246951 100 40 2.02522 100 20 0 0 0 -2.24263 100 18 0 0 0 0 0 0 0 0 0 0 0
38500 -258.608 0 0 0 1.65992 100 30 7.71067 100 25 0 0 0 -3.27561 100 28 0 0 0 0 0 0 0 0 0 0 0
38600 -256.613 0 0 0 0.499942 100 39 5.14669 100 15 0 0 0 -2.79818 100 23 0 0 0 0 0 0 0 0 0 0 0
38700 -256.234 0 0 0 0.83976 100 30 1.02782 100 15 0 0 0 -2.47515 100 25 0 0 0 0 0 0 0 0 0 0 0
38800 -255.514 0 0 0 0.221535 100 44 0.444883 100 30 0 0 0 -2.24632 100 23 0 0 0 0 0 0 0 0 0 0 0
38900 -254.626 0 0 0 0.735845 100 24 3.17269 100 23 0 0 0 -2.46284 100 24 0 0 0 0 0 0 0 0 0 0 0
39000 -257.99 0 0 0 0.518582 100 36 -0.743433 100 24 0 0 0 -2.04763 100 26 0 0 0 0 0 0 0 0 0 0 0
39100 -254.845 0 0 0 0.690063 100 38 3.3865 100 14 0 0 0 -2.43347 100 24 0 0 0 0 0 0 0 0 0 0 0
39200 -258.109 0 0 0 1.21121 100 26 5.13568 100 18 0 0 0 -2.58152 100 18 0 0 0 0 0 0 0 0 0 0 0
39300 -258.182 0 0 0 0.207708 100 35 0.387828 100 26 0 0 0 -1.86233 100 31 0 0 0 0 0 0 0 0 0 0 0
39400 -255.285 0 0 0 0.661459 100 23 4.54001 100 24 0 0 0 -2.74319 100 25 0 0 0 0 0 0 0 0 0 0 0
39500 -254.948 0 0 0 0.654927 100 36 2.64488 100 25 0 0 0 -2.33961 100 14 0 0 0 0 0 0 0 0 0 0 0
39600 -256.215 0 0 0 0.771088 100 43 1.23514 100 19 0 0 0 -2.55701 100 22 0 0 0 0 0 0 0 0 0 0 0
39700 -260.151 0 0 0 0.604497 100 40 -1.87489 100 23 0 0 0 -2.12458 100 22 0 0 0 0 0 0 0 0 0 0 0
39800 -256.567 0 0 0 0.716556 100 33 2.09012 100 19 0 0 0 -2.72222 100 22 0 0 0 0 0 0 0 0 0 0 0
39900 -258.817 0 0 0 0.666838 100 33 1.29898 100 15 0 0 0 -2.76117 100 25 0 0 0 0 0 0 0 0 0 0 0
40000 -254.861 0 0 0 0.717448 100 35 1.90331 100 23 0 0 0 -2.40471 100 15 0 0 0 0 0 0 0 0 0 0 0
40100 -254.828 0 0 0 1.0054 100 40 4.14128 100 19 0 0 0 -2.70569 100 18 0 0 0 0 0 0 0 0 0 0 0
40200 -256.162 0 0 0 0.671554 100 36 2.36293 100 7 0 0 0 -2.21982 100 23 0 0 0 0 0 0 0 0 0 0 0
40300 -254.743 0 0 0 0.924682 100 29 3.13375 100 25 0 0 0 -2.63054 100 17 0 0 0 0 0 0 0 0 0 0 0
40400 -256.567 0 0 0 -0.18019 100 33 2.42402 100 21 0 0 0 -2.16253 100 25 0 0 0 0 0 0 0 0 0 0 0
40500 -256.144 0 0 0 0.680148 100 28 1.0688 100 16 0 0 0 -2.20524 100 20 0 0 0 0 0 0 0 0 0 0 0
40600 -255.37 0 0 0 1.19481 100 36 4.92196 100 18 0 0 0 -2.84685 100 25 0 0 0 0 0 0 0 0 0 0 0
40700 -255.121 0 0 0 1.0833 100 28 4.12543 100 15 0 0 0 -2.8166 100 20 0 0 0 0 0 0 0 0 0 0 0
40800 -255.239 0 0 0 0.442549 100 27 1.82164 100 19 0 0 0 -2.50896 100 13 0 0 0 0 0 0 0 0 0 0 0
40900 -255.71 0 0 0 0.198811 100 33 1.60055 100 17 0 0 0 -2.45196 100 21 0 0 0 0 0 0 0 0 0 0 0
41000 -255.331 0 0 0 0.362914 100 36 2.24063 100 12 0 0 0 -2.5405 100 19 0 0 0 0 0 0 0 0 0 0 0
41100 -254.441 0 0 0 0.603781 100 32 2.9587 100 23 0 0 0 -2.44378 100 31 0 0 0 0 0 0 0 0 0 0 0
41200 -257.065 0 0 0 1.04899 100 36 4.49858 100 12 0 0 0 -3.05645 100 18 0 0 0 0 0 0 0 0 0 0 0
41300 -254.579 0 0 0 0.699445 100 26 2.40129 100 16 0 0 0 -2.42927 100 17 0 0 0 0 0 0 0 0 0 0 0
41400 -259.632 0 0 0 0.271793 100 32 4.51893 100 20 0 0 0 -2.94748 100 22 0 0 0 0 0 0 0 0 0 0 0
41500 -254.551 0 0 0 0.579872 100 34 2.83488 100 19 0 0 0 -2.55373 100 27 0 0 0 0 0 0 0 0 0 0 0
41600 -254.484 0 0 0 0.617394 100 35 2.67781 100 23 0 0 0 -2.41035 100 22 0 0 0 0 0 0 0 0 0 0 0
41700 -254.812 0 0 0 0.798363 100 38 3.47917 100 26 0 0 0 -2.7051 100 14 0 0 0 0 0 0 0 0 0 0 0
41800 -257.132 0 0 0 0.0805053 100 26 3.27088 100 17 0 0 0 -2.18101 100 30 0 0 0 0 0 0 0 0 0 0 0
41900 -255.991 0 0 0 1.1666 100 31 5.84462 100 15 0 0 0 -2.93571 100 17 0 0 0 0 0 0 0 0 0 0 0
42000 -255.403 0 0 0 0.953427 100 27 3.26921 100 23 0 0 0 -2.78164 100 15 0 0 0 0 0 0 0 0 0 0 0
42100 -255.542 0 0 0 0.985891 100 31 5.14623 100 23 0 0 0 -2.90197 100 16 0 0 0 0 0 0 0 0 0 0 0
42200 -255.111 0 0 0 0.20148 100 37 1.94453 100 22 0 0 0 -2.18204 100 18 0 0 0 0 0 0 0 0 0 0 0
42300 -255.558 0 0 0 0.910896 100 31 5.13296 100 21 0 0 0 -2.87825 100 28 0 0 0 0 0 0 0 0 0 0 0
42400 -255.466 0 0 0 0.0352941 100 35 0.750988 100 13 0 0 0 -2.21346 100 19 0 0 0 0 0 0 0 0 0 0 0
42500 -255.446 0 0 0 0.205251 100 36 2.90839 100 12 0 0 0 -2.51745 100 21 0 0 0 0 0 0 0 0 0 0 0
42600 -254.584 0 0 0 0.666031 100 29 2.36818 100 17 0 0 0 -2.40194 100 20 0 0 0 0 0 0 0 0 0 0 0
42700 -254.579 0 0 0 0.741351 100 29 3.33797 100 12 0 0 0 -2.4932 100 28 0 0 0 0 0 0 0 0 0 0 0
42800 -255.389 0 0 0 0.916278 100 33 5.16256 100 18 0 0 0 -2.78767 100 17 0 0 0 0 0 0 0 0 0 0 0
42900 -255.724 0 0 0 0.40661 100 31 4.21946 100 15 0 0 0 -2.67371 100 14 0 0 0 0 0 0 0 0 0 0 0
43000 -256.328 0 0 0 0.49012 100 35 -0.0726641 100 27 0 0 0 -2.19513 100 14 0 0 0 0 0 0 0 0 0 0 0
43100 -254.971 0 0 0 0.392005 100 29 1.72648 100 20 0 0 0 -2.44435 100 23 0 0 0 0 0 0 0 0 0 0 0
43200 -255.319 0 0 0 0.687218 100 39 2.77315 100 16 0 0 0 -2.68549 100 20 0 0 0 0 0 0 0 0 0 0 0
43300 -256.658 0 0 0 -0.0532851 100 30 -0.721354 100 20 0 0 0 -2.03066 100 18 0 0 0 0 0 0 0 0 0 0 0
43400 -254.607 0 0 0 0.758265 100 31 3.58826 100 22 0 0 0 -2.66022 100 25 0 0 0 0 0 0 0 0 0 0 0
43500 -255.097 0 0 0 0.375616 100 30 3.74427 100 23 0 0 0 -2.49006 100 20 0 0 0 0 0 0 0 0 0 0 0
43600 -256.988 0 0 0 1.26493 100 35 3.39605 100 14 0 0 0 -2.54072 100 16 0 0 0 0 0 0 0 0 0 0 0
43700 -254.659 0 0 0 0.508489 100 31 2.39898 100 14 0 0 0 -2.51137 100 29 0 0 0 0 0 0 0 0 0 0 0
43800 -257.764 0 0 0 0.427614 100 33 -1.04929 100 13 0 0 0 -2.07371 100 22 0 0 0 0 0 0 0 0 0 0 0
43900 -254.738 0 0 0 0.46197 100 35 1.7773 100 24 0 0 0 -2.27052 100 22 0 0 0 0 0 0 0 0 0 0 0
44000 -255.487 0 0 0 0.57015 100 32 3.20839 100 21 0 0 0 -2.70919 100 22 0 0 0 0 0 0 0 0 0 0 0
44100 -254.607 0 0 0 0.363031 100 24 2.22024 100 20 0 0 0 -2.29969 100 29 0 0 0 0 0 0 0 0 0 0 0
44200 -254.635 0 0 0 0.723064 100 31 2.6349 100 17 0 0 0 -2.42373 100 18 0 0 0 0 0 0 0 0 0 0 0
44300 -255.08 0 0 0 0.661347 100 31 3.67738 100 16 0 0 0 -2.72079 100 18 0 0 0 0 0 0 0 0 0 0 0
44400 -254.99 0 0 0 0.787197 100 46 4.37306 100 17 0 0 0 -2.75684 100 20 0 0 0 0 0 0 0 0 0 0 0
44500 -254.83 0 0 0 0.312771 100 39 2.04422 100 17 0 0 0 -2.42847 100 21 0 0 0 0 0 0 0 0 0 0 0
44600 -255.783 0 0 0 0.816736 100 27 5.39061 100 25 0 0 0 -2.8041 100 25 0 0 0 0 0 0 0 0 0 0 0
44700 -255.771 0 0 0 0.380848 100 27 3.64463 100 19 0 0 0 -2.33734 100 24 0 0 0 0 0 0 0 0 0 0 0
44800 -257.769 0 0 0 0.0944243 100 43 4.51269 100 23 0 0 0 -2.68515 100 21 0 0 0 0 0 0 0 0 0 0 0
44900 -256.983 0 0 0 1.22427 100 38 3.35607 100 21 0 0 0 -2.50931 100 26 0 0 0 0 0 0 0 0 0 0 0
45000 -257.659 0 0 0 -0.24223 100 39 -1.20566 100 18 0 0 0 -2.01499 100 25 0 0 0 0 0 0 0 0 0 0 0
45100 -255.759 0 0 0 0.335761 100 31 3.70479 100 15 0 0 0 -2.65083 100 14 0 0 0 0 0 0 0 0 0 0 0
45200 -255.102 0 0 0 1.05319 100 37 4.58449 100 30 0 0 0 -2.83079 100 25 0 0 0 0 0 0 0 0 0 0 0
45300 -255.681 0 0 0 -0.0526304 100 32 0.605121 100 18 0 0 0 -2.06723 100 23 0 0 0 0 0 0 0 0 0 0 0
45400 -255.173 0 0 0 1.09933 100 39 3.43726 100 21 0 0 0 -2.72741 100 19 0 0 0 0 0 0 0 0 0 0 0
45500 -254.552 0 0 0 0.45912 100 37 1.93027 100 23 0 0 0 -2.39495 100 13 0 0 0 0 0 0 0 0 0 0 0
45600 -256.126 0 0 0 0.754145 100 32 1.4655 100 24 0 0 0 -2.59281 100 24 0 0 0 0 0 0 0 0 0 0 0
45700 -254.96 0 0 0 0.612137 100 43 2.16829 100 23 0 0 0 -2.29789 100 19 0 0 0 0 0 0 0 0 0 0 0
45800 -254.822 0 0 0 0.732477 100 29 2.15877 100 18 0 0 0 -2.52412 100 32 0 0 0 0 0 0 0 0 0 0 0
45900 -255.633 0 0 0 0.595338 100 31 1.36527 100 21 0 0 0 -2.20196 100 20 0 0 0 0 0 0 0 0 0 0 0
46000 -254.651 0 0 0 0.448728 100 29 1.81273 100 20 0 0 0 -2.28829 100 21 0 0 0 0 0 0 0 0 0 0 0
46100 -254.626 0 0 0 0.77123 100 44 3.24861 100 22 0 0 0 -2.64494 100 20 0 0 0 0 0 0 0 0 0 0 0
46200 -258.249 0 0 0 0.507996 100 31 -1.20591 100 24 0 0 0 -2.1664 100 17 0 0 0 0 0 0 0 0 0 0 0
46300 -255.574 0 0 0 0.915948 100 33 4.43087 100 21 0 0 0 -2.55947 100 28 0 0 0 0 0 0 0 0 0 0 0
46400 -256.493 0 0 0 1.41136 100 31 3.7577 100 25 0 0 0 -2.88804 100 21 0 0 0 0 0 0 0 0 0 0 0
46500 -254.61 0 0 0 0.635039 100 38 3.63777 100 18 0 0 0 -2.51125 100 20 0 0 0 0 0 0 0 0 0 0 0
46600 -256.307 0 0 0 1.45731 100 36 4.7733 100 13 0 0 0 -2.99348 100 19 0 0 0 0 0 0 0 0 0 0 0
46700 -256.549 0 0 0 0.767854 100 28 2.96319 100 18 0 0 0 -2.82852 100 28 0 0 0 0 0 0 0 0 0 0 0
46800 -255.001 0 0 0 0.301382 100 40 2.53818 100 21 0 0 0 -2.25804 100 22 0 0 0 0 0 0 0 0 0 0 0
46900 -256.713 0 0 0 -0.323225 100 37 0.364324 100 19 0 0 0 -2.11084 100 28 0 0 0 0 0 0 0 0 0 0 0
47000 -257.537 0 0 0 0.824534 100 31 3.29158 100 15 0 0 0 -2.26717 100 24 0 0 0 0 0 0 0 0 0 0 0
47100 -255.637 0 0 0 1.10723 100 32 5.06024 100 22 0 0 0 -2.94978 100 28 0 0 0 0 0 0 0 0 0 0 0
47200 -255.801 0 0 0 1.25657 100 35 4.9624 100 10 0 0 0 -2.77336 100 22 0 0 0 0 0 0 0 0 0 0 0
47300 -254.838 0 0 0 0.755438 100 34 3.48649 100 16 0 0 0 -2.46696 100 23 0 0 0 0 0 0 0 0 0 0 0
47400 -255.033 0 0 0 0.155019 100 35 2.38895 100 21 0 0 0 -2.26622 100 29 0 0 0 0 0 0 0 0 0 0 0
47500 -256.572 0 0 0 1.07812 100 36 4.75699 100 31 0 0 0 -2.57623 100 21 0 0 0 0 0 0 0 0 0 0 0
47600 -256.977 0 0 0 0.0239211 100 40 -0.326432 100 27 0 0 0 -2.24198 100 29 0 0 0 0 0 0 0 0 0 0 0
47700 -258.206 0 0 0 0.68323 100 35 6.41119 100 23 0 0 0 -2.99141 100 23 0 0 0 0 0 0 0 0 0 0 0
47800 -254.902 0 0 0 0.247193 100 30 1.78031 100 18 0 0 0 -2.37903 100 24 0 0 0 0 0 0 0 0 0 0 0
47900 -257.79 0 0 0 0.198665 100 36 3.02763 100 23 0 0 0 -2.73148 100 19 0 0 0 0 0 0 0 0 0 0 0
48000 -256.388 0 0 0 0.881019 100 34 1.53585 100 21 0 0 0 -2.62544 100 22 0 0 0 0 0 0 0 0 0 0 0
48100 -254.425 0 0 0 0.455153 100 32 2.43457 100 25 0 0 0 -2.39961 100 25 0 0 0 0 0 0 0 0 0 0 0
48200 -256.487 0 0 0 1.17462 100 35 3.90834 100 20 0 0 0 -2.97366 100 20 0 0 0 0 0 0 0 0 0 0 0
48300 -254.434 0 0 0 0.531032 100 35 2.27366 100 15 0 0 0 -2.4148 100 21 0 0 0 0 0 0 0 0 0 0 0
48400 -254.513 0 0 0 0.655008 100 31 3.13493 100 18 0 0 0 -2.58786 100 22 0 0 0 0 0 0 0 0 0 0 0
48500 -256.529 0 0 0 0.356649 100 32 0.891299 100 26 0 0 0 -2.0209 100 19 0 0 0 0 0 0 0 0 0 0 0
48600 -255.129 0 0 0 0.736946 100 27 3.58056 100 28 0 0 0 -2.43476 100 22 0 0 0 0 0 0 0 0 0 0 0
48700 -254.822 0 0 0 0.322371 100 31 2.1571 100 24 0 0 0 -2.24598 100 18 0 0 0 0 0 0 0 0 0 0 0
48800 -257.128 0 0 0 0.0202478 100 27 0.166565 100 17 0 0 0 -1.88109 100 18 0 0 0 0 0 0 0 0 0 0 0
48900 -254.685 0 0 0 0.505713 100 28 3.57041 100 24 0 0 0 -2.55447 100 23 0 0 0 0 0 0 0 0 0 0 0
49000 -256.115 0 0 0 1.02228 100 22 5.8415 100 15 0 0 0 -2.85298 100 19 0 0 0 0 0 0 0 0 0 0 0
49100 -254.521 0 0 0 0.820881 100 29 3.40894 100 27 0 0 0 -2.57054 100 20 0 0 0 0 0 0 0 0 0 0 0
49200 -254.673 0 0 0 0.304979 100 40 1.71357 100 18 0 0 0 -2.26598 100 15 0 0 0 0 0 0 0 0 0 0 0
49300 -255.31 0 0 0 0.299241 100 31 3.57077 100 17 0 0 0 -2.54947 100 18 0 0 0 0 0 0 0 0 0 0 0
49400 -255.445 0 0 0 0.269577 100 32 0.967634 100 27 0 0 0 -2.10064 100 16 0 0 0 0 0 0 0 0 0 0 0
49500 -254.514 0 0 0 0.451159 100 36 2.21232 100 17 0 0 0 -2.43058 100 21 0 0 0 0 0 0 0 0 0 0 0
49600 -257.075 0 0 0 1.54408 100 34 4.15777 100 22 0 0 0 -2.82857 100 20 0 0 0 0 0 0 0 0 0 0 0
49700 -258.501 0 0 0 1.39398 100 24 1.8704 100 24 0 0 0 -2.67176 100 19 0 0 0 0 0 0 0 0 0 0 0
49800 -257.499 0 0 0 -0.445718 100 39 0.848736 100 23 0 0 0 -1.93736 100 18 0 0 0 0 0 0 0 0 0 0 0
49900 -255.647 0 0 0 0.433934 100 37 1.67679 100 19 0 0 0 -2.14115 100 22 0 0 0 0 0 0 0 0 0 0 0
50000 -255.513 0 0 0 1.27035 100 34 4.48611 100 17 0 0 0 -2.86574 100 18 0 0 0 0 0 0 0 0 0 0 0
50100 -255.753 0 0 0 1.21286 100 32 3.17942 100 20 0 0 0 -2.67728 100 26 0 0 0 0 0 0 0 0 0 0 0
50200 -254.651 0 0 0 0.30109 100 40 1.70635 100 28 0 0 0 -2.3067 100 26 0 0 0 0 0 0 0 0 0 0 0
50300 -255.816 0 0 0 1.31516 100 32 5.29827 100 16 0 0 0 -2.96657 100 23 0 0 0 0 0 0 0 0 0 0 0
50400 -255.498 0 0 0 0.633992 100 29 2.5187 100 24 0 0 0 -2.26679 100 26 0 0 0 0 0 0 0 0 0 0 0
50500 -255.103 0 0 0 0.740945 100 32 3.10532 100 19 0 0 0 -2.38918 100 15 0 0 0 0 0 0 0 0 0 0 0
50600 -256.65 0 0 0 -0.230478 100 24 2.17853 100 26 0 0 0 -2.32459 100 18 0 0 0 0 0 0 0 0 0 0 0
50700 -255.651 0 0 0 0.973282 100 35 2.04544 100 21 0 0 0 -2.58557 100 19 0 0 0 0 0 0 0 0 0 0 0
50800 -255.825 0 0 0 1.03762 100 42 4.96124 100 18 0 0 0 -2.96412 100 19 0 0 0 0 0 0 0 0 0 0 0
50900 -255.105 0 0 0 0.629082 100 38 1.31495 100 25 0 0 0 -2.33996 100 19 0 0 0 0 0 0 0 0 0 0 0
51000 -255.215 0 0 0 0.616472 100 33 3.60019 100 22 0 0 0 -2.71868 100 19 0 0 0 0 0 0 0 0 0 0 0
51100 -255.331 0 0 0 -0.014497 100 30 1.81255 100 17 0 0 0 -2.24319 100 18 0 0 0 0 0 0 0 0 0 0 0
51200 -255.147 0 0 0 0.650007 100 38 1.74561 100 26 0 0 0 -2.51542 100 26 0 0 0 0 0 0 0 0 0 0 0
51300 -256.296 0 0 0 0.187682 100 29 -0.449775 100 17 0 0 0 -2.08129 100 12 0 0 0 0 0 0 0 0 0 0 0
51400 -255.699 0 0 0 -0.00805079 100 36 2.5087 100 14 0 0 0 -2.23028 100 18 0 0 0 0 0 0 0 0 0 0 0
51500 -256.439 0 0 0 -0.299828 100 40 1.44311 100 16 0 0 0 -2.15013 100 20 0 0 0 0 0 0 0 0 0 0 0
51600 -257.94 0 0 0 1.1031 100 32 1.77896 100 14 0 0 0 -2.79719 100 18 0 0 0 0 0 0 0 0 0 0 0
51700 -255.298 0 0 0 1.06604 100 37 2.8843 100 22 0 0 0 -2.60548 100 21 0 0 0 0 0 0 0 0 0 0 0
51800 -260.494 0 0 0 0.668394 100 39 1.83668 100 25 0 0 0 -2.91153 100 22 0 0 0 0 0 0 0 0 0 0 0
51900 -255.496 0 0 0 1.17036 100 34 5.23782 100 20 0 0 0 -2.86195 100 18 0 0 0 0 0 0 0 0 0 0 0
52000 -257.266 0 0 0 0.240287 100 26 3.26483 100 17 0 0 0 -2.16298 100 21 0 0 0 0 0 0 0 0 0 0 0
52100 -256.476 0 0 0 0.451474 100 42 -0.251661 100 24 0 0 0 -2.16901 100 23 0 0 0 0 0 0 0 0 0 0 0
52200 -254.825 0 0 0 0.344281 100 39 1.55453 100 17 0 0 0 -2.37287 100 19 0 0 0 0 0 0 0 0 0 0 0
52300 -256.47 0 0 0 1.40014 100 20 6.13587 100 15 0 0 0 -3.05747 100 27 0 0 0 0 0 0 0 0 0 0 0
52400 -255.178 0 0 0 0.576657 100 34 4.40552 100 18 0 0 0 -2.61047 100 22 0 0 0 0 0 0 0 0 0 0 0
52500 -255.276 0 0 0 0.291269 100 34 3.63478 100 18 0 0 0 -2.45298 100 20 0 0 0 0 0 0 0 0 0 0 0
52600 -254.49 0 0 0 0.634639 100 27 2.49686 100 21 0 0 0 -2.4122 100 19 0 0 0 0 0 0 0 0 0 0 0
52700 -255.69 0 0 0 0.414863 100 36 4.32391 100 18 0 0 0 -2.66031 100 24 0 0 0 0 0 0 0 0 0 0 0
52800 -254.721 0 0 0 0.341428 100 36 3.05654 100 17 0 0 0 -2.4355 100 15 0 0 0 0 0 0 0 0 0 0 0
52900 -255.743 0 0 0 0.169988 100 29 2.98082 100 15 0 0 0 -2.24496 100 20 0 0 0 0 0 0 0 0 0 0 0
53000 -254.575 0 0 0 0.470012 100 31 2.03968 100 28 0 0 0 -2.42972 100 26 0 0 0 0 0 0 0 0 0 0 0
53100 -257.617 0 0 0 1.41962 100 41 2.71626 100 27 0 0 0 -2.67562 100 25 0 0 0 0 0 0 0 0 0 0 0
53200 -257.886 0 0 0 0.370956 100 42 -0.222163 100 20 0 0 0 -1.93235 100 20 0 0 0 0 0 0 0 0 0 0 0
53300 -254.842 0 0 0 0.977678 100 35 3.28061 100 16 0 0 0 -2.66605 100 21 0 0 0 0 0 0 0 0 0 0 0
53400 -263.368 0 0 0 -0.32407 100 36 5.58168 100 27 0 0 0 -2.47707 100 14 0 0 0 0 0 0 0 0 0 0 0
53500 -257.043 0 0 0 0.695423 100 36 5.58483 100 22 0 0 0 -2.95522 100 19 0 0 0 0 0 0 0 0 0 0 0
53600 -255.628 0 0 0 0.531039 100 31 3.25536 100 25 0 0 0 -2.71269 100 20 0 0 0 0 0 0 0 0 0 0 0
53700 -254.798 0 0 0 0.536601 100 36 2.18597 100 28 0 0 0 -2.51725 100 22 0 0 0 0 0 0 0 0 0 0 0
53800 -256.14 0 0 0 -0.131401 100 29 1.08372 100 20 0 0 0 -2.27035 100 30 0 0 0 0 0 0 0 0 0 0 0
53900 -256.316 0 0 0 1.31056 100 35 6.08665 100 22 0 0 0 -3.02623 100 28 0 0 0 0 0 0 0 0 0 0 0
54000 -254.734 0 0 0 0.422815 100 32 2.43798 100 22 0 0 0 -2.29324 100 16 0 0 0 0 0 0 0 0 0 0 0
54100 -257.336 0 0 0 0.52752 100 40 -0.415593 100 16 0 0 0 -2.09026 100 22 0 0 0 0 0 0 0 0 0 0 0
54200 -257.734 0 0 0 1.02842 100 30 0.790902 100 20 0 0 0 -2.38163 100 32 0 0 0 0 0 0 0 0 0 0 0
54300 -257.203 0 0 0 1.4836 100 33 4.09459 100 24 0 0 0 -2.72982 100 24 0 0 0 0 0 0 0 0 0 0 0
54400 -254.671 0 0 0 0.793033 100 38 3.04398 100 21 0 0 0 -2.63424 100 26 0 0 0 0 0 0 0 0 0 0 0
54500 -255.41 0 0 0 1.21758 100 29 4.80826 100 19 0 0 0 -2.81434 100 19 0 0 0 0 0 0 0 0 0 0 0
54600 -255.204 0 0 0 0.720669 100 37 2.09948 100 19 0 0 0 -2.3196 100 25 0 0 0 0 0 0 0 0 0 0 0
54700 -254.495 0 0 0 0.740278 100 28 3.63121 100 10 0 0 0 -2.5846 100 14 0 0 0 0 0 0 0 0 0 0 0
54800 -256.24 0 0 0 1.08132 100 29 2.19139 100 26 0 0 0 -2.68836 100 21 0 0 0 0 0 0 0 0 0 0 0
54900 -255.398 0 0 0 0.664324 100 32 1.14906 100 19 0 0 0 -2.40604 100 26 0 0 0 0 0 0 0 0 0 0 0
55000 -255.446 0 0 0 0.25056 100 27 0.378106 100 29 0 0 0 -2.19581 100 17 0 0 0 0 0 0 0 0 0 0 0
55100 -257.206 0 0 0 0.901461 100 39 1.8541 100 19 0 0 0 -2.75748 100 24 0 0 0 0 0 0 0 0 0 0 0
55200 -255.946 0 0 0 0.240059 100 34 0.325026 100 20 0 0 0 -2.04159 100 23 0 0 0 0 0 0 0 0 0 0 0
55300 -258.205 0 0 0 -0.539724 100 39 1.81274 100 13 0 0 0 -2.0523 100 23 0 0 0 0 0 0 0 0 0 0 0
55400 -255.255 0 0 0 0.513067 100 40 4.12818 100 29 0 0 0 -2.67208 100 19 0 0 0 0 0 0 0 0 0 0 0
55500 -256.621 0 0 0 -0.151764 100 35 2.34496 100 22 0 0 0 -2.39967 100 16 0 0 0 0 0 0 0 0 0 0 0
55600 -255.516 0 0 0 0.127367 100 36 1.33134 100 21 0 0 0 -2.0839 100 17 0 0 0 0 0 0 0 0 0 0 0
55700 -257.103 0 0 0 0.869695 100 42 5.90103 100 30 0 0 0 -3.03672 100 25 0 0 0 0 0 0 0 0 0 0 0
55800 -255.584 0 0 0 0.659795 100 33 2.34049 100 25 0 0 0 -2.25845 100 20 0 0 0 0 0 0 0 0 0 0 0
55900 -254.819 0 0 0 0.601273 100 40 3.37424 100 16 0 0 0 -2.64673 100 22 0 0 0 0 0 0 0 0 0 0 0
56000 -257.768 0 0 0 1.52233 100 31 3.62013 100 24 0 0 0 -2.71489 100 20 0 0 0 0 0 0 0 0 0 0 0
56100 -255.012 0 0 0 0.186743 100 41 1.40399 100 23 0 0 0 -2.31722 100 19 0 0 0 0 0 0 0 0 0 0 0
56200 -256.867 0 0 0 0.753841 100 29 0.511676 100 22 0 0 0 -2.22428 100 23 0 0 0 0 0 0 0 0 0 0 0
56300 -255.445 0 0 0 0.0876732 100 35 0.491037 100 15 0 0 0 -2.16892 100 27 0 0 0 0 0 0 0 0 0 0 0
56400 -256.015 0 0 0 1.37758 100 35 5.16922 100 19 0 0 0 -2.86887 100 23 0 0 0 0 0 0 0 0 0 0 0
56500 -255.915 0 0 0 -0.00799816 100 37 0.7825 100 22 0 0 0 -2.27885 100 15 0 0 0 0 0 0 0 0 0 0 0
56600 -256.209 0 0 0 0.458041 100 35 0.238804 100 20 0 0 0 -2.3496 100 26 0 0 0 0 0 0 0 0 0 0 0
56700 -255.362 0 0 0 0.163271 100 32 3.19809 100 17 0 0 0 -2.4345 100 24 0 0 0 0 0 0 0 0 0 0 0
56800 -256.023 0 0 0 0.846637 100 33 5.48166 100 16 0 0 0 -2.89787 100 24 0 0 0 0 0 0 0 0 0 0 0
56900 -256.805 0 0 0 -0.115126 100 46 0.90965 100 19 0 0 0 -1.93196 100 19 0 0 0 0 0 0 0 0 0 0 0
57000 -255.029 0 0 0 0.761317 100 39 2.57266 100 19 0 0 0 -2.37465 100 24 0 0 0 0 0 0 0 0 0 0 0
57100 -256.11 0 0 0 0.374584 100 44 3.3007 100 16 0 0 0 -2.69697 100 19 0 0 0 0 0 0 0 0 0 0 0
57200 -255.536 0 0 0 0.582102 100 36 3.95032 100 20 0 0 0 -2.41897 100 20 0 0 0 0 0 0 0 0 0 0 0
57300 -255.605 0 0 0 0.244178 100 39 0.833229 100 27 0 0 0 -2.35249 100 28 0 0 0 0 0 0 0 0 0 0 0
57400 -254.473 0 0 0 0.721254 100 36 2.94323 100 16 0 0 0 -2.5636 100 22 0 0 0 0 0 0 0 0 0 0 0
57500 -256.464 0 0 0 -0.038789 100 28 -0.320084 100 13 0 0 0 -1.95563 100 19 0 0 0 0 0 0 0 0 0 0 0
57600 -255.169 0 0 0 0.909418 100 38 4.46581 100 23 0 0 0 -2.61614 100 24 0 0 0 0 0 0 0 0 0 0 0
57700 -255.535 0 0 0 0.397385 100 33 0.791912 100 21 0 0 0 -2.13527 100 21 0 0 0 0 0 0 0 0 0 0 0
57800 -255.056 0 0 0 0.320969 100 26 2.55392 100 23 0 0 0 -2.25166 100 20 0 0 0 0 0 0 0 0 0 0 0
57900 -259.164 0 0 0 1.06396 100 38 2.19191 100 20 0 0 0 -2.94667 100 25 0 0 0 0 0 0 0 0 0 0 0
58000 -255.545 0 0 0 0.713686 100 37 4.32768 100 22 0 0 0 -2.49993 100 26 0 0 0 0 0 0 0 0 0 0 0
58100 -254.965 0 0 0 0.573361 100 38 1.93125 100 21 0 0 0 -2.51357 100 24 0 0 0 0 0 0 0 0 0 0 0
58200 -256.904 0 0 0 1.5062 100 32 6.13528 100 20 0 0 0 -2.98174 100 23 0 0 0 0 0 0 0 0 0 0 0
58300 -255.793 0 0 0 0.0739158 100 32 1.09486 100 17 0 0 0 -2.03782 100 16 0 0 0 0 0 0 0 0 0 0 0
58400 -256.425 0 0 0 0.314628 100 31 -0.296846 100 17 0 0 0 -2.23333 100 18 0 0 0 0 0 0 0 0 0 0 0
58500 -255.134 0 0 0 0.129392 100 32 2.11612 100 26 0 0 0 -2.37853 100 26 0 0 0 0 0 0 0 0 0 0 0
58600 -255.614 0 0 0 0.526395 100 43 4.31319 100 22 0 0 0 -2.73476 100 23 0 0 0 0 0 0 0 0 0 0 0
58700 -254.488 0 0 0 0.661446 100 32 2.43361 100 23 0 0 0 -2.4389 100 22 0 0 0 0 0 0 0 0 0 0 0
58800 -255.73 0 0 0 0.977484 100 26 4.89215 100 26 0 0 0 -2.93618 100 19 0 0 0 0 0 0 0 0 0 0 0
58900 -254.859 0 0 0 0.190668 100 36 1.68832 100 21 0 0 0 -2.22093 100 26 0 0 0 0 0 0 0 0 0 0 0
59000 -255.562 0 0 0 0.111554 100 38 2.53886 100 20 0 0 0 -2.20585 100 18 0 0 0 0 0 0 0 0 0 0 0
59100 -255.721 0 0 0 1.12666 100 39 2.7731 100 20 0 0 0 -2.58253 100 21 0 0 0 0 0 0 0 0 0 0 0
59200 -254.619 0 0 0 0.531027 100 38 1.87064 100 22 0 0 0 -2.33291 100 26 0 0 0 0 0 0 0 0 0 0 0
59300 -254.546 0 0 0 0.553705 100 39 3.33743 100 18 0 0 0 -2.55986 100 16 0 0 0 0 0 0 0 0 0 0 0
59400 -258.237 0 0 0 0.661985 100 23 5.0452 100 16 0 0 0 -2.42888 100 23 0 0 0 0 0 0 0 0 0 0 0
59500 -257.22 0 0 0 0.618339 100 24 -0.326736 100 19 0 0 0 -2.19539 100 14 0 0 0 0 0 0 0 0 0 0 0
59600 -254.455 0 0 0 0.757595 100 33 3.36832 100 19 0 0 0 -2.55957 100 15 0 0 0 0 0 0 0 0 0 0 0
59700 -257.818 0 0 0 0.0248656 100 36 -1.60542 100 23 0 0 0 -1.97467 100 23 0 0 0 0 0 0 0 0 0 0 0
59800 -257.717 0 0 0 0.0503456 100 34 4.51667 100 23 0 0 0 -2.62321 100 13 0 0 0 0 0 0 0 0 0 0 0
59900 -257.707 0 0 0 0.228468 100 28 4.82066 100 15 0 0 0 -2.45476 100 26 0 0 0 0 0 0 0 0 0 0 0
60000 -255.762 0 0 0 0.0815651 100 32 0.165275 100 16 0 0 0 -2.05805 100 25 0 0 0 0 0 0 0 0 0 0 0
60100 -257.155 0 0 0 1.64407 100 30 6.20049 100 19 0 0 0 -3.09496 100 17 0 0 0 0 0 0 0 0 0 0 0
60200 -256.057 0 0 0 0.821247 100 29 4.73867 100 26 0 0 0 -2.92246 100 25 0 0 0 0 0 0 0 0 0 0 0
60300 -255.723 0 0 0 0.293642 100 31 3.89308 100 21 0 0 0 -2.60479 100 14 0 0 0 0 0 0 0 0 0 0 0
60400 -255.012 0 0 0 0.884567 100 27 4.35666 100 24 0 0 0 -2.61554 100 23 0 0 0 0 0 0 0 0 0 0 0
60500 -257.714 0 0 0 0.661978 100 30 2.51245 100 18 0 0 0 -2.13864 100 17 0 0 0 0 0 0 0 0 0 0 0
60600 -255.164 0 0 0 0.330904 100 25 3.65295 100 25 0 0 0 -2.46332 100 24 0 0 0 0 0 0 0 0 0 0 0
60700 -255.355 0 0 0 0.441605 100 34 1.0552 100 19 0 0 0 -2.40112 100 20 0 0 0 0 0 0 0 0 0 0 0
60800 -255.275 0 0 0 0.0445055 100 39 2.30372 100 19 0 0 0 -2.31749 100 17 0 0 0 0 0 0 0 0 0 0 0
60900 -255.256 0 0 0 1.03782 100 34 4.97512 100 17 0 0 0 -2.77001 100 23 0 0 0 0 0 0 0 0 0 0 0
61000 -254.649 0 0 0 0.38429 100 18 3.06731 100 19 0 0 0 -2.42205 100 21 0 0 0 0 0 0 0 0 0 0 0
61100 -254.877 0 0 0 0.303611 100 36 2.80269 100 21 0 0 0 -2.48129 100 19 0 0 0 0 0 0 0 0 0 0 0
61200 -257.529 0 0 0 0.932195 100 32 3.54035 100 19 0 0 0 -2.3305 100 26 0 0 0 0 0 0 0 0 0 0 0
61300 -257.128 0 0 0 -0.374968 100 41 1.07857 100 13 0 0 0 -2.21428 100 16 0 0 0 0 0 0 0 0 0 0 0
61400 -256.964 0 0 0 0.0795904 100 32 2.87774 100 24 0 0 0 -2.12881 100 21 0 0 0 0 0 0 0 0 0 0 0
61500 -255.694 0 0 0 1.05598 100 31 5.04957 100 27 0 0 0 -2.95051 100 21 0 0 0 0 0 0 0 0 0 0 0
61600 -255.086 0 0 0 0.972498 100 32 4.55633 100 27 0 0 0 -2.67395 100 23 0 0 0 0 0 0 0 0 0 0 0
61700 -254.602 0 0 0 0.750665 100 34 3.60079 100 17 0 0 0 -2.65749 100 15 0 0 0 0 0 0 0 0 0 0 0
61800 -256.119 0 0 0 0.441608 100 29 3.88664 100 18 0 0 0 -2.3474 100 19 0 0 0 0 0 0 0 0 0 0 0
61900 -260.928 0 0 0 0.39779 100 34 4.46594 100 20 0 0 0 -2.18969 100 22 0 0 0 0 0 0 0 0 0 0 0
62000 -255.993 0 0 0 0.196187 100 41 1.54223 100 17 0 0 0 -2.47311 100 21 0 0 0 0 0 0 0 0 0 0 0
62100 -255.636 0 0 0 1.02972 100 32 2.85465 100 28 0 0 0 -2.4835 100 18 0 0 0 0 0 0 0 0 0 0 0
62200 -256.634 0 0 0 1.4109 100 32 3.84866 100 21 0 0 0 -2.94017 100 22 0 0 0 0 0 0 0 0 0 0 0
62300 -256.097 0 0 0 0.907819 100 39 5.73991 100 23 0 0 0 -2.83358 100 17 0 0 0 0 0 0 0 0 0 0 0
62400 -255.241 0 0 0 0.354377 100 29 0.692521 100 15 0 0 0 -2.26276 100 21 0 0 0 0 0 0 0 0 0 0 0
62500 -254.829 0 0 0 0.348171 100 33 3.15837 100 19 0 0 0 -2.39373 100 18 0 0 0 0 0 0 0 0 0 0 0
62600 -256.049 0 0 0 -0.0174021 100 38 1.20922 100 21 0 0 0 -2.01887 100 25 0 0 0 0 0 0 0 0 0 0 0
62700 -254.809 0 0 0 0.245152 100 43 2.19853 100 27 0 0 0 -2.26103 100 27 0 0 0 0 0 0 0 0 0 0 0
62800 -255.267 0 0 0 0.556624 100 32 1.92197 100 19 0 0 0 -2.55144 100 21 0 0 0 0 0 0 0 0 0 0 0
62900 -256.156 0 0 0 -0.156453 100 31 0.526155 100 25 0 0 0 -2.18077 100 17 0 0 0 0 0 0 0 0 0 0 0
63000 -254.541 0 0 0 0.757897 100 30 2.87241 100 21 0 0 0 -2.47945 100 20 0 0 0 0 0 0 0 0 0 0 0
63100 -254.977 0 0 0 0.709707 100 27 1.68801 100 21 0 0 0 -2.41531 100 21 0 0 0 0 0 0 0 0 0 0 0
63200 -256.338 0 0 0 1.0594 100 32 5.38594 100 14 0 0 0 -3.03644 100 25 0 0 0 0 0 0 0 0 0 0 0
63300 -254.766 0 0 0 0.934875 100 32 3.82313 100 16 0 0 0 -2.7252 100 25 0 0 0 0 0 0 0 0 0 0 0
63400 -255.409 0 0 0 0.702607 100 30 4.21356 100 16 0 0 0 -2.79495 100 22 0 0 0 0 0 0 0 0 0 0 0
63500 -254.701 0 0 0 0.646386 100 40 3.69864 100 16 0 0 0 -2.64831 100 22 0 0 0 0 0 0 0 0 0 0 0
63600 -254.451 0 0 0 0.720462 100 35 3.11656 100 15 0 0 0 -2.57347 100 29 0 0 0 0 0 0 0 0 0 0 0
63700 -254.553 0 0 0 0.695881 100 35 3.49548 100 21 0 0 0 -2.62621 100 26 0 0 0 0 0 0 0 0 0 0 0
63800 -254.428 0 0 0 0.45842 100 32 2.60787 100 29 0 0 0 -2.43048 100 14 0 0 0 0 0 0 0 0 0 0 0
63900 -255.574 0 0 0 0.705787 100 34 2.8914 100 19 0 0 0 -2.7274 100 24 0 0 0 0 0 0 0 0 0 0 0
64000 -255.635 0 0 0 0.0451448 100 36 1.36166 100 20 0 0 0 -2.3419 100 19 0 0 0 0 0 0 0 0 0 0 0
64100 -254.936 0 0 0 0.744469 100 32 3.60178 100 17 0 0 0 -2.46364 100 24 0 0 0 0 0 0 0 0 0 0 0
64200 -254.516 0 0 0 0.605129 100 32 3.36039 100 17 0 0 0 -2.57742 100 19 0 0 0 0 0 0 0 0 0 0 0
64300 -255.155 0 0 0 1.0966 100 38 3.3387 100 21 0 0 0 -2.67515 100 14 0 0 0 0 0 0 0 0 0 0 0
64400 -254.736 0 0 0 0.903779 100 37 4.18372 100 17 0 0 0 -2.70839 100 14 0 0 0 0 0 0 0 0 0 0 0
64500 -255.446 0 0 0 0.573526 100 43 0.96504 100 21 0 0 0 -2.3936 100 17 0 0 0 0 0 0 0 0 0 0 0
64600 -255.743 0 0 0 -0.0320741 100 36 1.28992 100 25 0 0 0 -2.06536 100 22 0 0 0 0 0 0 0 0 0 0 0
64700 -254.533 0 0 0 0.348172 100 34 2.14707 100 19 0 0 0 -2.33821 100 23 0 0 0 0 0 0 0 0 0 0 0
64800 -255.832 0 0 0 0.70516 100 45 3.94334 100 13 0 0 0 -2.40902 100 19 0 0 0 0 0 0 0 0 0 0 0
64900 -254.806 0 0 0 0.71098 100 40 1.934 100 16 0 0 0 -2.42225 100 27 0 0 0 0 0 0 0 0 0 0 0
65000 -256.622 0 0 0 0.858879 100 31 1.12003 100 22 0 0 0 -2.28833 100 22 0 0 0 0 0 0 0 0 0 0 0
65100 -255.811 0 0 0 0.00148278 100 23 2.45488 100 11 0 0 0 -2.19128 100 20 0 0 0 0 0 0 0 0 0 0 0
65200 -258.118 0 0 0 -0.212527 100 37 -1.66666 100 16 0 0 0 -1.85131 100 17 0 0 0 0 0 0 0 0 0 0 0
65300 -255.581 0 0 0 1.20712 100 24 4.85725 100 19 0 0 0 -2.76203 100 17 0 0 0 0 0 0 0 0 0 0 0
65400 -255.383 0 0 0 0.414881 100 33 0.962412 100 18 0 0 0 -2.15778 100 22 0 0 0 0 0 0 0 0 0 0 0
65500 -255.857 0 0 0 0.149413 100 34 3.68861 100 14 0 0 0 -2.46598 100 20 0 0 0 0 0 0 0 0 0 0 0
65600 -254.533 0 0 0 0.440007 100 32 2.08129 100 22 0 0 0 -2.41236 100 13 0 0 0 0 0 0 0 0 0 0 0
65700 -256.657 0 0 0 0.131108 100 42 3.47716 100 17 0 0 0 -2.62482 100 18 0 0 0 0 0 0 0 0 0 0 0
65800 -254.716 0 0 0 0.815093 100 36 3.06871 100 13 0 0 0 -2.47814 100 11 0 0 0 0 0 0 0 0 0 0 0
65900 -255.512 0 0 0 1.11767 100 36 2.87067 100 22 0 0 0 -2.64033 100 25 0 0 0 0 0 0 0 0 0 0 0
66000 -255.554 0 0 0 0.685013 100 25 4.82706 100 17 0 0 0 -2.78525 100 32 0 0 0 0 0 0 0 0 0 0 0
66100 -256.594 0 0 0 -0.26287 100 45 1.29924 100 17 0 0 0 -2.02081 100 16 0 0 0 0 0 0 0 0 0 0 0
66200 -256.456 0 0 0 0.184773 100 29 2.85745 100 27 0 0 0 -2.15791 100 18 0 0 0 0 0 0 0 0 0 0 0
66300 -256.065 0 0 0 0.039226 100 25 1.98644 100 20 0 0 0 -2.44713 100 15 0 0 0 0 0 0 0 0 0 0 0
66400 -256.608 0 0 0 1.54741 100 33 4.93305 100 16 0 0 0 -2.93968 100 22 0 0 0 0 0 0 0 0 0 0 0
66500 -256.471 0 0 0 1.35483 100 26 4.17923 100 15 0 0 0 -2.98939 100 29 0 0 0 0 0 0 0 0 0 0 0
66600 -256.051 0 0 0 1.41713 100 44 4.69388 100 16 0 0 0 -2.93715 100 26 0 0 0 0 0 0 0 0 0 0 0
66700 -255.536 0 0 0 1.22591 100 37 4.98146 100 17 0 0 0 -2.81203 100 23 0 0 0 0 0 0 0 0 0 0 0
66800 -257.627 0 0 0 1.00852 100 39 0.670182 100 16 0 0 0 -2.48523 100 23 0 0 0 0 0 0 0 0 0 0 0
66900 -256.48 0 0 0 1.27567 100 30 3.06347 100 19 0 0 0 -2.61006 100 20 0 0 0 0 0 0 0 0 0 0 0
67000 -255.452 0 0 0 0.719473 100 28 4.76324 100 16 0 0 0 -2.79344 100 20 0 0 0 0 0 0 0 0 0 0 0
67100 -259.438 0 0 0 -0.0455413 100 32 -1.57822 100 26 0 0 0 -2.21927 100 26 0 0 0 0 0 0 0 0 0 0 0
67200 -254.912 0 0 0 0.807386 100 27 3.2595 100 25 0 0 0 -2.45407 100 15 0 0 0 0 0 0 0 0 0 0 0
67300 -254.407 0 0 0 0.655579 100 35 2.99313 100 16 0 0 0 -2.53537 100 21 0 0 0 0 0 0 0 0 0 0 0
67400 -254.79 0 0 0 0.682972 100 43 3.34488 100 21 0 0 0 -2.66698 100 22 0 0 0 0 0 0 0 0 0 0 0
67500 -255.549 0 0 0 0.605441 100 32 4.25844 100 19 0 0 0 -2.47783 100 19 0 0 0 0 0 0 0 0 0 0 0
67600 -256.106 0 0 0 0.328882 100 39 0.820632 100 19 0 0 0 -2.43265 100 19 0 0 0 0 0 0 0 0 0 0 0
67700 -256.432 0 0 0 0.598426 100 37 3.64635 100 16 0 0 0 -2.30393 100 16 0 0 0 0 0 0 0 0 0 0 0
67800 -255.223 0 0 0 0.605873 100 36 1.67182 100 19 0 0 0 -2.51289 100 20 0 0 0 0 0 0 0 0 0 0 0
67900 -254.609 0 0 0 0.435174 100 36 3.18829 100 22 0 0 0 -2.49352 100 26 0 0 0 0 0 0 0 0 0 0 0
68000 -255.054 0 0 0 0.707096 100 42 1.77492 100 20 0 0 0 -2.49587 100 21 0 0 0 0 0 0 0 0 0 0 0
68100 -255.313 0 0 0 0.270267 100 36 3.51104 100 16 0 0 0 -2.40533 100 22 0 0 0 0 0 0 0 0 0 0 0
68200 -256.337 0 0 0 0.644134 100 35 3.48856 100 27 0 0 0 -2.82664 100 24 0 0 0 0 0 0 0 0 0 0 0
68300 -255.411 0 0 0 0.11362 100 35 2.47147 100 21 0 0 0 -2.21717 100 18 0 0 0 0 0 0 0 0 0 0 0
68400 -255.057 0 0 0 0.361334 100 36 2.02709 100 19 0 0 0 -2.2049 100 14 0 0 0 0 0 0 0 0 0 0 0
68500 -256.386 0 0 0 0.981283 100 29 1.45698 100 17 0 0 0 -2.55848 100 23 0 0 0 0 0 0 0 0 0 0 0
68600 -256.375 0 0 0 0.381182 100 30 -0.208754 100 21 0 0 0 -2.10306 100 22 0 0 0 0 0 0 0 0 0 0 0
68700 -255.073 0 0 0 0.0932978 100 33 1.55263 100 25 0 0 0 -2.281 100 19 0 0 0 0 0 0 0 0 0 0 0
68800 -255.823 0 0 0 0.670035 100 38 4.85212 100 16 0 0 0 -2.82397 100 19 0 0 0 0 0 0 0 0 0 0 0
68900 -254.462 0 0 0 0.767261 100 38 3.06948 100 20 0 0 0 -2.53973 100 22 0 0 0 0 0 0 0 0 0 0 0
69000 -256.556 0 0 0 -0.227011 100 25 2.0954 100 18 0 0 0 -2.31102 100 23 0 0 0 0 0 0 0 0 0 0 0
69100 -255.416 0 0 0 1.13585 100 34 4.86578 100 23 0 0 0 -2.74965 100 19 0 0 0 0 0 0 0 0 0 0 0
69200 -255.071 0 0 0 0.589222 100 32 4.21248 100 25 0 0 0 -2.54945 100 32 0 0 0 0 0 0 0 0 0 0 0
69300 -256.661 0 0 0 1.07768 100 29 5.62269 100 16 0 0 0 -2.71358 100 17 0 0 0 0 0 0 0 0 0 0 0
69400 -255.539 0 0 0 1.22078 100 34 5.01936 100 18 0 0 0 -2.92446 100 24 0 0 0 0 0 0 0 0 0 0 0
69500 -255.576 0 0 0 0.105758 100 31 1.01259 100 26 0 0 0 -2.06236 100 21 0 0 0 0 0 0 0 0 0 0 0
69600 -255.778 0 0 0 0.186307 100 36 0.499246 100 16 0 0 0 -2.29842 100 24 0 0 0 0 0 0 0 0 0 0 0
69700 -254.761 0 0 0 0.615776 100 30 3.01737 100 28 0 0 0 -2.61983 100 17 0 0 0 0 0 0 0 0 0 0 0
69800 -255.657 0 0 0 0.860417 100 37 5.01369 100 21 0 0 0 -2.65192 100 22 0 0 0 0 0 0 0 0 0 0 0
69900 -255.98 0 0 0 1.28911 100 38 4.19947 100 19 0 0 0 -2.69761 100 20 0 0 0 0 0 0 0 0 0 0 0
70000 -256.184 0 0 0 0.452726 100 35 -0.0468884 100 25 0 0 0 -2.19627 100 20 0 0 0 0 0 0 0 0 0 0 0
70100 -259.665 0 0 0 1.62849 100 33 7.4353 100 16 0 0 0 -3.02672 100 12 0 0 0 0 0 0 0 0 0 0 0
70200 -255.242 0 0 0 0.204115 100 32 1.47856 100 13 0 0 0 -2.38097 100 16 0 0 0 0 0 0 0 0 0 0 0
70300 -256.563 0 0 0 -0.28381 100 28 1.76653 100 15 0 0 0 -2.23635 100 20 0 0 0 0 0 0 0 0 0 0 0
70400 -256.426 0 0 0 -0.170968 100 40 2.6465 100 19 0 0 0 -2.3054 100 15 0 0 0 0 0 0 0 0 0 0 0
70500 -254.543 0 0 0 0.461593 100 35 2.16161 100 25 0 0 0 -2.43731 100 23 0 0 0 0 0 0 0 0 0 0 0
70600 -254.95 0 0 0 0.248347 100 35 2.17074 100 22 0 0 0 -2.42812 100 18 0 0 0 0 0 0 0 0 0 0 0
70700 -255.34 0 0 0 0.659376 100 36 3.14619 100 24 0 0 0 -2.71631 100 21 0 0 0 0 0 0 0 0 0 0 0
70800 -255.307 0 0 0 0.463596 100 27 2.85998 100 19 0 0 0 -2.27111 100 26 0 0 0 0 0 0 0 0 0 0 0
70900 -255.33 0 0 0 0.0263947 100 37 2.28287 100 25 0 0 0 -2.3105 100 26 0 0 0 0 0 0 0 0 0 0 0
71000 -255.172 0 0 0 0.318841 100 30 2.0156 100 28 0 0 0 -2.48199 100 19 0 0 0 0 0 0 0 0 0 0 0
71100 -257.058 0 0 0 0.633392 100 30 4.00643 100 24 0 0 0 -2.32134 100 21 0 0 0 0 0 0 0 0 0 0 0
71200 -257.385 0 0 0 1.70201 100 34 6.08397 100 14 0 0 0 -3.08515 100 22 0 0 0 0 0 0 0 0 0 0 0
71300 -255.77 0 0 0 0.486425 100 35 4.44238 100 25 0 0 0 -2.7249 100 24 0 0 0 0 0 0 0 0 0 0 0
71400 -254.555 0 0 0 0.389609 100 28 2.55673 100 26 0 0 0 -2.44613 100 28 0 0 0 0 0 0 0 0 0 0 0
71500 -256.578 0 0 0 0.383679 100 34 -0.441091 100 20 0 0 0 -2.13514 100 23 0 0 0 0 0 0 0 0 0 0 0
71600 -256.347 0 0 0 1.02314 100 31 5.55055 100 16 0 0 0 -3.02492 100 29 0 0 0 0 0 0 0 0 0 0 0
71700 -255.471 0 0 0 0.816694 100 29 4.56653 100 21 0 0 0 -2.57042 100 25 0 0 0 0 0 0 0 0 0 0 0
71800 -256.259 0 0 0 0.939866 100 30 2.13719 100 15 0 0 0 -2.71552 100 19 0 0 0 0 0 0 0 0 0 0 0
71900 -255.968 0 0 0 -0.10647 100 33 2.27116 100 14 0 0 0 -2.19325 100 14 0 0 0 0 0 0 0 0 0 0 0
72000 -256.309 0 0 0 1.40751 100 30 4.22019 100 16 0 0 0 -2.77424 100 19 0 0 0 0 0 0 0 0 0 0 0
72100 -255.878 0 0 0 0.00157501 100 33 2.88376 100 23 0 0 0 -2.40935 100 15 0 0 0 0 0 0 0 0 0 0 0
72200 -256.156 0 0 0 1.18192 100 24 5.37932 100 23 0 0 0 -3.04113 100 33 0 0 0 0 0 0 0 0 0 0 0
72300 -254.785 0 0 0 0.297868 100 28 1.51827 100 29 0 0 0 -2.22798 100 26 0 0 0 0 0 0 0 0 0 0 0
72400 -254.512 0 0 0 0.694605 100 43 2.53144 100 23 0 0 0 -2.44658 100 24 0 0 0 0 0 0 0 0 0 0 0
72500 -255.106 0 0 0 0.616462 100 35 3.33281 100 16 0 0 0 -2.69064 100 22 0 0 0 0 0 0 0 0 0 0 0
72600 -256.695 0 0 0 -0.320224 100 28 0.2653 100 20 0 0 0 -1.97068 100 16 0 0 0 0 0 0 0 0 0 0 0
72700 -256.109 0 0 0 1.0518 100 29 4.16557 100 16 0 0 0 -2.95279 100 15 0 0 0 0 0 0 0 0 0 0 0
72800 -255.967 0 0 0 0.439812 100 36 0.594263 100 21 0 0 0 -2.39628 100 19 0 0 0 0 0 0 0 0 0 0 0
72900 -258.471 0 0 0 1.61602 100 43 4.55073 100 20 0 0 0 -2.74991 100 19 0 0 0 0 0 0 0 0 0 0 0
73000 -255.232 0 0 0 0.593968 100 30 1.62732 100 16 0 0 0 -2.5054 100 25 0 0 0 0 0 0 0 0 0 0 0
73100 -255.799 0 0 0 0.959191 100 31 4.05008 100 16 0 0 0 -2.89967 100 21 0 0 0 0 0 0 0 0 0 0 0
73200 -256.391 0 0 0 1.2584 100 39 3.81411 100 25 0 0 0 -2.94917 100 20 0 0 0 0 0 0 0 0 0 0 0
73300 -256.755 0 0 0 -0.129045 100 35 -0.377059 100 15 0 0 0 -2.13405 100 19 0 0 0 0 0 0 0 0 0 0 0
73400 -255.178 0 0 0 0.305005 100 39 3.37397 100 20 0 0 0 -2.5392 100 21 0 0 0 0 0 0 0 0 0 0 0
73500 -256.969 0 0 0 -0.0401127 100 37 3.54269 100 19 0 0 0 -2.52351 100 21 0 0 0 0 0 0 0 0 0 0 0
73600 -256.249 0 0 0 0.229334 100 39 0.569156 100 16 0 0 0 -2.00141 100 24 0 0 0 0 0 0 0 0 0 0 0
73700 -255.464 0 0 0 1.08637 100 33 2.76028 100 23 0 0 0 -2.64348 100 21 0 0 0 0 0 0 0 0 0 0 0
73800 -254.488 0 0 0 0.675595 100 27 2.46123 100 22 0 0 0 -2.47929 100 12 0 0 0 0 0 0 0 0 0 0 0
73900 -254.539 0 0 0 0.696175 100 36 2.99679 100 24 0 0 0 -2.59117 100 12 0 0 0 0 0 0 0 0 0 0 0
74000 -257.253 0 0 0 0.71856 100 26 0.522165 100 23 0 0 0 -2.53081 100 17 0 0 0 0 0 0 0 0 0 0 0
74100 -254.574 0 0 0 0.510073 100 35 2.04227 100 15 0 0 0 -2.43848 100 20 0 0 0 0 0 0 0 0 0 0 0
74200 -254.777 0 0 0 0.255168 100 33 2.33305 100 17 0 0 0 -2.28417 100 29 0 0 0 0 0 0 0 0 0 0 0
74300 -255.462 0 0 0 0.22338 100 37 0.605574 100 25 0 0 0 -2.27697 100 18 0 0 0 0 0 0 0 0 0 0 0
74400 -255.121 0 0 0 0.0683179 100 33 1.96578 100 24 0 0 0 -2.2994 100 25 0 0 0 0 0 0 0 0 0 0 0
74500 -255.117 0 0 0 0.652161 100 34 1.7551 100 18 0 0 0 -2.51214 100 13 0 0 0 0 0 0 0 0 0 0 0
74600 -255.266 0 0 0 0.0332773 100 26 1.08028 100 17 0 0 0 -2.14623 100 17 0 0 0 0 0 0 0 0 0 0 0
74700 -258.358 0 0 0 0.674242 100 37 5.39435 100 15 0 0 0 -3.06623 100 24 0 0 0 0 0 0 0 0 0 0 0
74800 -256.21 0 0 0 0.516745 100 33 5.09303 100 24 0 0 0 -2.68417 100 25 0 0 0 0 0 0 0 0 0 0 0
74900 -257.807 0 0 0 1.22285 100 36 6.95519 100 23 0 0 0 -2.97521 100 21 0 0 0 0 0 0 0 0 0 0 0
75000 -255.847 0 0 0 -0.0848461 100 37 0.352278 100 22 0 0 0 -2.12395 100 28 0 0 0 0 0 0 0 0 0 0 0
75100 -255.415 0 0 0 0.139059 100 36 0.465901 100 18 0 0 0 -2.18149 100 25 0 0 0 0 0 0 0 0 0 0 0
75200 -255.411 0 0 0 0.239997 100 29 3.50785 100 14 0 0 0 -2.5165 100 19 0 0 0 0 0 0 0 0 0 0 0
75300 -255.19 0 0 0 0.43679 100 32 1.51811 100 17 0 0 0 -2.18531 100 25 0 0 0 0 0 0 0 0 0 0 0
75400 -255.36 0 0 0 0.986924 100 40 3.00512 100 21 0 0 0 -2.73849 100 23 0 0 0 0 0 0 0 0 0 0 0
75500 -255.353 0 0 0 0.762646 100 33 1.76052 100 21 0 0 0 -2.33558 100 20 0 0 0 0 0 0 0 0 0 0 0
75600 -256.867 0 0 0 -0.303536 100 29 1.51402 100 24 0 0 0 -2.27008 100 19 0 0 0 0 0 0 0 0 0 0 0
75700 -255.412 0 0 0 0.0716219 100 37 0.832619 100 25 0 0 0 -2.24241 100 20 0 0 0 0 0 0 0 0 0 0 0
75800 -256.329 0 0 0 0.240899 100 32 0.437476 100 30 0 0 0 -1.99711 100 25 0 0 0 0 0 0 0 0 0 0 0
75900 -254.812 0 0 0 0.618029 100 41 4.08406 100 21 0 0 0 -2.60114 100 22 0 0 0 0 0 0 0 0 0 0 0
76000 -256.315 0 0 0 1.3328 100 41 5.89858 100 19 0 0 0 -3.06799 100 19 0 0 0 0 0 0 0 0 0 0 0
76100 -257.764 0 0 0 0.796574 100 36 6.5113 100 24 0 0 0 -2.97393 100 24 0 0 0 0 0 0 0 0 0 0 0
76200 -255.758 0 0 0 0.619488 100 35 0.671796 100 23 0 0 0 -2.28062 100 20 0 0 0 0 0 0 0 0 0 0 0
76300 -256.136 0 0 0 1.35993 100 42 3.72448 100 22 0 0 0 -2.77705 100 17 0 0 0 0 0 0 0 0 0 0 0
76400 -255.594 0 0 0 0.794095 100 40 4.91884 100 16 0 0 0 -2.63252 100 28 0 0 0 0 0 0 0 0 0 0 0
76500 -254.497 0 0 0 0.61748 100 31 2.24422 100 18 0 0 0 -2.42225 100 21 0 0 0 0 0 0 0 0 0 0 0
76600 -254.471 0 0 0 0.6118 100 31 2.91966 100 17 0 0 0 -2.43104 100 17 0 0 0 0 0 0 0 0 0 0 0
76700 -256.164 0 0 0 0.644424 100 31 3.90108 100 17 0 0 0 -2.83879 100 26 0 0 0 0 0 0 0 0 0 0 0
76800 -255.12 0 0 0 0.896016 100 28 2.80325 100 16 0 0 0 -2.68018 100 22 0 0 0 0 0 0 0 0 0 0 0
76900 -255.707 0 0 0 0.949576 100 33 2.1946 100 21 0 0 0 -2.65297 100 21 0 0 0 0 0 0 0 0 0 0 0
77000 -254.936 0 0 0 0.524726 100 30 1.44171 100 16 0 0 0 -2.27006 100 20 0 0 0 0 0 0 0 0 0 0 0
77100 -258.041 0 0 0 0.0512756 100 30 2.86247 100 13 0 0 0 -2.67166 100 14 0 0 0 0 0 0 0 0 0 0 0
77200 -255.428 0 0 0 0.378598 100 33 2.50532 100 17 0 0 0 -2.58059 100 27 0 0 0 0 0 0 0 0 0 0 0
77300 -256.085 0 0 0 1.15334 100 30 2.65348 100 20 0 0 0 -2.55158 100 22 0 0 0 0 0 0 0 0 0 0 0
77400 -254.419 0 0 0 0.668362 100 36 2.69605 100 23 0 0 0 -2.49179 100 20 0 0 0 0 0 0 0 0 0 0 0
77500 -254.634 0 0 0 0.731936 100 32 3.19469 100 24 0 0 0 -2.63743 100 29 0 0 0 0 0 0 0 0 0 0 0
77600 -256.446 0 0 0 0.642098 100 33 4.7393 100 17 0 0 0 -2.4886 100 23 0 0 0 0 0 0 0 0 0 0 0
77700 -255.544 0 0 0 0.0785566 100 31 0.586094 100 22 0 0 0 -2.227 100 25 0 0 0 0 0 0 0 0 0 0 0
77800 -256.211 0 0 0 0.365119 100 25 1.15975 100 18 0 0 0 -2.50079 100 19 0 0 0 0 0 0 0 0 0 0 0
77900 -255.804 0 0 0 1.27261 100 33 4.92014 100 17 0 0 0 -2.97574 100 21 0 0 0 0 0 0 0 0 0 0 0
78000 -255.112 0 0 0 0.169289 100 38 1.04045 100 26 0 0 0 -2.15032 100 26 0 0 0 0 0 0 0 0 0 0 0
78100 -256.676 0 0 0 1.37191 100 32 3.33212 100 21 0 0 0 -2.69156 100 16 0 0 0 0 0 0 0 0 0 0 0
78200 -254.813 0 0 0 0.636592 100 31 4.05767 100 24 0 0 0 -2.64898 100 19 0 0 0 0 0 0 0 0 0 0 0
78300 -257.515 0 0 0 0.939251 100 42 6.47809 100 19 0 0 0 -3.06799 100 19 0 0 0 0 0 0 0 0 0 0 0
78400 -256.091 0 0 0 0.743921 100 37 2.93578 100 19 0 0 0 -2.78536 100 18 0 0 0 0 0 0 0 0 0 0 0
78500 -255.556 0 0 0 0.464668 100 22 1.36171 100 18 0 0 0 -2.15099 100 22 0 0 0 0 0 0 0 0 0 0 0
78600 -255.517 0 0 0 1.23569 100 34 5.03823 100 25 0 0 0 -2.84699 100 21 0 0 0 0 0 0 0 0 0 0 0
78700 -255.699 0 0 0 0.661094 100 46 0.811731 100 14 0 0 0 -2.3319 100 28 0 0 0 0 0 0 0 0 0 0 0
78800 -255.178 0 0 0 0.313268 100 34 3.53352 100 18 0 0 0 -2.4218 100 21 0 0 0 0 0 0 0 0 0 0 0
78900 -257.452 0 0 0 0.117254 100 34 -0.907873 100 15 0 0 0 -2.20324 100 31 0 0 0 0 0 0 0 0 0 0 0
79000 -254.741 0 0 0 0.764095 100 35 3.88755 100 20 0 0 0 -2.70161 100 23 0 0 0 0 0 0 0 0 0 0 0
79100 -256.561 0 0 0 0.617728 100 33 1.2023 100 28 0 0 0 -2.12966 100 18 0 0 0 0 0 0 0 0 0 0 0
79200 -256.614 0 0 0 0.163776 100 33 2.58838 100 24 0 0 0 -2.11033 100 30 0 0 0 0 0 0 0 0 0 0 0
79300 -256.049 0 0 0 0.637999 100 36 3.93129 100 18 0 0 0 -2.82812 100 20 0 0 0 0 0 0 0 0 0 0 0
79400 -256.081 0 0 0 0.788941 100 24 1.32945 100 33 0 0 0 -2.27879 100 27 0 0 0 0 0 0 0 0 0 0 0
79500 -255.711 0 0 0 0.711094 100 34 4.32705 100 17 0 0 0 -2.83643 100 22 0 0 0 0 0 0 0 0 0 0 0
79600 -256.609 0 0 0 0.702661 100 31 2.5392 100 24 0 0 0 -2.77521 100 21 0 0 0 0 0 0 0 0 0 0 0
79700 -256.097 0 0 0 0.981504 100 33 4.95029 100 23 0 0 0 -2.61261 100 19 0 0 0 0 0 0 0 0 0 0 0
79800 -254.78 0 0 0 0.66838 100 38 3.09687 100 21 0 0 0 -2.4039 100 23 0 0 0 0 0 0 0 0 0 0 0
79900 -256.801 0 0 0 0.174412 100 37 -0.347596 100 12 0 0 0 -1.95251 100 20 0 0 0 0 0 0 0 0 0 0 0
80000 -256.631 0 0 0 0.60124 100 42 0.254848 100 15 0 0 0 -2.40456 100 24 0 0 0 0 0 0 0 0 0 0 0
80100 -254.915 0 0 0 0.575302 100 24 2.31457 100 30 0 0 0 -2.29516 100 16 0 0 0 0 0 0 0 0 0 0 0
80200 -257.246 0 0 0 1.56144 100 38 5.26031 100 24 0 0 0 -3.16415 100 19 0 0 0 0 0 0 0 0 0 0 0
80300 -255.2 0 0 0 0.105151 100 34 1.10721 100 18 0 0 0 -2.13321 100 25 0 0 0 0 0 0 0 0 0 0 0
80400 -254.575 0 0 0 0.615632 100 29 2.94228 100 15 0 0 0 -2.57853 100 22 0 0 0 0 0 0 0 0 0 0 0
80500 -254.831 0 0 0 0.350281 100 28 1.81573 100 18 0 0 0 -2.22541 100 18 0 0 0 0 0 0 0 0 0 0 0
80600 -255.274 0 0 0 0.478638 100 37 3.42642 100 20 0 0 0 -2.35279 100 29 0 0 0 0 0 0 0 0 0 0 0
80700 -256.069 0 0 0 0.730835 100 25 4.38578 100 23 0 0 0 -2.88211 100 17 0 0 0 0 0 0 0 0 0 0 0
80800 -255.018 0 0 0 0.661887 100 24 4.42628 100 17 0 0 0 -2.65834 100 21 0 0 0 0 0 0 0 0 0 0 0
80900 -255.422 0 0 0 0.0757086 100 32 1.26269 100 19 0 0 0 -2.09582 100 21 0 0 0 0 0 0 0 0 0 0 0
81000 -256.329 0 0 0 0.124377 100 33 -0.410206 100 27 0 0 0 -2.14951 100 17 0 0 0 0 0 0 0 0 0 0 0
81100 -255.72 0 0 0 0.491853 100 33 1.49547 100 25 0 0 0 -2.14774 100 21 0 0 0 0 0 0 0 0 0 0 0
81200 -258.401 0 0 0 0.506287 100 37 3.61312 100 30 0 0 0 -2.17962 100 19 0 0 0 0 0 0 0 0 0 0 0
81300 -257.198 0 0 0 1.16604 100 34 5.96344 100 25 0 0 0 -2.75877 100 16 0 0 0 0 0 0 0 0 0 0 0
81400 -254.599 0 0 0 0.826166 100 38 3.89478 100 16 0 0 0 -2.62391 100 22 0 0 0 0 0 0 0 0 0 0 0
81500 -264.367 0 0 0 -1.34456 100 35 -0.910193 100 25 0 0 0 -1.60444 100 23 0 0 0 0 0 0 0 0 0 0 0
81600 -254.751 0 0 0 0.950871 100 28 4.10405 100 26 0 0 0 -2.714 100 19 0 0 0 0 0 0 0 0 0 0 0
81700 -257.372 0 0 0 0.0360894 100 35 0.924784 100 23 0 0 0 -2.45639 100 29 0 0 0 0 0 0 0 0 0 0 0
81800 -255.762 0 0 0 0.0572512 100 30 0.084273 100 21 0 0 0 -2.10764 100 20 0 0 0 0 0 0 0 0 0 0 0
81900 -254.923 0 0 0 0.435275 100 30 3.65248 100 24 0 0 0 -2.46699 100 19 0 0 0 0 0 0 0 0 0 0 0
82000 -257.629 0 0 0 1.02305 100 23 6.77651 100 25 0 0 0 -3.07332 100 20 0 0 0 0 0 0 0 0 0 0 0
82100 -255.718 0 0 0 0.743526 100 32 5.12841 100 23 0 0 0 -2.68433 100 20 0 0 0 0 0 0 0 0 0 0 0
82200 -254.48 0 0 0 0.574678 100 32 2.82024 100 15 0 0 0 -2.53192 100 19 0 0 0 0 0 0 0 0 0 0 0
82300 -256.107 0 0 0 0.0689113 100 31 3.57974 100 18 0 0 0 -2.42465 100 23 0 0 0 0 0 0 0 0 0 0 0
82400 -254.856 0 0 0 1.00075 100 41 3.35051 100 18 0 0 0 -2.65873 100 22 0 0 0 0 0 0 0 0 0 0 0
82500 -254.875 0 0 0 0.556074 100 27 2.21323 100 20 0 0 0 -2.5376 100 22 0 0 0 0 0 0 0 0 0 0 0
82600 -255.569 0 0 0 0.0189218 100 19 1.71481 100 19 0 0 0 -2.34869 100 15 0 0 0 0 0 0 0 0 0 0 0
82700 -254.958 0 0 0 0.258026 100 33 3.04936 100 22 0 0 0 -2.38296 100 31 0 0 0 0 0 0 0 0 0 0 0
82800 -254.919 0 0 0 0.279875 100 32 1.56628 100 23 0 0 0 -2.36996 100 23 0 0 0 0 0 0 0 0 0 0 0
82900 -256.467 0 0 0 1.50344 100 28 4.55662 100 19 0 0 0 -2.93277 100 25 0 0 0 0 0 0 0 0 0 0 0
83000 -256.885 0 0 0 0.121878 100 36 2.0832 100 15 0 0 0 -2.03245 100 19 0 0 0 0 0 0 0 0 0 0 0
83100 -255.035 0 0 0 0.906675 100 33 3.10986 100 13 0 0 0 -2.4819 100 15 0 0 0 0 0 0 0 0 0 0 0
83200 -255.211 0 0 0 0.850914 100 31 4.61134 100 23 0 0 0 -2.81847 100 16 0 0 0 0 0 0 0 0 0 0 0
83300 -255.066 0 0 0 0.536848 100 36 1.31785 100 28 0 0 0 -2.4079 100 25 0 0 0 0 0 0 0 0 0 0 0
83400 -257.258 0 0 0 1.38478 100 36 5.13787 100 23 0 0 0 -3.16521 100 21 0 0 0 0 0 0 0 0 0 0 0
83500 -258.616 0 0 0 -0.184953 100 35 4.1904 100 21 0 0 0 -2.39088 100 20 0 0 0 0 0 0 0 0 0 0 0
83600 -254.564 0 0 0 0.693774 100 29 2.3507 100 14 0 0 0 -2.48769 100 15 0 0 0 0 0 0 0 0 0 0 0
83700 -256.415 0 0 0 1.42847 100 38 4.39499 100 21 0 0 0 -2.78334 100 23 0 0 0 0 0 0 0 0 0 0 0
83800 -256.113 0 0 0 1.05625 100 40 5.34792 100 22 0 0 0 -2.70808 100 22 0 0 0 0 0 0 0 0 0 0 0
83900 -254.766 0 0 0 0.539079 100 30 1.63345 100 19 0 0 0 -2.40582 100 12 0 0 0 0 0 0 0 0 0 0 0
84000 -255.801 0 0 0 0.342288 100 42 3.09552 100 23 0 0 0 -2.6427 100 19 0 0 0 0 0 0 0 0 0 0 0
84100 -255.682 0 0 0 0.0292451 100 33 0.229601 100 23 0 0 0 -2.10011 100 18 0 0 0 0 0 0 0 0 0 0 0
84200 -261.853 0 0 0 -0.958658 100 39 -1.04654 100 19 0 0 0 -1.60211 100 20 0 0 0 0 0 0 0 0 0 0 0
84300 -257.326 0 0 0 -0.478291 100 38 1.1912 100 22 0 0 0 -2.08109 100 31 0 0 0 0 0 0 0 0 0 0 0
84400 -254.433 0 0 0 0.538563 100 42 3.10333 100 25 0 0 0 -2.49161 100 17 0 0 0 0 0 0 0 0 0 0 0
84500 -254.549 0 0 0 0.694507 100 39 3.28969 100 10 0 0 0 -2.47749 100 25 0 0 0 0 0 0 0 0 0 0 0
84600 -254.728 0 0 0 0.429571 100 27 2.71533 100 20 0 0 0 -2.3243 100 23 0 0 0 0 0 0 0 0 0 0 0
84700 -255.866 0 0 0 0.137557 100 32 1.94034 100 21 0 0 0 -2.47381 100 19 0 0 0 0 0 0 0 0 0 0 0
84800 -254.715 0 0 0 0.226634 100 30 2.0635 100 18 0 0 0 -2.3029 100 22 0 0 0 0 0 0 0 0 0 0 0
84900 -255.031 0 0 0 0.99751 100 38 4.17922 100 15 0 0 0 -2.63174 100 18 0 0 0 0 0 0 0 0 0 0 0
85000 -255.144 0 0 0 0.231026 100 23 2.99845 100 25 0 0 0 -2.32598 100 28 0 0 0 0 0 0 0 0 0 0 0
85100 -254.643 0 0 0 0.598892 100 37 1.94681 100 19 0 0 0 -2.36219 100 17 0 0 0 0 0 0 0 0 0 0 0
85200 -257.381 0 0 0 -0.241861 100 29 2.43738 100 19 0 0 0 -2.08962 100 17 0 0 0 0 0 0 0 0 0 0 0
85300 -256.497 0 0 0 0.831321 100 26 1.54292 100 27 0 0 0 -2.64384 100 17 0 0 0 0 0 0 0 0 0 0 0
85400 -257.273 0 0 0 1.51284 100 49 5.0116 100 23 0 0 0 -2.79192 100 19 0 0 0 0 0 0 0 0 0 0 0
85500 -256.297 0 0 0 -0.0314685 100 36 -0.225553 100 21 0 0 0 -2.13626 100 16 0 0 0 0 0 0 0 0 0 0 0
85600 -255.696 0 0 0 -0.121823 100 29 1.62291 100 22 0 0 0 -2.17455 100 24 0 0 0 0 0 0 0 0 0 0 0
85700 -254.955 0 0 0 0.393223 100 28 3.62268 100 26 0 0 0 -2.52837 100 19 0 0 0 0 0 0 0 0 0 0 0
85800 -255.958 0 0 0 0.705548 100 36 0.730558 100 22 0 0 0 -2.35903 100 21 0 0 0 0 0 0 0 0 0 0 0
85900 -257.674 0 0 0 0.844046 100 34 0.0435626 100 28 0 0 0 -2.32624 100 16 0 0 0 0 0 0 0 0 0 0 0
86000 -255.795 0 0 0 0.0650375 100 32 0.0718396 100 18 0 0 0 -2.13767 100 19 0 0 0 0 0 0 0 0 0 0 0
86100 -254.864 0 0 0 0.399572 100 28 1.41523 100 28 0 0 0 -2.23026 100 17 0 0 0 0 0 0 0 0 0 0 0
86200 -256.278 0 0 0 -0.114847 100 37 -0.0813112 100 23 0 0 0 -2.11432 100 23 0 0 0 0 0 0 0 0 0 0 0
86300 -254.845 0 0 0 0.711462 100 37 1.94131 100 25 0 0 0 -2.39367 100 19 0 0 0 0 0 0 0 0 0 0 0
86400 -255.84 0 0 0 0.537641 100 35 1.69058 100 19 0 0 0 -2.16047 100 15 0 0 0 0 0 0 0 0 0 0 0
86500 -255.301 0 0 0 1.01998 100 31 4.39577 100 19 0 0 0 -2.62831 100 24 0 0 0 0 0 0 0 0 0 0 0
86600 -254.798 0 0 0 0.358735 100 29 2.46984 100 22 0 0 0 -2.48372 100 16 0 0 0 0 0 0 0 0 0 0 0
86700 -256.863 0 0 0 0.343474 100 31 4.70361 100 24 0 0 0 -2.75969 100 20 0 0 0 0 0 0 0 0 0 0 0
86800 -257.246 0 0 0 0.636672 100 27 4.36062 100 13 0 0 0 -2.36412 100 23 0 0 0 0 0 0 0 0 0 0 0
86900 -257.484 0 0 0 0.883721 100 35 3.04411 100 17 0 0 0 -2.2734 100 20 0 0 0 0 0 0 0 0 0 0 0
87000 -255.686 0 0 0 -0.0384885 100 37 2.49729 100 17 0 0 0 -2.314 100 18 0 0 0 0 0 0 0 0 0 0 0
87100 -256.149 0 0 0 1.19149 100 31 3.63687 100 22 0 0 0 -2.90623 100 27 0 0 0 0 0 0 0 0 0 0 0
87200 -256.727 0 0 0 -0.162988 100 35 1.84257 100 23 0 0 0 -2.037 100 20 0 0 0 0 0 0 0 0 0 0 0
87300 -256.505 0 0 0 0.620429 100 36 3.64693 100 20 0 0 0 -2.84284 100 23 0 0 0 0 0 0 0 0 0 0 0
87400 -255.709 0 0 0 0.905929 100 33 3.12897 100 21 0 0 0 -2.79684 100 27 0 0 0 0 0 0 0 0 0 0 0
87500 -255.522 0 0 0 1.01171 100 33 2.28071 100 20 0 0 0 -2.55856 100 22 0 0 0 0 0 0 0 0 0 0 0
87600 -255.392 0 0 0 0.298354 100 38 3.18562 100 20 0 0 0 -2.57492 100 25 0 0 0 0 0 0 0 0 0 0 0
87700 -255.764 0 0 0 0.22815 100 36 0.03816 100 25 0 0 0 -2.16165 100 27 0 0 0 0 0 0 0 0 0 0 0
87800 -254.786 0 0 0 0.992522 100 33 3.88861 100 23 0 0 0 -2.71318 100 22 0 0 0 0 0 0 0 0 0 0 0
87900 -254.444 0 0 0 0.455577 100 31 2.72522 100 30 0 0 0 -2.44577 100 26 0 0 0 0 0 0 0 0 0 0 0
88000 -257.406 0 0 0 0.278454 100 28 2.12977 100 17 0 0 0 -2.02478 100 15 0 0 0 0 0 0 0 0 0 0 0
88100 -254.836 0 0 0 0.299294 100 34 2.19359 100 20 0 0 0 -2.24707 100 16 0 0 0 0 0 0 0 0 0 0 0
88200 -257.028 0 0 0 0.69236 100 38 -0.0457048 100 22 0 0 0 -2.27005 100 24 0 0 0 0 0 0 0 0 0 0 0
88300 -254.931 0 0 0 0.989719 100 28 3.07644 100 16 0 0 0 -2.5939 100 25 0 0 0 0 0 0 0 0 0 0 0
88400 -254.926 0 0 0 0.292794 100 31 1.17136 100 19 0 0 0 -2.20374 100 19 0 0 0 0 0 0 0 0 0 0 0
88500 -255.463 0 0 0 0.0964318 100 20 3.01559 100 14 0 0 0 -2.37551 100 23 0 0 0 0 0 0 0 0 0 0 0
88600 -257.461 0 0 0 1.73777 100 31 5.79624 100 16 0 0 0 -3.13447 100 25 0 0 0 0 0 0 0 0 0 0 0
88700 -254.978 0 0 0 0.956147 100 32 3.58073 100 18 0 0 0 -2.75271 100 17 0 0 0 0 0 0 0 0 0 0 0
88800 -255.633 0 0 0 0.379563 100 26 3.81844 100 20 0 0 0 -2.38851 100 24 0 0 0 0 0 0 0 0 0 0 0
88900 -256.67 0 0 0 0.470847 100 32 1.28451 100 15 0 0 0 -2.58066 100 22 0 0 0 0 0 0 0 0 0 0 0
89000 -256.126 0 0 0 0.316453 100 33 -0.15748 100 13 0 0 0 -2.20782 100 16 0 0 0 0 0 0 0 0 0 0 0
89100 -254.78 0 0 0 0.264628 100 45 2.76517 100 22 0 0 0 -2.37848 100 11 0 0 0 0 0 0 0 0 0 0 0
89200 -255.35 0 0 0 0.0619548 100 39 1.13936 100 18 0 0 0 -2.10676 100 18 0 0 0 0 0 0 0 0 0 0 0
89300 -254.529 0 0 0 0.615511 100 36 2.15181 100 23 0 0 0 -2.41887 100 21 0 0 0 0 0 0 0 0 0 0 0
89400 -254.588 0 0 0 0.429574 100 35 3.15401 100 18 0 0 0 -2.46536 100 18 0 0 0 0 0 0 0 0 0 0 0
89500 -256.155 0 0 0 0.783226 100 33 4.65816 100 20 0 0 0 -2.91709 100 26 0 0 0 0 0 0 0 0 0 0 0
89600 -255.111 0 0 0 0.25772 100 36 2.17042 100 16 0 0 0 -2.20176 100 28 0 0 0 0 0 0 0 0 0 0 0
89700 -255.36 0 0 0 0.00514807 100 34 1.71517 100 17 0 0 0 -2.16504 100 19 0 0 0 0 0 0 0 0 0 0 0
89800 -255.641 0 0 0 0.778275 100 27 3.76538 100 16 0 0 0 -2.41965 100 17 0 0 0 0 0 0 0 0 0 0 0
89900 -255.658 0 0 0 0.448269 100 38 2.0143 100 23 0 0 0 -2.57862 100 20 0 0 0 0 0 0 0 0 0 0 0
90000 -257.699 0 0 0 1.46762 100 31 3.63878 100 29 0 0 0 -3.02252 100 19 0 0 0 0 0 0 0 0 0 0 0
90100 -255.673 0 0 0 0.0874751 100 31 3.22233 100 25 0 0 0 -2.38063 100 15 0 0 0 0 0 0 0 0 0 0 0
90200 -256.06 0 0 0 1.10703 100 33 3.12048 100 23 0 0 0 -2.49842 100 20 0 0 0 0 0 0 0 0 0 0 0
90300 -254.588 0 0 0 0.357953 100 26 1.80351 100 15 0 0 0 -2.30491 100 14 0 0 0 0 0 0 0 0 0 0 0
90400 -255.087 0 0 0 0.573546 100 25 1.25565 100 19 0 0 0 -2.29154 100 20 0 0 0 0 0 0 0 0 0 0 0
90500 -255.123 0 0 0 0.641712 100 32 2.5927 100 22 0 0 0 -2.63442 100 13 0 0 0 0 0 0 0 0 0 0 0
90600 -256.676 0 0 0 1.54251 100 29 5.32286 100 19 0 0 0 -2.93098 100 18 0 0 0 0 0 0 0 0 0 0 0
90700 -257.228 0 0 0 0.143893 100 36 2.20668 100 17 0 0 0 -2.61221 100 16 0 0 0 0 0 0 0 0 0 0 0
90800 -254.925 0 0 0 0.673291 100 28 4.18881 100 19 0 0 0 -2.69588 100 25 0 0 0 0 0 0 0 0 0 0 0
90900 -257.112 0 0 0 0.912411 100 35 0.635837 100 24 0 0 0 -2.37149 100 18 0 0 0 0 0 0 0 0 0 0 0
91000 -254.802 0 0 0 0.399387 100 36 1.33549 100 18 0 0 0 -2.32487 100 20 0 0 0 0 0 0 0 0 0 0 0
91100 -255.157 0 0 0 0.635633 100 31 1.36391 100 22 0 0 0 -2.30872 100 27 0 0 0 0 0 0 0 0 0 0 0
91200 -256.285 0 0 0 0.435573 100 31 3.68653 100 23 0 0 0 -2.30004 100 15 0 0 0 0 0 0 0 0 0 0 0
91300 -257.609 0 0 0 -0.257491 100 34 1.68621 100 19 0 0 0 -2.40068 100 20 0 0 0 0 0 0 0 0 0 0 0
91400 -258.433 0 0 0 0.188893 100 23 3.68175 100 25 0 0 0 -2.16299 100 24 0 0 0 0 0 0 0 0 0 0 0
91500 -255.969 0 0 0 0.759533 100 25 5.27015 100 21 0 0 0 -2.86266 100 14 0 0 0 0 0 0 0 0 0 0 0
91600 -256.243 0 0 0 -0.181196 100 32 2.33403 100 26 0 0 0 -2.25593 100 19 0 0 0 0 0 0 0 0 0 0 0
91700 -255.89 0 0 0 0.840991 100 42 2.04508 100 20 0 0 0 -2.31629 100 24 0 0 0 0 0 0 0 0 0 0 0
91800 -256.4 0 0 0 0.148609 100 32 4.11795 100 19 0 0 0 -2.48302 100 22 0 0 0 0 0 0 0 0 0 0 0
91900 -254.611 0 0 0 0.510474 100 36 2.76196 100 14 0 0 0 -2.53712 100 16 0 0 0 0 0 0 0 0 0 0 0
92000 -257.654 0 0 0 -0.360313 100 33 0.393702 100 11 0 0 0 -2.22531 100 14 0 0 0 0 0 0 0 0 0 0 0
92100 -255 0 0 0 0.931008 100 34 4.48405 100 16 0 0 0 -2.79794 100 25 0 0 0 0 0 0 0 0 0 0 0
92200 -254.805 0 0 0 0.813297 100 38 2.34338 100 19 0 0 0 -2.52223 100 22 0 0 0 0 0 0 0 0 0 0 0
92300 -255.924 0 0 0 0.208651 100 30 -0.101035 100 22 0 0 0 -2.16271 100 18 0 0 0 0 0 0 0 0 0 0 0
92400 -254.952 0 0 0 0.469681 100 30 1.8206 100 23 0 0 0 -2.23475 100 18 0 0 0 0 0 0 0 0 0 0 0
92500 -255.286 0 0 0 0.117446 100 29 0.65753 100 17 0 0 0 -2.16458 100 24 0 0 0 0 0 0 0 0 0 0 0
92600 -256.5 0 0 0 -0.087818 100 33 3.10047 100 16 0 0 0 -2.28585 100 23 0 0 0 0 0 0 0 0 0 0 0
92700 -255.413 0 0 0 0.114042 100 27 1.19803 100 20 0 0 0 -2.09193 100 27 0 0 0 0 0 0 0 0 0 0 0
92800 -255.323 0 0 0 1.07072 100 28 5.02657 100 19 0 0 0 -2.87141 100 19 0 0 0 0 0 0 0 0 0 0 0
92900 -254.641 0 0 0 0.304169 100 36 1.88326 100 23 0 0 0 -2.27917 100 16 0 0 0 0 0 0 0 0 0 0 0
93000 -254.831 0 0 0 0.458389 100 34 1.79594 100 15 0 0 0 -2.44814 100 26 0 0 0 0 0 0 0 0 0 0 0
93100 -259.282 0 0 0 1.80178 100 27 3.81359 100 23 0 0 0 -3.02645 100 22 0 0 0 0 0 0 0 0 0 0 0
93200 -255.89 0 0 0 0.312311 100 41 1.87304 100 16 0 0 0 -2.10424 100 17 0 0 0 0 0 0 0 0 0 0 0
93300 -254.567 0 0 0 0.830994 100 30 2.99036 100 16 0 0 0 -2.55205 100 22 0 0 0 0 0 0 0 0 0 0 0
93400 -255.702 0 0 0 1.03067 100 35 2.22397 100 18 0 0 0 -2.60479 100 28 0 0 0 0 0 0 0 0 0 0 0
93500 -254.493 0 0 0 0.749794 100 34 3.60979 100 28 0 0 0 -2.58095 100 25 0 0 0 0 0 0 0 0 0 0 0
93600 -257.583 0 0 0 -0.533647 100 31 0.663542 100 19 0 0 0 -1.99651 100 22 0 0 0 0 0 0 0 0 0 0 0
93700 -254.902 0 0 0 0.804785 100 27 3.13286 100 23 0 0 0 -2.68876 100 19 0 0 0 0 0 0 0 0 0 0 0
93800 -255.904 0 0 0 1.08134 100 31 5.26248 100 21 0 0 0 -2.98635 100 20 0 0 0 0 0 0 0 0 0 0 0
93900 -257.285 0 0 0 -0.0676794 100 39 1.3558 100 15 0 0 0 -2.44981 100 19 0 0 0 0 0 0 0 0 0 0 0
94000 -255.847 0 0 0 0.164973 100 35 2.66023 100 21 0 0 0 -2.53522 100 20 0 0 0 0 0 0 0 0 0 0 0
94100 -257.895 0 0 0 0.10155 100 29 4.57106 100 19 0 0 0 -2.70288 100 20 0 0 0 0 0 0 0 0 0 0 0
94200 -255.784 0 0 0 -0.0614583 100 40 2.1295 100 20 0 0 0 -2.33942 100 18 0 0 0 0 0 0 0 0 0 0 0
94300 -255.924 0 0 0 0.577417 100 20 0.418288 100 23 0 0 0 -2.29596 100 23 0 0 0 0 0 0 0 0 0 0 0
94400 -255.125 0 0 0 0.255315 100 30 0.850699 100 18 0 0 0 -2.16931 100 28 0 0 0 0 0 0 0 0 0 0 0
94500 -255.161 0 0 0 0.320903 100 31 2.53856 100 25 0 0 0 -2.23634 100 19 0 0 0 0 0 0 0 0 0 0 0
94600 -254.758 0 0 0 0.704159 100 37 2.43533 100 22 0 0 0 -2.56649 100 22 0 0 0 0 0 0 0 0 0 0 0
94700 -255.382 0 0 0 0.433896 100 29 3.58164 100 25 0 0 0 -2.36651 100 19 0 0 0 0 0 0 0 0 0 0 0
94800 -256.844 0 0 0 0.166575 100 38 0.449207 100 18 0 0 0 -1.93574 100 25 0 0 0 0 0 0 0 0 0 0 0
94900 -255.31 0 0 0 0.383465 100 32 0.792835 100 14 0 0 0 -2.32395 100 22 0 0 0 0 0 0 0 0 0 0 0
95000 -254.703 0 0 0 0.915019 100 34 3.91106 100 24 0 0 0 -2.70801 100 16 0 0 0 0 0 0 0 0 0 0 0
95100 -255.123 0 0 0 0.216905 100 30 2.24759 100 19 0 0 0 -2.21036 100 20 0 0 0 0 0 0 0 0 0 0 0
95200 -254.56 0 0 0 0.420651 100 26 1.86127 100 16 0 0 0 -2.36902 100 22 0 0 0 0 0 0 0 0 0 0 0
95300 -256.658 0 0 0 1.1053 100 27 2.56142 100 23 0 0 0 -2.8112 100 21 0 0 0 0 0 0 0 0 0 0 0
95400 -257.929 0 0 0 1.44805 100 32 6.71349 100 20 0 0 0 -3.29793 100 19 0 0 0 0 0 0 0 0 0 0 0
95500 -255.132 0 0 0 0.120674 100 30 1.12859 100 20 0 0 0 -2.25657 100 19 0 0 0 0 0 0 0 0 0 0 0
95600 -254.602 0 0 0 0.596895 100 31 2.11919 100 18 0 0 0 -2.46934 100 23 0 0 0 0 0 0 0 0 0 0 0
95700 -256.121 0 0 0 -0.059587 100 37 -0.0626437 100 18 0 0 0 -2.118 100 27 0 0 0 0 0 0 0 0 0 0 0
95800 -254.651 0 0 0 0.555136 100 38 2.97938 100 27 0 0 0 -2.57768 100 22 0 0 0 0 0 0 0 0 0 0 0
95900 -256.028 0 0 0 1.13539 100 28 5.67954 100 29 0 0 0 -2.82596 100 16 0 0 0 0 0 0 0 0 0 0 0
96000 -260.949 0 0 0 1.06154 100 29 -0.0149525 100 21 0 0 0 -2.69641 100 28 0 0 0 0 0 0 0 0 0 0 0
96100 -257.149 0 0 0 0.608856 100 25 5.26356 100 23 0 0 0 -2.54814 100 19 0 0 0 0 0 0 0 0 0 0 0
96200 -255.513 0 0 0 0.74732 100 38 1.72404 100 23 0 0 0 -2.56372 100 21 0 0 0 0 0 0 0 0 0 0 0
96300 -259.067 0 0 0 -0.550233 100 40 -0.699102 100 30 0 0 0 -2.10511 100 17 0 0 0 0 0 0 0 0 0 0 0
96400 -255.594 0 0 0 0.955126 100 36 1.96126 100 19 0 0 0 -2.54504 100 18 0 0 0 0 0 0 0 0 0 0 0
96500 -255.271 0 0 0 0.395107 100 29 0.782357 100 21 0 0 0 -2.31042 100 19 0 0 0 0 0 0 0 0 0 0 0
96600 -255.601 0 0 0 0.0937287 100 25 3.16075 100 23 0 0 0 -2.413 100 24 0 0 0 0 0 0 0 0 0 0 0
96700 -254.826 0 0 0 0.293773 100 39 3.0321 100 19 0 0 0 -2.41415 100 23 0 0 0 0 0 0 0 0 0 0 0
96800 -255.326 0 0 0 0.705581 100 25 4.21191 100 20 0 0 0 -2.50286 100 23 0 0 0 0 0 0 0 0 0 0 0
96900 -256.692 0 0 0 1.54371 100 28 4.61377 100 19 0 0 0 -2.97804 100 15 0 0 0 0 0 0 0 0 0 0 0
97000 -256.164 0 0 0 -0.198762 100 31 0.778504 100 19 0 0 0 -2.02128 100 26 0 0 0 0 0 0 0 0 0 0 0
97100 -256.372 0 0 0 1.0272 100 42 5.78106 100 23 0 0 0 -2.7755 100 18 0 0 0 0 0 0 0 0 0 0 0
97200 -256.792 0 0 0 -0.164603 100 31 3.07994 100 17 0 0 0 -2.32066 100 22 0 0 0 0 0 0 0 0 0 0 0
97300 -254.768 0 0 0 0.796225 100 30 2.65513 100 19 0 0 0 -2.59892 100 19 0 0 0 0 0 0 0 0 0 0 0
97400 -254.469 0 0 0 0.75338 100 31 3.49162 100 24 0 0 0 -2.59319 100 25 0 0 0 0 0 0 0 0 0 0 0
97500 -255.05 0 0 0 0.576034 100 36 4.0419 100 15 0 0 0 -2.6777 100 26 0 0 0 0 0 0 0 0 0 0 0
97600 -257.425 0 0 0 0.492304 100 37 5.26781 100 19 0 0 0 -2.53934 100 15 0 0 0 0 0 0 0 0 0 0 0
97700 -256.434 0 0 0 1.36744 100 38 6.13271 100 23 0 0 0 -3.05773 100 20 0 0 0 0 0 0 0 0 0 0 0
97800 -255.457 0 0 0 0.102469 100 25 0.956275 100 17 0 0 0 -2.29172 100 19 0 0 0 0 0 0 0 0 0 0 0
97900 -255.257 0 0 0 0.62036 100 30 4.41745 100 26 0 0 0 -2.56268 100 21 0 0 0 0 0 0 0 0 0 0 0
98000 -256.985 0 0 0 1.62797 100 34 5.15659 100 23 0 0 0 -3.05871 100 17 0 0 0 0 0 0 0 0 0 0 0
98100 -256.368 0 0 0 -0.0958637 100 31 0.0514997 100 24 0 0 0 -2.1773 100 21 0 0 0 0 0 0 0 0 0 0 0
98200 -255.021 0 0 0 1.10412 100 31 4.06141 100 22 0 0 0 -2.75665 100 28 0 0 0 0 0 0 0 0 0 0 0
98300 -255.895 0 0 0 -0.0459521 100 35 2.72814 100 27 0 0 0 -2.28242 100 24 0 0 0 0 0 0 0 0 0 0 0
98400 -258.075 0 0 0 -0.401179 100 38 2.84981 100 19 0 0 0 -2.22435 100 19 0 0 0 0 0 0 0 0 0 0 0
98500 -256.977 0 0 0 0.0470856 100 36 3.75497 100 21 0 0 0 -2.59461 100 22 0 0 0 0 0 0 0 0 0 0 0
98600 -254.568 0 0 0 0.671687 100 36 3.13774 100 16 0 0 0 -2.60641 100 24 0 0 0 0 0 0 0 0 0 0 0
98700 -256.656 0 0 0 0.669227 100 32 1.30003 100 24 0 0 0 -2.61329 100 20 0 0 0 0 0 0 0 0 0 0 0
98800 -256.73 0 0 0 0.232351 100 29 4.17991 100 15 0 0 0 -2.69085 100 15 0 0 0 0 0 0 0 0 0 0 0
98900 -257.969 0 0 0 1.23115 100 24 6.77482 100 23 0 0 0 -2.89701 100 21 0 0 0 0 0 0 0 0 0 0 0
99000 -256.644 0 0 0 1.53956 100 37 5.71976 100 25 0 0 0 -2.99337 100 20 0 0 0 0 0 0 0 0 0 0 0
99100 -254.714 0 0 0 0.262863 100 35 1.7783 100 21 0 0 0 -2.33211 100 19 0 0 0 0 0 0 0 0 0 0 0
99200 -259.08 0 0 0 1.15388 100 38 4.29311 100 20 0 0 0 -2.41937 100 25 0 0 0 0 0 0 0 0 0 0 0
99300 -255.327 0 0 0 0.426129 100 38 4.1621 100 24 0 0 0 -2.57553 100 21 0 0 0 0 0 0 0 0 0 0 0
99400 -258.639 0 0 0 1.02184 100 27 0.387781 100 19 0 0 0 -2.31443 100 19 0 0 0 0 0 0 0 0 0 0 0
99500 -255.143 0 0 0 0.403766 100 31 1.02407 100 14 0 0 0 -2.19383 100 23 0 0 0 0 0 0 0 0 0 0 0
99600 -256.02 0 0 0 0.541103 100 32 3.59506 100 21 0 0 0 -2.77251 100 17 0 0 0 0 0 0 0 0 0 0 0
99700 -255.805 0 0 0 1.20719 100 38 3.40986 100 14 0 0 0 -2.81661 100 17 0 0 0 0 0 0 0 0 0 0 0
99800 -255.682 0 0 0 1.24531 100 36 5.38086 100 23 0 0 0 -2.92192 100 12 0 0 0 0 0 0 0 0 0 0 0
99900 -256.214 0 0 0 1.32324 100 32 3.50424 100 29 0 0 0 -2.69775 100 17 0 0 0 0 0 0 0 0 0 0 0
100000 -255.607 0 0 0 0.950281 100 36 4.8153 100 23 0 0 0 -2.91155 100 24 0 0 0 0 0 0 0 0 0 0 0
