iteration logLik intercept1 intercept1_p intercept1_a pcov2 pcov2_p pcov2_a pcov3 pcov3_p pcov3_a pcov4 pcov4_p pcov4_a intercept2 intercept2_p intercept2_a intercept3 intercept3_p intercept3_a intercept4 intercept4_p intercept4_a pcov pcov_p pcov_a data_p data_a
0 -70724.7 0 0 0 10.4026 0 0 6.64199 0 0 0 0 0 -2.0862 0 0 0 0 0 0 0 0 0 0 0 0 0
100 -240.674 0 0 0 2.85965 100 43 6.87256 100 22 0 0 0 -3.5999 100 27 0 0 0 0 0 0 0 0 0 0 0
200 -239.562 0 0 0 1.00985 100 29 3.90617 100 18 0 0 0 -2.68274 100 14 0 0 0 0 0 0 0 0 0 0 0
300 -239.284 0 0 0 1.60011 100 22 5.65657 100 20 0 0 0 -3.11324 100 22 0 0 0 0 0 0 0 0 0 0 0
400 -239.649 0 0 0 1.68765 100 18 6.8961 100 15 0 0 0 -2.86875 100 21 0 0 0 0 0 0 0 0 0 0 0
500 -239.44 0 0 0 1.38438 100 29 4.1984 100 21 0 0 0 -2.90721 100 16 0 0 0 0 0 0 0 0 0 0 0
600 -238.747 0 0 0 2.06606 100 29 7.33662 100 10 0 0 0 -3.09216 100 18 0 0 0 0 0 0 0 0 0 0 0
700 -238.046 0 0 0 1.67895 100 21 5.23718 100 18 0 0 0 -2.98257 100 29 0 0 0 0 0 0 0 0 0 0 0
800 -242.296 0 0 0 0.637036 100 29 -0.26717 100 27 0 0 0 -1.77518 100 18 0 0 0 0 0 0 0 0 0 0 0
900 -239.344 0 0 0 1.07648 100 34 2.76097 100 25 0 0 0 -2.60236 100 21 0 0 0 0 0 0 0 0 0 0 0
1000 -238.418 0 0 0 1.51523 100 25 3.41353 100 19 0 0 0 -2.56194 100 14 0 0 0 0 0 0 0 0 0 0 0
1100 -238.571 0 0 0 1.55884 100 34 3.38613 100 22 0 0 0 -2.57031 100 18 0 0 0 0 0 0 0 0 0 0 0
1200 -239.038 0 0 0 1.11512 100 28 3.32318 100 24 0 0 0 -2.30819 100 16 0 0 0 0 0 0 0 0 0 0 0
1300 -237.912 0 0 0 1.94063 100 37 6.46995 100 19 0 0 0 -3.13787 100 23 0 0 0 0 0 0 0 0 0 0 0
1400 -238.62 0 0 0 1.25412 100 24 2.7819 100 20 0 0 0 -2.58314 100 20 0 0 0 0 0 0 0 0 0 0 0
1500 -237.917 0 0 0 1.68728 100 34 4.74581 100 16 0 0 0 -2.90358 100 18 0 0 0 0 0 0 0 0 0 0 0
1600 -238.813 0 0 0 2.3028 100 29 7.42197 100 19 0 0 0 -3.48943 100 18 0 0 0 0 0 0 0 0 0 0 0
1700 -237.99 0 0 0 2.02298 100 30 6.91178 100 24 0 0 0 -3.16772 100 17 0 0 0 0 0 0 0 0 0 0 0
1800 -238.265 0 0 0 2.23675 100 29 6.08665 100 26 0 0 0 -3.18181 100 18 0 0 0 0 0 0 0 0 0 0 0
1900 -241.426 0 0 0 0.785211 100 31 3.9426 100 15 0 0 0 -2.68704 100 14 0 0 0 0 0 0 0 0 0 0 0
2000 -238.291 0 0 0 1.54796 100 35 5.4551 100 20 0 0 0 -2.72723 100 14 0 0 0 0 0 0 0 0 0 0 0
2100 -238.438 0 0 0 1.04647 100 28 3.67664 100 15 0 0 0 -2.4701 100 25 0 0 0 0 0 0 0 0 0 0 0
2200 -238.766 0 0 0 1.69041 100 21 6.94108 100 27 0 0 0 -3.0441 100 15 0 0 0 0 0 0 0 0 0 0 0
2300 -245.761 0 0 0 1.92525 100 31 6.23417 100 18 0 0 0 -2.5695 100 17 0 0 0 0 0 0 0 0 0 0 0
2400 -241.371 0 0 0 2.65699 100 22 10.0078 100 20 0 0 0 -3.98152 100 20 0 0 0 0 0 0 0 0 0 0 0
2500 -240.222 0 0 0 3.06378 100 32 10.486 100 22 0 0 0 -3.94434 100 18 0 0 0 0 0 0 0 0 0 0 0
2600 -241.96 0 0 0 2.93398 100 30 11.5343 100 22 0 0 0 -4.10408 100 29 0 0 0 0 0 0 0 0 0 0 0
2700 -239.256 0 0 0 1.09912 100 25 3.55817 100 17 0 0 0 -2.68643 100 22 0 0 0 0 0 0 0 0 0 0 0
2800 -238.321 0 0 0 2.29936 100 32 7.2727 100 25 0 0 0 -3.39857 100 14 0 0 0 0 0 0 0 0 0 0 0
2900 -238.171 0 0 0 1.79874 100 37 6.19333 100 16 0 0 0 -2.90714 100 22 0 0 0 0 0 0 0 0 0 0 0
3000 -238.047 0 0 0 1.61004 100 23 4.53896 100 19 0 0 0 -2.67977 100 20 0 0 0 0 0 0 0 0 0 0 0
3100 -238.274 0 0 0 1.17345 100 24 3.35019 100 16 0 0 0 -2.568 100 20 0 0 0 0 0 0 0 0 0 0 0
3200 -238.152 0 0 0 2.00563 100 38 5.18183 100 22 0 0 0 -3.02999 100 23 0 0 0 0 0 0 0 0 0 0 0
3300 -238.923 0 0 0 1.74749 100 38 3.85861 100 16 0 0 0 -2.91926 100 18 0 0 0 0 0 0 0 0 0 0 0
3400 -239.103 0 0 0 2.60335 100 27 8.37817 100 22 0 0 0 -3.6752 100 22 0 0 0 0 0 0 0 0 0 0 0
3500 -239.944 0 0 0 2.55757 100 37 7.66325 100 17 0 0 0 -3.69542 100 15 0 0 0 0 0 0 0 0 0 0 0
3600 -240.395 0 0 0 3.12192 100 22 9.63872 100 15 0 0 0 -4.02464 100 15 0 0 0 0 0 0 0 0 0 0 0
3700 -238.453 0 0 0 1.69244 100 29 6.66716 100 18 0 0 0 -3.03271 100 19 0 0 0 0 0 0 0 0 0 0 0
3800 -239.225 0 0 0 2.23893 100 19 8.69253 100 18 0 0 0 -3.46577 100 13 0 0 0 0 0 0 0 0 0 0 0
3900 -238.324 0 0 0 2.2148 100 26 6.41749 100 18 0 0 0 -3.10768 100 23 0 0 0 0 0 0 0 0 0 0 0
4000 -238.723 0 0 0 0.968773 100 26 3.11959 100 26 0 0 0 -2.48664 100 18 0 0 0 0 0 0 0 0 0 0 0
4100 -238.384 0 0 0 1.51785 100 33 4.22719 100 11 0 0 0 -2.5728 100 20 0 0 0 0 0 0 0 0 0 0 0
4200 -237.913 0 0 0 1.5198 100 30 3.98494 100 21 0 0 0 -2.71356 100 19 0 0 0 0 0 0 0 0 0 0 0
4300 -239.246 0 0 0 0.994474 100 26 4.56592 100 31 0 0 0 -2.5236 100 22 0 0 0 0 0 0 0 0 0 0 0
4400 -238.857 0 0 0 0.902958 100 23 3.1738 100 21 0 0 0 -2.45205 100 21 0 0 0 0 0 0 0 0 0 0 0
4500 -238.195 0 0 0 1.43612 100 24 5.02426 100 18 0 0 0 -2.66403 100 16 0 0 0 0 0 0 0 0 0 0 0
4600 -239.648 0 0 0 2.32066 100 30 5.03799 100 18 0 0 0 -3.12619 100 20 0 0 0 0 0 0 0 0 0 0 0
4700 -238.753 0 0 0 1.02563 100 31 3.74579 100 14 0 0 0 -2.577 100 20 0 0 0 0 0 0 0 0 0 0 0
4800 -238.273 0 0 0 2.23167 100 33 6.60007 100 19 0 0 0 -3.13935 100 28 0 0 0 0 0 0 0 0 0 0 0
4900 -238.191 0 0 0 1.83115 100 31 5.67878 100 20 0 0 0 -3.10591 100 20 0 0 0 0 0 0 0 0 0 0 0
5000 -239.806 0 0 0 2.39613 100 37 5.67489 100 23 0 0 0 -3.36955 100 26 0 0 0 0 0 0 0 0 0 0 0
5100 -238.02 0 0 0 1.28293 100 23 4.246 100 11 0 0 0 -2.64464 100 18 0 0 0 0 0 0 0 0 0 0 0
5200 -238.659 0 0 0 1.24078 100 33 5.13901 100 16 0 0 0 -2.74038 100 16 0 0 0 0 0 0 0 0 0 0 0
5300 -242.188 0 0 0 1.54954 100 28 2.03209 100 21 0 0 0 -2.85756 100 17 0 0 0 0 0 0 0 0 0 0 0
5400 -238.831 0 0 0 1.45799 100 24 2.65092 100 17 0 0 0 -2.59145 100 21 0 0 0 0 0 0 0 0 0 0 0
5500 -239.088 0 0 0 1.19068 100 24 2.6215 100 17 0 0 0 -2.60329 100 18 0 0 0 0 0 0 0 0 0 0 0
5600 -237.916 0 0 0 1.47351 100 24 4.32873 100 21 0 0 0 -2.64003 100 16 0 0 0 0 0 0 0 0 0 0 0
5700 -238.426 0 0 0 2.45383 100 25 7.5843 100 16 0 0 0 -3.45538 100 25 0 0 0 0 0 0 0 0 0 0 0
5800 -237.91 0 0 0 1.83838 100 29 5.02458 100 19 0 0 0 -2.87003 100 17 0 0 0 0 0 0 0 0 0 0 0
5900 -237.988 0 0 0 1.45803 100 20 5.18799 100 21 0 0 0 -2.804 100 20 0 0 0 0 0 0 0 0 0 0 0
6000 -239.396 0 0 0 2.24427 100 30 7.1122 100 17 0 0 0 -3.50649 100 17 0 0 0 0 0 0 0 0 0 0 0
6100 -238.295 0 0 0 1.8514 100 25 5.47021 100 17 0 0 0 -3.10655 100 21 0 0 0 0 0 0 0 0 0 0 0
6200 -240.353 0 0 0 0.920316 100 25 3.98795 100 18 0 0 0 -2.26596 100 18 0 0 0 0 0 0 0 0 0 0 0
6300 -238.974 0 0 0 1.89597 100 28 6.29715 100 21 0 0 0 -2.86035 100 21 0 0 0 0 0 0 0 0 0 0 0
6400 -237.776 0 0 0 1.92869 100 34 5.81452 100 22 0 0 0 -3.00651 100 24 0 0 0 0 0 0 0 0 0 0 0
6500 -239.415 0 0 0 1.12094 100 20 4.27456 100 15 0 0 0 -2.76346 100 22 0 0 0 0 0 0 0 0 0 0 0
6600 -238.386 0 0 0 1.54409 100 24 4.14663 100 17 0 0 0 -2.85891 100 21 0 0 0 0 0 0 0 0 0 0 0
6700 -240.317 0 0 0 1.72644 100 36 3.53019 100 15 0 0 0 -3.00082 100 18 0 0 0 0 0 0 0 0 0 0 0
6800 -238.846 0 0 0 0.868206 100 32 2.83888 100 20 0 0 0 -2.38901 100 28 0 0 0 0 0 0 0 0 0 0 0
6900 -241.014 0 0 0 0.424229 100 28 2.05236 100 25 0 0 0 -1.97833 100 14 0 0 0 0 0 0 0 0 0 0 0
7000 -238.175 0 0 0 2.11009 100 28 7.31782 100 19 0 0 0 -3.28139 100 30 0 0 0 0 0 0 0 0 0 0 0
7100 -238.563 0 0 0 1.38854 100 30 5.70083 100 18 0 0 0 -2.8286 100 17 0 0 0 0 0 0 0 0 0 0 0
7200 -238.821 0 0 0 1.65362 100 29 3.30691 100 22 0 0 0 -2.76896 100 24 0 0 0 0 0 0 0 0 0 0 0
7300 -237.761 0 0 0 1.66815 100 40 4.71444 100 24 0 0 0 -2.81385 100 25 0 0 0 0 0 0 0 0 0 0 0
7400 -238.291 0 0 0 2.195 100 26 7.50014 100 12 0 0 0 -3.35925 100 16 0 0 0 0 0 0 0 0 0 0 0
7500 -241.692 0 0 0 1.8641 100 26 9.04291 100 20 0 0 0 -3.33456 100 26 0 0 0 0 0 0 0 0 0 0 0
7600 -238.303 0 0 0 1.65662 100 22 4.20198 100 20 0 0 0 -2.65836 100 22 0 0 0 0 0 0 0 0 0 0 0
7700 -242.639 0 0 0 2.32483 100 31 10.6186 100 21 0 0 0 -3.73891 100 23 0 0 0 0 0 0 0 0 0 0 0
7800 -239.411 0 0 0 2.82395 100 18 9.37301 100 22 0 0 0 -3.80219 100 24 0 0 0 0 0 0 0 0 0 0 0
7900 -238.982 0 0 0 2.51979 100 26 8.54643 100 10 0 0 0 -3.63553 100 19 0 0 0 0 0 0 0 0 0 0 0
8000 -238.535 0 0 0 1.45471 100 29 4.46172 100 25 0 0 0 -2.87719 100 22 0 0 0 0 0 0 0 0 0 0 0
8100 -238.013 0 0 0 1.82354 100 35 5.07065 100 21 0 0 0 -2.82952 100 25 0 0 0 0 0 0 0 0 0 0 0
8200 -238.922 0 0 0 1.58202 100 22 4.7496 100 19 0 0 0 -3.00141 100 24 0 0 0 0 0 0 0 0 0 0 0
8300 -238.448 0 0 0 2.40478 100 31 8.00336 100 21 0 0 0 -3.39794 100 24 0 0 0 0 0 0 0 0 0 0 0
8400 -240.292 0 0 0 0.89951 100 28 3.96511 100 25 0 0 0 -2.67613 100 21 0 0 0 0 0 0 0 0 0 0 0
8500 -238.187 0 0 0 2.31859 100 35 7.39375 100 20 0 0 0 -3.35406 100 17 0 0 0 0 0 0 0 0 0 0 0
8600 -239.208 0 0 0 1.69074 100 28 6.22666 100 18 0 0 0 -3.18424 100 17 0 0 0 0 0 0 0 0 0 0 0
8700 -244.075 0 0 0 -0.0682849 100 33 -1.63768 100 17 0 0 0 -1.77421 100 23 0 0 0 0 0 0 0 0 0 0 0
8800 -239.874 0 0 0 1.00096 100 23 0.90451 100 14 0 0 0 -2.28413 100 19 0 0 0 0 0 0 0 0 0 0 0
8900 -238.752 0 0 0 1.38474 100 26 2.57234 100 22 0 0 0 -2.47927 100 21 0 0 0 0 0 0 0 0 0 0 0
9000 -243.969 0 0 0 0.601839 100 38 0.681925 100 23 0 0 0 -2.46019 100 19 0 0 0 0 0 0 0 0 0 0 0
9100 -239.361 0 0 0 1.33225 100 36 3.21879 100 29 0 0 0 -2.34662 100 18 0 0 0 0 0 0 0 0 0 0 0
9200 -241.122 0 0 0 0.331854 100 35 0.185405 100 21 0 0 0 -2.00316 100 27 0 0 0 0 0 0 0 0 0 0 0
9300 -238.75 0 0 0 1.57627 100 30 3.16061 100 21 0 0 0 -2.72589 100 31 0 0 0 0 0 0 0 0 0 0 0
9400 -239.517 0 0 0 2.69136 100 23 7.4073 100 15 0 0 0 -3.38968 100 24 0 0 0 0 0 0 0 0 0 0 0
9500 -240.596 0 0 0 1.83011 100 31 8.44528 100 23 0 0 0 -3.3287 100 20 0 0 0 0 0 0 0 0 0 0 0
9600 -238.224 0 0 0 1.37904 100 30 3.23486 100 27 0 0 0 -2.61779 100 18 0 0 0 0 0 0 0 0 0 0 0
9700 -238.679 0 0 0 1.82072 100 35 5.28454 100 19 0 0 0 -2.75352 100 27 0 0 0 0 0 0 0 0 0 0 0
9800 -237.946 0 0 0 1.47043 100 32 3.97076 100 15 0 0 0 -2.62212 100 13 0 0 0 0 0 0 0 0 0 0 0
9900 -238.813 0 0 0 1.61472 100 23 3.62212 100 15 0 0 0 -2.56654 100 14 0 0 0 0 0 0 0 0 0 0 0
10000 -239.326 0 0 0 1.83826 100 37 7.21117 100 25 0 0 0 -3.3044 100 22 0 0 0 0 0 0 0 0 0 0 0
10100 -237.812 0 0 0 1.6013 100 29 4.78187 100 21 0 0 0 -2.85212 100 19 0 0 0 0 0 0 0 0 0 0 0
10200 -240.119 0 0 0 2.98193 100 29 8.00672 100 24 0 0 0 -3.70904 100 24 0 0 0 0 0 0 0 0 0 0 0
10300 -238.348 0 0 0 1.21235 100 36 4.13132 100 20 0 0 0 -2.67779 100 26 0 0 0 0 0 0 0 0 0 0 0
10400 -238.888 0 0 0 0.854443 100 24 3.09397 100 15 0 0 0 -2.37785 100 21 0 0 0 0 0 0 0 0 0 0 0
10500 -238.731 0 0 0 1.24739 100 28 2.31789 100 14 0 0 0 -2.47945 100 21 0 0 0 0 0 0 0 0 0 0 0
10600 -241.269 0 0 0 3.02802 100 27 7.31456 100 19 0 0 0 -3.61487 100 33 0 0 0 0 0 0 0 0 0 0 0
10700 -242.665 0 0 0 0.606647 100 30 0.329253 100 16 0 0 0 -2.33931 100 15 0 0 0 0 0 0 0 0 0 0 0
10800 -238.436 0 0 0 2.22479 100 27 6.88884 100 19 0 0 0 -3.1298 100 19 0 0 0 0 0 0 0 0 0 0 0
10900 -238.965 0 0 0 0.80605 100 27 2.24199 100 27 0 0 0 -2.28114 100 19 0 0 0 0 0 0 0 0 0 0 0
11000 -238.706 0 0 0 1.03715 100 29 2.39795 100 15 0 0 0 -2.43779 100 23 0 0 0 0 0 0 0 0 0 0 0
11100 -238.542 0 0 0 1.92327 100 25 7.12955 100 32 0 0 0 -3.05842 100 15 0 0 0 0 0 0 0 0 0 0 0
11200 -238.755 0 0 0 1.07867 100 36 3.44081 100 21 0 0 0 -2.34711 100 19 0 0 0 0 0 0 0 0 0 0 0
11300 -237.868 0 0 0 1.92173 100 29 6.44951 100 19 0 0 0 -3.06746 100 27 0 0 0 0 0 0 0 0 0 0 0
11400 -240.081 0 0 0 3.02832 100 31 8.97524 100 28 0 0 0 -3.90559 100 27 0 0 0 0 0 0 0 0 0 0 0
11500 -237.821 0 0 0 1.75999 100 30 5.22137 100 25 0 0 0 -2.84043 100 24 0 0 0 0 0 0 0 0 0 0 0
11600 -237.732 0 0 0 1.65255 100 35 5.14609 100 22 0 0 0 -2.82577 100 21 0 0 0 0 0 0 0 0 0 0 0
11700 -239.897 0 0 0 2.35369 100 26 6.1809 100 23 0 0 0 -3.03549 100 25 0 0 0 0 0 0 0 0 0 0 0
11800 -240.632 0 0 0 1.8921 100 17 3.72538 100 28 0 0 0 -3.08296 100 14 0 0 0 0 0 0 0 0 0 0 0
11900 -240.001 0 0 0 1.06144 100 34 4.14605 100 22 0 0 0 -2.77234 100 16 0 0 0 0 0 0 0 0 0 0 0
12000 -238.741 0 0 0 1.30485 100 29 2.5295 100 13 0 0 0 -2.41044 100 25 0 0 0 0 0 0 0 0 0 0 0
12100 -237.983 0 0 0 1.49179 100 21 3.87148 100 19 0 0 0 -2.71607 100 16 0 0 0 0 0 0 0 0 0 0 0
12200 -244.196 0 0 0 -0.0816375 100 34 -2.1998 100 14 0 0 0 -1.54339 100 33 0 0 0 0 0 0 0 0 0 0 0
12300 -238.6 0 0 0 1.36147 100 29 3.87781 100 24 0 0 0 -2.465 100 14 0 0 0 0 0 0 0 0 0 0 0
12400 -237.791 0 0 0 1.92034 100 32 6.10197 100 22 0 0 0 -3.02248 100 16 0 0 0 0 0 0 0 0 0 0 0
12500 -238.11 0 0 0 1.76647 100 24 6.45327 100 18 0 0 0 -3.0627 100 13 0 0 0 0 0 0 0 0 0 0 0
12600 -239.991 0 0 0 0.696698 100 26 1.62314 100 17 0 0 0 -2.32511 100 20 0 0 0 0 0 0 0 0 0 0 0
12700 -238.51 0 0 0 1.28605 100 26 3.55318 100 21 0 0 0 -2.69819 100 17 0 0 0 0 0 0 0 0 0 0 0
12800 -244.141 0 0 0 2.0684 100 17 5.54758 100 18 0 0 0 -3.57089 100 25 0 0 0 0 0 0 0 0 0 0 0
12900 -239.215 0 0 0 1.20436 100 26 3.6831 100 20 0 0 0 -2.34515 100 17 0 0 0 0 0 0 0 0 0 0 0
13000 -238.572 0 0 0 2.34817 100 25 8.05845 100 19 0 0 0 -3.34739 100 18 0 0 0 0 0 0 0 0 0 0 0
13100 -238.094 0 0 0 1.89635 100 31 6.65886 100 18 0 0 0 -3.15872 100 24 0 0 0 0 0 0 0 0 0 0 0
13200 -239.945 0 0 0 2.76529 100 36 10.007 100 16 0 0 0 -3.72689 100 28 0 0 0 0 0 0 0 0 0 0 0
13300 -242.702 0 0 0 1.88452 100 34 7.79295 100 10 0 0 0 -3.60018 100 19 0 0 0 0 0 0 0 0 0 0 0
13400 -237.739 0 0 0 1.80922 100 26 5.79967 100 15 0 0 0 -2.96586 100 22 0 0 0 0 0 0 0 0 0 0 0
13500 -238.84 0 0 0 2.47434 100 27 7.53306 100 20 0 0 0 -3.54307 100 20 0 0 0 0 0 0 0 0 0 0 0
13600 -239.308 0 0 0 1.52774 100 26 3.55514 100 22 0 0 0 -2.87252 100 17 0 0 0 0 0 0 0 0 0 0 0
13700 -238.787 0 0 0 1.61373 100 27 3.09674 100 22 0 0 0 -2.64956 100 21 0 0 0 0 0 0 0 0 0 0 0
13800 -238.703 0 0 0 1.73642 100 28 3.91541 100 27 0 0 0 -2.89806 100 19 0 0 0 0 0 0 0 0 0 0 0
13900 -237.786 0 0 0 1.91161 100 31 5.92878 100 20 0 0 0 -3.06257 100 24 0 0 0 0 0 0 0 0 0 0 0
14000 -240.294 0 0 0 0.522606 100 26 2.13337 100 22 0 0 0 -2.05068 100 17 0 0 0 0 0 0 0 0 0 0 0
14100 -238.262 0 0 0 1.48725 100 34 5.15296 100 22 0 0 0 -2.67624 100 15 0 0 0 0 0 0 0 0 0 0 0
14200 -239.479 0 0 0 0.741619 100 31 3.11922 100 21 0 0 0 -2.25845 100 23 0 0 0 0 0 0 0 0 0 0 0
14300 -239.003 0 0 0 2.14245 100 28 8.05394 100 24 0 0 0 -3.44538 100 16 0 0 0 0 0 0 0 0 0 0 0
14400 -240.856 0 0 0 0.95299 100 33 4.29333 100 17 0 0 0 -2.77652 100 24 0 0 0 0 0 0 0 0 0 0 0
14500 -242.336 0 0 0 2.59389 100 24 5.10071 100 17 0 0 0 -3.11549 100 22 0 0 0 0 0 0 0 0 0 0 0
14600 -238.596 0 0 0 1.80796 100 33 6.37539 100 13 0 0 0 -3.19016 100 19 0 0 0 0 0 0 0 0 0 0 0
14700 -239.934 0 0 0 2.14026 100 25 8.44625 100 18 0 0 0 -3.21941 100 15 0 0 0 0 0 0 0 0 0 0 0
14800 -238.037 0 0 0 1.29378 100 30 3.47319 100 16 0 0 0 -2.57104 100 22 0 0 0 0 0 0 0 0 0 0 0
14900 -237.821 0 0 0 1.49256 100 29 4.34483 100 12 0 0 0 -2.74619 100 31 0 0 0 0 0 0 0 0 0 0 0
15000 -239.721 0 0 0 1.55067 100 25 7.11535 100 27 0 0 0 -3.08136 100 18 0 0 0 0 0 0 0 0 0 0 0
15100 -238.044 0 0 0 1.31967 100 33 4.53035 100 19 0 0 0 -2.63088 100 20 0 0 0 0 0 0 0 0 0 0 0
15200 -237.995 0 0 0 1.96025 100 31 6.07796 100 17 0 0 0 -2.97584 100 12 0 0 0 0 0 0 0 0 0 0 0
15300 -239.319 0 0 0 0.736852 100 29 1.62547 100 24 0 0 0 -2.13842 100 15 0 0 0 0 0 0 0 0 0 0 0
15400 -237.907 0 0 0 1.60276 100 22 4.27386 100 21 0 0 0 -2.79679 100 20 0 0 0 0 0 0 0 0 0 0 0
15500 -238.408 0 0 0 1.26232 100 36 3.38453 100 16 0 0 0 -2.64965 100 16 0 0 0 0 0 0 0 0 0 0 0
15600 -241.022 0 0 0 0.399871 100 20 1.01936 100 16 0 0 0 -2.16508 100 14 0 0 0 0 0 0 0 0 0 0 0
15700 -238.096 0 0 0 1.76348 100 28 5.12309 100 18 0 0 0 -3.01057 100 22 0 0 0 0 0 0 0 0 0 0 0
15800 -239.498 0 0 0 2.18871 100 30 5.20105 100 25 0 0 0 -3.25696 100 22 0 0 0 0 0 0 0 0 0 0 0
15900 -238.954 0 0 0 1.64472 100 29 5.07245 100 19 0 0 0 -2.6359 100 16 0 0 0 0 0 0 0 0 0 0 0
16000 -238.558 0 0 0 1.59454 100 25 6.44965 100 23 0 0 0 -2.97826 100 28 0 0 0 0 0 0 0 0 0 0 0
16100 -240.66 0 0 0 0.855873 100 25 0.69946 100 23 0 0 0 -1.98929 100 23 0 0 0 0 0 0 0 0 0 0 0
16200 -239.13 0 0 0 1.13374 100 30 4.12621 100 20 0 0 0 -2.73405 100 26 0 0 0 0 0 0 0 0 0 0 0
16300 -237.919 0 0 0 1.58581 100 19 4.38893 100 21 0 0 0 -2.82165 100 13 0 0 0 0 0 0 0 0 0 0 0
16400 -239.935 0 0 0 0.682785 100 23 3.52108 100 21 0 0 0 -2.35945 100 21 0 0 0 0 0 0 0 0 0 0 0
16500 -238.809 0 0 0 1.27668 100 28 3.13093 100 15 0 0 0 -2.67744 100 21 0 0 0 0 0 0 0 0 0 0 0
16600 -238.592 0 0 0 1.37164 100 32 4.71177 100 20 0 0 0 -2.55497 100 21 0 0 0 0 0 0 0 0 0 0 0
16700 -239.157 0 0 0 0.82119 100 27 2.26227 100 19 0 0 0 -2.36527 100 20 0 0 0 0 0 0 0 0 0 0 0
16800 -238.937 0 0 0 0.853855 100 22 2.14232 100 16 0 0 0 -2.22395 100 22 0 0 0 0 0 0 0 0 0 0 0
16900 -239.251 0 0 0 2.16329 100 23 8.15419 100 21 0 0 0 -3.22439 100 22 0 0 0 0 0 0 0 0 0 0 0
17000 -240.891 0 0 0 0.597368 100 37 -0.227663 100 20 0 0 0 -2.0357 100 11 0 0 0 0 0 0 0 0 0 0 0
17100 -241.159 0 0 0 0.525135 100 32 1.21661 100 18 0 0 0 -1.86813 100 26 0 0 0 0 0 0 0 0 0 0 0
17200 -239.023 0 0 0 1.52951 100 28 3.79935 100 20 0 0 0 -2.88018 100 18 0 0 0 0 0 0 0 0 0 0 0
17300 -238.781 0 0 0 1.2819 100 27 3.30862 100 24 0 0 0 -2.38298 100 18 0 0 0 0 0 0 0 0 0 0 0
17400 -240.681 0 0 0 1.23519 100 25 5.39267 100 26 0 0 0 -2.99503 100 17 0 0 0 0 0 0 0 0 0 0 0
17500 -238.434 0 0 0 2.29611 100 31 6.71651 100 22 0 0 0 -3.36364 100 29 0 0 0 0 0 0 0 0 0 0 0
17600 -238.536 0 0 0 1.60375 100 35 5.16071 100 24 0 0 0 -3.0081 100 29 0 0 0 0 0 0 0 0 0 0 0
17700 -238.438 0 0 0 1.86377 100 23 6.93369 100 24 0 0 0 -3.02825 100 28 0 0 0 0 0 0 0 0 0 0 0
17800 -238.526 0 0 0 1.51441 100 33 3.07354 100 16 0 0 0 -2.60038 100 22 0 0 0 0 0 0 0 0 0 0 0
17900 -238.006 0 0 0 1.56132 100 28 5.66226 100 22 0 0 0 -2.85195 100 25 0 0 0 0 0 0 0 0 0 0 0
18000 -238.126 0 0 0 1.34601 100 32 3.8731 100 19 0 0 0 -2.70099 100 23 0 0 0 0 0 0 0 0 0 0 0
18100 -237.952 0 0 0 1.44631 100 25 4.78848 100 22 0 0 0 -2.79812 100 20 0 0 0 0 0 0 0 0 0 0 0
18200 -238.292 0 0 0 1.75582 100 26 4.13602 100 23 0 0 0 -2.86255 100 22 0 0 0 0 0 0 0 0 0 0 0
18300 -239.344 0 0 0 1.44587 100 26 3.78261 100 20 0 0 0 -2.87981 100 24 0 0 0 0 0 0 0 0 0 0 0
18400 -244.302 0 0 0 0.496871 100 28 0.933807 100 19 0 0 0 -1.67059 100 19 0 0 0 0 0 0 0 0 0 0 0
18500 -237.823 0 0 0 1.51993 100 37 4.98895 100 20 0 0 0 -2.81493 100 25 0 0 0 0 0 0 0 0 0 0 0
18600 -239.992 0 0 0 0.949355 100 35 2.6942 100 21 0 0 0 -2.13779 100 18 0 0 0 0 0 0 0 0 0 0 0
18700 -238.744 0 0 0 0.910462 100 26 2.29013 100 23 0 0 0 -2.28789 100 24 0 0 0 0 0 0 0 0 0 0 0
18800 -242.801 0 0 0 1.41814 100 24 2.71502 100 15 0 0 0 -2.96251 100 18 0 0 0 0 0 0 0 0 0 0 0
18900 -238.421 0 0 0 2.36892 100 28 6.99473 100 18 0 0 0 -3.24691 100 17 0 0 0 0 0 0 0 0 0 0 0
19000 -237.741 0 0 0 1.67914 100 39 5.41543 100 18 0 0 0 -2.86908 100 20 0 0 0 0 0 0 0 0 0 0 0
19100 -238.46 0 0 0 1.88576 100 24 6.99174 100 12 0 0 0 -3.03821 100 21 0 0 0 0 0 0 0 0 0 0 0
19200 -238.61 0 0 0 1.80268 100 29 3.89256 100 20 0 0 0 -2.77219 100 30 0 0 0 0 0 0 0 0 0 0 0
19300 -238.934 0 0 0 0.864417 100 25 3.21324 100 19 0 0 0 -2.33289 100 19 0 0 0 0 0 0 0 0 0 0 0
19400 -238.626 0 0 0 2.34125 100 25 6.24557 100 19 0 0 0 -3.30859 100 28 0 0 0 0 0 0 0 0 0 0 0
19500 -238.219 0 0 0 1.24718 100 29 3.03059 100 20 0 0 0 -2.52092 100 22 0 0 0 0 0 0 0 0 0 0 0
19600 -238.072 0 0 0 1.42912 100 21 4.8227 100 16 0 0 0 -2.81709 100 18 0 0 0 0 0 0 0 0 0 0 0
19700 -238.49 0 0 0 1.93404 100 28 5.88314 100 16 0 0 0 -2.87575 100 23 0 0 0 0 0 0 0 0 0 0 0
19800 -237.948 0 0 0 2.04718 100 29 6.07887 100 20 0 0 0 -3.15597 100 21 0 0 0 0 0 0 0 0 0 0 0
19900 -238.738 0 0 0 2.62035 100 23 7.82167 100 28 0 0 0 -3.53121 100 26 0 0 0 0 0 0 0 0 0 0 0
20000 -240.377 0 0 0 2.61655 100 25 9.81456 100 20 0 0 0 -3.85797 100 22 0 0 0 0 0 0 0 0 0 0 0
20100 -238.119 0 0 0 2.24911 100 26 7.28733 100 24 0 0 0 -3.31937 100 12 0 0 0 0 0 0 0 0 0 0 0
20200 -238.067 0 0 0 2.24338 100 31 7.01143 100 14 0 0 0 -3.28754 100 16 0 0 0 0 0 0 0 0 0 0 0
20300 -240.452 0 0 0 1.41814 100 32 7.10428 100 24 0 0 0 -2.95061 100 20 0 0 0 0 0 0 0 0 0 0 0
20400 -238.811 0 0 0 1.05993 100 37 3.88449 100 22 0 0 0 -2.62365 100 29 0 0 0 0 0 0 0 0 0 0 0
20500 -237.959 0 0 0 1.90291 100 23 6.62591 100 27 0 0 0 -3.09927 100 22 0 0 0 0 0 0 0 0 0 0 0
20600 -239.068 0 0 0 2.257 100 35 5.52706 100 15 0 0 0 -3.25627 100 22 0 0 0 0 0 0 0 0 0 0 0
20700 -239.217 0 0 0 2.38593 100 28 8.86158 100 18 0 0 0 -3.58704 100 22 0 0 0 0 0 0 0 0 0 0 0
20800 -239.763 0 0 0 0.594209 100 22 1.15756 100 24 0 0 0 -2.10786 100 13 0 0 0 0 0 0 0 0 0 0 0
20900 -239.704 0 0 0 2.79678 100 37 7.46795 100 22 0 0 0 -3.62619 100 23 0 0 0 0 0 0 0 0 0 0 0
21000 -237.974 0 0 0 1.38443 100 35 4.77997 100 21 0 0 0 -2.73684 100 18 0 0 0 0 0 0 0 0 0 0 0
21100 -238.278 0 0 0 1.81497 100 27 6.51999 100 19 0 0 0 -2.9559 100 13 0 0 0 0 0 0 0 0 0 0 0
21200 -238.296 0 0 0 1.60513 100 34 5.32694 100 29 0 0 0 -2.71618 100 22 0 0 0 0 0 0 0 0 0 0 0
21300 -238.4 0 0 0 1.33604 100 21 4.00986 100 18 0 0 0 -2.49151 100 26 0 0 0 0 0 0 0 0 0 0 0
21400 -239.081 0 0 0 0.969398 100 28 1.58486 100 16 0 0 0 -2.26765 100 22 0 0 0 0 0 0 0 0 0 0 0
21500 -238.78 0 0 0 1.98592 100 22 5.10599 100 10 0 0 0 -3.14633 100 15 0 0 0 0 0 0 0 0 0 0 0
21600 -240.998 0 0 0 1.51652 100 24 6.57275 100 21 0 0 0 -2.6969 100 27 0 0 0 0 0 0 0 0 0 0 0
21700 -238.991 0 0 0 0.929931 100 32 2.0023 100 12 0 0 0 -2.36653 100 24 0 0 0 0 0 0 0 0 0 0 0
21800 -238.523 0 0 0 1.33522 100 29 3.24767 100 13 0 0 0 -2.4361 100 19 0 0 0 0 0 0 0 0 0 0 0
21900 -238.224 0 0 0 1.53681 100 32 3.52156 100 17 0 0 0 -2.62621 100 18 0 0 0 0 0 0 0 0 0 0 0
22000 -237.823 0 0 0 1.60686 100 28 4.80453 100 12 0 0 0 -2.74247 100 13 0 0 0 0 0 0 0 0 0 0 0
22100 -238.357 0 0 0 1.29031 100 29 4.96037 100 19 0 0 0 -2.65469 100 24 0 0 0 0 0 0 0 0 0 0 0
22200 -237.944 0 0 0 1.80555 100 26 5.73078 100 17 0 0 0 -2.87982 100 18 0 0 0 0 0 0 0 0 0 0 0
22300 -239.159 0 0 0 1.19641 100 28 2.41171 100 16 0 0 0 -2.28384 100 14 0 0 0 0 0 0 0 0 0 0 0
22400 -238.738 0 0 0 1.7149 100 32 6.95467 100 18 0 0 0 -3.0214 100 17 0 0 0 0 0 0 0 0 0 0 0
22500 -237.87 0 0 0 1.61807 100 31 5.26053 100 19 0 0 0 -2.91544 100 24 0 0 0 0 0 0 0 0 0 0 0
22600 -237.911 0 0 0 1.84756 100 18 4.92297 100 22 0 0 0 -2.91569 100 21 0 0 0 0 0 0 0 0 0 0 0
22700 -237.719 0 0 0 1.72972 100 36 5.32547 100 15 0 0 0 -2.92018 100 20 0 0 0 0 0 0 0 0 0 0 0
22800 -238.436 0 0 0 2.27244 100 30 7.73254 100 21 0 0 0 -3.27754 100 16 0 0 0 0 0 0 0 0 0 0 0
22900 -241.05 0 0 0 0.821193 100 31 1.50423 100 17 0 0 0 -2.47581 100 18 0 0 0 0 0 0 0 0 0 0 0
23000 -240.01 0 0 0 2.64585 100 27 6.86706 100 19 0 0 0 -3.28756 100 27 0 0 0 0 0 0 0 0 0 0 0
23100 -241.877 0 0 0 3.38781 100 29 11.9141 100 17 0 0 0 -4.33462 100 25 0 0 0 0 0 0 0 0 0 0 0
23200 -238.739 0 0 0 2.45719 100 28 8.5307 100 18 0 0 0 -3.54118 100 18 0 0 0 0 0 0 0 0 0 0 0
23300 -239.098 0 0 0 1.08154 100 31 3.2805 100 20 0 0 0 -2.63468 100 24 0 0 0 0 0 0 0 0 0 0 0
23400 -238.433 0 0 0 1.1416 100 22 4.06874 100 18 0 0 0 -2.48539 100 23 0 0 0 0 0 0 0 0 0 0 0
23500 -238.146 0 0 0 1.45805 100 25 5.46055 100 17 0 0 0 -2.78625 100 17 0 0 0 0 0 0 0 0 0 0 0
23600 -238.407 0 0 0 1.3205 100 26 3.48108 100 12 0 0 0 -2.45217 100 20 0 0 0 0 0 0 0 0 0 0 0
23700 -239.563 0 0 0 1.89207 100 24 6.22205 100 16 0 0 0 -2.80636 100 17 0 0 0 0 0 0 0 0 0 0 0
23800 -238.522 0 0 0 1.49421 100 32 3.14868 100 23 0 0 0 -2.67941 100 30 0 0 0 0 0 0 0 0 0 0 0
23900 -238.595 0 0 0 1.22142 100 31 2.77158 100 24 0 0 0 -2.56612 100 30 0 0 0 0 0 0 0 0 0 0 0
24000 -242.348 0 0 0 0.796916 100 26 5.66711 100 14 0 0 0 -2.70058 100 13 0 0 0 0 0 0 0 0 0 0 0
24100 -238.433 0 0 0 1.18857 100 28 3.89716 100 25 0 0 0 -2.45288 100 25 0 0 0 0 0 0 0 0 0 0 0
24200 -242.548 0 0 0 2.29855 100 32 6.62692 100 19 0 0 0 -2.88405 100 22 0 0 0 0 0 0 0 0 0 0 0
24300 -238.242 0 0 0 1.84362 100 29 6.37621 100 17 0 0 0 -2.9366 100 21 0 0 0 0 0 0 0 0 0 0 0
24400 -239.036 0 0 0 2.37355 100 23 5.89065 100 22 0 0 0 -3.17077 100 17 0 0 0 0 0 0 0 0 0 0 0
24500 -238.485 0 0 0 1.96343 100 25 5.06009 100 20 0 0 0 -3.09569 100 12 0 0 0 0 0 0 0 0 0 0 0
24600 -239.627 0 0 0 2.52318 100 23 5.99838 100 14 0 0 0 -3.34991 100 21 0 0 0 0 0 0 0 0 0 0 0
24700 -241.525 0 0 0 0.550509 100 35 0.434685 100 23 0 0 0 -2.23899 100 21 0 0 0 0 0 0 0 0 0 0 0
24800 -237.964 0 0 0 1.36997 100 34 3.67544 100 11 0 0 0 -2.61924 100 20 0 0 0 0 0 0 0 0 0 0 0
24900 -239.016 0 0 0 2.74307 100 35 8.51731 100 18 0 0 0 -3.66699 100 23 0 0 0 0 0 0 0 0 0 0 0
25000 -238.831 0 0 0 1.29804 100 23 5.09548 100 9 0 0 0 -2.58961 100 18 0 0 0 0 0 0 0 0 0 0 0
25100 -237.807 0 0 0 1.85467 100 23 5.93271 100 22 0 0 0 -3.05276 100 17 0 0 0 0 0 0 0 0 0 0 0
25200 -238.331 0 0 0 1.43659 100 33 3.90765 100 26 0 0 0 -2.52798 100 25 0 0 0 0 0 0 0 0 0 0 0
25300 -238.482 0 0 0 2.19053 100 29 7.14982 100 11 0 0 0 -3.38871 100 20 0 0 0 0 0 0 0 0 0 0 0
25400 -237.963 0 0 0 1.7696 100 35 6.11773 100 25 0 0 0 -3.05067 100 21 0 0 0 0 0 0 0 0 0 0 0
25500 -239.953 0 0 0 0.996428 100 25 5.19959 100 11 0 0 0 -2.61838 100 14 0 0 0 0 0 0 0 0 0 0 0
25600 -238.535 0 0 0 1.26862 100 30 3.94508 100 27 0 0 0 -2.73367 100 18 0 0 0 0 0 0 0 0 0 0 0
25700 -241.924 0 0 0 0.132377 100 28 -0.336434 100 22 0 0 0 -1.8355 100 24 0 0 0 0 0 0 0 0 0 0 0
25800 -238.461 0 0 0 1.08832 100 32 3.89175 100 21 0 0 0 -2.46675 100 24 0 0 0 0 0 0 0 0 0 0 0
25900 -239.065 0 0 0 1.47063 100 28 3.38009 100 15 0 0 0 -2.80621 100 22 0 0 0 0 0 0 0 0 0 0 0
26000 -240.017 0 0 0 0.941037 100 24 0.704504 100 24 0 0 0 -2.14137 100 17 0 0 0 0 0 0 0 0 0 0 0
26100 -239.588 0 0 0 1.01321 100 30 2.2944 100 17 0 0 0 -2.53847 100 18 0 0 0 0 0 0 0 0 0 0 0
26200 -238.88 0 0 0 1.14722 100 35 3.70367 100 12 0 0 0 -2.3677 100 19 0 0 0 0 0 0 0 0 0 0 0
26300 -238.204 0 0 0 1.70017 100 26 4.17929 100 21 0 0 0 -2.71109 100 15 0 0 0 0 0 0 0 0 0 0 0
26400 -241.313 0 0 0 1.46506 100 28 1.04924 100 19 0 0 0 -2.50248 100 21 0 0 0 0 0 0 0 0 0 0 0
26500 -241.833 0 0 0 1.13154 100 22 6.74919 100 17 0 0 0 -2.91843 100 15 0 0 0 0 0 0 0 0 0 0 0
26600 -238.317 0 0 0 1.75436 100 29 6.64937 100 17 0 0 0 -3.08999 100 17 0 0 0 0 0 0 0 0 0 0 0
26700 -239.425 0 0 0 1.21995 100 24 2.4822 100 22 0 0 0 -2.62963 100 21 0 0 0 0 0 0 0 0 0 0 0
26800 -238.766 0 0 0 1.54649 100 41 5.84026 100 22 0 0 0 -3.03462 100 29 0 0 0 0 0 0 0 0 0 0 0
26900 -241.202 0 0 0 2.80836 100 32 10.1162 100 14 0 0 0 -4.04342 100 27 0 0 0 0 0 0 0 0 0 0 0
27000 -239.566 0 0 0 1.64486 100 27 6.61023 100 16 0 0 0 -2.8138 100 23 0 0 0 0 0 0 0 0 0 0 0
27100 -238.535 0 0 0 1.9369 100 31 7.42105 100 16 0 0 0 -3.16885 100 20 0 0 0 0 0 0 0 0 0 0 0
27200 -241.965 0 0 0 3.26673 100 25 9.19459 100 21 0 0 0 -4.14852 100 15 0 0 0 0 0 0 0 0 0 0 0
27300 -239.127 0 0 0 1.76894 100 29 6.5833 100 19 0 0 0 -3.23345 100 30 0 0 0 0 0 0 0 0 0 0 0
27400 -239.803 0 0 0 2.20445 100 30 7.03004 100 15 0 0 0 -3.5195 100 16 0 0 0 0 0 0 0 0 0 0 0
27500 -238.448 0 0 0 1.74565 100 24 4.5082 100 19 0 0 0 -2.97211 100 19 0 0 0 0 0 0 0 0 0 0 0
27600 -240.929 0 0 0 2.96749 100 31 11.0228 100 19 0 0 0 -4.02946 100 18 0 0 0 0 0 0 0 0 0 0 0
27700 -240.119 0 0 0 1.70285 100 35 2.55664 100 25 0 0 0 -2.57753 100 18 0 0 0 0 0 0 0 0 0 0 0
27800 -238.113 0 0 0 1.73854 100 30 6.0226 100 18 0 0 0 -3.06647 100 29 0 0 0 0 0 0 0 0 0 0 0
27900 -239.368 0 0 0 1.8222 100 24 5.71619 100 20 0 0 0 -3.22739 100 20 0 0 0 0 0 0 0 0 0 0 0
28000 -238.92 0 0 0 1.18429 100 28 4.2768 100 19 0 0 0 -2.75197 100 23 0 0 0 0 0 0 0 0 0 0 0
28100 -237.966 0 0 0 1.57943 100 22 4.28066 100 19 0 0 0 -2.8139 100 24 0 0 0 0 0 0 0 0 0 0 0
28200 -238.863 0 0 0 2.20651 100 27 8.0139 100 18 0 0 0 -3.24902 100 24 0 0 0 0 0 0 0 0 0 0 0
28300 -240.69 0 0 0 1.07305 100 35 3.37839 100 19 0 0 0 -2.77386 100 19 0 0 0 0 0 0 0 0 0 0 0
28400 -238.125 0 0 0 1.7282 100 30 6.30518 100 26 0 0 0 -2.94329 100 25 0 0 0 0 0 0 0 0 0 0 0
28500 -239.709 0 0 0 2.53957 100 29 6.24604 100 19 0 0 0 -3.23587 100 21 0 0 0 0 0 0 0 0 0 0 0
28600 -238.68 0 0 0 2.51381 100 31 8.19629 100 18 0 0 0 -3.5652 100 20 0 0 0 0 0 0 0 0 0 0 0
28700 -239.022 0 0 0 2.43574 100 29 6.78994 100 22 0 0 0 -3.4705 100 23 0 0 0 0 0 0 0 0 0 0 0
28800 -238.479 0 0 0 2.14029 100 33 5.49583 100 15 0 0 0 -3.0179 100 21 0 0 0 0 0 0 0 0 0 0 0
28900 -239.08 0 0 0 1.72417 100 24 3.51801 100 12 0 0 0 -2.62869 100 25 0 0 0 0 0 0 0 0 0 0 0
29000 -238.86 0 0 0 1.19461 100 21 2.17662 100 22 0 0 0 -2.47328 100 20 0 0 0 0 0 0 0 0 0 0 0
29100 -238.187 0 0 0 2.09723 100 37 7.14291 100 23 0 0 0 -3.15354 100 24 0 0 0 0 0 0 0 0 0 0 0
29200 -240.618 0 0 0 1.08315 100 31 0.699151 100 15 0 0 0 -2.37018 100 21 0 0 0 0 0 0 0 0 0 0 0
29300 -238.707 0 0 0 1.45854 100 29 2.88446 100 23 0 0 0 -2.64947 100 15 0 0 0 0 0 0 0 0 0 0 0
29400 -238.75 0 0 0 1.22415 100 22 5.16309 100 17 0 0 0 -2.73776 100 17 0 0 0 0 0 0 0 0 0 0 0
29500 -238.703 0 0 0 1.6282 100 23 3.41771 100 18 0 0 0 -2.78287 100 17 0 0 0 0 0 0 0 0 0 0 0
29600 -240.534 0 0 0 1.73557 100 29 6.41657 100 18 0 0 0 -2.72761 100 22 0 0 0 0 0 0 0 0 0 0 0
29700 -239.585 0 0 0 1.49939 100 28 5.02086 100 24 0 0 0 -3.04369 100 19 0 0 0 0 0 0 0 0 0 0 0
29800 -238.333 0 0 0 2.24537 100 23 7.70946 100 30 0 0 0 -3.38342 100 23 0 0 0 0 0 0 0 0 0 0 0
29900 -238.194 0 0 0 1.25979 100 29 4.01092 100 26 0 0 0 -2.67531 100 22 0 0 0 0 0 0 0 0 0 0 0
30000 -243.026 0 0 0 0.132235 100 27 0.666275 100 9 0 0 0 -2.12295 100 20 0 0 0 0 0 0 0 0 0 0 0
30100 -238.588 0 0 0 1.27039 100 16 4.40812 100 18 0 0 0 -2.50274 100 23 0 0 0 0 0 0 0 0 0 0 0
30200 -238.538 0 0 0 1.66483 100 24 6.31566 100 16 0 0 0 -3.08634 100 25 0 0 0 0 0 0 0 0 0 0 0
30300 -237.877 0 0 0 1.52273 100 31 4.07314 100 22 0 0 0 -2.71985 100 15 0 0 0 0 0 0 0 0 0 0 0
30400 -239.397 0 0 0 2.20106 100 23 4.71646 100 18 0 0 0 -3.07167 100 15 0 0 0 0 0 0 0 0 0 0 0
30500 -238.218 0 0 0 2.01409 100 31 5.09275 100 22 0 0 0 -2.99627 100 32 0 0 0 0 0 0 0 0 0 0 0
30600 -239.361 0 0 0 1.38931 100 26 5.13572 100 20 0 0 0 -2.97274 100 18 0 0 0 0 0 0 0 0 0 0 0
30700 -241.688 0 0 0 0.46094 100 23 2.19397 100 21 0 0 0 -1.92843 100 14 0 0 0 0 0 0 0 0 0 0 0
30800 -240.016 0 0 0 0.680311 100 34 3.51589 100 20 0 0 0 -2.40187 100 29 0 0 0 0 0 0 0 0 0 0 0
30900 -238.954 0 0 0 1.2961 100 32 3.93305 100 16 0 0 0 -2.79585 100 17 0 0 0 0 0 0 0 0 0 0 0
31000 -239.154 0 0 0 2.31966 100 22 8.80274 100 17 0 0 0 -3.49447 100 23 0 0 0 0 0 0 0 0 0 0 0
31100 -238.924 0 0 0 2.26673 100 31 8.46825 100 23 0 0 0 -3.38865 100 20 0 0 0 0 0 0 0 0 0 0 0
31200 -239.568 0 0 0 1.79799 100 31 4.09627 100 18 0 0 0 -3.03984 100 25 0 0 0 0 0 0 0 0 0 0 0
31300 -240.728 0 0 0 0.751374 100 34 0.0824067 100 22 0 0 0 -1.97649 100 24 0 0 0 0 0 0 0 0 0 0 0
31400 -238.785 0 0 0 0.887892 100 32 2.90595 100 22 0 0 0 -2.31044 100 13 0 0 0 0 0 0 0 0 0 0 0
31500 -237.783 0 0 0 1.6252 100 24 5.41847 100 22 0 0 0 -2.87116 100 18 0 0 0 0 0 0 0 0 0 0 0
31600 -239.113 0 0 0 1.18419 100 28 1.96484 100 19 0 0 0 -2.30704 100 20 0 0 0 0 0 0 0 0 0 0 0
31700 -239.405 0 0 0 1.14465 100 25 3.91142 100 23 0 0 0 -2.75542 100 20 0 0 0 0 0 0 0 0 0 0 0
31800 -239.433 0 0 0 1.36732 100 24 5.53877 100 23 0 0 0 -2.97931 100 24 0 0 0 0 0 0 0 0 0 0 0
31900 -238.802 0 0 0 2.63966 100 32 8.19486 100 17 0 0 0 -3.59889 100 24 0 0 0 0 0 0 0 0 0 0 0
32000 -238.867 0 0 0 2.47594 100 32 7.9157 100 20 0 0 0 -3.58005 100 15 0 0 0 0 0 0 0 0 0 0 0
32100 -243.838 0 0 0 2.9981 100 24 12.5013 100 27 0 0 0 -4.15652 100 24 0 0 0 0 0 0 0 0 0 0 0
32200 -241.729 0 0 0 3.54071 100 26 10.3733 100 19 0 0 0 -4.24987 100 13 0 0 0 0 0 0 0 0 0 0 0
32300 -239.237 0 0 0 2.22293 100 31 8.46454 100 20 0 0 0 -3.31561 100 18 0 0 0 0 0 0 0 0 0 0 0
32400 -238.932 0 0 0 1.22358 100 29 5.18656 100 20 0 0 0 -2.78777 100 26 0 0 0 0 0 0 0 0 0 0 0
32500 -240.532 0 0 0 0.756482 100 21 4.2209 100 18 0 0 0 -2.34369 100 13 0 0 0 0 0 0 0 0 0 0 0
32600 -240.373 0 0 0 1.03897 100 28 3.7689 100 20 0 0 0 -2.2397 100 22 0 0 0 0 0 0 0 0 0 0 0
32700 -239.851 0 0 0 0.659624 100 25 2.11878 100 17 0 0 0 -2.07521 100 10 0 0 0 0 0 0 0 0 0 0 0
32800 -240.599 0 0 0 0.90512 100 28 2.93794 100 23 0 0 0 -2.11032 100 25 0 0 0 0 0 0 0 0 0 0 0
32900 -241.087 0 0 0 1.98123 100 22 7.01446 100 13 0 0 0 -2.8514 100 23 0 0 0 0 0 0 0 0 0 0 0
33000 -240.111 0 0 0 1.6081 100 30 3.7034 100 15 0 0 0 -2.45399 100 23 0 0 0 0 0 0 0 0 0 0 0
33100 -238.034 0 0 0 1.47878 100 25 3.73449 100 16 0 0 0 -2.69819 100 23 0 0 0 0 0 0 0 0 0 0 0
33200 -242.084 0 0 0 3.49817 100 29 9.60605 100 19 0 0 0 -4.18398 100 18 0 0 0 0 0 0 0 0 0 0 0
33300 -239.237 0 0 0 1.89499 100 27 4.56969 100 22 0 0 0 -2.72068 100 18 0 0 0 0 0 0 0 0 0 0 0
33400 -238.254 0 0 0 2.13714 100 25 7.51287 100 15 0 0 0 -3.25061 100 22 0 0 0 0 0 0 0 0 0 0 0
33500 -238.4 0 0 0 2.10453 100 24 6.71522 100 16 0 0 0 -3.05262 100 22 0 0 0 0 0 0 0 0 0 0 0
33600 -238.849 0 0 0 2.55299 100 17 8.36382 100 20 0 0 0 -3.44453 100 19 0 0 0 0 0 0 0 0 0 0 0
33700 -238.719 0 0 0 1.09328 100 40 4.21228 100 17 0 0 0 -2.64233 100 25 0 0 0 0 0 0 0 0 0 0 0
33800 -239.994 0 0 0 1.69355 100 30 4.58646 100 23 0 0 0 -3.11179 100 24 0 0 0 0 0 0 0 0 0 0 0
33900 -240.939 0 0 0 1.84349 100 26 3.38029 100 21 0 0 0 -3.0416 100 23 0 0 0 0 0 0 0 0 0 0 0
34000 -239.2 0 0 0 2.34381 100 32 7.5275 100 22 0 0 0 -3.55417 100 23 0 0 0 0 0 0 0 0 0 0 0
34100 -238.954 0 0 0 0.899775 100 25 2.68252 100 19 0 0 0 -2.43608 100 24 0 0 0 0 0 0 0 0 0 0 0
34200 -241.073 0 0 0 0.572263 100 25 1.09288 100 20 0 0 0 -1.87289 100 15 0 0 0 0 0 0 0 0 0 0 0
34300 -237.856 0 0 0 1.64239 100 31 5.2933 100 19 0 0 0 -2.92772 100 20 0 0 0 0 0 0 0 0 0 0 0
34400 -239.03 0 0 0 1.45774 100 25 6.34346 100 21 0 0 0 -2.94878 100 16 0 0 0 0 0 0 0 0 0 0 0
34500 -240.649 0 0 0 1.3328 100 33 1.47116 100 21 0 0 0 -2.5862 100 13 0 0 0 0 0 0 0 0 0 0 0
34600 -239.617 0 0 0 2.03115 100 20 6.5023 100 23 0 0 0 -3.39644 100 26 0 0 0 0 0 0 0 0 0 0 0
34700 -238.246 0 0 0 1.81716 100 22 6.42389 100 19 0 0 0 -3.1444 100 22 0 0 0 0 0 0 0 0 0 0 0
34800 -237.802 0 0 0 1.65354 100 30 4.54169 100 13 0 0 0 -2.80555 100 19 0 0 0 0 0 0 0 0 0 0 0
34900 -237.784 0 0 0 1.58596 100 26 5.20205 100 17 0 0 0 -2.80771 100 25 0 0 0 0 0 0 0 0 0 0 0
35000 -238.554 0 0 0 1.10994 100 33 2.5958 100 20 0 0 0 -2.34104 100 16 0 0 0 0 0 0 0 0 0 0 0
35100 -239.09 0 0 0 2.78657 100 33 8.65967 100 26 0 0 0 -3.68296 100 16 0 0 0 0 0 0 0 0 0 0 0
35200 -240.663 0 0 0 3.18753 100 25 9.62671 100 15 0 0 0 -4.06061 100 18 0 0 0 0 0 0 0 0 0 0 0
35300 -239.399 0 0 0 2.55134 100 20 9.23764 100 17 0 0 0 -3.54721 100 25 0 0 0 0 0 0 0 0 0 0 0
35400 -238.449 0 0 0 1.87535 100 27 4.38287 100 15 0 0 0 -2.82099 100 16 0 0 0 0 0 0 0 0 0 0 0
35500 -239.561 0 0 0 2.22319 100 33 7.74697 100 22 0 0 0 -3.55454 100 22 0 0 0 0 0 0 0 0 0 0 0
35600 -239.327 0 0 0 0.988059 100 31 1.39321 100 16 0 0 0 -2.21139 100 27 0 0 0 0 0 0 0 0 0 0 0
35700 -238.765 0 0 0 1.01211 100 33 2.10267 100 22 0 0 0 -2.36831 100 22 0 0 0 0 0 0 0 0 0 0 0
35800 -238.431 0 0 0 1.29556 100 25 3.60809 100 22 0 0 0 -2.44615 100 19 0 0 0 0 0 0 0 0 0 0 0
35900 -238.366 0 0 0 1.14397 100 31 3.37607 100 19 0 0 0 -2.57308 100 20 0 0 0 0 0 0 0 0 0 0 0
36000 -238.617 0 0 0 1.44061 100 28 5.50395 100 26 0 0 0 -2.68958 100 24 0 0 0 0 0 0 0 0 0 0 0
36100 -240.765 0 0 0 3.26751 100 28 10.9474 100 18 0 0 0 -4.13018 100 29 0 0 0 0 0 0 0 0 0 0 0
36200 -238.894 0 0 0 1.90004 100 26 7.197 100 17 0 0 0 -3.29286 100 26 0 0 0 0 0 0 0 0 0 0 0
36300 -241.513 0 0 0 2.22689 100 29 4.66131 100 21 0 0 0 -3.34494 100 22 0 0 0 0 0 0 0 0 0 0 0
36400 -239.775 0 0 0 1.36556 100 26 1.90472 100 32 0 0 0 -2.5787 100 16 0 0 0 0 0 0 0 0 0 0 0
36500 -239.792 0 0 0 0.778216 100 28 1.20545 100 17 0 0 0 -2.04982 100 18 0 0 0 0 0 0 0 0 0 0 0
36600 -237.824 0 0 0 1.81395 100 24 6.12851 100 22 0 0 0 -3.0059 100 23 0 0 0 0 0 0 0 0 0 0 0
36700 -239.417 0 0 0 0.926858 100 27 1.89202 100 19 0 0 0 -2.41972 100 20 0 0 0 0 0 0 0 0 0 0 0
36800 -238.51 0 0 0 1.09343 100 15 2.47879 100 15 0 0 0 -2.36558 100 25 0 0 0 0 0 0 0 0 0 0 0
36900 -238.994 0 0 0 2.40332 100 26 8.72513 100 22 0 0 0 -3.56178 100 25 0 0 0 0 0 0 0 0 0 0 0
37000 -239.86 0 0 0 0.817972 100 40 3.89645 100 16 0 0 0 -2.5482 100 18 0 0 0 0 0 0 0 0 0 0 0
37100 -240.299 0 0 0 2.63512 100 28 9.48379 100 23 0 0 0 -3.86706 100 21 0 0 0 0 0 0 0 0 0 0 0
37200 -238.806 0 0 0 1.21545 100 28 2.28963 100 19 0 0 0 -2.35808 100 22 0 0 0 0 0 0 0 0 0 0 0
37300 -238.226 0 0 0 1.34252 100 29 3.4389 100 23 0 0 0 -2.49219 100 16 0 0 0 0 0 0 0 0 0 0 0
37400 -238.236 0 0 0 1.4393 100 32 3.6731 100 22 0 0 0 -2.53782 100 25 0 0 0 0 0 0 0 0 0 0 0
37500 -237.984 0 0 0 1.47865 100 20 4.80742 100 15 0 0 0 -2.67365 100 19 0 0 0 0 0 0 0 0 0 0 0
37600 -238.296 0 0 0 1.43039 100 35 3.7129 100 24 0 0 0 -2.74527 100 22 0 0 0 0 0 0 0 0 0 0 0
37700 -239.102 0 0 0 2.26707 100 22 8.66129 100 12 0 0 0 -3.44476 100 21 0 0 0 0 0 0 0 0 0 0 0
37800 -238.18 0 0 0 1.26393 100 31 3.14557 100 19 0 0 0 -2.54606 100 19 0 0 0 0 0 0 0 0 0 0 0
37900 -238.637 0 0 0 1.32605 100 27 2.7744 100 21 0 0 0 -2.42412 100 19 0 0 0 0 0 0 0 0 0 0 0
38000 -238.064 0 0 0 1.50873 100 30 3.9962 100 17 0 0 0 -2.76991 100 22 0 0 0 0 0 0 0 0 0 0 0
38100 -238.633 0 0 0 1.15776 100 28 2.27649 100 19 0 0 0 -2.3953 100 23 0 0 0 0 0 0 0 0 0 0 0
38200 -238.951 0 0 0 1.21054 100 36 1.99754 100 17 0 0 0 -2.37998 100 14 0 0 0 0 0 0 0 0 0 0 0
38300 -238.029 0 0 0 1.83313 100 30 5.68177 100 17 0 0 0 -3.08097 100 25 0 0 0 0 0 0 0 0 0 0 0
38400 -238.887 0 0 0 1.35413 100 29 2.32721 100 23 0 0 0 -2.48616 100 19 0 0 0 0 0 0 0 0 0 0 0
38500 -238.419 0 0 0 1.28704 100 27 4.6411 100 23 0 0 0 -2.76909 100 24 0 0 0 0 0 0 0 0 0 0 0
38600 -243.859 0 0 0 0.648669 100 31 5.35859 100 17 0 0 0 -2.38606 100 15 0 0 0 0 0 0 0 0 0 0 0
38700 -239.329 0 0 0 1.37122 100 41 5.79795 100 20 0 0 0 -2.67327 100 12 0 0 0 0 0 0 0 0 0 0 0
38800 -238.657 0 0 0 2.18097 100 32 5.45255 100 19 0 0 0 -3.03358 100 13 0 0 0 0 0 0 0 0 0 0 0
38900 -241.859 0 0 0 1.61587 100 39 2.64826 100 13 0 0 0 -2.34458 100 25 0 0 0 0 0 0 0 0 0 0 0
39000 -238.322 0 0 0 1.17573 100 28 4.01198 100 17 0 0 0 -2.63441 100 21 0 0 0 0 0 0 0 0 0 0 0
39100 -238.927 0 0 0 0.952817 100 31 2.1123 100 22 0 0 0 -2.3868 100 25 0 0 0 0 0 0 0 0 0 0 0
39200 -240.256 0 0 0 1.46632 100 35 2.09584 100 19 0 0 0 -2.69186 100 17 0 0 0 0 0 0 0 0 0 0 0
39300 -238.257 0 0 0 1.85769 100 30 4.45633 100 19 0 0 0 -2.84962 100 20 0 0 0 0 0 0 0 0 0 0 0
39400 -239.031 0 0 0 2.39755 100 23 8.77728 100 15 0 0 0 -3.55654 100 26 0 0 0 0 0 0 0 0 0 0 0
39500 -239.096 0 0 0 0.824906 100 22 1.93328 100 23 0 0 0 -2.1809 100 20 0 0 0 0 0 0 0 0 0 0 0
39600 -238.359 0 0 0 1.90943 100 31 4.5292 100 23 0 0 0 -2.93808 100 21 0 0 0 0 0 0 0 0 0 0 0
39700 -240.611 0 0 0 0.801378 100 23 4.6121 100 19 0 0 0 -2.5971 100 27 0 0 0 0 0 0 0 0 0 0 0
39800 -237.79 0 0 0 1.57424 100 27 4.44652 100 11 0 0 0 -2.77544 100 20 0 0 0 0 0 0 0 0 0 0 0
39900 -238.194 0 0 0 2.07814 100 29 6.16883 100 21 0 0 0 -3.22756 100 25 0 0 0 0 0 0 0 0 0 0 0
40000 -239.272 0 0 0 1.79328 100 25 3.29237 100 9 0 0 0 -2.73086 100 25 0 0 0 0 0 0 0 0 0 0 0
40100 -238.852 0 0 0 1.80116 100 30 5.65986 100 16 0 0 0 -3.16871 100 23 0 0 0 0 0 0 0 0 0 0 0
40200 -238.256 0 0 0 1.48836 100 32 4.26525 100 25 0 0 0 -2.57924 100 19 0 0 0 0 0 0 0 0 0 0 0
40300 -239.041 0 0 0 2.37223 100 24 6.69111 100 17 0 0 0 -3.45566 100 25 0 0 0 0 0 0 0 0 0 0 0
40400 -238.868 0 0 0 1.00504 100 27 3.00536 100 22 0 0 0 -2.53128 100 18 0 0 0 0 0 0 0 0 0 0 0
40500 -238.242 0 0 0 1.10825 100 26 3.3904 100 10 0 0 0 -2.47796 100 20 0 0 0 0 0 0 0 0 0 0 0
40600 -238.379 0 0 0 1.28072 100 26 4.31875 100 16 0 0 0 -2.74523 100 19 0 0 0 0 0 0 0 0 0 0 0
40700 -238.01 0 0 0 1.40332 100 35 3.83543 100 15 0 0 0 -2.57226 100 16 0 0 0 0 0 0 0 0 0 0 0
40800 -239.657 0 0 0 1.7405 100 20 4.91662 100 25 0 0 0 -2.61426 100 18 0 0 0 0 0 0 0 0 0 0 0
40900 -242.014 0 0 0 3.11739 100 29 7.26214 100 20 0 0 0 -3.66946 100 24 0 0 0 0 0 0 0 0 0 0 0
41000 -239.649 0 0 0 1.72814 100 28 2.80984 100 17 0 0 0 -2.66676 100 26 0 0 0 0 0 0 0 0 0 0 0
41100 -240.914 0 0 0 0.449648 100 32 0.159149 100 18 0 0 0 -2.06014 100 15 0 0 0 0 0 0 0 0 0 0 0
41200 -239.165 0 0 0 1.82418 100 25 5.30363 100 18 0 0 0 -2.7164 100 19 0 0 0 0 0 0 0 0 0 0 0
41300 -240.545 0 0 0 1.99297 100 25 4.32604 100 20 0 0 0 -2.69288 100 24 0 0 0 0 0 0 0 0 0 0 0
41400 -239.025 0 0 0 1.64059 100 34 5.59666 100 20 0 0 0 -2.68837 100 26 0 0 0 0 0 0 0 0 0 0 0
41500 -238.054 0 0 0 2.02393 100 29 6.07913 100 21 0 0 0 -3.18036 100 21 0 0 0 0 0 0 0 0 0 0 0
41600 -238.068 0 0 0 2.16133 100 34 6.96784 100 17 0 0 0 -3.28424 100 14 0 0 0 0 0 0 0 0 0 0 0
41700 -241.947 0 0 0 1.37391 100 37 4.79534 100 19 0 0 0 -3.11677 100 24 0 0 0 0 0 0 0 0 0 0 0
41800 -238.607 0 0 0 2.26632 100 29 6.43135 100 15 0 0 0 -3.10462 100 16 0 0 0 0 0 0 0 0 0 0 0
41900 -237.982 0 0 0 1.46036 100 33 4.32983 100 20 0 0 0 -2.78073 100 17 0 0 0 0 0 0 0 0 0 0 0
42000 -238.246 0 0 0 1.38261 100 29 3.84938 100 19 0 0 0 -2.51632 100 21 0 0 0 0 0 0 0 0 0 0 0
42100 -238.969 0 0 0 1.22959 100 35 2.30992 100 20 0 0 0 -2.53879 100 19 0 0 0 0 0 0 0 0 0 0 0
42200 -240.483 0 0 0 0.820263 100 28 0.744137 100 22 0 0 0 -2.30591 100 19 0 0 0 0 0 0 0 0 0 0 0
42300 -240.089 0 0 0 1.3503 100 36 4.94009 100 17 0 0 0 -2.46135 100 19 0 0 0 0 0 0 0 0 0 0 0
42400 -239.606 0 0 0 1.70788 100 32 6.83039 100 16 0 0 0 -3.24689 100 12 0 0 0 0 0 0 0 0 0 0 0
42500 -239.618 0 0 0 2.60893 100 25 9.13175 100 18 0 0 0 -3.49808 100 18 0 0 0 0 0 0 0 0 0 0 0
42600 -238.533 0 0 0 1.16279 100 26 2.66985 100 17 0 0 0 -2.36214 100 24 0 0 0 0 0 0 0 0 0 0 0
42700 -238.147 0 0 0 1.35786 100 40 4.95534 100 27 0 0 0 -2.68099 100 24 0 0 0 0 0 0 0 0 0 0 0
42800 -239.271 0 0 0 1.58148 100 23 2.90884 100 22 0 0 0 -2.51896 100 21 0 0 0 0 0 0 0 0 0 0 0
42900 -238.94 0 0 0 1.18273 100 33 5.20355 100 17 0 0 0 -2.70556 100 24 0 0 0 0 0 0 0 0 0 0 0
43000 -239.199 0 0 0 2.72671 100 31 9.26542 100 17 0 0 0 -3.68243 100 20 0 0 0 0 0 0 0 0 0 0 0
43100 -238.881 0 0 0 1.59157 100 26 5.62819 100 12 0 0 0 -2.69387 100 17 0 0 0 0 0 0 0 0 0 0 0
43200 -238.798 0 0 0 1.06183 100 27 3.97723 100 21 0 0 0 -2.62548 100 20 0 0 0 0 0 0 0 0 0 0 0
43300 -238.646 0 0 0 1.56604 100 34 4.04456 100 20 0 0 0 -2.55836 100 18 0 0 0 0 0 0 0 0 0 0 0
43400 -237.956 0 0 0 1.40529 100 27 4.43038 100 17 0 0 0 -2.75067 100 20 0 0 0 0 0 0 0 0 0 0 0
43500 -238.418 0 0 0 1.95399 100 29 4.95834 100 18 0 0 0 -2.86238 100 27 0 0 0 0 0 0 0 0 0 0 0
43600 -238.574 0 0 0 1.12994 100 27 2.43708 100 18 0 0 0 -2.45072 100 23 0 0 0 0 0 0 0 0 0 0 0
43700 -238.818 0 0 0 1.75509 100 35 7.17793 100 19 0 0 0 -3.09083 100 23 0 0 0 0 0 0 0 0 0 0 0
43800 -238.252 0 0 0 1.12445 100 30 3.72424 100 21 0 0 0 -2.4952 100 25 0 0 0 0 0 0 0 0 0 0 0
43900 -238.189 0 0 0 1.90914 100 25 6.98719 100 19 0 0 0 -3.14081 100 25 0 0 0 0 0 0 0 0 0 0 0
44000 -238.847 0 0 0 2.26779 100 28 5.97609 100 22 0 0 0 -3.31338 100 17 0 0 0 0 0 0 0 0 0 0 0
44100 -237.878 0 0 0 1.98239 100 26 6.15346 100 13 0 0 0 -3.02484 100 19 0 0 0 0 0 0 0 0 0 0 0
44200 -238.603 0 0 0 2.21709 100 21 7.1354 100 14 0 0 0 -3.13115 100 20 0 0 0 0 0 0 0 0 0 0 0
44300 -237.733 0 0 0 1.78778 100 18 5.24762 100 24 0 0 0 -2.92552 100 21 0 0 0 0 0 0 0 0 0 0 0
44400 -238.317 0 0 0 1.4695 100 21 5.36103 100 19 0 0 0 -2.90605 100 23 0 0 0 0 0 0 0 0 0 0 0
44500 -243.403 0 0 0 3.49974 100 20 8.38461 100 20 0 0 0 -3.99167 100 17 0 0 0 0 0 0 0 0 0 0 0
44600 -239.47 0 0 0 0.716132 100 30 3.09115 100 22 0 0 0 -2.34067 100 16 0 0 0 0 0 0 0 0 0 0 0
44700 -238.742 0 0 0 2.03545 100 31 4.72876 100 19 0 0 0 -3.05367 100 21 0 0 0 0 0 0 0 0 0 0 0
44800 -240.828 0 0 0 1.60395 100 21 7.80091 100 25 0 0 0 -3.04148 100 23 0 0 0 0 0 0 0 0 0 0 0
44900 -240.168 0 0 0 1.62855 100 34 6.16343 100 16 0 0 0 -2.6878 100 21 0 0 0 0 0 0 0 0 0 0 0
45000 -238.246 0 0 0 1.92525 100 26 6.96267 100 19 0 0 0 -3.07662 100 24 0 0 0 0 0 0 0 0 0 0 0
45100 -238.979 0 0 0 2.62475 100 26 7.45081 100 16 0 0 0 -3.41091 100 17 0 0 0 0 0 0 0 0 0 0 0
45200 -240.492 0 0 0 1.32488 100 25 6.12514 100 22 0 0 0 -3.05254 100 29 0 0 0 0 0 0 0 0 0 0 0
45300 -239.325 0 0 0 1.37893 100 23 3.0779 100 22 0 0 0 -2.76081 100 20 0 0 0 0 0 0 0 0 0 0 0
45400 -238.609 0 0 0 1.45908 100 29 4.53244 100 13 0 0 0 -2.55117 100 22 0 0 0 0 0 0 0 0 0 0 0
45500 -240.179 0 0 0 2.89266 100 36 7.41949 100 16 0 0 0 -3.57909 100 17 0 0 0 0 0 0 0 0 0 0 0
45600 -238.75 0 0 0 1.16754 100 32 4.50166 100 19 0 0 0 -2.50213 100 21 0 0 0 0 0 0 0 0 0 0 0
45700 -238.729 0 0 0 1.42471 100 25 3.38734 100 26 0 0 0 -2.4572 100 17 0 0 0 0 0 0 0 0 0 0 0
45800 -241.877 0 0 0 0.757259 100 27 5.12355 100 23 0 0 0 -2.45064 100 19 0 0 0 0 0 0 0 0 0 0 0
45900 -238.256 0 0 0 1.336 100 19 3.53376 100 20 0 0 0 -2.6759 100 23 0 0 0 0 0 0 0 0 0 0 0
46000 -238.258 0 0 0 1.7336 100 34 4.08347 100 23 0 0 0 -2.74398 100 26 0 0 0 0 0 0 0 0 0 0 0
46100 -239.297 0 0 0 2.24647 100 28 4.98548 100 21 0 0 0 -3.1122 100 24 0 0 0 0 0 0 0 0 0 0 0
46200 -240.409 0 0 0 1.13641 100 36 5.2253 100 16 0 0 0 -2.89742 100 22 0 0 0 0 0 0 0 0 0 0 0
46300 -238.154 0 0 0 2.2488 100 28 7.43811 100 15 0 0 0 -3.30368 100 22 0 0 0 0 0 0 0 0 0 0 0
46400 -238.246 0 0 0 1.44749 100 35 3.72692 100 12 0 0 0 -2.74404 100 28 0 0 0 0 0 0 0 0 0 0 0
46500 -238.317 0 0 0 1.52535 100 24 4.0574 100 22 0 0 0 -2.83053 100 17 0 0 0 0 0 0 0 0 0 0 0
46600 -238.259 0 0 0 1.38683 100 30 3.21284 100 16 0 0 0 -2.52128 100 21 0 0 0 0 0 0 0 0 0 0 0
46700 -237.979 0 0 0 1.79828 100 26 4.87689 100 18 0 0 0 -2.95654 100 21 0 0 0 0 0 0 0 0 0 0 0
46800 -240.522 0 0 0 0.552633 100 28 2.67645 100 22 0 0 0 -2.356 100 18 0 0 0 0 0 0 0 0 0 0 0
46900 -239.762 0 0 0 1.00306 100 24 1.87229 100 16 0 0 0 -2.13082 100 23 0 0 0 0 0 0 0 0 0 0 0
47000 -239.095 0 0 0 0.887111 100 32 1.77546 100 18 0 0 0 -2.18846 100 19 0 0 0 0 0 0 0 0 0 0 0
47100 -240.55 0 0 0 0.75751 100 23 3.18179 100 21 0 0 0 -2.55832 100 23 0 0 0 0 0 0 0 0 0 0 0
47200 -239.214 0 0 0 2.72537 100 24 8.77421 100 21 0 0 0 -3.73775 100 26 0 0 0 0 0 0 0 0 0 0 0
47300 -241.35 0 0 0 2.20672 100 26 7.95683 100 21 0 0 0 -3.69102 100 22 0 0 0 0 0 0 0 0 0 0 0
47400 -239.988 0 0 0 2.60943 100 24 9.85428 100 24 0 0 0 -3.65406 100 16 0 0 0 0 0 0 0 0 0 0 0
47500 -238.311 0 0 0 1.8287 100 35 5.09367 100 21 0 0 0 -3.05646 100 23 0 0 0 0 0 0 0 0 0 0 0
47600 -238.49 0 0 0 2.51383 100 30 7.87594 100 17 0 0 0 -3.45957 100 27 0 0 0 0 0 0 0 0 0 0 0
47700 -238.541 0 0 0 2.08227 100 23 7.51293 100 24 0 0 0 -3.34936 100 23 0 0 0 0 0 0 0 0 0 0 0
47800 -242.067 0 0 0 2.46532 100 39 10.7206 100 25 0 0 0 -3.77083 100 22 0 0 0 0 0 0 0 0 0 0 0
47900 -238.981 0 0 0 2.62659 100 26 8.92738 100 21 0 0 0 -3.58708 100 26 0 0 0 0 0 0 0 0 0 0 0
48000 -237.891 0 0 0 1.59211 100 28 4.36246 100 20 0 0 0 -2.80947 100 24 0 0 0 0 0 0 0 0 0 0 0
48100 -239.736 0 0 0 0.915678 100 28 4.05971 100 16 0 0 0 -2.63047 100 24 0 0 0 0 0 0 0 0 0 0 0
48200 -238.052 0 0 0 1.42965 100 25 5.05067 100 15 0 0 0 -2.70469 100 25 0 0 0 0 0 0 0 0 0 0 0
48300 -238.297 0 0 0 1.58666 100 36 5.44504 100 14 0 0 0 -2.72929 100 24 0 0 0 0 0 0 0 0 0 0 0
48400 -239.736 0 0 0 0.650827 100 34 3.02011 100 18 0 0 0 -2.28554 100 14 0 0 0 0 0 0 0 0 0 0 0
48500 -239.927 0 0 0 1.49303 100 34 6.71902 100 15 0 0 0 -3.11461 100 23 0 0 0 0 0 0 0 0 0 0 0
48600 -238.064 0 0 0 1.99272 100 39 5.9806 100 20 0 0 0 -3.16482 100 21 0 0 0 0 0 0 0 0 0 0 0
48700 -240.62 0 0 0 1.93275 100 36 4.09938 100 16 0 0 0 -2.64257 100 18 0 0 0 0 0 0 0 0 0 0 0
48800 -238.114 0 0 0 2.21902 100 28 7.05612 100 14 0 0 0 -3.21078 100 12 0 0 0 0 0 0 0 0 0 0 0
48900 -238.834 0 0 0 2.4865 100 22 8.09378 100 21 0 0 0 -3.58769 100 27 0 0 0 0 0 0 0 0 0 0 0
49000 -240.958 0 0 0 3.1328 100 25 9.30857 100 12 0 0 0 -4.06038 100 21 0 0 0 0 0 0 0 0 0 0 0
49100 -238.007 0 0 0 1.58304 100 21 4.10613 100 18 0 0 0 -2.79052 100 22 0 0 0 0 0 0 0 0 0 0 0
49200 -238.431 0 0 0 1.50837 100 31 5.88752 100 27 0 0 0 -2.94203 100 21 0 0 0 0 0 0 0 0 0 0 0
49300 -237.846 0 0 0 1.55524 100 31 4.53386 100 21 0 0 0 -2.69994 100 16 0 0 0 0 0 0 0 0 0 0 0
49400 -238.279 0 0 0 2.30733 100 26 7.04933 100 17 0 0 0 -3.37042 100 26 0 0 0 0 0 0 0 0 0 0 0
49500 -240.003 0 0 0 1.82983 100 31 5.31523 100 19 0 0 0 -3.23903 100 30 0 0 0 0 0 0 0 0 0 0 0
49600 -238.378 0 0 0 2.31777 100 32 6.37326 100 21 0 0 0 -3.21846 100 19 0 0 0 0 0 0 0 0 0 0 0
49700 -238.688 0 0 0 1.00705 100 23 2.97386 100 23 0 0 0 -2.49824 100 19 0 0 0 0 0 0 0 0 0 0 0
49800 -238.059 0 0 0 2.22416 100 27 6.67328 100 15 0 0 0 -3.20222 100 28 0 0 0 0 0 0 0 0 0 0 0
49900 -237.894 0 0 0 1.57125 100 25 4.10663 100 17 0 0 0 -2.7191 100 18 0 0 0 0 0 0 0 0 0 0 0
50000 -243.241 0 0 0 2.46373 100 20 3.75677 100 19 0 0 0 -3.22135 100 29 0 0 0 0 0 0 0 0 0 0 0
50100 -238.901 0 0 0 2.22961 100 31 7.51962 100 17 0 0 0 -3.47854 100 23 0 0 0 0 0 0 0 0 0 0 0
50200 -238.793 0 0 0 2.2408 100 28 7.13972 100 15 0 0 0 -3.4463 100 17 0 0 0 0 0 0 0 0 0 0 0
50300 -237.878 0 0 0 1.89206 100 32 5.19449 100 22 0 0 0 -2.93752 100 23 0 0 0 0 0 0 0 0 0 0 0
50400 -238.127 0 0 0 1.42983 100 23 5.33478 100 17 0 0 0 -2.79321 100 23 0 0 0 0 0 0 0 0 0 0 0
50500 -240.614 0 0 0 0.858247 100 33 0.641964 100 20 0 0 0 -2.31412 100 14 0 0 0 0 0 0 0 0 0 0 0
50600 -243.161 0 0 0 0.820652 100 23 -0.868504 100 26 0 0 0 -1.84052 100 24 0 0 0 0 0 0 0 0 0 0 0
50700 -238.66 0 0 0 1.12453 100 28 2.22751 100 18 0 0 0 -2.40451 100 18 0 0 0 0 0 0 0 0 0 0 0
50800 -238.514 0 0 0 1.14019 100 33 2.51612 100 14 0 0 0 -2.37217 100 12 0 0 0 0 0 0 0 0 0 0 0
50900 -239.938 0 0 0 0.829013 100 29 2.54507 100 26 0 0 0 -2.50221 100 21 0 0 0 0 0 0 0 0 0 0 0
51000 -238.028 0 0 0 2.10663 100 28 6.82055 100 22 0 0 0 -3.25149 100 25 0 0 0 0 0 0 0 0 0 0 0
51100 -238.371 0 0 0 1.97753 100 22 5.8781 100 12 0 0 0 -3.19819 100 22 0 0 0 0 0 0 0 0 0 0 0
51200 -238.071 0 0 0 1.61735 100 28 5.76533 100 18 0 0 0 -2.83064 100 22 0 0 0 0 0 0 0 0 0 0 0
51300 -238.756 0 0 0 1.09414 100 27 2.96047 100 15 0 0 0 -2.5639 100 21 0 0 0 0 0 0 0 0 0 0 0
51400 -240.298 0 0 0 1.04039 100 23 0.603277 100 25 0 0 0 -2.20277 100 23 0 0 0 0 0 0 0 0 0 0 0
51500 -241.84 0 0 0 2.26196 100 24 4.442 100 23 0 0 0 -3.33171 100 16 0 0 0 0 0 0 0 0 0 0 0
51600 -238.755 0 0 0 2.63743 100 32 8.35718 100 22 0 0 0 -3.5502 100 20 0 0 0 0 0 0 0 0 0 0 0
51700 -238.086 0 0 0 2.03291 100 29 5.68147 100 19 0 0 0 -2.98593 100 13 0 0 0 0 0 0 0 0 0 0 0
51800 -238.555 0 0 0 1.20439 100 26 3.47108 100 19 0 0 0 -2.65404 100 21 0 0 0 0 0 0 0 0 0 0 0
51900 -238.571 0 0 0 1.95044 100 32 4.6388 100 24 0 0 0 -2.8512 100 21 0 0 0 0 0 0 0 0 0 0 0
52000 -238.575 0 0 0 1.25454 100 32 3.4891 100 18 0 0 0 -2.68453 100 21 0 0 0 0 0 0 0 0 0 0 0
52100 -237.868 0 0 0 1.49429 100 29 4.10212 100 16 0 0 0 -2.7211 100 21 0 0 0 0 0 0 0 0 0 0 0
52200 -239.607 0 0 0 0.710331 100 25 2.29277 100 20 0 0 0 -2.35342 100 19 0 0 0 0 0 0 0 0 0 0 0
52300 -240.41 0 0 0 2.84803 100 22 9.83888 100 25 0 0 0 -3.97656 100 22 0 0 0 0 0 0 0 0 0 0 0
52400 -237.74 0 0 0 1.66525 100 25 4.7993 100 16 0 0 0 -2.8182 100 15 0 0 0 0 0 0 0 0 0 0 0
52500 -240.952 0 0 0 2.11475 100 24 9.40297 100 20 0 0 0 -3.49305 100 19 0 0 0 0 0 0 0 0 0 0 0
52600 -240.603 0 0 0 1.67616 100 30 5.92807 100 25 0 0 0 -2.64038 100 19 0 0 0 0 0 0 0 0 0 0 0
52700 -241.438 0 0 0 0.642877 100 28 -0.652128 100 17 0 0 0 -2.01955 100 23 0 0 0 0 0 0 0 0 0 0 0
52800 -237.822 0 0 0 1.98087 100 28 5.88601 100 23 0 0 0 -3.07576 100 21 0 0 0 0 0 0 0 0 0 0 0
52900 -238.157 0 0 0 1.29256 100 29 4.43863 100 20 0 0 0 -2.7126 100 27 0 0 0 0 0 0 0 0 0 0 0
53000 -237.973 0 0 0 1.35244 100 28 4.51997 100 19 0 0 0 -2.70991 100 12 0 0 0 0 0 0 0 0 0 0 0
53100 -240.328 0 0 0 1.31469 100 23 3.80924 100 15 0 0 0 -2.90429 100 23 0 0 0 0 0 0 0 0 0 0 0
53200 -238.313 0 0 0 1.60153 100 26 3.80704 100 22 0 0 0 -2.62691 100 16 0 0 0 0 0 0 0 0 0 0 0
53300 -239.283 0 0 0 1.70922 100 30 5.27667 100 22 0 0 0 -3.13527 100 20 0 0 0 0 0 0 0 0 0 0 0
53400 -238.556 0 0 0 2.30554 100 27 7.79104 100 20 0 0 0 -3.27671 100 14 0 0 0 0 0 0 0 0 0 0 0
53500 -239.367 0 0 0 0.7565 100 22 1.87853 100 24 0 0 0 -2.12345 100 23 0 0 0 0 0 0 0 0 0 0 0
53600 -238.271 0 0 0 1.09768 100 26 3.40192 100 21 0 0 0 -2.49367 100 18 0 0 0 0 0 0 0 0 0 0 0
53700 -237.979 0 0 0 1.6792 100 28 4.24383 100 17 0 0 0 -2.80145 100 23 0 0 0 0 0 0 0 0 0 0 0
53800 -239.283 0 0 0 1.7005 100 18 3.02044 100 20 0 0 0 -2.75295 100 19 0 0 0 0 0 0 0 0 0 0 0
53900 -238.295 0 0 0 1.16505 100 27 3.1942 100 21 0 0 0 -2.54592 100 17 0 0 0 0 0 0 0 0 0 0 0
54000 -238.924 0 0 0 2.11271 100 20 5.88061 100 18 0 0 0 -2.9351 100 16 0 0 0 0 0 0 0 0 0 0 0
54100 -238.449 0 0 0 1.83107 100 31 4.96376 100 14 0 0 0 -2.76564 100 25 0 0 0 0 0 0 0 0 0 0 0
54200 -241.265 0 0 0 1.92431 100 30 6.19148 100 15 0 0 0 -2.7232 100 22 0 0 0 0 0 0 0 0 0 0 0
54300 -239.489 0 0 0 2.5616 100 22 9.22845 100 20 0 0 0 -3.52749 100 19 0 0 0 0 0 0 0 0 0 0 0
54400 -239.658 0 0 0 0.838518 100 22 4.11799 100 21 0 0 0 -2.41769 100 13 0 0 0 0 0 0 0 0 0 0 0
54500 -238.692 0 0 0 1.78737 100 36 4.05428 100 18 0 0 0 -2.92561 100 18 0 0 0 0 0 0 0 0 0 0 0
54600 -238.116 0 0 0 1.98492 100 24 5.16622 100 19 0 0 0 -3.02549 100 19 0 0 0 0 0 0 0 0 0 0 0
54700 -238.789 0 0 0 1.43322 100 21 4.71399 100 25 0 0 0 -2.54661 100 18 0 0 0 0 0 0 0 0 0 0 0
54800 -238.203 0 0 0 1.57223 100 32 5.54068 100 13 0 0 0 -2.75814 100 22 0 0 0 0 0 0 0 0 0 0 0
54900 -240.67 0 0 0 1.14208 100 37 5.34442 100 15 0 0 0 -2.92641 100 22 0 0 0 0 0 0 0 0 0 0 0
55000 -238.921 0 0 0 1.35387 100 24 4.25313 100 22 0 0 0 -2.46428 100 19 0 0 0 0 0 0 0 0 0 0 0
55100 -238.618 0 0 0 1.15193 100 20 2.61111 100 20 0 0 0 -2.51371 100 21 0 0 0 0 0 0 0 0 0 0 0
55200 -238.085 0 0 0 1.67698 100 23 6.16609 100 22 0 0 0 -2.93464 100 17 0 0 0 0 0 0 0 0 0 0 0
55300 -242.391 0 0 0 1.80613 100 36 6.03645 100 17 0 0 0 -2.61468 100 29 0 0 0 0 0 0 0 0 0 0 0
55400 -240.591 0 0 0 1.9604 100 33 6.91692 100 23 0 0 0 -3.46608 100 23 0 0 0 0 0 0 0 0 0 0 0
55500 -238.694 0 0 0 2.36281 100 34 8.02681 100 15 0 0 0 -3.31984 100 20 0 0 0 0 0 0 0 0 0 0 0
55600 -241.166 0 0 0 2.62387 100 24 6.62506 100 18 0 0 0 -3.17074 100 18 0 0 0 0 0 0 0 0 0 0 0
55700 -237.973 0 0 0 1.40602 100 27 4.40134 100 14 0 0 0 -2.75389 100 19 0 0 0 0 0 0 0 0 0 0 0
55800 -238.692 0 0 0 2.28491 100 32 7.91667 100 25 0 0 0 -3.27128 100 21 0 0 0 0 0 0 0 0 0 0 0
55900 -238.089 0 0 0 1.24646 100 35 3.36678 100 12 0 0 0 -2.54578 100 15 0 0 0 0 0 0 0 0 0 0 0
56000 -238.009 0 0 0 1.49128 100 26 4.00576 100 13 0 0 0 -2.75322 100 24 0 0 0 0 0 0 0 0 0 0 0
56100 -239.7 0 0 0 2.14437 100 31 5.98822 100 17 0 0 0 -2.89862 100 18 0 0 0 0 0 0 0 0 0 0 0
56200 -241.202 0 0 0 2.23419 100 28 8.86869 100 14 0 0 0 -3.22351 100 14 0 0 0 0 0 0 0 0 0 0 0
56300 -240.003 0 0 0 2.55422 100 29 6.68848 100 14 0 0 0 -3.20084 100 23 0 0 0 0 0 0 0 0 0 0 0
56400 -239.655 0 0 0 2.14869 100 26 8.33277 100 22 0 0 0 -3.22044 100 14 0 0 0 0 0 0 0 0 0 0 0
56500 -240.305 0 0 0 1.39026 100 27 3.69411 100 20 0 0 0 -2.92196 100 30 0 0 0 0 0 0 0 0 0 0 0
56600 -239.212 0 0 0 0.995249 100 36 1.50132 100 24 0 0 0 -2.31629 100 22 0 0 0 0 0 0 0 0 0 0 0
56700 -239.796 0 0 0 2.01396 100 25 4.40269 100 20 0 0 0 -2.76755 100 18 0 0 0 0 0 0 0 0 0 0 0
56800 -238.201 0 0 0 2.24491 100 32 6.41138 100 19 0 0 0 -3.16847 100 20 0 0 0 0 0 0 0 0 0 0 0
56900 -237.786 0 0 0 1.95644 100 32 5.86709 100 20 0 0 0 -3.03938 100 21 0 0 0 0 0 0 0 0 0 0 0
57000 -238.843 0 0 0 1.9739 100 28 5.87373 100 23 0 0 0 -3.25044 100 23 0 0 0 0 0 0 0 0 0 0 0
57100 -238.783 0 0 0 2.4834 100 14 6.72972 100 18 0 0 0 -3.39434 100 15 0 0 0 0 0 0 0 0 0 0 0
57200 -238.885 0 0 0 1.75993 100 29 7.24524 100 27 0 0 0 -3.10236 100 26 0 0 0 0 0 0 0 0 0 0 0
57300 -238.589 0 0 0 1.7866 100 30 4.63634 100 21 0 0 0 -3.01841 100 15 0 0 0 0 0 0 0 0 0 0 0
57400 -239.397 0 0 0 1.71766 100 17 5.10724 100 17 0 0 0 -3.13151 100 17 0 0 0 0 0 0 0 0 0 0 0
57500 -237.753 0 0 0 1.564 100 37 4.95559 100 19 0 0 0 -2.78489 100 17 0 0 0 0 0 0 0 0 0 0 0
57600 -239.016 0 0 0 1.10466 100 24 2.93585 100 18 0 0 0 -2.2791 100 21 0 0 0 0 0 0 0 0 0 0 0
57700 -239.519 0 0 0 1.24761 100 34 1.74833 100 17 0 0 0 -2.49263 100 19 0 0 0 0 0 0 0 0 0 0 0
57800 -239.211 0 0 0 2.00318 100 30 7.01453 100 20 0 0 0 -3.38409 100 26 0 0 0 0 0 0 0 0 0 0 0
57900 -238.165 0 0 0 1.90692 100 31 4.73205 100 18 0 0 0 -2.92226 100 19 0 0 0 0 0 0 0 0 0 0 0
58000 -238.729 0 0 0 1.13441 100 30 3.19427 100 24 0 0 0 -2.33679 100 15 0 0 0 0 0 0 0 0 0 0 0
58100 -238.315 0 0 0 1.80753 100 17 5.6493 100 20 0 0 0 -2.81655 100 23 0 0 0 0 0 0 0 0 0 0 0
58200 -240.375 0 0 0 2.57108 100 33 6.19022 100 15 0 0 0 -3.19208 100 13 0 0 0 0 0 0 0 0 0 0 0
58300 -237.966 0 0 0 1.45906 100 27 4.18358 100 27 0 0 0 -2.61444 100 24 0 0 0 0 0 0 0 0 0 0 0
58400 -238.949 0 0 0 1.98412 100 17 5.29606 100 21 0 0 0 -2.82394 100 24 0 0 0 0 0 0 0 0 0 0 0
58500 -238.706 0 0 0 1.30491 100 31 3.24633 100 23 0 0 0 -2.6915 100 25 0 0 0 0 0 0 0 0 0 0 0
58600 -241.04 0 0 0 2.72853 100 36 6.17566 100 20 0 0 0 -3.31774 100 23 0 0 0 0 0 0 0 0 0 0 0
58700 -239.174 0 0 0 2.462 100 32 9.05475 100 20 0 0 0 -3.57564 100 16 0 0 0 0 0 0 0 0 0 0 0
58800 -239.048 0 0 0 1.53095 100 25 4.79904 100 18 0 0 0 -2.56172 100 21 0 0 0 0 0 0 0 0 0 0 0
58900 -238.176 0 0 0 1.61651 100 26 4.2696 100 19 0 0 0 -2.86498 100 27 0 0 0 0 0 0 0 0 0 0 0
59000 -237.816 0 0 0 1.73666 100 27 4.84263 100 25 0 0 0 -2.82238 100 22 0 0 0 0 0 0 0 0 0 0 0
59100 -241.455 0 0 0 0.231638 100 29 0.679919 100 11 0 0 0 -2.02779 100 26 0 0 0 0 0 0 0 0 0 0 0
59200 -239.504 0 0 0 2.84305 100 27 8.7886 100 17 0 0 0 -3.80023 100 28 0 0 0 0 0 0 0 0 0 0 0
59300 -238.206 0 0 0 2.08881 100 31 6.99985 100 15 0 0 0 -3.29322 100 21 0 0 0 0 0 0 0 0 0 0 0
59400 -240.502 0 0 0 1.10051 100 31 2.91389 100 31 0 0 0 -2.1628 100 22 0 0 0 0 0 0 0 0 0 0 0
59500 -240.072 0 0 0 0.582426 100 25 0.612412 100 27 0 0 0 -2.02946 100 23 0 0 0 0 0 0 0 0 0 0 0
59600 -239.594 0 0 0 2.8021 100 30 7.58682 100 16 0 0 0 -3.52086 100 18 0 0 0 0 0 0 0 0 0 0 0
59700 -238.42 0 0 0 1.72876 100 28 6.72547 100 22 0 0 0 -3.07119 100 22 0 0 0 0 0 0 0 0 0 0 0
59800 -238.206 0 0 0 2.24818 100 33 6.63905 100 19 0 0 0 -3.30222 100 21 0 0 0 0 0 0 0 0 0 0 0
59900 -238.304 0 0 0 2.07575 100 29 6.44228 100 13 0 0 0 -3.02159 100 16 0 0 0 0 0 0 0 0 0 0 0
60000 -238.171 0 0 0 2.1867 100 31 6.20438 100 15 0 0 0 -3.11327 100 19 0 0 0 0 0 0 0 0 0 0 0
60100 -239.683 0 0 0 2.02248 100 31 8.21684 100 18 0 0 0 -3.18998 100 24 0 0 0 0 0 0 0 0 0 0 0
60200 -239.69 0 0 0 1.20665 100 31 2.65167 100 25 0 0 0 -2.67605 100 22 0 0 0 0 0 0 0 0 0 0 0
60300 -239.229 0 0 0 2.26393 100 24 6.9383 100 15 0 0 0 -3.48175 100 17 0 0 0 0 0 0 0 0 0 0 0
60400 -237.846 0 0 0 1.7792 100 31 4.95929 100 23 0 0 0 -2.8415 100 23 0 0 0 0 0 0 0 0 0 0 0
60500 -239.175 0 0 0 0.955292 100 27 1.87506 100 13 0 0 0 -2.18489 100 27 0 0 0 0 0 0 0 0 0 0 0
60600 -241.317 0 0 0 0.251445 100 39 0.0595595 100 16 0 0 0 -1.92608 100 22 0 0 0 0 0 0 0 0 0 0 0
60700 -240.787 0 0 0 1.5584 100 32 1.58859 100 15 0 0 0 -2.50716 100 21 0 0 0 0 0 0 0 0 0 0 0
60800 -239.471 0 0 0 1.68789 100 25 5.45228 100 18 0 0 0 -2.65289 100 15 0 0 0 0 0 0 0 0 0 0 0
60900 -238.048 0 0 0 1.55081 100 29 5.22018 100 19 0 0 0 -2.72918 100 21 0 0 0 0 0 0 0 0 0 0 0
61000 -238.798 0 0 0 1.77859 100 30 6.16934 100 17 0 0 0 -3.18859 100 20 0 0 0 0 0 0 0 0 0 0 0
61100 -237.973 0 0 0 1.72833 100 25 5.71751 100 14 0 0 0 -2.84989 100 20 0 0 0 0 0 0 0 0 0 0 0
61200 -238.014 0 0 0 1.85502 100 28 4.82654 100 21 0 0 0 -2.87028 100 19 0 0 0 0 0 0 0 0 0 0 0
61300 -238.993 0 0 0 2.563 100 22 6.82693 100 22 0 0 0 -3.38434 100 16 0 0 0 0 0 0 0 0 0 0 0
61400 -238.415 0 0 0 1.77881 100 29 6.76297 100 21 0 0 0 -2.9976 100 21 0 0 0 0 0 0 0 0 0 0 0
61500 -239.821 0 0 0 0.703073 100 28 0.97641 100 14 0 0 0 -2.03918 100 21 0 0 0 0 0 0 0 0 0 0 0
61600 -238.793 0 0 0 1.35211 100 26 2.54999 100 14 0 0 0 -2.5761 100 19 0 0 0 0 0 0 0 0 0 0 0
61700 -238.246 0 0 0 1.26346 100 33 3.31694 100 20 0 0 0 -2.45639 100 17 0 0 0 0 0 0 0 0 0 0 0
61800 -239.888 0 0 0 2.28433 100 29 5.79386 100 20 0 0 0 -3.40279 100 24 0 0 0 0 0 0 0 0 0 0 0
61900 -238.516 0 0 0 1.02613 100 30 2.72761 100 19 0 0 0 -2.43674 100 19 0 0 0 0 0 0 0 0 0 0 0
62000 -241.437 0 0 0 1.81411 100 29 2.14406 100 22 0 0 0 -2.77695 100 18 0 0 0 0 0 0 0 0 0 0 0
62100 -238.206 0 0 0 1.40676 100 30 5.3248 100 24 0 0 0 -2.75085 100 19 0 0 0 0 0 0 0 0 0 0 0
62200 -239.861 0 0 0 1.10234 100 39 3.8826 100 27 0 0 0 -2.29742 100 18 0 0 0 0 0 0 0 0 0 0 0
62300 -240.377 0 0 0 0.705744 100 24 1.57761 100 15 0 0 0 -1.98006 100 20 0 0 0 0 0 0 0 0 0 0 0
62400 -239.336 0 0 0 1.09793 100 18 2.83135 100 22 0 0 0 -2.23956 100 19 0 0 0 0 0 0 0 0 0 0 0
62500 -238.458 0 0 0 1.59856 100 16 4.61278 100 23 0 0 0 -2.62409 100 16 0 0 0 0 0 0 0 0 0 0 0
62600 -238.57 0 0 0 1.59807 100 33 5.01523 100 23 0 0 0 -2.64754 100 23 0 0 0 0 0 0 0 0 0 0 0
62700 -240.813 0 0 0 1.55782 100 28 4.31362 100 14 0 0 0 -2.42357 100 25 0 0 0 0 0 0 0 0 0 0 0
62800 -237.804 0 0 0 1.5036 100 31 4.44042 100 22 0 0 0 -2.69622 100 19 0 0 0 0 0 0 0 0 0 0 0
62900 -238.421 0 0 0 1.95951 100 24 6.09744 100 12 0 0 0 -2.91552 100 18 0 0 0 0 0 0 0 0 0 0 0
63000 -238.031 0 0 0 1.98707 100 32 5.55924 100 29 0 0 0 -3.09703 100 16 0 0 0 0 0 0 0 0 0 0 0
63100 -239.077 0 0 0 1.92582 100 35 6.60315 100 27 0 0 0 -2.90245 100 22 0 0 0 0 0 0 0 0 0 0 0
63200 -237.828 0 0 0 1.61356 100 30 5.05911 100 14 0 0 0 -2.88921 100 19 0 0 0 0 0 0 0 0 0 0 0
63300 -238.118 0 0 0 2.08521 100 26 7.22616 100 19 0 0 0 -3.24637 100 20 0 0 0 0 0 0 0 0 0 0 0
63400 -238.067 0 0 0 1.4007 100 18 3.48886 100 22 0 0 0 -2.57169 100 19 0 0 0 0 0 0 0 0 0 0 0
63500 -238.686 0 0 0 1.09446 100 30 2.23995 100 16 0 0 0 -2.41777 100 23 0 0 0 0 0 0 0 0 0 0 0
63600 -238.113 0 0 0 1.43395 100 23 5.15567 100 20 0 0 0 -2.83078 100 19 0 0 0 0 0 0 0 0 0 0 0
63700 -238.129 0 0 0 1.95789 100 24 5.01703 100 14 0 0 0 -2.94168 100 28 0 0 0 0 0 0 0 0 0 0 0
63800 -244.592 0 0 0 3.57186 100 34 10.3929 100 24 0 0 0 -4.526 100 27 0 0 0 0 0 0 0 0 0 0 0
63900 -238.938 0 0 0 0.835623 100 31 2.55702 100 18 0 0 0 -2.35651 100 23 0 0 0 0 0 0 0 0 0 0 0
64000 -241.85 0 0 0 0.492251 100 29 3.98474 100 19 0 0 0 -2.38927 100 26 0 0 0 0 0 0 0 0 0 0 0
64100 -239.605 0 0 0 1.44655 100 31 6.69463 100 26 0 0 0 -2.89742 100 16 0 0 0 0 0 0 0 0 0 0 0
64200 -242.414 0 0 0 1.31419 100 29 0.982115 100 24 0 0 0 -2.64482 100 19 0 0 0 0 0 0 0 0 0 0 0
64300 -240.47 0 0 0 1.63908 100 29 5.30743 100 22 0 0 0 -2.56195 100 19 0 0 0 0 0 0 0 0 0 0 0
64400 -238.333 0 0 0 1.20464 100 31 3.45245 100 22 0 0 0 -2.42907 100 19 0 0 0 0 0 0 0 0 0 0 0
64500 -238.059 0 0 0 1.61102 100 34 3.99136 100 27 0 0 0 -2.77637 100 22 0 0 0 0 0 0 0 0 0 0 0
64600 -238.671 0 0 0 1.17491 100 21 3.37459 100 16 0 0 0 -2.36622 100 23 0 0 0 0 0 0 0 0 0 0 0
64700 -239.57 0 0 0 2.86654 100 31 8.55872 100 27 0 0 0 -3.78477 100 25 0 0 0 0 0 0 0 0 0 0 0
64800 -239.219 0 0 0 2.23171 100 24 5.16201 100 17 0 0 0 -3.19601 100 13 0 0 0 0 0 0 0 0 0 0 0
64900 -237.969 0 0 0 1.83172 100 29 5.68354 100 27 0 0 0 -2.88025 100 21 0 0 0 0 0 0 0 0 0 0 0
65000 -237.794 0 0 0 1.49114 100 21 4.48667 100 21 0 0 0 -2.70325 100 17 0 0 0 0 0 0 0 0 0 0 0
65100 -240.435 0 0 0 1.48823 100 29 3.27525 100 24 0 0 0 -2.91368 100 23 0 0 0 0 0 0 0 0 0 0 0
65200 -239.24 0 0 0 2.59343 100 22 9.11929 100 13 0 0 0 -3.69729 100 18 0 0 0 0 0 0 0 0 0 0 0
65300 -241.022 0 0 0 2.65518 100 31 6.30283 100 23 0 0 0 -3.60084 100 21 0 0 0 0 0 0 0 0 0 0 0
65400 -238.704 0 0 0 2.29723 100 27 8.31617 100 23 0 0 0 -3.39179 100 15 0 0 0 0 0 0 0 0 0 0 0
65500 -238.291 0 0 0 1.49703 100 26 5.52946 100 13 0 0 0 -2.7432 100 26 0 0 0 0 0 0 0 0 0 0 0
65600 -239.769 0 0 0 1.25399 100 31 3.18794 100 17 0 0 0 -2.76981 100 13 0 0 0 0 0 0 0 0 0 0 0
65700 -239.836 0 0 0 1.65431 100 36 2.54362 100 22 0 0 0 -2.56665 100 20 0 0 0 0 0 0 0 0 0 0 0
65800 -238.594 0 0 0 2.4269 100 24 8.343 100 16 0 0 0 -3.47997 100 14 0 0 0 0 0 0 0 0 0 0 0
65900 -241.202 0 0 0 3.36523 100 26 9.44217 100 24 0 0 0 -4.05198 100 31 0 0 0 0 0 0 0 0 0 0 0
66000 -242.787 0 0 0 3.63867 100 25 12.2681 100 19 0 0 0 -4.54299 100 21 0 0 0 0 0 0 0 0 0 0 0
66100 -240.081 0 0 0 1.35428 100 33 5.41284 100 13 0 0 0 -3.02558 100 20 0 0 0 0 0 0 0 0 0 0 0
66200 -238.482 0 0 0 1.907 100 28 4.86797 100 18 0 0 0 -2.81376 100 21 0 0 0 0 0 0 0 0 0 0 0
66300 -238.679 0 0 0 1.5456 100 22 6.39526 100 25 0 0 0 -2.93413 100 17 0 0 0 0 0 0 0 0 0 0 0
66400 -238.012 0 0 0 1.80904 100 31 4.64807 100 18 0 0 0 -2.83871 100 23 0 0 0 0 0 0 0 0 0 0 0
66500 -238.79 0 0 0 2.50233 100 23 8.4128 100 21 0 0 0 -3.43977 100 19 0 0 0 0 0 0 0 0 0 0 0
66600 -238.191 0 0 0 1.35518 100 21 3.16001 100 18 0 0 0 -2.56394 100 12 0 0 0 0 0 0 0 0 0 0 0
66700 -240.923 0 0 0 2.47864 100 34 10.2287 100 24 0 0 0 -3.71412 100 19 0 0 0 0 0 0 0 0 0 0 0
66800 -239.38 0 0 0 0.755853 100 25 2.57784 100 12 0 0 0 -2.37817 100 22 0 0 0 0 0 0 0 0 0 0 0
66900 -238.901 0 0 0 1.92747 100 29 7.70491 100 15 0 0 0 -3.25277 100 19 0 0 0 0 0 0 0 0 0 0 0
67000 -238.72 0 0 0 2.26102 100 29 7.53147 100 24 0 0 0 -3.46864 100 23 0 0 0 0 0 0 0 0 0 0 0
67100 -238.421 0 0 0 1.64165 100 28 5.42461 100 16 0 0 0 -3.03214 100 18 0 0 0 0 0 0 0 0 0 0 0
67200 -238.402 0 0 0 1.47323 100 31 4.545 100 16 0 0 0 -2.57884 100 26 0 0 0 0 0 0 0 0 0 0 0
67300 -238.541 0 0 0 1.80882 100 29 4.10442 100 23 0 0 0 -2.75452 100 23 0 0 0 0 0 0 0 0 0 0 0
67400 -238.224 0 0 0 2.14521 100 33 5.68592 100 20 0 0 0 -3.09619 100 26 0 0 0 0 0 0 0 0 0 0 0
67500 -239.755 0 0 0 2.40821 100 33 7.33061 100 22 0 0 0 -3.60777 100 18 0 0 0 0 0 0 0 0 0 0 0
67600 -238.334 0 0 0 2.34435 100 23 6.74347 100 17 0 0 0 -3.33374 100 24 0 0 0 0 0 0 0 0 0 0 0
67700 -238.291 0 0 0 1.7126 100 25 4.48756 100 22 0 0 0 -2.93936 100 26 0 0 0 0 0 0 0 0 0 0 0
67800 -239.444 0 0 0 1.07668 100 27 3.95919 100 22 0 0 0 -2.33792 100 20 0 0 0 0 0 0 0 0 0 0 0
67900 -237.788 0 0 0 1.61427 100 29 4.62335 100 19 0 0 0 -2.75242 100 21 0 0 0 0 0 0 0 0 0 0 0
68000 -237.999 0 0 0 1.31014 100 27 3.97383 100 20 0 0 0 -2.56319 100 20 0 0 0 0 0 0 0 0 0 0 0
68100 -238.213 0 0 0 1.21786 100 27 3.11444 100 16 0 0 0 -2.4579 100 16 0 0 0 0 0 0 0 0 0 0 0
68200 -238.678 0 0 0 2.14269 100 26 5.49044 100 24 0 0 0 -2.9826 100 22 0 0 0 0 0 0 0 0 0 0 0
68300 -238.963 0 0 0 2.05332 100 31 6.95456 100 20 0 0 0 -3.37989 100 23 0 0 0 0 0 0 0 0 0 0 0
68400 -239.419 0 0 0 1.07382 100 38 1.70627 100 21 0 0 0 -2.4417 100 19 0 0 0 0 0 0 0 0 0 0 0
68500 -238.914 0 0 0 2.05729 100 28 4.52373 100 26 0 0 0 -2.98333 100 17 0 0 0 0 0 0 0 0 0 0 0
68600 -239.105 0 0 0 0.831899 100 28 2.93058 100 22 0 0 0 -2.25509 100 21 0 0 0 0 0 0 0 0 0 0 0
68700 -238.736 0 0 0 1.01975 100 29 4.02683 100 17 0 0 0 -2.55721 100 17 0 0 0 0 0 0 0 0 0 0 0
68800 -239.988 0 0 0 2.79394 100 25 7.58464 100 21 0 0 0 -3.43562 100 19 0 0 0 0 0 0 0 0 0 0 0
68900 -238.595 0 0 0 2.02547 100 24 5.79429 100 15 0 0 0 -2.90819 100 17 0 0 0 0 0 0 0 0 0 0 0
69000 -238.291 0 0 0 1.36643 100 27 4.9567 100 20 0 0 0 -2.8147 100 20 0 0 0 0 0 0 0 0 0 0 0
69100 -239.11 0 0 0 0.899263 100 27 3.83209 100 21 0 0 0 -2.40783 100 14 0 0 0 0 0 0 0 0 0 0 0
69200 -241.814 0 0 0 1.11648 100 27 6.60145 100 16 0 0 0 -2.74803 100 18 0 0 0 0 0 0 0 0 0 0 0
69300 -239.387 0 0 0 2.42346 100 22 7.40765 100 16 0 0 0 -3.58568 100 23 0 0 0 0 0 0 0 0 0 0 0
69400 -240.211 0 0 0 2.23308 100 29 9.30332 100 18 0 0 0 -3.54632 100 27 0 0 0 0 0 0 0 0 0 0 0
69500 -238.066 0 0 0 2.15475 100 31 7.19906 100 21 0 0 0 -3.23519 100 22 0 0 0 0 0 0 0 0 0 0 0
69600 -238.829 0 0 0 1.74769 100 27 6.70457 100 20 0 0 0 -3.18489 100 22 0 0 0 0 0 0 0 0 0 0 0
69700 -238.91 0 0 0 2.06768 100 27 7.84612 100 23 0 0 0 -3.3874 100 23 0 0 0 0 0 0 0 0 0 0 0
69800 -239.691 0 0 0 0.739092 100 20 1.20885 100 22 0 0 0 -2.24132 100 23 0 0 0 0 0 0 0 0 0 0 0
69900 -239.401 0 0 0 1.05692 100 32 3.47949 100 24 0 0 0 -2.27987 100 20 0 0 0 0 0 0 0 0 0 0 0
70000 -239.906 0 0 0 1.49661 100 30 3.69645 100 24 0 0 0 -2.40748 100 21 0 0 0 0 0 0 0 0 0 0 0
70100 -239.367 0 0 0 2.26481 100 30 5.43263 100 23 0 0 0 -3.01394 100 16 0 0 0 0 0 0 0 0 0 0 0
70200 -239.709 0 0 0 2.48783 100 35 7.43793 100 25 0 0 0 -3.63472 100 16 0 0 0 0 0 0 0 0 0 0 0
70300 -238.542 0 0 0 1.51242 100 30 4.16093 100 22 0 0 0 -2.54865 100 19 0 0 0 0 0 0 0 0 0 0 0
70400 -238.193 0 0 0 1.25562 100 25 3.13771 100 16 0 0 0 -2.47713 100 18 0 0 0 0 0 0 0 0 0 0 0
70500 -240.475 0 0 0 1.35344 100 25 1.17501 100 27 0 0 0 -2.40757 100 21 0 0 0 0 0 0 0 0 0 0 0
70600 -238.567 0 0 0 1.40031 100 37 3.86403 100 23 0 0 0 -2.48191 100 24 0 0 0 0 0 0 0 0 0 0 0
70700 -238.308 0 0 0 1.82043 100 29 5.53595 100 9 0 0 0 -2.81204 100 20 0 0 0 0 0 0 0 0 0 0 0
70800 -237.76 0 0 0 1.62112 100 26 4.9184 100 13 0 0 0 -2.77903 100 21 0 0 0 0 0 0 0 0 0 0 0
70900 -238.446 0 0 0 1.63663 100 23 3.49404 100 20 0 0 0 -2.69049 100 17 0 0 0 0 0 0 0 0 0 0 0
71000 -239.037 0 0 0 1.05758 100 30 4.21755 100 10 0 0 0 -2.6646 100 18 0 0 0 0 0 0 0 0 0 0 0
71100 -240.197 0 0 0 2.15499 100 33 5.80205 100 17 0 0 0 -2.86296 100 21 0 0 0 0 0 0 0 0 0 0 0
71200 -238.136 0 0 0 1.44656 100 31 4.0277 100 17 0 0 0 -2.56762 100 18 0 0 0 0 0 0 0 0 0 0 0
71300 -238.751 0 0 0 2.18509 100 23 7.27057 100 17 0 0 0 -3.11805 100 21 0 0 0 0 0 0 0 0 0 0 0
71400 -237.931 0 0 0 1.45019 100 23 5.03005 100 17 0 0 0 -2.78097 100 17 0 0 0 0 0 0 0 0 0 0 0
71500 -238.078 0 0 0 1.6031 100 36 4.39889 100 19 0 0 0 -2.66552 100 21 0 0 0 0 0 0 0 0 0 0 0
71600 -240.569 0 0 0 2.41629 100 28 4.89347 100 16 0 0 0 -3.24496 100 25 0 0 0 0 0 0 0 0 0 0 0
71700 -238.081 0 0 0 1.97164 100 31 5.15924 100 18 0 0 0 -3.01606 100 28 0 0 0 0 0 0 0 0 0 0 0
71800 -238.418 0 0 0 1.85358 100 30 4.28776 100 17 0 0 0 -2.81914 100 18 0 0 0 0 0 0 0 0 0 0 0
71900 -238.332 0 0 0 2.32856 100 34 7.10537 100 15 0 0 0 -3.3902 100 20 0 0 0 0 0 0 0 0 0 0 0
72000 -238.694 0 0 0 1.18139 100 23 4.17207 100 13 0 0 0 -2.71479 100 14 0 0 0 0 0 0 0 0 0 0 0
72100 -241.137 0 0 0 2.89903 100 21 10.7944 100 20 0 0 0 -3.80303 100 15 0 0 0 0 0 0 0 0 0 0 0
72200 -238.707 0 0 0 1.21012 100 29 5.08419 100 16 0 0 0 -2.66731 100 20 0 0 0 0 0 0 0 0 0 0 0
72300 -240.145 0 0 0 1.34759 100 24 1.58687 100 23 0 0 0 -2.32489 100 18 0 0 0 0 0 0 0 0 0 0 0
72400 -238.011 0 0 0 1.34571 100 36 3.64022 100 25 0 0 0 -2.5536 100 23 0 0 0 0 0 0 0 0 0 0 0
72500 -242.371 0 0 0 1.82325 100 28 8.62844 100 21 0 0 0 -3.5395 100 17 0 0 0 0 0 0 0 0 0 0 0
72600 -241.675 0 0 0 2.67558 100 16 7.33849 100 21 0 0 0 -3.81248 100 28 0 0 0 0 0 0 0 0 0 0 0
72700 -238.962 0 0 0 1.92293 100 26 6.0247 100 18 0 0 0 -3.25863 100 15 0 0 0 0 0 0 0 0 0 0 0
72800 -238.935 0 0 0 1.11279 100 35 4.39631 100 14 0 0 0 -2.70072 100 16 0 0 0 0 0 0 0 0 0 0 0
72900 -238.001 0 0 0 1.82951 100 30 5.14705 100 13 0 0 0 -2.83785 100 15 0 0 0 0 0 0 0 0 0 0 0
73000 -238.687 0 0 0 1.55971 100 29 6.08957 100 17 0 0 0 -3.03122 100 25 0 0 0 0 0 0 0 0 0 0 0
73100 -238.634 0 0 0 1.45993 100 24 3.77936 100 13 0 0 0 -2.49621 100 30 0 0 0 0 0 0 0 0 0 0 0
73200 -238.061 0 0 0 1.65025 100 27 5.52833 100 23 0 0 0 -2.78892 100 12 0 0 0 0 0 0 0 0 0 0 0
73300 -238.466 0 0 0 1.681 100 29 3.66206 100 27 0 0 0 -2.69117 100 19 0 0 0 0 0 0 0 0 0 0 0
73400 -238.81 0 0 0 2.21524 100 27 5.47444 100 20 0 0 0 -3.04291 100 19 0 0 0 0 0 0 0 0 0 0 0
73500 -239.57 0 0 0 1.32653 100 27 4.51373 100 23 0 0 0 -2.91606 100 21 0 0 0 0 0 0 0 0 0 0 0
73600 -239.411 0 0 0 2.57889 100 28 6.60114 100 22 0 0 0 -3.31078 100 15 0 0 0 0 0 0 0 0 0 0 0
73700 -238.599 0 0 0 2.52375 100 33 7.57525 100 20 0 0 0 -3.49617 100 22 0 0 0 0 0 0 0 0 0 0 0
73800 -238.67 0 0 0 1.79634 100 35 4.06687 100 14 0 0 0 -2.71913 100 12 0 0 0 0 0 0 0 0 0 0 0
73900 -241.229 0 0 0 0.841813 100 22 4.85941 100 14 0 0 0 -2.72005 100 22 0 0 0 0 0 0 0 0 0 0 0
74000 -240.017 0 0 0 2.495 100 26 8.08545 100 22 0 0 0 -3.72191 100 11 0 0 0 0 0 0 0 0 0 0 0
74100 -240.443 0 0 0 0.812098 100 21 4.66571 100 20 0 0 0 -2.48258 100 17 0 0 0 0 0 0 0 0 0 0 0
74200 -239.101 0 0 0 2.09482 100 23 6.07095 100 16 0 0 0 -2.91944 100 22 0 0 0 0 0 0 0 0 0 0 0
74300 -238.395 0 0 0 1.59081 100 34 5.92379 100 22 0 0 0 -2.80404 100 18 0 0 0 0 0 0 0 0 0 0 0
74400 -239.291 0 0 0 2.78762 100 35 8.21054 100 13 0 0 0 -3.54346 100 18 0 0 0 0 0 0 0 0 0 0 0
74500 -239.528 0 0 0 2.0919 100 33 6.66283 100 20 0 0 0 -2.93852 100 20 0 0 0 0 0 0 0 0 0 0 0
74600 -237.772 0 0 0 1.93302 100 25 5.91275 100 17 0 0 0 -3.02035 100 19 0 0 0 0 0 0 0 0 0 0 0
74700 -238.067 0 0 0 1.34387 100 36 4.7506 100 17 0 0 0 -2.66405 100 24 0 0 0 0 0 0 0 0 0 0 0
74800 -240.338 0 0 0 1.76347 100 23 5.56772 100 22 0 0 0 -2.6413 100 26 0 0 0 0 0 0 0 0 0 0 0
74900 -240.494 0 0 0 0.668098 100 31 1.0972 100 21 0 0 0 -2.29545 100 14 0 0 0 0 0 0 0 0 0 0 0
75000 -238.74 0 0 0 1.29053 100 27 3.70177 100 19 0 0 0 -2.41437 100 15 0 0 0 0 0 0 0 0 0 0 0
75100 -238.976 0 0 0 2.1591 100 23 7.93657 100 15 0 0 0 -3.20715 100 17 0 0 0 0 0 0 0 0 0 0 0
75200 -238.393 0 0 0 1.04148 100 23 3.43688 100 14 0 0 0 -2.45025 100 24 0 0 0 0 0 0 0 0 0 0 0
75300 -239.22 0 0 0 2.15114 100 32 5.27491 100 12 0 0 0 -3.23836 100 26 0 0 0 0 0 0 0 0 0 0 0
75400 -241.638 0 0 0 1.70267 100 28 2.44674 100 14 0 0 0 -2.91049 100 19 0 0 0 0 0 0 0 0 0 0 0
75500 -237.799 0 0 0 1.49904 100 29 4.33792 100 13 0 0 0 -2.73068 100 16 0 0 0 0 0 0 0 0 0 0 0
75600 -238.425 0 0 0 1.39569 100 34 5.55303 100 28 0 0 0 -2.76596 100 14 0 0 0 0 0 0 0 0 0 0 0
75700 -238.362 0 0 0 2.3665 100 37 6.8976 100 21 0 0 0 -3.25884 100 21 0 0 0 0 0 0 0 0 0 0 0
75800 -238.129 0 0 0 1.40703 100 30 4.99372 100 17 0 0 0 -2.67551 100 17 0 0 0 0 0 0 0 0 0 0 0
75900 -237.811 0 0 0 1.89308 100 32 5.39328 100 13 0 0 0 -2.95562 100 22 0 0 0 0 0 0 0 0 0 0 0
76000 -238.768 0 0 0 1.61512 100 24 5.91369 100 20 0 0 0 -2.75453 100 24 0 0 0 0 0 0 0 0 0 0 0
76100 -237.838 0 0 0 1.71006 100 29 4.60754 100 18 0 0 0 -2.83353 100 13 0 0 0 0 0 0 0 0 0 0 0
76200 -238.481 0 0 0 2.38055 100 24 7.21493 100 17 0 0 0 -3.43747 100 22 0 0 0 0 0 0 0 0 0 0 0
76300 -238.039 0 0 0 2.02642 100 33 6.22234 100 15 0 0 0 -3.1926 100 24 0 0 0 0 0 0 0 0 0 0 0
76400 -238.372 0 0 0 2.20847 100 32 7.75774 100 19 0 0 0 -3.29221 100 21 0 0 0 0 0 0 0 0 0 0 0
76500 -239.537 0 0 0 1.26277 100 34 1.98764 100 18 0 0 0 -2.55992 100 27 0 0 0 0 0 0 0 0 0 0 0
76600 -238.13 0 0 0 2.28453 100 30 7.22378 100 22 0 0 0 -3.28711 100 23 0 0 0 0 0 0 0 0 0 0 0
76700 -238.757 0 0 0 1.35261 100 24 2.48308 100 15 0 0 0 -2.46498 100 26 0 0 0 0 0 0 0 0 0 0 0
76800 -238.47 0 0 0 1.78128 100 29 6.53225 100 21 0 0 0 -2.92532 100 28 0 0 0 0 0 0 0 0 0 0 0
76900 -240.36 0 0 0 1.41447 100 21 3.82288 100 6 0 0 0 -2.35139 100 23 0 0 0 0 0 0 0 0 0 0 0
77000 -241.175 0 0 0 1.17058 100 25 4.75952 100 17 0 0 0 -2.96124 100 15 0 0 0 0 0 0 0 0 0 0 0
77100 -239.423 0 0 0 1.00501 100 32 4.69052 100 26 0 0 0 -2.65089 100 23 0 0 0 0 0 0 0 0 0 0 0
77200 -239.726 0 0 0 0.581113 100 30 1.44404 100 18 0 0 0 -2.13904 100 16 0 0 0 0 0 0 0 0 0 0 0
77300 -237.905 0 0 0 2.11202 100 37 6.5601 100 18 0 0 0 -3.17206 100 19 0 0 0 0 0 0 0 0 0 0 0
77400 -240.044 0 0 0 2.20811 100 30 9.03219 100 15 0 0 0 -3.38624 100 23 0 0 0 0 0 0 0 0 0 0 0
77500 -240.327 0 0 0 2.52621 100 25 9.86314 100 18 0 0 0 -3.59732 100 21 0 0 0 0 0 0 0 0 0 0 0
77600 -238.288 0 0 0 2.04958 100 27 6.95049 100 18 0 0 0 -3.28968 100 20 0 0 0 0 0 0 0 0 0 0 0
77700 -238.054 0 0 0 1.51426 100 33 4.48174 100 29 0 0 0 -2.63484 100 26 0 0 0 0 0 0 0 0 0 0 0
77800 -238.459 0 0 0 1.7406 100 30 6.36909 100 23 0 0 0 -2.88996 100 21 0 0 0 0 0 0 0 0 0 0 0
77900 -239.382 0 0 0 1.1684 100 35 3.38816 100 18 0 0 0 -2.72021 100 24 0 0 0 0 0 0 0 0 0 0 0
78000 -241.111 0 0 0 0.435799 100 26 2.90727 100 23 0 0 0 -2.29375 100 22 0 0 0 0 0 0 0 0 0 0 0
78100 -239.596 0 0 0 0.873647 100 31 2.87232 100 13 0 0 0 -2.17729 100 16 0 0 0 0 0 0 0 0 0 0 0
78200 -238.257 0 0 0 1.19393 100 29 4.20019 100 20 0 0 0 -2.6349 100 24 0 0 0 0 0 0 0 0 0 0 0
78300 -238.392 0 0 0 2.06749 100 23 7.19245 100 11 0 0 0 -3.11504 100 19 0 0 0 0 0 0 0 0 0 0 0
78400 -240.118 0 0 0 2.35471 100 30 7.31659 100 13 0 0 0 -3.61966 100 22 0 0 0 0 0 0 0 0 0 0 0
78500 -239.407 0 0 0 1.70356 100 26 4.608 100 16 0 0 0 -2.59268 100 20 0 0 0 0 0 0 0 0 0 0 0
78600 -238.621 0 0 0 1.14638 100 22 2.61328 100 24 0 0 0 -2.33824 100 22 0 0 0 0 0 0 0 0 0 0 0
78700 -238.086 0 0 0 1.24165 100 30 3.42955 100 18 0 0 0 -2.50781 100 21 0 0 0 0 0 0 0 0 0 0 0
78800 -240.47 0 0 0 0.898305 100 22 4.76712 100 18 0 0 0 -2.69154 100 19 0 0 0 0 0 0 0 0 0 0 0
78900 -238.195 0 0 0 2.08245 100 28 7.32799 100 30 0 0 0 -3.2649 100 17 0 0 0 0 0 0 0 0 0 0 0
79000 -241.076 0 0 0 2.98997 100 25 11.0629 100 26 0 0 0 -4.0796 100 19 0 0 0 0 0 0 0 0 0 0 0
79100 -241.224 0 0 0 2.65541 100 30 5.59477 100 28 0 0 0 -3.27642 100 17 0 0 0 0 0 0 0 0 0 0 0
79200 -238.196 0 0 0 1.40653 100 23 4.93864 100 16 0 0 0 -2.64966 100 20 0 0 0 0 0 0 0 0 0 0 0
79300 -238.631 0 0 0 1.42784 100 23 2.92821 100 20 0 0 0 -2.48957 100 17 0 0 0 0 0 0 0 0 0 0 0
79400 -239.399 0 0 0 1.16284 100 27 5.24835 100 15 0 0 0 -2.79951 100 19 0 0 0 0 0 0 0 0 0 0 0
79500 -241.099 0 0 0 2.68411 100 23 9.26318 100 11 0 0 0 -3.9519 100 17 0 0 0 0 0 0 0 0 0 0 0
79600 -238.329 0 0 0 2.41362 100 31 7.41622 100 17 0 0 0 -3.4079 100 19 0 0 0 0 0 0 0 0 0 0 0
79700 -238.285 0 0 0 1.28498 100 36 4.15927 100 25 0 0 0 -2.51466 100 14 0 0 0 0 0 0 0 0 0 0 0
79800 -238.202 0 0 0 2.16954 100 28 7.50144 100 20 0 0 0 -3.28559 100 17 0 0 0 0 0 0 0 0 0 0 0
79900 -239.437 0 0 0 1.40919 100 31 5.2929 100 22 0 0 0 -2.99925 100 26 0 0 0 0 0 0 0 0 0 0 0
80000 -240.46 0 0 0 2.79026 100 30 9.08445 100 30 0 0 0 -3.9268 100 23 0 0 0 0 0 0 0 0 0 0 0
80100 -238.697 0 0 0 1.22711 100 27 4.81027 100 18 0 0 0 -2.56224 100 22 0 0 0 0 0 0 0 0 0 0 0
80200 -238.026 0 0 0 1.52387 100 25 3.83583 100 21 0 0 0 -2.63846 100 16 0 0 0 0 0 0 0 0 0 0 0
80300 -238.886 0 0 0 1.39461 100 31 3.48743 100 12 0 0 0 -2.77923 100 28 0 0 0 0 0 0 0 0 0 0 0
80400 -237.993 0 0 0 1.71398 100 25 5.265 100 19 0 0 0 -2.78611 100 18 0 0 0 0 0 0 0 0 0 0 0
80500 -238.273 0 0 0 1.43269 100 32 3.42459 100 11 0 0 0 -2.53193 100 22 0 0 0 0 0 0 0 0 0 0 0
80600 -240.592 0 0 0 1.07846 100 30 2.69179 100 17 0 0 0 -2.13481 100 26 0 0 0 0 0 0 0 0 0 0 0
80700 -238.046 0 0 0 1.29127 100 36 3.70362 100 21 0 0 0 -2.52821 100 20 0 0 0 0 0 0 0 0 0 0 0
80800 -242.531 0 0 0 0.341896 100 25 -0.897157 100 20 0 0 0 -1.66996 100 24 0 0 0 0 0 0 0 0 0 0 0
80900 -241.624 0 0 0 1.94533 100 26 3.25107 100 24 0 0 0 -2.60802 100 18 0 0 0 0 0 0 0 0 0 0 0
81000 -239.101 0 0 0 1.25694 100 34 2.7019 100 13 0 0 0 -2.3211 100 22 0 0 0 0 0 0 0 0 0 0 0
81100 -238.91 0 0 0 1.5432 100 24 3.3845 100 17 0 0 0 -2.80477 100 12 0 0 0 0 0 0 0 0 0 0 0
81200 -237.885 0 0 0 1.78042 100 22 6.16989 100 22 0 0 0 -3.01435 100 18 0 0 0 0 0 0 0 0 0 0 0
81300 -238.184 0 0 0 1.78018 100 30 4.52695 100 22 0 0 0 -2.76705 100 18 0 0 0 0 0 0 0 0 0 0 0
81400 -237.781 0 0 0 1.53389 100 32 4.74556 100 16 0 0 0 -2.79855 100 22 0 0 0 0 0 0 0 0 0 0 0
81500 -242.952 0 0 0 1.88042 100 25 1.63966 100 23 0 0 0 -2.64667 100 20 0 0 0 0 0 0 0 0 0 0 0
81600 -239.692 0 0 0 1.68303 100 35 2.84516 100 22 0 0 0 -2.57059 100 19 0 0 0 0 0 0 0 0 0 0 0
81700 -238.471 0 0 0 2.38088 100 29 6.67346 100 9 0 0 0 -3.34678 100 22 0 0 0 0 0 0 0 0 0 0 0
81800 -238.064 0 0 0 1.69792 100 35 5.3972 100 31 0 0 0 -3.00705 100 21 0 0 0 0 0 0 0 0 0 0 0
81900 -238.975 0 0 0 1.3604 100 23 2.81803 100 13 0 0 0 -2.67262 100 26 0 0 0 0 0 0 0 0 0 0 0
82000 -240.007 0 0 0 1.10559 100 24 5.65589 100 20 0 0 0 -2.7748 100 23 0 0 0 0 0 0 0 0 0 0 0
82100 -238.981 0 0 0 1.57558 100 31 6.66372 100 20 0 0 0 -2.92256 100 24 0 0 0 0 0 0 0 0 0 0 0
82200 -238.525 0 0 0 1.20357 100 32 3.52653 100 23 0 0 0 -2.40344 100 20 0 0 0 0 0 0 0 0 0 0 0
82300 -237.866 0 0 0 1.72257 100 27 5.41009 100 16 0 0 0 -2.82955 100 25 0 0 0 0 0 0 0 0 0 0 0
82400 -238.659 0 0 0 1.54245 100 33 4.58075 100 22 0 0 0 -2.94182 100 20 0 0 0 0 0 0 0 0 0 0 0
82500 -238.592 0 0 0 2.5505 100 28 7.57286 100 19 0 0 0 -3.43897 100 15 0 0 0 0 0 0 0 0 0 0 0
82600 -240.544 0 0 0 0.601495 100 30 2.99985 100 20 0 0 0 -2.13191 100 19 0 0 0 0 0 0 0 0 0 0 0
82700 -238.846 0 0 0 1.27137 100 29 4.53077 100 20 0 0 0 -2.49057 100 16 0 0 0 0 0 0 0 0 0 0 0
82800 -238.107 0 0 0 1.30172 100 29 4.26875 100 17 0 0 0 -2.56577 100 18 0 0 0 0 0 0 0 0 0 0 0
82900 -238.088 0 0 0 1.88202 100 39 5.49383 100 22 0 0 0 -3.08639 100 24 0 0 0 0 0 0 0 0 0 0 0
83000 -238.796 0 0 0 1.3248 100 31 2.52631 100 23 0 0 0 -2.57027 100 29 0 0 0 0 0 0 0 0 0 0 0
83100 -237.979 0 0 0 1.54742 100 34 5.29112 100 26 0 0 0 -2.75662 100 25 0 0 0 0 0 0 0 0 0 0 0
83200 -241.079 0 0 0 0.776504 100 37 4.18825 100 15 0 0 0 -2.26468 100 35 0 0 0 0 0 0 0 0 0 0 0
83300 -237.963 0 0 0 1.41984 100 27 4.83302 100 25 0 0 0 -2.68823 100 21 0 0 0 0 0 0 0 0 0 0 0
83400 -238.351 0 0 0 1.85898 100 30 6.54041 100 19 0 0 0 -3.18928 100 18 0 0 0 0 0 0 0 0 0 0 0
83500 -240.176 0 0 0 1.10688 100 32 5.20061 100 27 0 0 0 -2.84973 100 24 0 0 0 0 0 0 0 0 0 0 0
83600 -238.493 0 0 0 1.07488 100 33 3.26031 100 21 0 0 0 -2.37231 100 20 0 0 0 0 0 0 0 0 0 0 0
83700 -238.516 0 0 0 1.37752 100 22 5.0613 100 19 0 0 0 -2.86495 100 25 0 0 0 0 0 0 0 0 0 0 0
83800 -237.982 0 0 0 1.70963 100 25 4.63344 100 18 0 0 0 -2.90435 100 24 0 0 0 0 0 0 0 0 0 0 0
83900 -238.134 0 0 0 1.60253 100 30 3.78606 100 18 0 0 0 -2.7312 100 24 0 0 0 0 0 0 0 0 0 0 0
84000 -239.578 0 0 0 1.57866 100 29 3.13637 100 11 0 0 0 -2.46985 100 26 0 0 0 0 0 0 0 0 0 0 0
84100 -239.563 0 0 0 2.4838 100 15 6.70928 100 30 0 0 0 -3.18107 100 27 0 0 0 0 0 0 0 0 0 0 0
84200 -242.215 0 0 0 2.89182 100 31 6.29752 100 21 0 0 0 -3.39664 100 27 0 0 0 0 0 0 0 0 0 0 0
84300 -237.907 0 0 0 1.49108 100 33 4.69194 100 17 0 0 0 -2.67881 100 17 0 0 0 0 0 0 0 0 0 0 0
84400 -239.008 0 0 0 1.59485 100 32 3.55031 100 16 0 0 0 -2.53121 100 19 0 0 0 0 0 0 0 0 0 0 0
84500 -238.485 0 0 0 1.03385 100 23 3.46181 100 19 0 0 0 -2.40866 100 23 0 0 0 0 0 0 0 0 0 0 0
84600 -239.71 0 0 0 1.48305 100 18 5.62264 100 17 0 0 0 -3.08234 100 26 0 0 0 0 0 0 0 0 0 0 0
84700 -238.628 0 0 0 1.89695 100 27 6.19276 100 18 0 0 0 -2.87889 100 16 0 0 0 0 0 0 0 0 0 0 0
84800 -238.302 0 0 0 1.79535 100 21 6.65584 100 25 0 0 0 -2.98733 100 22 0 0 0 0 0 0 0 0 0 0 0
84900 -238.482 0 0 0 1.48485 100 40 4.86336 100 22 0 0 0 -2.60762 100 17 0 0 0 0 0 0 0 0 0 0 0
85000 -238.074 0 0 0 1.49458 100 24 3.60087 100 19 0 0 0 -2.64095 100 22 0 0 0 0 0 0 0 0 0 0 0
85100 -241.427 0 0 0 0.267049 100 25 -0.100664 100 22 0 0 0 -1.94419 100 15 0 0 0 0 0 0 0 0 0 0 0
85200 -238.215 0 0 0 1.48587 100 32 3.88755 100 16 0 0 0 -2.568 100 16 0 0 0 0 0 0 0 0 0 0 0
85300 -238.098 0 0 0 1.28848 100 39 4.41617 100 18 0 0 0 -2.68869 100 19 0 0 0 0 0 0 0 0 0 0 0
85400 -237.769 0 0 0 1.78346 100 31 5.74969 100 23 0 0 0 -2.99496 100 19 0 0 0 0 0 0 0 0 0 0 0
85500 -240.786 0 0 0 1.76405 100 29 7.74683 100 23 0 0 0 -3.38841 100 24 0 0 0 0 0 0 0 0 0 0 0
85600 -237.846 0 0 0 2.01019 100 33 6.27908 100 17 0 0 0 -3.07043 100 23 0 0 0 0 0 0 0 0 0 0 0
85700 -240.196 0 0 0 2.85066 100 22 9.9089 100 21 0 0 0 -3.95097 100 20 0 0 0 0 0 0 0 0 0 0 0
85800 -242.536 0 0 0 3.81107 100 27 11.8329 100 19 0 0 0 -4.38087 100 21 0 0 0 0 0 0 0 0 0 0 0
85900 -238.437 0 0 0 2.14071 100 28 5.64026 100 27 0 0 0 -3.18907 100 15 0 0 0 0 0 0 0 0 0 0 0
86000 -238.905 0 0 0 0.946082 100 32 2.64638 100 24 0 0 0 -2.45823 100 20 0 0 0 0 0 0 0 0 0 0 0
86100 -239.804 0 0 0 0.566561 100 22 1.25503 100 12 0 0 0 -2.0731 100 30 0 0 0 0 0 0 0 0 0 0 0
86200 -239.791 0 0 0 2.26997 100 19 4.76903 100 17 0 0 0 -3.15282 100 20 0 0 0 0 0 0 0 0 0 0 0
86300 -237.751 0 0 0 1.72435 100 28 5.65008 100 22 0 0 0 -2.93466 100 21 0 0 0 0 0 0 0 0 0 0 0
86400 -238.356 0 0 0 2.05445 100 22 6.1657 100 13 0 0 0 -3.24754 100 21 0 0 0 0 0 0 0 0 0 0 0
86500 -237.844 0 0 0 2.01348 100 37 6.22878 100 16 0 0 0 -3.12967 100 17 0 0 0 0 0 0 0 0 0 0 0
86600 -237.908 0 0 0 1.51179 100 20 3.95322 100 25 0 0 0 -2.69015 100 22 0 0 0 0 0 0 0 0 0 0 0
86700 -237.965 0 0 0 2.13187 100 31 6.32453 100 20 0 0 0 -3.1292 100 17 0 0 0 0 0 0 0 0 0 0 0
86800 -238.483 0 0 0 1.84382 100 26 5.8509 100 16 0 0 0 -3.1633 100 24 0 0 0 0 0 0 0 0 0 0 0
86900 -239.476 0 0 0 2.45352 100 26 6.4342 100 17 0 0 0 -3.47103 100 20 0 0 0 0 0 0 0 0 0 0 0
87000 -237.766 0 0 0 1.54962 100 34 4.95681 100 17 0 0 0 -2.77933 100 16 0 0 0 0 0 0 0 0 0 0 0
87100 -238.314 0 0 0 1.12904 100 34 3.26134 100 19 0 0 0 -2.41498 100 26 0 0 0 0 0 0 0 0 0 0 0
87200 -238.512 0 0 0 2.09628 100 37 5.76124 100 21 0 0 0 -2.96508 100 26 0 0 0 0 0 0 0 0 0 0 0
87300 -238.256 0 0 0 1.2254 100 31 3.94997 100 21 0 0 0 -2.49255 100 24 0 0 0 0 0 0 0 0 0 0 0
87400 -239.669 0 0 0 0.990705 100 31 1.05957 100 20 0 0 0 -2.28781 100 17 0 0 0 0 0 0 0 0 0 0 0
87500 -238.215 0 0 0 1.43306 100 17 3.76919 100 21 0 0 0 -2.74068 100 20 0 0 0 0 0 0 0 0 0 0 0
87600 -238.288 0 0 0 1.84132 100 28 4.3356 100 18 0 0 0 -2.87182 100 19 0 0 0 0 0 0 0 0 0 0 0
87700 -240.452 0 0 0 1.54275 100 25 3.56375 100 18 0 0 0 -2.96988 100 16 0 0 0 0 0 0 0 0 0 0 0
87800 -239.193 0 0 0 0.925055 100 31 2.355 100 25 0 0 0 -2.18478 100 20 0 0 0 0 0 0 0 0 0 0 0
87900 -239.395 0 0 0 1.11035 100 20 2.14276 100 19 0 0 0 -2.21636 100 18 0 0 0 0 0 0 0 0 0 0 0
88000 -239.393 0 0 0 0.731033 100 30 2.49423 100 20 0 0 0 -2.34928 100 16 0 0 0 0 0 0 0 0 0 0 0
88100 -243.804 0 0 0 1.67006 100 27 4.3304 100 20 0 0 0 -3.28694 100 18 0 0 0 0 0 0 0 0 0 0 0
88200 -238.479 0 0 0 1.14992 100 25 4.31259 100 13 0 0 0 -2.5227 100 24 0 0 0 0 0 0 0 0 0 0 0
88300 -238.904 0 0 0 1.58111 100 30 3.69491 100 23 0 0 0 -2.53291 100 23 0 0 0 0 0 0 0 0 0 0 0
88400 -239.857 0 0 0 0.661383 100 30 2.73262 100 24 0 0 0 -2.37173 100 21 0 0 0 0 0 0 0 0 0 0 0
88500 -239.722 0 0 0 1.87128 100 32 6.30194 100 13 0 0 0 -2.79841 100 17 0 0 0 0 0 0 0 0 0 0 0
88600 -238.229 0 0 0 1.5706 100 27 5.60603 100 27 0 0 0 -2.76599 100 25 0 0 0 0 0 0 0 0 0 0 0
88700 -240.08 0 0 0 0.49526 100 34 2.02959 100 22 0 0 0 -2.16089 100 12 0 0 0 0 0 0 0 0 0 0 0
88800 -238.521 0 0 0 2.37662 100 24 7.01857 100 21 0 0 0 -3.42168 100 29 0 0 0 0 0 0 0 0 0 0 0
88900 -239.097 0 0 0 1.61402 100 26 5.18313 100 18 0 0 0 -3.07031 100 18 0 0 0 0 0 0 0 0 0 0 0
89000 -237.917 0 0 0 1.41629 100 30 3.84837 100 28 0 0 0 -2.65859 100 20 0 0 0 0 0 0 0 0 0 0 0
89100 -238.013 0 0 0 2.16798 100 29 6.40254 100 22 0 0 0 -3.14973 100 19 0 0 0 0 0 0 0 0 0 0 0
89200 -239.69 0 0 0 2.29338 100 35 5.34314 100 23 0 0 0 -3.00998 100 16 0 0 0 0 0 0 0 0 0 0 0
89300 -239.165 0 0 0 1.07963 100 31 3.7218 100 25 0 0 0 -2.67702 100 26 0 0 0 0 0 0 0 0 0 0 0
89400 -240.403 0 0 0 2.15759 100 32 8.60323 100 22 0 0 0 -3.21526 100 19 0 0 0 0 0 0 0 0 0 0 0
89500 -238.053 0 0 0 1.6338 100 28 4.02503 100 27 0 0 0 -2.71049 100 26 0 0 0 0 0 0 0 0 0 0 0
89600 -238.062 0 0 0 1.6694 100 30 4.55671 100 14 0 0 0 -2.90174 100 14 0 0 0 0 0 0 0 0 0 0 0
89700 -238.372 0 0 0 1.60824 100 32 4.08025 100 18 0 0 0 -2.6165 100 16 0 0 0 0 0 0 0 0 0 0 0
89800 -240.931 0 0 0 1.31312 100 29 3.08721 100 19 0 0 0 -2.86393 100 17 0 0 0 0 0 0 0 0 0 0 0
89900 -238.957 0 0 0 1.29215 100 30 2.3055 100 22 0 0 0 -2.54212 100 31 0 0 0 0 0 0 0 0 0 0 0
90000 -238.087 0 0 0 1.52709 100 22 5.25804 100 18 0 0 0 -2.72642 100 22 0 0 0 0 0 0 0 0 0 0 0
90100 -239.955 0 0 0 1.1234 100 28 2.52165 100 19 0 0 0 -2.18296 100 27 0 0 0 0 0 0 0 0 0 0 0
90200 -238.084 0 0 0 1.47298 100 22 5.44725 100 17 0 0 0 -2.82255 100 20 0 0 0 0 0 0 0 0 0 0 0
90300 -239.029 0 0 0 1.76167 100 31 3.46328 100 18 0 0 0 -2.82935 100 20 0 0 0 0 0 0 0 0 0 0 0
90400 -240.138 0 0 0 0.94857 100 19 4.15527 100 22 0 0 0 -2.70519 100 18 0 0 0 0 0 0 0 0 0 0 0
90500 -237.952 0 0 0 1.70689 100 26 4.41056 100 16 0 0 0 -2.77603 100 16 0 0 0 0 0 0 0 0 0 0 0
90600 -240.034 0 0 0 0.569315 100 33 1.02361 100 15 0 0 0 -2.14913 100 28 0 0 0 0 0 0 0 0 0 0 0
90700 -240.59 0 0 0 0.385134 100 28 0.60228 100 18 0 0 0 -1.94368 100 15 0 0 0 0 0 0 0 0 0 0 0
90800 -238.694 0 0 0 1.35642 100 32 3.47092 100 24 0 0 0 -2.74094 100 25 0 0 0 0 0 0 0 0 0 0 0
90900 -238.277 0 0 0 1.33155 100 35 2.98562 100 21 0 0 0 -2.5301 100 22 0 0 0 0 0 0 0 0 0 0 0
91000 -240.675 0 0 0 0.725958 100 39 -0.0767144 100 17 0 0 0 -2.04758 100 22 0 0 0 0 0 0 0 0 0 0 0
91100 -242.073 0 0 0 2.29286 100 33 3.623 100 21 0 0 0 -2.95623 100 18 0 0 0 0 0 0 0 0 0 0 0
91200 -238.542 0 0 0 2.30956 100 24 6.19505 100 16 0 0 0 -3.16366 100 18 0 0 0 0 0 0 0 0 0 0 0
91300 -238.358 0 0 0 2.1281 100 29 7.63552 100 18 0 0 0 -3.25701 100 21 0 0 0 0 0 0 0 0 0 0 0
91400 -239.572 0 0 0 2.95728 100 33 9.49858 100 17 0 0 0 -3.79609 100 21 0 0 0 0 0 0 0 0 0 0 0
91500 -239.974 0 0 0 2.99845 100 28 10.0739 100 22 0 0 0 -3.95029 100 13 0 0 0 0 0 0 0 0 0 0 0
91600 -238.34 0 0 0 1.74793 100 39 6.72117 100 25 0 0 0 -3.05734 100 21 0 0 0 0 0 0 0 0 0 0 0
91700 -238.865 0 0 0 1.57136 100 41 2.9038 100 22 0 0 0 -2.6179 100 21 0 0 0 0 0 0 0 0 0 0 0
91800 -239.897 0 0 0 2.38546 100 34 8.27427 100 15 0 0 0 -3.24016 100 20 0 0 0 0 0 0 0 0 0 0 0
91900 -238.976 0 0 0 2.443 100 31 8.82192 100 22 0 0 0 -3.5105 100 18 0 0 0 0 0 0 0 0 0 0 0
92000 -241.621 0 0 0 1.79852 100 30 7.06007 100 28 0 0 0 -3.45856 100 11 0 0 0 0 0 0 0 0 0 0 0
92100 -241.858 0 0 0 3.58175 100 35 10.2323 100 22 0 0 0 -4.14617 100 21 0 0 0 0 0 0 0 0 0 0 0
92200 -238.277 0 0 0 1.8622 100 29 4.94669 100 21 0 0 0 -2.80935 100 22 0 0 0 0 0 0 0 0 0 0 0
92300 -239.325 0 0 0 1.74255 100 31 6.44759 100 22 0 0 0 -3.23324 100 17 0 0 0 0 0 0 0 0 0 0 0
92400 -238.336 0 0 0 1.09077 100 31 3.60091 100 16 0 0 0 -2.5299 100 30 0 0 0 0 0 0 0 0 0 0 0
92500 -238.195 0 0 0 1.99162 100 29 6.78516 100 23 0 0 0 -3.05222 100 25 0 0 0 0 0 0 0 0 0 0 0
92600 -239.049 0 0 0 1.1983 100 30 5.23964 100 17 0 0 0 -2.62665 100 12 0 0 0 0 0 0 0 0 0 0 0
92700 -238.735 0 0 0 1.59234 100 31 3.95515 100 31 0 0 0 -2.88908 100 19 0 0 0 0 0 0 0 0 0 0 0
92800 -238.216 0 0 0 1.87962 100 23 4.92812 100 20 0 0 0 -2.83354 100 18 0 0 0 0 0 0 0 0 0 0 0
92900 -238.518 0 0 0 1.3948 100 34 5.11249 100 14 0 0 0 -2.87929 100 27 0 0 0 0 0 0 0 0 0 0 0
93000 -238.771 0 0 0 2.22575 100 34 6.27241 100 22 0 0 0 -3.04676 100 19 0 0 0 0 0 0 0 0 0 0 0
93100 -237.784 0 0 0 1.67568 100 19 4.73686 100 23 0 0 0 -2.85267 100 24 0 0 0 0 0 0 0 0 0 0 0
93200 -238.682 0 0 0 1.42694 100 24 3.32622 100 22 0 0 0 -2.46369 100 25 0 0 0 0 0 0 0 0 0 0 0
93300 -238.134 0 0 0 1.31532 100 26 4.78874 100 14 0 0 0 -2.6745 100 15 0 0 0 0 0 0 0 0 0 0 0
93400 -238.401 0 0 0 1.61977 100 30 4.16233 100 19 0 0 0 -2.88451 100 19 0 0 0 0 0 0 0 0 0 0 0
93500 -238.334 0 0 0 1.53467 100 26 5.96729 100 17 0 0 0 -2.93126 100 20 0 0 0 0 0 0 0 0 0 0 0
93600 -239.478 0 0 0 0.918994 100 30 1.62427 100 16 0 0 0 -2.37886 100 23 0 0 0 0 0 0 0 0 0 0 0
93700 -238.328 0 0 0 1.57644 100 34 4.24165 100 19 0 0 0 -2.87414 100 18 0 0 0 0 0 0 0 0 0 0 0
93800 -240.327 0 0 0 2.3768 100 25 7.49072 100 21 0 0 0 -3.65791 100 19 0 0 0 0 0 0 0 0 0 0 0
93900 -238.265 0 0 0 1.48591 100 33 3.5593 100 18 0 0 0 -2.72431 100 19 0 0 0 0 0 0 0 0 0 0 0
94000 -237.821 0 0 0 1.84632 100 21 5.45077 100 18 0 0 0 -2.90469 100 19 0 0 0 0 0 0 0 0 0 0 0
94100 -238.187 0 0 0 2.2024 100 42 6.74867 100 17 0 0 0 -3.30935 100 20 0 0 0 0 0 0 0 0 0 0 0
94200 -238.422 0 0 0 1.97044 100 22 6.55409 100 19 0 0 0 -2.97482 100 26 0 0 0 0 0 0 0 0 0 0 0
94300 -239.021 0 0 0 1.41555 100 33 2.44949 100 23 0 0 0 -2.58973 100 23 0 0 0 0 0 0 0 0 0 0 0
94400 -238.953 0 0 0 1.10373 100 24 2.28956 100 18 0 0 0 -2.26877 100 20 0 0 0 0 0 0 0 0 0 0 0
94500 -238.439 0 0 0 1.17619 100 26 4.17127 100 18 0 0 0 -2.4935 100 22 0 0 0 0 0 0 0 0 0 0 0
94600 -239.307 0 0 0 1.22733 100 25 3.20279 100 21 0 0 0 -2.72008 100 20 0 0 0 0 0 0 0 0 0 0 0
94700 -237.888 0 0 0 1.60504 100 25 4.82233 100 18 0 0 0 -2.72625 100 20 0 0 0 0 0 0 0 0 0 0 0
94800 -238.189 0 0 0 1.76073 100 25 6.58868 100 16 0 0 0 -3.03274 100 23 0 0 0 0 0 0 0 0 0 0 0
94900 -239.001 0 0 0 1.85092 100 18 4.39094 100 22 0 0 0 -2.71079 100 23 0 0 0 0 0 0 0 0 0 0 0
95000 -239.057 0 0 0 0.778532 100 35 2.07171 100 20 0 0 0 -2.2214 100 16 0 0 0 0 0 0 0 0 0 0 0
95100 -240.265 0 0 0 0.522217 100 29 1.06202 100 15 0 0 0 -1.95803 100 16 0 0 0 0 0 0 0 0 0 0 0
95200 -239.989 0 0 0 1.06206 100 31 2.8616 100 17 0 0 0 -2.17975 100 22 0 0 0 0 0 0 0 0 0 0 0
95300 -239.392 0 0 0 0.769169 100 32 2.87198 100 20 0 0 0 -2.21431 100 16 0 0 0 0 0 0 0 0 0 0 0
95400 -239.589 0 0 0 1.34865 100 27 6.11554 100 13 0 0 0 -2.96689 100 24 0 0 0 0 0 0 0 0 0 0 0
95500 -242.187 0 0 0 1.88136 100 35 1.97899 100 15 0 0 0 -2.78325 100 18 0 0 0 0 0 0 0 0 0 0 0
95600 -240.75 0 0 0 0.981758 100 21 5.64841 100 21 0 0 0 -2.6993 100 16 0 0 0 0 0 0 0 0 0 0 0
95700 -239.998 0 0 0 1.4955 100 22 1.8995 100 24 0 0 0 -2.57476 100 27 0 0 0 0 0 0 0 0 0 0 0
95800 -239.657 0 0 0 1.01176 100 31 4.96448 100 15 0 0 0 -2.67417 100 15 0 0 0 0 0 0 0 0 0 0 0
95900 -238.953 0 0 0 2.22995 100 33 6.16807 100 21 0 0 0 -3.02598 100 13 0 0 0 0 0 0 0 0 0 0 0
96000 -238.122 0 0 0 1.25931 100 26 3.91711 100 14 0 0 0 -2.64956 100 21 0 0 0 0 0 0 0 0 0 0 0
96100 -240.122 0 0 0 2.07262 100 36 4.16582 100 18 0 0 0 -3.12031 100 19 0 0 0 0 0 0 0 0 0 0 0
96200 -238.404 0 0 0 1.88679 100 26 5.38344 100 25 0 0 0 -3.12071 100 18 0 0 0 0 0 0 0 0 0 0 0
96300 -240.264 0 0 0 1.50148 100 31 7.11332 100 21 0 0 0 -3.12914 100 16 0 0 0 0 0 0 0 0 0 0 0
96400 -239.766 0 0 0 1.63794 100 29 3.00867 100 17 0 0 0 -2.5024 100 25 0 0 0 0 0 0 0 0 0 0 0
96500 -241.071 0 0 0 0.799562 100 27 0.972134 100 17 0 0 0 -1.92946 100 18 0 0 0 0 0 0 0 0 0 0 0
96600 -239.211 0 0 0 1.1087 100 35 4.89798 100 23 0 0 0 -2.54156 100 25 0 0 0 0 0 0 0 0 0 0 0
96700 -238.665 0 0 0 2.50723 100 26 7.0901 100 15 0 0 0 -3.43284 100 25 0 0 0 0 0 0 0 0 0 0 0
96800 -240.968 0 0 0 2.77384 100 19 7.08706 100 15 0 0 0 -3.32157 100 24 0 0 0 0 0 0 0 0 0 0 0
96900 -238.788 0 0 0 1.89731 100 33 7.52527 100 18 0 0 0 -3.15429 100 24 0 0 0 0 0 0 0 0 0 0 0
97000 -239.648 0 0 0 0.966768 100 29 1.03352 100 22 0 0 0 -2.1847 100 22 0 0 0 0 0 0 0 0 0 0 0
97100 -239.124 0 0 0 1.13603 100 20 2.78851 100 12 0 0 0 -2.60954 100 21 0 0 0 0 0 0 0 0 0 0 0
97200 -238.434 0 0 0 1.18457 100 22 2.86367 100 21 0 0 0 -2.53501 100 20 0 0 0 0 0 0 0 0 0 0 0
97300 -239.029 0 0 0 2.33337 100 38 5.76737 100 17 0 0 0 -3.28071 100 21 0 0 0 0 0 0 0 0 0 0 0
97400 -238.148 0 0 0 2.12379 100 35 5.83955 100 16 0 0 0 -3.16156 100 21 0 0 0 0 0 0 0 0 0 0 0
97500 -237.91 0 0 0 1.71979 100 31 4.48099 100 17 0 0 0 -2.81147 100 19 0 0 0 0 0 0 0 0 0 0 0
97600 -238.281 0 0 0 1.39775 100 27 4.86609 100 24 0 0 0 -2.62203 100 20 0 0 0 0 0 0 0 0 0 0 0
97700 -238.742 0 0 0 1.70997 100 29 3.71539 100 19 0 0 0 -2.65113 100 23 0 0 0 0 0 0 0 0 0 0 0
97800 -239.266 0 0 0 0.711458 100 30 2.33599 100 20 0 0 0 -2.2046 100 25 0 0 0 0 0 0 0 0 0 0 0
97900 -238.62 0 0 0 1.12525 100 31 2.95248 100 13 0 0 0 -2.33607 100 21 0 0 0 0 0 0 0 0 0 0 0
98000 -239.366 0 0 0 0.885434 100 20 4.03226 100 19 0 0 0 -2.4111 100 9 0 0 0 0 0 0 0 0 0 0 0
98100 -237.77 0 0 0 1.9367 100 22 6.00656 100 18 0 0 0 -3.03876 100 20 0 0 0 0 0 0 0 0 0 0 0
98200 -238.894 0 0 0 2.03863 100 28 7.52944 100 17 0 0 0 -3.10909 100 23 0 0 0 0 0 0 0 0 0 0 0
98300 -238.657 0 0 0 1.58379 100 27 3.74869 100 16 0 0 0 -2.56264 100 27 0 0 0 0 0 0 0 0 0 0 0
98400 -237.9 0 0 0 1.459 100 27 4.79837 100 20 0 0 0 -2.69575 100 16 0 0 0 0 0 0 0 0 0 0 0
98500 -238.008 0 0 0 1.9293 100 37 5.24871 100 16 0 0 0 -2.91766 100 22 0 0 0 0 0 0 0 0 0 0 0
98600 -238.003 0 0 0 1.50289 100 27 3.97168 100 17 0 0 0 -2.74801 100 28 0 0 0 0 0 0 0 0 0 0 0
98700 -240.615 0 0 0 1.86296 100 24 4.42344 100 18 0 0 0 -3.18435 100 23 0 0 0 0 0 0 0 0 0 0 0
98800 -239.172 0 0 0 2.63401 100 27 8.25033 100 27 0 0 0 -3.42874 100 16 0 0 0 0 0 0 0 0 0 0 0
98900 -237.825 0 0 0 1.68871 100 37 5.02468 100 19 0 0 0 -2.79137 100 17 0 0 0 0 0 0 0 0 0 0 0
99000 -241.353 0 0 0 1.9074 100 21 5.74862 100 21 0 0 0 -3.39512 100 20 0 0 0 0 0 0 0 0 0 0 0
99100 -239.765 0 0 0 1.95733 100 27 4.42817 100 27 0 0 0 -2.7225 100 22 0 0 0 0 0 0 0 0 0 0 0
99200 -239.001 0 0 0 1.45498 100 27 5.1473 100 18 0 0 0 -2.58836 100 23 0 0 0 0 0 0 0 0 0 0 0
99300 -238.588 0 0 0 1.12972 100 29 4.53317 100 18 0 0 0 -2.61837 100 27 0 0 0 0 0 0 0 0 0 0 0
99400 -240.555 0 0 0 0.514976 100 24 0.636752 100 22 0 0 0 -2.13684 100 26 0 0 0 0 0 0 0 0 0 0 0
99500 -237.853 0 0 0 1.90416 100 33 6.39015 100 18 0 0 0 -3.08147 100 15 0 0 0 0 0 0 0 0 0 0 0
99600 -238.084 0 0 0 2.10697 100 33 5.77546 100 21 0 0 0 -3.12286 100 22 0 0 0 0 0 0 0 0 0 0 0
99700 -238.309 0 0 0 1.11489 100 28 3.01405 100 27 0 0 0 -2.48154 100 24 0 0 0 0 0 0 0 0 0 0 0
99800 -238.554 0 0 0 1.73925 100 32 4.40829 100 26 0 0 0 -2.96928 100 22 0 0 0 0 0 0 0 0 0 0 0
99900 -238.951 0 0 0 2.1462 100 37 8.03199 100 24 0 0 0 -3.44044 100 21 0 0 0 0 0 0 0 0 0 0 0
100000 -238.995 0 0 0 0.852364 100 33 2.26552 100 18 0 0 0 -2.20941 100 17 0 0 0 0 0 0 0 0 0 0 0
