iteration logLik intercept1 intercept1_p intercept1_a pcov2 pcov2_p pcov2_a pcov3 pcov3_p pcov3_a pcov4 pcov4_p pcov4_a intercept2 intercept2_p intercept2_a intercept3 intercept3_p intercept3_a intercept4 intercept4_p intercept4_a pcov pcov_p pcov_a data_p data_a
0 -4.92474e+09 0 0 0 7.22455 0 0 -5.93371 0 0 0 0 0 11.2007 0 0 0 0 0 0 0 0 0 0 0 0 0
100 -269.47 0 0 0 0.839846 100 38 2.04567 100 39 0 0 0 -2.32553 100 28 0 0 0 0 0 0 0 0 0 0 0
200 -269.338 0 0 0 1.23006 100 24 1.69011 100 24 0 0 0 -2.38319 100 18 0 0 0 0 0 0 0 0 0 0 0
300 -268.837 0 0 0 1.15657 100 28 2.04571 100 23 0 0 0 -2.46858 100 23 0 0 0 0 0 0 0 0 0 0 0
400 -270.22 0 0 0 1.09549 100 21 0.538035 100 21 0 0 0 -2.46272 100 29 0 0 0 0 0 0 0 0 0 0 0
500 -268.634 0 0 0 1.72647 100 30 4.2908 100 30 0 0 0 -2.96302 100 18 0 0 0 0 0 0 0 0 0 0 0
600 -270.176 0 0 0 1.25703 100 16 4.4992 100 15 0 0 0 -2.82727 100 19 0 0 0 0 0 0 0 0 0 0 0
700 -269.176 0 0 0 1.11985 100 32 2.75647 100 26 0 0 0 -2.39246 100 21 0 0 0 0 0 0 0 0 0 0 0
800 -269.717 0 0 0 1.74626 100 29 5.51003 100 22 0 0 0 -2.83798 100 20 0 0 0 0 0 0 0 0 0 0 0
900 -271.049 0 0 0 1.37864 100 18 0.784131 100 17 0 0 0 -2.66443 100 10 0 0 0 0 0 0 0 0 0 0 0
1000 -269.839 0 0 0 1.09165 100 23 0.778195 100 19 0 0 0 -2.45086 100 18 0 0 0 0 0 0 0 0 0 0 0
1100 -269.733 0 0 0 0.911128 100 27 2.97604 100 18 0 0 0 -2.39208 100 23 0 0 0 0 0 0 0 0 0 0 0
1200 -272.173 0 0 0 0.359016 100 16 1.52541 100 23 0 0 0 -2.16713 100 17 0 0 0 0 0 0 0 0 0 0 0
1300 -269.598 0 0 0 1.87387 100 22 3.60807 100 29 0 0 0 -2.82329 100 19 0 0 0 0 0 0 0 0 0 0 0
1400 -268.649 0 0 0 1.69452 100 23 4.9956 100 18 0 0 0 -2.94697 100 8 0 0 0 0 0 0 0 0 0 0 0
1500 -271.066 0 0 0 1.00207 100 20 2.50843 100 21 0 0 0 -2.67304 100 15 0 0 0 0 0 0 0 0 0 0 0
1600 -269.26 0 0 0 2.32552 100 29 7.07811 100 16 0 0 0 -3.40493 100 23 0 0 0 0 0 0 0 0 0 0 0
1700 -269.072 0 0 0 2.09207 100 21 4.89501 100 15 0 0 0 -3.19194 100 24 0 0 0 0 0 0 0 0 0 0 0
1800 -269.329 0 0 0 1.3763 100 20 1.89678 100 21 0 0 0 -2.49069 100 28 0 0 0 0 0 0 0 0 0 0 0
1900 -268.663 0 0 0 1.65527 100 16 4.73899 100 19 0 0 0 -2.944 100 17 0 0 0 0 0 0 0 0 0 0 0
2000 -269.778 0 0 0 1.83421 100 22 6.27429 100 23 0 0 0 -3.21986 100 23 0 0 0 0 0 0 0 0 0 0 0
2100 -269.254 0 0 0 1.71184 100 18 5.20356 100 16 0 0 0 -3.08651 100 17 0 0 0 0 0 0 0 0 0 0 0
2200 -269.218 0 0 0 1.92551 100 19 3.98231 100 13 0 0 0 -3.06884 100 17 0 0 0 0 0 0 0 0 0 0 0
2300 -270.737 0 0 0 2.82675 100 20 8.02232 100 22 0 0 0 -3.87451 100 21 0 0 0 0 0 0 0 0 0 0 0
2400 -269.602 0 0 0 2.52914 100 18 6.70153 100 22 0 0 0 -3.53108 100 22 0 0 0 0 0 0 0 0 0 0 0
2500 -271.684 0 0 0 3.13971 100 17 10.0183 100 19 0 0 0 -3.96662 100 20 0 0 0 0 0 0 0 0 0 0 0
2600 -272.445 0 0 0 2.04042 100 26 8.24725 100 22 0 0 0 -3.53561 100 25 0 0 0 0 0 0 0 0 0 0 0
2700 -269.259 0 0 0 1.04973 100 23 2.91565 100 28 0 0 0 -2.40088 100 16 0 0 0 0 0 0 0 0 0 0 0
2800 -269.503 0 0 0 1.49347 100 26 1.94441 100 17 0 0 0 -2.69595 100 24 0 0 0 0 0 0 0 0 0 0 0
2900 -270.07 0 0 0 0.928222 100 20 0.116394 100 16 0 0 0 -2.2986 100 24 0 0 0 0 0 0 0 0 0 0 0
3000 -271.2 0 0 0 1.37184 100 25 4.60365 100 24 0 0 0 -2.50842 100 20 0 0 0 0 0 0 0 0 0 0 0
3100 -269.684 0 0 0 1.01375 100 20 2.71465 100 13 0 0 0 -2.56929 100 11 0 0 0 0 0 0 0 0 0 0 0
3200 -271.401 0 0 0 0.426562 100 18 -0.438676 100 23 0 0 0 -1.80782 100 17 0 0 0 0 0 0 0 0 0 0 0
3300 -270.147 0 0 0 1.32593 100 19 0.822406 100 20 0 0 0 -2.45203 100 18 0 0 0 0 0 0 0 0 0 0 0
3400 -270.947 0 0 0 0.827472 100 24 1.90642 100 18 0 0 0 -2.08441 100 27 0 0 0 0 0 0 0 0 0 0 0
3500 -269.261 0 0 0 0.900884 100 23 1.29664 100 19 0 0 0 -2.26574 100 15 0 0 0 0 0 0 0 0 0 0 0
3600 -269.114 0 0 0 1.6663 100 18 3.65108 100 22 0 0 0 -2.70381 100 24 0 0 0 0 0 0 0 0 0 0 0
3700 -269.042 0 0 0 2.17096 100 15 6.37425 100 17 0 0 0 -3.32878 100 16 0 0 0 0 0 0 0 0 0 0 0
3800 -269.345 0 0 0 1.62652 100 27 2.47072 100 18 0 0 0 -2.7062 100 21 0 0 0 0 0 0 0 0 0 0 0
3900 -268.825 0 0 0 1.71787 100 28 3.95325 100 20 0 0 0 -2.96458 100 25 0 0 0 0 0 0 0 0 0 0 0
4000 -269.082 0 0 0 1.59063 100 16 2.75736 100 16 0 0 0 -2.79826 100 24 0 0 0 0 0 0 0 0 0 0 0
4100 -269.078 0 0 0 1.23939 100 21 3.57187 100 22 0 0 0 -2.68767 100 23 0 0 0 0 0 0 0 0 0 0 0
4200 -269.043 0 0 0 1.33941 100 18 1.90999 100 23 0 0 0 -2.5415 100 17 0 0 0 0 0 0 0 0 0 0 0
4300 -269.696 0 0 0 1.39134 100 21 4.36015 100 20 0 0 0 -2.58618 100 22 0 0 0 0 0 0 0 0 0 0 0
4400 -269.711 0 0 0 0.743944 100 25 0.651863 100 23 0 0 0 -2.2077 100 19 0 0 0 0 0 0 0 0 0 0 0
4500 -270.559 0 0 0 1.77035 100 18 2.82652 100 23 0 0 0 -2.66358 100 24 0 0 0 0 0 0 0 0 0 0 0
4600 -270.091 0 0 0 1.42115 100 22 5.31888 100 16 0 0 0 -2.73616 100 20 0 0 0 0 0 0 0 0 0 0 0
4700 -268.662 0 0 0 1.78714 100 15 4.02542 100 21 0 0 0 -2.89423 100 16 0 0 0 0 0 0 0 0 0 0 0
4800 -269.465 0 0 0 2.30478 100 22 6.62015 100 28 0 0 0 -3.25787 100 24 0 0 0 0 0 0 0 0 0 0 0
4900 -272.895 0 0 0 1.18331 100 18 -0.920094 100 26 0 0 0 -2.18543 100 23 0 0 0 0 0 0 0 0 0 0 0
5000 -270.162 0 0 0 0.656938 100 20 1.7743 100 26 0 0 0 -2.16905 100 16 0 0 0 0 0 0 0 0 0 0 0
5100 -270.395 0 0 0 0.903462 100 25 -0.345902 100 24 0 0 0 -2.16428 100 24 0 0 0 0 0 0 0 0 0 0 0
5200 -271.457 0 0 0 2.45651 100 28 7.24834 100 19 0 0 0 -3.24543 100 21 0 0 0 0 0 0 0 0 0 0 0
5300 -269.118 0 0 0 1.54896 100 28 3.79391 100 24 0 0 0 -2.91752 100 15 0 0 0 0 0 0 0 0 0 0 0
5400 -269.815 0 0 0 1.14147 100 24 1.30699 100 19 0 0 0 -2.27468 100 19 0 0 0 0 0 0 0 0 0 0 0
5500 -271.137 0 0 0 0.722521 100 16 1.83927 100 30 0 0 0 -2.44491 100 15 0 0 0 0 0 0 0 0 0 0 0
5600 -270.011 0 0 0 1.35198 100 23 1.60532 100 20 0 0 0 -2.3981 100 21 0 0 0 0 0 0 0 0 0 0 0
5700 -269.114 0 0 0 2.15256 100 21 5.24751 100 25 0 0 0 -3.25582 100 14 0 0 0 0 0 0 0 0 0 0 0
5800 -269.329 0 0 0 1.2673 100 28 2.46383 100 17 0 0 0 -2.4078 100 25 0 0 0 0 0 0 0 0 0 0 0
5900 -268.654 0 0 0 1.31043 100 22 2.63889 100 18 0 0 0 -2.58666 100 17 0 0 0 0 0 0 0 0 0 0 0
6000 -268.664 0 0 0 1.73276 100 23 4.06071 100 16 0 0 0 -2.83055 100 21 0 0 0 0 0 0 0 0 0 0 0
6100 -272.943 0 0 0 0.0937893 100 23 0.329844 100 24 0 0 0 -1.9296 100 20 0 0 0 0 0 0 0 0 0 0 0
6200 -270.305 0 0 0 0.759741 100 18 0.507162 100 17 0 0 0 -2.03193 100 22 0 0 0 0 0 0 0 0 0 0 0
6300 -269.982 0 0 0 1.10976 100 18 4.15251 100 15 0 0 0 -2.64008 100 30 0 0 0 0 0 0 0 0 0 0 0
6400 -269.2 0 0 0 1.0443 100 20 2.15124 100 21 0 0 0 -2.50352 100 18 0 0 0 0 0 0 0 0 0 0 0
6500 -269.371 0 0 0 1.74869 100 30 5.29042 100 18 0 0 0 -3.12615 100 26 0 0 0 0 0 0 0 0 0 0 0
6600 -271.211 0 0 0 0.751743 100 13 1.61552 100 17 0 0 0 -2.46409 100 20 0 0 0 0 0 0 0 0 0 0 0
6700 -270.637 0 0 0 0.876334 100 20 3.02355 100 25 0 0 0 -2.25591 100 20 0 0 0 0 0 0 0 0 0 0 0
6800 -270.109 0 0 0 2.18649 100 22 4.49851 100 23 0 0 0 -3.29449 100 23 0 0 0 0 0 0 0 0 0 0 0
6900 -268.844 0 0 0 2.05847 100 18 5.52863 100 22 0 0 0 -3.10025 100 19 0 0 0 0 0 0 0 0 0 0 0
7000 -268.727 0 0 0 1.49215 100 21 2.89061 100 16 0 0 0 -2.65091 100 15 0 0 0 0 0 0 0 0 0 0 0
7100 -272.841 0 0 0 0.545696 100 22 -1.09986 100 14 0 0 0 -1.73357 100 18 0 0 0 0 0 0 0 0 0 0 0
7200 -269.44 0 0 0 1.04783 100 33 1.14107 100 18 0 0 0 -2.27288 100 19 0 0 0 0 0 0 0 0 0 0 0
7300 -269.498 0 0 0 1.50828 100 14 4.75763 100 14 0 0 0 -2.68775 100 17 0 0 0 0 0 0 0 0 0 0 0
7400 -269.927 0 0 0 2.43557 100 25 6.79308 100 24 0 0 0 -3.30942 100 23 0 0 0 0 0 0 0 0 0 0 0
7500 -269 0 0 0 2.09036 100 29 6.43522 100 22 0 0 0 -3.2212 100 19 0 0 0 0 0 0 0 0 0 0 0
7600 -271.209 0 0 0 2.02339 100 16 7.67817 100 19 0 0 0 -3.17516 100 20 0 0 0 0 0 0 0 0 0 0 0
7700 -268.759 0 0 0 1.81133 100 22 4.91778 100 30 0 0 0 -3.06757 100 12 0 0 0 0 0 0 0 0 0 0 0
7800 -269.186 0 0 0 2.26423 100 18 6.88299 100 24 0 0 0 -3.33345 100 20 0 0 0 0 0 0 0 0 0 0 0
7900 -269.613 0 0 0 1.84883 100 25 3.01888 100 14 0 0 0 -2.90789 100 13 0 0 0 0 0 0 0 0 0 0 0
8000 -269.327 0 0 0 1.23443 100 24 1.49449 100 24 0 0 0 -2.53881 100 24 0 0 0 0 0 0 0 0 0 0 0
8100 -269.227 0 0 0 1.34972 100 30 4.46844 100 19 0 0 0 -2.7779 100 16 0 0 0 0 0 0 0 0 0 0 0
8200 -269.516 0 0 0 2.20057 100 22 5.18532 100 22 0 0 0 -3.32171 100 19 0 0 0 0 0 0 0 0 0 0 0
8300 -268.611 0 0 0 1.53364 100 25 3.3589 100 20 0 0 0 -2.78348 100 17 0 0 0 0 0 0 0 0 0 0 0
8400 -268.814 0 0 0 1.50388 100 21 4.34253 100 23 0 0 0 -2.8645 100 18 0 0 0 0 0 0 0 0 0 0 0
8500 -269.053 0 0 0 2.04182 100 27 5.53037 100 27 0 0 0 -3.2513 100 22 0 0 0 0 0 0 0 0 0 0 0
8600 -269.207 0 0 0 1.87802 100 25 6.11367 100 24 0 0 0 -3.17544 100 17 0 0 0 0 0 0 0 0 0 0 0
8700 -269.144 0 0 0 0.93799 100 28 1.73455 100 22 0 0 0 -2.35184 100 24 0 0 0 0 0 0 0 0 0 0 0
8800 -273.583 0 0 0 3.50453 100 23 8.65135 100 18 0 0 0 -4.28356 100 18 0 0 0 0 0 0 0 0 0 0 0
8900 -270.824 0 0 0 2.17158 100 27 8.18719 100 21 0 0 0 -3.41717 100 22 0 0 0 0 0 0 0 0 0 0 0
9000 -269.216 0 0 0 1.6247 100 26 3.90932 100 18 0 0 0 -2.67579 100 21 0 0 0 0 0 0 0 0 0 0 0
9100 -269.491 0 0 0 1.713 100 27 5.09114 100 23 0 0 0 -2.79265 100 27 0 0 0 0 0 0 0 0 0 0 0
9200 -270.822 0 0 0 0.919705 100 20 2.02785 100 24 0 0 0 -2.12756 100 22 0 0 0 0 0 0 0 0 0 0 0
9300 -268.846 0 0 0 1.61549 100 17 3.20614 100 26 0 0 0 -2.71092 100 13 0 0 0 0 0 0 0 0 0 0 0
9400 -271.234 0 0 0 2.38732 100 14 8.8776 100 11 0 0 0 -3.63451 100 24 0 0 0 0 0 0 0 0 0 0 0
9500 -270.332 0 0 0 1.83043 100 27 2.38372 100 32 0 0 0 -2.83165 100 26 0 0 0 0 0 0 0 0 0 0 0
9600 -270.079 0 0 0 2.16965 100 22 4.01201 100 19 0 0 0 -3.10073 100 23 0 0 0 0 0 0 0 0 0 0 0
9700 -269.399 0 0 0 1.64707 100 20 3.66692 100 21 0 0 0 -2.98273 100 15 0 0 0 0 0 0 0 0 0 0 0
9800 -269.904 0 0 0 1.40549 100 31 1.86644 100 21 0 0 0 -2.44183 100 19 0 0 0 0 0 0 0 0 0 0 0
9900 -269.392 0 0 0 1.21134 100 29 3.12155 100 23 0 0 0 -2.70289 100 27 0 0 0 0 0 0 0 0 0 0 0
10000 -270.865 0 0 0 0.666323 100 23 -0.688177 100 24 0 0 0 -2.15865 100 13 0 0 0 0 0 0 0 0 0 0 0
10100 -269.484 0 0 0 0.90911 100 27 1.96175 100 22 0 0 0 -2.24395 100 20 0 0 0 0 0 0 0 0 0 0 0
10200 -269.214 0 0 0 2.35611 100 27 6.33398 100 17 0 0 0 -3.33706 100 20 0 0 0 0 0 0 0 0 0 0 0
10300 -269.012 0 0 0 1.25654 100 15 2.08123 100 17 0 0 0 -2.58945 100 23 0 0 0 0 0 0 0 0 0 0 0
10400 -272.845 0 0 0 0.995713 100 26 -1.17196 100 20 0 0 0 -2.39747 100 21 0 0 0 0 0 0 0 0 0 0 0
10500 -270.337 0 0 0 1.68122 100 27 1.84537 100 26 0 0 0 -2.78056 100 19 0 0 0 0 0 0 0 0 0 0 0
10600 -270.058 0 0 0 2.29472 100 23 7.71799 100 23 0 0 0 -3.53537 100 25 0 0 0 0 0 0 0 0 0 0 0
10700 -269.516 0 0 0 1.73122 100 30 5.09255 100 23 0 0 0 -2.79762 100 25 0 0 0 0 0 0 0 0 0 0 0
10800 -268.737 0 0 0 1.85164 100 25 5.47492 100 24 0 0 0 -3.08383 100 19 0 0 0 0 0 0 0 0 0 0 0
10900 -270.449 0 0 0 2.11391 100 26 6.00646 100 18 0 0 0 -3.00333 100 18 0 0 0 0 0 0 0 0 0 0 0
11000 -268.843 0 0 0 1.67122 100 29 3.4789 100 20 0 0 0 -2.8917 100 22 0 0 0 0 0 0 0 0 0 0 0
11100 -271.301 0 0 0 0.551638 100 21 -1.11063 100 16 0 0 0 -2.08292 100 15 0 0 0 0 0 0 0 0 0 0 0
11200 -269.37 0 0 0 0.96062 100 22 2.04028 100 23 0 0 0 -2.45677 100 15 0 0 0 0 0 0 0 0 0 0 0
11300 -271.149 0 0 0 2.05558 100 28 6.71147 100 22 0 0 0 -3.49478 100 22 0 0 0 0 0 0 0 0 0 0 0
11400 -270.864 0 0 0 1.28811 100 22 5.37545 100 14 0 0 0 -2.69948 100 15 0 0 0 0 0 0 0 0 0 0 0
11500 -269.276 0 0 0 1.71167 100 11 3.03137 100 23 0 0 0 -2.74002 100 18 0 0 0 0 0 0 0 0 0 0 0
11600 -271.616 0 0 0 1.09734 100 18 2.43373 100 21 0 0 0 -2.17844 100 32 0 0 0 0 0 0 0 0 0 0 0
11700 -270.604 0 0 0 0.912489 100 19 0.59309 100 16 0 0 0 -2.43563 100 14 0 0 0 0 0 0 0 0 0 0 0
11800 -268.631 0 0 0 1.50624 100 19 3.53563 100 18 0 0 0 -2.67326 100 15 0 0 0 0 0 0 0 0 0 0 0
11900 -271.01 0 0 0 2.58973 100 19 8.92027 100 20 0 0 0 -3.57913 100 20 0 0 0 0 0 0 0 0 0 0 0
12000 -272.621 0 0 0 2.28519 100 24 3.2584 100 16 0 0 0 -3.02728 100 19 0 0 0 0 0 0 0 0 0 0 0
12100 -269.316 0 0 0 1.54047 100 20 2.19794 100 29 0 0 0 -2.70468 100 17 0 0 0 0 0 0 0 0 0 0 0
12200 -269.583 0 0 0 1.71052 100 25 3.0356 100 22 0 0 0 -2.6938 100 17 0 0 0 0 0 0 0 0 0 0 0
12300 -269.761 0 0 0 1.9354 100 28 4.87336 100 21 0 0 0 -3.23987 100 24 0 0 0 0 0 0 0 0 0 0 0
12400 -272.677 0 0 0 0.577011 100 26 3.3534 100 24 0 0 0 -2.33925 100 23 0 0 0 0 0 0 0 0 0 0 0
12500 -269.511 0 0 0 1.53119 100 25 2.1647 100 20 0 0 0 -2.75257 100 20 0 0 0 0 0 0 0 0 0 0 0
12600 -269.978 0 0 0 1.434 100 15 2.1187 100 19 0 0 0 -2.45054 100 9 0 0 0 0 0 0 0 0 0 0 0
12700 -268.96 0 0 0 1.65722 100 18 4.96101 100 28 0 0 0 -2.8195 100 22 0 0 0 0 0 0 0 0 0 0 0
12800 -271.749 0 0 0 0.292599 100 21 0.92687 100 23 0 0 0 -1.98882 100 19 0 0 0 0 0 0 0 0 0 0 0
12900 -268.788 0 0 0 1.3832 100 22 3.1498 100 20 0 0 0 -2.56347 100 18 0 0 0 0 0 0 0 0 0 0 0
13000 -269.818 0 0 0 0.748612 100 23 2.00936 100 25 0 0 0 -2.27038 100 22 0 0 0 0 0 0 0 0 0 0 0
13100 -269.933 0 0 0 0.696851 100 23 0.602691 100 19 0 0 0 -2.07112 100 16 0 0 0 0 0 0 0 0 0 0 0
13200 -269.653 0 0 0 0.814842 100 25 0.712969 100 14 0 0 0 -2.14723 100 22 0 0 0 0 0 0 0 0 0 0 0
13300 -269.672 0 0 0 1.26802 100 23 2.65827 100 21 0 0 0 -2.73876 100 20 0 0 0 0 0 0 0 0 0 0 0
13400 -269.072 0 0 0 1.43485 100 20 2.1275 100 15 0 0 0 -2.60078 100 16 0 0 0 0 0 0 0 0 0 0 0
13500 -269.766 0 0 0 1.07623 100 20 2.55083 100 16 0 0 0 -2.29631 100 18 0 0 0 0 0 0 0 0 0 0 0
13600 -272.056 0 0 0 0.932133 100 24 -0.769691 100 19 0 0 0 -2.38106 100 19 0 0 0 0 0 0 0 0 0 0 0
13700 -269.517 0 0 0 1.50667 100 15 4.00254 100 19 0 0 0 -2.59726 100 16 0 0 0 0 0 0 0 0 0 0 0
13800 -271.383 0 0 0 0.422695 100 28 0.782811 100 24 0 0 0 -1.9014 100 17 0 0 0 0 0 0 0 0 0 0 0
13900 -269.457 0 0 0 0.82838 100 27 1.02431 100 23 0 0 0 -2.19916 100 23 0 0 0 0 0 0 0 0 0 0 0
14000 -269.567 0 0 0 1.90305 100 20 3.7767 100 14 0 0 0 -2.84843 100 13 0 0 0 0 0 0 0 0 0 0 0
14100 -269.073 0 0 0 2.16464 100 19 5.25472 100 24 0 0 0 -3.24242 100 20 0 0 0 0 0 0 0 0 0 0 0
14200 -269.187 0 0 0 2.12512 100 19 6.73711 100 26 0 0 0 -3.31049 100 16 0 0 0 0 0 0 0 0 0 0 0
14300 -268.781 0 0 0 1.89466 100 24 4.28675 100 21 0 0 0 -3.01832 100 16 0 0 0 0 0 0 0 0 0 0 0
14400 -269.25 0 0 0 1.32803 100 27 1.83967 100 21 0 0 0 -2.61457 100 20 0 0 0 0 0 0 0 0 0 0 0
14500 -270.198 0 0 0 2.10507 100 26 4.43316 100 19 0 0 0 -2.95746 100 20 0 0 0 0 0 0 0 0 0 0 0
14600 -269.803 0 0 0 1.89744 100 30 5.71672 100 16 0 0 0 -2.91284 100 11 0 0 0 0 0 0 0 0 0 0 0
14700 -270.24 0 0 0 0.961707 100 18 0.0147916 100 17 0 0 0 -2.31713 100 23 0 0 0 0 0 0 0 0 0 0 0
14800 -273.312 0 0 0 0.406545 100 27 1.49198 100 22 0 0 0 -2.32747 100 20 0 0 0 0 0 0 0 0 0 0 0
14900 -269.01 0 0 0 1.26003 100 22 2.05299 100 17 0 0 0 -2.44653 100 20 0 0 0 0 0 0 0 0 0 0 0
15000 -270.769 0 0 0 0.484337 100 24 -0.8005 100 29 0 0 0 -1.97581 100 17 0 0 0 0 0 0 0 0 0 0 0
15100 -268.668 0 0 0 1.25365 100 24 2.65756 100 22 0 0 0 -2.53952 100 23 0 0 0 0 0 0 0 0 0 0 0
15200 -270.845 0 0 0 1.85772 100 29 4.14627 100 16 0 0 0 -3.22742 100 18 0 0 0 0 0 0 0 0 0 0 0
15300 -269.584 0 0 0 1.56471 100 23 2.89857 100 19 0 0 0 -2.88789 100 12 0 0 0 0 0 0 0 0 0 0 0
15400 -268.705 0 0 0 1.46816 100 18 2.91418 100 15 0 0 0 -2.72097 100 14 0 0 0 0 0 0 0 0 0 0 0
15500 -268.611 0 0 0 1.63797 100 26 3.92933 100 20 0 0 0 -2.88976 100 21 0 0 0 0 0 0 0 0 0 0 0
15600 -269.854 0 0 0 2.54387 100 22 7.99144 100 18 0 0 0 -3.63459 100 16 0 0 0 0 0 0 0 0 0 0 0
15700 -271.06 0 0 0 2.67125 100 22 5.8301 100 29 0 0 0 -3.4429 100 20 0 0 0 0 0 0 0 0 0 0 0
15800 -269.263 0 0 0 2.2708 100 27 5.85533 100 18 0 0 0 -3.37041 100 16 0 0 0 0 0 0 0 0 0 0 0
15900 -270.595 0 0 0 0.628179 100 20 -0.451026 100 22 0 0 0 -2.13477 100 20 0 0 0 0 0 0 0 0 0 0 0
16000 -268.821 0 0 0 1.52258 100 31 4.07074 100 20 0 0 0 -2.68574 100 21 0 0 0 0 0 0 0 0 0 0 0
16100 -271.55 0 0 0 0.259628 100 32 0.0460427 100 21 0 0 0 -1.85563 100 15 0 0 0 0 0 0 0 0 0 0 0
16200 -268.649 0 0 0 1.44257 100 23 4.05162 100 23 0 0 0 -2.76652 100 17 0 0 0 0 0 0 0 0 0 0 0
16300 -268.974 0 0 0 1.44403 100 23 2.39106 100 24 0 0 0 -2.68415 100 20 0 0 0 0 0 0 0 0 0 0 0
16400 -268.804 0 0 0 1.34941 100 28 2.45811 100 22 0 0 0 -2.53894 100 22 0 0 0 0 0 0 0 0 0 0 0
16500 -269.656 0 0 0 2.21961 100 29 6.65096 100 16 0 0 0 -3.45844 100 20 0 0 0 0 0 0 0 0 0 0 0
16600 -269.165 0 0 0 2.12115 100 18 6.10698 100 24 0 0 0 -3.13315 100 10 0 0 0 0 0 0 0 0 0 0 0
16700 -268.82 0 0 0 1.52436 100 26 4.20498 100 21 0 0 0 -2.70146 100 15 0 0 0 0 0 0 0 0 0 0 0
16800 -269.27 0 0 0 1.05122 100 25 1.57991 100 25 0 0 0 -2.2933 100 20 0 0 0 0 0 0 0 0 0 0 0
16900 -271.135 0 0 0 1.95524 100 20 2.79091 100 19 0 0 0 -3.09832 100 20 0 0 0 0 0 0 0 0 0 0 0
17000 -268.878 0 0 0 2.03911 100 30 5.18217 100 20 0 0 0 -3.06133 100 21 0 0 0 0 0 0 0 0 0 0 0
17100 -269.067 0 0 0 1.21639 100 21 1.70831 100 15 0 0 0 -2.51537 100 21 0 0 0 0 0 0 0 0 0 0 0
17200 -270.198 0 0 0 1.39886 100 16 4.30222 100 24 0 0 0 -2.9469 100 22 0 0 0 0 0 0 0 0 0 0 0
17300 -270.017 0 0 0 1.23322 100 21 2.06497 100 26 0 0 0 -2.31693 100 18 0 0 0 0 0 0 0 0 0 0 0
17400 -268.577 0 0 0 1.69685 100 18 4.49666 100 29 0 0 0 -2.94719 100 21 0 0 0 0 0 0 0 0 0 0 0
17500 -268.715 0 0 0 1.38412 100 26 3.57022 100 25 0 0 0 -2.74242 100 19 0 0 0 0 0 0 0 0 0 0 0
17600 -270.071 0 0 0 1.31933 100 23 4.95168 100 27 0 0 0 -2.8427 100 20 0 0 0 0 0 0 0 0 0 0 0
17700 -270.825 0 0 0 1.53368 100 18 3.84957 100 20 0 0 0 -2.51369 100 11 0 0 0 0 0 0 0 0 0 0 0
17800 -272.283 0 0 0 2.53384 100 20 5.64858 100 22 0 0 0 -3.19267 100 18 0 0 0 0 0 0 0 0 0 0 0
17900 -268.956 0 0 0 1.13785 100 18 2.18086 100 18 0 0 0 -2.39472 100 17 0 0 0 0 0 0 0 0 0 0 0
18000 -268.821 0 0 0 2.00862 100 16 5.96525 100 19 0 0 0 -3.1384 100 16 0 0 0 0 0 0 0 0 0 0 0
18100 -269.444 0 0 0 2.47714 100 15 7.25725 100 23 0 0 0 -3.52381 100 21 0 0 0 0 0 0 0 0 0 0 0
18200 -268.912 0 0 0 1.52447 100 21 4.6993 100 26 0 0 0 -2.76606 100 24 0 0 0 0 0 0 0 0 0 0 0
18300 -271.413 0 0 0 2.28545 100 27 8.56608 100 25 0 0 0 -3.40211 100 20 0 0 0 0 0 0 0 0 0 0 0
18400 -269.056 0 0 0 1.59727 100 20 4.10329 100 23 0 0 0 -2.69016 100 27 0 0 0 0 0 0 0 0 0 0 0
18500 -270.552 0 0 0 1.49391 100 17 2.20192 100 28 0 0 0 -2.86575 100 28 0 0 0 0 0 0 0 0 0 0 0
18600 -268.505 0 0 0 1.56361 100 22 3.72725 100 16 0 0 0 -2.75733 100 23 0 0 0 0 0 0 0 0 0 0 0
18700 -269.18 0 0 0 1.29843 100 22 3.82261 100 27 0 0 0 -2.55158 100 14 0 0 0 0 0 0 0 0 0 0 0
18800 -269.28 0 0 0 1.31485 100 26 3.27639 100 26 0 0 0 -2.48139 100 24 0 0 0 0 0 0 0 0 0 0 0
18900 -269.792 0 0 0 1.35148 100 26 1.15799 100 20 0 0 0 -2.50402 100 15 0 0 0 0 0 0 0 0 0 0 0
19000 -268.701 0 0 0 1.8462 100 23 4.98103 100 25 0 0 0 -2.94335 100 19 0 0 0 0 0 0 0 0 0 0 0
19100 -268.633 0 0 0 1.46954 100 31 3.38208 100 15 0 0 0 -2.76691 100 18 0 0 0 0 0 0 0 0 0 0 0
19200 -269.089 0 0 0 2.08031 100 21 5.56942 100 19 0 0 0 -3.07274 100 19 0 0 0 0 0 0 0 0 0 0 0
19300 -269.201 0 0 0 2.34167 100 19 6.45577 100 15 0 0 0 -3.41563 100 21 0 0 0 0 0 0 0 0 0 0 0
19400 -269.115 0 0 0 2.00586 100 24 5.16153 100 18 0 0 0 -2.99352 100 16 0 0 0 0 0 0 0 0 0 0 0
19500 -271.223 0 0 0 1.35578 100 28 1.91671 100 33 0 0 0 -2.82829 100 11 0 0 0 0 0 0 0 0 0 0 0
19600 -269.629 0 0 0 2.22789 100 29 6.74307 100 22 0 0 0 -3.20566 100 24 0 0 0 0 0 0 0 0 0 0 0
19700 -269.259 0 0 0 1.13043 100 25 2.82151 100 21 0 0 0 -2.38933 100 19 0 0 0 0 0 0 0 0 0 0 0
19800 -269.21 0 0 0 2.31919 100 28 6.53546 100 17 0 0 0 -3.30759 100 16 0 0 0 0 0 0 0 0 0 0 0
19900 -268.605 0 0 0 1.73739 100 26 5.00838 100 22 0 0 0 -2.94212 100 19 0 0 0 0 0 0 0 0 0 0 0
20000 -268.713 0 0 0 1.27767 100 27 2.44307 100 19 0 0 0 -2.53132 100 16 0 0 0 0 0 0 0 0 0 0 0
20100 -269.542 0 0 0 1.54473 100 29 1.96964 100 20 0 0 0 -2.67435 100 22 0 0 0 0 0 0 0 0 0 0 0
20200 -269.667 0 0 0 0.985284 100 21 0.715901 100 24 0 0 0 -2.22048 100 21 0 0 0 0 0 0 0 0 0 0 0
20300 -268.906 0 0 0 1.4986 100 23 3.44042 100 19 0 0 0 -2.61754 100 18 0 0 0 0 0 0 0 0 0 0 0
20400 -268.862 0 0 0 1.9743 100 25 4.88211 100 23 0 0 0 -3.00055 100 16 0 0 0 0 0 0 0 0 0 0 0
20500 -271.168 0 0 0 1.54155 100 27 4.90056 100 12 0 0 0 -3.1275 100 14 0 0 0 0 0 0 0 0 0 0 0
20600 -269.183 0 0 0 1.89051 100 25 6.25589 100 11 0 0 0 -3.15257 100 18 0 0 0 0 0 0 0 0 0 0 0
20700 -269.079 0 0 0 2.26712 100 33 6.21649 100 30 0 0 0 -3.27088 100 12 0 0 0 0 0 0 0 0 0 0 0
20800 -270.095 0 0 0 1.28965 100 23 2.35573 100 23 0 0 0 -2.35121 100 20 0 0 0 0 0 0 0 0 0 0 0
20900 -269.293 0 0 0 1.25045 100 24 4.15642 100 24 0 0 0 -2.61736 100 22 0 0 0 0 0 0 0 0 0 0 0
21000 -268.803 0 0 0 1.38098 100 33 2.90162 100 20 0 0 0 -2.55111 100 23 0 0 0 0 0 0 0 0 0 0 0
21100 -268.944 0 0 0 1.69353 100 25 3.82705 100 20 0 0 0 -2.74768 100 20 0 0 0 0 0 0 0 0 0 0 0
21200 -271.21 0 0 0 2.25751 100 27 8.60053 100 27 0 0 0 -3.48573 100 20 0 0 0 0 0 0 0 0 0 0 0
21300 -269.942 0 0 0 1.9719 100 20 5.18533 100 19 0 0 0 -2.8952 100 25 0 0 0 0 0 0 0 0 0 0 0
21400 -273.67 0 0 0 2.83116 100 32 9.37535 100 23 0 0 0 -4.15441 100 14 0 0 0 0 0 0 0 0 0 0 0
21500 -271.196 0 0 0 3.12341 100 13 8.90008 100 13 0 0 0 -4.03602 100 17 0 0 0 0 0 0 0 0 0 0 0
21600 -270.21 0 0 0 2.72711 100 30 8.56511 100 16 0 0 0 -3.75338 100 27 0 0 0 0 0 0 0 0 0 0 0
21700 -270.084 0 0 0 2.37917 100 23 7.90887 100 17 0 0 0 -3.41064 100 15 0 0 0 0 0 0 0 0 0 0 0
21800 -269.696 0 0 0 2.53531 100 22 6.54307 100 27 0 0 0 -3.43793 100 23 0 0 0 0 0 0 0 0 0 0 0
21900 -270.806 0 0 0 2.08946 100 20 5.77819 100 16 0 0 0 -3.45088 100 26 0 0 0 0 0 0 0 0 0 0 0
22000 -268.921 0 0 0 2.18734 100 22 5.8176 100 19 0 0 0 -3.22464 100 30 0 0 0 0 0 0 0 0 0 0 0
22100 -269.913 0 0 0 2.52158 100 20 6.27672 100 21 0 0 0 -3.38123 100 26 0 0 0 0 0 0 0 0 0 0 0
22200 -270.212 0 0 0 1.69492 100 24 6.43262 100 17 0 0 0 -2.98731 100 24 0 0 0 0 0 0 0 0 0 0 0
22300 -269.829 0 0 0 1.50479 100 31 1.59103 100 22 0 0 0 -2.61907 100 23 0 0 0 0 0 0 0 0 0 0 0
22400 -268.841 0 0 0 1.78865 100 27 3.77896 100 21 0 0 0 -2.94949 100 19 0 0 0 0 0 0 0 0 0 0 0
22500 -269.957 0 0 0 0.886413 100 24 3.07738 100 15 0 0 0 -2.38685 100 20 0 0 0 0 0 0 0 0 0 0 0
22600 -269.221 0 0 0 1.24277 100 25 2.69584 100 22 0 0 0 -2.67958 100 16 0 0 0 0 0 0 0 0 0 0 0
22700 -270.003 0 0 0 0.640545 100 17 0.440614 100 22 0 0 0 -2.0577 100 11 0 0 0 0 0 0 0 0 0 0 0
22800 -269.687 0 0 0 1.96542 100 21 3.56448 100 23 0 0 0 -3.05908 100 23 0 0 0 0 0 0 0 0 0 0 0
22900 -268.967 0 0 0 1.24515 100 20 3.70313 100 23 0 0 0 -2.65543 100 18 0 0 0 0 0 0 0 0 0 0 0
23000 -268.856 0 0 0 1.82152 100 22 5.67729 100 18 0 0 0 -3.02182 100 14 0 0 0 0 0 0 0 0 0 0 0
23100 -269.315 0 0 0 2.07457 100 25 4.32487 100 24 0 0 0 -3.06659 100 20 0 0 0 0 0 0 0 0 0 0 0
23200 -269.705 0 0 0 2.12939 100 18 5.76518 100 27 0 0 0 -3.38023 100 29 0 0 0 0 0 0 0 0 0 0 0
23300 -271.716 0 0 0 2.8934 100 22 9.96005 100 24 0 0 0 -4.01377 100 20 0 0 0 0 0 0 0 0 0 0 0
23400 -269.589 0 0 0 0.979552 100 26 0.891448 100 20 0 0 0 -2.3851 100 24 0 0 0 0 0 0 0 0 0 0 0
23500 -269.208 0 0 0 1.19731 100 22 3.64107 100 25 0 0 0 -2.66481 100 17 0 0 0 0 0 0 0 0 0 0 0
23600 -268.971 0 0 0 1.6392 100 21 4.41558 100 21 0 0 0 -2.98492 100 18 0 0 0 0 0 0 0 0 0 0 0
23700 -270.73 0 0 0 2.79107 100 16 8.31314 100 19 0 0 0 -3.87955 100 13 0 0 0 0 0 0 0 0 0 0 0
23800 -269.631 0 0 0 1.26498 100 26 4.38401 100 19 0 0 0 -2.76573 100 19 0 0 0 0 0 0 0 0 0 0 0
23900 -271.284 0 0 0 1.6468 100 16 1.16855 100 18 0 0 0 -2.62463 100 17 0 0 0 0 0 0 0 0 0 0 0
24000 -268.806 0 0 0 1.49468 100 32 4.22405 100 16 0 0 0 -2.8568 100 19 0 0 0 0 0 0 0 0 0 0 0
24100 -270.597 0 0 0 1.8401 100 19 4.03806 100 23 0 0 0 -3.19362 100 17 0 0 0 0 0 0 0 0 0 0 0
24200 -269.179 0 0 0 0.959457 100 17 2.23137 100 16 0 0 0 -2.33859 100 18 0 0 0 0 0 0 0 0 0 0 0
24300 -268.692 0 0 0 1.63771 100 17 3.35915 100 26 0 0 0 -2.81562 100 24 0 0 0 0 0 0 0 0 0 0 0
24400 -268.562 0 0 0 1.44235 100 31 3.10798 100 22 0 0 0 -2.67928 100 15 0 0 0 0 0 0 0 0 0 0 0
24500 -269.974 0 0 0 2.32674 100 16 6.56258 100 15 0 0 0 -3.21193 100 17 0 0 0 0 0 0 0 0 0 0 0
24600 -268.705 0 0 0 1.79605 100 26 4.11651 100 23 0 0 0 -2.87773 100 23 0 0 0 0 0 0 0 0 0 0 0
24700 -269.213 0 0 0 1.02351 100 26 2.70881 100 24 0 0 0 -2.38213 100 14 0 0 0 0 0 0 0 0 0 0 0
24800 -270.25 0 0 0 1.03928 100 21 3.39769 100 21 0 0 0 -2.65845 100 28 0 0 0 0 0 0 0 0 0 0 0
24900 -269.893 0 0 0 2.35723 100 28 6.3448 100 22 0 0 0 -3.5245 100 16 0 0 0 0 0 0 0 0 0 0 0
25000 -269.174 0 0 0 1.34464 100 27 4.47181 100 15 0 0 0 -2.70769 100 20 0 0 0 0 0 0 0 0 0 0 0
25100 -269.398 0 0 0 1.43235 100 17 2.93901 100 14 0 0 0 -2.81993 100 19 0 0 0 0 0 0 0 0 0 0 0
25200 -270.886 0 0 0 2.02994 100 20 4.63392 100 26 0 0 0 -2.85007 100 17 0 0 0 0 0 0 0 0 0 0 0
25300 -269.809 0 0 0 1.17023 100 25 4.33439 100 19 0 0 0 -2.63335 100 20 0 0 0 0 0 0 0 0 0 0 0
25400 -270.281 0 0 0 1.19902 100 22 0.76293 100 24 0 0 0 -2.5391 100 19 0 0 0 0 0 0 0 0 0 0 0
25500 -269.948 0 0 0 0.811187 100 20 1.88199 100 12 0 0 0 -2.16742 100 28 0 0 0 0 0 0 0 0 0 0 0
25600 -270.033 0 0 0 0.919675 100 23 0.441625 100 18 0 0 0 -2.13829 100 22 0 0 0 0 0 0 0 0 0 0 0
25700 -270.871 0 0 0 2.26345 100 25 3.80825 100 19 0 0 0 -3.17245 100 20 0 0 0 0 0 0 0 0 0 0 0
25800 -268.516 0 0 0 1.44622 100 26 3.55503 100 29 0 0 0 -2.70933 100 21 0 0 0 0 0 0 0 0 0 0 0
25900 -269.34 0 0 0 1.69037 100 14 4.65948 100 9 0 0 0 -3.0681 100 26 0 0 0 0 0 0 0 0 0 0 0
26000 -268.61 0 0 0 1.9014 100 14 5.13946 100 22 0 0 0 -3.06838 100 19 0 0 0 0 0 0 0 0 0 0 0
26100 -269.456 0 0 0 1.18979 100 22 2.71764 100 20 0 0 0 -2.37502 100 15 0 0 0 0 0 0 0 0 0 0 0
26200 -268.824 0 0 0 1.74952 100 27 4.27995 100 17 0 0 0 -3.00859 100 21 0 0 0 0 0 0 0 0 0 0 0
26300 -269.083 0 0 0 1.63318 100 18 2.76893 100 26 0 0 0 -2.78643 100 24 0 0 0 0 0 0 0 0 0 0 0
26400 -271.692 0 0 0 0.488181 100 25 1.22564 100 25 0 0 0 -1.91989 100 17 0 0 0 0 0 0 0 0 0 0 0
26500 -268.67 0 0 0 1.64755 100 24 4.41569 100 25 0 0 0 -2.79597 100 15 0 0 0 0 0 0 0 0 0 0 0
26600 -270.155 0 0 0 1.41271 100 19 2.72761 100 22 0 0 0 -2.85808 100 15 0 0 0 0 0 0 0 0 0 0 0
26700 -268.703 0 0 0 1.84988 100 26 4.47339 100 23 0 0 0 -3.03284 100 27 0 0 0 0 0 0 0 0 0 0 0
26800 -270.445 0 0 0 0.6449 100 22 2.12727 100 17 0 0 0 -2.2361 100 16 0 0 0 0 0 0 0 0 0 0 0
26900 -270.478 0 0 0 1.32343 100 27 4.1242 100 18 0 0 0 -2.91171 100 21 0 0 0 0 0 0 0 0 0 0 0
27000 -268.675 0 0 0 1.46524 100 24 3.99101 100 12 0 0 0 -2.68907 100 27 0 0 0 0 0 0 0 0 0 0 0
27100 -269.109 0 0 0 1.64736 100 21 5.43977 100 22 0 0 0 -2.89859 100 18 0 0 0 0 0 0 0 0 0 0 0
27200 -268.779 0 0 0 1.51283 100 23 4.23256 100 15 0 0 0 -2.86567 100 20 0 0 0 0 0 0 0 0 0 0 0
27300 -269.731 0 0 0 1.97906 100 21 3.58134 100 14 0 0 0 -2.93288 100 13 0 0 0 0 0 0 0 0 0 0 0
27400 -270.964 0 0 0 1.41692 100 29 4.17366 100 17 0 0 0 -2.48416 100 15 0 0 0 0 0 0 0 0 0 0 0
27500 -269.598 0 0 0 1.35693 100 23 1.41004 100 16 0 0 0 -2.4864 100 22 0 0 0 0 0 0 0 0 0 0 0
27600 -270.912 0 0 0 2.02946 100 25 3.0157 100 18 0 0 0 -3.11033 100 25 0 0 0 0 0 0 0 0 0 0 0
27700 -268.819 0 0 0 1.77852 100 25 5.51801 100 22 0 0 0 -3.03388 100 23 0 0 0 0 0 0 0 0 0 0 0
27800 -268.823 0 0 0 2.06063 100 17 5.95801 100 15 0 0 0 -3.21642 100 20 0 0 0 0 0 0 0 0 0 0 0
27900 -268.564 0 0 0 1.45529 100 18 3.53042 100 27 0 0 0 -2.74981 100 21 0 0 0 0 0 0 0 0 0 0 0
28000 -270.145 0 0 0 1.04085 100 20 4.02079 100 19 0 0 0 -2.56492 100 21 0 0 0 0 0 0 0 0 0 0 0
28100 -269.139 0 0 0 1.64321 100 25 3.41914 100 21 0 0 0 -2.92532 100 24 0 0 0 0 0 0 0 0 0 0 0
28200 -269.946 0 0 0 1.03833 100 21 0.389058 100 20 0 0 0 -2.36732 100 24 0 0 0 0 0 0 0 0 0 0 0
28300 -270.7 0 0 0 0.468953 100 21 0.475064 100 23 0 0 0 -1.95228 100 27 0 0 0 0 0 0 0 0 0 0 0
28400 -268.913 0 0 0 1.68888 100 22 3.33597 100 22 0 0 0 -2.76157 100 18 0 0 0 0 0 0 0 0 0 0 0
28500 -268.893 0 0 0 1.21319 100 26 3.27949 100 23 0 0 0 -2.62495 100 19 0 0 0 0 0 0 0 0 0 0 0
28600 -269.016 0 0 0 1.90113 100 29 4.39121 100 16 0 0 0 -3.09621 100 26 0 0 0 0 0 0 0 0 0 0 0
28700 -268.624 0 0 0 1.87569 100 20 4.97711 100 18 0 0 0 -2.9841 100 19 0 0 0 0 0 0 0 0 0 0 0
28800 -268.965 0 0 0 1.71778 100 21 4.1412 100 17 0 0 0 -3.00485 100 14 0 0 0 0 0 0 0 0 0 0 0
28900 -269.814 0 0 0 0.994333 100 19 2.65125 100 23 0 0 0 -2.28504 100 26 0 0 0 0 0 0 0 0 0 0 0
29000 -269.385 0 0 0 0.926949 100 31 2.29297 100 31 0 0 0 -2.30132 100 17 0 0 0 0 0 0 0 0 0 0 0
29100 -270.22 0 0 0 1.22055 100 28 1.01966 100 21 0 0 0 -2.29887 100 16 0 0 0 0 0 0 0 0 0 0 0
29200 -269.699 0 0 0 0.834004 100 19 2.42757 100 15 0 0 0 -2.30749 100 17 0 0 0 0 0 0 0 0 0 0 0
29300 -268.753 0 0 0 1.30325 100 29 2.9564 100 33 0 0 0 -2.52798 100 21 0 0 0 0 0 0 0 0 0 0 0
29400 -270.322 0 0 0 1.20094 100 24 1.76225 100 20 0 0 0 -2.67891 100 18 0 0 0 0 0 0 0 0 0 0 0
29500 -269.249 0 0 0 1.1617 100 21 3.72961 100 15 0 0 0 -2.60459 100 12 0 0 0 0 0 0 0 0 0 0 0
29600 -269.76 0 0 0 1.5507 100 23 2.50358 100 25 0 0 0 -2.55407 100 15 0 0 0 0 0 0 0 0 0 0 0
29700 -269.466 0 0 0 1.2934 100 30 1.73864 100 15 0 0 0 -2.62515 100 22 0 0 0 0 0 0 0 0 0 0 0
29800 -270.084 0 0 0 1.30199 100 25 2.11397 100 17 0 0 0 -2.35292 100 17 0 0 0 0 0 0 0 0 0 0 0
29900 -269.375 0 0 0 1.83571 100 18 3.52324 100 23 0 0 0 -2.81938 100 21 0 0 0 0 0 0 0 0 0 0 0
30000 -268.697 0 0 0 2.00549 100 31 5.53893 100 17 0 0 0 -3.11645 100 13 0 0 0 0 0 0 0 0 0 0 0
30100 -269.696 0 0 0 1.68834 100 22 3.0278 100 23 0 0 0 -2.66194 100 26 0 0 0 0 0 0 0 0 0 0 0
30200 -269.245 0 0 0 1.37803 100 22 2.8756 100 18 0 0 0 -2.77138 100 21 0 0 0 0 0 0 0 0 0 0 0
30300 -268.986 0 0 0 2.16664 100 19 5.40488 100 20 0 0 0 -3.17797 100 19 0 0 0 0 0 0 0 0 0 0 0
30400 -269.672 0 0 0 1.25162 100 29 2.08672 100 23 0 0 0 -2.35631 100 13 0 0 0 0 0 0 0 0 0 0 0
30500 -269.525 0 0 0 2.00296 100 20 4.99444 100 16 0 0 0 -2.93975 100 19 0 0 0 0 0 0 0 0 0 0 0
30600 -268.834 0 0 0 1.11041 100 23 2.45204 100 21 0 0 0 -2.45656 100 25 0 0 0 0 0 0 0 0 0 0 0
30700 -268.606 0 0 0 1.71734 100 27 4.88859 100 18 0 0 0 -2.96651 100 16 0 0 0 0 0 0 0 0 0 0 0
30800 -268.771 0 0 0 1.59132 100 24 3.12469 100 18 0 0 0 -2.7969 100 16 0 0 0 0 0 0 0 0 0 0 0
30900 -272.183 0 0 0 1.04336 100 25 5.13935 100 21 0 0 0 -2.71896 100 12 0 0 0 0 0 0 0 0 0 0 0
31000 -269.664 0 0 0 1.48499 100 24 2.27196 100 14 0 0 0 -2.5172 100 21 0 0 0 0 0 0 0 0 0 0 0
31100 -270.044 0 0 0 1.84532 100 22 2.64293 100 17 0 0 0 -2.86984 100 17 0 0 0 0 0 0 0 0 0 0 0
31200 -269.49 0 0 0 1.86666 100 21 3.23339 100 19 0 0 0 -2.94926 100 17 0 0 0 0 0 0 0 0 0 0 0
31300 -269.749 0 0 0 1.30059 100 26 1.52231 100 22 0 0 0 -2.6307 100 12 0 0 0 0 0 0 0 0 0 0 0
31400 -270.047 0 0 0 1.62793 100 22 6.08379 100 26 0 0 0 -2.91697 100 14 0 0 0 0 0 0 0 0 0 0 0
31500 -269.819 0 0 0 1.87991 100 23 3.5569 100 28 0 0 0 -3.0821 100 19 0 0 0 0 0 0 0 0 0 0 0
31600 -269.418 0 0 0 1.46768 100 12 3.79053 100 19 0 0 0 -2.57136 100 19 0 0 0 0 0 0 0 0 0 0 0
31700 -271.595 0 0 0 2.1995 100 23 3.37421 100 19 0 0 0 -3.2495 100 17 0 0 0 0 0 0 0 0 0 0 0
31800 -270.395 0 0 0 2.31473 100 20 5.5639 100 21 0 0 0 -3.48755 100 18 0 0 0 0 0 0 0 0 0 0 0
31900 -268.577 0 0 0 1.66938 100 28 4.38941 100 23 0 0 0 -2.92803 100 19 0 0 0 0 0 0 0 0 0 0 0
32000 -269.108 0 0 0 1.13109 100 25 2.9928 100 24 0 0 0 -2.43332 100 18 0 0 0 0 0 0 0 0 0 0 0
32100 -269.921 0 0 0 1.1012 100 21 0.498156 100 22 0 0 0 -2.29346 100 14 0 0 0 0 0 0 0 0 0 0 0
32200 -271.117 0 0 0 1.57845 100 21 2.51423 100 19 0 0 0 -2.47628 100 20 0 0 0 0 0 0 0 0 0 0 0
32300 -269.066 0 0 0 1.19984 100 24 1.59366 100 21 0 0 0 -2.44691 100 22 0 0 0 0 0 0 0 0 0 0 0
32400 -270.025 0 0 0 0.723544 100 22 1.36166 100 25 0 0 0 -2.31009 100 22 0 0 0 0 0 0 0 0 0 0 0
32500 -269.35 0 0 0 1.57052 100 16 5.09717 100 23 0 0 0 -2.99049 100 22 0 0 0 0 0 0 0 0 0 0 0
32600 -268.876 0 0 0 1.166 100 22 1.92793 100 19 0 0 0 -2.46749 100 21 0 0 0 0 0 0 0 0 0 0 0
32700 -269.366 0 0 0 1.55247 100 18 5.31341 100 19 0 0 0 -2.95495 100 23 0 0 0 0 0 0 0 0 0 0 0
32800 -268.605 0 0 0 1.69659 100 28 3.75023 100 23 0 0 0 -2.84309 100 20 0 0 0 0 0 0 0 0 0 0 0
32900 -268.969 0 0 0 2.17486 100 18 6.11992 100 21 0 0 0 -3.21048 100 17 0 0 0 0 0 0 0 0 0 0 0
33000 -269.39 0 0 0 2.38826 100 26 6.15521 100 14 0 0 0 -3.43054 100 17 0 0 0 0 0 0 0 0 0 0 0
33100 -270.257 0 0 0 2.57785 100 14 6.99585 100 27 0 0 0 -3.39971 100 21 0 0 0 0 0 0 0 0 0 0 0
33200 -271.136 0 0 0 2.47876 100 23 8.28715 100 23 0 0 0 -3.76414 100 17 0 0 0 0 0 0 0 0 0 0 0
33300 -269.211 0 0 0 2.23364 100 26 6.6559 100 13 0 0 0 -3.26068 100 24 0 0 0 0 0 0 0 0 0 0 0
33400 -269.48 0 0 0 1.24367 100 19 1.20201 100 15 0 0 0 -2.42615 100 23 0 0 0 0 0 0 0 0 0 0 0
33500 -268.899 0 0 0 1.66151 100 28 4.58095 100 16 0 0 0 -2.9944 100 20 0 0 0 0 0 0 0 0 0 0 0
33600 -268.562 0 0 0 1.7742 100 17 4.59961 100 15 0 0 0 -2.98262 100 21 0 0 0 0 0 0 0 0 0 0 0
33700 -268.837 0 0 0 1.26702 100 20 2.13271 100 21 0 0 0 -2.5007 100 12 0 0 0 0 0 0 0 0 0 0 0
33800 -269.924 0 0 0 1.24988 100 23 4.74139 100 28 0 0 0 -2.72901 100 16 0 0 0 0 0 0 0 0 0 0 0
33900 -269.702 0 0 0 0.744852 100 26 0.578782 100 20 0 0 0 -2.1385 100 15 0 0 0 0 0 0 0 0 0 0 0
34000 -269.751 0 0 0 1.40613 100 17 1.40269 100 25 0 0 0 -2.60497 100 19 0 0 0 0 0 0 0 0 0 0 0
34100 -268.545 0 0 0 1.80778 100 26 4.85636 100 20 0 0 0 -2.99237 100 10 0 0 0 0 0 0 0 0 0 0 0
34200 -268.59 0 0 0 1.3951 100 28 3.67887 100 24 0 0 0 -2.70345 100 17 0 0 0 0 0 0 0 0 0 0 0
34300 -269.804 0 0 0 2.03692 100 24 6.15159 100 25 0 0 0 -3.02482 100 22 0 0 0 0 0 0 0 0 0 0 0
34400 -269.536 0 0 0 0.839287 100 25 0.690268 100 20 0 0 0 -2.19579 100 21 0 0 0 0 0 0 0 0 0 0 0
34500 -269.815 0 0 0 0.985729 100 22 0.392673 100 19 0 0 0 -2.32409 100 18 0 0 0 0 0 0 0 0 0 0 0
34600 -269.812 0 0 0 2.12077 100 29 4.53632 100 21 0 0 0 -3.0092 100 21 0 0 0 0 0 0 0 0 0 0 0
34700 -269.245 0 0 0 1.06375 100 26 3.02754 100 21 0 0 0 -2.545 100 8 0 0 0 0 0 0 0 0 0 0 0
34800 -269.822 0 0 0 1.02533 100 23 0.457307 100 21 0 0 0 -2.25121 100 16 0 0 0 0 0 0 0 0 0 0 0
34900 -268.749 0 0 0 1.34248 100 20 2.41024 100 25 0 0 0 -2.59013 100 20 0 0 0 0 0 0 0 0 0 0 0
35000 -268.536 0 0 0 1.69393 100 23 4.66308 100 23 0 0 0 -2.89257 100 19 0 0 0 0 0 0 0 0 0 0 0
35100 -268.648 0 0 0 1.35565 100 31 2.68399 100 31 0 0 0 -2.59956 100 19 0 0 0 0 0 0 0 0 0 0 0
35200 -269.31 0 0 0 1.94144 100 26 3.70398 100 19 0 0 0 -2.99815 100 19 0 0 0 0 0 0 0 0 0 0 0
35300 -269.961 0 0 0 0.730146 100 21 0.580029 100 28 0 0 0 -2.06949 100 20 0 0 0 0 0 0 0 0 0 0 0
35400 -269.194 0 0 0 2.01011 100 26 4.14785 100 22 0 0 0 -3.06122 100 15 0 0 0 0 0 0 0 0 0 0 0
35500 -270.097 0 0 0 2.54091 100 29 6.51229 100 22 0 0 0 -3.60446 100 15 0 0 0 0 0 0 0 0 0 0 0
35600 -270.039 0 0 0 0.702249 100 24 1.68748 100 13 0 0 0 -2.29299 100 28 0 0 0 0 0 0 0 0 0 0 0
35700 -269.485 0 0 0 0.802713 100 24 1.13558 100 25 0 0 0 -2.26067 100 12 0 0 0 0 0 0 0 0 0 0 0
35800 -268.555 0 0 0 1.39132 100 15 3.1679 100 15 0 0 0 -2.66576 100 14 0 0 0 0 0 0 0 0 0 0 0
35900 -268.651 0 0 0 1.77558 100 26 3.99411 100 19 0 0 0 -2.88785 100 19 0 0 0 0 0 0 0 0 0 0 0
36000 -269.457 0 0 0 2.08231 100 26 5.28607 100 26 0 0 0 -3.01573 100 17 0 0 0 0 0 0 0 0 0 0 0
36100 -271.995 0 0 0 1.12987 100 28 -0.226291 100 23 0 0 0 -2.52366 100 16 0 0 0 0 0 0 0 0 0 0 0
36200 -269.561 0 0 0 1.00449 100 28 1.82971 100 30 0 0 0 -2.50373 100 23 0 0 0 0 0 0 0 0 0 0 0
36300 -269.731 0 0 0 1.0157 100 21 3.45903 100 31 0 0 0 -2.44298 100 14 0 0 0 0 0 0 0 0 0 0 0
36400 -268.888 0 0 0 2.15395 100 18 5.79671 100 17 0 0 0 -3.19371 100 18 0 0 0 0 0 0 0 0 0 0 0
36500 -269.152 0 0 0 2.32815 100 26 6.657 100 22 0 0 0 -3.35139 100 24 0 0 0 0 0 0 0 0 0 0 0
36600 -269.845 0 0 0 1.55855 100 17 4.99898 100 19 0 0 0 -3.03987 100 18 0 0 0 0 0 0 0 0 0 0 0
36700 -269.08 0 0 0 1.65296 100 17 5.48764 100 23 0 0 0 -2.93271 100 10 0 0 0 0 0 0 0 0 0 0 0
36800 -271.684 0 0 0 2.53794 100 29 4.66942 100 19 0 0 0 -3.47117 100 17 0 0 0 0 0 0 0 0 0 0 0
36900 -269.908 0 0 0 2.65427 100 16 6.89092 100 22 0 0 0 -3.58309 100 20 0 0 0 0 0 0 0 0 0 0 0
37000 -270.042 0 0 0 2.34333 100 20 4.8415 100 23 0 0 0 -3.28296 100 21 0 0 0 0 0 0 0 0 0 0 0
37100 -268.738 0 0 0 1.9064 100 20 5.55589 100 19 0 0 0 -3.11913 100 19 0 0 0 0 0 0 0 0 0 0 0
37200 -270.38 0 0 0 1.6813 100 22 5.36574 100 17 0 0 0 -3.17547 100 22 0 0 0 0 0 0 0 0 0 0 0
37300 -270.476 0 0 0 1.60434 100 22 1.67337 100 24 0 0 0 -2.58953 100 22 0 0 0 0 0 0 0 0 0 0 0
37400 -269.138 0 0 0 1.95853 100 17 5.99143 100 36 0 0 0 -3.04515 100 12 0 0 0 0 0 0 0 0 0 0 0
37500 -272.284 0 0 0 1.97971 100 27 8.27166 100 18 0 0 0 -3.26881 100 20 0 0 0 0 0 0 0 0 0 0 0
37600 -270.066 0 0 0 2.48095 100 25 7.64202 100 20 0 0 0 -3.40752 100 23 0 0 0 0 0 0 0 0 0 0 0
37700 -271.335 0 0 0 0.314728 100 22 -0.903983 100 23 0 0 0 -1.92346 100 9 0 0 0 0 0 0 0 0 0 0 0
37800 -268.799 0 0 0 1.99782 100 25 5.03085 100 17 0 0 0 -3.03958 100 20 0 0 0 0 0 0 0 0 0 0 0
37900 -272.059 0 0 0 2.52292 100 19 6.67865 100 15 0 0 0 -3.77781 100 19 0 0 0 0 0 0 0 0 0 0 0
38000 -271.437 0 0 0 3.08254 100 28 7.90357 100 18 0 0 0 -3.95453 100 17 0 0 0 0 0 0 0 0 0 0 0
38100 -269.456 0 0 0 1.5112 100 28 5.31689 100 21 0 0 0 -2.91629 100 12 0 0 0 0 0 0 0 0 0 0 0
38200 -270.265 0 0 0 2.80993 100 20 7.45795 100 24 0 0 0 -3.68696 100 25 0 0 0 0 0 0 0 0 0 0 0
38300 -271.836 0 0 0 2.65998 100 17 9.637 100 27 0 0 0 -3.68714 100 22 0 0 0 0 0 0 0 0 0 0 0
38400 -268.974 0 0 0 1.29934 100 16 4.00675 100 20 0 0 0 -2.6944 100 21 0 0 0 0 0 0 0 0 0 0 0
38500 -269.409 0 0 0 2.48679 100 19 7.07047 100 23 0 0 0 -3.49242 100 21 0 0 0 0 0 0 0 0 0 0 0
38600 -274.504 0 0 0 2.65588 100 19 9.47318 100 23 0 0 0 -4.09965 100 22 0 0 0 0 0 0 0 0 0 0 0
38700 -269.569 0 0 0 2.02253 100 25 5.31684 100 18 0 0 0 -2.96485 100 9 0 0 0 0 0 0 0 0 0 0 0
38800 -268.926 0 0 0 1.08382 100 32 2.43137 100 26 0 0 0 -2.48844 100 13 0 0 0 0 0 0 0 0 0 0 0
38900 -269.81 0 0 0 0.869552 100 26 1.65811 100 18 0 0 0 -2.16904 100 18 0 0 0 0 0 0 0 0 0 0 0
39000 -269.515 0 0 0 1.04282 100 23 3.44416 100 21 0 0 0 -2.48414 100 28 0 0 0 0 0 0 0 0 0 0 0
39100 -268.639 0 0 0 1.95645 100 18 5.15964 100 13 0 0 0 -3.08674 100 20 0 0 0 0 0 0 0 0 0 0 0
39200 -273.646 0 0 0 2.36104 100 24 9.79345 100 21 0 0 0 -3.76033 100 16 0 0 0 0 0 0 0 0 0 0 0
39300 -270.495 0 0 0 1.72925 100 19 6.73245 100 25 0 0 0 -3.03937 100 20 0 0 0 0 0 0 0 0 0 0 0
39400 -270.041 0 0 0 1.05686 100 22 1.63627 100 16 0 0 0 -2.21152 100 16 0 0 0 0 0 0 0 0 0 0 0
39500 -270.042 0 0 0 1.30002 100 20 5.03235 100 22 0 0 0 -2.76653 100 16 0 0 0 0 0 0 0 0 0 0 0
39600 -269.73 0 0 0 0.830742 100 23 0.490835 100 26 0 0 0 -2.25887 100 22 0 0 0 0 0 0 0 0 0 0 0
39700 -271.081 0 0 0 0.506817 100 17 1.80584 100 22 0 0 0 -2.18423 100 15 0 0 0 0 0 0 0 0 0 0 0
39800 -271.041 0 0 0 0.428981 100 21 0.976796 100 27 0 0 0 -1.9795 100 19 0 0 0 0 0 0 0 0 0 0 0
39900 -269.766 0 0 0 1.12674 100 29 2.45327 100 28 0 0 0 -2.64918 100 18 0 0 0 0 0 0 0 0 0 0 0
40000 -269.387 0 0 0 1.15726 100 17 2.10501 100 25 0 0 0 -2.60039 100 18 0 0 0 0 0 0 0 0 0 0 0
40100 -269.389 0 0 0 1.11786 100 28 1.01293 100 20 0 0 0 -2.39049 100 12 0 0 0 0 0 0 0 0 0 0 0
40200 -273.25 0 0 0 0.431351 100 30 1.98282 100 17 0 0 0 -2.34832 100 20 0 0 0 0 0 0 0 0 0 0 0
40300 -269.727 0 0 0 1.10048 100 12 3.86758 100 17 0 0 0 -2.51219 100 13 0 0 0 0 0 0 0 0 0 0 0
40400 -270.763 0 0 0 2.35297 100 27 6.00898 100 20 0 0 0 -3.57289 100 18 0 0 0 0 0 0 0 0 0 0 0
40500 -270.4 0 0 0 1.70945 100 27 5.66044 100 21 0 0 0 -2.7946 100 22 0 0 0 0 0 0 0 0 0 0 0
40600 -268.956 0 0 0 1.07841 100 27 2.62877 100 19 0 0 0 -2.49269 100 22 0 0 0 0 0 0 0 0 0 0 0
40700 -269.085 0 0 0 1.32867 100 25 2.78374 100 22 0 0 0 -2.71805 100 14 0 0 0 0 0 0 0 0 0 0 0
40800 -268.937 0 0 0 1.13612 100 26 2.84647 100 19 0 0 0 -2.55764 100 22 0 0 0 0 0 0 0 0 0 0 0
40900 -268.892 0 0 0 2.14431 100 29 5.54963 100 15 0 0 0 -3.17741 100 18 0 0 0 0 0 0 0 0 0 0 0
41000 -269.825 0 0 0 1.93816 100 26 4.11528 100 22 0 0 0 -2.84646 100 13 0 0 0 0 0 0 0 0 0 0 0
41100 -270.107 0 0 0 1.48824 100 17 4.5173 100 24 0 0 0 -3.00605 100 15 0 0 0 0 0 0 0 0 0 0 0
41200 -269.239 0 0 0 1.99004 100 18 6.15241 100 11 0 0 0 -3.06705 100 16 0 0 0 0 0 0 0 0 0 0 0
41300 -270.014 0 0 0 1.09085 100 26 3.93701 100 19 0 0 0 -2.47956 100 17 0 0 0 0 0 0 0 0 0 0 0
41400 -269.554 0 0 0 1.33213 100 29 2.52408 100 18 0 0 0 -2.74887 100 13 0 0 0 0 0 0 0 0 0 0 0
41500 -269.404 0 0 0 1.57665 100 31 5.55607 100 23 0 0 0 -2.9181 100 22 0 0 0 0 0 0 0 0 0 0 0
41600 -268.799 0 0 0 1.67792 100 25 4.90864 100 21 0 0 0 -2.99164 100 18 0 0 0 0 0 0 0 0 0 0 0
41700 -269.501 0 0 0 2.04901 100 29 4.21091 100 15 0 0 0 -3.15591 100 17 0 0 0 0 0 0 0 0 0 0 0
41800 -268.778 0 0 0 1.56481 100 16 4.62902 100 23 0 0 0 -2.78262 100 19 0 0 0 0 0 0 0 0 0 0 0
41900 -269.48 0 0 0 1.78628 100 24 4.86193 100 25 0 0 0 -2.80346 100 25 0 0 0 0 0 0 0 0 0 0 0
42000 -269.464 0 0 0 1.76613 100 25 2.97287 100 16 0 0 0 -2.91298 100 23 0 0 0 0 0 0 0 0 0 0 0
42100 -270.701 0 0 0 0.528304 100 27 1.39537 100 21 0 0 0 -2.18299 100 18 0 0 0 0 0 0 0 0 0 0 0
42200 -269.105 0 0 0 1.14908 100 23 3.36687 100 33 0 0 0 -2.59739 100 17 0 0 0 0 0 0 0 0 0 0 0
42300 -270.662 0 0 0 1.38522 100 31 0.659226 100 19 0 0 0 -2.56749 100 20 0 0 0 0 0 0 0 0 0 0 0
42400 -271.196 0 0 0 2.64185 100 28 9.38145 100 23 0 0 0 -3.71827 100 22 0 0 0 0 0 0 0 0 0 0 0
42500 -268.531 0 0 0 1.72094 100 25 4.5613 100 20 0 0 0 -2.94387 100 20 0 0 0 0 0 0 0 0 0 0 0
42600 -270.507 0 0 0 1.37477 100 22 5.54861 100 29 0 0 0 -2.88741 100 20 0 0 0 0 0 0 0 0 0 0 0
42700 -269.72 0 0 0 2.27627 100 33 5.49051 100 20 0 0 0 -3.15527 100 23 0 0 0 0 0 0 0 0 0 0 0
42800 -270.384 0 0 0 1.83205 100 19 3.0434 100 22 0 0 0 -2.72713 100 15 0 0 0 0 0 0 0 0 0 0 0
42900 -272.448 0 0 0 2.07114 100 18 8.66624 100 22 0 0 0 -3.46125 100 13 0 0 0 0 0 0 0 0 0 0 0
43000 -271.42 0 0 0 1.31352 100 23 4.17334 100 16 0 0 0 -2.97074 100 18 0 0 0 0 0 0 0 0 0 0 0
43100 -269.087 0 0 0 1.46432 100 25 2.43149 100 25 0 0 0 -2.57241 100 16 0 0 0 0 0 0 0 0 0 0 0
43200 -270.75 0 0 0 1.39509 100 22 0.570853 100 23 0 0 0 -2.52508 100 24 0 0 0 0 0 0 0 0 0 0 0
43300 -268.749 0 0 0 1.4266 100 21 2.64985 100 21 0 0 0 -2.60725 100 25 0 0 0 0 0 0 0 0 0 0 0
43400 -268.707 0 0 0 1.49482 100 25 2.89759 100 27 0 0 0 -2.71844 100 31 0 0 0 0 0 0 0 0 0 0 0
43500 -270.749 0 0 0 1.26203 100 20 4.13545 100 30 0 0 0 -2.44758 100 22 0 0 0 0 0 0 0 0 0 0 0
43600 -270.162 0 0 0 2.2117 100 25 5.71745 100 16 0 0 0 -3.44998 100 11 0 0 0 0 0 0 0 0 0 0 0
43700 -269.528 0 0 0 1.53272 100 20 3.68677 100 24 0 0 0 -2.94338 100 16 0 0 0 0 0 0 0 0 0 0 0
43800 -269.158 0 0 0 1.90586 100 20 6.26336 100 21 0 0 0 -3.16214 100 21 0 0 0 0 0 0 0 0 0 0 0
43900 -271.895 0 0 0 1.41393 100 27 1.89069 100 18 0 0 0 -2.89126 100 22 0 0 0 0 0 0 0 0 0 0 0
44000 -270.049 0 0 0 1.26606 100 22 4.32742 100 20 0 0 0 -2.53299 100 17 0 0 0 0 0 0 0 0 0 0 0
44100 -271.039 0 0 0 2.7753 100 30 6.28721 100 21 0 0 0 -3.66161 100 16 0 0 0 0 0 0 0 0 0 0 0
44200 -268.776 0 0 0 1.98045 100 18 5.68541 100 20 0 0 0 -3.08268 100 26 0 0 0 0 0 0 0 0 0 0 0
44300 -269.064 0 0 0 1.95452 100 21 6.29184 100 17 0 0 0 -3.17101 100 23 0 0 0 0 0 0 0 0 0 0 0
44400 -269.963 0 0 0 2.431 100 24 5.45359 100 27 0 0 0 -3.3166 100 23 0 0 0 0 0 0 0 0 0 0 0
44500 -269.767 0 0 0 2.55961 100 19 7.43201 100 18 0 0 0 -3.63327 100 24 0 0 0 0 0 0 0 0 0 0 0
44600 -268.938 0 0 0 1.05 100 22 2.2504 100 16 0 0 0 -2.40218 100 15 0 0 0 0 0 0 0 0 0 0 0
44700 -268.789 0 0 0 1.80807 100 16 3.84644 100 30 0 0 0 -2.93594 100 19 0 0 0 0 0 0 0 0 0 0 0
44800 -269.452 0 0 0 0.822557 100 30 1.7291 100 30 0 0 0 -2.30554 100 23 0 0 0 0 0 0 0 0 0 0 0
44900 -269.593 0 0 0 1.50253 100 22 3.19493 100 28 0 0 0 -2.53995 100 14 0 0 0 0 0 0 0 0 0 0 0
45000 -270.455 0 0 0 1.09642 100 23 4.16867 100 22 0 0 0 -2.47385 100 17 0 0 0 0 0 0 0 0 0 0 0
45100 -268.725 0 0 0 1.42745 100 28 2.70421 100 20 0 0 0 -2.6105 100 17 0 0 0 0 0 0 0 0 0 0 0
45200 -270.38 0 0 0 1.69186 100 24 1.86163 100 29 0 0 0 -2.70535 100 21 0 0 0 0 0 0 0 0 0 0 0
45300 -269.188 0 0 0 1.14812 100 22 1.5386 100 16 0 0 0 -2.36274 100 17 0 0 0 0 0 0 0 0 0 0 0
45400 -269.597 0 0 0 2.02142 100 26 3.87179 100 24 0 0 0 -2.97881 100 17 0 0 0 0 0 0 0 0 0 0 0
45500 -269.279 0 0 0 2.27894 100 25 5.59123 100 27 0 0 0 -3.33296 100 21 0 0 0 0 0 0 0 0 0 0 0
45600 -268.642 0 0 0 1.50417 100 30 3.93012 100 13 0 0 0 -2.82464 100 26 0 0 0 0 0 0 0 0 0 0 0
45700 -269.276 0 0 0 0.967609 100 15 1.39683 100 21 0 0 0 -2.26194 100 14 0 0 0 0 0 0 0 0 0 0 0
45800 -272.404 0 0 0 1.00235 100 26 0.770083 100 17 0 0 0 -2.01949 100 14 0 0 0 0 0 0 0 0 0 0 0
45900 -268.608 0 0 0 1.8597 100 16 5.07362 100 23 0 0 0 -3.05335 100 16 0 0 0 0 0 0 0 0 0 0 0
46000 -272.318 0 0 0 0.591441 100 29 -0.188192 100 25 0 0 0 -2.30626 100 16 0 0 0 0 0 0 0 0 0 0 0
46100 -269.707 0 0 0 1.24606 100 28 3.59984 100 24 0 0 0 -2.45386 100 22 0 0 0 0 0 0 0 0 0 0 0
46200 -269.712 0 0 0 0.857009 100 20 0.395302 100 25 0 0 0 -2.24464 100 19 0 0 0 0 0 0 0 0 0 0 0
46300 -270.554 0 0 0 1.91196 100 28 4.7737 100 22 0 0 0 -2.79541 100 19 0 0 0 0 0 0 0 0 0 0 0
46400 -268.932 0 0 0 1.91505 100 20 6.03559 100 17 0 0 0 -3.12049 100 16 0 0 0 0 0 0 0 0 0 0 0
46500 -271.821 0 0 0 2.5937 100 23 4.88905 100 21 0 0 0 -3.5275 100 26 0 0 0 0 0 0 0 0 0 0 0
46600 -269.834 0 0 0 2.4995 100 24 7.59527 100 26 0 0 0 -3.62838 100 19 0 0 0 0 0 0 0 0 0 0 0
46700 -269.898 0 0 0 1.37204 100 15 2.61968 100 25 0 0 0 -2.80834 100 20 0 0 0 0 0 0 0 0 0 0 0
46800 -272.872 0 0 0 1.58515 100 32 0.332883 100 17 0 0 0 -2.76413 100 23 0 0 0 0 0 0 0 0 0 0 0
46900 -270.15 0 0 0 1.98973 100 19 4.17822 100 22 0 0 0 -3.22323 100 22 0 0 0 0 0 0 0 0 0 0 0
47000 -269.66 0 0 0 2.03192 100 28 3.74668 100 21 0 0 0 -3.05619 100 22 0 0 0 0 0 0 0 0 0 0 0
47100 -270.678 0 0 0 1.23039 100 23 0.388543 100 11 0 0 0 -2.51788 100 15 0 0 0 0 0 0 0 0 0 0 0
47200 -268.888 0 0 0 1.34599 100 20 2.95303 100 23 0 0 0 -2.52064 100 10 0 0 0 0 0 0 0 0 0 0 0
47300 -269.484 0 0 0 1.38313 100 24 3.14247 100 29 0 0 0 -2.4822 100 16 0 0 0 0 0 0 0 0 0 0 0
47400 -270.098 0 0 0 1.89907 100 33 4.86964 100 16 0 0 0 -2.82117 100 20 0 0 0 0 0 0 0 0 0 0 0
47500 -270.265 0 0 0 1.69854 100 22 6.4564 100 24 0 0 0 -3.12506 100 19 0 0 0 0 0 0 0 0 0 0 0
47600 -270.382 0 0 0 2.3436 100 19 5.05569 100 16 0 0 0 -3.16217 100 18 0 0 0 0 0 0 0 0 0 0 0
47700 -268.863 0 0 0 2.05057 100 30 6.11413 100 29 0 0 0 -3.2121 100 15 0 0 0 0 0 0 0 0 0 0 0
47800 -268.991 0 0 0 1.71868 100 14 5.548 100 25 0 0 0 -2.94965 100 18 0 0 0 0 0 0 0 0 0 0 0
47900 -268.864 0 0 0 1.50849 100 15 2.64732 100 23 0 0 0 -2.70743 100 14 0 0 0 0 0 0 0 0 0 0 0
48000 -268.769 0 0 0 1.79416 100 19 4.25213 100 23 0 0 0 -2.85833 100 14 0 0 0 0 0 0 0 0 0 0 0
48100 -268.708 0 0 0 1.23169 100 15 2.68849 100 26 0 0 0 -2.51014 100 21 0 0 0 0 0 0 0 0 0 0 0
48200 -269.164 0 0 0 1.49744 100 20 2.48951 100 22 0 0 0 -2.58457 100 12 0 0 0 0 0 0 0 0 0 0 0
48300 -268.736 0 0 0 1.56464 100 23 4.75181 100 19 0 0 0 -2.85906 100 22 0 0 0 0 0 0 0 0 0 0 0
48400 -268.713 0 0 0 1.30909 100 24 3.6132 100 18 0 0 0 -2.64136 100 16 0 0 0 0 0 0 0 0 0 0 0
48500 -269.568 0 0 0 0.856841 100 25 2.13464 100 24 0 0 0 -2.38679 100 16 0 0 0 0 0 0 0 0 0 0 0
48600 -269.668 0 0 0 0.75207 100 29 0.62783 100 20 0 0 0 -2.14938 100 16 0 0 0 0 0 0 0 0 0 0 0
48700 -268.616 0 0 0 1.68407 100 26 4.29058 100 21 0 0 0 -2.94089 100 22 0 0 0 0 0 0 0 0 0 0 0
48800 -269.712 0 0 0 2.52615 100 28 6.70305 100 17 0 0 0 -3.56248 100 23 0 0 0 0 0 0 0 0 0 0 0
48900 -269.167 0 0 0 1.6179 100 16 2.87684 100 24 0 0 0 -2.84246 100 16 0 0 0 0 0 0 0 0 0 0 0
49000 -270.001 0 0 0 2.23017 100 23 4.36251 100 23 0 0 0 -3.22139 100 29 0 0 0 0 0 0 0 0 0 0 0
49100 -269.537 0 0 0 1.50031 100 25 4.55701 100 17 0 0 0 -2.96323 100 21 0 0 0 0 0 0 0 0 0 0 0
49200 -268.715 0 0 0 1.43606 100 22 2.71076 100 15 0 0 0 -2.67103 100 17 0 0 0 0 0 0 0 0 0 0 0
49300 -268.869 0 0 0 1.27233 100 24 3.47505 100 22 0 0 0 -2.67794 100 22 0 0 0 0 0 0 0 0 0 0 0
49400 -269.12 0 0 0 1.80511 100 24 3.41795 100 19 0 0 0 -2.84803 100 14 0 0 0 0 0 0 0 0 0 0 0
49500 -269.154 0 0 0 1.233 100 29 3.7132 100 25 0 0 0 -2.53812 100 22 0 0 0 0 0 0 0 0 0 0 0
49600 -269.224 0 0 0 1.27604 100 15 1.58752 100 21 0 0 0 -2.53715 100 16 0 0 0 0 0 0 0 0 0 0 0
49700 -270.018 0 0 0 1.9703 100 19 3.19867 100 12 0 0 0 -3.01108 100 21 0 0 0 0 0 0 0 0 0 0 0
49800 -269.705 0 0 0 0.834544 100 25 1.93924 100 17 0 0 0 -2.38851 100 21 0 0 0 0 0 0 0 0 0 0 0
49900 -268.747 0 0 0 1.23042 100 16 2.63723 100 27 0 0 0 -2.49228 100 12 0 0 0 0 0 0 0 0 0 0 0
50000 -271.701 0 0 0 0.531985 100 13 -1.36498 100 22 0 0 0 -1.81984 100 16 0 0 0 0 0 0 0 0 0 0 0
50100 -270.223 0 0 0 1.05153 100 17 1.52442 100 30 0 0 0 -2.57201 100 20 0 0 0 0 0 0 0 0 0 0 0
50200 -269.929 0 0 0 2.30823 100 21 5.59544 100 15 0 0 0 -3.162 100 17 0 0 0 0 0 0 0 0 0 0 0
50300 -268.797 0 0 0 1.47452 100 26 3.93372 100 21 0 0 0 -2.65905 100 18 0 0 0 0 0 0 0 0 0 0 0
50400 -270.739 0 0 0 2.30164 100 30 5.06734 100 23 0 0 0 -3.45674 100 15 0 0 0 0 0 0 0 0 0 0 0
50500 -268.977 0 0 0 2.10248 100 21 6.26917 100 22 0 0 0 -3.18462 100 21 0 0 0 0 0 0 0 0 0 0 0
50600 -269.898 0 0 0 1.36138 100 16 1.41687 100 17 0 0 0 -2.64404 100 28 0 0 0 0 0 0 0 0 0 0 0
50700 -270.806 0 0 0 0.455051 100 26 -0.780675 100 31 0 0 0 -1.9267 100 24 0 0 0 0 0 0 0 0 0 0 0
50800 -269.103 0 0 0 1.22778 100 21 3.67194 100 20 0 0 0 -2.54136 100 23 0 0 0 0 0 0 0 0 0 0 0
50900 -269.917 0 0 0 0.885591 100 24 0.427071 100 19 0 0 0 -2.31781 100 17 0 0 0 0 0 0 0 0 0 0 0
51000 -270.628 0 0 0 0.613291 100 22 -0.0504021 100 17 0 0 0 -1.94146 100 26 0 0 0 0 0 0 0 0 0 0 0
51100 -270.399 0 0 0 0.688538 100 17 -0.542826 100 27 0 0 0 -2.09344 100 18 0 0 0 0 0 0 0 0 0 0 0
51200 -271.59 0 0 0 1.26617 100 20 5.19046 100 25 0 0 0 -2.94213 100 15 0 0 0 0 0 0 0 0 0 0 0
51300 -270.16 0 0 0 1.93084 100 36 6.84287 100 20 0 0 0 -3.31511 100 23 0 0 0 0 0 0 0 0 0 0 0
51400 -269.109 0 0 0 1.48489 100 24 3.93197 100 28 0 0 0 -2.88767 100 19 0 0 0 0 0 0 0 0 0 0 0
51500 -268.869 0 0 0 1.93052 100 21 5.59761 100 18 0 0 0 -3.16921 100 19 0 0 0 0 0 0 0 0 0 0 0
51600 -269.151 0 0 0 1.22516 100 21 1.6449 100 16 0 0 0 -2.52768 100 20 0 0 0 0 0 0 0 0 0 0 0
51700 -270.807 0 0 0 0.998463 100 24 -0.192103 100 22 0 0 0 -2.14189 100 11 0 0 0 0 0 0 0 0 0 0 0
51800 -270.69 0 0 0 0.596666 100 24 0.31919 100 15 0 0 0 -1.94064 100 20 0 0 0 0 0 0 0 0 0 0 0
51900 -269.432 0 0 0 1.12021 100 23 1.03247 100 20 0 0 0 -2.34127 100 19 0 0 0 0 0 0 0 0 0 0 0
52000 -269.879 0 0 0 0.736338 100 22 1.77185 100 16 0 0 0 -2.30269 100 20 0 0 0 0 0 0 0 0 0 0 0
52100 -270.647 0 0 0 2.68335 100 17 8.56808 100 15 0 0 0 -3.58623 100 23 0 0 0 0 0 0 0 0 0 0 0
52200 -271.029 0 0 0 1.88058 100 24 4.87729 100 19 0 0 0 -3.30713 100 19 0 0 0 0 0 0 0 0 0 0 0
52300 -269.784 0 0 0 2.09292 100 25 7.03866 100 25 0 0 0 -3.38651 100 27 0 0 0 0 0 0 0 0 0 0 0
52400 -269.948 0 0 0 0.781827 100 17 0.104764 100 22 0 0 0 -2.10913 100 23 0 0 0 0 0 0 0 0 0 0 0
52500 -270.439 0 0 0 1.09474 100 21 4.46971 100 11 0 0 0 -2.61307 100 20 0 0 0 0 0 0 0 0 0 0 0
52600 -270.567 0 0 0 0.573099 100 30 1.73922 100 16 0 0 0 -2.14487 100 23 0 0 0 0 0 0 0 0 0 0 0
52700 -269.695 0 0 0 0.925745 100 18 0.55993 100 20 0 0 0 -2.19285 100 24 0 0 0 0 0 0 0 0 0 0 0
52800 -270.451 0 0 0 1.51555 100 18 1.26836 100 26 0 0 0 -2.54868 100 14 0 0 0 0 0 0 0 0 0 0 0
52900 -270.736 0 0 0 0.440395 100 23 -0.200019 100 22 0 0 0 -1.91311 100 22 0 0 0 0 0 0 0 0 0 0 0
53000 -269.333 0 0 0 0.926395 100 21 2.48101 100 30 0 0 0 -2.39019 100 12 0 0 0 0 0 0 0 0 0 0 0
53100 -268.997 0 0 0 1.21307 100 24 3.33689 100 14 0 0 0 -2.50411 100 27 0 0 0 0 0 0 0 0 0 0 0
53200 -269.369 0 0 0 0.843388 100 24 1.27724 100 22 0 0 0 -2.28087 100 22 0 0 0 0 0 0 0 0 0 0 0
53300 -271.646 0 0 0 0.486578 100 21 -1.2119 100 21 0 0 0 -1.79909 100 19 0 0 0 0 0 0 0 0 0 0 0
53400 -271.472 0 0 0 1.19288 100 19 1.62065 100 17 0 0 0 -2.74151 100 18 0 0 0 0 0 0 0 0 0 0 0
53500 -270.475 0 0 0 1.20563 100 32 4.5441 100 18 0 0 0 -2.53655 100 23 0 0 0 0 0 0 0 0 0 0 0
53600 -270.207 0 0 0 1.78501 100 24 2.29455 100 10 0 0 0 -2.80668 100 15 0 0 0 0 0 0 0 0 0 0 0
53700 -271.254 0 0 0 2.8356 100 24 8.49952 100 22 0 0 0 -3.95866 100 17 0 0 0 0 0 0 0 0 0 0 0
53800 -270.351 0 0 0 1.8186 100 27 6.91833 100 21 0 0 0 -3.09784 100 18 0 0 0 0 0 0 0 0 0 0 0
53900 -270.913 0 0 0 1.75833 100 20 6.9846 100 25 0 0 0 -3.2112 100 20 0 0 0 0 0 0 0 0 0 0 0
54000 -270.587 0 0 0 1.48085 100 26 3.51844 100 18 0 0 0 -2.47845 100 25 0 0 0 0 0 0 0 0 0 0 0
54100 -269.821 0 0 0 1.08345 100 18 2.21437 100 25 0 0 0 -2.61106 100 25 0 0 0 0 0 0 0 0 0 0 0
54200 -270.016 0 0 0 2.36912 100 21 7.54385 100 17 0 0 0 -3.34327 100 16 0 0 0 0 0 0 0 0 0 0 0
54300 -269.522 0 0 0 2.07572 100 21 4.95221 100 20 0 0 0 -2.99491 100 25 0 0 0 0 0 0 0 0 0 0 0
54400 -269.25 0 0 0 2.07143 100 21 4.87666 100 18 0 0 0 -3.22526 100 19 0 0 0 0 0 0 0 0 0 0 0
54500 -269.352 0 0 0 2.13854 100 30 6.94851 100 16 0 0 0 -3.34165 100 18 0 0 0 0 0 0 0 0 0 0 0
54600 -269.374 0 0 0 2.07184 100 31 6.87181 100 19 0 0 0 -3.29182 100 21 0 0 0 0 0 0 0 0 0 0 0
54700 -269.629 0 0 0 2.17747 100 21 4.70467 100 23 0 0 0 -3.26027 100 16 0 0 0 0 0 0 0 0 0 0 0
54800 -271.331 0 0 0 2.38676 100 24 5.00656 100 19 0 0 0 -3.12425 100 20 0 0 0 0 0 0 0 0 0 0 0
54900 -274.994 0 0 0 3.31192 100 24 8.25568 100 24 0 0 0 -3.76844 100 20 0 0 0 0 0 0 0 0 0 0 0
55000 -272.09 0 0 0 2.96286 100 28 8.31854 100 16 0 0 0 -3.62945 100 21 0 0 0 0 0 0 0 0 0 0 0
55100 -269.233 0 0 0 2.34886 100 23 6.89164 100 17 0 0 0 -3.37355 100 25 0 0 0 0 0 0 0 0 0 0 0
55200 -268.61 0 0 0 1.85062 100 23 4.89489 100 17 0 0 0 -2.96458 100 25 0 0 0 0 0 0 0 0 0 0 0
55300 -270.725 0 0 0 0.82866 100 25 3.10528 100 22 0 0 0 -2.50015 100 18 0 0 0 0 0 0 0 0 0 0 0
55400 -270.33 0 0 0 1.29772 100 24 1.71431 100 14 0 0 0 -2.71625 100 10 0 0 0 0 0 0 0 0 0 0 0
55500 -269.525 0 0 0 0.894914 100 19 2.48579 100 12 0 0 0 -2.31753 100 12 0 0 0 0 0 0 0 0 0 0 0
55600 -269.159 0 0 0 2.12055 100 21 6.72811 100 18 0 0 0 -3.29043 100 18 0 0 0 0 0 0 0 0 0 0 0
55700 -271.601 0 0 0 0.320077 100 14 0.760684 100 21 0 0 0 -1.91383 100 24 0 0 0 0 0 0 0 0 0 0 0
55800 -268.785 0 0 0 1.52808 100 29 4.70399 100 16 0 0 0 -2.82725 100 19 0 0 0 0 0 0 0 0 0 0 0
55900 -268.72 0 0 0 1.70635 100 28 4.59838 100 25 0 0 0 -2.83056 100 16 0 0 0 0 0 0 0 0 0 0 0
56000 -269.163 0 0 0 1.16338 100 21 3.52294 100 21 0 0 0 -2.51461 100 17 0 0 0 0 0 0 0 0 0 0 0
56100 -269.802 0 0 0 1.32918 100 27 4.56351 100 23 0 0 0 -2.84989 100 19 0 0 0 0 0 0 0 0 0 0 0
56200 -269.369 0 0 0 1.6788 100 33 3.01526 100 25 0 0 0 -2.90749 100 28 0 0 0 0 0 0 0 0 0 0 0
56300 -269.528 0 0 0 1.82087 100 25 3.32737 100 23 0 0 0 -2.99883 100 21 0 0 0 0 0 0 0 0 0 0 0
56400 -270.202 0 0 0 2.15116 100 26 5.60581 100 19 0 0 0 -3.01622 100 19 0 0 0 0 0 0 0 0 0 0 0
56500 -270.005 0 0 0 1.37389 100 24 5.05906 100 18 0 0 0 -2.68881 100 23 0 0 0 0 0 0 0 0 0 0 0
56600 -268.721 0 0 0 1.30659 100 26 2.66769 100 17 0 0 0 -2.52886 100 17 0 0 0 0 0 0 0 0 0 0 0
56700 -268.917 0 0 0 1.31157 100 15 3.73688 100 26 0 0 0 -2.72247 100 19 0 0 0 0 0 0 0 0 0 0 0
56800 -269.151 0 0 0 1.63835 100 18 3.80312 100 14 0 0 0 -2.68559 100 18 0 0 0 0 0 0 0 0 0 0 0
56900 -269.292 0 0 0 1.91416 100 21 5.82676 100 23 0 0 0 -3.22831 100 13 0 0 0 0 0 0 0 0 0 0 0
57000 -269.066 0 0 0 2.10066 100 23 4.84118 100 24 0 0 0 -3.10283 100 26 0 0 0 0 0 0 0 0 0 0 0
57100 -269.092 0 0 0 1.8563 100 24 3.58999 100 27 0 0 0 -2.92161 100 22 0 0 0 0 0 0 0 0 0 0 0
57200 -268.744 0 0 0 1.39404 100 14 4.09183 100 28 0 0 0 -2.70956 100 35 0 0 0 0 0 0 0 0 0 0 0
57300 -270.451 0 0 0 0.622625 100 25 -0.450101 100 14 0 0 0 -1.98696 100 22 0 0 0 0 0 0 0 0 0 0 0
57400 -273.477 0 0 0 1.31937 100 24 0.280763 100 22 0 0 0 -2.18688 100 18 0 0 0 0 0 0 0 0 0 0 0
57500 -270.402 0 0 0 1.66664 100 27 2.93676 100 31 0 0 0 -2.58732 100 22 0 0 0 0 0 0 0 0 0 0 0
57600 -270.292 0 0 0 2.26706 100 25 4.32248 100 19 0 0 0 -3.25816 100 13 0 0 0 0 0 0 0 0 0 0 0
57700 -269.478 0 0 0 1.10539 100 24 2.27563 100 14 0 0 0 -2.5936 100 14 0 0 0 0 0 0 0 0 0 0 0
57800 -271.011 0 0 0 0.773693 100 16 1.2524 100 20 0 0 0 -2.01372 100 15 0 0 0 0 0 0 0 0 0 0 0
57900 -268.679 0 0 0 1.71115 100 22 4.28843 100 20 0 0 0 -2.81755 100 19 0 0 0 0 0 0 0 0 0 0 0
58000 -269.335 0 0 0 1.47706 100 19 2.18452 100 16 0 0 0 -2.56055 100 19 0 0 0 0 0 0 0 0 0 0 0
58100 -270.878 0 0 0 2.60842 100 24 8.13098 100 22 0 0 0 -3.4612 100 15 0 0 0 0 0 0 0 0 0 0 0
58200 -271.955 0 0 0 1.83492 100 21 4.95393 100 23 0 0 0 -3.34234 100 21 0 0 0 0 0 0 0 0 0 0 0
58300 -269.315 0 0 0 2.29403 100 24 7.12579 100 14 0 0 0 -3.42234 100 29 0 0 0 0 0 0 0 0 0 0 0
58400 -269.36 0 0 0 0.937948 100 19 2.42713 100 19 0 0 0 -2.32608 100 13 0 0 0 0 0 0 0 0 0 0 0
58500 -270.184 0 0 0 0.835766 100 27 0.124919 100 21 0 0 0 -2.28491 100 11 0 0 0 0 0 0 0 0 0 0 0
58600 -269.502 0 0 0 2.03559 100 22 5.33764 100 26 0 0 0 -2.98082 100 18 0 0 0 0 0 0 0 0 0 0 0
58700 -268.796 0 0 0 1.92301 100 18 5.54006 100 24 0 0 0 -3.14788 100 20 0 0 0 0 0 0 0 0 0 0 0
58800 -269.795 0 0 0 1.66929 100 23 3.95618 100 27 0 0 0 -2.6557 100 15 0 0 0 0 0 0 0 0 0 0 0
58900 -268.626 0 0 0 1.33106 100 23 2.74515 100 24 0 0 0 -2.59219 100 16 0 0 0 0 0 0 0 0 0 0 0
59000 -268.642 0 0 0 1.30468 100 19 3.17404 100 16 0 0 0 -2.57997 100 10 0 0 0 0 0 0 0 0 0 0 0
59100 -269.836 0 0 0 0.840066 100 29 0.167641 100 18 0 0 0 -2.20207 100 22 0 0 0 0 0 0 0 0 0 0 0
59200 -269.167 0 0 0 1.56727 100 24 3.02792 100 19 0 0 0 -2.62268 100 21 0 0 0 0 0 0 0 0 0 0 0
59300 -268.52 0 0 0 1.68131 100 18 3.97673 100 29 0 0 0 -2.86037 100 20 0 0 0 0 0 0 0 0 0 0 0
59400 -269.195 0 0 0 2.23887 100 23 6.66281 100 15 0 0 0 -3.39411 100 20 0 0 0 0 0 0 0 0 0 0 0
59500 -268.894 0 0 0 1.07501 100 18 2.06397 100 28 0 0 0 -2.41675 100 14 0 0 0 0 0 0 0 0 0 0 0
59600 -271.064 0 0 0 2.40421 100 27 4.94069 100 17 0 0 0 -3.48127 100 21 0 0 0 0 0 0 0 0 0 0 0
59700 -269.515 0 0 0 2.26214 100 16 7.10601 100 22 0 0 0 -3.2933 100 23 0 0 0 0 0 0 0 0 0 0 0
59800 -270.368 0 0 0 2.56495 100 22 8.31021 100 22 0 0 0 -3.52007 100 24 0 0 0 0 0 0 0 0 0 0 0
59900 -268.58 0 0 0 1.84903 100 22 5.02282 100 21 0 0 0 -2.99218 100 17 0 0 0 0 0 0 0 0 0 0 0
60000 -270.826 0 0 0 1.30087 100 18 0.39562 100 21 0 0 0 -2.36892 100 20 0 0 0 0 0 0 0 0 0 0 0
60100 -270.229 0 0 0 1.23285 100 28 3.82377 100 21 0 0 0 -2.81929 100 19 0 0 0 0 0 0 0 0 0 0 0
60200 -270.09 0 0 0 0.910677 100 28 0.247682 100 24 0 0 0 -2.13601 100 17 0 0 0 0 0 0 0 0 0 0 0
60300 -269.494 0 0 0 0.939313 100 19 0.855192 100 17 0 0 0 -2.22143 100 18 0 0 0 0 0 0 0 0 0 0 0
60400 -268.979 0 0 0 1.16178 100 29 1.70837 100 12 0 0 0 -2.46057 100 9 0 0 0 0 0 0 0 0 0 0 0
60500 -270.697 0 0 0 0.641803 100 27 1.20326 100 20 0 0 0 -2.31228 100 19 0 0 0 0 0 0 0 0 0 0 0
60600 -269.428 0 0 0 1.97775 100 27 3.72963 100 12 0 0 0 -3.00183 100 20 0 0 0 0 0 0 0 0 0 0 0
60700 -270.309 0 0 0 2.386 100 20 5.4825 100 17 0 0 0 -3.19977 100 20 0 0 0 0 0 0 0 0 0 0 0
60800 -269.988 0 0 0 2.18997 100 20 7.62024 100 18 0 0 0 -3.43513 100 20 0 0 0 0 0 0 0 0 0 0 0
60900 -268.636 0 0 0 1.67868 100 20 4.89188 100 23 0 0 0 -2.89179 100 21 0 0 0 0 0 0 0 0 0 0 0
61000 -269.95 0 0 0 1.21172 100 26 1.57675 100 28 0 0 0 -2.30365 100 21 0 0 0 0 0 0 0 0 0 0 0
61100 -269.894 0 0 0 2.42973 100 27 6.1944 100 19 0 0 0 -3.52757 100 18 0 0 0 0 0 0 0 0 0 0 0
61200 -273.768 0 0 0 1.11616 100 20 5.97066 100 17 0 0 0 -2.66638 100 21 0 0 0 0 0 0 0 0 0 0 0
61300 -269.563 0 0 0 0.906474 100 23 2.5889 100 24 0 0 0 -2.32302 100 16 0 0 0 0 0 0 0 0 0 0 0
61400 -269.05 0 0 0 1.42624 100 30 4.47719 100 19 0 0 0 -2.69508 100 17 0 0 0 0 0 0 0 0 0 0 0
61500 -269.646 0 0 0 0.895515 100 22 2.03237 100 17 0 0 0 -2.22617 100 23 0 0 0 0 0 0 0 0 0 0 0
61600 -270.631 0 0 0 2.32178 100 18 5.42936 100 24 0 0 0 -3.11155 100 24 0 0 0 0 0 0 0 0 0 0 0
61700 -272.464 0 0 0 3.32312 100 19 9.35239 100 16 0 0 0 -3.96311 100 16 0 0 0 0 0 0 0 0 0 0 0
61800 -269.666 0 0 0 1.89844 100 21 6.23162 100 19 0 0 0 -2.99963 100 16 0 0 0 0 0 0 0 0 0 0 0
61900 -268.714 0 0 0 1.25311 100 21 2.44024 100 23 0 0 0 -2.51855 100 17 0 0 0 0 0 0 0 0 0 0 0
62000 -268.805 0 0 0 1.6504 100 22 3.5795 100 21 0 0 0 -2.73618 100 19 0 0 0 0 0 0 0 0 0 0 0
62100 -268.92 0 0 0 1.62746 100 26 2.94428 100 17 0 0 0 -2.78441 100 20 0 0 0 0 0 0 0 0 0 0 0
62200 -270.096 0 0 0 2.12721 100 25 3.8669 100 19 0 0 0 -3.04445 100 22 0 0 0 0 0 0 0 0 0 0 0
62300 -269.486 0 0 0 1.35269 100 26 3.64262 100 17 0 0 0 -2.50821 100 21 0 0 0 0 0 0 0 0 0 0 0
62400 -270.225 0 0 0 1.88814 100 20 5.65168 100 19 0 0 0 -2.87064 100 16 0 0 0 0 0 0 0 0 0 0 0
62500 -270.501 0 0 0 1.94988 100 25 3.46527 100 30 0 0 0 -3.15058 100 23 0 0 0 0 0 0 0 0 0 0 0
62600 -269.939 0 0 0 1.8341 100 12 6.70364 100 21 0 0 0 -3.08933 100 23 0 0 0 0 0 0 0 0 0 0 0
62700 -271.245 0 0 0 1.77295 100 17 1.81304 100 30 0 0 0 -2.90917 100 15 0 0 0 0 0 0 0 0 0 0 0
62800 -270.756 0 0 0 1.56066 100 26 2.70054 100 22 0 0 0 -2.48618 100 16 0 0 0 0 0 0 0 0 0 0 0
62900 -270.848 0 0 0 0.633755 100 20 -1.03457 100 33 0 0 0 -1.99076 100 27 0 0 0 0 0 0 0 0 0 0 0
63000 -272.064 0 0 0 0.691438 100 19 3.52753 100 19 0 0 0 -2.30279 100 19 0 0 0 0 0 0 0 0 0 0 0
63100 -270.42 0 0 0 0.696057 100 18 1.9671 100 16 0 0 0 -2.34628 100 19 0 0 0 0 0 0 0 0 0 0 0
63200 -269.463 0 0 0 0.949485 100 19 1.86921 100 20 0 0 0 -2.45297 100 19 0 0 0 0 0 0 0 0 0 0 0
63300 -269.892 0 0 0 1.15729 100 17 2.87967 100 22 0 0 0 -2.70489 100 19 0 0 0 0 0 0 0 0 0 0 0
63400 -269.483 0 0 0 1.45926 100 24 4.30629 100 16 0 0 0 -2.61499 100 21 0 0 0 0 0 0 0 0 0 0 0
63500 -270.126 0 0 0 1.61598 100 17 2.94307 100 25 0 0 0 -2.5692 100 22 0 0 0 0 0 0 0 0 0 0 0
63600 -268.592 0 0 0 1.40091 100 24 3.50579 100 24 0 0 0 -2.71765 100 22 0 0 0 0 0 0 0 0 0 0 0
63700 -268.789 0 0 0 1.67026 100 28 3.7463 100 19 0 0 0 -2.91914 100 15 0 0 0 0 0 0 0 0 0 0 0
63800 -269.287 0 0 0 0.976777 100 22 2.75417 100 24 0 0 0 -2.43403 100 25 0 0 0 0 0 0 0 0 0 0 0
63900 -270.266 0 0 0 1.76166 100 25 3.55411 100 18 0 0 0 -2.67126 100 13 0 0 0 0 0 0 0 0 0 0 0
64000 -269.235 0 0 0 2.22215 100 27 6.22725 100 10 0 0 0 -3.38585 100 20 0 0 0 0 0 0 0 0 0 0 0
64100 -269.058 0 0 0 1.15482 100 30 2.06306 100 18 0 0 0 -2.54613 100 24 0 0 0 0 0 0 0 0 0 0 0
64200 -269.244 0 0 0 1.25598 100 25 3.51802 100 19 0 0 0 -2.49455 100 24 0 0 0 0 0 0 0 0 0 0 0
64300 -271.56 0 0 0 1.50971 100 25 5.28107 100 25 0 0 0 -2.61649 100 18 0 0 0 0 0 0 0 0 0 0 0
64400 -269.62 0 0 0 2.39459 100 26 5.99718 100 19 0 0 0 -3.28761 100 25 0 0 0 0 0 0 0 0 0 0 0
64500 -273.636 0 0 0 3.28862 100 25 7.49447 100 20 0 0 0 -3.86019 100 22 0 0 0 0 0 0 0 0 0 0 0
64600 -269.16 0 0 0 1.98154 100 22 4.15419 100 20 0 0 0 -2.98287 100 15 0 0 0 0 0 0 0 0 0 0 0
64700 -268.599 0 0 0 1.36229 100 17 2.8928 100 27 0 0 0 -2.60867 100 24 0 0 0 0 0 0 0 0 0 0 0
64800 -271.227 0 0 0 0.828471 100 26 3.75926 100 17 0 0 0 -2.46747 100 11 0 0 0 0 0 0 0 0 0 0 0
64900 -270.105 0 0 0 1.01767 100 20 3.31113 100 10 0 0 0 -2.62306 100 16 0 0 0 0 0 0 0 0 0 0 0
65000 -270.267 0 0 0 1.91273 100 21 6.87687 100 17 0 0 0 -3.30938 100 18 0 0 0 0 0 0 0 0 0 0 0
65100 -270.828 0 0 0 2.54653 100 22 8.36872 100 23 0 0 0 -3.77423 100 24 0 0 0 0 0 0 0 0 0 0 0
65200 -269.48 0 0 0 2.45659 100 21 7.25013 100 25 0 0 0 -3.43779 100 15 0 0 0 0 0 0 0 0 0 0 0
65300 -269.574 0 0 0 2.50882 100 27 7.19768 100 26 0 0 0 -3.45255 100 22 0 0 0 0 0 0 0 0 0 0 0
65400 -269.679 0 0 0 2.56254 100 20 7.77191 100 18 0 0 0 -3.57027 100 18 0 0 0 0 0 0 0 0 0 0 0
65500 -271.485 0 0 0 2.19835 100 17 4.08807 100 21 0 0 0 -2.95575 100 19 0 0 0 0 0 0 0 0 0 0 0
65600 -270.466 0 0 0 1.17583 100 27 0.153738 100 18 0 0 0 -2.39217 100 18 0 0 0 0 0 0 0 0 0 0 0
65700 -269.775 0 0 0 1.58221 100 24 2.04791 100 26 0 0 0 -2.76881 100 19 0 0 0 0 0 0 0 0 0 0 0
65800 -268.552 0 0 0 1.77405 100 27 4.29243 100 15 0 0 0 -2.91255 100 23 0 0 0 0 0 0 0 0 0 0 0
65900 -268.83 0 0 0 1.60742 100 30 3.49561 100 14 0 0 0 -2.8763 100 17 0 0 0 0 0 0 0 0 0 0 0
66000 -269.488 0 0 0 1.96455 100 19 3.83115 100 21 0 0 0 -3.08509 100 23 0 0 0 0 0 0 0 0 0 0 0
66100 -270.749 0 0 0 2.73114 100 25 7.87536 100 22 0 0 0 -3.52653 100 17 0 0 0 0 0 0 0 0 0 0 0
66200 -269.317 0 0 0 1.16392 100 18 1.38776 100 21 0 0 0 -2.35806 100 15 0 0 0 0 0 0 0 0 0 0 0
66300 -270.5 0 0 0 0.645741 100 24 -0.465628 100 21 0 0 0 -2.12464 100 17 0 0 0 0 0 0 0 0 0 0 0
66400 -270.529 0 0 0 0.801695 100 17 -0.220833 100 20 0 0 0 -2.26003 100 17 0 0 0 0 0 0 0 0 0 0 0
66500 -271.353 0 0 0 0.693604 100 24 1.14433 100 27 0 0 0 -1.9615 100 22 0 0 0 0 0 0 0 0 0 0 0
66600 -271.183 0 0 0 0.591297 100 32 -1.11781 100 21 0 0 0 -1.89929 100 16 0 0 0 0 0 0 0 0 0 0 0
66700 -273.416 0 0 0 0.796233 100 22 3.24959 100 14 0 0 0 -2.68747 100 14 0 0 0 0 0 0 0 0 0 0 0
66800 -270.432 0 0 0 2.89924 100 22 8.67547 100 22 0 0 0 -3.82814 100 21 0 0 0 0 0 0 0 0 0 0 0
66900 -269.028 0 0 0 1.25984 100 22 2.84052 100 24 0 0 0 -2.45813 100 21 0 0 0 0 0 0 0 0 0 0 0
67000 -269.93 0 0 0 1.26779 100 28 2.39589 100 24 0 0 0 -2.73967 100 20 0 0 0 0 0 0 0 0 0 0 0
67100 -270.193 0 0 0 1.39835 100 24 1.00105 100 16 0 0 0 -2.5015 100 15 0 0 0 0 0 0 0 0 0 0 0
67200 -271.875 0 0 0 2.0811 100 25 6.50557 100 22 0 0 0 -3.54874 100 17 0 0 0 0 0 0 0 0 0 0 0
67300 -269.645 0 0 0 2.28599 100 26 5.17574 100 19 0 0 0 -3.33619 100 24 0 0 0 0 0 0 0 0 0 0 0
67400 -269.347 0 0 0 2.00939 100 22 6.13072 100 21 0 0 0 -3.29578 100 22 0 0 0 0 0 0 0 0 0 0 0
67500 -269.185 0 0 0 2.34699 100 23 6.24022 100 26 0 0 0 -3.33887 100 14 0 0 0 0 0 0 0 0 0 0 0
67600 -272.218 0 0 0 3.05781 100 20 10.6659 100 24 0 0 0 -4.04656 100 26 0 0 0 0 0 0 0 0 0 0 0
67700 -269.192 0 0 0 1.14896 100 24 2.00977 100 25 0 0 0 -2.3539 100 23 0 0 0 0 0 0 0 0 0 0 0
67800 -269.589 0 0 0 0.759191 100 22 0.938188 100 21 0 0 0 -2.21822 100 24 0 0 0 0 0 0 0 0 0 0 0
67900 -269.241 0 0 0 1.13919 100 24 3.01056 100 16 0 0 0 -2.62314 100 16 0 0 0 0 0 0 0 0 0 0 0
68000 -269.437 0 0 0 2.22082 100 20 5.15016 100 24 0 0 0 -3.14694 100 16 0 0 0 0 0 0 0 0 0 0 0
68100 -269.17 0 0 0 1.44997 100 31 2.86984 100 17 0 0 0 -2.53973 100 25 0 0 0 0 0 0 0 0 0 0 0
68200 -269.559 0 0 0 2.04275 100 23 5.45189 100 19 0 0 0 -3.30859 100 17 0 0 0 0 0 0 0 0 0 0 0
68300 -272.517 0 0 0 3.42444 100 19 9.87278 100 23 0 0 0 -4.32586 100 14 0 0 0 0 0 0 0 0 0 0 0
68400 -270.723 0 0 0 2.7157 100 26 9.01356 100 20 0 0 0 -3.68546 100 26 0 0 0 0 0 0 0 0 0 0 0
68500 -270.607 0 0 0 1.23902 100 24 1.22931 100 18 0 0 0 -2.65681 100 12 0 0 0 0 0 0 0 0 0 0 0
68600 -269.104 0 0 0 1.80791 100 24 5.66491 100 26 0 0 0 -2.95129 100 18 0 0 0 0 0 0 0 0 0 0 0
68700 -269.54 0 0 0 2.3985 100 22 6.55471 100 21 0 0 0 -3.50593 100 21 0 0 0 0 0 0 0 0 0 0 0
68800 -269.193 0 0 0 1.2769 100 18 4.05682 100 18 0 0 0 -2.59717 100 16 0 0 0 0 0 0 0 0 0 0 0
68900 -268.643 0 0 0 1.85122 100 28 5.34307 100 23 0 0 0 -3.04618 100 27 0 0 0 0 0 0 0 0 0 0 0
69000 -269.976 0 0 0 2.46723 100 30 7.85348 100 22 0 0 0 -3.6304 100 11 0 0 0 0 0 0 0 0 0 0 0
69100 -271.39 0 0 0 2.09721 100 20 7.36085 100 26 0 0 0 -3.10393 100 13 0 0 0 0 0 0 0 0 0 0 0
69200 -270.921 0 0 0 2.98308 100 20 9.43734 100 28 0 0 0 -3.90035 100 22 0 0 0 0 0 0 0 0 0 0 0
69300 -271.617 0 0 0 2.0182 100 23 4.65283 100 17 0 0 0 -2.80384 100 21 0 0 0 0 0 0 0 0 0 0 0
69400 -269.407 0 0 0 1.26543 100 23 2.2763 100 24 0 0 0 -2.67628 100 15 0 0 0 0 0 0 0 0 0 0 0
69500 -268.816 0 0 0 1.5019 100 26 4.47017 100 19 0 0 0 -2.85767 100 24 0 0 0 0 0 0 0 0 0 0 0
69600 -268.711 0 0 0 1.55741 100 27 4.41581 100 23 0 0 0 -2.8849 100 11 0 0 0 0 0 0 0 0 0 0 0
69700 -270.464 0 0 0 1.92612 100 32 5.98004 100 21 0 0 0 -2.90775 100 23 0 0 0 0 0 0 0 0 0 0 0
69800 -270.086 0 0 0 0.680392 100 26 1.19957 100 26 0 0 0 -2.26914 100 23 0 0 0 0 0 0 0 0 0 0 0
69900 -269.803 0 0 0 1.10457 100 30 1.28395 100 20 0 0 0 -2.53085 100 15 0 0 0 0 0 0 0 0 0 0 0
70000 -269.41 0 0 0 0.86935 100 25 1.40201 100 19 0 0 0 -2.33943 100 17 0 0 0 0 0 0 0 0 0 0 0
70100 -269.774 0 0 0 1.08466 100 20 2.75592 100 23 0 0 0 -2.6371 100 22 0 0 0 0 0 0 0 0 0 0 0
70200 -269.876 0 0 0 2.57867 100 24 6.73567 100 26 0 0 0 -3.59578 100 21 0 0 0 0 0 0 0 0 0 0 0
70300 -271.165 0 0 0 2.99478 100 17 9.77067 100 13 0 0 0 -3.95765 100 16 0 0 0 0 0 0 0 0 0 0 0
70400 -269.969 0 0 0 2.21771 100 20 7.55144 100 13 0 0 0 -3.47293 100 17 0 0 0 0 0 0 0 0 0 0 0
70500 -268.737 0 0 0 1.52312 100 22 4.366 100 26 0 0 0 -2.863 100 33 0 0 0 0 0 0 0 0 0 0 0
70600 -272.245 0 0 0 1.58115 100 29 3.07514 100 19 0 0 0 -3.09547 100 27 0 0 0 0 0 0 0 0 0 0 0
70700 -268.706 0 0 0 1.56208 100 25 3.60928 100 20 0 0 0 -2.84869 100 21 0 0 0 0 0 0 0 0 0 0 0
70800 -270.056 0 0 0 0.615543 100 24 1.11894 100 22 0 0 0 -2.16704 100 11 0 0 0 0 0 0 0 0 0 0 0
70900 -268.633 0 0 0 1.50485 100 18 3.71019 100 14 0 0 0 -2.6816 100 18 0 0 0 0 0 0 0 0 0 0 0
71000 -269.63 0 0 0 1.89248 100 21 5.81219 100 24 0 0 0 -2.93742 100 20 0 0 0 0 0 0 0 0 0 0 0
71100 -269.868 0 0 0 2.48948 100 32 6.60661 100 26 0 0 0 -3.35229 100 24 0 0 0 0 0 0 0 0 0 0 0
71200 -272.549 0 0 0 2.27817 100 16 9.06117 100 21 0 0 0 -3.43609 100 11 0 0 0 0 0 0 0 0 0 0 0
71300 -268.732 0 0 0 1.91888 100 28 5.65906 100 18 0 0 0 -3.07522 100 21 0 0 0 0 0 0 0 0 0 0 0
71400 -269.487 0 0 0 1.56878 100 18 2.15307 100 24 0 0 0 -2.64882 100 21 0 0 0 0 0 0 0 0 0 0 0
71500 -268.949 0 0 0 1.12723 100 18 1.75244 100 21 0 0 0 -2.44212 100 23 0 0 0 0 0 0 0 0 0 0 0
71600 -269.634 0 0 0 1.85675 100 16 3.0633 100 28 0 0 0 -2.93749 100 17 0 0 0 0 0 0 0 0 0 0 0
71700 -269.435 0 0 0 1.1113 100 16 1.42342 100 21 0 0 0 -2.50387 100 13 0 0 0 0 0 0 0 0 0 0 0
71800 -268.908 0 0 0 1.1757 100 18 2.8712 100 21 0 0 0 -2.59096 100 19 0 0 0 0 0 0 0 0 0 0 0
71900 -268.786 0 0 0 1.8041 100 22 4.94996 100 23 0 0 0 -2.90063 100 19 0 0 0 0 0 0 0 0 0 0 0
72000 -268.715 0 0 0 1.74436 100 17 4.02478 100 18 0 0 0 -2.95785 100 22 0 0 0 0 0 0 0 0 0 0 0
72100 -270.094 0 0 0 2.0062 100 23 4.85554 100 20 0 0 0 -3.29446 100 14 0 0 0 0 0 0 0 0 0 0 0
72200 -269.448 0 0 0 2.28255 100 21 6.64352 100 25 0 0 0 -3.24799 100 21 0 0 0 0 0 0 0 0 0 0 0
72300 -272.172 0 0 0 2.86987 100 17 10.1159 100 16 0 0 0 -4.04453 100 26 0 0 0 0 0 0 0 0 0 0 0
72400 -270.302 0 0 0 2.85355 100 26 8.13846 100 25 0 0 0 -3.72899 100 22 0 0 0 0 0 0 0 0 0 0 0
72500 -270.476 0 0 0 2.82236 100 20 8.94721 100 29 0 0 0 -3.80131 100 23 0 0 0 0 0 0 0 0 0 0 0
72600 -269.43 0 0 0 2.00593 100 25 4.10299 100 14 0 0 0 -3.12616 100 15 0 0 0 0 0 0 0 0 0 0 0
72700 -269.267 0 0 0 2.28004 100 24 5.49722 100 22 0 0 0 -3.2524 100 19 0 0 0 0 0 0 0 0 0 0 0
72800 -274.654 0 0 0 3.63835 100 27 8.40303 100 19 0 0 0 -4.26447 100 16 0 0 0 0 0 0 0 0 0 0 0
72900 -271.028 0 0 0 2.98991 100 26 9.12257 100 25 0 0 0 -4.00372 100 22 0 0 0 0 0 0 0 0 0 0 0
73000 -269.906 0 0 0 2.63433 100 28 7.29494 100 20 0 0 0 -3.66182 100 16 0 0 0 0 0 0 0 0 0 0 0
73100 -269.276 0 0 0 1.90266 100 30 5.99887 100 24 0 0 0 -3.21618 100 20 0 0 0 0 0 0 0 0 0 0 0
73200 -269.462 0 0 0 2.05754 100 25 4.12028 100 17 0 0 0 -3.0287 100 14 0 0 0 0 0 0 0 0 0 0 0
73300 -268.632 0 0 0 1.68506 100 17 4.40885 100 20 0 0 0 -2.95212 100 21 0 0 0 0 0 0 0 0 0 0 0
73400 -268.534 0 0 0 1.57115 100 24 3.58383 100 20 0 0 0 -2.79539 100 11 0 0 0 0 0 0 0 0 0 0 0
73500 -270.228 0 0 0 2.79347 100 24 7.86433 100 19 0 0 0 -3.77434 100 22 0 0 0 0 0 0 0 0 0 0 0
73600 -270.099 0 0 0 2.44269 100 26 6.54625 100 21 0 0 0 -3.58861 100 17 0 0 0 0 0 0 0 0 0 0 0
73700 -269.93 0 0 0 1.0187 100 24 0.964133 100 15 0 0 0 -2.46439 100 15 0 0 0 0 0 0 0 0 0 0 0
73800 -269.942 0 0 0 1.97588 100 24 5.26602 100 18 0 0 0 -2.90278 100 20 0 0 0 0 0 0 0 0 0 0 0
73900 -269.905 0 0 0 1.58979 100 23 5.26295 100 14 0 0 0 -2.74423 100 19 0 0 0 0 0 0 0 0 0 0 0
74000 -270.105 0 0 0 1.77313 100 18 2.32119 100 12 0 0 0 -2.80655 100 16 0 0 0 0 0 0 0 0 0 0 0
74100 -268.994 0 0 0 1.15097 100 27 3.04488 100 17 0 0 0 -2.46398 100 20 0 0 0 0 0 0 0 0 0 0 0
74200 -270.612 0 0 0 1.05153 100 24 3.07514 100 22 0 0 0 -2.69726 100 21 0 0 0 0 0 0 0 0 0 0 0
74300 -269.56 0 0 0 0.814859 100 22 0.732331 100 24 0 0 0 -2.17695 100 15 0 0 0 0 0 0 0 0 0 0 0
74400 -268.894 0 0 0 1.79813 100 30 4.03913 100 24 0 0 0 -2.83909 100 26 0 0 0 0 0 0 0 0 0 0 0
74500 -269.161 0 0 0 1.63638 100 22 2.75791 100 21 0 0 0 -2.70996 100 24 0 0 0 0 0 0 0 0 0 0 0
74600 -270.789 0 0 0 1.55671 100 35 6.33962 100 22 0 0 0 -2.92559 100 18 0 0 0 0 0 0 0 0 0 0 0
74700 -269.093 0 0 0 2.11271 100 27 6.46921 100 21 0 0 0 -3.19733 100 19 0 0 0 0 0 0 0 0 0 0 0
74800 -268.886 0 0 0 1.9119 100 19 4.14372 100 19 0 0 0 -3.01023 100 17 0 0 0 0 0 0 0 0 0 0 0
74900 -270.641 0 0 0 0.505763 100 17 0.961962 100 21 0 0 0 -2.15037 100 16 0 0 0 0 0 0 0 0 0 0 0
75000 -269.785 0 0 0 1.05421 100 20 2.89424 100 21 0 0 0 -2.61878 100 12 0 0 0 0 0 0 0 0 0 0 0
75100 -269.407 0 0 0 1.56945 100 21 4.62177 100 26 0 0 0 -2.99898 100 21 0 0 0 0 0 0 0 0 0 0 0
75200 -269.847 0 0 0 2.01641 100 17 6.60751 100 14 0 0 0 -3.07735 100 10 0 0 0 0 0 0 0 0 0 0 0
75300 -270.871 0 0 0 1.06428 100 28 4.09413 100 28 0 0 0 -2.72718 100 18 0 0 0 0 0 0 0 0 0 0 0
75400 -269.748 0 0 0 1.72158 100 23 2.41134 100 23 0 0 0 -2.78119 100 15 0 0 0 0 0 0 0 0 0 0 0
75500 -271.718 0 0 0 2.5062 100 28 9.35539 100 19 0 0 0 -3.75418 100 22 0 0 0 0 0 0 0 0 0 0 0
75600 -269.938 0 0 0 1.58553 100 24 1.86656 100 23 0 0 0 -2.62597 100 18 0 0 0 0 0 0 0 0 0 0 0
75700 -271.051 0 0 0 1.91285 100 23 4.32471 100 28 0 0 0 -3.27902 100 23 0 0 0 0 0 0 0 0 0 0 0
75800 -269.519 0 0 0 0.812909 100 27 1.02422 100 21 0 0 0 -2.17844 100 26 0 0 0 0 0 0 0 0 0 0 0
75900 -269.59 0 0 0 1.76479 100 26 2.70783 100 19 0 0 0 -2.82795 100 15 0 0 0 0 0 0 0 0 0 0 0
76000 -268.753 0 0 0 1.96102 100 25 5.55389 100 19 0 0 0 -3.0597 100 20 0 0 0 0 0 0 0 0 0 0 0
76100 -269.773 0 0 0 1.05513 100 27 3.74988 100 19 0 0 0 -2.50312 100 22 0 0 0 0 0 0 0 0 0 0 0
76200 -270.496 0 0 0 1.49024 100 16 4.15301 100 19 0 0 0 -2.53651 100 19 0 0 0 0 0 0 0 0 0 0 0
76300 -268.603 0 0 0 1.4659 100 14 3.21374 100 15 0 0 0 -2.65251 100 20 0 0 0 0 0 0 0 0 0 0 0
76400 -268.655 0 0 0 1.82181 100 23 4.62774 100 20 0 0 0 -2.91452 100 21 0 0 0 0 0 0 0 0 0 0 0
76500 -268.643 0 0 0 1.57972 100 24 3.37664 100 32 0 0 0 -2.80672 100 21 0 0 0 0 0 0 0 0 0 0 0
76600 -268.864 0 0 0 1.41933 100 21 3.90656 100 22 0 0 0 -2.63011 100 21 0 0 0 0 0 0 0 0 0 0 0
76700 -271.125 0 0 0 1.80976 100 20 2.81404 100 23 0 0 0 -2.65775 100 20 0 0 0 0 0 0 0 0 0 0 0
76800 -270.002 0 0 0 1.74687 100 20 2.82766 100 20 0 0 0 -2.69245 100 21 0 0 0 0 0 0 0 0 0 0 0
76900 -270.154 0 0 0 1.48073 100 15 2.13089 100 23 0 0 0 -2.81808 100 17 0 0 0 0 0 0 0 0 0 0 0
77000 -269.276 0 0 0 1.7905 100 15 5.45921 100 22 0 0 0 -2.88954 100 17 0 0 0 0 0 0 0 0 0 0 0
77100 -270.826 0 0 0 1.00745 100 24 -0.426717 100 20 0 0 0 -2.31202 100 19 0 0 0 0 0 0 0 0 0 0 0
77200 -268.952 0 0 0 1.35895 100 19 4.26906 100 23 0 0 0 -2.72519 100 18 0 0 0 0 0 0 0 0 0 0 0
77300 -269.006 0 0 0 1.07272 100 23 2.59421 100 15 0 0 0 -2.40708 100 15 0 0 0 0 0 0 0 0 0 0 0
77400 -270.123 0 0 0 2.27279 100 28 4.70808 100 19 0 0 0 -3.13471 100 24 0 0 0 0 0 0 0 0 0 0 0
77500 -268.706 0 0 0 1.68891 100 25 3.51285 100 29 0 0 0 -2.8131 100 14 0 0 0 0 0 0 0 0 0 0 0
77600 -272.054 0 0 0 2.64336 100 27 7.22537 100 22 0 0 0 -3.86545 100 14 0 0 0 0 0 0 0 0 0 0 0
77700 -272.166 0 0 0 3.37845 100 13 10.606 100 13 0 0 0 -4.27551 100 23 0 0 0 0 0 0 0 0 0 0 0
77800 -269.113 0 0 0 2.28386 100 22 6.51653 100 23 0 0 0 -3.38534 100 16 0 0 0 0 0 0 0 0 0 0 0
77900 -269.137 0 0 0 2.11177 100 18 5.7055 100 20 0 0 0 -3.097 100 20 0 0 0 0 0 0 0 0 0 0 0
78000 -269.304 0 0 0 1.36125 100 22 2.88672 100 19 0 0 0 -2.4749 100 16 0 0 0 0 0 0 0 0 0 0 0
78100 -269.346 0 0 0 1.36413 100 22 1.82226 100 24 0 0 0 -2.48356 100 9 0 0 0 0 0 0 0 0 0 0 0
78200 -268.81 0 0 0 1.43016 100 22 3.55592 100 23 0 0 0 -2.6061 100 20 0 0 0 0 0 0 0 0 0 0 0
78300 -268.861 0 0 0 1.48576 100 23 4.60802 100 24 0 0 0 -2.83432 100 19 0 0 0 0 0 0 0 0 0 0 0
78400 -270.911 0 0 0 1.24767 100 19 3.36752 100 31 0 0 0 -2.86382 100 25 0 0 0 0 0 0 0 0 0 0 0
78500 -269.6 0 0 0 1.59093 100 24 5.67194 100 19 0 0 0 -2.87755 100 24 0 0 0 0 0 0 0 0 0 0 0
78600 -270.3 0 0 0 2.61272 100 28 6.14538 100 23 0 0 0 -3.56404 100 18 0 0 0 0 0 0 0 0 0 0 0
78700 -270.763 0 0 0 1.03886 100 27 1.02137 100 31 0 0 0 -2.55897 100 19 0 0 0 0 0 0 0 0 0 0 0
78800 -269.66 0 0 0 1.59218 100 27 5.79437 100 29 0 0 0 -2.92057 100 18 0 0 0 0 0 0 0 0 0 0 0
78900 -272.714 0 0 0 2.93037 100 19 6.44667 100 18 0 0 0 -3.55154 100 16 0 0 0 0 0 0 0 0 0 0 0
79000 -270.238 0 0 0 2.58567 100 33 6.10484 100 21 0 0 0 -3.42337 100 23 0 0 0 0 0 0 0 0 0 0 0
79100 -268.927 0 0 0 1.57484 100 21 5.00982 100 18 0 0 0 -2.83847 100 17 0 0 0 0 0 0 0 0 0 0 0
79200 -269.052 0 0 0 2.07745 100 20 4.67282 100 25 0 0 0 -3.1172 100 19 0 0 0 0 0 0 0 0 0 0 0
79300 -272.237 0 0 0 2.37694 100 24 4.34709 100 26 0 0 0 -3.07517 100 21 0 0 0 0 0 0 0 0 0 0 0
79400 -269.863 0 0 0 2.36964 100 16 5.21864 100 25 0 0 0 -3.35562 100 14 0 0 0 0 0 0 0 0 0 0 0
79500 -268.884 0 0 0 1.68461 100 33 4.82945 100 24 0 0 0 -3.01245 100 24 0 0 0 0 0 0 0 0 0 0 0
79600 -268.721 0 0 0 1.7512 100 17 4.70065 100 18 0 0 0 -3.01986 100 19 0 0 0 0 0 0 0 0 0 0 0
79700 -269.809 0 0 0 2.40644 100 29 7.32726 100 19 0 0 0 -3.35538 100 16 0 0 0 0 0 0 0 0 0 0 0
79800 -270.381 0 0 0 0.854493 100 19 -0.129846 100 28 0 0 0 -2.08546 100 19 0 0 0 0 0 0 0 0 0 0 0
79900 -272.517 0 0 0 1.45378 100 26 1.13395 100 21 0 0 0 -2.31982 100 18 0 0 0 0 0 0 0 0 0 0 0
80000 -268.779 0 0 0 1.38984 100 26 3.02071 100 22 0 0 0 -2.56319 100 28 0 0 0 0 0 0 0 0 0 0 0
80100 -269.865 0 0 0 1.53018 100 19 3.44105 100 16 0 0 0 -2.54557 100 23 0 0 0 0 0 0 0 0 0 0 0
80200 -269.775 0 0 0 1.42569 100 24 1.42151 100 20 0 0 0 -2.60826 100 25 0 0 0 0 0 0 0 0 0 0 0
80300 -269.322 0 0 0 1.30334 100 24 4.2715 100 19 0 0 0 -2.61567 100 18 0 0 0 0 0 0 0 0 0 0 0
80400 -269.134 0 0 0 1.35523 100 24 2.49462 100 19 0 0 0 -2.70705 100 21 0 0 0 0 0 0 0 0 0 0 0
80500 -268.839 0 0 0 1.32227 100 22 3.90734 100 17 0 0 0 -2.6938 100 21 0 0 0 0 0 0 0 0 0 0 0
80600 -268.92 0 0 0 1.21424 100 35 2.42687 100 22 0 0 0 -2.43734 100 20 0 0 0 0 0 0 0 0 0 0 0
80700 -269.419 0 0 0 0.999519 100 19 1.42249 100 25 0 0 0 -2.44202 100 17 0 0 0 0 0 0 0 0 0 0 0
80800 -269.692 0 0 0 1.53496 100 18 3.37254 100 19 0 0 0 -2.93428 100 19 0 0 0 0 0 0 0 0 0 0 0
80900 -270.935 0 0 0 1.6239 100 28 1.38567 100 27 0 0 0 -2.78024 100 18 0 0 0 0 0 0 0 0 0 0 0
81000 -269.861 0 0 0 2.18094 100 24 5.52663 100 29 0 0 0 -3.06067 100 21 0 0 0 0 0 0 0 0 0 0 0
81100 -272.119 0 0 0 2.91329 100 30 10.3013 100 22 0 0 0 -3.89017 100 17 0 0 0 0 0 0 0 0 0 0 0
81200 -270.333 0 0 0 2.32986 100 21 5.64444 100 21 0 0 0 -3.49437 100 18 0 0 0 0 0 0 0 0 0 0 0
81300 -269.562 0 0 0 2.33617 100 23 5.9673 100 23 0 0 0 -3.44205 100 16 0 0 0 0 0 0 0 0 0 0 0
81400 -268.495 0 0 0 1.60908 100 28 4.25578 100 20 0 0 0 -2.83603 100 19 0 0 0 0 0 0 0 0 0 0 0
81500 -269.463 0 0 0 1.6905 100 30 5.41497 100 17 0 0 0 -2.83405 100 26 0 0 0 0 0 0 0 0 0 0 0
81600 -268.814 0 0 0 1.36778 100 28 2.42111 100 19 0 0 0 -2.63358 100 25 0 0 0 0 0 0 0 0 0 0 0
81700 -269.793 0 0 0 1.28717 100 25 4.73457 100 31 0 0 0 -2.6679 100 26 0 0 0 0 0 0 0 0 0 0 0
81800 -269.097 0 0 0 1.03028 100 28 1.85654 100 18 0 0 0 -2.44748 100 19 0 0 0 0 0 0 0 0 0 0 0
81900 -270.806 0 0 0 0.861656 100 23 0.586282 100 15 0 0 0 -2.03315 100 17 0 0 0 0 0 0 0 0 0 0 0
82000 -270.633 0 0 0 0.664937 100 21 0.0885103 100 25 0 0 0 -2.23826 100 16 0 0 0 0 0 0 0 0 0 0 0
82100 -270.026 0 0 0 1.84665 100 23 2.89946 100 23 0 0 0 -2.98463 100 20 0 0 0 0 0 0 0 0 0 0 0
82200 -268.661 0 0 0 1.46902 100 28 4.17881 100 23 0 0 0 -2.79245 100 26 0 0 0 0 0 0 0 0 0 0 0
82300 -270.176 0 0 0 0.689538 100 12 1.56935 100 18 0 0 0 -2.10825 100 13 0 0 0 0 0 0 0 0 0 0 0
82400 -270.147 0 0 0 1.54191 100 20 5.15721 100 26 0 0 0 -3.0554 100 24 0 0 0 0 0 0 0 0 0 0 0
82500 -270.006 0 0 0 1.48341 100 22 4.95209 100 24 0 0 0 -2.99794 100 15 0 0 0 0 0 0 0 0 0 0 0
82600 -272.103 0 0 0 0.561626 100 18 -0.949484 100 16 0 0 0 -1.78828 100 18 0 0 0 0 0 0 0 0 0 0 0
82700 -268.776 0 0 0 1.58203 100 18 3.87712 100 23 0 0 0 -2.89372 100 19 0 0 0 0 0 0 0 0 0 0 0
82800 -269.291 0 0 0 0.891222 100 19 1.32896 100 21 0 0 0 -2.25008 100 22 0 0 0 0 0 0 0 0 0 0 0
82900 -271.364 0 0 0 2.09129 100 25 6.82737 100 29 0 0 0 -3.02476 100 17 0 0 0 0 0 0 0 0 0 0 0
83000 -268.803 0 0 0 2.03855 100 23 5.11624 100 27 0 0 0 -3.15586 100 24 0 0 0 0 0 0 0 0 0 0 0
83100 -268.534 0 0 0 1.58072 100 19 4.23654 100 18 0 0 0 -2.79298 100 17 0 0 0 0 0 0 0 0 0 0 0
83200 -268.942 0 0 0 1.38468 100 21 4.3668 100 23 0 0 0 -2.72774 100 17 0 0 0 0 0 0 0 0 0 0 0
83300 -269.44 0 0 0 1.53997 100 28 5.34461 100 26 0 0 0 -2.82182 100 22 0 0 0 0 0 0 0 0 0 0 0
83400 -269.551 0 0 0 2.41053 100 24 7.53134 100 21 0 0 0 -3.52179 100 16 0 0 0 0 0 0 0 0 0 0 0
83500 -268.617 0 0 0 1.89752 100 22 5.28328 100 22 0 0 0 -3.04611 100 16 0 0 0 0 0 0 0 0 0 0 0
83600 -269.245 0 0 0 1.99231 100 21 6.45445 100 17 0 0 0 -3.25175 100 23 0 0 0 0 0 0 0 0 0 0 0
83700 -269.347 0 0 0 1.16591 100 19 3.63941 100 22 0 0 0 -2.65599 100 19 0 0 0 0 0 0 0 0 0 0 0
83800 -268.892 0 0 0 1.64286 100 22 5.24183 100 30 0 0 0 -2.91679 100 21 0 0 0 0 0 0 0 0 0 0 0
83900 -269.984 0 0 0 1.53304 100 17 1.56679 100 15 0 0 0 -2.62279 100 19 0 0 0 0 0 0 0 0 0 0 0
84000 -268.963 0 0 0 1.65615 100 23 4.36283 100 22 0 0 0 -2.99072 100 15 0 0 0 0 0 0 0 0 0 0 0
84100 -269.284 0 0 0 0.954825 100 14 2.28512 100 20 0 0 0 -2.44013 100 18 0 0 0 0 0 0 0 0 0 0 0
84200 -269.187 0 0 0 1.29943 100 22 3.8196 100 23 0 0 0 -2.55018 100 14 0 0 0 0 0 0 0 0 0 0 0
84300 -269.224 0 0 0 1.33158 100 19 2.89403 100 21 0 0 0 -2.74626 100 13 0 0 0 0 0 0 0 0 0 0 0
84400 -269.348 0 0 0 1.99101 100 21 3.91472 100 19 0 0 0 -3.05785 100 14 0 0 0 0 0 0 0 0 0 0 0
84500 -272.755 0 0 0 2.75055 100 23 9.68716 100 17 0 0 0 -4.04588 100 25 0 0 0 0 0 0 0 0 0 0 0
84600 -271.908 0 0 0 0.915115 100 19 0.925864 100 20 0 0 0 -2.56377 100 19 0 0 0 0 0 0 0 0 0 0 0
84700 -271.441 0 0 0 1.06693 100 25 4.51352 100 23 0 0 0 -2.45921 100 22 0 0 0 0 0 0 0 0 0 0 0
84800 -268.74 0 0 0 1.27895 100 23 2.9397 100 28 0 0 0 -2.5227 100 24 0 0 0 0 0 0 0 0 0 0 0
84900 -268.82 0 0 0 1.62146 100 21 4.94867 100 31 0 0 0 -2.94383 100 14 0 0 0 0 0 0 0 0 0 0 0
85000 -271.755 0 0 0 0.333262 100 30 0.150345 100 20 0 0 0 -2.09055 100 19 0 0 0 0 0 0 0 0 0 0 0
85100 -268.748 0 0 0 1.4105 100 26 3.70491 100 20 0 0 0 -2.77372 100 19 0 0 0 0 0 0 0 0 0 0 0
85200 -273.344 0 0 0 1.39723 100 35 0.29449 100 21 0 0 0 -2.7743 100 18 0 0 0 0 0 0 0 0 0 0 0
85300 -270.134 0 0 0 0.915694 100 21 -0.0767465 100 22 0 0 0 -2.18233 100 14 0 0 0 0 0 0 0 0 0 0 0
85400 -269.707 0 0 0 1.1438 100 24 3.43565 100 24 0 0 0 -2.4155 100 20 0 0 0 0 0 0 0 0 0 0 0
85500 -270.448 0 0 0 1.54212 100 19 4.0699 100 15 0 0 0 -2.55484 100 26 0 0 0 0 0 0 0 0 0 0 0
85600 -271.468 0 0 0 2.33666 100 26 7.31708 100 25 0 0 0 -3.69352 100 17 0 0 0 0 0 0 0 0 0 0 0
85700 -271.24 0 0 0 2.29481 100 28 7.56936 100 17 0 0 0 -3.65977 100 27 0 0 0 0 0 0 0 0 0 0 0
85800 -271.301 0 0 0 2.33337 100 17 5.66685 100 27 0 0 0 -3.57371 100 16 0 0 0 0 0 0 0 0 0 0 0
85900 -273.514 0 0 0 -0.0541177 100 20 -0.359187 100 24 0 0 0 -1.71695 100 17 0 0 0 0 0 0 0 0 0 0 0
86000 -269.945 0 0 0 0.693827 100 20 0.13901 100 21 0 0 0 -2.09294 100 16 0 0 0 0 0 0 0 0 0 0 0
86100 -268.672 0 0 0 1.56347 100 22 3.23884 100 19 0 0 0 -2.70694 100 20 0 0 0 0 0 0 0 0 0 0 0
86200 -271.093 0 0 0 2.90112 100 22 8.82348 100 18 0 0 0 -3.7041 100 15 0 0 0 0 0 0 0 0 0 0 0
86300 -271.1 0 0 0 2.4152 100 19 6.5427 100 23 0 0 0 -3.66334 100 18 0 0 0 0 0 0 0 0 0 0 0
86400 -269.611 0 0 0 1.85079 100 22 4.25005 100 25 0 0 0 -3.13822 100 15 0 0 0 0 0 0 0 0 0 0 0
86500 -269.324 0 0 0 1.43626 100 26 2.32249 100 22 0 0 0 -2.51645 100 29 0 0 0 0 0 0 0 0 0 0 0
86600 -269.14 0 0 0 1.05393 100 19 1.61593 100 17 0 0 0 -2.32016 100 23 0 0 0 0 0 0 0 0 0 0 0
86700 -268.906 0 0 0 1.95352 100 23 5.05678 100 17 0 0 0 -2.98087 100 20 0 0 0 0 0 0 0 0 0 0 0
86800 -269.02 0 0 0 1.91746 100 17 5.17995 100 19 0 0 0 -2.9483 100 24 0 0 0 0 0 0 0 0 0 0 0
86900 -270.677 0 0 0 2.72148 100 27 6.85493 100 26 0 0 0 -3.73405 100 25 0 0 0 0 0 0 0 0 0 0 0
87000 -270.172 0 0 0 2.69659 100 22 8.54432 100 19 0 0 0 -3.72482 100 23 0 0 0 0 0 0 0 0 0 0 0
87100 -269.083 0 0 0 1.93702 100 27 6.03061 100 25 0 0 0 -3.20639 100 18 0 0 0 0 0 0 0 0 0 0 0
87200 -270.173 0 0 0 2.57281 100 23 6.03531 100 16 0 0 0 -3.52815 100 21 0 0 0 0 0 0 0 0 0 0 0
87300 -269.525 0 0 0 1.1959 100 24 1.40544 100 16 0 0 0 -2.54802 100 20 0 0 0 0 0 0 0 0 0 0 0
87400 -269.18 0 0 0 1.12684 100 21 1.36295 100 23 0 0 0 -2.43864 100 15 0 0 0 0 0 0 0 0 0 0 0
87500 -273.454 0 0 0 0.997521 100 29 3.9457 100 24 0 0 0 -2.23166 100 28 0 0 0 0 0 0 0 0 0 0 0
87600 -272.889 0 0 0 2.90895 100 14 5.68708 100 23 0 0 0 -3.60131 100 19 0 0 0 0 0 0 0 0 0 0 0
87700 -269.183 0 0 0 0.971946 100 19 1.30041 100 19 0 0 0 -2.3405 100 17 0 0 0 0 0 0 0 0 0 0 0
87800 -269.698 0 0 0 0.737977 100 20 1.64226 100 20 0 0 0 -2.23337 100 19 0 0 0 0 0 0 0 0 0 0 0
87900 -269.272 0 0 0 1.05298 100 22 1.26315 100 26 0 0 0 -2.41787 100 17 0 0 0 0 0 0 0 0 0 0 0
88000 -269.445 0 0 0 0.857631 100 19 1.94926 100 30 0 0 0 -2.35793 100 18 0 0 0 0 0 0 0 0 0 0 0
88100 -268.884 0 0 0 1.08273 100 20 2.43403 100 21 0 0 0 -2.4382 100 19 0 0 0 0 0 0 0 0 0 0 0
88200 -268.675 0 0 0 1.33234 100 26 2.82316 100 31 0 0 0 -2.64518 100 23 0 0 0 0 0 0 0 0 0 0 0
88300 -269.499 0 0 0 0.852055 100 19 2.045 100 20 0 0 0 -2.3638 100 18 0 0 0 0 0 0 0 0 0 0 0
88400 -269.252 0 0 0 1.934 100 26 6.46138 100 32 0 0 0 -3.15825 100 21 0 0 0 0 0 0 0 0 0 0 0
88500 -270.05 0 0 0 1.66424 100 26 4.45559 100 22 0 0 0 -2.6677 100 20 0 0 0 0 0 0 0 0 0 0 0
88600 -268.952 0 0 0 1.43475 100 21 4.24445 100 22 0 0 0 -2.83329 100 18 0 0 0 0 0 0 0 0 0 0 0
88700 -271.221 0 0 0 1.06039 100 23 -0.668554 100 22 0 0 0 -2.28038 100 17 0 0 0 0 0 0 0 0 0 0 0
88800 -270.616 0 0 0 1.29739 100 22 0.391304 100 16 0 0 0 -2.41787 100 23 0 0 0 0 0 0 0 0 0 0 0
88900 -270.981 0 0 0 1.86119 100 15 3.46999 100 23 0 0 0 -3.16861 100 19 0 0 0 0 0 0 0 0 0 0 0
89000 -269.308 0 0 0 1.60698 100 24 5.35493 100 13 0 0 0 -3.00125 100 24 0 0 0 0 0 0 0 0 0 0 0
89100 -269.704 0 0 0 1.55148 100 19 2.4148 100 21 0 0 0 -2.83078 100 21 0 0 0 0 0 0 0 0 0 0 0
89200 -271.545 0 0 0 1.33826 100 33 3.74416 100 9 0 0 0 -2.97674 100 17 0 0 0 0 0 0 0 0 0 0 0
89300 -269.081 0 0 0 1.28594 100 22 3.80418 100 14 0 0 0 -2.56411 100 22 0 0 0 0 0 0 0 0 0 0 0
89400 -268.682 0 0 0 1.53451 100 25 3.68447 100 16 0 0 0 -2.68408 100 20 0 0 0 0 0 0 0 0 0 0 0
89500 -270.053 0 0 0 0.721914 100 25 0.744047 100 22 0 0 0 -2.05824 100 21 0 0 0 0 0 0 0 0 0 0 0
89600 -276.467 0 0 0 -0.00923801 100 22 -3.60862 100 26 0 0 0 -1.84488 100 17 0 0 0 0 0 0 0 0 0 0 0
89700 -269.768 0 0 0 1.00948 100 22 2.44278 100 25 0 0 0 -2.56714 100 18 0 0 0 0 0 0 0 0 0 0 0
89800 -269.461 0 0 0 1.44327 100 28 4.37809 100 21 0 0 0 -2.62247 100 21 0 0 0 0 0 0 0 0 0 0 0
89900 -270.076 0 0 0 1.5799 100 18 1.97951 100 19 0 0 0 -2.80336 100 15 0 0 0 0 0 0 0 0 0 0 0
90000 -270.887 0 0 0 0.716092 100 26 -0.948218 100 17 0 0 0 -2.12225 100 15 0 0 0 0 0 0 0 0 0 0 0
90100 -270.425 0 0 0 1.22019 100 25 0.547845 100 15 0 0 0 -2.31412 100 16 0 0 0 0 0 0 0 0 0 0 0
90200 -269.891 0 0 0 1.50705 100 27 3.46509 100 19 0 0 0 -2.53225 100 15 0 0 0 0 0 0 0 0 0 0 0
90300 -269.349 0 0 0 1.15335 100 20 1.96776 100 17 0 0 0 -2.57983 100 16 0 0 0 0 0 0 0 0 0 0 0
90400 -271.089 0 0 0 0.658814 100 24 -0.986248 100 24 0 0 0 -1.93732 100 24 0 0 0 0 0 0 0 0 0 0 0
90500 -271.205 0 0 0 0.642918 100 26 1.60333 100 23 0 0 0 -2.37639 100 15 0 0 0 0 0 0 0 0 0 0 0
90600 -271.28 0 0 0 2.51786 100 26 4.70573 100 18 0 0 0 -3.37667 100 15 0 0 0 0 0 0 0 0 0 0 0
90700 -268.534 0 0 0 1.74046 100 23 4.19019 100 22 0 0 0 -2.90777 100 24 0 0 0 0 0 0 0 0 0 0 0
90800 -269.949 0 0 0 1.37698 100 22 4.74067 100 20 0 0 0 -2.62304 100 20 0 0 0 0 0 0 0 0 0 0 0
90900 -269.698 0 0 0 0.723534 100 24 0.897455 100 33 0 0 0 -2.13827 100 15 0 0 0 0 0 0 0 0 0 0 0
91000 -268.892 0 0 0 2.07309 100 16 5.18682 100 27 0 0 0 -3.09344 100 16 0 0 0 0 0 0 0 0 0 0 0
91100 -268.797 0 0 0 2.08835 100 23 5.41684 100 20 0 0 0 -3.15009 100 17 0 0 0 0 0 0 0 0 0 0 0
91200 -268.772 0 0 0 1.17005 100 24 2.82014 100 16 0 0 0 -2.51074 100 20 0 0 0 0 0 0 0 0 0 0 0
91300 -270.101 0 0 0 1.05389 100 18 3.17683 100 17 0 0 0 -2.65608 100 13 0 0 0 0 0 0 0 0 0 0 0
91400 -269.948 0 0 0 0.954258 100 24 0.182657 100 19 0 0 0 -2.21011 100 19 0 0 0 0 0 0 0 0 0 0 0
91500 -269.279 0 0 0 1.35343 100 28 3.43608 100 26 0 0 0 -2.80065 100 24 0 0 0 0 0 0 0 0 0 0 0
91600 -270.529 0 0 0 2.01438 100 24 7.10482 100 22 0 0 0 -3.41275 100 18 0 0 0 0 0 0 0 0 0 0 0
91700 -269.169 0 0 0 1.48819 100 24 5.00695 100 28 0 0 0 -2.80745 100 24 0 0 0 0 0 0 0 0 0 0 0
91800 -268.907 0 0 0 1.69043 100 19 3.45406 100 25 0 0 0 -2.75585 100 31 0 0 0 0 0 0 0 0 0 0 0
91900 -271.382 0 0 0 0.941329 100 25 -0.815415 100 22 0 0 0 -2.29836 100 18 0 0 0 0 0 0 0 0 0 0 0
92000 -268.9 0 0 0 1.29214 100 26 2.46836 100 24 0 0 0 -2.63712 100 18 0 0 0 0 0 0 0 0 0 0 0
92100 -270.413 0 0 0 1.49504 100 26 1.73474 100 16 0 0 0 -2.47549 100 14 0 0 0 0 0 0 0 0 0 0 0
92200 -269.53 0 0 0 1.74266 100 31 5.99806 100 17 0 0 0 -2.95249 100 17 0 0 0 0 0 0 0 0 0 0 0
92300 -271.596 0 0 0 2.01872 100 31 6.60575 100 26 0 0 0 -2.95556 100 18 0 0 0 0 0 0 0 0 0 0 0
92400 -271.46 0 0 0 0.691304 100 24 -1.5217 100 25 0 0 0 -1.99704 100 21 0 0 0 0 0 0 0 0 0 0 0
92500 -270.316 0 0 0 0.815611 100 25 0.203488 100 26 0 0 0 -2.05469 100 16 0 0 0 0 0 0 0 0 0 0 0
92600 -269.304 0 0 0 1.16633 100 23 2.06038 100 29 0 0 0 -2.59046 100 26 0 0 0 0 0 0 0 0 0 0 0
92700 -269.152 0 0 0 2.10377 100 26 4.65471 100 12 0 0 0 -3.12438 100 20 0 0 0 0 0 0 0 0 0 0 0
92800 -269.139 0 0 0 2.10837 100 25 4.92022 100 17 0 0 0 -3.08341 100 21 0 0 0 0 0 0 0 0 0 0 0
92900 -269.182 0 0 0 1.29311 100 17 1.64603 100 15 0 0 0 -2.48375 100 14 0 0 0 0 0 0 0 0 0 0 0
93000 -272.006 0 0 0 0.809849 100 27 -0.410361 100 27 0 0 0 -1.92153 100 18 0 0 0 0 0 0 0 0 0 0 0
93100 -269.135 0 0 0 1.26872 100 21 1.77492 100 22 0 0 0 -2.56274 100 20 0 0 0 0 0 0 0 0 0 0 0
93200 -271.501 0 0 0 1.0421 100 22 -0.156657 100 17 0 0 0 -2.46643 100 21 0 0 0 0 0 0 0 0 0 0 0
93300 -270.517 0 0 0 0.55087 100 17 -0.138027 100 24 0 0 0 -2.10786 100 22 0 0 0 0 0 0 0 0 0 0 0
93400 -270.122 0 0 0 2.23816 100 28 5.86909 100 26 0 0 0 -3.4684 100 14 0 0 0 0 0 0 0 0 0 0 0
93500 -270.002 0 0 0 1.89945 100 20 3.13806 100 30 0 0 0 -2.83651 100 22 0 0 0 0 0 0 0 0 0 0 0
93600 -269.078 0 0 0 1.1452 100 17 2.71525 100 20 0 0 0 -2.59329 100 20 0 0 0 0 0 0 0 0 0 0 0
93700 -270.633 0 0 0 0.857598 100 22 0.0401712 100 16 0 0 0 -2.04744 100 21 0 0 0 0 0 0 0 0 0 0 0
93800 -269.568 0 0 0 1.01727 100 25 2.07646 100 27 0 0 0 -2.26178 100 15 0 0 0 0 0 0 0 0 0 0 0
93900 -270.751 0 0 0 1.07372 100 21 4.2558 100 23 0 0 0 -2.46635 100 25 0 0 0 0 0 0 0 0 0 0 0
94000 -269.025 0 0 0 2.19037 100 24 6.39775 100 21 0 0 0 -3.24247 100 19 0 0 0 0 0 0 0 0 0 0 0
94100 -270.398 0 0 0 2.47773 100 21 7.2548 100 15 0 0 0 -3.67712 100 14 0 0 0 0 0 0 0 0 0 0 0
94200 -269.215 0 0 0 1.60316 100 17 4.28681 100 15 0 0 0 -2.98731 100 17 0 0 0 0 0 0 0 0 0 0 0
94300 -271.169 0 0 0 1.49294 100 24 0.787929 100 20 0 0 0 -2.49306 100 21 0 0 0 0 0 0 0 0 0 0 0
94400 -270.767 0 0 0 2.48128 100 28 5.28496 100 24 0 0 0 -3.50349 100 25 0 0 0 0 0 0 0 0 0 0 0
94500 -268.726 0 0 0 1.36029 100 23 3.65768 100 16 0 0 0 -2.72489 100 23 0 0 0 0 0 0 0 0 0 0 0
94600 -270.498 0 0 0 1.21126 100 24 4.76147 100 18 0 0 0 -2.7948 100 19 0 0 0 0 0 0 0 0 0 0 0
94700 -268.7 0 0 0 1.28949 100 19 3.27621 100 17 0 0 0 -2.57011 100 17 0 0 0 0 0 0 0 0 0 0 0
94800 -268.673 0 0 0 1.35189 100 18 3.73605 100 20 0 0 0 -2.6668 100 14 0 0 0 0 0 0 0 0 0 0 0
94900 -270.625 0 0 0 1.18256 100 30 2.84026 100 14 0 0 0 -2.77616 100 12 0 0 0 0 0 0 0 0 0 0 0
95000 -269.974 0 0 0 1.93624 100 17 3.24348 100 24 0 0 0 -3.04097 100 20 0 0 0 0 0 0 0 0 0 0 0
95100 -269.521 0 0 0 1.67347 100 29 2.48709 100 22 0 0 0 -2.81039 100 15 0 0 0 0 0 0 0 0 0 0 0
95200 -269.691 0 0 0 0.727977 100 16 1.48174 100 18 0 0 0 -2.20676 100 14 0 0 0 0 0 0 0 0 0 0 0
95300 -269.196 0 0 0 1.82224 100 25 6.10572 100 16 0 0 0 -3.06275 100 24 0 0 0 0 0 0 0 0 0 0 0
95400 -272.463 0 0 0 1.40377 100 21 3.1263 100 22 0 0 0 -2.32828 100 20 0 0 0 0 0 0 0 0 0 0 0
95500 -269.014 0 0 0 1.52939 100 22 2.47726 100 31 0 0 0 -2.68682 100 23 0 0 0 0 0 0 0 0 0 0 0
95600 -268.521 0 0 0 1.59073 100 27 3.66093 100 17 0 0 0 -2.77291 100 21 0 0 0 0 0 0 0 0 0 0 0
95700 -268.819 0 0 0 1.5691 100 22 3.55439 100 23 0 0 0 -2.67567 100 22 0 0 0 0 0 0 0 0 0 0 0
95800 -269.11 0 0 0 1.49761 100 29 4.78546 100 20 0 0 0 -2.89739 100 18 0 0 0 0 0 0 0 0 0 0 0
95900 -269.889 0 0 0 1.36217 100 24 1.82568 100 15 0 0 0 -2.41065 100 26 0 0 0 0 0 0 0 0 0 0 0
96000 -269.518 0 0 0 1.07479 100 34 1.24999 100 19 0 0 0 -2.47472 100 18 0 0 0 0 0 0 0 0 0 0 0
96100 -270.051 0 0 0 1.2804 100 26 4.30416 100 26 0 0 0 -2.52947 100 21 0 0 0 0 0 0 0 0 0 0 0
96200 -273.127 0 0 0 1.24672 100 23 -0.308027 100 22 0 0 0 -2.6286 100 23 0 0 0 0 0 0 0 0 0 0 0
96300 -269.422 0 0 0 1.58808 100 25 5.23326 100 23 0 0 0 -2.79109 100 19 0 0 0 0 0 0 0 0 0 0 0
96400 -268.903 0 0 0 1.32902 100 29 2.92731 100 18 0 0 0 -2.5094 100 22 0 0 0 0 0 0 0 0 0 0 0
96500 -269.335 0 0 0 1.37916 100 21 3.03979 100 21 0 0 0 -2.48817 100 20 0 0 0 0 0 0 0 0 0 0 0
96600 -272.732 0 0 0 3.09212 100 27 6.69211 100 22 0 0 0 -3.78123 100 17 0 0 0 0 0 0 0 0 0 0 0
96700 -272.624 0 0 0 2.49755 100 22 4.15311 100 21 0 0 0 -3.20717 100 14 0 0 0 0 0 0 0 0 0 0 0
96800 -270.744 0 0 0 1.0585 100 19 1.87434 100 19 0 0 0 -2.17395 100 19 0 0 0 0 0 0 0 0 0 0 0
96900 -269.583 0 0 0 1.3234 100 24 3.32436 100 23 0 0 0 -2.46054 100 28 0 0 0 0 0 0 0 0 0 0 0
97000 -269.071 0 0 0 1.25711 100 20 3.95423 100 22 0 0 0 -2.61862 100 10 0 0 0 0 0 0 0 0 0 0 0
97100 -269.354 0 0 0 1.96264 100 31 5.75362 100 20 0 0 0 -3.26334 100 17 0 0 0 0 0 0 0 0 0 0 0
97200 -271.16 0 0 0 0.669945 100 16 2.81267 100 21 0 0 0 -2.36251 100 26 0 0 0 0 0 0 0 0 0 0 0
97300 -270.051 0 0 0 0.802621 100 21 0.204848 100 24 0 0 0 -2.25874 100 20 0 0 0 0 0 0 0 0 0 0 0
97400 -270.39 0 0 0 1.96923 100 17 7.41414 100 18 0 0 0 -3.27181 100 16 0 0 0 0 0 0 0 0 0 0 0
97500 -268.59 0 0 0 1.82599 100 18 4.52356 100 26 0 0 0 -2.93841 100 29 0 0 0 0 0 0 0 0 0 0 0
97600 -269.248 0 0 0 0.983392 100 23 2.65729 100 16 0 0 0 -2.45273 100 23 0 0 0 0 0 0 0 0 0 0 0
97700 -273.069 0 0 0 0.147817 100 26 -1.14984 100 24 0 0 0 -1.59704 100 26 0 0 0 0 0 0 0 0 0 0 0
97800 -269.104 0 0 0 2.18136 100 26 6.63171 100 10 0 0 0 -3.2589 100 16 0 0 0 0 0 0 0 0 0 0 0
97900 -270.706 0 0 0 0.943536 100 25 1.24419 100 19 0 0 0 -2.52591 100 24 0 0 0 0 0 0 0 0 0 0 0
98000 -270.356 0 0 0 0.876695 100 23 3.39171 100 21 0 0 0 -2.44574 100 18 0 0 0 0 0 0 0 0 0 0 0
98100 -270.578 0 0 0 0.872114 100 28 0.177223 100 12 0 0 0 -2.05767 100 18 0 0 0 0 0 0 0 0 0 0 0
98200 -269.951 0 0 0 0.959979 100 29 0.243865 100 23 0 0 0 -2.31258 100 15 0 0 0 0 0 0 0 0 0 0 0
98300 -268.664 0 0 0 1.33226 100 21 2.85773 100 20 0 0 0 -2.55975 100 19 0 0 0 0 0 0 0 0 0 0 0
98400 -268.993 0 0 0 2.18799 100 29 6.46603 100 22 0 0 0 -3.30707 100 22 0 0 0 0 0 0 0 0 0 0 0
98500 -269.946 0 0 0 2.52823 100 28 7.05794 100 26 0 0 0 -3.63368 100 22 0 0 0 0 0 0 0 0 0 0 0
98600 -268.931 0 0 0 1.93826 100 22 4.20156 100 14 0 0 0 -3.03201 100 24 0 0 0 0 0 0 0 0 0 0 0
98700 -271.317 0 0 0 0.893648 100 19 2.48745 100 22 0 0 0 -2.1341 100 19 0 0 0 0 0 0 0 0 0 0 0
98800 -270.734 0 0 0 0.714548 100 24 1.40971 100 21 0 0 0 -2.38611 100 16 0 0 0 0 0 0 0 0 0 0 0
98900 -269.076 0 0 0 1.86769 100 22 3.76011 100 18 0 0 0 -2.9946 100 21 0 0 0 0 0 0 0 0 0 0 0
99000 -269.029 0 0 0 1.91505 100 28 5.93272 100 19 0 0 0 -3.18347 100 18 0 0 0 0 0 0 0 0 0 0 0
99100 -270.895 0 0 0 1.68569 100 25 1.48592 100 17 0 0 0 -2.69038 100 11 0 0 0 0 0 0 0 0 0 0 0
99200 -270.957 0 0 0 1.16255 100 29 4.63667 100 24 0 0 0 -2.80793 100 17 0 0 0 0 0 0 0 0 0 0 0
99300 -269.264 0 0 0 1.61342 100 22 3.09892 100 26 0 0 0 -2.89171 100 11 0 0 0 0 0 0 0 0 0 0 0
99400 -268.949 0 0 0 1.8164 100 26 5.81788 100 28 0 0 0 -3.06185 100 20 0 0 0 0 0 0 0 0 0 0 0
99500 -268.836 0 0 0 1.98804 100 20 4.86785 100 11 0 0 0 -3.02047 100 20 0 0 0 0 0 0 0 0 0 0 0
99600 -270.394 0 0 0 1.50962 100 24 5.01195 100 18 0 0 0 -3.05246 100 22 0 0 0 0 0 0 0 0 0 0 0
99700 -271.225 0 0 0 1.31751 100 26 3.01911 100 27 0 0 0 -2.33364 100 19 0 0 0 0 0 0 0 0 0 0 0
99800 -268.559 0 0 0 1.67092 100 20 4.7095 100 19 0 0 0 -2.90801 100 17 0 0 0 0 0 0 0 0 0 0 0
99900 -270.632 0 0 0 1.0098 100 28 3.98554 100 19 0 0 0 -2.43435 100 20 0 0 0 0 0 0 0 0 0 0 0
100000 -268.534 0 0 0 1.54821 100 24 3.51844 100 27 0 0 0 -2.77863 100 21 0 0 0 0 0 0 0 0 0 0 0
