iteration logLik intercept1 intercept1_p intercept1_a pcov2 pcov2_p pcov2_a pcov3 pcov3_p pcov3_a pcov4 pcov4_p pcov4_a intercept2 intercept2_p intercept2_a intercept3 intercept3_p intercept3_a intercept4 intercept4_p intercept4_a pcov pcov_p pcov_a data_p data_a
0 -46839.3 0 0 0 4.4357 0 0 5.28127 0 0 0 0 0 2.16562 0 0 0 0 0 0 0 0 0 0 0 0 0
100 -216.664 0 0 0 1.61211 100 40 4.38682 100 29 0 0 0 -3.06559 100 28 0 0 0 0 0 0 0 0 0 0 0
200 -218.007 0 0 0 1.18326 100 32 1.96334 100 31 0 0 0 -2.9552 100 15 0 0 0 0 0 0 0 0 0 0 0
300 -218.968 0 0 0 2.73647 100 29 7.38386 100 18 0 0 0 -3.97631 100 29 0 0 0 0 0 0 0 0 0 0 0
400 -217.375 0 0 0 2.06824 100 34 4.61571 100 20 0 0 0 -3.3624 100 23 0 0 0 0 0 0 0 0 0 0 0
500 -218.061 0 0 0 0.718206 100 30 2.74039 100 27 0 0 0 -2.62586 100 27 0 0 0 0 0 0 0 0 0 0 0
600 -217.343 0 0 0 2.15859 100 30 6.52225 100 27 0 0 0 -3.60763 100 23 0 0 0 0 0 0 0 0 0 0 0
700 -216.784 0 0 0 1.35609 100 37 3.83281 100 33 0 0 0 -2.90635 100 29 0 0 0 0 0 0 0 0 0 0 0
800 -217.181 0 0 0 1.21895 100 36 2.21408 100 18 0 0 0 -2.74406 100 23 0 0 0 0 0 0 0 0 0 0 0
900 -216.695 0 0 0 1.71061 100 37 4.46832 100 28 0 0 0 -3.12042 100 27 0 0 0 0 0 0 0 0 0 0 0
1000 -218.495 0 0 0 1.03608 100 36 5.26044 100 20 0 0 0 -2.99183 100 21 0 0 0 0 0 0 0 0 0 0 0
1100 -217.091 0 0 0 1.94232 100 29 5.95915 100 24 0 0 0 -3.27748 100 26 0 0 0 0 0 0 0 0 0 0 0
1200 -217.221 0 0 0 1.98853 100 27 5.488 100 18 0 0 0 -3.23254 100 22 0 0 0 0 0 0 0 0 0 0 0
1300 -218.834 0 0 0 1.10488 100 41 2.94097 100 30 0 0 0 -3.11046 100 29 0 0 0 0 0 0 0 0 0 0 0
1400 -216.846 0 0 0 1.42355 100 28 3.02755 100 26 0 0 0 -2.94354 100 31 0 0 0 0 0 0 0 0 0 0 0
1500 -217.633 0 0 0 0.9483 100 30 1.38696 100 27 0 0 0 -2.60903 100 26 0 0 0 0 0 0 0 0 0 0 0
1600 -217.913 0 0 0 1.95666 100 26 5.77955 100 26 0 0 0 -3.59594 100 16 0 0 0 0 0 0 0 0 0 0 0
1700 -218.464 0 0 0 0.722305 100 24 3.56661 100 32 0 0 0 -2.71162 100 26 0 0 0 0 0 0 0 0 0 0 0
1800 -217.273 0 0 0 1.12926 100 34 4.28502 100 28 0 0 0 -2.93993 100 16 0 0 0 0 0 0 0 0 0 0 0
1900 -217.539 0 0 0 1.91001 100 24 6.76088 100 24 0 0 0 -3.32773 100 18 0 0 0 0 0 0 0 0 0 0 0
2000 -217.365 0 0 0 1.54886 100 37 3.173 100 29 0 0 0 -2.85678 100 26 0 0 0 0 0 0 0 0 0 0 0
2100 -217.023 0 0 0 1.81972 100 31 3.98881 100 23 0 0 0 -3.20429 100 18 0 0 0 0 0 0 0 0 0 0 0
2200 -217.642 0 0 0 0.992164 100 36 1.59812 100 23 0 0 0 -2.75124 100 27 0 0 0 0 0 0 0 0 0 0 0
2300 -217.715 0 0 0 0.807214 100 41 2.13864 100 23 0 0 0 -2.69507 100 29 0 0 0 0 0 0 0 0 0 0 0
2400 -218.059 0 0 0 1.85673 100 34 2.81364 100 22 0 0 0 -3.13225 100 20 0 0 0 0 0 0 0 0 0 0 0
2500 -217.033 0 0 0 1.80885 100 36 4.70083 100 24 0 0 0 -3.10297 100 26 0 0 0 0 0 0 0 0 0 0 0
2600 -217.686 0 0 0 0.954589 100 29 2.61131 100 28 0 0 0 -2.86652 100 27 0 0 0 0 0 0 0 0 0 0 0
2700 -216.975 0 0 0 1.95071 100 35 5.81381 100 19 0 0 0 -3.44586 100 20 0 0 0 0 0 0 0 0 0 0 0
2800 -217.371 0 0 0 1.33357 100 32 5.33716 100 27 0 0 0 -3.11796 100 16 0 0 0 0 0 0 0 0 0 0 0
2900 -217.357 0 0 0 1.20028 100 30 3.52085 100 22 0 0 0 -2.74118 100 21 0 0 0 0 0 0 0 0 0 0 0
3000 -217.707 0 0 0 0.890405 100 34 1.3396 100 25 0 0 0 -2.62693 100 26 0 0 0 0 0 0 0 0 0 0 0
3100 -217.184 0 0 0 1.11112 100 40 2.62318 100 26 0 0 0 -2.87033 100 25 0 0 0 0 0 0 0 0 0 0 0
3200 -217.059 0 0 0 1.82361 100 27 5.70532 100 22 0 0 0 -3.19768 100 17 0 0 0 0 0 0 0 0 0 0 0
3300 -217.814 0 0 0 1.2452 100 22 4.25133 100 20 0 0 0 -3.17211 100 21 0 0 0 0 0 0 0 0 0 0 0
3400 -220.262 0 0 0 1.02257 100 43 1.21098 100 27 0 0 0 -3.01185 100 20 0 0 0 0 0 0 0 0 0 0 0
3500 -217.225 0 0 0 1.10912 100 32 3.85224 100 25 0 0 0 -2.95222 100 28 0 0 0 0 0 0 0 0 0 0 0
3600 -217.807 0 0 0 1.33312 100 29 4.54296 100 23 0 0 0 -2.82505 100 25 0 0 0 0 0 0 0 0 0 0 0
3700 -217.266 0 0 0 2.06368 100 29 5.3502 100 16 0 0 0 -3.276 100 27 0 0 0 0 0 0 0 0 0 0 0
3800 -220.801 0 0 0 1.64272 100 36 0.709954 100 20 0 0 0 -3.11992 100 23 0 0 0 0 0 0 0 0 0 0 0
3900 -219.06 0 0 0 0.987622 100 27 4.8939 100 23 0 0 0 -2.77198 100 19 0 0 0 0 0 0 0 0 0 0 0
4000 -217.413 0 0 0 1.57205 100 23 5.08712 100 24 0 0 0 -2.9861 100 28 0 0 0 0 0 0 0 0 0 0 0
4100 -217.359 0 0 0 1.71395 100 32 3.59743 100 18 0 0 0 -2.96838 100 18 0 0 0 0 0 0 0 0 0 0 0
4200 -219.775 0 0 0 2.01679 100 32 2.78474 100 23 0 0 0 -2.99286 100 28 0 0 0 0 0 0 0 0 0 0 0
4300 -217.973 0 0 0 1.0379 100 34 1.04589 100 25 0 0 0 -2.56136 100 24 0 0 0 0 0 0 0 0 0 0 0
4400 -221.742 0 0 0 2.15135 100 33 6.43993 100 21 0 0 0 -3.99901 100 26 0 0 0 0 0 0 0 0 0 0 0
4500 -217.509 0 0 0 2.03577 100 31 7.11701 100 27 0 0 0 -3.58987 100 25 0 0 0 0 0 0 0 0 0 0 0
4600 -217.625 0 0 0 1.53091 100 38 3.48642 100 28 0 0 0 -3.21802 100 16 0 0 0 0 0 0 0 0 0 0 0
4700 -217.427 0 0 0 2.01704 100 29 4.39427 100 22 0 0 0 -3.21864 100 29 0 0 0 0 0 0 0 0 0 0 0
4800 -216.99 0 0 0 1.11179 100 27 2.86209 100 21 0 0 0 -2.81179 100 20 0 0 0 0 0 0 0 0 0 0 0
4900 -220.456 0 0 0 2.4797 100 36 7.63737 100 29 0 0 0 -4.10967 100 21 0 0 0 0 0 0 0 0 0 0 0
5000 -218.565 0 0 0 2.45116 100 33 8.53368 100 22 0 0 0 -3.92008 100 25 0 0 0 0 0 0 0 0 0 0 0
5100 -217.311 0 0 0 1.71892 100 36 3.19129 100 32 0 0 0 -3.01972 100 31 0 0 0 0 0 0 0 0 0 0 0
5200 -217.639 0 0 0 0.829352 100 27 1.86584 100 23 0 0 0 -2.60176 100 23 0 0 0 0 0 0 0 0 0 0 0
5300 -222.302 0 0 0 1.16703 100 33 -2.05154 100 29 0 0 0 -2.50887 100 19 0 0 0 0 0 0 0 0 0 0 0
5400 -217.95 0 0 0 2.06239 100 32 3.95561 100 20 0 0 0 -3.20253 100 20 0 0 0 0 0 0 0 0 0 0 0
5500 -217.076 0 0 0 1.99111 100 34 5.33391 100 23 0 0 0 -3.25487 100 20 0 0 0 0 0 0 0 0 0 0 0
5600 -216.842 0 0 0 1.55937 100 33 5.01904 100 22 0 0 0 -3.07246 100 22 0 0 0 0 0 0 0 0 0 0 0
5700 -216.983 0 0 0 1.11698 100 27 2.85045 100 25 0 0 0 -2.80691 100 24 0 0 0 0 0 0 0 0 0 0 0
5800 -216.662 0 0 0 1.51974 100 38 4.20349 100 26 0 0 0 -3.10988 100 26 0 0 0 0 0 0 0 0 0 0 0
5900 -216.988 0 0 0 1.9136 100 21 5.65132 100 23 0 0 0 -3.24683 100 22 0 0 0 0 0 0 0 0 0 0 0
6000 -222.198 0 0 0 0.648871 100 22 -2.67497 100 18 0 0 0 -2.18533 100 21 0 0 0 0 0 0 0 0 0 0 0
6100 -217.216 0 0 0 1.73699 100 31 3.32426 100 24 0 0 0 -3.11591 100 17 0 0 0 0 0 0 0 0 0 0 0
6200 -217.143 0 0 0 1.84391 100 29 6.41592 100 19 0 0 0 -3.42585 100 24 0 0 0 0 0 0 0 0 0 0 0
6300 -218.937 0 0 0 1.09547 100 31 5.00331 100 22 0 0 0 -2.78667 100 26 0 0 0 0 0 0 0 0 0 0 0
6400 -217.175 0 0 0 1.57532 100 30 3.18175 100 30 0 0 0 -2.90865 100 22 0 0 0 0 0 0 0 0 0 0 0
6500 -217.497 0 0 0 2.24902 100 36 6.24888 100 25 0 0 0 -3.43345 100 15 0 0 0 0 0 0 0 0 0 0 0
6600 -217.48 0 0 0 1.49744 100 35 2.48581 100 20 0 0 0 -3.03182 100 18 0 0 0 0 0 0 0 0 0 0 0
6700 -216.974 0 0 0 1.13188 100 30 2.79886 100 11 0 0 0 -2.79294 100 25 0 0 0 0 0 0 0 0 0 0 0
6800 -217.429 0 0 0 0.911655 100 31 2.43413 100 23 0 0 0 -2.65155 100 23 0 0 0 0 0 0 0 0 0 0 0
6900 -216.678 0 0 0 1.59103 100 38 4.96796 100 18 0 0 0 -3.1417 100 27 0 0 0 0 0 0 0 0 0 0 0
7000 -217.637 0 0 0 1.14053 100 24 1.34583 100 23 0 0 0 -2.71211 100 19 0 0 0 0 0 0 0 0 0 0 0
7100 -216.802 0 0 0 1.84014 100 22 4.61105 100 29 0 0 0 -3.20341 100 23 0 0 0 0 0 0 0 0 0 0 0
7200 -216.824 0 0 0 1.87002 100 32 5.63993 100 21 0 0 0 -3.36892 100 18 0 0 0 0 0 0 0 0 0 0 0
7300 -217.621 0 0 0 2.04992 100 35 6.6309 100 24 0 0 0 -3.63386 100 19 0 0 0 0 0 0 0 0 0 0 0
7400 -217.994 0 0 0 1.98484 100 39 3.91462 100 28 0 0 0 -3.10199 100 23 0 0 0 0 0 0 0 0 0 0 0
7500 -217.156 0 0 0 1.13602 100 29 2.26315 100 33 0 0 0 -2.72072 100 24 0 0 0 0 0 0 0 0 0 0 0
7600 -217.375 0 0 0 2.1376 100 20 5.32228 100 30 0 0 0 -3.49426 100 19 0 0 0 0 0 0 0 0 0 0 0
7700 -218.878 0 0 0 2.58136 100 35 8.55641 100 25 0 0 0 -3.73097 100 26 0 0 0 0 0 0 0 0 0 0 0
7800 -217.695 0 0 0 1.37752 100 34 5.85475 100 18 0 0 0 -3.17286 100 14 0 0 0 0 0 0 0 0 0 0 0
7900 -217.256 0 0 0 1.77711 100 35 5.71798 100 12 0 0 0 -3.15014 100 26 0 0 0 0 0 0 0 0 0 0 0
8000 -217.021 0 0 0 1.83303 100 42 4.4298 100 17 0 0 0 -3.30222 100 19 0 0 0 0 0 0 0 0 0 0 0
8100 -216.76 0 0 0 1.79233 100 24 4.48892 100 17 0 0 0 -3.17481 100 22 0 0 0 0 0 0 0 0 0 0 0
8200 -217.5 0 0 0 1.11291 100 33 2.85808 100 13 0 0 0 -2.65399 100 19 0 0 0 0 0 0 0 0 0 0 0
8300 -216.953 0 0 0 1.14588 100 34 2.91045 100 19 0 0 0 -2.79521 100 25 0 0 0 0 0 0 0 0 0 0 0
8400 -216.898 0 0 0 1.74571 100 27 5.80955 100 17 0 0 0 -3.33019 100 12 0 0 0 0 0 0 0 0 0 0 0
8500 -223.25 0 0 0 0.373013 100 40 -3.26701 100 25 0 0 0 -2.29033 100 26 0 0 0 0 0 0 0 0 0 0 0
8600 -218.649 0 0 0 1.28855 100 29 6.31554 100 28 0 0 0 -3.22449 100 16 0 0 0 0 0 0 0 0 0 0 0
8700 -217.831 0 0 0 0.756194 100 29 2.19945 100 29 0 0 0 -2.58812 100 13 0 0 0 0 0 0 0 0 0 0 0
8800 -218.044 0 0 0 0.953795 100 24 0.791983 100 21 0 0 0 -2.55056 100 28 0 0 0 0 0 0 0 0 0 0 0
8900 -218.625 0 0 0 0.824333 100 34 3.31674 100 30 0 0 0 -2.94153 100 19 0 0 0 0 0 0 0 0 0 0 0
9000 -220.316 0 0 0 0.467249 100 40 3.93112 100 30 0 0 0 -2.71377 100 18 0 0 0 0 0 0 0 0 0 0 0
9100 -217.233 0 0 0 1.37903 100 36 2.26756 100 25 0 0 0 -2.83599 100 31 0 0 0 0 0 0 0 0 0 0 0
9200 -217.387 0 0 0 1.93236 100 29 6.95161 100 28 0 0 0 -3.44674 100 19 0 0 0 0 0 0 0 0 0 0 0
9300 -217.033 0 0 0 1.7794 100 22 4.90598 100 21 0 0 0 -3.35365 100 29 0 0 0 0 0 0 0 0 0 0 0
9400 -218.163 0 0 0 2.05575 100 32 3.58539 100 39 0 0 0 -3.29866 100 26 0 0 0 0 0 0 0 0 0 0 0
9500 -218.306 0 0 0 0.825213 100 33 2.30541 100 15 0 0 0 -2.48493 100 30 0 0 0 0 0 0 0 0 0 0 0
9600 -217.133 0 0 0 1.33919 100 32 4.58639 100 23 0 0 0 -2.92548 100 21 0 0 0 0 0 0 0 0 0 0 0
9700 -217.121 0 0 0 1.40713 100 28 2.62827 100 21 0 0 0 -2.83469 100 22 0 0 0 0 0 0 0 0 0 0 0
9800 -217.185 0 0 0 1.6058 100 27 5.10083 100 16 0 0 0 -3.02656 100 22 0 0 0 0 0 0 0 0 0 0 0
9900 -216.928 0 0 0 1.41618 100 25 4.61614 100 20 0 0 0 -2.97397 100 20 0 0 0 0 0 0 0 0 0 0 0
10000 -216.836 0 0 0 1.43782 100 25 4.64915 100 19 0 0 0 -3.1358 100 18 0 0 0 0 0 0 0 0 0 0 0
10100 -217.631 0 0 0 2.14437 100 33 7.32432 100 19 0 0 0 -3.66222 100 29 0 0 0 0 0 0 0 0 0 0 0
10200 -216.831 0 0 0 1.76234 100 26 5.7747 100 27 0 0 0 -3.2831 100 22 0 0 0 0 0 0 0 0 0 0 0
10300 -217.114 0 0 0 1.3648 100 32 2.43776 100 31 0 0 0 -2.8372 100 21 0 0 0 0 0 0 0 0 0 0 0
10400 -218.187 0 0 0 0.869112 100 26 2.46899 100 28 0 0 0 -2.51342 100 23 0 0 0 0 0 0 0 0 0 0 0
10500 -219.227 0 0 0 2.40539 100 33 4.28395 100 22 0 0 0 -3.46917 100 29 0 0 0 0 0 0 0 0 0 0 0
10600 -217.483 0 0 0 2.16153 100 24 5.13039 100 26 0 0 0 -3.47766 100 28 0 0 0 0 0 0 0 0 0 0 0
10700 -217.174 0 0 0 1.76304 100 33 5.25332 100 17 0 0 0 -3.39818 100 16 0 0 0 0 0 0 0 0 0 0 0
10800 -217.97 0 0 0 2.33172 100 39 5.89292 100 27 0 0 0 -3.67271 100 22 0 0 0 0 0 0 0 0 0 0 0
10900 -217.714 0 0 0 1.8888 100 30 3.28792 100 22 0 0 0 -3.16147 100 22 0 0 0 0 0 0 0 0 0 0 0
11000 -217.565 0 0 0 0.944738 100 38 1.94136 100 18 0 0 0 -2.58602 100 22 0 0 0 0 0 0 0 0 0 0 0
11100 -217.629 0 0 0 2.27505 100 31 5.40635 100 22 0 0 0 -3.46365 100 24 0 0 0 0 0 0 0 0 0 0 0
11200 -217.565 0 0 0 2.23621 100 29 5.83809 100 14 0 0 0 -3.59773 100 18 0 0 0 0 0 0 0 0 0 0 0
11300 -219.813 0 0 0 2.19998 100 25 2.87879 100 24 0 0 0 -3.25607 100 22 0 0 0 0 0 0 0 0 0 0 0
11400 -217.198 0 0 0 1.50968 100 32 5.41938 100 19 0 0 0 -3.2678 100 19 0 0 0 0 0 0 0 0 0 0 0
11500 -218.526 0 0 0 1.94321 100 23 2.74606 100 14 0 0 0 -3.17679 100 18 0 0 0 0 0 0 0 0 0 0 0
11600 -217.233 0 0 0 1.52633 100 21 5.57008 100 20 0 0 0 -3.09376 100 17 0 0 0 0 0 0 0 0 0 0 0
11700 -218.069 0 0 0 1.35865 100 28 2.60024 100 25 0 0 0 -2.66506 100 23 0 0 0 0 0 0 0 0 0 0 0
11800 -219.274 0 0 0 0.764887 100 30 4.64413 100 20 0 0 0 -2.82734 100 24 0 0 0 0 0 0 0 0 0 0 0
11900 -217.728 0 0 0 1.28211 100 38 2.05852 100 23 0 0 0 -2.96157 100 21 0 0 0 0 0 0 0 0 0 0 0
12000 -219.409 0 0 0 2.49123 100 31 8.42142 100 24 0 0 0 -3.60355 100 22 0 0 0 0 0 0 0 0 0 0 0
12100 -221.902 0 0 0 0.0619897 100 34 1.55552 100 22 0 0 0 -2.19876 100 22 0 0 0 0 0 0 0 0 0 0 0
12200 -217.028 0 0 0 1.32159 100 38 4.16239 100 25 0 0 0 -3.09426 100 22 0 0 0 0 0 0 0 0 0 0 0
12300 -217.808 0 0 0 2.43512 100 28 7.51768 100 24 0 0 0 -3.67147 100 20 0 0 0 0 0 0 0 0 0 0 0
12400 -219.163 0 0 0 1.85403 100 30 2.47886 100 27 0 0 0 -3.28465 100 21 0 0 0 0 0 0 0 0 0 0 0
12500 -218.32 0 0 0 2.37325 100 22 5.05379 100 19 0 0 0 -3.54733 100 20 0 0 0 0 0 0 0 0 0 0 0
12600 -219.286 0 0 0 1.11762 100 27 4.91866 100 21 0 0 0 -3.26449 100 17 0 0 0 0 0 0 0 0 0 0 0
12700 -217.556 0 0 0 1.595 100 30 4.04267 100 25 0 0 0 -2.88336 100 32 0 0 0 0 0 0 0 0 0 0 0
12800 -219.282 0 0 0 0.741951 100 30 3.77975 100 23 0 0 0 -2.58539 100 16 0 0 0 0 0 0 0 0 0 0 0
12900 -220.153 0 0 0 1.74223 100 35 3.81081 100 24 0 0 0 -2.76458 100 31 0 0 0 0 0 0 0 0 0 0 0
13000 -219.348 0 0 0 1.55619 100 32 7.51512 100 19 0 0 0 -3.48541 100 27 0 0 0 0 0 0 0 0 0 0 0
13100 -218.931 0 0 0 0.603781 100 32 3.33507 100 29 0 0 0 -2.64351 100 24 0 0 0 0 0 0 0 0 0 0 0
13200 -216.993 0 0 0 1.42399 100 33 2.72588 100 16 0 0 0 -2.90119 100 25 0 0 0 0 0 0 0 0 0 0 0
13300 -217.163 0 0 0 1.37088 100 39 2.58151 100 23 0 0 0 -2.96484 100 24 0 0 0 0 0 0 0 0 0 0 0
13400 -216.909 0 0 0 2.01662 100 30 5.62765 100 18 0 0 0 -3.39665 100 17 0 0 0 0 0 0 0 0 0 0 0
13500 -218.674 0 0 0 2.3281 100 17 8.75046 100 20 0 0 0 -3.76231 100 19 0 0 0 0 0 0 0 0 0 0 0
13600 -217.738 0 0 0 1.65177 100 32 2.70219 100 31 0 0 0 -3.12816 100 17 0 0 0 0 0 0 0 0 0 0 0
13700 -219.338 0 0 0 1.62526 100 28 1.73482 100 16 0 0 0 -3.16346 100 19 0 0 0 0 0 0 0 0 0 0 0
13800 -217.437 0 0 0 1.65781 100 29 6.43466 100 21 0 0 0 -3.33124 100 30 0 0 0 0 0 0 0 0 0 0 0
13900 -217.485 0 0 0 1.44428 100 34 2.05923 100 26 0 0 0 -2.87902 100 24 0 0 0 0 0 0 0 0 0 0 0
14000 -218.367 0 0 0 1.99036 100 28 3.45439 100 26 0 0 0 -3.35491 100 17 0 0 0 0 0 0 0 0 0 0 0
14100 -217.185 0 0 0 1.78861 100 31 3.59582 100 26 0 0 0 -3.16945 100 27 0 0 0 0 0 0 0 0 0 0 0
14200 -217.02 0 0 0 1.54374 100 27 3.02809 100 26 0 0 0 -3.027 100 26 0 0 0 0 0 0 0 0 0 0 0
14300 -220.092 0 0 0 2.29507 100 27 9.14587 100 23 0 0 0 -4.03132 100 32 0 0 0 0 0 0 0 0 0 0 0
14400 -216.928 0 0 0 1.91684 100 32 6.08891 100 33 0 0 0 -3.41343 100 20 0 0 0 0 0 0 0 0 0 0 0
14500 -218.478 0 0 0 0.627446 100 40 2.85844 100 25 0 0 0 -2.65692 100 23 0 0 0 0 0 0 0 0 0 0 0
14600 -218.963 0 0 0 0.924505 100 33 0.440822 100 28 0 0 0 -2.74325 100 26 0 0 0 0 0 0 0 0 0 0 0
14700 -216.871 0 0 0 1.65062 100 34 3.70415 100 22 0 0 0 -3.02573 100 18 0 0 0 0 0 0 0 0 0 0 0
14800 -217.387 0 0 0 1.60375 100 35 3.4177 100 31 0 0 0 -2.88799 100 17 0 0 0 0 0 0 0 0 0 0 0
14900 -217.42 0 0 0 1.17429 100 29 3.15584 100 28 0 0 0 -2.69691 100 29 0 0 0 0 0 0 0 0 0 0 0
15000 -217.326 0 0 0 1.51386 100 32 5.90875 100 25 0 0 0 -3.21942 100 29 0 0 0 0 0 0 0 0 0 0 0
15100 -221.63 0 0 0 2.42234 100 36 3.66723 100 22 0 0 0 -3.72419 100 24 0 0 0 0 0 0 0 0 0 0 0
15200 -217.872 0 0 0 1.90736 100 33 3.72225 100 22 0 0 0 -3.34059 100 22 0 0 0 0 0 0 0 0 0 0 0
15300 -217.134 0 0 0 1.58496 100 39 4.24731 100 27 0 0 0 -2.94208 100 27 0 0 0 0 0 0 0 0 0 0 0
15400 -217.541 0 0 0 1.04922 100 35 3.97324 100 29 0 0 0 -2.78714 100 32 0 0 0 0 0 0 0 0 0 0 0
15500 -217.602 0 0 0 1.58348 100 29 6.37626 100 22 0 0 0 -3.32421 100 25 0 0 0 0 0 0 0 0 0 0 0
15600 -218.118 0 0 0 1.53387 100 37 4.07064 100 18 0 0 0 -3.33046 100 18 0 0 0 0 0 0 0 0 0 0 0
15700 -217.748 0 0 0 2.2699 100 32 6.00968 100 16 0 0 0 -3.39308 100 29 0 0 0 0 0 0 0 0 0 0 0
15800 -217.746 0 0 0 1.39307 100 30 2.8028 100 20 0 0 0 -2.71877 100 24 0 0 0 0 0 0 0 0 0 0 0
15900 -218.454 0 0 0 2.04083 100 27 4.10347 100 21 0 0 0 -3.48442 100 25 0 0 0 0 0 0 0 0 0 0 0
16000 -217.616 0 0 0 0.910179 100 33 2.28211 100 22 0 0 0 -2.58684 100 25 0 0 0 0 0 0 0 0 0 0 0
16100 -217.425 0 0 0 1.17044 100 36 4.72865 100 20 0 0 0 -2.99905 100 21 0 0 0 0 0 0 0 0 0 0 0
16200 -217.487 0 0 0 1.57893 100 34 2.82623 100 22 0 0 0 -3.10826 100 18 0 0 0 0 0 0 0 0 0 0 0
16300 -217.176 0 0 0 1.32198 100 33 4.57639 100 18 0 0 0 -2.91613 100 23 0 0 0 0 0 0 0 0 0 0 0
16400 -218.762 0 0 0 1.41375 100 30 5.20842 100 31 0 0 0 -2.84662 100 24 0 0 0 0 0 0 0 0 0 0 0
16500 -217.601 0 0 0 1.18416 100 31 1.57288 100 31 0 0 0 -2.67043 100 21 0 0 0 0 0 0 0 0 0 0 0
16600 -216.849 0 0 0 1.58936 100 31 4.35849 100 21 0 0 0 -3.20872 100 24 0 0 0 0 0 0 0 0 0 0 0
16700 -218.812 0 0 0 2.2018 100 36 6.27998 100 25 0 0 0 -3.25182 100 23 0 0 0 0 0 0 0 0 0 0 0
16800 -217.064 0 0 0 1.33733 100 32 2.44104 100 17 0 0 0 -2.86202 100 21 0 0 0 0 0 0 0 0 0 0 0
16900 -216.741 0 0 0 1.36735 100 23 4.21039 100 20 0 0 0 -3.0346 100 29 0 0 0 0 0 0 0 0 0 0 0
17000 -216.789 0 0 0 1.82189 100 33 5.65943 100 18 0 0 0 -3.27402 100 28 0 0 0 0 0 0 0 0 0 0 0
17100 -217.724 0 0 0 1.50279 100 36 2.86851 100 31 0 0 0 -3.14221 100 26 0 0 0 0 0 0 0 0 0 0 0
17200 -217.375 0 0 0 1.06146 100 28 3.34324 100 23 0 0 0 -2.93774 100 21 0 0 0 0 0 0 0 0 0 0 0
17300 -217.527 0 0 0 2.30027 100 25 5.93906 100 22 0 0 0 -3.48478 100 26 0 0 0 0 0 0 0 0 0 0 0
17400 -220.128 0 0 0 1.36038 100 26 0.099171 100 28 0 0 0 -2.90742 100 20 0 0 0 0 0 0 0 0 0 0 0
17500 -217.227 0 0 0 1.15109 100 28 4.29748 100 20 0 0 0 -2.96574 100 26 0 0 0 0 0 0 0 0 0 0 0
17600 -218.275 0 0 0 1.58658 100 29 4.71507 100 20 0 0 0 -3.41765 100 24 0 0 0 0 0 0 0 0 0 0 0
17700 -216.724 0 0 0 1.67661 100 31 4.08884 100 19 0 0 0 -3.09069 100 23 0 0 0 0 0 0 0 0 0 0 0
17800 -219.796 0 0 0 2.19745 100 35 7.41718 100 24 0 0 0 -3.30615 100 22 0 0 0 0 0 0 0 0 0 0 0
17900 -219.855 0 0 0 2.72245 100 28 7.93407 100 23 0 0 0 -3.63841 100 23 0 0 0 0 0 0 0 0 0 0 0
18000 -216.649 0 0 0 1.6227 100 40 4.93182 100 20 0 0 0 -3.16653 100 22 0 0 0 0 0 0 0 0 0 0 0
18100 -216.85 0 0 0 1.84881 100 31 4.59117 100 24 0 0 0 -3.26987 100 23 0 0 0 0 0 0 0 0 0 0 0
18200 -218.188 0 0 0 0.930127 100 25 3.92992 100 24 0 0 0 -2.70029 100 28 0 0 0 0 0 0 0 0 0 0 0
18300 -218.924 0 0 0 1.59664 100 32 1.1915 100 29 0 0 0 -2.92999 100 19 0 0 0 0 0 0 0 0 0 0 0
18400 -217.69 0 0 0 1.11218 100 31 1.25939 100 21 0 0 0 -2.70566 100 29 0 0 0 0 0 0 0 0 0 0 0
18500 -217.18 0 0 0 2.0902 100 36 5.21681 100 24 0 0 0 -3.42768 100 24 0 0 0 0 0 0 0 0 0 0 0
18600 -217.647 0 0 0 1.94802 100 25 7.03507 100 21 0 0 0 -3.58086 100 19 0 0 0 0 0 0 0 0 0 0 0
18700 -217.175 0 0 0 1.69784 100 34 3.23415 100 17 0 0 0 -3.08921 100 31 0 0 0 0 0 0 0 0 0 0 0
18800 -217.313 0 0 0 2.08192 100 37 6.14059 100 26 0 0 0 -3.56944 100 22 0 0 0 0 0 0 0 0 0 0 0
18900 -218.786 0 0 0 0.482246 100 27 1.63577 100 23 0 0 0 -2.5219 100 17 0 0 0 0 0 0 0 0 0 0 0
19000 -217.508 0 0 0 1.5619 100 30 5.3234 100 21 0 0 0 -3.0057 100 17 0 0 0 0 0 0 0 0 0 0 0
19100 -218.657 0 0 0 1.63961 100 25 7.20873 100 19 0 0 0 -3.50755 100 20 0 0 0 0 0 0 0 0 0 0 0
19200 -219.168 0 0 0 1.21135 100 36 4.36494 100 23 0 0 0 -3.29075 100 20 0 0 0 0 0 0 0 0 0 0 0
19300 -218.407 0 0 0 2.15303 100 24 5.1067 100 21 0 0 0 -3.19016 100 20 0 0 0 0 0 0 0 0 0 0 0
19400 -219.732 0 0 0 2.0484 100 30 6.05551 100 21 0 0 0 -3.09281 100 18 0 0 0 0 0 0 0 0 0 0 0
19500 -219.378 0 0 0 2.1259 100 34 5.33079 100 27 0 0 0 -3.73774 100 24 0 0 0 0 0 0 0 0 0 0 0
19600 -216.969 0 0 0 1.99048 100 35 6.09715 100 24 0 0 0 -3.45435 100 21 0 0 0 0 0 0 0 0 0 0 0
19700 -219.489 0 0 0 2.51392 100 28 6.28929 100 13 0 0 0 -3.91691 100 20 0 0 0 0 0 0 0 0 0 0 0
19800 -218.52 0 0 0 1.99909 100 39 5.23911 100 18 0 0 0 -3.62368 100 21 0 0 0 0 0 0 0 0 0 0 0
19900 -221.754 0 0 0 1.04643 100 32 -0.0976893 100 30 0 0 0 -2.96156 100 23 0 0 0 0 0 0 0 0 0 0 0
20000 -218.617 0 0 0 1.13029 100 35 5.58099 100 18 0 0 0 -3.16083 100 24 0 0 0 0 0 0 0 0 0 0 0
20100 -219.882 0 0 0 0.958712 100 27 5.73957 100 24 0 0 0 -2.91958 100 21 0 0 0 0 0 0 0 0 0 0 0
20200 -218.457 0 0 0 0.794546 100 27 1.99688 100 32 0 0 0 -2.44336 100 27 0 0 0 0 0 0 0 0 0 0 0
20300 -218.254 0 0 0 1.50929 100 24 2.77456 100 30 0 0 0 -2.73051 100 28 0 0 0 0 0 0 0 0 0 0 0
20400 -217.264 0 0 0 1.27009 100 31 2.33587 100 25 0 0 0 -2.9174 100 16 0 0 0 0 0 0 0 0 0 0 0
20500 -220.178 0 0 0 2.21166 100 32 9.27381 100 25 0 0 0 -3.97203 100 27 0 0 0 0 0 0 0 0 0 0 0
20600 -217.186 0 0 0 1.74917 100 33 4.66137 100 24 0 0 0 -3.04119 100 23 0 0 0 0 0 0 0 0 0 0 0
20700 -219.169 0 0 0 2.35243 100 21 4.24653 100 26 0 0 0 -3.54515 100 26 0 0 0 0 0 0 0 0 0 0 0
20800 -218.021 0 0 0 0.793902 100 36 1.38624 100 27 0 0 0 -2.67286 100 19 0 0 0 0 0 0 0 0 0 0 0
20900 -218.382 0 0 0 1.47682 100 32 5.35521 100 22 0 0 0 -3.40972 100 28 0 0 0 0 0 0 0 0 0 0 0
21000 -218.066 0 0 0 1.39033 100 28 2.31976 100 24 0 0 0 -2.67968 100 29 0 0 0 0 0 0 0 0 0 0 0
21100 -219.02 0 0 0 1.45806 100 30 5.51177 100 23 0 0 0 -3.4635 100 30 0 0 0 0 0 0 0 0 0 0 0
21200 -220.76 0 0 0 0.150632 100 26 1.94835 100 21 0 0 0 -2.47139 100 20 0 0 0 0 0 0 0 0 0 0 0
21300 -217.774 0 0 0 1.17227 100 31 1.2107 100 25 0 0 0 -2.7202 100 23 0 0 0 0 0 0 0 0 0 0 0
21400 -217.807 0 0 0 2.09738 100 32 6.48615 100 19 0 0 0 -3.30979 100 29 0 0 0 0 0 0 0 0 0 0 0
21500 -217.299 0 0 0 1.60909 100 38 6.1495 100 28 0 0 0 -3.25809 100 17 0 0 0 0 0 0 0 0 0 0 0
21600 -217.157 0 0 0 2.1818 100 18 6.1498 100 24 0 0 0 -3.4926 100 22 0 0 0 0 0 0 0 0 0 0 0
21700 -218.433 0 0 0 1.71449 100 34 4.08747 100 24 0 0 0 -2.86897 100 26 0 0 0 0 0 0 0 0 0 0 0
21800 -217.388 0 0 0 2.16119 100 34 5.72704 100 29 0 0 0 -3.35086 100 18 0 0 0 0 0 0 0 0 0 0 0
21900 -217.38 0 0 0 1.96032 100 34 4.96074 100 20 0 0 0 -3.45267 100 20 0 0 0 0 0 0 0 0 0 0 0
22000 -216.992 0 0 0 1.60807 100 32 4.32245 100 26 0 0 0 -2.97908 100 27 0 0 0 0 0 0 0 0 0 0 0
22100 -217.258 0 0 0 2.07436 100 34 4.81648 100 21 0 0 0 -3.34811 100 22 0 0 0 0 0 0 0 0 0 0 0
22200 -219.121 0 0 0 2.07881 100 31 8.65165 100 29 0 0 0 -3.64223 100 22 0 0 0 0 0 0 0 0 0 0 0
22300 -217.548 0 0 0 1.34253 100 25 1.94457 100 24 0 0 0 -2.91146 100 17 0 0 0 0 0 0 0 0 0 0 0
22400 -219.096 0 0 0 1.18744 100 24 0.142897 100 27 0 0 0 -2.74728 100 13 0 0 0 0 0 0 0 0 0 0 0
22500 -218.172 0 0 0 1.43982 100 29 4.56162 100 17 0 0 0 -3.33191 100 20 0 0 0 0 0 0 0 0 0 0 0
22600 -218.196 0 0 0 1.80563 100 24 4.445 100 29 0 0 0 -3.46264 100 22 0 0 0 0 0 0 0 0 0 0 0
22700 -217.727 0 0 0 1.32109 100 33 2.65308 100 19 0 0 0 -2.68412 100 21 0 0 0 0 0 0 0 0 0 0 0
22800 -219.723 0 0 0 0.41539 100 19 2.35297 100 21 0 0 0 -2.40919 100 21 0 0 0 0 0 0 0 0 0 0 0
22900 -216.642 0 0 0 1.44228 100 28 3.90182 100 20 0 0 0 -3.00242 100 24 0 0 0 0 0 0 0 0 0 0 0
23000 -217.174 0 0 0 1.21184 100 30 2.29753 100 24 0 0 0 -2.73383 100 14 0 0 0 0 0 0 0 0 0 0 0
23100 -217.034 0 0 0 1.14589 100 28 3.70568 100 24 0 0 0 -2.92767 100 21 0 0 0 0 0 0 0 0 0 0 0
23200 -218.373 0 0 0 1.66107 100 30 4.42807 100 27 0 0 0 -2.86773 100 21 0 0 0 0 0 0 0 0 0 0 0
23300 -216.695 0 0 0 1.68547 100 27 5.2174 100 19 0 0 0 -3.19145 100 18 0 0 0 0 0 0 0 0 0 0 0
23400 -219.673 0 0 0 0.958106 100 31 -0.748204 100 21 0 0 0 -2.56815 100 22 0 0 0 0 0 0 0 0 0 0 0
23500 -216.679 0 0 0 1.55323 100 31 4.81841 100 22 0 0 0 -3.10248 100 25 0 0 0 0 0 0 0 0 0 0 0
23600 -218.848 0 0 0 2.78924 100 43 8.31679 100 28 0 0 0 -3.86053 100 24 0 0 0 0 0 0 0 0 0 0 0
23700 -217.421 0 0 0 1.31856 100 33 5.21596 100 19 0 0 0 -3.01312 100 17 0 0 0 0 0 0 0 0 0 0 0
23800 -218.404 0 0 0 1.53163 100 27 1.47569 100 27 0 0 0 -2.81807 100 22 0 0 0 0 0 0 0 0 0 0 0
23900 -217.697 0 0 0 1.51007 100 39 3.12914 100 18 0 0 0 -2.79111 100 20 0 0 0 0 0 0 0 0 0 0 0
24000 -220.354 0 0 0 1.55612 100 29 8.10808 100 26 0 0 0 -3.51896 100 21 0 0 0 0 0 0 0 0 0 0 0
24100 -218.241 0 0 0 1.0569 100 26 0.831651 100 19 0 0 0 -2.74644 100 23 0 0 0 0 0 0 0 0 0 0 0
24200 -217.31 0 0 0 1.6555 100 34 4.70041 100 28 0 0 0 -3.33926 100 27 0 0 0 0 0 0 0 0 0 0 0
24300 -216.777 0 0 0 1.55848 100 36 5.09556 100 20 0 0 0 -3.19203 100 27 0 0 0 0 0 0 0 0 0 0 0
24400 -217.562 0 0 0 1.29764 100 27 1.83043 100 17 0 0 0 -2.72271 100 25 0 0 0 0 0 0 0 0 0 0 0
24500 -217.62 0 0 0 1.85989 100 18 6.7669 100 19 0 0 0 -3.53757 100 16 0 0 0 0 0 0 0 0 0 0 0
24600 -217.422 0 0 0 1.81069 100 26 3.33142 100 23 0 0 0 -3.14998 100 19 0 0 0 0 0 0 0 0 0 0 0
24700 -216.813 0 0 0 1.79383 100 33 5.69677 100 26 0 0 0 -3.33057 100 31 0 0 0 0 0 0 0 0 0 0 0
24800 -216.741 0 0 0 1.74081 100 34 4.3265 100 22 0 0 0 -3.19058 100 24 0 0 0 0 0 0 0 0 0 0 0
24900 -217.873 0 0 0 1.2196 100 42 4.00944 100 18 0 0 0 -2.73558 100 24 0 0 0 0 0 0 0 0 0 0 0
25000 -217.261 0 0 0 1.52928 100 30 4.55035 100 32 0 0 0 -2.9306 100 23 0 0 0 0 0 0 0 0 0 0 0
25100 -217.603 0 0 0 2.35112 100 28 7.35684 100 28 0 0 0 -3.68085 100 20 0 0 0 0 0 0 0 0 0 0 0
25200 -220.314 0 0 0 3.03729 100 38 8.06753 100 16 0 0 0 -4.21246 100 28 0 0 0 0 0 0 0 0 0 0 0
25300 -217.613 0 0 0 2.09274 100 35 7.45073 100 25 0 0 0 -3.56479 100 26 0 0 0 0 0 0 0 0 0 0 0
25400 -217.473 0 0 0 1.58264 100 27 2.71522 100 24 0 0 0 -3.08037 100 27 0 0 0 0 0 0 0 0 0 0 0
25500 -221.571 0 0 0 1.42601 100 34 6.7073 100 21 0 0 0 -3.66888 100 24 0 0 0 0 0 0 0 0 0 0 0
25600 -219.368 0 0 0 2.80141 100 28 8.93453 100 27 0 0 0 -4.1479 100 19 0 0 0 0 0 0 0 0 0 0 0
25700 -217.928 0 0 0 1.91888 100 27 4.79189 100 29 0 0 0 -3.49928 100 25 0 0 0 0 0 0 0 0 0 0 0
25800 -219.247 0 0 0 2.30009 100 32 7.44319 100 29 0 0 0 -3.39073 100 25 0 0 0 0 0 0 0 0 0 0 0
25900 -217.313 0 0 0 2.03738 100 22 6.44903 100 29 0 0 0 -3.56983 100 24 0 0 0 0 0 0 0 0 0 0 0
26000 -218.479 0 0 0 0.920658 100 41 1.83167 100 22 0 0 0 -2.87748 100 30 0 0 0 0 0 0 0 0 0 0 0
26100 -219.125 0 0 0 2.33095 100 27 5.6854 100 26 0 0 0 -3.27961 100 23 0 0 0 0 0 0 0 0 0 0 0
26200 -218.12 0 0 0 0.83278 100 25 0.706886 100 22 0 0 0 -2.55802 100 24 0 0 0 0 0 0 0 0 0 0 0
26300 -218.129 0 0 0 0.806894 100 35 2.02271 100 24 0 0 0 -2.4875 100 20 0 0 0 0 0 0 0 0 0 0 0
26400 -217.846 0 0 0 1.23739 100 30 4.28339 100 27 0 0 0 -3.17256 100 28 0 0 0 0 0 0 0 0 0 0 0
26500 -217.404 0 0 0 0.946738 100 31 1.95796 100 21 0 0 0 -2.69861 100 26 0 0 0 0 0 0 0 0 0 0 0
26600 -216.989 0 0 0 1.11374 100 38 3.04404 100 25 0 0 0 -2.84271 100 21 0 0 0 0 0 0 0 0 0 0 0
26700 -218.371 0 0 0 1.41623 100 23 6.12658 100 18 0 0 0 -3.36512 100 27 0 0 0 0 0 0 0 0 0 0 0
26800 -219.002 0 0 0 1.60135 100 24 2.02605 100 24 0 0 0 -2.73495 100 30 0 0 0 0 0 0 0 0 0 0 0
26900 -218.019 0 0 0 0.77275 100 36 1.31791 100 23 0 0 0 -2.49002 100 20 0 0 0 0 0 0 0 0 0 0 0
27000 -221.451 0 0 0 0.627084 100 29 4.9547 100 25 0 0 0 -3.07115 100 22 0 0 0 0 0 0 0 0 0 0 0
27100 -217.911 0 0 0 1.88061 100 33 3.41535 100 38 0 0 0 -3.03994 100 20 0 0 0 0 0 0 0 0 0 0 0
27200 -216.811 0 0 0 1.61051 100 32 5.25708 100 24 0 0 0 -3.24043 100 22 0 0 0 0 0 0 0 0 0 0 0
27300 -216.875 0 0 0 1.67867 100 29 5.69312 100 22 0 0 0 -3.27063 100 29 0 0 0 0 0 0 0 0 0 0 0
27400 -219.448 0 0 0 2.29815 100 27 7.05686 100 28 0 0 0 -3.3306 100 16 0 0 0 0 0 0 0 0 0 0 0
27500 -218.58 0 0 0 1.15238 100 30 1.07636 100 25 0 0 0 -2.87897 100 28 0 0 0 0 0 0 0 0 0 0 0
27600 -219.041 0 0 0 1.56126 100 31 4.51293 100 26 0 0 0 -2.78948 100 22 0 0 0 0 0 0 0 0 0 0 0
27700 -217.59 0 0 0 1.10505 100 34 3.44742 100 26 0 0 0 -3.01298 100 26 0 0 0 0 0 0 0 0 0 0 0
27800 -217.76 0 0 0 1.68268 100 38 2.57039 100 18 0 0 0 -3.08622 100 24 0 0 0 0 0 0 0 0 0 0 0
27900 -218.424 0 0 0 0.756366 100 37 1.64672 100 19 0 0 0 -2.42531 100 19 0 0 0 0 0 0 0 0 0 0 0
28000 -219.451 0 0 0 0.589272 100 42 3.47681 100 18 0 0 0 -2.82826 100 19 0 0 0 0 0 0 0 0 0 0 0
28100 -219.715 0 0 0 1.46313 100 38 4.75051 100 20 0 0 0 -3.47971 100 21 0 0 0 0 0 0 0 0 0 0 0
28200 -219.37 0 0 0 1.96027 100 28 8.2446 100 22 0 0 0 -3.45508 100 24 0 0 0 0 0 0 0 0 0 0 0
28300 -218.064 0 0 0 0.903412 100 34 4.16696 100 32 0 0 0 -2.88068 100 19 0 0 0 0 0 0 0 0 0 0 0
28400 -217.708 0 0 0 1.73042 100 33 3.62587 100 22 0 0 0 -2.93201 100 28 0 0 0 0 0 0 0 0 0 0 0
28500 -216.784 0 0 0 1.35215 100 30 4.36622 100 21 0 0 0 -3.00974 100 27 0 0 0 0 0 0 0 0 0 0 0
28600 -221.427 0 0 0 0.0103713 100 35 1.38301 100 14 0 0 0 -2.37865 100 25 0 0 0 0 0 0 0 0 0 0 0
28700 -218.303 0 0 0 1.68373 100 26 4.62482 100 30 0 0 0 -2.8975 100 21 0 0 0 0 0 0 0 0 0 0 0
28800 -217.743 0 0 0 1.97625 100 27 3.64703 100 22 0 0 0 -3.19645 100 29 0 0 0 0 0 0 0 0 0 0 0
28900 -217.097 0 0 0 1.37841 100 34 3.62832 100 25 0 0 0 -3.10268 100 24 0 0 0 0 0 0 0 0 0 0 0
29000 -217.739 0 0 0 1.82208 100 32 4.51812 100 26 0 0 0 -3.4259 100 22 0 0 0 0 0 0 0 0 0 0 0
29100 -221.396 0 0 0 2.26799 100 33 3.28978 100 32 0 0 0 -3.07993 100 21 0 0 0 0 0 0 0 0 0 0 0
29200 -218.974 0 0 0 0.483229 100 36 2.00793 100 22 0 0 0 -2.45156 100 22 0 0 0 0 0 0 0 0 0 0 0
29300 -216.992 0 0 0 1.34656 100 34 4.49539 100 18 0 0 0 -3.10937 100 24 0 0 0 0 0 0 0 0 0 0 0
29400 -217.698 0 0 0 0.83185 100 34 1.61531 100 27 0 0 0 -2.63494 100 19 0 0 0 0 0 0 0 0 0 0 0
29500 -218.757 0 0 0 2.47847 100 30 5.23822 100 16 0 0 0 -3.50097 100 28 0 0 0 0 0 0 0 0 0 0 0
29600 -219.505 0 0 0 0.686845 100 31 -0.799109 100 27 0 0 0 -2.37651 100 31 0 0 0 0 0 0 0 0 0 0 0
29700 -218.912 0 0 0 2.5753 100 40 5.58572 100 23 0 0 0 -3.59653 100 26 0 0 0 0 0 0 0 0 0 0 0
29800 -221.15 0 0 0 1.61247 100 28 4.47894 100 24 0 0 0 -3.61286 100 26 0 0 0 0 0 0 0 0 0 0 0
29900 -216.684 0 0 0 1.3728 100 30 3.84672 100 23 0 0 0 -2.96237 100 22 0 0 0 0 0 0 0 0 0 0 0
30000 -218.038 0 0 0 1.26004 100 32 2.48501 100 22 0 0 0 -2.62098 100 28 0 0 0 0 0 0 0 0 0 0 0
30100 -217.891 0 0 0 2.04064 100 27 4.31424 100 24 0 0 0 -3.15565 100 17 0 0 0 0 0 0 0 0 0 0 0
30200 -217.144 0 0 0 1.07762 100 31 2.31168 100 21 0 0 0 -2.72604 100 25 0 0 0 0 0 0 0 0 0 0 0
30300 -217.305 0 0 0 1.76071 100 28 4.66794 100 25 0 0 0 -3.03189 100 18 0 0 0 0 0 0 0 0 0 0 0
30400 -218.29 0 0 0 1.49808 100 36 2.9735 100 19 0 0 0 -2.72439 100 31 0 0 0 0 0 0 0 0 0 0 0
30500 -217.724 0 0 0 0.887913 100 30 3.41129 100 19 0 0 0 -2.7149 100 20 0 0 0 0 0 0 0 0 0 0 0
30600 -219.739 0 0 0 0.759586 100 26 -0.853358 100 20 0 0 0 -2.32979 100 29 0 0 0 0 0 0 0 0 0 0 0
30700 -218.295 0 0 0 1.6269 100 31 2.68266 100 18 0 0 0 -2.80348 100 14 0 0 0 0 0 0 0 0 0 0 0
30800 -216.899 0 0 0 1.90558 100 34 6.00452 100 21 0 0 0 -3.33124 100 16 0 0 0 0 0 0 0 0 0 0 0
30900 -218.41 0 0 0 0.713615 100 30 2.11353 100 18 0 0 0 -2.46292 100 18 0 0 0 0 0 0 0 0 0 0 0
31000 -216.854 0 0 0 1.28585 100 34 2.89938 100 27 0 0 0 -2.88306 100 18 0 0 0 0 0 0 0 0 0 0 0
31100 -217.101 0 0 0 1.90296 100 25 4.46534 100 20 0 0 0 -3.32143 100 29 0 0 0 0 0 0 0 0 0 0 0
31200 -218.326 0 0 0 2.5311 100 33 7.71058 100 29 0 0 0 -3.65148 100 16 0 0 0 0 0 0 0 0 0 0 0
31300 -217.535 0 0 0 2.30156 100 28 5.90983 100 17 0 0 0 -3.48609 100 26 0 0 0 0 0 0 0 0 0 0 0
31400 -216.926 0 0 0 1.8743 100 40 4.6371 100 18 0 0 0 -3.18111 100 29 0 0 0 0 0 0 0 0 0 0 0
31500 -218.028 0 0 0 1.4112 100 29 5.36309 100 20 0 0 0 -3.3322 100 24 0 0 0 0 0 0 0 0 0 0 0
31600 -217.42 0 0 0 1.21037 100 36 4.58628 100 23 0 0 0 -3.08749 100 25 0 0 0 0 0 0 0 0 0 0 0
31700 -218.221 0 0 0 0.683965 100 36 2.67312 100 16 0 0 0 -2.58934 100 26 0 0 0 0 0 0 0 0 0 0 0
31800 -218.397 0 0 0 1.25578 100 36 0.749167 100 28 0 0 0 -2.76086 100 29 0 0 0 0 0 0 0 0 0 0 0
31900 -217.771 0 0 0 2.00423 100 34 6.08158 100 22 0 0 0 -3.22251 100 24 0 0 0 0 0 0 0 0 0 0 0
32000 -218.14 0 0 0 2.1343 100 35 6.89146 100 27 0 0 0 -3.3419 100 20 0 0 0 0 0 0 0 0 0 0 0
32100 -217.333 0 0 0 1.51465 100 31 3.718 100 19 0 0 0 -2.85428 100 23 0 0 0 0 0 0 0 0 0 0 0
32200 -217.714 0 0 0 1.59533 100 32 2.7329 100 24 0 0 0 -3.13187 100 28 0 0 0 0 0 0 0 0 0 0 0
32300 -216.895 0 0 0 1.51144 100 39 4.60759 100 24 0 0 0 -3.20004 100 23 0 0 0 0 0 0 0 0 0 0 0
32400 -220.36 0 0 0 1.39608 100 38 6.91472 100 28 0 0 0 -3.05028 100 30 0 0 0 0 0 0 0 0 0 0 0
32500 -217.506 0 0 0 1.77098 100 36 6.65649 100 26 0 0 0 -3.45222 100 22 0 0 0 0 0 0 0 0 0 0 0
32600 -217.177 0 0 0 1.96791 100 32 6.7002 100 16 0 0 0 -3.46662 100 27 0 0 0 0 0 0 0 0 0 0 0
32700 -218.275 0 0 0 0.845666 100 38 3.04179 100 23 0 0 0 -2.90134 100 27 0 0 0 0 0 0 0 0 0 0 0
32800 -218.328 0 0 0 0.980655 100 41 0.48634 100 33 0 0 0 -2.53091 100 23 0 0 0 0 0 0 0 0 0 0 0
32900 -216.756 0 0 0 1.8676 100 27 5.19296 100 16 0 0 0 -3.31102 100 20 0 0 0 0 0 0 0 0 0 0 0
33000 -216.903 0 0 0 1.25847 100 30 4.20291 100 23 0 0 0 -2.9728 100 18 0 0 0 0 0 0 0 0 0 0 0
33100 -217.263 0 0 0 1.62499 100 29 5.05188 100 16 0 0 0 -3.01506 100 21 0 0 0 0 0 0 0 0 0 0 0
33200 -216.917 0 0 0 1.69708 100 35 3.64514 100 26 0 0 0 -3.08701 100 24 0 0 0 0 0 0 0 0 0 0 0
33300 -216.677 0 0 0 1.5681 100 30 4.14931 100 17 0 0 0 -3.02694 100 26 0 0 0 0 0 0 0 0 0 0 0
33400 -218.848 0 0 0 1.66888 100 24 2.24242 100 11 0 0 0 -2.79464 100 25 0 0 0 0 0 0 0 0 0 0 0
33500 -217.46 0 0 0 1.40708 100 21 2.86238 100 19 0 0 0 -3.07944 100 24 0 0 0 0 0 0 0 0 0 0 0
33600 -218.098 0 0 0 1.40338 100 28 6.21233 100 25 0 0 0 -3.28164 100 23 0 0 0 0 0 0 0 0 0 0 0
33700 -217.257 0 0 0 1.15117 100 21 3.03795 100 23 0 0 0 -2.71003 100 30 0 0 0 0 0 0 0 0 0 0 0
33800 -217.334 0 0 0 1.52929 100 30 4.62153 100 21 0 0 0 -2.92899 100 27 0 0 0 0 0 0 0 0 0 0 0
33900 -216.619 0 0 0 1.53003 100 24 4.18267 100 27 0 0 0 -3.08161 100 14 0 0 0 0 0 0 0 0 0 0 0
34000 -217.282 0 0 0 2.05731 100 32 6.82386 100 20 0 0 0 -3.44371 100 31 0 0 0 0 0 0 0 0 0 0 0
34100 -219.836 0 0 0 2.5314 100 26 9.86333 100 31 0 0 0 -3.99367 100 23 0 0 0 0 0 0 0 0 0 0 0
34200 -217.141 0 0 0 1.34863 100 27 4.28881 100 28 0 0 0 -3.13942 100 15 0 0 0 0 0 0 0 0 0 0 0
34300 -219.355 0 0 0 0.393017 100 37 1.76883 100 27 0 0 0 -2.40543 100 16 0 0 0 0 0 0 0 0 0 0 0
34400 -216.876 0 0 0 1.4825 100 26 5.06045 100 25 0 0 0 -3.08034 100 22 0 0 0 0 0 0 0 0 0 0 0
34500 -216.999 0 0 0 1.5258 100 22 5.06833 100 32 0 0 0 -3.24201 100 27 0 0 0 0 0 0 0 0 0 0 0
34600 -217.585 0 0 0 1.35064 100 33 2.84941 100 22 0 0 0 -2.71829 100 20 0 0 0 0 0 0 0 0 0 0 0
34700 -218.612 0 0 0 2.76334 100 36 7.90517 100 31 0 0 0 -3.91537 100 27 0 0 0 0 0 0 0 0 0 0 0
34800 -217.904 0 0 0 1.65621 100 27 4.05038 100 28 0 0 0 -3.34938 100 28 0 0 0 0 0 0 0 0 0 0 0
34900 -218.012 0 0 0 1.89099 100 36 7.11523 100 27 0 0 0 -3.33052 100 19 0 0 0 0 0 0 0 0 0 0 0
35000 -217.313 0 0 0 1.91416 100 41 5.99221 100 21 0 0 0 -3.22947 100 21 0 0 0 0 0 0 0 0 0 0 0
35100 -217.164 0 0 0 1.39813 100 34 3.98973 100 22 0 0 0 -2.85203 100 27 0 0 0 0 0 0 0 0 0 0 0
35200 -221.422 0 0 0 0.410812 100 35 -1.05235 100 22 0 0 0 -2.04439 100 27 0 0 0 0 0 0 0 0 0 0 0
35300 -217.054 0 0 0 1.0749 100 36 3.02698 100 24 0 0 0 -2.77965 100 25 0 0 0 0 0 0 0 0 0 0 0
35400 -218.388 0 0 0 0.593969 100 31 1.64918 100 25 0 0 0 -2.58398 100 25 0 0 0 0 0 0 0 0 0 0 0
35500 -218.577 0 0 0 0.532905 100 31 1.65963 100 26 0 0 0 -2.53946 100 24 0 0 0 0 0 0 0 0 0 0 0
35600 -217.169 0 0 0 1.53038 100 26 3.23797 100 26 0 0 0 -3.1159 100 25 0 0 0 0 0 0 0 0 0 0 0
35700 -217.63 0 0 0 1.5675 100 29 2.2476 100 21 0 0 0 -2.97123 100 24 0 0 0 0 0 0 0 0 0 0 0
35800 -217.155 0 0 0 1.25345 100 22 3.67106 100 19 0 0 0 -3.05023 100 28 0 0 0 0 0 0 0 0 0 0 0
35900 -217.572 0 0 0 1.64762 100 35 6.27048 100 17 0 0 0 -3.18948 100 19 0 0 0 0 0 0 0 0 0 0 0
36000 -217.135 0 0 0 1.60136 100 34 5.91871 100 22 0 0 0 -3.22977 100 27 0 0 0 0 0 0 0 0 0 0 0
36100 -216.947 0 0 0 1.38179 100 33 3.19184 100 13 0 0 0 -2.84104 100 17 0 0 0 0 0 0 0 0 0 0 0
36200 -218.401 0 0 0 2.51787 100 26 6.72546 100 29 0 0 0 -3.83386 100 24 0 0 0 0 0 0 0 0 0 0 0
36300 -217.466 0 0 0 0.933007 100 29 2.02187 100 21 0 0 0 -2.731 100 23 0 0 0 0 0 0 0 0 0 0 0
36400 -223.356 0 0 0 0.500374 100 33 0.410663 100 17 0 0 0 -1.98962 100 28 0 0 0 0 0 0 0 0 0 0 0
36500 -221.673 0 0 0 2.12962 100 29 8.48379 100 22 0 0 0 -4.08966 100 26 0 0 0 0 0 0 0 0 0 0 0
36600 -218.029 0 0 0 2.19824 100 24 6.99761 100 28 0 0 0 -3.39824 100 21 0 0 0 0 0 0 0 0 0 0 0
36700 -218.761 0 0 0 1.86639 100 37 2.34751 100 26 0 0 0 -3.17205 100 32 0 0 0 0 0 0 0 0 0 0 0
36800 -217.901 0 0 0 1.18019 100 32 3.04313 100 24 0 0 0 -2.63467 100 21 0 0 0 0 0 0 0 0 0 0 0
36900 -218.544 0 0 0 0.892304 100 25 1.49504 100 24 0 0 0 -2.83153 100 24 0 0 0 0 0 0 0 0 0 0 0
37000 -219.102 0 0 0 1.35373 100 35 0.496471 100 23 0 0 0 -2.66045 100 26 0 0 0 0 0 0 0 0 0 0 0
37100 -219.982 0 0 0 0.71422 100 31 -1.22493 100 29 0 0 0 -2.39824 100 31 0 0 0 0 0 0 0 0 0 0 0
37200 -217.154 0 0 0 2.07716 100 31 5.2479 100 21 0 0 0 -3.32203 100 19 0 0 0 0 0 0 0 0 0 0 0
37300 -223.742 0 0 0 2.21429 100 26 10.7549 100 25 0 0 0 -3.81671 100 14 0 0 0 0 0 0 0 0 0 0 0
37400 -218.664 0 0 0 1.05317 100 28 0.353874 100 25 0 0 0 -2.71086 100 25 0 0 0 0 0 0 0 0 0 0 0
37500 -219.032 0 0 0 0.598012 100 27 0.925356 100 19 0 0 0 -2.64614 100 22 0 0 0 0 0 0 0 0 0 0 0
37600 -218.74 0 0 0 2.12787 100 40 3.3814 100 24 0 0 0 -3.32223 100 24 0 0 0 0 0 0 0 0 0 0 0
37700 -218.439 0 0 0 2.00763 100 28 5.12691 100 26 0 0 0 -3.08846 100 18 0 0 0 0 0 0 0 0 0 0 0
37800 -218.635 0 0 0 1.48754 100 29 2.24646 100 25 0 0 0 -3.15387 100 19 0 0 0 0 0 0 0 0 0 0 0
37900 -217.299 0 0 0 0.965769 100 35 2.46495 100 24 0 0 0 -2.75974 100 16 0 0 0 0 0 0 0 0 0 0 0
38000 -217.373 0 0 0 1.39883 100 31 2.10636 100 13 0 0 0 -2.88422 100 33 0 0 0 0 0 0 0 0 0 0 0
38100 -217.286 0 0 0 1.58052 100 38 2.67936 100 29 0 0 0 -2.97593 100 26 0 0 0 0 0 0 0 0 0 0 0
38200 -217.917 0 0 0 1.02393 100 33 2.30759 100 27 0 0 0 -2.91484 100 25 0 0 0 0 0 0 0 0 0 0 0
38300 -216.831 0 0 0 1.29682 100 30 3.08772 100 23 0 0 0 -2.92795 100 29 0 0 0 0 0 0 0 0 0 0 0
38400 -216.883 0 0 0 1.54919 100 34 5.37685 100 26 0 0 0 -3.17522 100 21 0 0 0 0 0 0 0 0 0 0 0
38500 -217.466 0 0 0 2.06321 100 27 7.13058 100 24 0 0 0 -3.47408 100 20 0 0 0 0 0 0 0 0 0 0 0
38600 -218.471 0 0 0 0.790981 100 30 0.336331 100 28 0 0 0 -2.45264 100 19 0 0 0 0 0 0 0 0 0 0 0
38700 -217.506 0 0 0 1.86361 100 40 3.84982 100 16 0 0 0 -3.06483 100 17 0 0 0 0 0 0 0 0 0 0 0
38800 -217.153 0 0 0 1.04998 100 30 3.20808 100 23 0 0 0 -2.85514 100 23 0 0 0 0 0 0 0 0 0 0 0
38900 -218.007 0 0 0 1.16793 100 22 2.95744 100 27 0 0 0 -2.61531 100 20 0 0 0 0 0 0 0 0 0 0 0
39000 -218.263 0 0 0 0.614738 100 30 1.64849 100 22 0 0 0 -2.52207 100 27 0 0 0 0 0 0 0 0 0 0 0
39100 -218.928 0 0 0 0.607254 100 31 0.0691722 100 23 0 0 0 -2.48465 100 26 0 0 0 0 0 0 0 0 0 0 0
39200 -216.885 0 0 0 1.91406 100 31 5.65553 100 22 0 0 0 -3.27679 100 20 0 0 0 0 0 0 0 0 0 0 0
39300 -217.314 0 0 0 1.33547 100 26 3.69157 100 25 0 0 0 -2.78962 100 22 0 0 0 0 0 0 0 0 0 0 0
39400 -217.601 0 0 0 1.25754 100 36 5.00584 100 13 0 0 0 -2.93545 100 24 0 0 0 0 0 0 0 0 0 0 0
39500 -219.225 0 0 0 1.21763 100 30 4.90487 100 24 0 0 0 -3.32247 100 30 0 0 0 0 0 0 0 0 0 0 0
39600 -219.863 0 0 0 1.20061 100 35 2.14935 100 26 0 0 0 -3.15605 100 17 0 0 0 0 0 0 0 0 0 0 0
39700 -216.9 0 0 0 1.23917 100 34 2.79708 100 24 0 0 0 -2.86467 100 21 0 0 0 0 0 0 0 0 0 0 0
39800 -217.308 0 0 0 1.47294 100 28 2.6055 100 27 0 0 0 -3.01805 100 16 0 0 0 0 0 0 0 0 0 0 0
39900 -217.767 0 0 0 2.30525 100 31 5.85419 100 24 0 0 0 -3.42241 100 28 0 0 0 0 0 0 0 0 0 0 0
40000 -220.734 0 0 0 0.94358 100 35 6.32826 100 16 0 0 0 -3.15387 100 29 0 0 0 0 0 0 0 0 0 0 0
40100 -216.724 0 0 0 1.82197 100 31 5.21409 100 24 0 0 0 -3.23276 100 18 0 0 0 0 0 0 0 0 0 0 0
40200 -219.297 0 0 0 1.84547 100 26 1.82208 100 33 0 0 0 -2.99475 100 17 0 0 0 0 0 0 0 0 0 0 0
40300 -218.064 0 0 0 1.63359 100 36 5.55913 100 18 0 0 0 -3.46698 100 30 0 0 0 0 0 0 0 0 0 0 0
40400 -218.387 0 0 0 1.11815 100 28 1.34 100 26 0 0 0 -2.51563 100 27 0 0 0 0 0 0 0 0 0 0 0
40500 -218.251 0 0 0 2.59861 100 28 7.18679 100 21 0 0 0 -3.68964 100 21 0 0 0 0 0 0 0 0 0 0 0
40600 -218.255 0 0 0 2.16334 100 35 7.18716 100 30 0 0 0 -3.38468 100 20 0 0 0 0 0 0 0 0 0 0 0
40700 -216.772 0 0 0 1.56862 100 33 5.19211 100 22 0 0 0 -3.15726 100 29 0 0 0 0 0 0 0 0 0 0 0
40800 -217.541 0 0 0 1.53773 100 37 4.32401 100 23 0 0 0 -2.88074 100 16 0 0 0 0 0 0 0 0 0 0 0
40900 -218.049 0 0 0 0.701384 100 32 2.574 100 18 0 0 0 -2.63353 100 17 0 0 0 0 0 0 0 0 0 0 0
41000 -217.119 0 0 0 1.24129 100 27 2.24923 100 16 0 0 0 -2.7869 100 20 0 0 0 0 0 0 0 0 0 0 0
41100 -219.78 0 0 0 1.49809 100 38 5.14793 100 19 0 0 0 -3.52503 100 18 0 0 0 0 0 0 0 0 0 0 0
41200 -217.862 0 0 0 1.07527 100 30 1.89603 100 25 0 0 0 -2.55994 100 13 0 0 0 0 0 0 0 0 0 0 0
41300 -217.512 0 0 0 1.71489 100 39 2.89247 100 26 0 0 0 -3.09519 100 22 0 0 0 0 0 0 0 0 0 0 0
41400 -218.186 0 0 0 0.661667 100 30 1.73266 100 24 0 0 0 -2.497 100 19 0 0 0 0 0 0 0 0 0 0 0
41500 -218.673 0 0 0 2.63982 100 41 8.86233 100 23 0 0 0 -3.94463 100 28 0 0 0 0 0 0 0 0 0 0 0
41600 -216.872 0 0 0 1.3725 100 31 3.80095 100 22 0 0 0 -2.88163 100 32 0 0 0 0 0 0 0 0 0 0 0
41700 -217.13 0 0 0 1.67396 100 33 6.09809 100 24 0 0 0 -3.26868 100 22 0 0 0 0 0 0 0 0 0 0 0
41800 -216.859 0 0 0 1.74461 100 34 5.8023 100 15 0 0 0 -3.27396 100 24 0 0 0 0 0 0 0 0 0 0 0
41900 -217.685 0 0 0 1.28256 100 30 1.80255 100 24 0 0 0 -2.68652 100 23 0 0 0 0 0 0 0 0 0 0 0
42000 -217.224 0 0 0 1.36764 100 37 3.22902 100 23 0 0 0 -3.07685 100 19 0 0 0 0 0 0 0 0 0 0 0
42100 -218.393 0 0 0 1.21257 100 31 5.81688 100 24 0 0 0 -3.17113 100 27 0 0 0 0 0 0 0 0 0 0 0
42200 -216.765 0 0 0 1.68542 100 28 4.39761 100 19 0 0 0 -3.21735 100 29 0 0 0 0 0 0 0 0 0 0 0
42300 -218.355 0 0 0 1.7971 100 30 2.34651 100 25 0 0 0 -3.10059 100 15 0 0 0 0 0 0 0 0 0 0 0
42400 -217.044 0 0 0 1.26232 100 27 4.29368 100 20 0 0 0 -2.9047 100 23 0 0 0 0 0 0 0 0 0 0 0
42500 -217.124 0 0 0 1.97492 100 35 4.56354 100 18 0 0 0 -3.31509 100 21 0 0 0 0 0 0 0 0 0 0 0
42600 -217.125 0 0 0 1.52713 100 23 5.13359 100 25 0 0 0 -3.26959 100 28 0 0 0 0 0 0 0 0 0 0 0
42700 -218.115 0 0 0 2.50214 100 35 7.56208 100 23 0 0 0 -3.64981 100 22 0 0 0 0 0 0 0 0 0 0 0
42800 -217.39 0 0 0 1.66321 100 35 5.97161 100 31 0 0 0 -3.39924 100 23 0 0 0 0 0 0 0 0 0 0 0
42900 -218.58 0 0 0 0.54633 100 29 1.95649 100 19 0 0 0 -2.58537 100 21 0 0 0 0 0 0 0 0 0 0 0
43000 -217.668 0 0 0 2.01269 100 38 6.53244 100 19 0 0 0 -3.62421 100 19 0 0 0 0 0 0 0 0 0 0 0
43100 -217.67 0 0 0 2.12361 100 38 4.57313 100 25 0 0 0 -3.41873 100 29 0 0 0 0 0 0 0 0 0 0 0
43200 -217.044 0 0 0 1.33502 100 39 2.69744 100 22 0 0 0 -2.80537 100 30 0 0 0 0 0 0 0 0 0 0 0
43300 -217.255 0 0 0 1.34736 100 36 4.64257 100 28 0 0 0 -2.91209 100 21 0 0 0 0 0 0 0 0 0 0 0
43400 -218.202 0 0 0 1.00792 100 35 3.82661 100 25 0 0 0 -3.04506 100 26 0 0 0 0 0 0 0 0 0 0 0
43500 -220.808 0 0 0 0.342894 100 26 -0.257243 100 20 0 0 0 -2.09595 100 22 0 0 0 0 0 0 0 0 0 0 0
43600 -218.36 0 0 0 1.56745 100 39 1.8191 100 22 0 0 0 -3.04277 100 29 0 0 0 0 0 0 0 0 0 0 0
43700 -216.929 0 0 0 1.96307 100 29 5.69171 100 19 0 0 0 -3.29946 100 22 0 0 0 0 0 0 0 0 0 0 0
43800 -220.497 0 0 0 3.00059 100 31 7.72869 100 26 0 0 0 -4.19862 100 26 0 0 0 0 0 0 0 0 0 0 0
43900 -217.235 0 0 0 0.991803 100 32 3.12437 100 25 0 0 0 -2.77571 100 28 0 0 0 0 0 0 0 0 0 0 0
44000 -217.952 0 0 0 1.01796 100 33 3.27665 100 19 0 0 0 -2.99563 100 25 0 0 0 0 0 0 0 0 0 0 0
44100 -216.88 0 0 0 1.74568 100 30 4.49337 100 23 0 0 0 -3.08484 100 19 0 0 0 0 0 0 0 0 0 0 0
44200 -218.691 0 0 0 1.49921 100 26 4.51143 100 14 0 0 0 -2.79031 100 20 0 0 0 0 0 0 0 0 0 0 0
44300 -217.785 0 0 0 1.16968 100 30 5.00738 100 27 0 0 0 -3.09518 100 22 0 0 0 0 0 0 0 0 0 0 0
44400 -216.802 0 0 0 1.91107 100 30 5.53102 100 29 0 0 0 -3.35743 100 24 0 0 0 0 0 0 0 0 0 0 0
44500 -217.852 0 0 0 1.24403 100 34 1.26971 100 24 0 0 0 -2.70155 100 18 0 0 0 0 0 0 0 0 0 0 0
44600 -217.967 0 0 0 0.87592 100 24 0.949903 100 21 0 0 0 -2.62031 100 31 0 0 0 0 0 0 0 0 0 0 0
44700 -218.664 0 0 0 2.31389 100 35 5.97126 100 22 0 0 0 -3.31741 100 18 0 0 0 0 0 0 0 0 0 0 0
44800 -218.039 0 0 0 0.833472 100 28 2.58101 100 21 0 0 0 -2.54553 100 28 0 0 0 0 0 0 0 0 0 0 0
44900 -220.063 0 0 0 0.205327 100 35 0.80695 100 17 0 0 0 -2.33164 100 32 0 0 0 0 0 0 0 0 0 0 0
45000 -217.072 0 0 0 1.75414 100 37 3.95568 100 28 0 0 0 -3.23604 100 26 0 0 0 0 0 0 0 0 0 0 0
45100 -216.671 0 0 0 1.53478 100 25 4.56742 100 16 0 0 0 -3.14192 100 17 0 0 0 0 0 0 0 0 0 0 0
45200 -218.476 0 0 0 0.837127 100 32 0.236658 100 26 0 0 0 -2.49346 100 24 0 0 0 0 0 0 0 0 0 0 0
45300 -217.054 0 0 0 1.7688 100 33 5.20434 100 20 0 0 0 -3.11503 100 24 0 0 0 0 0 0 0 0 0 0 0
45400 -218.171 0 0 0 2.25244 100 35 7.25007 100 23 0 0 0 -3.44275 100 22 0 0 0 0 0 0 0 0 0 0 0
45500 -216.923 0 0 0 1.22691 100 19 2.72231 100 25 0 0 0 -2.81901 100 22 0 0 0 0 0 0 0 0 0 0 0
45600 -217.227 0 0 0 2.16012 100 30 6.32096 100 23 0 0 0 -3.43009 100 30 0 0 0 0 0 0 0 0 0 0 0
45700 -218.805 0 0 0 1.18956 100 21 0.612523 100 26 0 0 0 -2.54491 100 22 0 0 0 0 0 0 0 0 0 0 0
45800 -217.261 0 0 0 2.21205 100 33 5.86475 100 33 0 0 0 -3.4718 100 17 0 0 0 0 0 0 0 0 0 0 0
45900 -217.119 0 0 0 1.81724 100 41 4.98004 100 24 0 0 0 -3.10937 100 26 0 0 0 0 0 0 0 0 0 0 0
46000 -216.869 0 0 0 1.89627 100 31 5.52198 100 30 0 0 0 -3.2547 100 20 0 0 0 0 0 0 0 0 0 0 0
46100 -218.157 0 0 0 1.60474 100 31 6.24142 100 30 0 0 0 -3.47261 100 25 0 0 0 0 0 0 0 0 0 0 0
46200 -217.385 0 0 0 1.67374 100 33 3.1811 100 17 0 0 0 -3.1589 100 29 0 0 0 0 0 0 0 0 0 0 0
46300 -218.046 0 0 0 1.33713 100 26 4.28388 100 18 0 0 0 -3.25126 100 29 0 0 0 0 0 0 0 0 0 0 0
46400 -218.063 0 0 0 1.26434 100 37 4.17015 100 26 0 0 0 -2.743 100 21 0 0 0 0 0 0 0 0 0 0 0
46500 -217.358 0 0 0 0.990147 100 31 2.09708 100 28 0 0 0 -2.6457 100 20 0 0 0 0 0 0 0 0 0 0 0
46600 -218.073 0 0 0 0.788656 100 31 3.36581 100 21 0 0 0 -2.79338 100 19 0 0 0 0 0 0 0 0 0 0 0
46700 -218.574 0 0 0 0.782701 100 26 0.561242 100 23 0 0 0 -2.63771 100 15 0 0 0 0 0 0 0 0 0 0 0
46800 -218.51 0 0 0 1.73297 100 38 6.00257 100 21 0 0 0 -3.57731 100 33 0 0 0 0 0 0 0 0 0 0 0
46900 -218.778 0 0 0 2.54025 100 41 7.76204 100 17 0 0 0 -3.60165 100 25 0 0 0 0 0 0 0 0 0 0 0
47000 -218.954 0 0 0 0.64789 100 33 0.119748 100 23 0 0 0 -2.5394 100 24 0 0 0 0 0 0 0 0 0 0 0
47100 -217.977 0 0 0 1.00776 100 33 1.59418 100 21 0 0 0 -2.52235 100 25 0 0 0 0 0 0 0 0 0 0 0
47200 -217.122 0 0 0 1.24835 100 43 2.66385 100 23 0 0 0 -2.74709 100 29 0 0 0 0 0 0 0 0 0 0 0
47300 -218.719 0 0 0 1.48324 100 32 1.00005 100 22 0 0 0 -2.82201 100 22 0 0 0 0 0 0 0 0 0 0 0
47400 -221.137 0 0 0 0.337733 100 30 3.08403 100 24 0 0 0 -2.79342 100 29 0 0 0 0 0 0 0 0 0 0 0
47500 -218.613 0 0 0 2.21946 100 37 4.47358 100 26 0 0 0 -3.23422 100 18 0 0 0 0 0 0 0 0 0 0 0
47600 -217.578 0 0 0 0.914837 100 36 1.95428 100 19 0 0 0 -2.74175 100 29 0 0 0 0 0 0 0 0 0 0 0
47700 -217.948 0 0 0 0.831907 100 32 3.26863 100 22 0 0 0 -2.66108 100 20 0 0 0 0 0 0 0 0 0 0 0
47800 -218.126 0 0 0 0.875543 100 38 3.65106 100 29 0 0 0 -2.91497 100 26 0 0 0 0 0 0 0 0 0 0 0
47900 -216.97 0 0 0 1.98997 100 29 5.07533 100 29 0 0 0 -3.36124 100 26 0 0 0 0 0 0 0 0 0 0 0
48000 -217.334 0 0 0 1.48347 100 37 2.36349 100 14 0 0 0 -2.94096 100 20 0 0 0 0 0 0 0 0 0 0 0
48100 -219.227 0 0 0 2.15414 100 25 3.24337 100 25 0 0 0 -3.38726 100 26 0 0 0 0 0 0 0 0 0 0 0
48200 -219.127 0 0 0 0.64873 100 29 1.88348 100 21 0 0 0 -2.78806 100 30 0 0 0 0 0 0 0 0 0 0 0
48300 -219.049 0 0 0 2.46103 100 32 6.15422 100 18 0 0 0 -3.40517 100 20 0 0 0 0 0 0 0 0 0 0 0
48400 -218.476 0 0 0 0.697464 100 32 0.398858 100 28 0 0 0 -2.47752 100 23 0 0 0 0 0 0 0 0 0 0 0
48500 -217.083 0 0 0 1.2208 100 30 2.30761 100 28 0 0 0 -2.81762 100 25 0 0 0 0 0 0 0 0 0 0 0
48600 -217.318 0 0 0 1.5798 100 35 2.64708 100 30 0 0 0 -2.95526 100 20 0 0 0 0 0 0 0 0 0 0 0
48700 -216.72 0 0 0 1.83033 100 32 5.12783 100 24 0 0 0 -3.2364 100 22 0 0 0 0 0 0 0 0 0 0 0
48800 -217.143 0 0 0 1.11283 100 24 2.29785 100 18 0 0 0 -2.79917 100 18 0 0 0 0 0 0 0 0 0 0 0
48900 -216.764 0 0 0 1.88868 100 36 5.50525 100 27 0 0 0 -3.31218 100 22 0 0 0 0 0 0 0 0 0 0 0
49000 -218.222 0 0 0 2.13432 100 29 4.68776 100 27 0 0 0 -3.54571 100 28 0 0 0 0 0 0 0 0 0 0 0
49100 -216.938 0 0 0 1.21217 100 34 2.68687 100 23 0 0 0 -2.81203 100 16 0 0 0 0 0 0 0 0 0 0 0
49200 -218.901 0 0 0 0.925651 100 38 0.879812 100 20 0 0 0 -2.80675 100 26 0 0 0 0 0 0 0 0 0 0 0
49300 -217.721 0 0 0 1.97886 100 32 5.44661 100 19 0 0 0 -3.15738 100 25 0 0 0 0 0 0 0 0 0 0 0
49400 -217.469 0 0 0 1.50664 100 28 5.01183 100 25 0 0 0 -2.95502 100 21 0 0 0 0 0 0 0 0 0 0 0
49500 -218.335 0 0 0 1.88049 100 28 2.75271 100 18 0 0 0 -3.19608 100 20 0 0 0 0 0 0 0 0 0 0 0
49600 -217.462 0 0 0 1.15321 100 27 4.68701 100 29 0 0 0 -2.95549 100 27 0 0 0 0 0 0 0 0 0 0 0
49700 -217.508 0 0 0 1.80398 100 25 5.2331 100 27 0 0 0 -3.45832 100 32 0 0 0 0 0 0 0 0 0 0 0
49800 -217.471 0 0 0 2.12726 100 28 6.67304 100 21 0 0 0 -3.63382 100 25 0 0 0 0 0 0 0 0 0 0 0
49900 -217.966 0 0 0 0.940648 100 37 4.10004 100 18 0 0 0 -2.77954 100 25 0 0 0 0 0 0 0 0 0 0 0
50000 -216.787 0 0 0 1.50858 100 28 3.35752 100 29 0 0 0 -3.01094 100 15 0 0 0 0 0 0 0 0 0 0 0
50100 -217.225 0 0 0 1.49069 100 19 3.32718 100 29 0 0 0 -2.84434 100 25 0 0 0 0 0 0 0 0 0 0 0
50200 -219.438 0 0 0 0.627403 100 37 3.82504 100 24 0 0 0 -2.85294 100 23 0 0 0 0 0 0 0 0 0 0 0
50300 -216.937 0 0 0 1.63721 100 26 5.5262 100 25 0 0 0 -3.29053 100 17 0 0 0 0 0 0 0 0 0 0 0
50400 -217.132 0 0 0 1.39687 100 30 2.43131 100 20 0 0 0 -2.88815 100 25 0 0 0 0 0 0 0 0 0 0 0
50500 -217.557 0 0 0 1.62725 100 24 5.83321 100 26 0 0 0 -3.09459 100 12 0 0 0 0 0 0 0 0 0 0 0
50600 -218.273 0 0 0 1.61235 100 31 4.52813 100 22 0 0 0 -3.41354 100 30 0 0 0 0 0 0 0 0 0 0 0
50700 -218.161 0 0 0 2.47704 100 30 6.19721 100 20 0 0 0 -3.71762 100 18 0 0 0 0 0 0 0 0 0 0 0
50800 -217.421 0 0 0 1.75553 100 30 6.63557 100 14 0 0 0 -3.40162 100 23 0 0 0 0 0 0 0 0 0 0 0
50900 -219.183 0 0 0 0.589425 100 37 -0.176087 100 29 0 0 0 -2.47936 100 31 0 0 0 0 0 0 0 0 0 0 0
51000 -221.297 0 0 0 1.95195 100 36 0.936633 100 26 0 0 0 -3.03286 100 30 0 0 0 0 0 0 0 0 0 0 0
51100 -217.475 0 0 0 1.90031 100 39 6.90886 100 21 0 0 0 -3.51296 100 28 0 0 0 0 0 0 0 0 0 0 0
51200 -220.439 0 0 0 1.86093 100 20 2.90015 100 17 0 0 0 -2.80453 100 17 0 0 0 0 0 0 0 0 0 0 0
51300 -217.514 0 0 0 0.966464 100 35 3.49105 100 17 0 0 0 -2.87645 100 25 0 0 0 0 0 0 0 0 0 0 0
51400 -216.91 0 0 0 1.82143 100 33 5.71395 100 19 0 0 0 -3.23318 100 16 0 0 0 0 0 0 0 0 0 0 0
51500 -218.075 0 0 0 1.21576 100 37 4.6467 100 22 0 0 0 -2.80337 100 29 0 0 0 0 0 0 0 0 0 0 0
51600 -219.899 0 0 0 1.11131 100 28 3.47635 100 31 0 0 0 -2.51186 100 28 0 0 0 0 0 0 0 0 0 0 0
51700 -217.508 0 0 0 2.157 100 27 7.31947 100 28 0 0 0 -3.61909 100 25 0 0 0 0 0 0 0 0 0 0 0
51800 -218.219 0 0 0 2.11473 100 32 5.21205 100 19 0 0 0 -3.61419 100 24 0 0 0 0 0 0 0 0 0 0 0
51900 -217.567 0 0 0 1.41343 100 37 5.74142 100 22 0 0 0 -3.0985 100 35 0 0 0 0 0 0 0 0 0 0 0
52000 -219.357 0 0 0 0.347535 100 31 1.1443 100 25 0 0 0 -2.43519 100 26 0 0 0 0 0 0 0 0 0 0 0
52100 -218.18 0 0 0 0.652067 100 29 1.53291 100 25 0 0 0 -2.50101 100 15 0 0 0 0 0 0 0 0 0 0 0
52200 -217.846 0 0 0 0.97337 100 32 3.16033 100 25 0 0 0 -2.62474 100 32 0 0 0 0 0 0 0 0 0 0 0
52300 -217.413 0 0 0 1.7354 100 31 6.52181 100 20 0 0 0 -3.29541 100 19 0 0 0 0 0 0 0 0 0 0 0
52400 -217.455 0 0 0 0.941914 100 30 1.81651 100 29 0 0 0 -2.63706 100 31 0 0 0 0 0 0 0 0 0 0 0
52500 -216.994 0 0 0 1.84318 100 36 6.02521 100 17 0 0 0 -3.4125 100 21 0 0 0 0 0 0 0 0 0 0 0
52600 -218.074 0 0 0 1.11268 100 23 0.937916 100 25 0 0 0 -2.59356 100 23 0 0 0 0 0 0 0 0 0 0 0
52700 -216.835 0 0 0 1.63437 100 30 3.84084 100 26 0 0 0 -3.01469 100 29 0 0 0 0 0 0 0 0 0 0 0
52800 -218.899 0 0 0 0.652364 100 24 2.71282 100 19 0 0 0 -2.47974 100 29 0 0 0 0 0 0 0 0 0 0 0
52900 -217.326 0 0 0 1.77281 100 37 4.20343 100 28 0 0 0 -3.32347 100 17 0 0 0 0 0 0 0 0 0 0 0
53000 -217.354 0 0 0 1.30355 100 29 4.93759 100 19 0 0 0 -3.14613 100 19 0 0 0 0 0 0 0 0 0 0 0
53100 -217.948 0 0 0 0.830849 100 30 1.01487 100 29 0 0 0 -2.59006 100 28 0 0 0 0 0 0 0 0 0 0 0
53200 -217.832 0 0 0 1.20547 100 31 1.36197 100 24 0 0 0 -2.817 100 21 0 0 0 0 0 0 0 0 0 0 0
53300 -217.178 0 0 0 1.39048 100 31 5.26281 100 23 0 0 0 -3.14886 100 18 0 0 0 0 0 0 0 0 0 0 0
53400 -217.671 0 0 0 0.870413 100 34 2.07614 100 37 0 0 0 -2.57002 100 19 0 0 0 0 0 0 0 0 0 0 0
53500 -217.423 0 0 0 2.09713 100 31 5.02224 100 21 0 0 0 -3.46487 100 19 0 0 0 0 0 0 0 0 0 0 0
53600 -218.446 0 0 0 0.99298 100 36 0.710737 100 20 0 0 0 -2.4776 100 36 0 0 0 0 0 0 0 0 0 0 0
53700 -217.138 0 0 0 1.8652 100 41 5.69239 100 26 0 0 0 -3.45273 100 25 0 0 0 0 0 0 0 0 0 0 0
53800 -218.103 0 0 0 2.51051 100 32 7.59889 100 21 0 0 0 -3.84987 100 19 0 0 0 0 0 0 0 0 0 0 0
53900 -216.843 0 0 0 1.49631 100 30 4.94052 100 24 0 0 0 -3.17732 100 24 0 0 0 0 0 0 0 0 0 0 0
54000 -217.841 0 0 0 1.89594 100 35 5.87738 100 23 0 0 0 -3.57298 100 24 0 0 0 0 0 0 0 0 0 0 0
54100 -217.816 0 0 0 1.40291 100 28 5.50042 100 22 0 0 0 -2.98714 100 21 0 0 0 0 0 0 0 0 0 0 0
54200 -217.501 0 0 0 1.35094 100 33 4.76191 100 17 0 0 0 -2.89443 100 23 0 0 0 0 0 0 0 0 0 0 0
54300 -216.938 0 0 0 1.63348 100 38 4.3295 100 24 0 0 0 -3.23946 100 24 0 0 0 0 0 0 0 0 0 0 0
54400 -217.623 0 0 0 1.76941 100 33 3.42901 100 27 0 0 0 -2.97766 100 21 0 0 0 0 0 0 0 0 0 0 0
54500 -217.169 0 0 0 2.11866 100 35 5.44435 100 29 0 0 0 -3.45169 100 26 0 0 0 0 0 0 0 0 0 0 0
54600 -219.475 0 0 0 1.1228 100 34 1.47373 100 28 0 0 0 -3.01902 100 25 0 0 0 0 0 0 0 0 0 0 0
54700 -217.605 0 0 0 1.76257 100 29 4.38852 100 23 0 0 0 -3.3812 100 20 0 0 0 0 0 0 0 0 0 0 0
54800 -217.48 0 0 0 2.24085 100 29 6.62679 100 24 0 0 0 -3.46309 100 23 0 0 0 0 0 0 0 0 0 0 0
54900 -217.196 0 0 0 1.60347 100 21 3.74899 100 31 0 0 0 -2.91961 100 19 0 0 0 0 0 0 0 0 0 0 0
55000 -219.195 0 0 0 0.56397 100 30 2.83541 100 18 0 0 0 -2.76815 100 21 0 0 0 0 0 0 0 0 0 0 0
55100 -218.671 0 0 0 0.692661 100 32 0.517698 100 26 0 0 0 -2.37375 100 18 0 0 0 0 0 0 0 0 0 0 0
55200 -218.098 0 0 0 1.23493 100 35 4.486 100 26 0 0 0 -2.77724 100 25 0 0 0 0 0 0 0 0 0 0 0
55300 -216.81 0 0 0 1.90992 100 37 5.38667 100 22 0 0 0 -3.27684 100 26 0 0 0 0 0 0 0 0 0 0 0
55400 -216.704 0 0 0 1.79375 100 42 4.7187 100 19 0 0 0 -3.21483 100 25 0 0 0 0 0 0 0 0 0 0 0
55500 -218.936 0 0 0 0.630347 100 31 2.75265 100 17 0 0 0 -2.79621 100 17 0 0 0 0 0 0 0 0 0 0 0
55600 -221.445 0 0 0 3.05893 100 30 10.102 100 17 0 0 0 -3.98048 100 21 0 0 0 0 0 0 0 0 0 0 0
55700 -218.269 0 0 0 2.5232 100 24 6.09153 100 25 0 0 0 -3.67843 100 20 0 0 0 0 0 0 0 0 0 0 0
55800 -217.148 0 0 0 1.98466 100 36 5.38887 100 22 0 0 0 -3.23705 100 21 0 0 0 0 0 0 0 0 0 0 0
55900 -217.286 0 0 0 1.33462 100 41 4.56368 100 21 0 0 0 -3.16396 100 19 0 0 0 0 0 0 0 0 0 0 0
56000 -217.059 0 0 0 2.11403 100 23 6.20478 100 14 0 0 0 -3.45083 100 21 0 0 0 0 0 0 0 0 0 0 0
56100 -218.711 0 0 0 2.76489 100 28 7.36298 100 23 0 0 0 -3.84589 100 27 0 0 0 0 0 0 0 0 0 0 0
56200 -217.391 0 0 0 1.41138 100 37 4.20181 100 18 0 0 0 -3.20795 100 31 0 0 0 0 0 0 0 0 0 0 0
56300 -216.64 0 0 0 1.50854 100 35 4.3336 100 24 0 0 0 -3.09918 100 22 0 0 0 0 0 0 0 0 0 0 0
56400 -217.147 0 0 0 2.09561 100 28 5.22635 100 30 0 0 0 -3.3668 100 27 0 0 0 0 0 0 0 0 0 0 0
56500 -222.879 0 0 0 0.0589517 100 27 2.4222 100 18 0 0 0 -2.69866 100 16 0 0 0 0 0 0 0 0 0 0 0
56600 -217.624 0 0 0 1.48546 100 32 5.87096 100 17 0 0 0 -3.09649 100 27 0 0 0 0 0 0 0 0 0 0 0
56700 -217.808 0 0 0 2.47339 100 30 6.958 100 19 0 0 0 -3.65403 100 25 0 0 0 0 0 0 0 0 0 0 0
56800 -218.235 0 0 0 1.19752 100 31 5.66427 100 19 0 0 0 -3.05446 100 23 0 0 0 0 0 0 0 0 0 0 0
56900 -216.712 0 0 0 1.52359 100 34 3.6785 100 23 0 0 0 -2.98976 100 21 0 0 0 0 0 0 0 0 0 0 0
57000 -219.493 0 0 0 0.813468 100 28 4.20282 100 28 0 0 0 -3.04903 100 25 0 0 0 0 0 0 0 0 0 0 0
57100 -217.905 0 0 0 0.774196 100 33 1.67308 100 21 0 0 0 -2.52072 100 19 0 0 0 0 0 0 0 0 0 0 0
57200 -219.5 0 0 0 1.34433 100 38 2.48018 100 23 0 0 0 -3.21748 100 27 0 0 0 0 0 0 0 0 0 0 0
57300 -218.674 0 0 0 1.36898 100 28 2.73398 100 21 0 0 0 -3.18654 100 26 0 0 0 0 0 0 0 0 0 0 0
57400 -217.313 0 0 0 2.20265 100 32 6.91033 100 18 0 0 0 -3.59012 100 26 0 0 0 0 0 0 0 0 0 0 0
57500 -216.687 0 0 0 1.67764 100 43 4.53777 100 21 0 0 0 -3.10105 100 22 0 0 0 0 0 0 0 0 0 0 0
57600 -216.852 0 0 0 1.77601 100 29 5.70775 100 18 0 0 0 -3.23959 100 19 0 0 0 0 0 0 0 0 0 0 0
57700 -218.97 0 0 0 0.553682 100 39 3.05623 100 32 0 0 0 -2.63278 100 21 0 0 0 0 0 0 0 0 0 0 0
57800 -217.968 0 0 0 2.54009 100 28 7.05169 100 27 0 0 0 -3.72261 100 26 0 0 0 0 0 0 0 0 0 0 0
57900 -217.162 0 0 0 1.06223 100 24 2.5824 100 28 0 0 0 -2.82054 100 21 0 0 0 0 0 0 0 0 0 0 0
58000 -216.887 0 0 0 1.71501 100 34 5.45425 100 21 0 0 0 -3.32667 100 23 0 0 0 0 0 0 0 0 0 0 0
58100 -217.469 0 0 0 2.25686 100 49 5.94286 100 19 0 0 0 -3.43892 100 27 0 0 0 0 0 0 0 0 0 0 0
58200 -217.552 0 0 0 2.24476 100 33 5.34896 100 22 0 0 0 -3.44317 100 17 0 0 0 0 0 0 0 0 0 0 0
58300 -216.688 0 0 0 1.41867 100 36 3.84216 100 13 0 0 0 -3.03501 100 20 0 0 0 0 0 0 0 0 0 0 0
58400 -217.011 0 0 0 1.73966 100 24 4.911 100 22 0 0 0 -3.0813 100 29 0 0 0 0 0 0 0 0 0 0 0
58500 -223.115 0 0 0 -0.0361968 100 30 -0.28245 100 31 0 0 0 -2.48528 100 23 0 0 0 0 0 0 0 0 0 0 0
58600 -217.26 0 0 0 1.30811 100 28 2.07658 100 30 0 0 0 -2.81809 100 28 0 0 0 0 0 0 0 0 0 0 0
58700 -217.561 0 0 0 1.95123 100 29 3.73917 100 17 0 0 0 -3.22836 100 16 0 0 0 0 0 0 0 0 0 0 0
58800 -220.204 0 0 0 2.98881 100 26 9.05234 100 22 0 0 0 -4.29181 100 30 0 0 0 0 0 0 0 0 0 0 0
58900 -217.772 0 0 0 2.34097 100 30 5.59757 100 17 0 0 0 -3.51062 100 19 0 0 0 0 0 0 0 0 0 0 0
59000 -217.993 0 0 0 2.3394 100 26 6.0364 100 12 0 0 0 -3.41914 100 23 0 0 0 0 0 0 0 0 0 0 0
59100 -220.587 0 0 0 3.25263 100 31 10.2501 100 19 0 0 0 -4.35899 100 25 0 0 0 0 0 0 0 0 0 0 0
59200 -219.141 0 0 0 2.5068 100 45 5.35832 100 23 0 0 0 -3.45164 100 28 0 0 0 0 0 0 0 0 0 0 0
59300 -218.69 0 0 0 0.997261 100 42 0.424605 100 20 0 0 0 -2.72186 100 23 0 0 0 0 0 0 0 0 0 0 0
59400 -219.055 0 0 0 0.894833 100 31 4.66214 100 33 0 0 0 -3.05626 100 23 0 0 0 0 0 0 0 0 0 0 0
59500 -218.188 0 0 0 0.843724 100 33 3.76657 100 18 0 0 0 -2.70821 100 27 0 0 0 0 0 0 0 0 0 0 0
59600 -219.678 0 0 0 1.29252 100 37 6.72878 100 21 0 0 0 -3.09935 100 23 0 0 0 0 0 0 0 0 0 0 0
59700 -217.493 0 0 0 1.81974 100 26 6.82392 100 23 0 0 0 -3.36536 100 26 0 0 0 0 0 0 0 0 0 0 0
59800 -217.541 0 0 0 1.3033 100 26 5.38241 100 22 0 0 0 -3.05052 100 23 0 0 0 0 0 0 0 0 0 0 0
59900 -220.276 0 0 0 2.79351 100 30 7.56774 100 23 0 0 0 -3.6324 100 19 0 0 0 0 0 0 0 0 0 0 0
60000 -219.937 0 0 0 2.23226 100 28 4.96276 100 17 0 0 0 -3.76312 100 20 0 0 0 0 0 0 0 0 0 0 0
60100 -218.093 0 0 0 2.13474 100 30 4.03426 100 26 0 0 0 -3.36598 100 28 0 0 0 0 0 0 0 0 0 0 0
60200 -217.395 0 0 0 1.75063 100 22 4.83607 100 24 0 0 0 -3.02747 100 18 0 0 0 0 0 0 0 0 0 0 0
60300 -218.153 0 0 0 1.02833 100 34 4.45391 100 20 0 0 0 -3.05668 100 28 0 0 0 0 0 0 0 0 0 0 0
60400 -218.286 0 0 0 1.24383 100 35 1.40788 100 24 0 0 0 -2.59198 100 20 0 0 0 0 0 0 0 0 0 0 0
60500 -216.633 0 0 0 1.63373 100 33 4.66147 100 20 0 0 0 -3.1745 100 28 0 0 0 0 0 0 0 0 0 0 0
60600 -217.432 0 0 0 1.10039 100 28 3.57822 100 23 0 0 0 -2.99033 100 30 0 0 0 0 0 0 0 0 0 0 0
60700 -219.607 0 0 0 1.98602 100 35 6.98565 100 21 0 0 0 -3.18386 100 22 0 0 0 0 0 0 0 0 0 0 0
60800 -217.011 0 0 0 1.69336 100 28 4.77075 100 17 0 0 0 -3.31213 100 29 0 0 0 0 0 0 0 0 0 0 0
60900 -217.853 0 0 0 1.94618 100 33 6.74011 100 19 0 0 0 -3.28362 100 31 0 0 0 0 0 0 0 0 0 0 0
61000 -216.854 0 0 0 1.64572 100 33 5.55105 100 29 0 0 0 -3.25561 100 20 0 0 0 0 0 0 0 0 0 0 0
61100 -217.651 0 0 0 2.39098 100 28 6.46202 100 24 0 0 0 -3.64789 100 19 0 0 0 0 0 0 0 0 0 0 0
61200 -217.456 0 0 0 1.01822 100 24 3.96182 100 18 0 0 0 -2.87256 100 20 0 0 0 0 0 0 0 0 0 0 0
61300 -219.793 0 0 0 0.857352 100 35 5.29079 100 26 0 0 0 -2.85204 100 17 0 0 0 0 0 0 0 0 0 0 0
61400 -217.837 0 0 0 1.1319 100 35 4.60901 100 25 0 0 0 -2.8368 100 23 0 0 0 0 0 0 0 0 0 0 0
61500 -217.031 0 0 0 1.646 100 31 4.28413 100 26 0 0 0 -3.25592 100 17 0 0 0 0 0 0 0 0 0 0 0
61600 -218.354 0 0 0 0.593106 100 35 1.91281 100 18 0 0 0 -2.57435 100 20 0 0 0 0 0 0 0 0 0 0 0
61700 -221.615 0 0 0 1.21006 100 33 4.56226 100 30 0 0 0 -2.56658 100 24 0 0 0 0 0 0 0 0 0 0 0
61800 -218.444 0 0 0 1.02899 100 34 2.57349 100 24 0 0 0 -3.00397 100 21 0 0 0 0 0 0 0 0 0 0 0
61900 -217.956 0 0 0 2.34153 100 32 5.94361 100 27 0 0 0 -3.42607 100 25 0 0 0 0 0 0 0 0 0 0 0
62000 -217.243 0 0 0 2.19758 100 34 5.80251 100 20 0 0 0 -3.45435 100 20 0 0 0 0 0 0 0 0 0 0 0
62100 -217.484 0 0 0 1.77914 100 31 3.61604 100 24 0 0 0 -3.26006 100 23 0 0 0 0 0 0 0 0 0 0 0
62200 -219.88 0 0 0 0.698296 100 30 4.8088 100 27 0 0 0 -2.87865 100 29 0 0 0 0 0 0 0 0 0 0 0
62300 -219.762 0 0 0 3.04982 100 34 9.1668 100 16 0 0 0 -4.21543 100 26 0 0 0 0 0 0 0 0 0 0 0
62400 -216.888 0 0 0 1.78025 100 35 4.3361 100 24 0 0 0 -3.10862 100 24 0 0 0 0 0 0 0 0 0 0 0
62500 -218.377 0 0 0 1.18701 100 29 1.4057 100 28 0 0 0 -2.54914 100 19 0 0 0 0 0 0 0 0 0 0 0
62600 -216.96 0 0 0 1.84622 100 33 4.21641 100 29 0 0 0 -3.22326 100 16 0 0 0 0 0 0 0 0 0 0 0
62700 -216.652 0 0 0 1.67031 100 36 4.34809 100 22 0 0 0 -3.11695 100 19 0 0 0 0 0 0 0 0 0 0 0
62800 -217.889 0 0 0 1.64408 100 31 3.6813 100 25 0 0 0 -2.85982 100 22 0 0 0 0 0 0 0 0 0 0 0
62900 -219.122 0 0 0 1.53125 100 25 1.00379 100 22 0 0 0 -2.75754 100 28 0 0 0 0 0 0 0 0 0 0 0
63000 -217.85 0 0 0 1.85346 100 43 3.35735 100 17 0 0 0 -3.02634 100 19 0 0 0 0 0 0 0 0 0 0 0
63100 -220.07 0 0 0 2.3324 100 36 5.97036 100 25 0 0 0 -3.90295 100 36 0 0 0 0 0 0 0 0 0 0 0
63200 -218.294 0 0 0 0.721582 100 28 1.72217 100 25 0 0 0 -2.45046 100 30 0 0 0 0 0 0 0 0 0 0 0
63300 -219.058 0 0 0 0.454986 100 34 0.948058 100 29 0 0 0 -2.5187 100 29 0 0 0 0 0 0 0 0 0 0 0
63400 -217.017 0 0 0 1.83684 100 20 6.24831 100 19 0 0 0 -3.33913 100 23 0 0 0 0 0 0 0 0 0 0 0
63500 -219.03 0 0 0 0.563936 100 37 1.77708 100 20 0 0 0 -2.70076 100 30 0 0 0 0 0 0 0 0 0 0 0
63600 -217.281 0 0 0 2.06169 100 26 4.83886 100 25 0 0 0 -3.39741 100 22 0 0 0 0 0 0 0 0 0 0 0
63700 -217.34 0 0 0 0.985273 100 32 2.91341 100 29 0 0 0 -2.69045 100 30 0 0 0 0 0 0 0 0 0 0 0
63800 -218.188 0 0 0 1.01479 100 28 1.19393 100 26 0 0 0 -2.79706 100 21 0 0 0 0 0 0 0 0 0 0 0
63900 -217.971 0 0 0 1.68515 100 28 6.43847 100 27 0 0 0 -3.16605 100 21 0 0 0 0 0 0 0 0 0 0 0
64000 -216.737 0 0 0 1.48249 100 37 4.73073 100 24 0 0 0 -3.12753 100 27 0 0 0 0 0 0 0 0 0 0 0
64100 -217.575 0 0 0 0.936024 100 38 2.03721 100 23 0 0 0 -2.76993 100 26 0 0 0 0 0 0 0 0 0 0 0
64200 -217.619 0 0 0 1.87012 100 34 5.73022 100 22 0 0 0 -3.1402 100 19 0 0 0 0 0 0 0 0 0 0 0
64300 -216.997 0 0 0 1.75991 100 23 3.74508 100 32 0 0 0 -3.11543 100 28 0 0 0 0 0 0 0 0 0 0 0
64400 -217.005 0 0 0 1.42868 100 38 4.55241 100 25 0 0 0 -2.94763 100 25 0 0 0 0 0 0 0 0 0 0 0
64500 -218.867 0 0 0 0.637563 100 32 3.23463 100 26 0 0 0 -2.58585 100 22 0 0 0 0 0 0 0 0 0 0 0
64600 -217.608 0 0 0 1.97775 100 34 4.19218 100 20 0 0 0 -3.37401 100 25 0 0 0 0 0 0 0 0 0 0 0
64700 -217.272 0 0 0 2.02381 100 26 6.03068 100 25 0 0 0 -3.29414 100 19 0 0 0 0 0 0 0 0 0 0 0
64800 -218.276 0 0 0 1.67466 100 27 6.01549 100 23 0 0 0 -3.5254 100 24 0 0 0 0 0 0 0 0 0 0 0
64900 -218.246 0 0 0 2.21827 100 44 5.41764 100 24 0 0 0 -3.65284 100 22 0 0 0 0 0 0 0 0 0 0 0
65000 -218.042 0 0 0 0.811784 100 36 3.44969 100 23 0 0 0 -2.81641 100 29 0 0 0 0 0 0 0 0 0 0 0
65100 -216.885 0 0 0 1.87178 100 32 4.50095 100 18 0 0 0 -3.237 100 30 0 0 0 0 0 0 0 0 0 0 0
65200 -218.924 0 0 0 1.4951 100 37 4.20202 100 20 0 0 0 -2.74608 100 31 0 0 0 0 0 0 0 0 0 0 0
65300 -218.313 0 0 0 1.47702 100 28 2.52152 100 24 0 0 0 -2.7049 100 20 0 0 0 0 0 0 0 0 0 0 0
65400 -217.043 0 0 0 1.30325 100 21 3.89983 100 24 0 0 0 -2.84438 100 17 0 0 0 0 0 0 0 0 0 0 0
65500 -217.226 0 0 0 1.01344 100 28 3.28988 100 23 0 0 0 -2.77861 100 18 0 0 0 0 0 0 0 0 0 0 0
65600 -217.011 0 0 0 1.11785 100 22 3.23252 100 20 0 0 0 -2.87635 100 27 0 0 0 0 0 0 0 0 0 0 0
65700 -218.223 0 0 0 0.652643 100 32 2.48963 100 24 0 0 0 -2.63318 100 24 0 0 0 0 0 0 0 0 0 0 0
65800 -218.214 0 0 0 2.14534 100 25 7.42107 100 28 0 0 0 -3.76873 100 27 0 0 0 0 0 0 0 0 0 0 0
65900 -218.914 0 0 0 2.39236 100 32 7.41985 100 22 0 0 0 -3.93709 100 16 0 0 0 0 0 0 0 0 0 0 0
66000 -219.467 0 0 0 2.3503 100 31 4.4437 100 24 0 0 0 -3.27755 100 22 0 0 0 0 0 0 0 0 0 0 0
66100 -219.418 0 0 0 0.464755 100 27 1.66313 100 29 0 0 0 -2.6592 100 25 0 0 0 0 0 0 0 0 0 0 0
66200 -217.305 0 0 0 1.65082 100 34 5.85799 100 19 0 0 0 -3.37779 100 19 0 0 0 0 0 0 0 0 0 0 0
66300 -217.566 0 0 0 0.943807 100 39 3.47504 100 23 0 0 0 -2.86248 100 22 0 0 0 0 0 0 0 0 0 0 0
66400 -217.496 0 0 0 1.1849 100 25 4.72066 100 22 0 0 0 -2.91581 100 21 0 0 0 0 0 0 0 0 0 0 0
66500 -219.48 0 0 0 1.2173 100 42 5.63633 100 24 0 0 0 -2.85282 100 28 0 0 0 0 0 0 0 0 0 0 0
66600 -216.921 0 0 0 1.15182 100 28 3.04921 100 22 0 0 0 -2.83674 100 15 0 0 0 0 0 0 0 0 0 0 0
66700 -218.075 0 0 0 1.66581 100 33 2.67688 100 28 0 0 0 -2.86008 100 23 0 0 0 0 0 0 0 0 0 0 0
66800 -220.178 0 0 0 2.31429 100 36 3.51323 100 25 0 0 0 -3.2323 100 17 0 0 0 0 0 0 0 0 0 0 0
66900 -217.292 0 0 0 1.22222 100 29 2.2151 100 27 0 0 0 -2.70991 100 25 0 0 0 0 0 0 0 0 0 0 0
67000 -218.422 0 0 0 1.75669 100 32 4.05796 100 22 0 0 0 -2.89176 100 23 0 0 0 0 0 0 0 0 0 0 0
67100 -219.223 0 0 0 0.724558 100 25 0.659423 100 29 0 0 0 -2.71618 100 28 0 0 0 0 0 0 0 0 0 0 0
67200 -217.774 0 0 0 1.38238 100 26 1.76819 100 12 0 0 0 -2.92135 100 22 0 0 0 0 0 0 0 0 0 0 0
67300 -217.749 0 0 0 0.874382 100 36 3.31089 100 18 0 0 0 -2.82939 100 22 0 0 0 0 0 0 0 0 0 0 0
67400 -218.553 0 0 0 0.679216 100 20 2.10701 100 22 0 0 0 -2.75218 100 27 0 0 0 0 0 0 0 0 0 0 0
67500 -218.592 0 0 0 1.57053 100 34 2.9119 100 21 0 0 0 -3.26092 100 24 0 0 0 0 0 0 0 0 0 0 0
67600 -218.842 0 0 0 1.44346 100 35 2.18039 100 26 0 0 0 -3.15492 100 25 0 0 0 0 0 0 0 0 0 0 0
67700 -217.677 0 0 0 1.53281 100 33 5.76936 100 23 0 0 0 -3.36421 100 22 0 0 0 0 0 0 0 0 0 0 0
67800 -218.779 0 0 0 1.79156 100 38 2.4863 100 24 0 0 0 -2.89798 100 28 0 0 0 0 0 0 0 0 0 0 0
67900 -217.101 0 0 0 1.70639 100 28 5.8873 100 21 0 0 0 -3.36746 100 26 0 0 0 0 0 0 0 0 0 0 0
68000 -218.844 0 0 0 1.57447 100 30 7.29138 100 27 0 0 0 -3.44384 100 28 0 0 0 0 0 0 0 0 0 0 0
68100 -221.449 0 0 0 2.19418 100 29 6.9337 100 22 0 0 0 -4.03223 100 26 0 0 0 0 0 0 0 0 0 0 0
68200 -216.946 0 0 0 1.8854 100 34 5.67471 100 23 0 0 0 -3.24511 100 29 0 0 0 0 0 0 0 0 0 0 0
68300 -220.016 0 0 0 0.713003 100 28 2.74312 100 18 0 0 0 -2.37672 100 21 0 0 0 0 0 0 0 0 0 0 0
68400 -218.911 0 0 0 1.66094 100 32 7.3134 100 26 0 0 0 -3.27195 100 20 0 0 0 0 0 0 0 0 0 0 0
68500 -217.619 0 0 0 2.28474 100 35 5.97931 100 37 0 0 0 -3.61991 100 34 0 0 0 0 0 0 0 0 0 0 0
68600 -217.807 0 0 0 1.67494 100 28 6.10396 100 22 0 0 0 -3.4712 100 20 0 0 0 0 0 0 0 0 0 0 0
68700 -219.994 0 0 0 0.717136 100 27 0.340823 100 27 0 0 0 -2.75125 100 24 0 0 0 0 0 0 0 0 0 0 0
68800 -216.986 0 0 0 1.32757 100 34 3.0685 100 18 0 0 0 -2.80865 100 20 0 0 0 0 0 0 0 0 0 0 0
68900 -216.829 0 0 0 1.52023 100 37 3.56857 100 21 0 0 0 -3.08608 100 24 0 0 0 0 0 0 0 0 0 0 0
69000 -217.269 0 0 0 1.72124 100 30 3.40833 100 22 0 0 0 -3.00286 100 22 0 0 0 0 0 0 0 0 0 0 0
69100 -217.028 0 0 0 2.04587 100 24 6.16502 100 14 0 0 0 -3.48558 100 13 0 0 0 0 0 0 0 0 0 0 0
69200 -217.036 0 0 0 1.98582 100 34 4.7838 100 21 0 0 0 -3.28572 100 17 0 0 0 0 0 0 0 0 0 0 0
69300 -217.689 0 0 0 1.07585 100 25 1.66012 100 13 0 0 0 -2.59048 100 21 0 0 0 0 0 0 0 0 0 0 0
69400 -217.707 0 0 0 1.96643 100 29 6.36517 100 23 0 0 0 -3.60628 100 23 0 0 0 0 0 0 0 0 0 0 0
69500 -218.541 0 0 0 2.12111 100 32 7.62461 100 20 0 0 0 -3.79961 100 19 0 0 0 0 0 0 0 0 0 0 0
69600 -216.881 0 0 0 1.52598 100 22 4.42393 100 28 0 0 0 -2.97621 100 26 0 0 0 0 0 0 0 0 0 0 0
69700 -219.549 0 0 0 2.11033 100 29 4.71748 100 17 0 0 0 -3.68133 100 24 0 0 0 0 0 0 0 0 0 0 0
69800 -217.513 0 0 0 1.90427 100 36 5.63814 100 15 0 0 0 -3.15773 100 26 0 0 0 0 0 0 0 0 0 0 0
69900 -217.501 0 0 0 1.6576 100 39 3.98916 100 25 0 0 0 -2.91849 100 20 0 0 0 0 0 0 0 0 0 0 0
70000 -217.509 0 0 0 1.93628 100 31 5.39047 100 19 0 0 0 -3.15298 100 23 0 0 0 0 0 0 0 0 0 0 0
70100 -216.834 0 0 0 1.29753 100 33 4.16206 100 21 0 0 0 -2.94928 100 28 0 0 0 0 0 0 0 0 0 0 0
70200 -217.879 0 0 0 2.40142 100 36 7.87823 100 19 0 0 0 -3.7484 100 24 0 0 0 0 0 0 0 0 0 0 0
70300 -218.003 0 0 0 1.07971 100 32 3.54956 100 24 0 0 0 -3.0576 100 22 0 0 0 0 0 0 0 0 0 0 0
70400 -218.028 0 0 0 0.933396 100 28 1.65552 100 22 0 0 0 -2.4973 100 21 0 0 0 0 0 0 0 0 0 0 0
70500 -217.262 0 0 0 1.71877 100 39 3.76139 100 22 0 0 0 -2.98559 100 31 0 0 0 0 0 0 0 0 0 0 0
70600 -219.265 0 0 0 0.498976 100 24 0.7426 100 23 0 0 0 -2.289 100 18 0 0 0 0 0 0 0 0 0 0 0
70700 -218.023 0 0 0 2.38471 100 35 5.92921 100 24 0 0 0 -3.67677 100 21 0 0 0 0 0 0 0 0 0 0 0
70800 -219.249 0 0 0 1.37893 100 29 6.61065 100 22 0 0 0 -3.42312 100 18 0 0 0 0 0 0 0 0 0 0 0
70900 -218.745 0 0 0 0.51884 100 28 0.705531 100 29 0 0 0 -2.42381 100 23 0 0 0 0 0 0 0 0 0 0 0
71000 -217.183 0 0 0 1.06222 100 29 3.45009 100 21 0 0 0 -2.88563 100 26 0 0 0 0 0 0 0 0 0 0 0
71100 -217.804 0 0 0 1.96595 100 30 4.99635 100 22 0 0 0 -3.11399 100 23 0 0 0 0 0 0 0 0 0 0 0
71200 -217.679 0 0 0 1.53419 100 29 2.74208 100 27 0 0 0 -2.80957 100 28 0 0 0 0 0 0 0 0 0 0 0
71300 -217.186 0 0 0 1.47494 100 34 3.17105 100 29 0 0 0 -3.09698 100 31 0 0 0 0 0 0 0 0 0 0 0
71400 -219.116 0 0 0 0.975925 100 25 0.922015 100 22 0 0 0 -2.85719 100 24 0 0 0 0 0 0 0 0 0 0 0
71500 -217.708 0 0 0 1.23239 100 28 1.64223 100 28 0 0 0 -2.6642 100 22 0 0 0 0 0 0 0 0 0 0 0
71600 -217.383 0 0 0 1.74562 100 35 6.56143 100 23 0 0 0 -3.39548 100 19 0 0 0 0 0 0 0 0 0 0 0
71700 -216.945 0 0 0 1.89738 100 31 5.27633 100 19 0 0 0 -3.21224 100 28 0 0 0 0 0 0 0 0 0 0 0
71800 -217.512 0 0 0 1.66336 100 29 6.41999 100 22 0 0 0 -3.2487 100 23 0 0 0 0 0 0 0 0 0 0 0
71900 -217.457 0 0 0 2.01141 100 36 7.10579 100 21 0 0 0 -3.46521 100 23 0 0 0 0 0 0 0 0 0 0 0
72000 -219.405 0 0 0 0.922994 100 31 5.16025 100 27 0 0 0 -3.10481 100 21 0 0 0 0 0 0 0 0 0 0 0
72100 -217.661 0 0 0 1.25587 100 36 3.59307 100 16 0 0 0 -3.12016 100 18 0 0 0 0 0 0 0 0 0 0 0
72200 -219.246 0 0 0 1.16638 100 29 6.25152 100 26 0 0 0 -3.21374 100 18 0 0 0 0 0 0 0 0 0 0 0
72300 -218.064 0 0 0 2.32326 100 29 6.85813 100 26 0 0 0 -3.78445 100 27 0 0 0 0 0 0 0 0 0 0 0
72400 -217.331 0 0 0 1.73487 100 40 3.18296 100 25 0 0 0 -3.0404 100 26 0 0 0 0 0 0 0 0 0 0 0
72500 -217.86 0 0 0 1.52172 100 32 4.98594 100 21 0 0 0 -2.91359 100 23 0 0 0 0 0 0 0 0 0 0 0
72600 -216.73 0 0 0 1.52254 100 28 4.58154 100 24 0 0 0 -3.032 100 19 0 0 0 0 0 0 0 0 0 0 0
72700 -216.792 0 0 0 1.35488 100 24 4.40664 100 28 0 0 0 -3.01847 100 23 0 0 0 0 0 0 0 0 0 0 0
72800 -218.007 0 0 0 0.902854 100 30 4.11239 100 30 0 0 0 -2.85319 100 19 0 0 0 0 0 0 0 0 0 0 0
72900 -217.568 0 0 0 1.71309 100 26 4.65814 100 19 0 0 0 -3.38856 100 25 0 0 0 0 0 0 0 0 0 0 0
73000 -217.049 0 0 0 2.00569 100 26 5.00274 100 24 0 0 0 -3.27832 100 34 0 0 0 0 0 0 0 0 0 0 0
73100 -218.897 0 0 0 2.38221 100 26 7.08894 100 26 0 0 0 -3.42167 100 18 0 0 0 0 0 0 0 0 0 0 0
73200 -217.708 0 0 0 1.46108 100 33 2.4173 100 21 0 0 0 -3.05861 100 14 0 0 0 0 0 0 0 0 0 0 0
73300 -220.825 0 0 0 0.775656 100 37 -1.51397 100 25 0 0 0 -2.25455 100 25 0 0 0 0 0 0 0 0 0 0 0
73400 -217.129 0 0 0 1.64394 100 34 5.68244 100 18 0 0 0 -3.34089 100 27 0 0 0 0 0 0 0 0 0 0 0
73500 -217.238 0 0 0 1.61557 100 34 2.89092 100 19 0 0 0 -2.97103 100 17 0 0 0 0 0 0 0 0 0 0 0
73600 -219.751 0 0 0 0.309506 100 30 1.92405 100 21 0 0 0 -2.51064 100 19 0 0 0 0 0 0 0 0 0 0 0
73700 -217.267 0 0 0 1.10168 100 29 2.72134 100 21 0 0 0 -2.89627 100 22 0 0 0 0 0 0 0 0 0 0 0
73800 -217.224 0 0 0 1.11923 100 35 2.00877 100 19 0 0 0 -2.73702 100 28 0 0 0 0 0 0 0 0 0 0 0
73900 -217.663 0 0 0 1.19522 100 33 4.98928 100 31 0 0 0 -2.94625 100 25 0 0 0 0 0 0 0 0 0 0 0
74000 -217.86 0 0 0 1.06974 100 24 1.09691 100 32 0 0 0 -2.60359 100 31 0 0 0 0 0 0 0 0 0 0 0
74100 -217.441 0 0 0 1.73855 100 26 5.89594 100 22 0 0 0 -3.14075 100 29 0 0 0 0 0 0 0 0 0 0 0
74200 -221.343 0 0 0 1.98794 100 36 1.39383 100 33 0 0 0 -2.94632 100 22 0 0 0 0 0 0 0 0 0 0 0
74300 -220.182 0 0 0 0.402747 100 26 1.08893 100 22 0 0 0 -2.65939 100 31 0 0 0 0 0 0 0 0 0 0 0
74400 -217.266 0 0 0 2.05244 100 28 6.24129 100 17 0 0 0 -3.55835 100 27 0 0 0 0 0 0 0 0 0 0 0
74500 -218.868 0 0 0 2.21862 100 28 8.76993 100 28 0 0 0 -3.75029 100 20 0 0 0 0 0 0 0 0 0 0 0
74600 -220.122 0 0 0 1.54078 100 35 4.50292 100 21 0 0 0 -3.52289 100 21 0 0 0 0 0 0 0 0 0 0 0
74700 -217.449 0 0 0 0.972592 100 24 2.139 100 28 0 0 0 -2.61706 100 26 0 0 0 0 0 0 0 0 0 0 0
74800 -217.265 0 0 0 2.19449 100 39 5.65986 100 25 0 0 0 -3.4548 100 27 0 0 0 0 0 0 0 0 0 0 0
74900 -216.809 0 0 0 1.56596 100 36 4.40913 100 25 0 0 0 -3.19459 100 26 0 0 0 0 0 0 0 0 0 0 0
75000 -217.323 0 0 0 1.10163 100 39 4.11863 100 29 0 0 0 -2.85722 100 18 0 0 0 0 0 0 0 0 0 0 0
75100 -219.027 0 0 0 0.764321 100 21 2.18176 100 25 0 0 0 -2.39949 100 19 0 0 0 0 0 0 0 0 0 0 0
75200 -218.276 0 0 0 0.999618 100 26 2.21509 100 26 0 0 0 -2.93636 100 18 0 0 0 0 0 0 0 0 0 0 0
75300 -218.303 0 0 0 2.40337 100 29 6.67195 100 26 0 0 0 -3.46099 100 19 0 0 0 0 0 0 0 0 0 0 0
75400 -218.493 0 0 0 2.47574 100 30 8.55018 100 23 0 0 0 -3.75264 100 18 0 0 0 0 0 0 0 0 0 0 0
75500 -217.583 0 0 0 1.77184 100 27 3.23889 100 27 0 0 0 -3.00118 100 20 0 0 0 0 0 0 0 0 0 0 0
75600 -216.932 0 0 0 1.43409 100 42 3.95258 100 18 0 0 0 -2.89699 100 21 0 0 0 0 0 0 0 0 0 0 0
75700 -218.149 0 0 0 1.67665 100 38 7.12031 100 21 0 0 0 -3.41921 100 22 0 0 0 0 0 0 0 0 0 0 0
75800 -217.185 0 0 0 2.01362 100 34 4.76392 100 25 0 0 0 -3.3721 100 25 0 0 0 0 0 0 0 0 0 0 0
75900 -217.979 0 0 0 1.55163 100 35 6.4084 100 15 0 0 0 -3.16851 100 20 0 0 0 0 0 0 0 0 0 0 0
76000 -217.371 0 0 0 1.26189 100 21 2.17594 100 16 0 0 0 -2.71327 100 17 0 0 0 0 0 0 0 0 0 0 0
76100 -217.165 0 0 0 1.85562 100 33 4.71973 100 18 0 0 0 -3.37389 100 25 0 0 0 0 0 0 0 0 0 0 0
76200 -217.369 0 0 0 1.85014 100 33 4.62535 100 23 0 0 0 -3.39524 100 22 0 0 0 0 0 0 0 0 0 0 0
76300 -217.217 0 0 0 2.19779 100 26 5.97364 100 22 0 0 0 -3.50901 100 26 0 0 0 0 0 0 0 0 0 0 0
76400 -217.86 0 0 0 1.98919 100 32 3.57275 100 21 0 0 0 -3.24672 100 22 0 0 0 0 0 0 0 0 0 0 0
76500 -218.997 0 0 0 0.894709 100 22 5.05042 100 20 0 0 0 -2.95838 100 22 0 0 0 0 0 0 0 0 0 0 0
76600 -219.793 0 0 0 1.47271 100 44 7.16073 100 25 0 0 0 -3.15801 100 26 0 0 0 0 0 0 0 0 0 0 0
76700 -218.393 0 0 0 1.06605 100 41 4.94135 100 20 0 0 0 -2.84779 100 19 0 0 0 0 0 0 0 0 0 0 0
76800 -221.329 0 0 0 1.15557 100 22 7.01165 100 23 0 0 0 -3.43185 100 26 0 0 0 0 0 0 0 0 0 0 0
76900 -218.136 0 0 0 1.53475 100 45 6.69777 100 18 0 0 0 -3.34922 100 19 0 0 0 0 0 0 0 0 0 0 0
77000 -217.448 0 0 0 1.89532 100 30 3.76813 100 29 0 0 0 -3.12342 100 18 0 0 0 0 0 0 0 0 0 0 0
77100 -216.997 0 0 0 1.14201 100 43 3.38596 100 25 0 0 0 -2.80728 100 28 0 0 0 0 0 0 0 0 0 0 0
77200 -218.258 0 0 0 1.86828 100 22 4.42799 100 26 0 0 0 -3.4827 100 22 0 0 0 0 0 0 0 0 0 0 0
77300 -218.59 0 0 0 2.53791 100 39 6.35512 100 22 0 0 0 -3.81255 100 24 0 0 0 0 0 0 0 0 0 0 0
77400 -218.008 0 0 0 1.05966 100 24 0.873977 100 18 0 0 0 -2.59725 100 23 0 0 0 0 0 0 0 0 0 0 0
77500 -218.017 0 0 0 1.02499 100 27 1.75256 100 23 0 0 0 -2.52281 100 26 0 0 0 0 0 0 0 0 0 0 0
77600 -216.681 0 0 0 1.57811 100 32 4.0088 100 20 0 0 0 -3.02994 100 21 0 0 0 0 0 0 0 0 0 0 0
77700 -217.684 0 0 0 2.40651 100 34 6.59139 100 22 0 0 0 -3.58348 100 21 0 0 0 0 0 0 0 0 0 0 0
77800 -216.975 0 0 0 1.70541 100 33 4.17463 100 21 0 0 0 -3.02942 100 17 0 0 0 0 0 0 0 0 0 0 0
77900 -217.493 0 0 0 1.29478 100 30 4.05811 100 27 0 0 0 -2.79421 100 32 0 0 0 0 0 0 0 0 0 0 0
78000 -218.033 0 0 0 1.67779 100 38 2.59256 100 29 0 0 0 -2.8829 100 20 0 0 0 0 0 0 0 0 0 0 0
78100 -217.295 0 0 0 1.64242 100 33 2.86747 100 27 0 0 0 -3.00448 100 26 0 0 0 0 0 0 0 0 0 0 0
78200 -217.238 0 0 0 1.74784 100 25 3.51655 100 19 0 0 0 -3.18738 100 22 0 0 0 0 0 0 0 0 0 0 0
78300 -221.375 0 0 0 1.13145 100 36 2.61727 100 19 0 0 0 -3.2723 100 25 0 0 0 0 0 0 0 0 0 0 0
78400 -217.927 0 0 0 2.14465 100 36 4.22639 100 17 0 0 0 -3.32701 100 21 0 0 0 0 0 0 0 0 0 0 0
78500 -217.045 0 0 0 1.27319 100 42 4.44788 100 20 0 0 0 -3.05433 100 22 0 0 0 0 0 0 0 0 0 0 0
78600 -217.411 0 0 0 1.52811 100 35 4.70427 100 28 0 0 0 -2.92858 100 24 0 0 0 0 0 0 0 0 0 0 0
78700 -218.413 0 0 0 0.62241 100 32 2.62819 100 22 0 0 0 -2.59774 100 15 0 0 0 0 0 0 0 0 0 0 0
78800 -218.749 0 0 0 1.42371 100 28 6.80856 100 25 0 0 0 -3.23978 100 23 0 0 0 0 0 0 0 0 0 0 0
78900 -217.953 0 0 0 1.66717 100 41 6.80676 100 26 0 0 0 -3.44632 100 27 0 0 0 0 0 0 0 0 0 0 0
79000 -217.586 0 0 0 1.60168 100 34 2.73185 100 14 0 0 0 -3.10782 100 22 0 0 0 0 0 0 0 0 0 0 0
79100 -217.858 0 0 0 1.41213 100 34 3.68726 100 27 0 0 0 -3.22206 100 22 0 0 0 0 0 0 0 0 0 0 0
79200 -217.161 0 0 0 2.07696 100 37 5.47852 100 18 0 0 0 -3.31693 100 22 0 0 0 0 0 0 0 0 0 0 0
79300 -217.282 0 0 0 1.49214 100 28 2.60141 100 29 0 0 0 -3.00867 100 23 0 0 0 0 0 0 0 0 0 0 0
79400 -217.479 0 0 0 1.21378 100 28 4.95092 100 19 0 0 0 -2.98236 100 22 0 0 0 0 0 0 0 0 0 0 0
79500 -217.666 0 0 0 1.2791 100 35 1.6194 100 21 0 0 0 -2.7126 100 25 0 0 0 0 0 0 0 0 0 0 0
79600 -218.837 0 0 0 0.476063 100 29 1.80125 100 22 0 0 0 -2.48552 100 23 0 0 0 0 0 0 0 0 0 0 0
79700 -217.239 0 0 0 1.30896 100 25 4.5257 100 30 0 0 0 -3.13608 100 29 0 0 0 0 0 0 0 0 0 0 0
79800 -218.509 0 0 0 2.02407 100 26 4.87707 100 21 0 0 0 -3.08179 100 26 0 0 0 0 0 0 0 0 0 0 0
79900 -219.618 0 0 0 1.8973 100 43 1.77043 100 31 0 0 0 -3.12773 100 22 0 0 0 0 0 0 0 0 0 0 0
80000 -216.835 0 0 0 1.27037 100 24 3.60289 100 20 0 0 0 -2.86594 100 24 0 0 0 0 0 0 0 0 0 0 0
80100 -216.938 0 0 0 1.79651 100 33 5.5999 100 26 0 0 0 -3.19837 100 17 0 0 0 0 0 0 0 0 0 0 0
80200 -218.709 0 0 0 2.16599 100 32 5.60414 100 23 0 0 0 -3.71619 100 22 0 0 0 0 0 0 0 0 0 0 0
80300 -216.788 0 0 0 1.58152 100 41 3.56153 100 20 0 0 0 -3.01562 100 31 0 0 0 0 0 0 0 0 0 0 0
80400 -216.943 0 0 0 1.9294 100 32 6.14974 100 23 0 0 0 -3.35765 100 21 0 0 0 0 0 0 0 0 0 0 0
80500 -217.835 0 0 0 1.11733 100 35 2.13919 100 22 0 0 0 -2.92956 100 25 0 0 0 0 0 0 0 0 0 0 0
80600 -217.535 0 0 0 1.24964 100 38 2.16097 100 21 0 0 0 -2.67617 100 21 0 0 0 0 0 0 0 0 0 0 0
80700 -217.466 0 0 0 1.57147 100 39 2.60794 100 23 0 0 0 -2.88897 100 27 0 0 0 0 0 0 0 0 0 0 0
80800 -220.34 0 0 0 0.497274 100 32 -1.40089 100 26 0 0 0 -2.24084 100 21 0 0 0 0 0 0 0 0 0 0 0
80900 -217.55 0 0 0 0.912235 100 27 1.62447 100 27 0 0 0 -2.64092 100 26 0 0 0 0 0 0 0 0 0 0 0
81000 -217.047 0 0 0 1.87528 100 44 5.63944 100 31 0 0 0 -3.21296 100 26 0 0 0 0 0 0 0 0 0 0 0
81100 -218.177 0 0 0 1.28847 100 29 2.0548 100 19 0 0 0 -3.0242 100 21 0 0 0 0 0 0 0 0 0 0 0
81200 -217.25 0 0 0 1.10033 100 30 3.18065 100 25 0 0 0 -2.72014 100 20 0 0 0 0 0 0 0 0 0 0 0
81300 -216.698 0 0 0 1.54862 100 34 4.67729 100 27 0 0 0 -3.1651 100 18 0 0 0 0 0 0 0 0 0 0 0
81400 -216.864 0 0 0 1.4803 100 32 4.90831 100 27 0 0 0 -3.04506 100 22 0 0 0 0 0 0 0 0 0 0 0
81500 -216.956 0 0 0 1.7785 100 36 5.53126 100 25 0 0 0 -3.17743 100 24 0 0 0 0 0 0 0 0 0 0 0
81600 -217.918 0 0 0 1.60971 100 25 6.25798 100 21 0 0 0 -3.13134 100 18 0 0 0 0 0 0 0 0 0 0 0
81700 -216.804 0 0 0 1.43028 100 31 4.78746 100 18 0 0 0 -3.07272 100 17 0 0 0 0 0 0 0 0 0 0 0
81800 -217.711 0 0 0 1.74424 100 29 2.74842 100 29 0 0 0 -3.0292 100 19 0 0 0 0 0 0 0 0 0 0 0
81900 -217.734 0 0 0 1.13799 100 28 2.69776 100 22 0 0 0 -2.9903 100 28 0 0 0 0 0 0 0 0 0 0 0
82000 -221.263 0 0 0 2.19432 100 33 9.40512 100 20 0 0 0 -4.08007 100 20 0 0 0 0 0 0 0 0 0 0 0
82100 -217.584 0 0 0 1.42595 100 32 3.49814 100 31 0 0 0 -3.17851 100 20 0 0 0 0 0 0 0 0 0 0 0
82200 -218.831 0 0 0 2.07887 100 29 4.38352 100 24 0 0 0 -3.56983 100 24 0 0 0 0 0 0 0 0 0 0 0
82300 -217.861 0 0 0 2.03134 100 29 5.75627 100 17 0 0 0 -3.19626 100 21 0 0 0 0 0 0 0 0 0 0 0
82400 -220.688 0 0 0 3.31081 100 31 10.1088 100 24 0 0 0 -4.33074 100 20 0 0 0 0 0 0 0 0 0 0 0
82500 -217.093 0 0 0 1.51474 100 29 3.89683 100 21 0 0 0 -2.8961 100 22 0 0 0 0 0 0 0 0 0 0 0
82600 -217.319 0 0 0 1.69742 100 31 3.02102 100 26 0 0 0 -3.04475 100 25 0 0 0 0 0 0 0 0 0 0 0
82700 -217.544 0 0 0 1.07151 100 35 4.34467 100 25 0 0 0 -2.96467 100 20 0 0 0 0 0 0 0 0 0 0 0
82800 -219.754 0 0 0 0.911471 100 32 4.83315 100 26 0 0 0 -2.70546 100 21 0 0 0 0 0 0 0 0 0 0 0
82900 -216.945 0 0 0 1.61615 100 35 3.95486 100 32 0 0 0 -2.9747 100 23 0 0 0 0 0 0 0 0 0 0 0
83000 -218.241 0 0 0 1.67441 100 32 6.92251 100 26 0 0 0 -3.50059 100 18 0 0 0 0 0 0 0 0 0 0 0
83100 -221.683 0 0 0 1.00191 100 35 0.265573 100 26 0 0 0 -2.98988 100 20 0 0 0 0 0 0 0 0 0 0 0
83200 -218.937 0 0 0 2.49343 100 33 6.27952 100 19 0 0 0 -3.44775 100 37 0 0 0 0 0 0 0 0 0 0 0
83300 -216.882 0 0 0 1.89799 100 37 5.72134 100 23 0 0 0 -3.27762 100 21 0 0 0 0 0 0 0 0 0 0 0
83400 -217.637 0 0 0 0.811939 100 34 2.28875 100 26 0 0 0 -2.64213 100 21 0 0 0 0 0 0 0 0 0 0 0
83500 -217.64 0 0 0 1.57268 100 40 6.36054 100 21 0 0 0 -3.23173 100 25 0 0 0 0 0 0 0 0 0 0 0
83600 -218.667 0 0 0 2.22275 100 39 3.86465 100 29 0 0 0 -3.33829 100 30 0 0 0 0 0 0 0 0 0 0 0
83700 -220.549 0 0 0 0.776728 100 28 -1.49474 100 20 0 0 0 -2.48803 100 18 0 0 0 0 0 0 0 0 0 0 0
83800 -217.588 0 0 0 0.867614 100 33 1.77428 100 25 0 0 0 -2.66006 100 30 0 0 0 0 0 0 0 0 0 0 0
83900 -217.214 0 0 0 1.52929 100 31 2.64747 100 20 0 0 0 -2.92816 100 21 0 0 0 0 0 0 0 0 0 0 0
84000 -219.546 0 0 0 0.464713 100 28 2.00184 100 32 0 0 0 -2.69675 100 21 0 0 0 0 0 0 0 0 0 0 0
84100 -219.22 0 0 0 1.05055 100 28 2.64908 100 23 0 0 0 -2.46872 100 17 0 0 0 0 0 0 0 0 0 0 0
84200 -217.057 0 0 0 1.10037 100 29 2.67667 100 24 0 0 0 -2.74713 100 22 0 0 0 0 0 0 0 0 0 0 0
84300 -217.064 0 0 0 1.24292 100 29 3.34503 100 14 0 0 0 -3.00066 100 26 0 0 0 0 0 0 0 0 0 0 0
84400 -217.849 0 0 0 0.923572 100 32 1.06683 100 21 0 0 0 -2.63859 100 19 0 0 0 0 0 0 0 0 0 0 0
84500 -217.691 0 0 0 1.65552 100 34 4.71478 100 27 0 0 0 -3.38689 100 23 0 0 0 0 0 0 0 0 0 0 0
84600 -217.522 0 0 0 2.17542 100 35 5.90909 100 37 0 0 0 -3.34547 100 19 0 0 0 0 0 0 0 0 0 0 0
84700 -217.135 0 0 0 1.72766 100 29 5.6255 100 25 0 0 0 -3.39119 100 21 0 0 0 0 0 0 0 0 0 0 0
84800 -218.683 0 0 0 1.20931 100 30 5.95181 100 22 0 0 0 -3.21727 100 15 0 0 0 0 0 0 0 0 0 0 0
84900 -219.961 0 0 0 2.1217 100 29 5.56998 100 19 0 0 0 -3.08067 100 27 0 0 0 0 0 0 0 0 0 0 0
85000 -218.701 0 0 0 2.73887 100 25 8.69126 100 24 0 0 0 -3.93375 100 24 0 0 0 0 0 0 0 0 0 0 0
85100 -217.066 0 0 0 2.05516 100 32 6.33136 100 17 0 0 0 -3.50089 100 19 0 0 0 0 0 0 0 0 0 0 0
85200 -217.103 0 0 0 1.17666 100 38 2.25876 100 26 0 0 0 -2.79317 100 22 0 0 0 0 0 0 0 0 0 0 0
85300 -220.733 0 0 0 1.05871 100 27 3.39652 100 24 0 0 0 -3.26292 100 25 0 0 0 0 0 0 0 0 0 0 0
85400 -222.299 0 0 0 3.53061 100 34 8.80122 100 20 0 0 0 -4.30153 100 25 0 0 0 0 0 0 0 0 0 0 0
85500 -216.995 0 0 0 1.34535 100 31 4.54046 100 18 0 0 0 -3.10821 100 19 0 0 0 0 0 0 0 0 0 0 0
85600 -216.853 0 0 0 1.58781 100 23 5.43257 100 27 0 0 0 -3.19678 100 22 0 0 0 0 0 0 0 0 0 0 0
85700 -222.623 0 0 0 1.05554 100 28 2.20951 100 22 0 0 0 -3.27416 100 23 0 0 0 0 0 0 0 0 0 0 0
85800 -218.648 0 0 0 2.46144 100 34 5.55521 100 25 0 0 0 -3.45851 100 21 0 0 0 0 0 0 0 0 0 0 0
85900 -217.158 0 0 0 1.13217 100 36 2.46511 100 15 0 0 0 -2.70844 100 23 0 0 0 0 0 0 0 0 0 0 0
86000 -220.685 0 0 0 1.63759 100 34 8.34419 100 20 0 0 0 -3.65601 100 21 0 0 0 0 0 0 0 0 0 0 0
86100 -219.048 0 0 0 1.08706 100 41 4.57965 100 26 0 0 0 -3.21394 100 21 0 0 0 0 0 0 0 0 0 0 0
86200 -219.563 0 0 0 0.475681 100 45 0.758146 100 29 0 0 0 -2.25308 100 27 0 0 0 0 0 0 0 0 0 0 0
86300 -216.982 0 0 0 2.0543 100 31 6.09094 100 28 0 0 0 -3.45608 100 26 0 0 0 0 0 0 0 0 0 0 0
86400 -218.775 0 0 0 1.68184 100 27 3.7587 100 25 0 0 0 -3.40738 100 23 0 0 0 0 0 0 0 0 0 0 0
86500 -217.928 0 0 0 1.97943 100 33 3.70704 100 26 0 0 0 -3.12425 100 21 0 0 0 0 0 0 0 0 0 0 0
86600 -218.566 0 0 0 2.59997 100 41 6.42265 100 26 0 0 0 -3.62145 100 26 0 0 0 0 0 0 0 0 0 0 0
86700 -217.207 0 0 0 2.12958 100 34 6.19637 100 17 0 0 0 -3.55293 100 35 0 0 0 0 0 0 0 0 0 0 0
86800 -216.773 0 0 0 1.88382 100 33 5.24622 100 23 0 0 0 -3.26247 100 14 0 0 0 0 0 0 0 0 0 0 0
86900 -217.924 0 0 0 1.87807 100 25 7.31556 100 19 0 0 0 -3.55511 100 35 0 0 0 0 0 0 0 0 0 0 0
87000 -216.698 0 0 0 1.35659 100 29 3.60717 100 26 0 0 0 -2.963 100 20 0 0 0 0 0 0 0 0 0 0 0
87100 -217.594 0 0 0 2.08924 100 37 4.43499 100 25 0 0 0 -3.27555 100 21 0 0 0 0 0 0 0 0 0 0 0
87200 -216.735 0 0 0 1.71185 100 27 4.83299 100 24 0 0 0 -3.2578 100 36 0 0 0 0 0 0 0 0 0 0 0
87300 -218.04 0 0 0 0.870116 100 27 3.93382 100 24 0 0 0 -2.8512 100 26 0 0 0 0 0 0 0 0 0 0 0
87400 -218.363 0 0 0 2.26534 100 33 5.49644 100 25 0 0 0 -3.68 100 21 0 0 0 0 0 0 0 0 0 0 0
87500 -216.832 0 0 0 1.79602 100 24 5.822 100 19 0 0 0 -3.31554 100 23 0 0 0 0 0 0 0 0 0 0 0
87600 -216.826 0 0 0 1.72848 100 32 4.02033 100 22 0 0 0 -3.10241 100 26 0 0 0 0 0 0 0 0 0 0 0
87700 -217.877 0 0 0 1.10048 100 38 2.01302 100 21 0 0 0 -2.56771 100 25 0 0 0 0 0 0 0 0 0 0 0
87800 -218.105 0 0 0 2.30528 100 28 4.89862 100 24 0 0 0 -3.49061 100 26 0 0 0 0 0 0 0 0 0 0 0
87900 -218.83 0 0 0 1.55474 100 29 7.16118 100 22 0 0 0 -3.27512 100 28 0 0 0 0 0 0 0 0 0 0 0
88000 -219.479 0 0 0 1.78959 100 30 5.14659 100 19 0 0 0 -3.62574 100 24 0 0 0 0 0 0 0 0 0 0 0
88100 -217.972 0 0 0 1.56118 100 28 5.87445 100 20 0 0 0 -3.42357 100 31 0 0 0 0 0 0 0 0 0 0 0
88200 -217.743 0 0 0 1.07661 100 25 1.82007 100 27 0 0 0 -2.57765 100 29 0 0 0 0 0 0 0 0 0 0 0
88300 -217.216 0 0 0 1.22717 100 22 3.78654 100 22 0 0 0 -2.79395 100 20 0 0 0 0 0 0 0 0 0 0 0
88400 -217.6 0 0 0 0.874781 100 32 2.45771 100 17 0 0 0 -2.61163 100 27 0 0 0 0 0 0 0 0 0 0 0
88500 -217.788 0 0 0 1.61731 100 38 6.42581 100 22 0 0 0 -3.19542 100 25 0 0 0 0 0 0 0 0 0 0 0
88600 -217.614 0 0 0 1.59389 100 28 2.33018 100 25 0 0 0 -2.96857 100 19 0 0 0 0 0 0 0 0 0 0 0
88700 -217.004 0 0 0 1.44734 100 41 5.17068 100 16 0 0 0 -3.16774 100 18 0 0 0 0 0 0 0 0 0 0 0
88800 -217.065 0 0 0 1.9676 100 35 4.61708 100 22 0 0 0 -3.303 100 19 0 0 0 0 0 0 0 0 0 0 0
88900 -217.246 0 0 0 1.7114 100 27 3.47984 100 26 0 0 0 -3.18743 100 18 0 0 0 0 0 0 0 0 0 0 0
89000 -217.285 0 0 0 2.14088 100 26 5.28707 100 21 0 0 0 -3.36447 100 23 0 0 0 0 0 0 0 0 0 0 0
89100 -217.814 0 0 0 1.11539 100 25 1.48977 100 34 0 0 0 -2.82238 100 21 0 0 0 0 0 0 0 0 0 0 0
89200 -218.493 0 0 0 2.15078 100 34 7.79048 100 18 0 0 0 -3.80529 100 31 0 0 0 0 0 0 0 0 0 0 0
89300 -216.995 0 0 0 1.84712 100 24 4.16851 100 25 0 0 0 -3.22865 100 25 0 0 0 0 0 0 0 0 0 0 0
89400 -220.623 0 0 0 2.6129 100 28 4.35695 100 20 0 0 0 -3.65868 100 15 0 0 0 0 0 0 0 0 0 0 0
89500 -220.971 0 0 0 2.68574 100 29 6.42364 100 21 0 0 0 -4.0798 100 21 0 0 0 0 0 0 0 0 0 0 0
89600 -217.192 0 0 0 1.3003 100 27 3.31984 100 25 0 0 0 -2.77078 100 24 0 0 0 0 0 0 0 0 0 0 0
89700 -220.952 0 0 0 0.846117 100 33 5.8034 100 22 0 0 0 -3.17684 100 31 0 0 0 0 0 0 0 0 0 0 0
89800 -219.198 0 0 0 1.75394 100 29 6.4192 100 27 0 0 0 -3.66383 100 21 0 0 0 0 0 0 0 0 0 0 0
89900 -216.79 0 0 0 1.25992 100 28 3.46539 100 20 0 0 0 -2.92768 100 24 0 0 0 0 0 0 0 0 0 0 0
90000 -219.898 0 0 0 1.27329 100 35 0.261991 100 18 0 0 0 -2.91055 100 19 0 0 0 0 0 0 0 0 0 0 0
90100 -217.832 0 0 0 1.87606 100 29 4.14022 100 27 0 0 0 -3.40085 100 25 0 0 0 0 0 0 0 0 0 0 0
90200 -217.919 0 0 0 1.0881 100 30 3.62713 100 28 0 0 0 -3.05673 100 25 0 0 0 0 0 0 0 0 0 0 0
90300 -217.351 0 0 0 2.0094 100 37 6.73649 100 26 0 0 0 -3.38499 100 29 0 0 0 0 0 0 0 0 0 0 0
90400 -216.855 0 0 0 1.92243 100 37 5.93553 100 14 0 0 0 -3.36669 100 19 0 0 0 0 0 0 0 0 0 0 0
90500 -217.251 0 0 0 1.73179 100 41 3.88009 100 22 0 0 0 -3.26002 100 22 0 0 0 0 0 0 0 0 0 0 0
90600 -219.682 0 0 0 1.37347 100 37 7.19923 100 19 0 0 0 -3.38046 100 26 0 0 0 0 0 0 0 0 0 0 0
90700 -216.749 0 0 0 1.51415 100 37 4.43791 100 25 0 0 0 -3.00614 100 27 0 0 0 0 0 0 0 0 0 0 0
90800 -218.583 0 0 0 0.777825 100 32 3.77986 100 21 0 0 0 -2.67203 100 19 0 0 0 0 0 0 0 0 0 0 0
90900 -217.189 0 0 0 1.57798 100 34 5.89895 100 23 0 0 0 -3.20177 100 28 0 0 0 0 0 0 0 0 0 0 0
91000 -217.534 0 0 0 2.34429 100 35 7.00773 100 22 0 0 0 -3.59524 100 24 0 0 0 0 0 0 0 0 0 0 0
91100 -221.339 0 0 0 2.19832 100 29 9.25481 100 28 0 0 0 -3.54518 100 22 0 0 0 0 0 0 0 0 0 0 0
91200 -221.079 0 0 0 0.462112 100 20 3.10406 100 22 0 0 0 -2.37195 100 19 0 0 0 0 0 0 0 0 0 0 0
91300 -217.349 0 0 0 1.4635 100 27 3.02296 100 21 0 0 0 -2.80836 100 22 0 0 0 0 0 0 0 0 0 0 0
91400 -217.157 0 0 0 1.29091 100 32 4.33384 100 20 0 0 0 -3.10371 100 24 0 0 0 0 0 0 0 0 0 0 0
91500 -218.57 0 0 0 0.656016 100 28 0.376709 100 14 0 0 0 -2.48246 100 22 0 0 0 0 0 0 0 0 0 0 0
91600 -218.442 0 0 0 1.26761 100 33 0.964043 100 27 0 0 0 -2.62312 100 14 0 0 0 0 0 0 0 0 0 0 0
91700 -216.978 0 0 0 1.83177 100 28 4.13055 100 24 0 0 0 -3.15477 100 21 0 0 0 0 0 0 0 0 0 0 0
91800 -219.906 0 0 0 1.82598 100 36 1.92298 100 18 0 0 0 -3.2635 100 23 0 0 0 0 0 0 0 0 0 0 0
91900 -217.428 0 0 0 0.990865 100 30 1.72297 100 31 0 0 0 -2.66072 100 25 0 0 0 0 0 0 0 0 0 0 0
92000 -216.758 0 0 0 1.68193 100 31 5.41137 100 20 0 0 0 -3.20295 100 27 0 0 0 0 0 0 0 0 0 0 0
92100 -218.178 0 0 0 1.0879 100 25 1.81965 100 24 0 0 0 -2.91986 100 18 0 0 0 0 0 0 0 0 0 0 0
92200 -218.959 0 0 0 1.6973 100 28 7.35688 100 17 0 0 0 -3.2713 100 29 0 0 0 0 0 0 0 0 0 0 0
92300 -217.484 0 0 0 2.20588 100 38 5.23504 100 20 0 0 0 -3.4604 100 22 0 0 0 0 0 0 0 0 0 0 0
92400 -216.66 0 0 0 1.67286 100 30 5.00176 100 20 0 0 0 -3.16333 100 23 0 0 0 0 0 0 0 0 0 0 0
92500 -221.492 0 0 0 3.17616 100 33 10.6686 100 14 0 0 0 -4.14097 100 30 0 0 0 0 0 0 0 0 0 0 0
92600 -216.886 0 0 0 1.4633 100 33 5.08391 100 27 0 0 0 -3.10091 100 25 0 0 0 0 0 0 0 0 0 0 0
92700 -217.387 0 0 0 1.3102 100 26 5.26271 100 19 0 0 0 -3.0613 100 30 0 0 0 0 0 0 0 0 0 0 0
92800 -219.273 0 0 0 2.60706 100 22 6.02749 100 21 0 0 0 -3.85127 100 25 0 0 0 0 0 0 0 0 0 0 0
92900 -219.643 0 0 0 1.58918 100 20 4.01929 100 21 0 0 0 -3.46887 100 23 0 0 0 0 0 0 0 0 0 0 0
93000 -218.66 0 0 0 1.23137 100 31 5.80439 100 25 0 0 0 -3.26168 100 17 0 0 0 0 0 0 0 0 0 0 0
93100 -219.839 0 0 0 2.73671 100 38 6.57803 100 20 0 0 0 -3.59272 100 17 0 0 0 0 0 0 0 0 0 0 0
93200 -218.14 0 0 0 2.30729 100 32 4.84171 100 33 0 0 0 -3.46251 100 23 0 0 0 0 0 0 0 0 0 0 0
93300 -217.042 0 0 0 1.76338 100 35 3.98747 100 26 0 0 0 -3.2336 100 19 0 0 0 0 0 0 0 0 0 0 0
93400 -218.394 0 0 0 1.13537 100 28 1.18785 100 29 0 0 0 -2.86846 100 25 0 0 0 0 0 0 0 0 0 0 0
93500 -219.697 0 0 0 0.491953 100 25 3.20397 100 22 0 0 0 -2.75605 100 29 0 0 0 0 0 0 0 0 0 0 0
93600 -218.381 0 0 0 1.48455 100 30 6.51376 100 24 0 0 0 -3.1495 100 25 0 0 0 0 0 0 0 0 0 0 0
93700 -218.129 0 0 0 1.99776 100 31 5.03479 100 20 0 0 0 -3.56403 100 31 0 0 0 0 0 0 0 0 0 0 0
93800 -217.983 0 0 0 0.743354 100 29 2.0313 100 27 0 0 0 -2.52872 100 19 0 0 0 0 0 0 0 0 0 0 0
93900 -216.716 0 0 0 1.4476 100 40 4.45685 100 21 0 0 0 -3.01725 100 21 0 0 0 0 0 0 0 0 0 0 0
94000 -217.059 0 0 0 1.39964 100 26 3.75208 100 19 0 0 0 -3.11709 100 29 0 0 0 0 0 0 0 0 0 0 0
94100 -216.924 0 0 0 1.30136 100 28 3.89285 100 30 0 0 0 -2.86929 100 22 0 0 0 0 0 0 0 0 0 0 0
94200 -218.67 0 0 0 2.74497 100 25 7.56522 100 20 0 0 0 -3.79612 100 22 0 0 0 0 0 0 0 0 0 0 0
94300 -217.483 0 0 0 1.9632 100 40 5.75523 100 34 0 0 0 -3.2021 100 18 0 0 0 0 0 0 0 0 0 0 0
94400 -219.523 0 0 0 1.50415 100 35 7.44411 100 24 0 0 0 -3.47436 100 19 0 0 0 0 0 0 0 0 0 0 0
94500 -222.137 0 0 0 2.25323 100 32 4.54261 100 21 0 0 0 -3.87066 100 21 0 0 0 0 0 0 0 0 0 0 0
94600 -219.196 0 0 0 1.16706 100 27 4.1814 100 26 0 0 0 -2.64153 100 28 0 0 0 0 0 0 0 0 0 0 0
94700 -217.207 0 0 0 1.29886 100 27 3.4269 100 17 0 0 0 -3.06474 100 29 0 0 0 0 0 0 0 0 0 0 0
94800 -217.948 0 0 0 1.53922 100 39 4.94883 100 26 0 0 0 -3.37979 100 24 0 0 0 0 0 0 0 0 0 0 0
94900 -218.063 0 0 0 2.15538 100 27 5.45233 100 29 0 0 0 -3.62867 100 27 0 0 0 0 0 0 0 0 0 0 0
95000 -218.466 0 0 0 1.93444 100 33 2.75985 100 23 0 0 0 -3.17069 100 26 0 0 0 0 0 0 0 0 0 0 0
95100 -217.496 0 0 0 1.59677 100 34 5.04273 100 23 0 0 0 -3.36061 100 27 0 0 0 0 0 0 0 0 0 0 0
95200 -219.028 0 0 0 1.08234 100 32 5.85523 100 22 0 0 0 -3.08525 100 21 0 0 0 0 0 0 0 0 0 0 0
95300 -218.321 0 0 0 1.06677 100 38 2.23221 100 13 0 0 0 -2.5174 100 28 0 0 0 0 0 0 0 0 0 0 0
95400 -219.398 0 0 0 2.27238 100 30 8.42653 100 26 0 0 0 -3.52976 100 30 0 0 0 0 0 0 0 0 0 0 0
95500 -217.254 0 0 0 1.10912 100 29 2.97081 100 23 0 0 0 -2.70185 100 22 0 0 0 0 0 0 0 0 0 0 0
95600 -218.464 0 0 0 1.41575 100 30 1.97017 100 29 0 0 0 -2.65862 100 19 0 0 0 0 0 0 0 0 0 0 0
95700 -218.336 0 0 0 2.16065 100 28 4.66076 100 19 0 0 0 -3.55602 100 24 0 0 0 0 0 0 0 0 0 0 0
95800 -218.23 0 0 0 2.08038 100 32 4.79484 100 20 0 0 0 -3.55973 100 24 0 0 0 0 0 0 0 0 0 0 0
95900 -217.767 0 0 0 1.6683 100 30 2.59302 100 22 0 0 0 -2.92438 100 16 0 0 0 0 0 0 0 0 0 0 0
96000 -218.303 0 0 0 2.58046 100 43 7.49375 100 25 0 0 0 -3.67511 100 29 0 0 0 0 0 0 0 0 0 0 0
96100 -216.932 0 0 0 1.27454 100 30 2.68632 100 16 0 0 0 -2.87139 100 22 0 0 0 0 0 0 0 0 0 0 0
96200 -216.91 0 0 0 1.91286 100 30 4.92225 100 24 0 0 0 -3.3392 100 21 0 0 0 0 0 0 0 0 0 0 0
96300 -218.389 0 0 0 2.1483 100 33 8.24199 100 20 0 0 0 -3.72946 100 27 0 0 0 0 0 0 0 0 0 0 0
96400 -218.687 0 0 0 1.13475 100 35 2.10089 100 26 0 0 0 -3.02797 100 21 0 0 0 0 0 0 0 0 0 0 0
96500 -217.332 0 0 0 1.80959 100 28 3.45324 100 21 0 0 0 -3.10027 100 24 0 0 0 0 0 0 0 0 0 0 0
96600 -217.803 0 0 0 1.71192 100 34 5.80979 100 24 0 0 0 -3.07775 100 26 0 0 0 0 0 0 0 0 0 0 0
96700 -218.06 0 0 0 2.13032 100 29 4.11632 100 29 0 0 0 -3.39411 100 17 0 0 0 0 0 0 0 0 0 0 0
96800 -220.618 0 0 0 2.3224 100 35 2.87775 100 27 0 0 0 -3.35523 100 26 0 0 0 0 0 0 0 0 0 0 0
96900 -221.316 0 0 0 3.15263 100 28 10.5959 100 20 0 0 0 -4.13292 100 22 0 0 0 0 0 0 0 0 0 0 0
97000 -216.987 0 0 0 1.15479 100 24 2.61996 100 22 0 0 0 -2.80882 100 20 0 0 0 0 0 0 0 0 0 0 0
97100 -218.13 0 0 0 1.61708 100 31 4.88616 100 24 0 0 0 -3.42891 100 30 0 0 0 0 0 0 0 0 0 0 0
97200 -218.922 0 0 0 1.22444 100 31 1.8517 100 25 0 0 0 -2.51549 100 22 0 0 0 0 0 0 0 0 0 0 0
97300 -217.19 0 0 0 1.49333 100 31 5.49926 100 27 0 0 0 -3.24536 100 25 0 0 0 0 0 0 0 0 0 0 0
97400 -217.859 0 0 0 2.06298 100 29 7.47439 100 23 0 0 0 -3.66144 100 26 0 0 0 0 0 0 0 0 0 0 0
97500 -219.331 0 0 0 2.69997 100 36 6.38556 100 23 0 0 0 -3.89569 100 18 0 0 0 0 0 0 0 0 0 0 0
97600 -220.505 0 0 0 2.53024 100 41 8.1423 100 16 0 0 0 -4.16019 100 23 0 0 0 0 0 0 0 0 0 0 0
97700 -217.2 0 0 0 2.07144 100 31 4.94666 100 21 0 0 0 -3.32802 100 27 0 0 0 0 0 0 0 0 0 0 0
97800 -217.112 0 0 0 2.10252 100 22 6.43448 100 20 0 0 0 -3.44487 100 19 0 0 0 0 0 0 0 0 0 0 0
97900 -218.464 0 0 0 1.25239 100 33 5.18479 100 27 0 0 0 -2.85608 100 29 0 0 0 0 0 0 0 0 0 0 0
98000 -218.559 0 0 0 0.884499 100 34 4.37289 100 24 0 0 0 -2.76209 100 23 0 0 0 0 0 0 0 0 0 0 0
98100 -217.279 0 0 0 1.06895 100 35 3.8842 100 29 0 0 0 -2.84176 100 20 0 0 0 0 0 0 0 0 0 0 0
98200 -218.594 0 0 0 0.696174 100 31 3.40084 100 21 0 0 0 -2.79701 100 27 0 0 0 0 0 0 0 0 0 0 0
98300 -221.235 0 0 0 1.96062 100 37 3.85961 100 24 0 0 0 -3.66987 100 24 0 0 0 0 0 0 0 0 0 0 0
98400 -217.055 0 0 0 1.70134 100 26 4.25134 100 30 0 0 0 -3.27049 100 24 0 0 0 0 0 0 0 0 0 0 0
98500 -217.033 0 0 0 1.89612 100 26 5.87479 100 21 0 0 0 -3.25701 100 22 0 0 0 0 0 0 0 0 0 0 0
98600 -219.497 0 0 0 0.608635 100 37 0.00950466 100 19 0 0 0 -2.25358 100 34 0 0 0 0 0 0 0 0 0 0 0
98700 -217.139 0 0 0 1.07131 100 33 2.31494 100 24 0 0 0 -2.7455 100 27 0 0 0 0 0 0 0 0 0 0 0
98800 -217.51 0 0 0 1.22091 100 31 4.15981 100 24 0 0 0 -3.11159 100 23 0 0 0 0 0 0 0 0 0 0 0
98900 -218.212 0 0 0 1.26324 100 37 1.98317 100 27 0 0 0 -2.598 100 26 0 0 0 0 0 0 0 0 0 0 0
99000 -217.407 0 0 0 1.09669 100 27 1.93894 100 20 0 0 0 -2.80997 100 28 0 0 0 0 0 0 0 0 0 0 0
99100 -218.441 0 0 0 1.37196 100 37 3.48322 100 22 0 0 0 -2.68 100 24 0 0 0 0 0 0 0 0 0 0 0
99200 -217.35 0 0 0 2.01686 100 29 5.44132 100 15 0 0 0 -3.22801 100 21 0 0 0 0 0 0 0 0 0 0 0
99300 -220.389 0 0 0 3.08184 100 29 8.50017 100 22 0 0 0 -3.93158 100 23 0 0 0 0 0 0 0 0 0 0 0
99400 -218.183 0 0 0 1.02013 100 26 4.8063 100 31 0 0 0 -3.01848 100 22 0 0 0 0 0 0 0 0 0 0 0
99500 -216.723 0 0 0 1.67239 100 31 4.88508 100 18 0 0 0 -3.24385 100 24 0 0 0 0 0 0 0 0 0 0 0
99600 -216.887 0 0 0 1.85263 100 31 4.94057 100 25 0 0 0 -3.1757 100 24 0 0 0 0 0 0 0 0 0 0 0
99700 -217.668 0 0 0 1.57176 100 31 4.2379 100 31 0 0 0 -3.31329 100 21 0 0 0 0 0 0 0 0 0 0 0
99800 -217.568 0 0 0 1.79924 100 36 3.10839 100 23 0 0 0 -3.1291 100 24 0 0 0 0 0 0 0 0 0 0 0
99900 -217.644 0 0 0 2.14153 100 28 6.34819 100 24 0 0 0 -3.65225 100 22 0 0 0 0 0 0 0 0 0 0 0
100000 -216.868 0 0 0 1.42097 100 31 3.91101 100 29 0 0 0 -2.9031 100 25 0 0 0 0 0 0 0 0 0 0 0
