iteration logLik intercept1 intercept1_p intercept1_a pcov2 pcov2_p pcov2_a pcov3 pcov3_p pcov3_a pcov4 pcov4_p pcov4_a intercept2 intercept2_p intercept2_a intercept3 intercept3_p intercept3_a intercept4 intercept4_p intercept4_a pcov pcov_p pcov_a data_p data_a
0 -117632 0 0 0 18.6042 0 0 4.39265 0 0 0 0 0 -7.92875 0 0 0 0 0 0 0 0 0 0 0 0 0
100 -207.146 0 0 0 1.32917 100 52 6.87153 100 28 0 0 0 -3.03731 100 38 0 0 0 0 0 0 0 0 0 0 0
200 -204.37 0 0 0 0.360655 100 44 0.202895 100 20 0 0 0 -2.1953 100 21 0 0 0 0 0 0 0 0 0 0 0
300 -204.158 0 0 0 0.819706 100 34 2.43346 100 26 0 0 0 -2.68178 100 32 0 0 0 0 0 0 0 0 0 0 0
400 -203.797 0 0 0 1.11623 100 24 3.22232 100 19 0 0 0 -2.56279 100 21 0 0 0 0 0 0 0 0 0 0 0
500 -205.47 0 0 0 0.446606 100 28 2.06228 100 23 0 0 0 -2.66078 100 20 0 0 0 0 0 0 0 0 0 0 0
600 -204.017 0 0 0 0.697912 100 36 1.595 100 23 0 0 0 -2.53147 100 28 0 0 0 0 0 0 0 0 0 0 0
700 -203.983 0 0 0 0.476506 100 28 1.83741 100 23 0 0 0 -2.32065 100 27 0 0 0 0 0 0 0 0 0 0 0
800 -204.628 0 0 0 1.1966 100 48 3.14801 100 16 0 0 0 -2.46432 100 19 0 0 0 0 0 0 0 0 0 0 0
900 -204.815 0 0 0 0.279119 100 36 -0.413124 100 19 0 0 0 -2.10604 100 23 0 0 0 0 0 0 0 0 0 0 0
1000 -204.851 0 0 0 1.19494 100 37 3.43901 100 22 0 0 0 -2.94795 100 23 0 0 0 0 0 0 0 0 0 0 0
1100 -204.11 0 0 0 1.3424 100 39 3.37415 100 24 0 0 0 -2.85827 100 32 0 0 0 0 0 0 0 0 0 0 0
1200 -204.24 0 0 0 1.40757 100 37 3.92173 100 18 0 0 0 -2.93231 100 29 0 0 0 0 0 0 0 0 0 0 0
1300 -203.659 0 0 0 0.868063 100 43 1.61376 100 24 0 0 0 -2.47786 100 21 0 0 0 0 0 0 0 0 0 0 0
1400 -204.338 0 0 0 1.24054 100 37 2.00502 100 17 0 0 0 -2.45331 100 24 0 0 0 0 0 0 0 0 0 0 0
1500 -205.216 0 0 0 0.979684 100 40 4.05581 100 28 0 0 0 -2.49509 100 27 0 0 0 0 0 0 0 0 0 0 0
1600 -204.07 0 0 0 0.709625 100 42 3.39306 100 14 0 0 0 -2.59913 100 25 0 0 0 0 0 0 0 0 0 0 0
1700 -204.716 0 0 0 1.11051 100 40 4.56197 100 20 0 0 0 -2.95888 100 23 0 0 0 0 0 0 0 0 0 0 0
1800 -204.515 0 0 0 1.12036 100 43 3.49711 100 26 0 0 0 -2.89744 100 23 0 0 0 0 0 0 0 0 0 0 0
1900 -204.847 0 0 0 0.819534 100 30 2.53459 100 16 0 0 0 -2.77353 100 24 0 0 0 0 0 0 0 0 0 0 0
2000 -203.803 0 0 0 1.10665 100 38 3.32282 100 21 0 0 0 -2.7655 100 25 0 0 0 0 0 0 0 0 0 0 0
2100 -206.32 0 0 0 -0.0179496 100 37 -1.72221 100 30 0 0 0 -1.92012 100 21 0 0 0 0 0 0 0 0 0 0 0
2200 -204.161 0 0 0 1.30073 100 40 3.90187 100 23 0 0 0 -2.6549 100 23 0 0 0 0 0 0 0 0 0 0 0
2300 -204.331 0 0 0 0.932551 100 39 0.798129 100 29 0 0 0 -2.48298 100 21 0 0 0 0 0 0 0 0 0 0 0
2400 -204.041 0 0 0 1.42631 100 39 3.21852 100 24 0 0 0 -2.80111 100 17 0 0 0 0 0 0 0 0 0 0 0
2500 -203.602 0 0 0 1.15641 100 40 2.81477 100 19 0 0 0 -2.64679 100 18 0 0 0 0 0 0 0 0 0 0 0
2600 -205.31 0 0 0 0.803363 100 31 1.74522 100 21 0 0 0 -2.73314 100 26 0 0 0 0 0 0 0 0 0 0 0
2700 -203.956 0 0 0 1.30284 100 41 4.23902 100 23 0 0 0 -2.79115 100 22 0 0 0 0 0 0 0 0 0 0 0
2800 -206.737 0 0 0 0.957413 100 41 1.39703 100 31 0 0 0 -2.83739 100 26 0 0 0 0 0 0 0 0 0 0 0
2900 -204.438 0 0 0 1.02574 100 35 4.12203 100 16 0 0 0 -2.88077 100 21 0 0 0 0 0 0 0 0 0 0 0
3000 -203.882 0 0 0 0.642867 100 39 0.852832 100 27 0 0 0 -2.30906 100 24 0 0 0 0 0 0 0 0 0 0 0
3100 -203.806 0 0 0 0.618595 100 35 1.0988 100 25 0 0 0 -2.34893 100 14 0 0 0 0 0 0 0 0 0 0 0
3200 -205.871 0 0 0 0.535548 100 38 2.69023 100 21 0 0 0 -2.78072 100 19 0 0 0 0 0 0 0 0 0 0 0
3300 -205.773 0 0 0 0.186416 100 36 -0.725446 100 15 0 0 0 -2.25006 100 27 0 0 0 0 0 0 0 0 0 0 0
3400 -204.598 0 0 0 0.433649 100 44 0.417952 100 21 0 0 0 -2.09236 100 27 0 0 0 0 0 0 0 0 0 0 0
3500 -204.003 0 0 0 0.62716 100 46 1.93446 100 17 0 0 0 -2.53783 100 22 0 0 0 0 0 0 0 0 0 0 0
3600 -204.299 0 0 0 1.41358 100 34 3.45937 100 25 0 0 0 -2.63257 100 29 0 0 0 0 0 0 0 0 0 0 0
3700 -204.188 0 0 0 1.15406 100 46 4.23053 100 23 0 0 0 -2.88141 100 30 0 0 0 0 0 0 0 0 0 0 0
3800 -203.969 0 0 0 0.992068 100 37 1.52832 100 17 0 0 0 -2.56162 100 21 0 0 0 0 0 0 0 0 0 0 0
3900 -205.109 0 0 0 0.490269 100 46 0.298956 100 22 0 0 0 -2.441 100 19 0 0 0 0 0 0 0 0 0 0 0
4000 -204.583 0 0 0 0.518709 100 31 0.00443582 100 21 0 0 0 -2.3103 100 20 0 0 0 0 0 0 0 0 0 0 0
4100 -205.454 0 0 0 0.630609 100 30 -0.203906 100 18 0 0 0 -2.43131 100 27 0 0 0 0 0 0 0 0 0 0 0
4200 -205.058 0 0 0 0.179605 100 38 -0.448711 100 24 0 0 0 -2.15847 100 21 0 0 0 0 0 0 0 0 0 0 0
4300 -204.672 0 0 0 1.18952 100 43 1.4636 100 13 0 0 0 -2.37207 100 27 0 0 0 0 0 0 0 0 0 0 0
4400 -206.119 0 0 0 1.34552 100 42 5.76432 100 27 0 0 0 -2.80344 100 24 0 0 0 0 0 0 0 0 0 0 0
4500 -204.949 0 0 0 0.852718 100 37 0.0409047 100 23 0 0 0 -2.18239 100 26 0 0 0 0 0 0 0 0 0 0 0
4600 -204.125 0 0 0 0.663444 100 46 2.79674 100 19 0 0 0 -2.39942 100 26 0 0 0 0 0 0 0 0 0 0 0
4700 -206.445 0 0 0 0.206726 100 45 2.73599 100 20 0 0 0 -2.1921 100 23 0 0 0 0 0 0 0 0 0 0 0
4800 -205.318 0 0 0 1.93402 100 43 5.11454 100 16 0 0 0 -3.03188 100 25 0 0 0 0 0 0 0 0 0 0 0
4900 -204.284 0 0 0 1.4648 100 42 4.5775 100 25 0 0 0 -2.82435 100 22 0 0 0 0 0 0 0 0 0 0 0
5000 -204.893 0 0 0 0.985559 100 46 1.90753 100 20 0 0 0 -2.26237 100 23 0 0 0 0 0 0 0 0 0 0 0
5100 -205.04 0 0 0 0.543959 100 46 3.58141 100 23 0 0 0 -2.4526 100 23 0 0 0 0 0 0 0 0 0 0 0
5200 -206.075 0 0 0 1.30718 100 49 5.82055 100 22 0 0 0 -3.20406 100 17 0 0 0 0 0 0 0 0 0 0 0
5300 -204.701 0 0 0 0.710107 100 31 2.10652 100 28 0 0 0 -2.2319 100 33 0 0 0 0 0 0 0 0 0 0 0
5400 -204.139 0 0 0 1.25557 100 41 1.8639 100 21 0 0 0 -2.53534 100 34 0 0 0 0 0 0 0 0 0 0 0
5500 -205.978 0 0 0 0.431233 100 42 -1.30012 100 20 0 0 0 -1.94502 100 26 0 0 0 0 0 0 0 0 0 0 0
5600 -204.316 0 0 0 0.912517 100 36 0.609324 100 22 0 0 0 -2.42342 100 20 0 0 0 0 0 0 0 0 0 0 0
5700 -204.511 0 0 0 1.28527 100 37 5.05202 100 18 0 0 0 -2.93697 100 28 0 0 0 0 0 0 0 0 0 0 0
5800 -203.793 0 0 0 1.00389 100 37 1.52137 100 18 0 0 0 -2.47675 100 25 0 0 0 0 0 0 0 0 0 0 0
5900 -204.017 0 0 0 0.467892 100 40 2.08521 100 21 0 0 0 -2.3651 100 15 0 0 0 0 0 0 0 0 0 0 0
6000 -204.067 0 0 0 0.940546 100 36 3.83968 100 24 0 0 0 -2.61218 100 19 0 0 0 0 0 0 0 0 0 0 0
6100 -204.545 0 0 0 1.55202 100 32 3.21403 100 29 0 0 0 -2.67889 100 21 0 0 0 0 0 0 0 0 0 0 0
6200 -204.028 0 0 0 0.839637 100 36 1.51789 100 28 0 0 0 -2.29276 100 22 0 0 0 0 0 0 0 0 0 0 0
6300 -204.12 0 0 0 0.4497 100 38 1.92741 100 18 0 0 0 -2.30244 100 22 0 0 0 0 0 0 0 0 0 0 0
6400 -205.128 0 0 0 0.707004 100 38 4.37823 100 24 0 0 0 -2.62349 100 23 0 0 0 0 0 0 0 0 0 0 0
6500 -204.196 0 0 0 0.677482 100 47 3.04737 100 25 0 0 0 -2.43429 100 19 0 0 0 0 0 0 0 0 0 0 0
6600 -204.295 0 0 0 0.94101 100 35 1.77371 100 21 0 0 0 -2.65543 100 24 0 0 0 0 0 0 0 0 0 0 0
6700 -204.197 0 0 0 0.371577 100 34 0.66527 100 17 0 0 0 -2.26089 100 22 0 0 0 0 0 0 0 0 0 0 0
6800 -204.792 0 0 0 0.309481 100 42 -0.123563 100 23 0 0 0 -2.0583 100 27 0 0 0 0 0 0 0 0 0 0 0
6900 -204.203 0 0 0 1.51222 100 41 3.32936 100 23 0 0 0 -2.73519 100 21 0 0 0 0 0 0 0 0 0 0 0
7000 -204.041 0 0 0 0.848873 100 40 3.56297 100 23 0 0 0 -2.71577 100 25 0 0 0 0 0 0 0 0 0 0 0
7100 -204.584 0 0 0 0.727385 100 36 3.4506 100 20 0 0 0 -2.75821 100 21 0 0 0 0 0 0 0 0 0 0 0
7200 -203.536 0 0 0 0.816227 100 45 2.34206 100 22 0 0 0 -2.5002 100 20 0 0 0 0 0 0 0 0 0 0 0
7300 -206.154 0 0 0 1.91592 100 33 5.61234 100 22 0 0 0 -2.94263 100 23 0 0 0 0 0 0 0 0 0 0 0
7400 -204.681 0 0 0 1.33088 100 41 2.96525 100 19 0 0 0 -2.89824 100 28 0 0 0 0 0 0 0 0 0 0 0
7500 -207.917 0 0 0 2.32407 100 30 6.83175 100 25 0 0 0 -3.19305 100 31 0 0 0 0 0 0 0 0 0 0 0
7600 -205.64 0 0 0 -0.0797158 100 42 1.54247 100 22 0 0 0 -2.2263 100 21 0 0 0 0 0 0 0 0 0 0 0
7700 -204.734 0 0 0 0.657053 100 38 1.74813 100 16 0 0 0 -2.63474 100 12 0 0 0 0 0 0 0 0 0 0 0
7800 -203.792 0 0 0 0.834664 100 42 2.25829 100 23 0 0 0 -2.3837 100 31 0 0 0 0 0 0 0 0 0 0 0
7900 -204.596 0 0 0 0.877254 100 38 1.32263 100 16 0 0 0 -2.62051 100 25 0 0 0 0 0 0 0 0 0 0 0
8000 -204.39 0 0 0 0.659969 100 40 2.66407 100 20 0 0 0 -2.33519 100 17 0 0 0 0 0 0 0 0 0 0 0
8100 -205.43 0 0 0 -0.0119646 100 39 0.24073 100 24 0 0 0 -2.23142 100 25 0 0 0 0 0 0 0 0 0 0 0
8200 -205.033 0 0 0 1.26059 100 38 3.48504 100 24 0 0 0 -2.98337 100 27 0 0 0 0 0 0 0 0 0 0 0
8300 -207.95 0 0 0 0.180759 100 40 2.58805 100 19 0 0 0 -2.78838 100 24 0 0 0 0 0 0 0 0 0 0 0
8400 -203.721 0 0 0 0.905239 100 38 2.40632 100 14 0 0 0 -2.62656 100 31 0 0 0 0 0 0 0 0 0 0 0
8500 -203.791 0 0 0 0.736151 100 40 2.40564 100 29 0 0 0 -2.57867 100 32 0 0 0 0 0 0 0 0 0 0 0
8600 -204.059 0 0 0 1.05985 100 48 1.52359 100 17 0 0 0 -2.39234 100 28 0 0 0 0 0 0 0 0 0 0 0
8700 -204.575 0 0 0 1.03204 100 46 4.34176 100 23 0 0 0 -2.90445 100 18 0 0 0 0 0 0 0 0 0 0 0
8800 -203.974 0 0 0 0.585109 100 34 1.05538 100 15 0 0 0 -2.23918 100 17 0 0 0 0 0 0 0 0 0 0 0
8900 -205.624 0 0 0 0.448624 100 38 -1.3664 100 25 0 0 0 -2.07229 100 23 0 0 0 0 0 0 0 0 0 0 0
9000 -204.924 0 0 0 1.23059 100 34 5.00217 100 27 0 0 0 -2.7497 100 28 0 0 0 0 0 0 0 0 0 0 0
9100 -204.3 0 0 0 1.06835 100 37 4.26778 100 25 0 0 0 -2.66329 100 31 0 0 0 0 0 0 0 0 0 0 0
9200 -204.136 0 0 0 0.566653 100 36 2.83842 100 27 0 0 0 -2.55613 100 25 0 0 0 0 0 0 0 0 0 0 0
9300 -205.206 0 0 0 1.23458 100 33 4.01089 100 27 0 0 0 -2.5311 100 20 0 0 0 0 0 0 0 0 0 0 0
9400 -205.642 0 0 0 0.278516 100 37 -0.11426 100 19 0 0 0 -2.37027 100 24 0 0 0 0 0 0 0 0 0 0 0
9500 -206.227 0 0 0 0.0690691 100 31 -1.75431 100 29 0 0 0 -1.9266 100 32 0 0 0 0 0 0 0 0 0 0 0
9600 -205.716 0 0 0 1.63361 100 43 3.243 100 16 0 0 0 -2.58862 100 21 0 0 0 0 0 0 0 0 0 0 0
9700 -204.042 0 0 0 1.18277 100 27 1.72562 100 22 0 0 0 -2.57182 100 24 0 0 0 0 0 0 0 0 0 0 0
9800 -203.747 0 0 0 1.0383 100 39 2.69777 100 20 0 0 0 -2.69106 100 22 0 0 0 0 0 0 0 0 0 0 0
9900 -204.055 0 0 0 0.578282 100 39 0.529852 100 18 0 0 0 -2.28657 100 32 0 0 0 0 0 0 0 0 0 0 0
10000 -206.284 0 0 0 1.76142 100 31 6.21223 100 23 0 0 0 -2.97187 100 21 0 0 0 0 0 0 0 0 0 0 0
10100 -204.741 0 0 0 1.18917 100 41 1.63798 100 20 0 0 0 -2.71035 100 21 0 0 0 0 0 0 0 0 0 0 0
10200 -203.933 0 0 0 1.31239 100 36 2.56074 100 20 0 0 0 -2.68499 100 23 0 0 0 0 0 0 0 0 0 0 0
10300 -204.406 0 0 0 1.62391 100 49 3.95034 100 20 0 0 0 -2.92629 100 19 0 0 0 0 0 0 0 0 0 0 0
10400 -204.135 0 0 0 1.42934 100 38 2.7546 100 17 0 0 0 -2.68096 100 37 0 0 0 0 0 0 0 0 0 0 0
10500 -204.846 0 0 0 0.715389 100 37 0.0403753 100 19 0 0 0 -2.12741 100 27 0 0 0 0 0 0 0 0 0 0 0
10600 -204.581 0 0 0 1.54331 100 36 4.60348 100 36 0 0 0 -2.80013 100 21 0 0 0 0 0 0 0 0 0 0 0
10700 -204.689 0 0 0 0.624311 100 35 2.85195 100 22 0 0 0 -2.70363 100 29 0 0 0 0 0 0 0 0 0 0 0
10800 -204.09 0 0 0 0.656028 100 36 1.09228 100 19 0 0 0 -2.46042 100 26 0 0 0 0 0 0 0 0 0 0 0
10900 -205.579 0 0 0 1.68931 100 38 2.42667 100 17 0 0 0 -2.86351 100 28 0 0 0 0 0 0 0 0 0 0 0
11000 -203.785 0 0 0 0.60767 100 36 2.26763 100 26 0 0 0 -2.47588 100 34 0 0 0 0 0 0 0 0 0 0 0
11100 -206.514 0 0 0 0.857699 100 33 4.11638 100 16 0 0 0 -2.39873 100 17 0 0 0 0 0 0 0 0 0 0 0
11200 -205.159 0 0 0 1.56312 100 31 5.37483 100 24 0 0 0 -3.16136 100 23 0 0 0 0 0 0 0 0 0 0 0
11300 -205.099 0 0 0 0.202428 100 40 -0.647846 100 23 0 0 0 -2.04571 100 20 0 0 0 0 0 0 0 0 0 0 0
11400 -204.694 0 0 0 0.241702 100 42 -0.109497 100 20 0 0 0 -2.15299 100 21 0 0 0 0 0 0 0 0 0 0 0
11500 -204.903 0 0 0 0.569043 100 36 0.138854 100 30 0 0 0 -2.40874 100 23 0 0 0 0 0 0 0 0 0 0 0
11600 -203.724 0 0 0 0.901651 100 36 1.70023 100 25 0 0 0 -2.38602 100 23 0 0 0 0 0 0 0 0 0 0 0
11700 -207.091 0 0 0 0.997677 100 39 -1.46636 100 21 0 0 0 -2.25849 100 21 0 0 0 0 0 0 0 0 0 0 0
11800 -203.682 0 0 0 0.780195 100 37 2.70925 100 18 0 0 0 -2.57768 100 28 0 0 0 0 0 0 0 0 0 0 0
11900 -204.719 0 0 0 0.540471 100 39 1.97769 100 25 0 0 0 -2.6116 100 30 0 0 0 0 0 0 0 0 0 0 0
12000 -203.952 0 0 0 0.943357 100 41 3.6283 100 25 0 0 0 -2.58429 100 19 0 0 0 0 0 0 0 0 0 0 0
12100 -205.319 0 0 0 0.681008 100 41 3.95358 100 19 0 0 0 -2.473 100 21 0 0 0 0 0 0 0 0 0 0 0
12200 -205.07 0 0 0 0.130931 100 36 1.40768 100 14 0 0 0 -2.38666 100 23 0 0 0 0 0 0 0 0 0 0 0
12300 -204.836 0 0 0 0.708014 100 34 2.8811 100 25 0 0 0 -2.3186 100 14 0 0 0 0 0 0 0 0 0 0 0
12400 -204.266 0 0 0 1.09581 100 34 3.84837 100 19 0 0 0 -2.87441 100 29 0 0 0 0 0 0 0 0 0 0 0
12500 -205.091 0 0 0 0.472298 100 35 2.82719 100 23 0 0 0 -2.29564 100 14 0 0 0 0 0 0 0 0 0 0 0
12600 -204.644 0 0 0 0.477348 100 32 0.280377 100 27 0 0 0 -2.36745 100 18 0 0 0 0 0 0 0 0 0 0 0
12700 -203.787 0 0 0 1.08979 100 42 3.75668 100 18 0 0 0 -2.75034 100 25 0 0 0 0 0 0 0 0 0 0 0
12800 -204.184 0 0 0 0.457373 100 39 0.8193 100 15 0 0 0 -2.18336 100 15 0 0 0 0 0 0 0 0 0 0 0
12900 -203.712 0 0 0 0.717555 100 43 2.3343 100 18 0 0 0 -2.41014 100 22 0 0 0 0 0 0 0 0 0 0 0
13000 -203.804 0 0 0 1.10522 100 40 3.81522 100 21 0 0 0 -2.7589 100 26 0 0 0 0 0 0 0 0 0 0 0
13100 -206.635 0 0 0 0.757368 100 39 5.61207 100 19 0 0 0 -2.82064 100 25 0 0 0 0 0 0 0 0 0 0 0
13200 -204.221 0 0 0 0.836534 100 36 3.64294 100 14 0 0 0 -2.5391 100 23 0 0 0 0 0 0 0 0 0 0 0
13300 -206.413 0 0 0 0.134902 100 35 -0.884552 100 31 0 0 0 -1.83425 100 26 0 0 0 0 0 0 0 0 0 0 0
13400 -205.66 0 0 0 0.493488 100 40 1.02598 100 25 0 0 0 -2.02481 100 29 0 0 0 0 0 0 0 0 0 0 0
13500 -203.952 0 0 0 1.39114 100 41 3.00771 100 22 0 0 0 -2.73531 100 14 0 0 0 0 0 0 0 0 0 0 0
13600 -206.365 0 0 0 0.852904 100 45 2.51685 100 20 0 0 0 -2.18127 100 31 0 0 0 0 0 0 0 0 0 0 0
13700 -209.794 0 0 0 0.108923 100 42 -1.13534 100 25 0 0 0 -1.61112 100 21 0 0 0 0 0 0 0 0 0 0 0
13800 -204.513 0 0 0 1.43064 100 37 2.50066 100 23 0 0 0 -2.79187 100 22 0 0 0 0 0 0 0 0 0 0 0
13900 -203.774 0 0 0 1.03503 100 36 3.72126 100 22 0 0 0 -2.70424 100 20 0 0 0 0 0 0 0 0 0 0 0
14000 -204.65 0 0 0 1.3222 100 27 2.69499 100 18 0 0 0 -2.85943 100 18 0 0 0 0 0 0 0 0 0 0 0
14100 -204.586 0 0 0 1.01701 100 40 4.75727 100 27 0 0 0 -2.81742 100 17 0 0 0 0 0 0 0 0 0 0 0
14200 -204.445 0 0 0 1.37492 100 46 4.97647 100 21 0 0 0 -2.97181 100 25 0 0 0 0 0 0 0 0 0 0 0
14300 -208.66 0 0 0 1.41459 100 44 0.107331 100 17 0 0 0 -2.81155 100 27 0 0 0 0 0 0 0 0 0 0 0
14400 -204.733 0 0 0 0.408291 100 30 0.904882 100 24 0 0 0 -2.44739 100 23 0 0 0 0 0 0 0 0 0 0 0
14500 -204.614 0 0 0 1.71661 100 46 4.76056 100 25 0 0 0 -2.98424 100 19 0 0 0 0 0 0 0 0 0 0 0
14600 -203.619 0 0 0 1.05863 100 34 2.68148 100 24 0 0 0 -2.52693 100 22 0 0 0 0 0 0 0 0 0 0 0
14700 -206.311 0 0 0 0.524354 100 52 -1.29101 100 21 0 0 0 -1.93246 100 21 0 0 0 0 0 0 0 0 0 0 0
14800 -207.546 0 0 0 0.0866393 100 41 -2.84201 100 19 0 0 0 -1.94031 100 16 0 0 0 0 0 0 0 0 0 0 0
14900 -204.401 0 0 0 0.256134 100 33 1.40187 100 32 0 0 0 -2.25739 100 15 0 0 0 0 0 0 0 0 0 0 0
15000 -204.279 0 0 0 1.10253 100 42 1.3771 100 21 0 0 0 -2.3817 100 30 0 0 0 0 0 0 0 0 0 0 0
15100 -205.328 0 0 0 1.09321 100 37 5.38938 100 17 0 0 0 -2.81898 100 31 0 0 0 0 0 0 0 0 0 0 0
15200 -204.051 0 0 0 0.74419 100 45 1.93312 100 29 0 0 0 -2.59196 100 13 0 0 0 0 0 0 0 0 0 0 0
15300 -203.916 0 0 0 0.697798 100 34 1.65596 100 24 0 0 0 -2.51945 100 20 0 0 0 0 0 0 0 0 0 0 0
15400 -204.645 0 0 0 1.5318 100 41 3.02429 100 17 0 0 0 -2.63769 100 26 0 0 0 0 0 0 0 0 0 0 0
15500 -204.171 0 0 0 1.53341 100 35 3.67663 100 17 0 0 0 -2.78784 100 25 0 0 0 0 0 0 0 0 0 0 0
15600 -204.427 0 0 0 1.23735 100 47 2.21799 100 22 0 0 0 -2.75952 100 15 0 0 0 0 0 0 0 0 0 0 0
15700 -204.158 0 0 0 0.680559 100 36 0.893733 100 27 0 0 0 -2.44665 100 22 0 0 0 0 0 0 0 0 0 0 0
15800 -206.121 0 0 0 0.0230016 100 36 1.31729 100 25 0 0 0 -2.46138 100 29 0 0 0 0 0 0 0 0 0 0 0
15900 -205.202 0 0 0 1.15099 100 37 2.90667 100 23 0 0 0 -2.92398 100 37 0 0 0 0 0 0 0 0 0 0 0
16000 -204.575 0 0 0 0.451123 100 37 2.96674 100 24 0 0 0 -2.42225 100 30 0 0 0 0 0 0 0 0 0 0 0
16100 -208.034 0 0 0 -0.218666 100 30 2.1492 100 22 0 0 0 -2.05899 100 23 0 0 0 0 0 0 0 0 0 0 0
16200 -205.373 0 0 0 0.993736 100 32 2.3098 100 28 0 0 0 -2.84509 100 19 0 0 0 0 0 0 0 0 0 0 0
16300 -206.353 0 0 0 1.47039 100 34 3.93989 100 20 0 0 0 -3.17671 100 19 0 0 0 0 0 0 0 0 0 0 0
16400 -206.553 0 0 0 2.13078 100 48 5.033 100 17 0 0 0 -3.30538 100 29 0 0 0 0 0 0 0 0 0 0 0
16500 -206.113 0 0 0 -0.17232 100 39 1.03538 100 22 0 0 0 -2.29232 100 27 0 0 0 0 0 0 0 0 0 0 0
16600 -204.452 0 0 0 0.837805 100 32 0.41707 100 22 0 0 0 -2.41891 100 23 0 0 0 0 0 0 0 0 0 0 0
16700 -206.994 0 0 0 -0.378838 100 36 -0.173741 100 17 0 0 0 -2.15458 100 21 0 0 0 0 0 0 0 0 0 0 0
16800 -204.246 0 0 0 0.307716 100 29 1.09699 100 25 0 0 0 -2.24552 100 21 0 0 0 0 0 0 0 0 0 0 0
16900 -207.048 0 0 0 2.17693 100 33 6.15524 100 27 0 0 0 -3.47424 100 24 0 0 0 0 0 0 0 0 0 0 0
17000 -205.392 0 0 0 1.94507 100 30 5.02584 100 14 0 0 0 -3.15433 100 25 0 0 0 0 0 0 0 0 0 0 0
17100 -205.1 0 0 0 1.25497 100 32 2.36497 100 19 0 0 0 -2.38257 100 19 0 0 0 0 0 0 0 0 0 0 0
17200 -208.121 0 0 0 0.962881 100 31 3.9677 100 16 0 0 0 -3.17919 100 25 0 0 0 0 0 0 0 0 0 0 0
17300 -204.904 0 0 0 0.577921 100 33 3.62412 100 19 0 0 0 -2.71428 100 26 0 0 0 0 0 0 0 0 0 0 0
17400 -204.731 0 0 0 0.17623 100 42 1.77854 100 21 0 0 0 -2.29868 100 29 0 0 0 0 0 0 0 0 0 0 0
17500 -208.429 0 0 0 0.138444 100 39 4.93521 100 16 0 0 0 -2.6972 100 22 0 0 0 0 0 0 0 0 0 0 0
17600 -204.999 0 0 0 1.0406 100 38 0.153237 100 21 0 0 0 -2.39285 100 28 0 0 0 0 0 0 0 0 0 0 0
17700 -206.048 0 0 0 0.459034 100 42 0.508264 100 20 0 0 0 -2.55473 100 23 0 0 0 0 0 0 0 0 0 0 0
17800 -205.116 0 0 0 1.17659 100 31 0.457343 100 26 0 0 0 -2.40747 100 18 0 0 0 0 0 0 0 0 0 0 0
17900 -205.278 0 0 0 1.15819 100 35 4.41958 100 20 0 0 0 -3.04626 100 21 0 0 0 0 0 0 0 0 0 0 0
18000 -204.147 0 0 0 0.447057 100 37 0.500297 100 21 0 0 0 -2.24686 100 24 0 0 0 0 0 0 0 0 0 0 0
18100 -206.247 0 0 0 0.06126 100 46 -1.79211 100 15 0 0 0 -1.94463 100 23 0 0 0 0 0 0 0 0 0 0 0
18200 -204.742 0 0 0 1.55516 100 39 5.44632 100 19 0 0 0 -3.0193 100 15 0 0 0 0 0 0 0 0 0 0 0
18300 -203.591 0 0 0 0.853002 100 37 2.76347 100 15 0 0 0 -2.58004 100 23 0 0 0 0 0 0 0 0 0 0 0
18400 -203.707 0 0 0 1.0771 100 30 1.97562 100 13 0 0 0 -2.55238 100 23 0 0 0 0 0 0 0 0 0 0 0
18500 -205.233 0 0 0 1.89752 100 39 5.39223 100 23 0 0 0 -3.14729 100 25 0 0 0 0 0 0 0 0 0 0 0
18600 -203.797 0 0 0 0.731527 100 35 1.91106 100 24 0 0 0 -2.53541 100 21 0 0 0 0 0 0 0 0 0 0 0
18700 -204.253 0 0 0 0.827122 100 36 2.29125 100 19 0 0 0 -2.31657 100 27 0 0 0 0 0 0 0 0 0 0 0
18800 -207.415 0 0 0 -0.411691 100 35 -1.20157 100 20 0 0 0 -1.80836 100 17 0 0 0 0 0 0 0 0 0 0 0
18900 -203.746 0 0 0 0.595164 100 36 1.97487 100 29 0 0 0 -2.38807 100 28 0 0 0 0 0 0 0 0 0 0 0
19000 -203.693 0 0 0 1.22909 100 38 2.75516 100 22 0 0 0 -2.63875 100 26 0 0 0 0 0 0 0 0 0 0 0
19100 -203.712 0 0 0 0.846635 100 37 1.41875 100 19 0 0 0 -2.45107 100 21 0 0 0 0 0 0 0 0 0 0 0
19200 -204.145 0 0 0 0.586714 100 30 0.403754 100 15 0 0 0 -2.29779 100 24 0 0 0 0 0 0 0 0 0 0 0
19300 -205.51 0 0 0 0.541625 100 38 -1.18846 100 21 0 0 0 -2.09076 100 21 0 0 0 0 0 0 0 0 0 0 0
19400 -203.627 0 0 0 0.89066 100 40 2.00415 100 25 0 0 0 -2.54649 100 26 0 0 0 0 0 0 0 0 0 0 0
19500 -203.976 0 0 0 0.489294 100 36 1.92751 100 19 0 0 0 -2.3311 100 29 0 0 0 0 0 0 0 0 0 0 0
19600 -206.555 0 0 0 1.00096 100 43 6.13897 100 18 0 0 0 -2.98374 100 26 0 0 0 0 0 0 0 0 0 0 0
19700 -204.351 0 0 0 1.42463 100 45 4.63997 100 24 0 0 0 -2.80275 100 25 0 0 0 0 0 0 0 0 0 0 0
19800 -205.293 0 0 0 0.156861 100 41 -0.869865 100 19 0 0 0 -2.04709 100 33 0 0 0 0 0 0 0 0 0 0 0
19900 -205.059 0 0 0 0.760862 100 37 -0.0594638 100 22 0 0 0 -2.42115 100 25 0 0 0 0 0 0 0 0 0 0 0
20000 -205.129 0 0 0 0.0929006 100 40 -0.100644 100 20 0 0 0 -2.19269 100 25 0 0 0 0 0 0 0 0 0 0 0
20100 -203.898 0 0 0 0.867729 100 41 1.04488 100 20 0 0 0 -2.35909 100 23 0 0 0 0 0 0 0 0 0 0 0
20200 -204.266 0 0 0 1.26526 100 38 4.72921 100 16 0 0 0 -2.82921 100 18 0 0 0 0 0 0 0 0 0 0 0
20300 -203.953 0 0 0 0.538144 100 46 2.07559 100 18 0 0 0 -2.34059 100 25 0 0 0 0 0 0 0 0 0 0 0
20400 -205.005 0 0 0 1.2432 100 45 3.10607 100 29 0 0 0 -2.9409 100 21 0 0 0 0 0 0 0 0 0 0 0
20500 -205.555 0 0 0 0.370684 100 46 3.46456 100 19 0 0 0 -2.40845 100 31 0 0 0 0 0 0 0 0 0 0 0
20600 -203.832 0 0 0 1.15827 100 38 2.88091 100 32 0 0 0 -2.74349 100 27 0 0 0 0 0 0 0 0 0 0 0
20700 -203.669 0 0 0 1.24045 100 31 3.19414 100 17 0 0 0 -2.69911 100 17 0 0 0 0 0 0 0 0 0 0 0
20800 -205.966 0 0 0 1.19572 100 37 6.04615 100 27 0 0 0 -3.09626 100 30 0 0 0 0 0 0 0 0 0 0 0
20900 -205.897 0 0 0 1.53478 100 41 2.11913 100 16 0 0 0 -2.90476 100 19 0 0 0 0 0 0 0 0 0 0 0
21000 -203.539 0 0 0 0.939464 100 30 2.13587 100 15 0 0 0 -2.48715 100 24 0 0 0 0 0 0 0 0 0 0 0
21100 -206.43 0 0 0 -0.017238 100 39 0.269452 100 19 0 0 0 -1.89537 100 26 0 0 0 0 0 0 0 0 0 0 0
21200 -203.544 0 0 0 0.872654 100 34 2.67853 100 24 0 0 0 -2.53296 100 34 0 0 0 0 0 0 0 0 0 0 0
21300 -204.203 0 0 0 1.5227 100 33 4.46851 100 24 0 0 0 -2.91024 100 25 0 0 0 0 0 0 0 0 0 0 0
21400 -205.251 0 0 0 1.58639 100 36 2.19976 100 14 0 0 0 -2.80083 100 19 0 0 0 0 0 0 0 0 0 0 0
21500 -208.613 0 0 0 1.63598 100 43 1.7528 100 32 0 0 0 -3.07762 100 26 0 0 0 0 0 0 0 0 0 0 0
21600 -205.519 0 0 0 1.22977 100 35 1.87524 100 17 0 0 0 -2.31165 100 24 0 0 0 0 0 0 0 0 0 0 0
21700 -203.633 0 0 0 0.751726 100 42 2.59007 100 27 0 0 0 -2.51382 100 22 0 0 0 0 0 0 0 0 0 0 0
21800 -204.959 0 0 0 0.788484 100 30 0.518532 100 24 0 0 0 -2.52398 100 23 0 0 0 0 0 0 0 0 0 0 0
21900 -207.25 0 0 0 1.7841 100 47 6.47147 100 18 0 0 0 -2.94323 100 18 0 0 0 0 0 0 0 0 0 0 0
22000 -205.01 0 0 0 1.39702 100 29 4.47735 100 27 0 0 0 -3.08035 100 22 0 0 0 0 0 0 0 0 0 0 0
22100 -204.289 0 0 0 0.757435 100 41 3.01036 100 23 0 0 0 -2.71542 100 26 0 0 0 0 0 0 0 0 0 0 0
22200 -203.663 0 0 0 0.867268 100 42 3.11525 100 24 0 0 0 -2.58686 100 19 0 0 0 0 0 0 0 0 0 0 0
22300 -203.981 0 0 0 0.85235 100 35 1.61252 100 22 0 0 0 -2.56729 100 26 0 0 0 0 0 0 0 0 0 0 0
22400 -204.481 0 0 0 1.51299 100 40 5.03762 100 21 0 0 0 -2.99971 100 26 0 0 0 0 0 0 0 0 0 0 0
22500 -206.607 0 0 0 2.16226 100 33 4.84585 100 22 0 0 0 -3.01178 100 24 0 0 0 0 0 0 0 0 0 0 0
22600 -204.87 0 0 0 0.146572 100 38 0.887783 100 20 0 0 0 -2.31615 100 23 0 0 0 0 0 0 0 0 0 0 0
22700 -204.401 0 0 0 0.524473 100 40 2.44254 100 21 0 0 0 -2.58945 100 31 0 0 0 0 0 0 0 0 0 0 0
22800 -204.795 0 0 0 0.100495 100 36 0.877539 100 27 0 0 0 -2.19657 100 21 0 0 0 0 0 0 0 0 0 0 0
22900 -208.911 0 0 0 1.16792 100 34 7.44177 100 27 0 0 0 -3.34413 100 19 0 0 0 0 0 0 0 0 0 0 0
23000 -204.597 0 0 0 0.809168 100 51 4.02185 100 20 0 0 0 -2.79633 100 21 0 0 0 0 0 0 0 0 0 0 0
23100 -204.094 0 0 0 1.43695 100 41 2.95355 100 21 0 0 0 -2.68918 100 23 0 0 0 0 0 0 0 0 0 0 0
23200 -206.204 0 0 0 0.477777 100 32 3.63 100 12 0 0 0 -2.82979 100 25 0 0 0 0 0 0 0 0 0 0 0
23300 -204.475 0 0 0 0.703062 100 37 0.453494 100 22 0 0 0 -2.16678 100 22 0 0 0 0 0 0 0 0 0 0 0
23400 -204.21 0 0 0 1.46721 100 50 2.86095 100 21 0 0 0 -2.75376 100 27 0 0 0 0 0 0 0 0 0 0 0
23500 -206.139 0 0 0 -0.173405 100 45 1.31474 100 21 0 0 0 -2.11784 100 25 0 0 0 0 0 0 0 0 0 0 0
23600 -203.917 0 0 0 0.968922 100 39 3.8157 100 18 0 0 0 -2.65558 100 25 0 0 0 0 0 0 0 0 0 0 0
23700 -204.937 0 0 0 0.276222 100 33 1.32091 100 24 0 0 0 -2.11702 100 27 0 0 0 0 0 0 0 0 0 0 0
23800 -208.136 0 0 0 0.61532 100 41 -2.08082 100 25 0 0 0 -2.33952 100 21 0 0 0 0 0 0 0 0 0 0 0
23900 -203.599 0 0 0 1.13016 100 36 2.71014 100 18 0 0 0 -2.58183 100 28 0 0 0 0 0 0 0 0 0 0 0
24000 -205.164 0 0 0 0.752093 100 44 4.20299 100 22 0 0 0 -2.54269 100 31 0 0 0 0 0 0 0 0 0 0 0
24100 -206.37 0 0 0 0.286366 100 43 0.996212 100 24 0 0 0 -2.57894 100 21 0 0 0 0 0 0 0 0 0 0 0
24200 -206.109 0 0 0 1.01991 100 36 2.03646 100 24 0 0 0 -2.19514 100 24 0 0 0 0 0 0 0 0 0 0 0
24300 -205.031 0 0 0 0.31116 100 45 2.37507 100 30 0 0 0 -2.25468 100 28 0 0 0 0 0 0 0 0 0 0 0
24400 -207.834 0 0 0 0.204204 100 36 -2.34822 100 19 0 0 0 -1.74056 100 19 0 0 0 0 0 0 0 0 0 0 0
24500 -205.536 0 0 0 0.818408 100 36 0.909936 100 17 0 0 0 -2.65118 100 20 0 0 0 0 0 0 0 0 0 0 0
24600 -205.933 0 0 0 0.929484 100 42 -0.869557 100 25 0 0 0 -2.22719 100 25 0 0 0 0 0 0 0 0 0 0 0
24700 -205.491 0 0 0 0.723792 100 49 4.83496 100 27 0 0 0 -2.75613 100 28 0 0 0 0 0 0 0 0 0 0 0
24800 -204.419 0 0 0 0.772377 100 29 1.53472 100 20 0 0 0 -2.60576 100 19 0 0 0 0 0 0 0 0 0 0 0
24900 -206.381 0 0 0 1.32204 100 37 3.97856 100 19 0 0 0 -3.15557 100 28 0 0 0 0 0 0 0 0 0 0 0
25000 -204.418 0 0 0 1.46307 100 34 5.00408 100 27 0 0 0 -2.96825 100 22 0 0 0 0 0 0 0 0 0 0 0
25100 -204.172 0 0 0 0.669681 100 40 0.364852 100 24 0 0 0 -2.24955 100 24 0 0 0 0 0 0 0 0 0 0 0
25200 -205.392 0 0 0 0.633267 100 33 2.85225 100 18 0 0 0 -2.78629 100 22 0 0 0 0 0 0 0 0 0 0 0
25300 -205.249 0 0 0 1.65092 100 42 5.22305 100 20 0 0 0 -2.85571 100 28 0 0 0 0 0 0 0 0 0 0 0
25400 -206.496 0 0 0 1.89731 100 32 7.00095 100 23 0 0 0 -3.20974 100 29 0 0 0 0 0 0 0 0 0 0 0
25500 -204.463 0 0 0 1.05585 100 44 0.828993 100 16 0 0 0 -2.49262 100 18 0 0 0 0 0 0 0 0 0 0 0
25600 -205.121 0 0 0 1.51587 100 40 4.41942 100 18 0 0 0 -2.68834 100 28 0 0 0 0 0 0 0 0 0 0 0
25700 -203.832 0 0 0 0.602886 100 40 1.37313 100 30 0 0 0 -2.28999 100 29 0 0 0 0 0 0 0 0 0 0 0
25800 -204.943 0 0 0 1.29393 100 39 5.12573 100 25 0 0 0 -3.05478 100 23 0 0 0 0 0 0 0 0 0 0 0
25900 -204.59 0 0 0 0.479596 100 40 -0.00141337 100 25 0 0 0 -2.29883 100 25 0 0 0 0 0 0 0 0 0 0 0
26000 -204.068 0 0 0 0.935664 100 48 1.14964 100 22 0 0 0 -2.50516 100 21 0 0 0 0 0 0 0 0 0 0 0
26100 -206.001 0 0 0 1.71109 100 39 2.15986 100 12 0 0 0 -2.63828 100 17 0 0 0 0 0 0 0 0 0 0 0
26200 -204.18 0 0 0 1.10572 100 47 2.35981 100 16 0 0 0 -2.73838 100 22 0 0 0 0 0 0 0 0 0 0 0
26300 -203.653 0 0 0 1.07773 100 38 2.68476 100 23 0 0 0 -2.66847 100 17 0 0 0 0 0 0 0 0 0 0 0
26400 -205.159 0 0 0 1.85517 100 41 4.52068 100 24 0 0 0 -2.91724 100 26 0 0 0 0 0 0 0 0 0 0 0
26500 -205.557 0 0 0 0.154084 100 40 1.50382 100 22 0 0 0 -2.08779 100 20 0 0 0 0 0 0 0 0 0 0 0
26600 -203.727 0 0 0 0.598377 100 36 1.61591 100 17 0 0 0 -2.36041 100 28 0 0 0 0 0 0 0 0 0 0 0
26700 -206.441 0 0 0 2.14196 100 47 4.26659 100 16 0 0 0 -3.10585 100 28 0 0 0 0 0 0 0 0 0 0 0
26800 -204.038 0 0 0 0.596357 100 46 2.59978 100 19 0 0 0 -2.56219 100 24 0 0 0 0 0 0 0 0 0 0 0
26900 -204.012 0 0 0 1.11061 100 37 2.26462 100 22 0 0 0 -2.69778 100 20 0 0 0 0 0 0 0 0 0 0 0
27000 -209.697 0 0 0 -0.286129 100 37 3.98635 100 24 0 0 0 -2.65321 100 29 0 0 0 0 0 0 0 0 0 0 0
27100 -205.136 0 0 0 0.61104 100 45 0.311222 100 23 0 0 0 -2.05406 100 20 0 0 0 0 0 0 0 0 0 0 0
27200 -204.154 0 0 0 1.3652 100 36 2.89212 100 25 0 0 0 -2.80254 100 20 0 0 0 0 0 0 0 0 0 0 0
27300 -205.682 0 0 0 0.895878 100 38 1.90953 100 23 0 0 0 -2.80557 100 33 0 0 0 0 0 0 0 0 0 0 0
27400 -204.032 0 0 0 0.960777 100 42 3.86562 100 18 0 0 0 -2.62709 100 28 0 0 0 0 0 0 0 0 0 0 0
27500 -205.065 0 0 0 0.651195 100 44 2.53476 100 21 0 0 0 -2.24536 100 30 0 0 0 0 0 0 0 0 0 0 0
27600 -204.222 0 0 0 1.01758 100 44 1.96574 100 15 0 0 0 -2.68217 100 21 0 0 0 0 0 0 0 0 0 0 0
27700 -204.493 0 0 0 0.9779 100 42 2.14995 100 24 0 0 0 -2.31496 100 24 0 0 0 0 0 0 0 0 0 0 0
27800 -208.624 0 0 0 1.68723 100 43 0.941989 100 22 0 0 0 -2.92826 100 22 0 0 0 0 0 0 0 0 0 0 0
27900 -204.635 0 0 0 1.15979 100 35 1.3129 100 24 0 0 0 -2.63314 100 18 0 0 0 0 0 0 0 0 0 0 0
28000 -205.662 0 0 0 1.91526 100 37 5.1874 100 20 0 0 0 -3.23906 100 21 0 0 0 0 0 0 0 0 0 0 0
28100 -204.29 0 0 0 0.555724 100 33 2.70662 100 19 0 0 0 -2.59478 100 27 0 0 0 0 0 0 0 0 0 0 0
28200 -204.206 0 0 0 0.942818 100 36 1.24682 100 24 0 0 0 -2.55654 100 17 0 0 0 0 0 0 0 0 0 0 0
28300 -204.095 0 0 0 1.21559 100 41 4.19567 100 6 0 0 0 -2.88021 100 26 0 0 0 0 0 0 0 0 0 0 0
28400 -205.247 0 0 0 0.942133 100 31 1.31186 100 23 0 0 0 -2.70072 100 31 0 0 0 0 0 0 0 0 0 0 0
28500 -206.128 0 0 0 1.1217 100 26 3.36299 100 20 0 0 0 -2.3525 100 20 0 0 0 0 0 0 0 0 0 0 0
28600 -204.425 0 0 0 0.766853 100 33 3.62086 100 21 0 0 0 -2.7519 100 21 0 0 0 0 0 0 0 0 0 0 0
28700 -205.081 0 0 0 1.60212 100 40 2.40083 100 16 0 0 0 -2.8011 100 32 0 0 0 0 0 0 0 0 0 0 0
28800 -203.577 0 0 0 1.01428 100 37 3.15679 100 28 0 0 0 -2.61796 100 22 0 0 0 0 0 0 0 0 0 0 0
28900 -203.9 0 0 0 0.615857 100 41 2.64633 100 21 0 0 0 -2.44831 100 28 0 0 0 0 0 0 0 0 0 0 0
29000 -204.138 0 0 0 1.1106 100 35 1.69092 100 23 0 0 0 -2.6234 100 25 0 0 0 0 0 0 0 0 0 0 0
29100 -205.753 0 0 0 2.04151 100 41 5.01607 100 27 0 0 0 -3.18528 100 31 0 0 0 0 0 0 0 0 0 0 0
29200 -204.695 0 0 0 0.153169 100 36 0.873562 100 23 0 0 0 -2.16278 100 28 0 0 0 0 0 0 0 0 0 0 0
29300 -203.844 0 0 0 0.565138 100 38 2.23763 100 19 0 0 0 -2.40957 100 22 0 0 0 0 0 0 0 0 0 0 0
29400 -203.998 0 0 0 1.3536 100 40 2.59894 100 24 0 0 0 -2.64309 100 24 0 0 0 0 0 0 0 0 0 0 0
29500 -204.213 0 0 0 0.698551 100 39 3.12999 100 18 0 0 0 -2.44472 100 26 0 0 0 0 0 0 0 0 0 0 0
29600 -204.293 0 0 0 1.38135 100 40 4.8511 100 21 0 0 0 -2.90578 100 20 0 0 0 0 0 0 0 0 0 0 0
29700 -205.836 0 0 0 1.0879 100 40 0.238611 100 24 0 0 0 -2.20113 100 27 0 0 0 0 0 0 0 0 0 0 0
29800 -205.218 0 0 0 0.284994 100 32 -0.939099 100 23 0 0 0 -2.10467 100 25 0 0 0 0 0 0 0 0 0 0 0
29900 -203.641 0 0 0 0.97581 100 33 2.48582 100 15 0 0 0 -2.47217 100 22 0 0 0 0 0 0 0 0 0 0 0
30000 -203.633 0 0 0 0.854205 100 52 2.37697 100 20 0 0 0 -2.58343 100 33 0 0 0 0 0 0 0 0 0 0 0
30100 -204.951 0 0 0 0.646647 100 30 4.12968 100 28 0 0 0 -2.61088 100 26 0 0 0 0 0 0 0 0 0 0 0
30200 -203.681 0 0 0 0.884503 100 45 1.5224 100 26 0 0 0 -2.41053 100 18 0 0 0 0 0 0 0 0 0 0 0
30300 -203.656 0 0 0 0.895731 100 29 2.91055 100 20 0 0 0 -2.63729 100 22 0 0 0 0 0 0 0 0 0 0 0
30400 -203.537 0 0 0 1.00999 100 41 2.90564 100 15 0 0 0 -2.61983 100 15 0 0 0 0 0 0 0 0 0 0 0
30500 -203.84 0 0 0 0.648021 100 32 1.03073 100 17 0 0 0 -2.29387 100 24 0 0 0 0 0 0 0 0 0 0 0
30600 -204.543 0 0 0 0.825369 100 46 4.13594 100 20 0 0 0 -2.61688 100 25 0 0 0 0 0 0 0 0 0 0 0
30700 -205.226 0 0 0 1.26679 100 36 0.775587 100 22 0 0 0 -2.40858 100 28 0 0 0 0 0 0 0 0 0 0 0
30800 -207.965 0 0 0 2.1865 100 45 3.49675 100 28 0 0 0 -3.2069 100 24 0 0 0 0 0 0 0 0 0 0 0
30900 -208.431 0 0 0 -0.634439 100 49 0.201185 100 19 0 0 0 -2.18106 100 20 0 0 0 0 0 0 0 0 0 0 0
31000 -204.979 0 0 0 1.50714 100 43 3.41754 100 26 0 0 0 -2.99326 100 19 0 0 0 0 0 0 0 0 0 0 0
31100 -204.229 0 0 0 1.12023 100 36 4.02664 100 26 0 0 0 -2.622 100 28 0 0 0 0 0 0 0 0 0 0 0
31200 -203.861 0 0 0 1.34479 100 37 3.38616 100 23 0 0 0 -2.68407 100 17 0 0 0 0 0 0 0 0 0 0 0
31300 -205.348 0 0 0 1.95253 100 39 5.30406 100 22 0 0 0 -3.14133 100 36 0 0 0 0 0 0 0 0 0 0 0
31400 -203.714 0 0 0 0.732174 100 43 1.94445 100 22 0 0 0 -2.36167 100 22 0 0 0 0 0 0 0 0 0 0 0
31500 -205.258 0 0 0 1.47792 100 40 5.89976 100 16 0 0 0 -3.11368 100 20 0 0 0 0 0 0 0 0 0 0 0
31600 -207.998 0 0 0 -0.628733 100 42 0.371042 100 17 0 0 0 -2.0731 100 26 0 0 0 0 0 0 0 0 0 0 0
31700 -207.668 0 0 0 1.04799 100 36 3.27005 100 29 0 0 0 -2.24236 100 22 0 0 0 0 0 0 0 0 0 0 0
31800 -205.612 0 0 0 0.833859 100 33 -0.768515 100 27 0 0 0 -2.16374 100 24 0 0 0 0 0 0 0 0 0 0 0
31900 -207.568 0 0 0 1.37672 100 46 4.52631 100 17 0 0 0 -3.29628 100 27 0 0 0 0 0 0 0 0 0 0 0
32000 -205.295 0 0 0 0.345389 100 38 3.33358 100 22 0 0 0 -2.60564 100 22 0 0 0 0 0 0 0 0 0 0 0
32100 -205.93 0 0 0 0.461394 100 33 1.25955 100 34 0 0 0 -2.63276 100 22 0 0 0 0 0 0 0 0 0 0 0
32200 -207.472 0 0 0 0.123454 100 29 -2.73879 100 26 0 0 0 -1.82927 100 20 0 0 0 0 0 0 0 0 0 0 0
32300 -204.191 0 0 0 0.824798 100 37 3.59475 100 22 0 0 0 -2.53542 100 30 0 0 0 0 0 0 0 0 0 0 0
32400 -204.883 0 0 0 0.81499 100 40 -0.257924 100 32 0 0 0 -2.29739 100 27 0 0 0 0 0 0 0 0 0 0 0
32500 -203.579 0 0 0 0.811178 100 37 1.96936 100 22 0 0 0 -2.42004 100 20 0 0 0 0 0 0 0 0 0 0 0
32600 -204.796 0 0 0 1.65516 100 42 5.16176 100 17 0 0 0 -3.09579 100 25 0 0 0 0 0 0 0 0 0 0 0
32700 -204.014 0 0 0 1.33561 100 40 2.84061 100 22 0 0 0 -2.76587 100 17 0 0 0 0 0 0 0 0 0 0 0
32800 -205.026 0 0 0 0.638993 100 38 3.11807 100 25 0 0 0 -2.76449 100 33 0 0 0 0 0 0 0 0 0 0 0
32900 -207.337 0 0 0 -0.13976 100 41 1.85263 100 26 0 0 0 -2.04153 100 23 0 0 0 0 0 0 0 0 0 0 0
33000 -204.399 0 0 0 1.3281 100 39 1.9679 100 25 0 0 0 -2.5206 100 24 0 0 0 0 0 0 0 0 0 0 0
33100 -205.287 0 0 0 1.30499 100 41 2.86537 100 17 0 0 0 -2.95026 100 26 0 0 0 0 0 0 0 0 0 0 0
33200 -204.369 0 0 0 0.353248 100 43 2.14019 100 27 0 0 0 -2.32939 100 21 0 0 0 0 0 0 0 0 0 0 0
33300 -206.122 0 0 0 1.15282 100 35 3.87765 100 24 0 0 0 -3.08799 100 30 0 0 0 0 0 0 0 0 0 0 0
33400 -204.872 0 0 0 0.361694 100 38 0.15426 100 18 0 0 0 -2.34061 100 19 0 0 0 0 0 0 0 0 0 0 0
33500 -204.752 0 0 0 0.687887 100 43 4.08042 100 27 0 0 0 -2.62068 100 22 0 0 0 0 0 0 0 0 0 0 0
33600 -203.622 0 0 0 0.962045 100 34 1.87018 100 17 0 0 0 -2.45954 100 27 0 0 0 0 0 0 0 0 0 0 0
33700 -204.447 0 0 0 0.512284 100 36 1.57583 100 19 0 0 0 -2.5266 100 14 0 0 0 0 0 0 0 0 0 0 0
33800 -205.258 0 0 0 0.570307 100 34 0.250608 100 23 0 0 0 -2.0304 100 23 0 0 0 0 0 0 0 0 0 0 0
33900 -205.467 0 0 0 0.188088 100 40 -0.0634023 100 19 0 0 0 -1.95632 100 26 0 0 0 0 0 0 0 0 0 0 0
34000 -205.127 0 0 0 0.787984 100 38 -0.394193 100 22 0 0 0 -2.3396 100 29 0 0 0 0 0 0 0 0 0 0 0
34100 -203.904 0 0 0 1.04256 100 21 3.13353 100 15 0 0 0 -2.76085 100 26 0 0 0 0 0 0 0 0 0 0 0
34200 -206.12 0 0 0 1.84219 100 35 5.76642 100 27 0 0 0 -2.93354 100 24 0 0 0 0 0 0 0 0 0 0 0
34300 -204.813 0 0 0 1.37392 100 34 2.34857 100 20 0 0 0 -2.82754 100 31 0 0 0 0 0 0 0 0 0 0 0
34400 -204.322 0 0 0 0.476059 100 36 0.108292 100 21 0 0 0 -2.20308 100 25 0 0 0 0 0 0 0 0 0 0 0
34500 -207.281 0 0 0 -0.486013 100 36 -0.277939 100 21 0 0 0 -1.9312 100 24 0 0 0 0 0 0 0 0 0 0 0
34600 -203.761 0 0 0 0.839468 100 31 2.45832 100 18 0 0 0 -2.61972 100 26 0 0 0 0 0 0 0 0 0 0 0
34700 -203.825 0 0 0 0.783122 100 43 2.2922 100 18 0 0 0 -2.59901 100 27 0 0 0 0 0 0 0 0 0 0 0
34800 -203.894 0 0 0 1.20475 100 41 2.1748 100 24 0 0 0 -2.5279 100 29 0 0 0 0 0 0 0 0 0 0 0
34900 -208.008 0 0 0 -0.106873 100 35 3.82223 100 15 0 0 0 -2.50003 100 22 0 0 0 0 0 0 0 0 0 0 0
35000 -204.378 0 0 0 0.804596 100 41 4.06528 100 32 0 0 0 -2.68182 100 31 0 0 0 0 0 0 0 0 0 0 0
35100 -205.848 0 0 0 1.46766 100 34 4.14299 100 15 0 0 0 -3.15272 100 16 0 0 0 0 0 0 0 0 0 0 0
35200 -204.462 0 0 0 1.38904 100 51 5.0825 100 28 0 0 0 -2.9219 100 25 0 0 0 0 0 0 0 0 0 0 0
35300 -204.288 0 0 0 0.688799 100 34 0.262168 100 19 0 0 0 -2.32375 100 16 0 0 0 0 0 0 0 0 0 0 0
35400 -205.967 0 0 0 0.659153 100 42 -1.07367 100 22 0 0 0 -2.31216 100 25 0 0 0 0 0 0 0 0 0 0 0
35500 -204.676 0 0 0 1.7372 100 34 4.78385 100 19 0 0 0 -2.96927 100 24 0 0 0 0 0 0 0 0 0 0 0
35600 -204.713 0 0 0 0.128097 100 37 0.971179 100 21 0 0 0 -2.22542 100 22 0 0 0 0 0 0 0 0 0 0 0
35700 -204.517 0 0 0 0.602425 100 36 0.248896 100 26 0 0 0 -2.37301 100 24 0 0 0 0 0 0 0 0 0 0 0
35800 -203.665 0 0 0 0.649278 100 34 1.92864 100 19 0 0 0 -2.43297 100 18 0 0 0 0 0 0 0 0 0 0 0
35900 -207.038 0 0 0 -0.086177 100 37 -0.124079 100 19 0 0 0 -2.35569 100 28 0 0 0 0 0 0 0 0 0 0 0
36000 -203.991 0 0 0 1.07394 100 43 2.41025 100 30 0 0 0 -2.43098 100 26 0 0 0 0 0 0 0 0 0 0 0
36100 -205.444 0 0 0 1.92062 100 40 3.95574 100 26 0 0 0 -2.99381 100 29 0 0 0 0 0 0 0 0 0 0 0
36200 -208.501 0 0 0 0.254044 100 36 -2.833 100 20 0 0 0 -1.72347 100 29 0 0 0 0 0 0 0 0 0 0 0
36300 -207.677 0 0 0 1.40501 100 29 7.40418 100 23 0 0 0 -3.28359 100 25 0 0 0 0 0 0 0 0 0 0 0
36400 -205.277 0 0 0 0.359259 100 35 1.08159 100 28 0 0 0 -2.05117 100 28 0 0 0 0 0 0 0 0 0 0 0
36500 -205.632 0 0 0 0.921834 100 35 3.202 100 17 0 0 0 -2.93231 100 27 0 0 0 0 0 0 0 0 0 0 0
36600 -205.193 0 0 0 0.712859 100 35 3.49943 100 18 0 0 0 -2.83256 100 28 0 0 0 0 0 0 0 0 0 0 0
36700 -204.672 0 0 0 1.10005 100 38 1.2775 100 18 0 0 0 -2.63839 100 19 0 0 0 0 0 0 0 0 0 0 0
36800 -205.262 0 0 0 1.31096 100 33 1.58563 100 22 0 0 0 -2.7609 100 26 0 0 0 0 0 0 0 0 0 0 0
36900 -204.618 0 0 0 1.17042 100 34 3.5654 100 18 0 0 0 -2.50689 100 22 0 0 0 0 0 0 0 0 0 0 0
37000 -204.735 0 0 0 1.10735 100 44 4.43791 100 23 0 0 0 -2.96149 100 19 0 0 0 0 0 0 0 0 0 0 0
37100 -204.326 0 0 0 0.881614 100 38 3.97428 100 22 0 0 0 -2.78613 100 24 0 0 0 0 0 0 0 0 0 0 0
37200 -204.194 0 0 0 0.634935 100 39 1.14269 100 25 0 0 0 -2.48115 100 22 0 0 0 0 0 0 0 0 0 0 0
37300 -203.771 0 0 0 1.19568 100 40 3.85666 100 18 0 0 0 -2.74932 100 32 0 0 0 0 0 0 0 0 0 0 0
37400 -207.373 0 0 0 0.21551 100 34 2.71677 100 14 0 0 0 -2.76789 100 18 0 0 0 0 0 0 0 0 0 0 0
37500 -205.978 0 0 0 0.134764 100 40 3.19319 100 21 0 0 0 -2.53234 100 21 0 0 0 0 0 0 0 0 0 0 0
37600 -205.233 0 0 0 1.28995 100 39 3.10591 100 23 0 0 0 -2.97008 100 19 0 0 0 0 0 0 0 0 0 0 0
37700 -205.3 0 0 0 1.93385 100 33 4.70646 100 22 0 0 0 -3.00362 100 35 0 0 0 0 0 0 0 0 0 0 0
37800 -204.307 0 0 0 0.89476 100 40 1.94501 100 23 0 0 0 -2.29524 100 23 0 0 0 0 0 0 0 0 0 0 0
37900 -204.142 0 0 0 0.930534 100 34 0.77701 100 22 0 0 0 -2.3823 100 15 0 0 0 0 0 0 0 0 0 0 0
38000 -203.55 0 0 0 0.93758 100 39 2.04596 100 28 0 0 0 -2.51151 100 21 0 0 0 0 0 0 0 0 0 0 0
38100 -203.663 0 0 0 1.01019 100 45 3.18773 100 22 0 0 0 -2.57052 100 22 0 0 0 0 0 0 0 0 0 0 0
38200 -204.966 0 0 0 0.706467 100 34 4.31535 100 18 0 0 0 -2.645 100 24 0 0 0 0 0 0 0 0 0 0 0
38300 -205.097 0 0 0 1.65985 100 40 5.03159 100 26 0 0 0 -3.15451 100 24 0 0 0 0 0 0 0 0 0 0 0
38400 -204.358 0 0 0 1.46764 100 43 2.93829 100 25 0 0 0 -2.82786 100 29 0 0 0 0 0 0 0 0 0 0 0
38500 -205.381 0 0 0 0.981296 100 38 3.86773 100 26 0 0 0 -2.4482 100 27 0 0 0 0 0 0 0 0 0 0 0
38600 -205.234 0 0 0 0.185998 100 39 2.40674 100 27 0 0 0 -2.28475 100 21 0 0 0 0 0 0 0 0 0 0 0
38700 -204.438 0 0 0 1.29527 100 38 3.14991 100 24 0 0 0 -2.88567 100 24 0 0 0 0 0 0 0 0 0 0 0
38800 -204.576 0 0 0 1.35569 100 31 2.37729 100 21 0 0 0 -2.79871 100 21 0 0 0 0 0 0 0 0 0 0 0
38900 -204.406 0 0 0 1.32943 100 42 1.77054 100 18 0 0 0 -2.56634 100 22 0 0 0 0 0 0 0 0 0 0 0
39000 -205.38 0 0 0 0.750481 100 43 4.73577 100 22 0 0 0 -2.68898 100 22 0 0 0 0 0 0 0 0 0 0 0
39100 -204.281 0 0 0 0.413208 100 34 2.42772 100 32 0 0 0 -2.39479 100 12 0 0 0 0 0 0 0 0 0 0 0
39200 -203.824 0 0 0 0.93762 100 45 3.18199 100 21 0 0 0 -2.51779 100 13 0 0 0 0 0 0 0 0 0 0 0
39300 -203.538 0 0 0 0.926385 100 40 2.56752 100 16 0 0 0 -2.58413 100 23 0 0 0 0 0 0 0 0 0 0 0
39400 -204.087 0 0 0 1.37099 100 40 4.09491 100 18 0 0 0 -2.9051 100 25 0 0 0 0 0 0 0 0 0 0 0
39500 -203.623 0 0 0 0.844822 100 45 2.60356 100 21 0 0 0 -2.59096 100 18 0 0 0 0 0 0 0 0 0 0 0
39600 -203.626 0 0 0 1.0388 100 35 2.27392 100 18 0 0 0 -2.59929 100 18 0 0 0 0 0 0 0 0 0 0 0
39700 -203.641 0 0 0 1.03697 100 35 1.98236 100 18 0 0 0 -2.51587 100 31 0 0 0 0 0 0 0 0 0 0 0
39800 -204.482 0 0 0 0.79945 100 38 0.702185 100 14 0 0 0 -2.49017 100 16 0 0 0 0 0 0 0 0 0 0 0
39900 -204.117 0 0 0 1.35283 100 39 4.38758 100 20 0 0 0 -2.78028 100 23 0 0 0 0 0 0 0 0 0 0 0
40000 -204.547 0 0 0 1.64929 100 40 3.96974 100 16 0 0 0 -2.96304 100 23 0 0 0 0 0 0 0 0 0 0 0
40100 -203.907 0 0 0 0.981938 100 33 1.39746 100 23 0 0 0 -2.38857 100 18 0 0 0 0 0 0 0 0 0 0 0
40200 -204.616 0 0 0 0.278321 100 35 -0.0746657 100 30 0 0 0 -2.15412 100 27 0 0 0 0 0 0 0 0 0 0 0
40300 -205.755 0 0 0 -0.0859846 100 42 1.48354 100 23 0 0 0 -2.16553 100 24 0 0 0 0 0 0 0 0 0 0 0
40400 -205.611 0 0 0 0.245195 100 34 0.623812 100 14 0 0 0 -2.45079 100 19 0 0 0 0 0 0 0 0 0 0 0
40500 -205.162 0 0 0 1.60051 100 34 4.95279 100 25 0 0 0 -3.15594 100 16 0 0 0 0 0 0 0 0 0 0 0
40600 -205.347 0 0 0 0.247066 100 40 0.453776 100 20 0 0 0 -2.40079 100 22 0 0 0 0 0 0 0 0 0 0 0
40700 -203.581 0 0 0 0.836181 100 35 2.53674 100 21 0 0 0 -2.48003 100 25 0 0 0 0 0 0 0 0 0 0 0
40800 -204.12 0 0 0 1.2141 100 41 2.3904 100 23 0 0 0 -2.47863 100 31 0 0 0 0 0 0 0 0 0 0 0
40900 -205.342 0 0 0 1.81262 100 39 3.64169 100 21 0 0 0 -2.80213 100 27 0 0 0 0 0 0 0 0 0 0 0
41000 -204.089 0 0 0 1.20873 100 35 2.27546 100 22 0 0 0 -2.47804 100 21 0 0 0 0 0 0 0 0 0 0 0
41100 -203.719 0 0 0 1.21812 100 31 2.79218 100 21 0 0 0 -2.69153 100 19 0 0 0 0 0 0 0 0 0 0 0
41200 -205.648 0 0 0 1.77816 100 34 6.24779 100 21 0 0 0 -3.25 100 19 0 0 0 0 0 0 0 0 0 0 0
41300 -206.651 0 0 0 1.10006 100 28 -0.484283 100 28 0 0 0 -2.17181 100 23 0 0 0 0 0 0 0 0 0 0 0
41400 -204.351 0 0 0 0.699745 100 39 1.81862 100 20 0 0 0 -2.23873 100 24 0 0 0 0 0 0 0 0 0 0 0
41500 -204.455 0 0 0 1.01749 100 36 0.617947 100 12 0 0 0 -2.38391 100 26 0 0 0 0 0 0 0 0 0 0 0
41600 -203.6 0 0 0 0.976792 100 42 3.12684 100 22 0 0 0 -2.58665 100 15 0 0 0 0 0 0 0 0 0 0 0
41700 -207.715 0 0 0 0.680558 100 33 5.58244 100 17 0 0 0 -3.07612 100 26 0 0 0 0 0 0 0 0 0 0 0
41800 -206.953 0 0 0 1.52756 100 42 2.59437 100 18 0 0 0 -3.07471 100 30 0 0 0 0 0 0 0 0 0 0 0
41900 -206.46 0 0 0 0.868933 100 29 4.76597 100 18 0 0 0 -3.06368 100 23 0 0 0 0 0 0 0 0 0 0 0
42000 -204.483 0 0 0 1.14331 100 35 3.47645 100 19 0 0 0 -2.89732 100 24 0 0 0 0 0 0 0 0 0 0 0
42100 -203.976 0 0 0 0.606955 100 40 2.62692 100 20 0 0 0 -2.55113 100 21 0 0 0 0 0 0 0 0 0 0 0
42200 -204.865 0 0 0 0.0810306 100 43 0.810807 100 25 0 0 0 -2.17198 100 30 0 0 0 0 0 0 0 0 0 0 0
42300 -205.497 0 0 0 0.803151 100 41 -0.579289 100 18 0 0 0 -2.12393 100 26 0 0 0 0 0 0 0 0 0 0 0
42400 -204.912 0 0 0 0.793 100 41 4.08902 100 25 0 0 0 -2.54105 100 29 0 0 0 0 0 0 0 0 0 0 0
42500 -204.334 0 0 0 1.32791 100 35 3.09371 100 23 0 0 0 -2.86565 100 24 0 0 0 0 0 0 0 0 0 0 0
42600 -204.286 0 0 0 0.589292 100 46 0.382218 100 26 0 0 0 -2.17493 100 26 0 0 0 0 0 0 0 0 0 0 0
42700 -204.472 0 0 0 1.26896 100 46 3.8184 100 17 0 0 0 -2.58682 100 25 0 0 0 0 0 0 0 0 0 0 0
42800 -205.117 0 0 0 1.72729 100 39 2.96533 100 23 0 0 0 -2.81406 100 21 0 0 0 0 0 0 0 0 0 0 0
42900 -204.041 0 0 0 0.644807 100 38 3.11683 100 25 0 0 0 -2.552 100 19 0 0 0 0 0 0 0 0 0 0 0
43000 -207.066 0 0 0 0.386612 100 31 -0.975178 100 24 0 0 0 -1.81743 100 23 0 0 0 0 0 0 0 0 0 0 0
43100 -204.99 0 0 0 1.41047 100 44 3.11476 100 24 0 0 0 -2.51812 100 29 0 0 0 0 0 0 0 0 0 0 0
43200 -204.944 0 0 0 0.710637 100 29 -0.150046 100 21 0 0 0 -2.37681 100 22 0 0 0 0 0 0 0 0 0 0 0
43300 -206.957 0 0 0 1.45488 100 33 7.05987 100 21 0 0 0 -3.26747 100 30 0 0 0 0 0 0 0 0 0 0 0
43400 -204.15 0 0 0 1.5074 100 40 4.35561 100 19 0 0 0 -2.87185 100 23 0 0 0 0 0 0 0 0 0 0 0
43500 -205.589 0 0 0 0.685589 100 41 0.187184 100 25 0 0 0 -2.52343 100 26 0 0 0 0 0 0 0 0 0 0 0
43600 -204.816 0 0 0 0.68612 100 35 -0.413263 100 21 0 0 0 -2.22319 100 25 0 0 0 0 0 0 0 0 0 0 0
43700 -205.105 0 0 0 0.37321 100 42 3.39984 100 16 0 0 0 -2.51189 100 26 0 0 0 0 0 0 0 0 0 0 0
43800 -207.059 0 0 0 1.67485 100 42 6.8628 100 23 0 0 0 -3.0311 100 23 0 0 0 0 0 0 0 0 0 0 0
43900 -206.996 0 0 0 1.38121 100 29 6.04782 100 21 0 0 0 -2.79582 100 23 0 0 0 0 0 0 0 0 0 0 0
44000 -205.686 0 0 0 1.175 100 40 2.7724 100 20 0 0 0 -2.33496 100 27 0 0 0 0 0 0 0 0 0 0 0
44100 -204.958 0 0 0 1.31439 100 38 1.68047 100 24 0 0 0 -2.73581 100 24 0 0 0 0 0 0 0 0 0 0 0
44200 -203.935 0 0 0 1.35502 100 35 3.91772 100 30 0 0 0 -2.73803 100 22 0 0 0 0 0 0 0 0 0 0 0
44300 -203.96 0 0 0 1.44083 100 40 3.59828 100 23 0 0 0 -2.77241 100 18 0 0 0 0 0 0 0 0 0 0 0
44400 -204.971 0 0 0 1.76183 100 47 4.4675 100 23 0 0 0 -3.08146 100 32 0 0 0 0 0 0 0 0 0 0 0
44500 -203.954 0 0 0 0.940415 100 41 2.97591 100 18 0 0 0 -2.72999 100 20 0 0 0 0 0 0 0 0 0 0 0
44600 -203.817 0 0 0 1.00502 100 37 3.415 100 18 0 0 0 -2.56927 100 16 0 0 0 0 0 0 0 0 0 0 0
44700 -203.921 0 0 0 0.635059 100 33 2.6408 100 19 0 0 0 -2.42511 100 19 0 0 0 0 0 0 0 0 0 0 0
44800 -205.975 0 0 0 1.05498 100 35 5.01485 100 19 0 0 0 -3.09728 100 23 0 0 0 0 0 0 0 0 0 0 0
44900 -205.139 0 0 0 0.617101 100 39 -0.190107 100 20 0 0 0 -2.38949 100 25 0 0 0 0 0 0 0 0 0 0 0
45000 -203.923 0 0 0 0.681402 100 44 1.32553 100 18 0 0 0 -2.26762 100 22 0 0 0 0 0 0 0 0 0 0 0
45100 -204.241 0 0 0 1.43048 100 39 2.56634 100 26 0 0 0 -2.65229 100 29 0 0 0 0 0 0 0 0 0 0 0
45200 -206.258 0 0 0 1.564 100 36 2.06537 100 22 0 0 0 -2.93117 100 21 0 0 0 0 0 0 0 0 0 0 0
45300 -204.672 0 0 0 1.67023 100 42 5.12111 100 23 0 0 0 -3.04593 100 22 0 0 0 0 0 0 0 0 0 0 0
45400 -205.16 0 0 0 1.35357 100 36 5.41026 100 14 0 0 0 -2.83243 100 23 0 0 0 0 0 0 0 0 0 0 0
45500 -204.26 0 0 0 0.473229 100 48 1.88659 100 25 0 0 0 -2.25755 100 33 0 0 0 0 0 0 0 0 0 0 0
45600 -206.626 0 0 0 1.571 100 40 4.11461 100 22 0 0 0 -3.22909 100 29 0 0 0 0 0 0 0 0 0 0 0
45700 -207.037 0 0 0 0.579055 100 36 -1.37439 100 19 0 0 0 -2.37281 100 33 0 0 0 0 0 0 0 0 0 0 0
45800 -204.13 0 0 0 0.524573 100 39 2.73508 100 24 0 0 0 -2.50465 100 23 0 0 0 0 0 0 0 0 0 0 0
45900 -205.356 0 0 0 -0.000804902 100 38 1.34637 100 22 0 0 0 -2.31597 100 21 0 0 0 0 0 0 0 0 0 0 0
46000 -205.803 0 0 0 1.0547 100 37 2.00169 100 21 0 0 0 -2.22382 100 18 0 0 0 0 0 0 0 0 0 0 0
46100 -205.696 0 0 0 1.9658 100 34 5.95557 100 22 0 0 0 -3.11226 100 19 0 0 0 0 0 0 0 0 0 0 0
46200 -205.198 0 0 0 1.28252 100 38 4.64773 100 25 0 0 0 -2.64654 100 16 0 0 0 0 0 0 0 0 0 0 0
46300 -203.68 0 0 0 0.784335 100 38 2.87488 100 35 0 0 0 -2.56139 100 30 0 0 0 0 0 0 0 0 0 0 0
46400 -204.519 0 0 0 0.923259 100 31 0.311549 100 28 0 0 0 -2.34231 100 23 0 0 0 0 0 0 0 0 0 0 0
46500 -207.476 0 0 0 0.578436 100 34 2.12508 100 29 0 0 0 -2.86864 100 29 0 0 0 0 0 0 0 0 0 0 0
46600 -207.529 0 0 0 1.61448 100 36 7.60494 100 22 0 0 0 -3.34063 100 29 0 0 0 0 0 0 0 0 0 0 0
46700 -205.917 0 0 0 0.416982 100 32 0.065993 100 30 0 0 0 -1.936 100 25 0 0 0 0 0 0 0 0 0 0 0
46800 -204.715 0 0 0 0.30087 100 34 2.60006 100 16 0 0 0 -2.42636 100 27 0 0 0 0 0 0 0 0 0 0 0
46900 -203.794 0 0 0 1.30151 100 39 3.0314 100 11 0 0 0 -2.72917 100 23 0 0 0 0 0 0 0 0 0 0 0
47000 -204.407 0 0 0 0.763291 100 39 1.17781 100 17 0 0 0 -2.55287 100 18 0 0 0 0 0 0 0 0 0 0 0
47100 -203.563 0 0 0 1.04155 100 43 3.04723 100 30 0 0 0 -2.64833 100 21 0 0 0 0 0 0 0 0 0 0 0
47200 -206.095 0 0 0 0.304847 100 38 2.24865 100 22 0 0 0 -2.67111 100 20 0 0 0 0 0 0 0 0 0 0 0
47300 -204.315 0 0 0 1.45325 100 42 4.06486 100 25 0 0 0 -2.95776 100 26 0 0 0 0 0 0 0 0 0 0 0
47400 -203.898 0 0 0 0.665285 100 30 2.93558 100 22 0 0 0 -2.52513 100 20 0 0 0 0 0 0 0 0 0 0 0
47500 -203.837 0 0 0 0.72128 100 45 1.3216 100 14 0 0 0 -2.29561 100 31 0 0 0 0 0 0 0 0 0 0 0
47600 -205.332 0 0 0 0.75572 100 37 1.21713 100 25 0 0 0 -2.66022 100 26 0 0 0 0 0 0 0 0 0 0 0
47700 -205.488 0 0 0 1.04641 100 50 3.94799 100 24 0 0 0 -3.00859 100 23 0 0 0 0 0 0 0 0 0 0 0
47800 -208.843 0 0 0 1.37994 100 42 7.36169 100 19 0 0 0 -3.48022 100 31 0 0 0 0 0 0 0 0 0 0 0
47900 -205.539 0 0 0 0.701547 100 39 1.8332 100 24 0 0 0 -2.13504 100 26 0 0 0 0 0 0 0 0 0 0 0
48000 -204.462 0 0 0 0.22995 100 35 1.18797 100 28 0 0 0 -2.29712 100 34 0 0 0 0 0 0 0 0 0 0 0
48100 -205.241 0 0 0 0.262997 100 39 1.64602 100 21 0 0 0 -2.51648 100 28 0 0 0 0 0 0 0 0 0 0 0
48200 -204.392 0 0 0 1.15508 100 39 2.15553 100 27 0 0 0 -2.39763 100 15 0 0 0 0 0 0 0 0 0 0 0
48300 -203.874 0 0 0 0.629521 100 47 1.56563 100 20 0 0 0 -2.2877 100 28 0 0 0 0 0 0 0 0 0 0 0
48400 -206.786 0 0 0 0.175941 100 32 -1.17898 100 24 0 0 0 -2.28793 100 32 0 0 0 0 0 0 0 0 0 0 0
48500 -205.273 0 0 0 0.6157 100 32 -0.602399 100 27 0 0 0 -2.06125 100 18 0 0 0 0 0 0 0 0 0 0 0
48600 -206.857 0 0 0 0.243527 100 34 -2.25591 100 17 0 0 0 -2.06709 100 21 0 0 0 0 0 0 0 0 0 0 0
48700 -203.71 0 0 0 1.10965 100 40 2.77909 100 23 0 0 0 -2.6984 100 17 0 0 0 0 0 0 0 0 0 0 0
48800 -205.736 0 0 0 0.855826 100 31 -0.9034 100 19 0 0 0 -2.24409 100 31 0 0 0 0 0 0 0 0 0 0 0
48900 -204.032 0 0 0 1.05222 100 33 3.90383 100 21 0 0 0 -2.81108 100 25 0 0 0 0 0 0 0 0 0 0 0
49000 -207.677 0 0 0 1.46764 100 33 6.09884 100 19 0 0 0 -3.41878 100 21 0 0 0 0 0 0 0 0 0 0 0
49100 -205.554 0 0 0 0.381201 100 37 2.60321 100 21 0 0 0 -2.67434 100 24 0 0 0 0 0 0 0 0 0 0 0
49200 -205.482 0 0 0 0.415258 100 30 -0.909563 100 27 0 0 0 -1.98526 100 18 0 0 0 0 0 0 0 0 0 0 0
49300 -205.445 0 0 0 1.76172 100 31 4.61659 100 28 0 0 0 -3.17408 100 21 0 0 0 0 0 0 0 0 0 0 0
49400 -205.14 0 0 0 0.741582 100 39 2.21682 100 27 0 0 0 -2.74948 100 29 0 0 0 0 0 0 0 0 0 0 0
49500 -205.541 0 0 0 1.48747 100 36 6.15736 100 21 0 0 0 -3.14502 100 21 0 0 0 0 0 0 0 0 0 0 0
49600 -204.418 0 0 0 1.56888 100 39 3.20759 100 18 0 0 0 -2.7374 100 22 0 0 0 0 0 0 0 0 0 0 0
49700 -203.593 0 0 0 0.809963 100 38 1.84539 100 22 0 0 0 -2.40938 100 23 0 0 0 0 0 0 0 0 0 0 0
49800 -205.828 0 0 0 0.147967 100 41 2.17308 100 25 0 0 0 -2.16393 100 27 0 0 0 0 0 0 0 0 0 0 0
49900 -205.924 0 0 0 0.946614 100 38 2.17544 100 18 0 0 0 -2.19594 100 23 0 0 0 0 0 0 0 0 0 0 0
50000 -205.025 0 0 0 0.0770224 100 42 1.605 100 18 0 0 0 -2.26063 100 20 0 0 0 0 0 0 0 0 0 0 0
50100 -207.543 0 0 0 0.256004 100 29 0.392981 100 15 0 0 0 -1.83119 100 13 0 0 0 0 0 0 0 0 0 0 0
50200 -204.913 0 0 0 1.26577 100 42 4.02475 100 22 0 0 0 -3.01414 100 32 0 0 0 0 0 0 0 0 0 0 0
50300 -204.921 0 0 0 0.51735 100 49 3.41925 100 22 0 0 0 -2.43933 100 21 0 0 0 0 0 0 0 0 0 0 0
50400 -203.798 0 0 0 0.663603 100 35 1.10568 100 24 0 0 0 -2.31197 100 29 0 0 0 0 0 0 0 0 0 0 0
50500 -204.159 0 0 0 0.692851 100 41 1.53183 100 14 0 0 0 -2.54622 100 24 0 0 0 0 0 0 0 0 0 0 0
50600 -205.457 0 0 0 1.12659 100 37 1.89247 100 21 0 0 0 -2.26947 100 25 0 0 0 0 0 0 0 0 0 0 0
50700 -204.45 0 0 0 0.523336 100 38 2.6425 100 21 0 0 0 -2.60415 100 20 0 0 0 0 0 0 0 0 0 0 0
50800 -205.471 0 0 0 1.78531 100 40 3.98404 100 20 0 0 0 -2.76393 100 20 0 0 0 0 0 0 0 0 0 0 0
50900 -203.575 0 0 0 1.0565 100 38 3.1122 100 20 0 0 0 -2.66016 100 20 0 0 0 0 0 0 0 0 0 0 0
51000 -206.122 0 0 0 1.11809 100 39 2.13506 100 15 0 0 0 -2.2356 100 28 0 0 0 0 0 0 0 0 0 0 0
51100 -203.98 0 0 0 0.633649 100 35 0.905074 100 27 0 0 0 -2.39147 100 34 0 0 0 0 0 0 0 0 0 0 0
51200 -203.975 0 0 0 1.15101 100 47 3.63082 100 23 0 0 0 -2.59882 100 31 0 0 0 0 0 0 0 0 0 0 0
51300 -203.918 0 0 0 0.759196 100 44 3.17857 100 27 0 0 0 -2.51629 100 27 0 0 0 0 0 0 0 0 0 0 0
51400 -204.133 0 0 0 1.15688 100 42 2.67435 100 21 0 0 0 -2.46355 100 30 0 0 0 0 0 0 0 0 0 0 0
51500 -204.719 0 0 0 0.730383 100 36 3.89079 100 22 0 0 0 -2.77521 100 18 0 0 0 0 0 0 0 0 0 0 0
51600 -204.686 0 0 0 1.18265 100 38 2.62928 100 21 0 0 0 -2.40635 100 29 0 0 0 0 0 0 0 0 0 0 0
51700 -205.385 0 0 0 0.674579 100 45 1.05984 100 31 0 0 0 -2.62541 100 26 0 0 0 0 0 0 0 0 0 0 0
51800 -206.744 0 0 0 1.52483 100 31 6.95078 100 19 0 0 0 -3.10764 100 23 0 0 0 0 0 0 0 0 0 0 0
51900 -207.001 0 0 0 0.858155 100 35 5.19045 100 20 0 0 0 -3.11312 100 27 0 0 0 0 0 0 0 0 0 0 0
52000 -205.522 0 0 0 1.51809 100 50 2.75601 100 19 0 0 0 -2.51014 100 29 0 0 0 0 0 0 0 0 0 0 0
52100 -203.745 0 0 0 1.04455 100 33 3.14399 100 19 0 0 0 -2.72659 100 29 0 0 0 0 0 0 0 0 0 0 0
52200 -204.642 0 0 0 0.685485 100 34 -0.232546 100 22 0 0 0 -2.23383 100 23 0 0 0 0 0 0 0 0 0 0 0
52300 -204.803 0 0 0 0.416702 100 41 0.327229 100 20 0 0 0 -2.05854 100 27 0 0 0 0 0 0 0 0 0 0 0
52400 -205.574 0 0 0 0.416945 100 42 -0.08805 100 17 0 0 0 -2.41324 100 28 0 0 0 0 0 0 0 0 0 0 0
52500 -206.623 0 0 0 1.55927 100 40 3.34621 100 33 0 0 0 -3.14526 100 23 0 0 0 0 0 0 0 0 0 0 0
52600 -204.037 0 0 0 0.672668 100 33 0.833368 100 12 0 0 0 -2.23731 100 27 0 0 0 0 0 0 0 0 0 0 0
52700 -204.036 0 0 0 1.34049 100 41 2.78234 100 23 0 0 0 -2.59683 100 20 0 0 0 0 0 0 0 0 0 0 0
52800 -211.605 0 0 0 1.47228 100 45 1.06118 100 20 0 0 0 -3.15339 100 22 0 0 0 0 0 0 0 0 0 0 0
52900 -207.183 0 0 0 0.901982 100 42 0.233198 100 17 0 0 0 -2.70221 100 28 0 0 0 0 0 0 0 0 0 0 0
53000 -204.972 0 0 0 1.67633 100 41 3.26795 100 13 0 0 0 -2.72082 100 19 0 0 0 0 0 0 0 0 0 0 0
53100 -207.786 0 0 0 1.26061 100 40 4.87626 100 29 0 0 0 -2.50443 100 33 0 0 0 0 0 0 0 0 0 0 0
53200 -205.778 0 0 0 1.56079 100 34 3.00481 100 27 0 0 0 -2.52489 100 27 0 0 0 0 0 0 0 0 0 0 0
53300 -204.969 0 0 0 1.19159 100 31 2.47246 100 23 0 0 0 -2.8588 100 21 0 0 0 0 0 0 0 0 0 0 0
53400 -204.13 0 0 0 0.87536 100 37 3.49213 100 22 0 0 0 -2.51744 100 23 0 0 0 0 0 0 0 0 0 0 0
53500 -209.224 0 0 0 -0.421347 100 41 -3.43867 100 24 0 0 0 -1.79405 100 19 0 0 0 0 0 0 0 0 0 0 0
53600 -204.848 0 0 0 0.627859 100 37 0.13472 100 19 0 0 0 -2.09188 100 20 0 0 0 0 0 0 0 0 0 0 0
53700 -204.398 0 0 0 0.812452 100 38 0.47334 100 20 0 0 0 -2.42285 100 25 0 0 0 0 0 0 0 0 0 0 0
53800 -206.113 0 0 0 0.91423 100 41 3.99522 100 19 0 0 0 -2.40842 100 23 0 0 0 0 0 0 0 0 0 0 0
53900 -204.298 0 0 0 1.25051 100 43 4.38252 100 25 0 0 0 -2.93518 100 22 0 0 0 0 0 0 0 0 0 0 0
54000 -206.929 0 0 0 0.58386 100 38 -1.97913 100 19 0 0 0 -1.95777 100 17 0 0 0 0 0 0 0 0 0 0 0
54100 -203.706 0 0 0 1.10364 100 36 2.32103 100 23 0 0 0 -2.63119 100 24 0 0 0 0 0 0 0 0 0 0 0
54200 -204.255 0 0 0 0.69591 100 42 3.2528 100 15 0 0 0 -2.67926 100 15 0 0 0 0 0 0 0 0 0 0 0
54300 -204.114 0 0 0 0.682969 100 27 0.76512 100 25 0 0 0 -2.22307 100 24 0 0 0 0 0 0 0 0 0 0 0
54400 -204.782 0 0 0 0.944147 100 36 1.75646 100 23 0 0 0 -2.24884 100 17 0 0 0 0 0 0 0 0 0 0 0
54500 -205.342 0 0 0 1.92799 100 36 4.29814 100 21 0 0 0 -2.98084 100 23 0 0 0 0 0 0 0 0 0 0 0
54600 -204.715 0 0 0 0.155668 100 44 1.51591 100 21 0 0 0 -2.2923 100 21 0 0 0 0 0 0 0 0 0 0 0
54700 -204.324 0 0 0 1.61626 100 47 4.17813 100 27 0 0 0 -2.88532 100 22 0 0 0 0 0 0 0 0 0 0 0
54800 -205.036 0 0 0 1.29842 100 33 4.3589 100 19 0 0 0 -2.61603 100 18 0 0 0 0 0 0 0 0 0 0 0
54900 -203.938 0 0 0 1.2988 100 36 2.45801 100 17 0 0 0 -2.66893 100 23 0 0 0 0 0 0 0 0 0 0 0
55000 -204.658 0 0 0 1.2385 100 39 4.10879 100 23 0 0 0 -2.60049 100 33 0 0 0 0 0 0 0 0 0 0 0
55100 -206.722 0 0 0 -0.314685 100 41 1.2676 100 31 0 0 0 -2.25629 100 21 0 0 0 0 0 0 0 0 0 0 0
55200 -206.912 0 0 0 -0.390045 100 34 0.360435 100 22 0 0 0 -2.17548 100 26 0 0 0 0 0 0 0 0 0 0 0
55300 -203.931 0 0 0 1.00562 100 36 1.44444 100 22 0 0 0 -2.52863 100 26 0 0 0 0 0 0 0 0 0 0 0
55400 -205.137 0 0 0 1.40876 100 35 4.01488 100 24 0 0 0 -3.06412 100 13 0 0 0 0 0 0 0 0 0 0 0
55500 -204.489 0 0 0 1.64412 100 44 4.73861 100 18 0 0 0 -2.9947 100 25 0 0 0 0 0 0 0 0 0 0 0
55600 -203.728 0 0 0 0.678671 100 30 1.25171 100 22 0 0 0 -2.35072 100 17 0 0 0 0 0 0 0 0 0 0 0
55700 -203.883 0 0 0 1.05912 100 31 1.54561 100 16 0 0 0 -2.45606 100 19 0 0 0 0 0 0 0 0 0 0 0
55800 -204.803 0 0 0 0.453047 100 32 2.75802 100 25 0 0 0 -2.62203 100 26 0 0 0 0 0 0 0 0 0 0 0
55900 -205.119 0 0 0 1.60057 100 31 5.52389 100 26 0 0 0 -3.15797 100 21 0 0 0 0 0 0 0 0 0 0 0
56000 -203.993 0 0 0 0.701856 100 41 2.09851 100 23 0 0 0 -2.58299 100 24 0 0 0 0 0 0 0 0 0 0 0
56100 -203.928 0 0 0 0.785267 100 44 0.859005 100 22 0 0 0 -2.37458 100 24 0 0 0 0 0 0 0 0 0 0 0
56200 -203.821 0 0 0 1.03301 100 30 1.57451 100 21 0 0 0 -2.45435 100 27 0 0 0 0 0 0 0 0 0 0 0
56300 -209.03 0 0 0 0.371097 100 42 -3.43584 100 29 0 0 0 -2.07057 100 22 0 0 0 0 0 0 0 0 0 0 0
56400 -204.118 0 0 0 0.650662 100 39 2.93719 100 25 0 0 0 -2.62126 100 26 0 0 0 0 0 0 0 0 0 0 0
56500 -204.078 0 0 0 0.808574 100 32 0.997708 100 26 0 0 0 -2.26814 100 18 0 0 0 0 0 0 0 0 0 0 0
56600 -204.921 0 0 0 1.15795 100 31 0.977639 100 20 0 0 0 -2.33157 100 19 0 0 0 0 0 0 0 0 0 0 0
56700 -203.664 0 0 0 0.662394 100 41 1.59202 100 13 0 0 0 -2.39153 100 18 0 0 0 0 0 0 0 0 0 0 0
56800 -208.71 0 0 0 1.08103 100 33 5.43876 100 20 0 0 0 -3.34226 100 16 0 0 0 0 0 0 0 0 0 0 0
56900 -205.866 0 0 0 -0.0130097 100 30 -0.275176 100 22 0 0 0 -2.23696 100 27 0 0 0 0 0 0 0 0 0 0 0
57000 -203.783 0 0 0 0.623011 100 44 2.20937 100 18 0 0 0 -2.49286 100 23 0 0 0 0 0 0 0 0 0 0 0
57100 -203.743 0 0 0 1.21056 100 34 3.4582 100 17 0 0 0 -2.76885 100 10 0 0 0 0 0 0 0 0 0 0 0
57200 -204.083 0 0 0 1.42135 100 39 2.92467 100 24 0 0 0 -2.66982 100 27 0 0 0 0 0 0 0 0 0 0 0
57300 -203.704 0 0 0 1.14673 100 31 3.54801 100 20 0 0 0 -2.65942 100 25 0 0 0 0 0 0 0 0 0 0 0
57400 -205.461 0 0 0 0.450502 100 31 -1.09243 100 22 0 0 0 -2.02526 100 19 0 0 0 0 0 0 0 0 0 0 0
57500 -204.44 0 0 0 1.48263 100 37 2.52622 100 20 0 0 0 -2.66101 100 17 0 0 0 0 0 0 0 0 0 0 0
57600 -204.499 0 0 0 0.526973 100 44 3.10883 100 19 0 0 0 -2.43718 100 21 0 0 0 0 0 0 0 0 0 0 0
57700 -204.78 0 0 0 0.224101 100 40 1.46302 100 24 0 0 0 -2.17227 100 28 0 0 0 0 0 0 0 0 0 0 0
57800 -207.063 0 0 0 -0.302211 100 40 1.24331 100 21 0 0 0 -2.34441 100 16 0 0 0 0 0 0 0 0 0 0 0
57900 -205.151 0 0 0 1.74081 100 40 3.8811 100 18 0 0 0 -2.76647 100 21 0 0 0 0 0 0 0 0 0 0 0
58000 -203.915 0 0 0 1.02109 100 38 3.92715 100 19 0 0 0 -2.74281 100 31 0 0 0 0 0 0 0 0 0 0 0
58100 -206.469 0 0 0 1.63333 100 38 5.43444 100 15 0 0 0 -3.32964 100 28 0 0 0 0 0 0 0 0 0 0 0
58200 -203.933 0 0 0 1.42615 100 39 3.53189 100 26 0 0 0 -2.783 100 29 0 0 0 0 0 0 0 0 0 0 0
58300 -205.414 0 0 0 0.648241 100 45 -0.704434 100 20 0 0 0 -2.06266 100 26 0 0 0 0 0 0 0 0 0 0 0
58400 -204.79 0 0 0 1.49465 100 33 5.35106 100 22 0 0 0 -2.91292 100 20 0 0 0 0 0 0 0 0 0 0 0
58500 -204.102 0 0 0 0.984526 100 47 2.68716 100 19 0 0 0 -2.41083 100 17 0 0 0 0 0 0 0 0 0 0 0
58600 -203.632 0 0 0 1.17252 100 38 2.73655 100 19 0 0 0 -2.60233 100 20 0 0 0 0 0 0 0 0 0 0 0
58700 -206.097 0 0 0 0.333069 100 35 2.98834 100 26 0 0 0 -2.2471 100 22 0 0 0 0 0 0 0 0 0 0 0
58800 -205.768 0 0 0 0.36108 100 37 -0.36739 100 17 0 0 0 -1.92716 100 28 0 0 0 0 0 0 0 0 0 0 0
58900 -204.534 0 0 0 0.791824 100 36 2.8864 100 27 0 0 0 -2.75655 100 20 0 0 0 0 0 0 0 0 0 0 0
59000 -210.452 0 0 0 0.187679 100 40 4.47033 100 20 0 0 0 -3.05235 100 23 0 0 0 0 0 0 0 0 0 0 0
59100 -203.729 0 0 0 1.02659 100 37 3.42334 100 27 0 0 0 -2.72084 100 25 0 0 0 0 0 0 0 0 0 0 0
59200 -204.058 0 0 0 0.528221 100 44 2.05612 100 22 0 0 0 -2.50351 100 29 0 0 0 0 0 0 0 0 0 0 0
59300 -204.744 0 0 0 0.366002 100 43 -0.409654 100 16 0 0 0 -2.1116 100 23 0 0 0 0 0 0 0 0 0 0 0
59400 -205.448 0 0 0 0.714785 100 37 -0.940223 100 18 0 0 0 -2.17857 100 22 0 0 0 0 0 0 0 0 0 0 0
59500 -205.141 0 0 0 0.261802 100 31 -0.824335 100 19 0 0 0 -2.10748 100 25 0 0 0 0 0 0 0 0 0 0 0
59600 -204.467 0 0 0 0.4137 100 43 1.47964 100 20 0 0 0 -2.47275 100 30 0 0 0 0 0 0 0 0 0 0 0
59700 -204.334 0 0 0 1.11582 100 36 1.34197 100 13 0 0 0 -2.58778 100 27 0 0 0 0 0 0 0 0 0 0 0
59800 -205.367 0 0 0 0.543605 100 37 3.84932 100 17 0 0 0 -2.76086 100 17 0 0 0 0 0 0 0 0 0 0 0
59900 -204.014 0 0 0 1.06199 100 36 2.52869 100 23 0 0 0 -2.43166 100 29 0 0 0 0 0 0 0 0 0 0 0
60000 -203.919 0 0 0 0.702267 100 33 2.40702 100 23 0 0 0 -2.3696 100 24 0 0 0 0 0 0 0 0 0 0 0
60100 -203.787 0 0 0 1.19056 100 44 2.56903 100 23 0 0 0 -2.68749 100 24 0 0 0 0 0 0 0 0 0 0 0
60200 -205.058 0 0 0 1.72349 100 45 4.88199 100 23 0 0 0 -2.86518 100 25 0 0 0 0 0 0 0 0 0 0 0
60300 -205.105 0 0 0 0.363096 100 40 -0.288367 100 29 0 0 0 -2.00634 100 21 0 0 0 0 0 0 0 0 0 0 0
60400 -203.696 0 0 0 0.765844 100 41 2.12408 100 18 0 0 0 -2.38512 100 23 0 0 0 0 0 0 0 0 0 0 0
60500 -203.916 0 0 0 0.942005 100 34 1.84725 100 19 0 0 0 -2.3606 100 26 0 0 0 0 0 0 0 0 0 0 0
60600 -208.33 0 0 0 1.71776 100 44 6.46305 100 20 0 0 0 -2.85053 100 24 0 0 0 0 0 0 0 0 0 0 0
60700 -206.129 0 0 0 1.28149 100 38 5.44008 100 20 0 0 0 -3.20385 100 18 0 0 0 0 0 0 0 0 0 0 0
60800 -204.512 0 0 0 1.07598 100 34 1.33917 100 19 0 0 0 -2.62627 100 27 0 0 0 0 0 0 0 0 0 0 0
60900 -205.929 0 0 0 0.875709 100 41 4.19856 100 15 0 0 0 -2.45629 100 21 0 0 0 0 0 0 0 0 0 0 0
61000 -208.014 0 0 0 -0.126401 100 41 2.01059 100 21 0 0 0 -2.60744 100 18 0 0 0 0 0 0 0 0 0 0 0
61100 -205.011 0 0 0 0.881367 100 38 4.70564 100 26 0 0 0 -2.87079 100 20 0 0 0 0 0 0 0 0 0 0 0
61200 -206.494 0 0 0 1.50478 100 38 1.78961 100 32 0 0 0 -2.39811 100 24 0 0 0 0 0 0 0 0 0 0 0
61300 -205.2 0 0 0 0.249595 100 42 0.433735 100 22 0 0 0 -2.01033 100 22 0 0 0 0 0 0 0 0 0 0 0
61400 -204.117 0 0 0 1.05359 100 36 1.83135 100 26 0 0 0 -2.6475 100 19 0 0 0 0 0 0 0 0 0 0 0
61500 -204.187 0 0 0 1.49525 100 41 3.80916 100 17 0 0 0 -2.90048 100 22 0 0 0 0 0 0 0 0 0 0 0
61600 -206.006 0 0 0 -0.0304903 100 36 1.92056 100 22 0 0 0 -2.4361 100 22 0 0 0 0 0 0 0 0 0 0 0
61700 -203.903 0 0 0 0.745186 100 30 1.90606 100 27 0 0 0 -2.56277 100 24 0 0 0 0 0 0 0 0 0 0 0
61800 -206.548 0 0 0 1.84543 100 34 3.77729 100 26 0 0 0 -2.68772 100 25 0 0 0 0 0 0 0 0 0 0 0
61900 -203.921 0 0 0 1.37173 100 47 3.43912 100 20 0 0 0 -2.81157 100 28 0 0 0 0 0 0 0 0 0 0 0
62000 -205.266 0 0 0 0.00857145 100 40 0.0786977 100 27 0 0 0 -2.18338 100 22 0 0 0 0 0 0 0 0 0 0 0
62100 -204.127 0 0 0 0.404829 100 37 1.25304 100 28 0 0 0 -2.23355 100 25 0 0 0 0 0 0 0 0 0 0 0
62200 -205.667 0 0 0 1.80608 100 35 6.27529 100 30 0 0 0 -3.108 100 20 0 0 0 0 0 0 0 0 0 0 0
62300 -203.703 0 0 0 0.71197 100 33 1.58099 100 27 0 0 0 -2.34251 100 15 0 0 0 0 0 0 0 0 0 0 0
62400 -205.034 0 0 0 1.15263 100 39 0.954156 100 24 0 0 0 -2.62233 100 26 0 0 0 0 0 0 0 0 0 0 0
62500 -204.04 0 0 0 1.25624 100 40 3.34464 100 29 0 0 0 -2.58336 100 18 0 0 0 0 0 0 0 0 0 0 0
62600 -207.048 0 0 0 2.22453 100 30 5.12474 100 21 0 0 0 -3.02754 100 21 0 0 0 0 0 0 0 0 0 0 0
62700 -204.209 0 0 0 0.494098 100 42 0.354361 100 19 0 0 0 -2.27505 100 29 0 0 0 0 0 0 0 0 0 0 0
62800 -204.548 0 0 0 1.16098 100 42 0.95865 100 20 0 0 0 -2.48768 100 23 0 0 0 0 0 0 0 0 0 0 0
62900 -205.062 0 0 0 0.359167 100 36 0.0499746 100 20 0 0 0 -2.0131 100 19 0 0 0 0 0 0 0 0 0 0 0
63000 -204.926 0 0 0 0.321977 100 40 -0.380603 100 29 0 0 0 -2.04141 100 27 0 0 0 0 0 0 0 0 0 0 0
63100 -203.618 0 0 0 1.02088 100 33 2.91265 100 30 0 0 0 -2.66874 100 23 0 0 0 0 0 0 0 0 0 0 0
63200 -204.545 0 0 0 0.903563 100 41 0.416642 100 17 0 0 0 -2.26039 100 18 0 0 0 0 0 0 0 0 0 0 0
63300 -204.994 0 0 0 1.60746 100 39 3.35043 100 23 0 0 0 -2.65541 100 25 0 0 0 0 0 0 0 0 0 0 0
63400 -207.917 0 0 0 0.20126 100 42 3.74204 100 20 0 0 0 -2.84501 100 25 0 0 0 0 0 0 0 0 0 0 0
63500 -203.924 0 0 0 0.542374 100 38 0.90571 100 16 0 0 0 -2.2704 100 25 0 0 0 0 0 0 0 0 0 0 0
63600 -203.727 0 0 0 1.28965 100 45 3.36855 100 19 0 0 0 -2.71245 100 14 0 0 0 0 0 0 0 0 0 0 0
63700 -205.748 0 0 0 0.231217 100 38 3.37416 100 25 0 0 0 -2.57401 100 16 0 0 0 0 0 0 0 0 0 0 0
63800 -204.411 0 0 0 0.747049 100 42 0.694615 100 26 0 0 0 -2.46989 100 29 0 0 0 0 0 0 0 0 0 0 0
63900 -204.732 0 0 0 0.532981 100 35 0.757013 100 22 0 0 0 -2.097 100 21 0 0 0 0 0 0 0 0 0 0 0
64000 -207.355 0 0 0 1.94578 100 39 2.18773 100 17 0 0 0 -2.75492 100 23 0 0 0 0 0 0 0 0 0 0 0
64100 -204.197 0 0 0 1.16217 100 34 4.34117 100 21 0 0 0 -2.70832 100 21 0 0 0 0 0 0 0 0 0 0 0
64200 -210.344 0 0 0 2.80399 100 37 5.54007 100 26 0 0 0 -3.39101 100 26 0 0 0 0 0 0 0 0 0 0 0
64300 -206.098 0 0 0 1.79135 100 37 2.79603 100 29 0 0 0 -2.67424 100 19 0 0 0 0 0 0 0 0 0 0 0
64400 -203.844 0 0 0 1.16015 100 38 3.87497 100 25 0 0 0 -2.79479 100 25 0 0 0 0 0 0 0 0 0 0 0
64500 -203.603 0 0 0 0.736809 100 31 2.07595 100 16 0 0 0 -2.41989 100 17 0 0 0 0 0 0 0 0 0 0 0
64600 -204.678 0 0 0 0.27037 100 37 1.9168 100 24 0 0 0 -2.44355 100 28 0 0 0 0 0 0 0 0 0 0 0
64700 -205.265 0 0 0 1.16781 100 39 5.1465 100 24 0 0 0 -2.73731 100 26 0 0 0 0 0 0 0 0 0 0 0
64800 -204.361 0 0 0 0.282404 100 35 0.58843 100 25 0 0 0 -2.2051 100 23 0 0 0 0 0 0 0 0 0 0 0
64900 -204.758 0 0 0 0.138372 100 38 1.05462 100 14 0 0 0 -2.17288 100 27 0 0 0 0 0 0 0 0 0 0 0
65000 -204.602 0 0 0 0.647578 100 40 -0.219963 100 18 0 0 0 -2.24428 100 20 0 0 0 0 0 0 0 0 0 0 0
65100 -203.657 0 0 0 1.17129 100 37 2.58454 100 28 0 0 0 -2.58726 100 21 0 0 0 0 0 0 0 0 0 0 0
65200 -204.282 0 0 0 1.24009 100 35 1.62555 100 23 0 0 0 -2.49604 100 14 0 0 0 0 0 0 0 0 0 0 0
65300 -203.693 0 0 0 1.03389 100 38 1.93099 100 21 0 0 0 -2.47018 100 18 0 0 0 0 0 0 0 0 0 0 0
65400 -204.442 0 0 0 1.26249 100 35 2.23413 100 17 0 0 0 -2.45362 100 27 0 0 0 0 0 0 0 0 0 0 0
65500 -205.457 0 0 0 0.027422 100 49 0.492484 100 10 0 0 0 -2.29856 100 24 0 0 0 0 0 0 0 0 0 0 0
65600 -203.821 0 0 0 1.17387 100 43 3.13442 100 28 0 0 0 -2.56718 100 16 0 0 0 0 0 0 0 0 0 0 0
65700 -205.387 0 0 0 0.799973 100 39 2.7511 100 14 0 0 0 -2.26254 100 23 0 0 0 0 0 0 0 0 0 0 0
65800 -204.278 0 0 0 1.00129 100 41 3.76606 100 20 0 0 0 -2.84071 100 24 0 0 0 0 0 0 0 0 0 0 0
65900 -203.917 0 0 0 0.72185 100 40 0.965955 100 30 0 0 0 -2.40701 100 27 0 0 0 0 0 0 0 0 0 0 0
66000 -207.427 0 0 0 -0.52103 100 40 0.519549 100 25 0 0 0 -2.07543 100 22 0 0 0 0 0 0 0 0 0 0 0
66100 -206.72 0 0 0 1.307 100 36 3.62395 100 23 0 0 0 -2.40162 100 27 0 0 0 0 0 0 0 0 0 0 0
66200 -204.754 0 0 0 0.125475 100 34 0.693289 100 19 0 0 0 -2.23012 100 17 0 0 0 0 0 0 0 0 0 0 0
66300 -204.467 0 0 0 0.403651 100 35 0.501373 100 22 0 0 0 -2.11681 100 21 0 0 0 0 0 0 0 0 0 0 0
66400 -204.849 0 0 0 0.800876 100 41 -0.270116 100 27 0 0 0 -2.26163 100 27 0 0 0 0 0 0 0 0 0 0 0
66500 -205.303 0 0 0 1.27337 100 43 2.26336 100 17 0 0 0 -2.36854 100 27 0 0 0 0 0 0 0 0 0 0 0
66600 -203.991 0 0 0 0.750684 100 33 3.20023 100 19 0 0 0 -2.50122 100 18 0 0 0 0 0 0 0 0 0 0 0
66700 -205.881 0 0 0 1.64939 100 44 5.21972 100 18 0 0 0 -2.78617 100 23 0 0 0 0 0 0 0 0 0 0 0
66800 -204.429 0 0 0 1.1165 100 35 3.51883 100 22 0 0 0 -2.50751 100 27 0 0 0 0 0 0 0 0 0 0 0
66900 -203.749 0 0 0 1.05042 100 42 1.83532 100 28 0 0 0 -2.46651 100 19 0 0 0 0 0 0 0 0 0 0 0
67000 -204.325 0 0 0 0.759101 100 36 0.234373 100 31 0 0 0 -2.30498 100 13 0 0 0 0 0 0 0 0 0 0 0
67100 -204.059 0 0 0 1.14717 100 39 3.32402 100 26 0 0 0 -2.53766 100 24 0 0 0 0 0 0 0 0 0 0 0
67200 -204.581 0 0 0 1.27937 100 36 1.53065 100 22 0 0 0 -2.46424 100 23 0 0 0 0 0 0 0 0 0 0 0
67300 -204.663 0 0 0 0.672026 100 42 3.08755 100 19 0 0 0 -2.7329 100 20 0 0 0 0 0 0 0 0 0 0 0
67400 -207.404 0 0 0 1.01538 100 39 -1.50543 100 21 0 0 0 -2.33754 100 27 0 0 0 0 0 0 0 0 0 0 0
67500 -204.602 0 0 0 0.709696 100 39 4.02893 100 25 0 0 0 -2.64157 100 21 0 0 0 0 0 0 0 0 0 0 0
67600 -203.732 0 0 0 0.687488 100 32 1.71423 100 24 0 0 0 -2.33761 100 16 0 0 0 0 0 0 0 0 0 0 0
67700 -206.925 0 0 0 0.734886 100 38 1.81575 100 17 0 0 0 -2.05654 100 32 0 0 0 0 0 0 0 0 0 0 0
67800 -204.57 0 0 0 1.49418 100 37 2.34264 100 23 0 0 0 -2.68096 100 24 0 0 0 0 0 0 0 0 0 0 0
67900 -206.64 0 0 0 0.588366 100 36 -0.0239778 100 17 0 0 0 -2.56602 100 22 0 0 0 0 0 0 0 0 0 0 0
68000 -203.768 0 0 0 1.13102 100 38 3.32045 100 26 0 0 0 -2.58889 100 23 0 0 0 0 0 0 0 0 0 0 0
68100 -205.034 0 0 0 1.41294 100 33 5.68809 100 25 0 0 0 -3.05024 100 21 0 0 0 0 0 0 0 0 0 0 0
68200 -203.993 0 0 0 1.27825 100 37 2.99076 100 16 0 0 0 -2.79222 100 22 0 0 0 0 0 0 0 0 0 0 0
68300 -204.931 0 0 0 0.420499 100 36 2.66206 100 21 0 0 0 -2.29423 100 17 0 0 0 0 0 0 0 0 0 0 0
68400 -205.803 0 0 0 0.543304 100 34 2.53699 100 25 0 0 0 -2.18291 100 24 0 0 0 0 0 0 0 0 0 0 0
68500 -204.107 0 0 0 1.50326 100 43 3.46418 100 26 0 0 0 -2.79789 100 19 0 0 0 0 0 0 0 0 0 0 0
68600 -203.713 0 0 0 1.1119 100 29 3.28063 100 16 0 0 0 -2.59228 100 29 0 0 0 0 0 0 0 0 0 0 0
68700 -204.599 0 0 0 1.11447 100 36 3.88069 100 30 0 0 0 -2.54359 100 22 0 0 0 0 0 0 0 0 0 0 0
68800 -204.46 0 0 0 0.730362 100 40 1.29859 100 24 0 0 0 -2.19371 100 27 0 0 0 0 0 0 0 0 0 0 0
68900 -203.768 0 0 0 0.872589 100 32 3.29301 100 18 0 0 0 -2.65303 100 24 0 0 0 0 0 0 0 0 0 0 0
69000 -203.595 0 0 0 1.08865 100 40 2.37726 100 22 0 0 0 -2.55354 100 28 0 0 0 0 0 0 0 0 0 0 0
69100 -203.837 0 0 0 1.24044 100 37 3.12762 100 26 0 0 0 -2.77247 100 26 0 0 0 0 0 0 0 0 0 0 0
69200 -207.774 0 0 0 0.548778 100 41 -1.12918 100 31 0 0 0 -1.81513 100 24 0 0 0 0 0 0 0 0 0 0 0
69300 -204.951 0 0 0 1.35746 100 42 2.31632 100 29 0 0 0 -2.84212 100 21 0 0 0 0 0 0 0 0 0 0 0
69400 -204.234 0 0 0 1.17674 100 36 3.72665 100 18 0 0 0 -2.57809 100 24 0 0 0 0 0 0 0 0 0 0 0
69500 -204.636 0 0 0 1.49175 100 49 4.01989 100 26 0 0 0 -2.68332 100 20 0 0 0 0 0 0 0 0 0 0 0
69600 -203.888 0 0 0 0.512901 100 39 1.68657 100 21 0 0 0 -2.31864 100 17 0 0 0 0 0 0 0 0 0 0 0
69700 -207.544 0 0 0 1.97399 100 41 6.39491 100 25 0 0 0 -3.53374 100 28 0 0 0 0 0 0 0 0 0 0 0
69800 -204.363 0 0 0 0.726897 100 38 3.53811 100 15 0 0 0 -2.71529 100 26 0 0 0 0 0 0 0 0 0 0 0
69900 -205.331 0 0 0 0.209861 100 35 2.87702 100 21 0 0 0 -2.39069 100 20 0 0 0 0 0 0 0 0 0 0 0
70000 -203.799 0 0 0 1.30663 100 42 2.97515 100 27 0 0 0 -2.71653 100 26 0 0 0 0 0 0 0 0 0 0 0
70100 -203.73 0 0 0 1.1773 100 40 2.78633 100 18 0 0 0 -2.70421 100 30 0 0 0 0 0 0 0 0 0 0 0
70200 -205.393 0 0 0 1.93891 100 37 5.23448 100 15 0 0 0 -3.17504 100 17 0 0 0 0 0 0 0 0 0 0 0
70300 -207.627 0 0 0 0.463166 100 39 -0.744688 100 13 0 0 0 -2.50844 100 23 0 0 0 0 0 0 0 0 0 0 0
70400 -205.952 0 0 0 0.0498561 100 37 2.56149 100 27 0 0 0 -2.49334 100 26 0 0 0 0 0 0 0 0 0 0 0
70500 -204.354 0 0 0 0.576523 100 45 0.895847 100 22 0 0 0 -2.15895 100 23 0 0 0 0 0 0 0 0 0 0 0
70600 -204.57 0 0 0 0.774448 100 45 2.40934 100 22 0 0 0 -2.28703 100 21 0 0 0 0 0 0 0 0 0 0 0
70700 -204.951 0 0 0 1.83029 100 34 4.63033 100 21 0 0 0 -3.05124 100 27 0 0 0 0 0 0 0 0 0 0 0
70800 -203.627 0 0 0 0.716113 100 38 1.76321 100 19 0 0 0 -2.38682 100 16 0 0 0 0 0 0 0 0 0 0 0
70900 -204.045 0 0 0 0.564231 100 36 0.579461 100 23 0 0 0 -2.29893 100 30 0 0 0 0 0 0 0 0 0 0 0
71000 -205.632 0 0 0 0.704708 100 33 3.5789 100 15 0 0 0 -2.87844 100 29 0 0 0 0 0 0 0 0 0 0 0
71100 -204.997 0 0 0 1.75134 100 41 3.38548 100 20 0 0 0 -2.90174 100 24 0 0 0 0 0 0 0 0 0 0 0
71200 -204.324 0 0 0 0.312958 100 40 0.523306 100 25 0 0 0 -2.19792 100 19 0 0 0 0 0 0 0 0 0 0 0
71300 -204.933 0 0 0 1.67434 100 47 3.8632 100 20 0 0 0 -2.74379 100 27 0 0 0 0 0 0 0 0 0 0 0
71400 -205.091 0 0 0 0.351132 100 41 3.09844 100 19 0 0 0 -2.58587 100 24 0 0 0 0 0 0 0 0 0 0 0
71500 -206.728 0 0 0 -0.191192 100 47 -0.643468 100 28 0 0 0 -2.19668 100 19 0 0 0 0 0 0 0 0 0 0 0
71600 -203.999 0 0 0 0.518417 100 36 2.42395 100 21 0 0 0 -2.42337 100 26 0 0 0 0 0 0 0 0 0 0 0
71700 -205.46 0 0 0 1.74231 100 39 2.67284 100 17 0 0 0 -2.75445 100 22 0 0 0 0 0 0 0 0 0 0 0
71800 -205.79 0 0 0 0.961476 100 40 -0.513912 100 20 0 0 0 -2.18682 100 31 0 0 0 0 0 0 0 0 0 0 0
71900 -204.193 0 0 0 0.347016 100 36 1.40775 100 24 0 0 0 -2.26167 100 19 0 0 0 0 0 0 0 0 0 0 0
72000 -205.42 0 0 0 1.95328 100 35 5.3851 100 24 0 0 0 -3.18041 100 25 0 0 0 0 0 0 0 0 0 0 0
72100 -204.433 0 0 0 0.875802 100 36 1.89769 100 25 0 0 0 -2.27239 100 23 0 0 0 0 0 0 0 0 0 0 0
72200 -204.371 0 0 0 1.27662 100 39 1.64086 100 21 0 0 0 -2.60337 100 27 0 0 0 0 0 0 0 0 0 0 0
72300 -205.13 0 0 0 0.0199075 100 43 1.16134 100 26 0 0 0 -2.258 100 22 0 0 0 0 0 0 0 0 0 0 0
72400 -204.217 0 0 0 0.503064 100 34 0.28444 100 14 0 0 0 -2.25237 100 29 0 0 0 0 0 0 0 0 0 0 0
72500 -207.341 0 0 0 2.35008 100 45 7.16866 100 28 0 0 0 -3.51087 100 29 0 0 0 0 0 0 0 0 0 0 0
72600 -204.826 0 0 0 0.407067 100 49 2.48547 100 17 0 0 0 -2.27865 100 26 0 0 0 0 0 0 0 0 0 0 0
72700 -205.4 0 0 0 1.04332 100 36 1.91784 100 23 0 0 0 -2.24251 100 18 0 0 0 0 0 0 0 0 0 0 0
72800 -204.783 0 0 0 1.51324 100 35 5.4999 100 17 0 0 0 -3.02597 100 26 0 0 0 0 0 0 0 0 0 0 0
72900 -204.998 0 0 0 0.325488 100 36 -0.670814 100 20 0 0 0 -2.15525 100 27 0 0 0 0 0 0 0 0 0 0 0
73000 -204.835 0 0 0 0.544106 100 36 -0.323838 100 23 0 0 0 -2.28981 100 21 0 0 0 0 0 0 0 0 0 0 0
73100 -205.252 0 0 0 1.5239 100 46 1.68947 100 16 0 0 0 -2.65052 100 23 0 0 0 0 0 0 0 0 0 0 0
73200 -204.573 0 0 0 1.02982 100 28 4.62785 100 26 0 0 0 -2.71972 100 25 0 0 0 0 0 0 0 0 0 0 0
73300 -205.659 0 0 0 0.322072 100 42 -0.847748 100 16 0 0 0 -2.25935 100 24 0 0 0 0 0 0 0 0 0 0 0
73400 -204.27 0 0 0 1.08754 100 45 4.21849 100 23 0 0 0 -2.65629 100 28 0 0 0 0 0 0 0 0 0 0 0
73500 -204.616 0 0 0 1.29312 100 30 1.43315 100 25 0 0 0 -2.49001 100 24 0 0 0 0 0 0 0 0 0 0 0
73600 -205.123 0 0 0 0.0671472 100 39 1.63678 100 26 0 0 0 -2.33091 100 23 0 0 0 0 0 0 0 0 0 0 0
73700 -203.847 0 0 0 1.07675 100 36 1.85928 100 19 0 0 0 -2.44741 100 19 0 0 0 0 0 0 0 0 0 0 0
73800 -204.116 0 0 0 1.30412 100 33 4.31175 100 18 0 0 0 -2.9052 100 18 0 0 0 0 0 0 0 0 0 0 0
73900 -205.319 0 0 0 1.08748 100 39 0.163966 100 25 0 0 0 -2.288 100 30 0 0 0 0 0 0 0 0 0 0 0
74000 -204.056 0 0 0 0.496393 100 32 0.770945 100 18 0 0 0 -2.32637 100 28 0 0 0 0 0 0 0 0 0 0 0
74100 -207.103 0 0 0 1.2514 100 37 -0.0811437 100 24 0 0 0 -2.64373 100 19 0 0 0 0 0 0 0 0 0 0 0
74200 -204.404 0 0 0 0.961576 100 38 0.941528 100 17 0 0 0 -2.28396 100 19 0 0 0 0 0 0 0 0 0 0 0
74300 -204.814 0 0 0 1.21437 100 44 3.50281 100 22 0 0 0 -2.95324 100 20 0 0 0 0 0 0 0 0 0 0 0
74400 -203.874 0 0 0 0.742267 100 43 1.16885 100 26 0 0 0 -2.29124 100 29 0 0 0 0 0 0 0 0 0 0 0
74500 -204.085 0 0 0 1.13643 100 37 1.44521 100 22 0 0 0 -2.49811 100 23 0 0 0 0 0 0 0 0 0 0 0
74600 -206.972 0 0 0 0.374902 100 40 0.268236 100 19 0 0 0 -1.86869 100 33 0 0 0 0 0 0 0 0 0 0 0
74700 -203.822 0 0 0 0.865226 100 36 3.45037 100 20 0 0 0 -2.61508 100 20 0 0 0 0 0 0 0 0 0 0 0
74800 -205.806 0 0 0 0.840756 100 38 -0.554566 100 30 0 0 0 -2.41772 100 22 0 0 0 0 0 0 0 0 0 0 0
74900 -204.756 0 0 0 0.130241 100 38 1.23213 100 17 0 0 0 -2.21519 100 23 0 0 0 0 0 0 0 0 0 0 0
75000 -205.481 0 0 0 1.93317 100 40 5.89556 100 18 0 0 0 -3.15105 100 26 0 0 0 0 0 0 0 0 0 0 0
75100 -203.916 0 0 0 1.1915 100 32 4.1673 100 27 0 0 0 -2.78765 100 26 0 0 0 0 0 0 0 0 0 0 0
75200 -204.761 0 0 0 1.55227 100 39 3.31113 100 27 0 0 0 -2.64456 100 21 0 0 0 0 0 0 0 0 0 0 0
75300 -206.227 0 0 0 1.93795 100 34 4.83247 100 22 0 0 0 -2.85567 100 27 0 0 0 0 0 0 0 0 0 0 0
75400 -203.755 0 0 0 0.996948 100 32 3.1821 100 20 0 0 0 -2.71634 100 27 0 0 0 0 0 0 0 0 0 0 0
75500 -205.521 0 0 0 1.41872 100 37 2.5826 100 21 0 0 0 -2.94427 100 18 0 0 0 0 0 0 0 0 0 0 0
75600 -205.092 0 0 0 1.51308 100 39 1.81304 100 31 0 0 0 -2.67272 100 24 0 0 0 0 0 0 0 0 0 0 0
75700 -205.469 0 0 0 1.82611 100 41 4.89886 100 21 0 0 0 -3.19758 100 12 0 0 0 0 0 0 0 0 0 0 0
75800 -204.812 0 0 0 1.50634 100 39 5.00704 100 21 0 0 0 -3.09079 100 25 0 0 0 0 0 0 0 0 0 0 0
75900 -203.693 0 0 0 0.995679 100 34 3.02713 100 27 0 0 0 -2.53003 100 25 0 0 0 0 0 0 0 0 0 0 0
76000 -204.301 0 0 0 0.376328 100 44 0.930634 100 19 0 0 0 -2.17128 100 20 0 0 0 0 0 0 0 0 0 0 0
76100 -206.249 0 0 0 -0.229614 100 41 1.27432 100 21 0 0 0 -2.24625 100 16 0 0 0 0 0 0 0 0 0 0 0
76200 -205.485 0 0 0 0.388356 100 33 1.69712 100 26 0 0 0 -2.09729 100 20 0 0 0 0 0 0 0 0 0 0 0
76300 -204.01 0 0 0 1.23264 100 47 2.44474 100 25 0 0 0 -2.51314 100 20 0 0 0 0 0 0 0 0 0 0 0
76400 -205.001 0 0 0 1.57151 100 32 2.19757 100 19 0 0 0 -2.70931 100 14 0 0 0 0 0 0 0 0 0 0 0
76500 -204.477 0 0 0 1.15411 100 47 3.11784 100 17 0 0 0 -2.86873 100 28 0 0 0 0 0 0 0 0 0 0 0
76600 -207.625 0 0 0 0.335081 100 36 4.57457 100 23 0 0 0 -2.8878 100 19 0 0 0 0 0 0 0 0 0 0 0
76700 -205.998 0 0 0 1.46484 100 38 6.4596 100 18 0 0 0 -3.19092 100 26 0 0 0 0 0 0 0 0 0 0 0
76800 -204.562 0 0 0 0.214419 100 37 1.26569 100 25 0 0 0 -2.20481 100 21 0 0 0 0 0 0 0 0 0 0 0
76900 -203.734 0 0 0 1.03921 100 43 2.08738 100 16 0 0 0 -2.45302 100 26 0 0 0 0 0 0 0 0 0 0 0
77000 -205.864 0 0 0 0.588004 100 40 0.105625 100 23 0 0 0 -2.51743 100 23 0 0 0 0 0 0 0 0 0 0 0
77100 -208.845 0 0 0 1.3358 100 30 3.05654 100 14 0 0 0 -3.228 100 24 0 0 0 0 0 0 0 0 0 0 0
77200 -205.673 0 0 0 1.23351 100 40 4.34258 100 18 0 0 0 -3.10286 100 29 0 0 0 0 0 0 0 0 0 0 0
77300 -204.586 0 0 0 0.707334 100 30 2.32112 100 21 0 0 0 -2.26732 100 24 0 0 0 0 0 0 0 0 0 0 0
77400 -203.713 0 0 0 0.944128 100 23 3.28648 100 16 0 0 0 -2.57388 100 17 0 0 0 0 0 0 0 0 0 0 0
77500 -204.036 0 0 0 1.30273 100 47 2.459 100 11 0 0 0 -2.71008 100 21 0 0 0 0 0 0 0 0 0 0 0
77600 -206.06 0 0 0 0.67427 100 37 2.91603 100 25 0 0 0 -2.86519 100 18 0 0 0 0 0 0 0 0 0 0 0
77700 -204.301 0 0 0 0.620401 100 33 1.98329 100 26 0 0 0 -2.25482 100 33 0 0 0 0 0 0 0 0 0 0 0
77800 -203.954 0 0 0 0.90721 100 38 1.23201 100 20 0 0 0 -2.33679 100 27 0 0 0 0 0 0 0 0 0 0 0
77900 -207.754 0 0 0 1.94519 100 36 8.00576 100 22 0 0 0 -3.45421 100 19 0 0 0 0 0 0 0 0 0 0 0
78000 -204.075 0 0 0 0.870869 100 31 3.07109 100 20 0 0 0 -2.44769 100 16 0 0 0 0 0 0 0 0 0 0 0
78100 -204.944 0 0 0 1.49308 100 45 2.38786 100 17 0 0 0 -2.55506 100 23 0 0 0 0 0 0 0 0 0 0 0
78200 -203.523 0 0 0 1.01178 100 42 2.69527 100 24 0 0 0 -2.55979 100 20 0 0 0 0 0 0 0 0 0 0 0
78300 -203.942 0 0 0 1.40645 100 41 3.23082 100 19 0 0 0 -2.7658 100 29 0 0 0 0 0 0 0 0 0 0 0
78400 -203.886 0 0 0 0.574495 100 41 0.913 100 27 0 0 0 -2.30755 100 17 0 0 0 0 0 0 0 0 0 0 0
78500 -204.152 0 0 0 1.45908 100 39 4.35172 100 17 0 0 0 -2.81413 100 22 0 0 0 0 0 0 0 0 0 0 0
78600 -204.12 0 0 0 0.54033 100 33 0.791248 100 26 0 0 0 -2.19735 100 22 0 0 0 0 0 0 0 0 0 0 0
78700 -204.439 0 0 0 1.1507 100 35 3.45808 100 22 0 0 0 -2.50665 100 17 0 0 0 0 0 0 0 0 0 0 0
78800 -203.969 0 0 0 0.887701 100 38 3.50001 100 19 0 0 0 -2.55351 100 25 0 0 0 0 0 0 0 0 0 0 0
78900 -204.921 0 0 0 1.34869 100 31 2.82739 100 29 0 0 0 -2.9106 100 24 0 0 0 0 0 0 0 0 0 0 0
79000 -204.435 0 0 0 1.37694 100 39 3.52751 100 16 0 0 0 -2.92999 100 15 0 0 0 0 0 0 0 0 0 0 0
79100 -205.846 0 0 0 0.932015 100 33 5.56747 100 25 0 0 0 -2.90073 100 21 0 0 0 0 0 0 0 0 0 0 0
79200 -205.317 0 0 0 1.16452 100 34 0.252808 100 19 0 0 0 -2.44609 100 31 0 0 0 0 0 0 0 0 0 0 0
79300 -204.628 0 0 0 1.71353 100 42 4.44507 100 21 0 0 0 -3.00311 100 24 0 0 0 0 0 0 0 0 0 0 0
79400 -205.982 0 0 0 0.264427 100 34 -1.65394 100 19 0 0 0 -2.07143 100 18 0 0 0 0 0 0 0 0 0 0 0
79500 -204.025 0 0 0 0.840209 100 37 1.01052 100 23 0 0 0 -2.46279 100 15 0 0 0 0 0 0 0 0 0 0 0
79600 -205.581 0 0 0 1.10864 100 39 4.57298 100 21 0 0 0 -2.57132 100 22 0 0 0 0 0 0 0 0 0 0 0
79700 -204.428 0 0 0 0.522276 100 35 -0.045271 100 23 0 0 0 -2.17625 100 21 0 0 0 0 0 0 0 0 0 0 0
79800 -207.392 0 0 0 0.812236 100 35 1.32436 100 20 0 0 0 -2.01104 100 17 0 0 0 0 0 0 0 0 0 0 0
79900 -207.791 0 0 0 1.83401 100 41 7.96184 100 22 0 0 0 -3.41848 100 19 0 0 0 0 0 0 0 0 0 0 0
80000 -203.856 0 0 0 1.19002 100 36 2.07718 100 17 0 0 0 -2.54467 100 21 0 0 0 0 0 0 0 0 0 0 0
80100 -204.614 0 0 0 0.703333 100 36 -0.171327 100 27 0 0 0 -2.26304 100 31 0 0 0 0 0 0 0 0 0 0 0
80200 -203.827 0 0 0 1.194 100 42 2.44269 100 24 0 0 0 -2.67725 100 27 0 0 0 0 0 0 0 0 0 0 0
80300 -205.684 0 0 0 0.145148 100 37 1.34321 100 19 0 0 0 -2.05502 100 23 0 0 0 0 0 0 0 0 0 0 0
80400 -204.862 0 0 0 0.258122 100 36 -0.211507 100 22 0 0 0 -2.21606 100 30 0 0 0 0 0 0 0 0 0 0 0
80500 -205.641 0 0 0 0.20152 100 36 -1.33677 100 24 0 0 0 -2.00789 100 18 0 0 0 0 0 0 0 0 0 0 0
80600 -203.528 0 0 0 0.880641 100 33 2.60077 100 31 0 0 0 -2.52745 100 17 0 0 0 0 0 0 0 0 0 0 0
80700 -204.568 0 0 0 0.349775 100 43 -0.0451443 100 25 0 0 0 -2.11533 100 19 0 0 0 0 0 0 0 0 0 0 0
80800 -206.116 0 0 0 0.38645 100 32 -1.55908 100 17 0 0 0 -1.93888 100 23 0 0 0 0 0 0 0 0 0 0 0
80900 -203.65 0 0 0 0.963428 100 31 1.80947 100 20 0 0 0 -2.51619 100 32 0 0 0 0 0 0 0 0 0 0 0
81000 -204.494 0 0 0 1.11907 100 33 2.96084 100 21 0 0 0 -2.84932 100 18 0 0 0 0 0 0 0 0 0 0 0
81100 -204.608 0 0 0 1.08924 100 39 2.15591 100 18 0 0 0 -2.34371 100 30 0 0 0 0 0 0 0 0 0 0 0
81200 -203.722 0 0 0 0.936551 100 33 1.78371 100 24 0 0 0 -2.54446 100 25 0 0 0 0 0 0 0 0 0 0 0
81300 -205.135 0 0 0 1.87653 100 42 4.5743 100 20 0 0 0 -2.9589 100 26 0 0 0 0 0 0 0 0 0 0 0
81400 -204.605 0 0 0 1.32624 100 41 2.22998 100 23 0 0 0 -2.47265 100 22 0 0 0 0 0 0 0 0 0 0 0
81500 -204.751 0 0 0 0.983516 100 32 2.48184 100 27 0 0 0 -2.80182 100 21 0 0 0 0 0 0 0 0 0 0 0
81600 -204.596 0 0 0 1.19578 100 37 5.05611 100 21 0 0 0 -2.9016 100 23 0 0 0 0 0 0 0 0 0 0 0
81700 -205.441 0 0 0 0.367635 100 37 3.23233 100 21 0 0 0 -2.66375 100 27 0 0 0 0 0 0 0 0 0 0 0
81800 -204.985 0 0 0 1.0998 100 40 4.37133 100 20 0 0 0 -2.58848 100 29 0 0 0 0 0 0 0 0 0 0 0
81900 -206.577 0 0 0 1.56553 100 46 6.91464 100 19 0 0 0 -3.29103 100 18 0 0 0 0 0 0 0 0 0 0 0
82000 -205.12 0 0 0 0.357953 100 42 1.31062 100 17 0 0 0 -2.51923 100 19 0 0 0 0 0 0 0 0 0 0 0
82100 -204.715 0 0 0 0.160499 100 50 1.56475 100 24 0 0 0 -2.30309 100 16 0 0 0 0 0 0 0 0 0 0 0
82200 -203.931 0 0 0 0.930484 100 34 1.11227 100 21 0 0 0 -2.43746 100 26 0 0 0 0 0 0 0 0 0 0 0
82300 -205.781 0 0 0 1.81181 100 36 5.69351 100 24 0 0 0 -3.2905 100 34 0 0 0 0 0 0 0 0 0 0 0
82400 -203.645 0 0 0 1.2041 100 33 3.24073 100 17 0 0 0 -2.66341 100 23 0 0 0 0 0 0 0 0 0 0 0
82500 -205.322 0 0 0 1.74335 100 40 2.97485 100 18 0 0 0 -2.74614 100 15 0 0 0 0 0 0 0 0 0 0 0
82600 -203.943 0 0 0 0.865498 100 44 3.00458 100 32 0 0 0 -2.70195 100 18 0 0 0 0 0 0 0 0 0 0 0
82700 -204.12 0 0 0 0.672875 100 45 3.17601 100 19 0 0 0 -2.62887 100 33 0 0 0 0 0 0 0 0 0 0 0
82800 -204.958 0 0 0 0.0717481 100 43 1.10779 100 20 0 0 0 -2.27305 100 21 0 0 0 0 0 0 0 0 0 0 0
82900 -206.267 0 0 0 1.07213 100 41 2.00466 100 21 0 0 0 -2.20097 100 33 0 0 0 0 0 0 0 0 0 0 0
83000 -204.064 0 0 0 1.47408 100 35 3.31787 100 20 0 0 0 -2.7612 100 20 0 0 0 0 0 0 0 0 0 0 0
83100 -205.207 0 0 0 0.767832 100 43 4.72374 100 27 0 0 0 -2.73749 100 27 0 0 0 0 0 0 0 0 0 0 0
83200 -204.827 0 0 0 0.130156 100 37 0.776983 100 17 0 0 0 -2.27697 100 22 0 0 0 0 0 0 0 0 0 0 0
83300 -205.994 0 0 0 0.196308 100 38 -0.550763 100 26 0 0 0 -1.88437 100 27 0 0 0 0 0 0 0 0 0 0 0
83400 -204.464 0 0 0 0.299189 100 31 0.51125 100 21 0 0 0 -2.28101 100 27 0 0 0 0 0 0 0 0 0 0 0
83500 -205.189 0 0 0 1.33666 100 40 2.52465 100 14 0 0 0 -2.42428 100 29 0 0 0 0 0 0 0 0 0 0 0
83600 -204.465 0 0 0 1.08914 100 32 4.39946 100 20 0 0 0 -2.66521 100 23 0 0 0 0 0 0 0 0 0 0 0
83700 -206.563 0 0 0 1.5381 100 33 3.99498 100 17 0 0 0 -2.53551 100 21 0 0 0 0 0 0 0 0 0 0 0
83800 -203.775 0 0 0 0.864891 100 35 2.48069 100 25 0 0 0 -2.63347 100 22 0 0 0 0 0 0 0 0 0 0 0
83900 -204.957 0 0 0 1.42589 100 40 5.48512 100 24 0 0 0 -3.07925 100 29 0 0 0 0 0 0 0 0 0 0 0
84000 -204.882 0 0 0 0.306389 100 40 0.289234 100 20 0 0 0 -2.33966 100 19 0 0 0 0 0 0 0 0 0 0 0
84100 -207.406 0 0 0 1.64291 100 33 6.8272 100 23 0 0 0 -3.4567 100 31 0 0 0 0 0 0 0 0 0 0 0
84200 -204.909 0 0 0 0.295935 100 39 0.179413 100 16 0 0 0 -2.03624 100 23 0 0 0 0 0 0 0 0 0 0 0
84300 -207.205 0 0 0 1.93124 100 34 3.30035 100 19 0 0 0 -2.68472 100 21 0 0 0 0 0 0 0 0 0 0 0
84400 -204.725 0 0 0 0.905045 100 31 1.19108 100 30 0 0 0 -2.62084 100 24 0 0 0 0 0 0 0 0 0 0 0
84500 -204.59 0 0 0 0.971798 100 36 4.46683 100 25 0 0 0 -2.86649 100 23 0 0 0 0 0 0 0 0 0 0 0
84600 -203.796 0 0 0 1.13038 100 40 3.81575 100 12 0 0 0 -2.76612 100 20 0 0 0 0 0 0 0 0 0 0 0
84700 -203.756 0 0 0 0.735529 100 41 2.36376 100 13 0 0 0 -2.39915 100 21 0 0 0 0 0 0 0 0 0 0 0
84800 -206.062 0 0 0 2.10431 100 45 4.9902 100 18 0 0 0 -3.05129 100 22 0 0 0 0 0 0 0 0 0 0 0
84900 -203.919 0 0 0 1.13341 100 36 4.12299 100 23 0 0 0 -2.76451 100 20 0 0 0 0 0 0 0 0 0 0 0
85000 -205.081 0 0 0 0.843873 100 43 0.387259 100 19 0 0 0 -2.52186 100 24 0 0 0 0 0 0 0 0 0 0 0
85100 -205.662 0 0 0 0.112356 100 37 2.7647 100 24 0 0 0 -2.47446 100 27 0 0 0 0 0 0 0 0 0 0 0
85200 -203.743 0 0 0 0.964157 100 37 3.34712 100 16 0 0 0 -2.69938 100 16 0 0 0 0 0 0 0 0 0 0 0
85300 -204.308 0 0 0 1.58697 100 37 4.42025 100 15 0 0 0 -2.94125 100 23 0 0 0 0 0 0 0 0 0 0 0
85400 -204.573 0 0 0 0.236629 100 48 1.77282 100 30 0 0 0 -2.36923 100 23 0 0 0 0 0 0 0 0 0 0 0
85500 -204.04 0 0 0 0.99759 100 40 3.9839 100 23 0 0 0 -2.65619 100 30 0 0 0 0 0 0 0 0 0 0 0
85600 -208.786 0 0 0 1.31859 100 50 7.69684 100 23 0 0 0 -3.38074 100 27 0 0 0 0 0 0 0 0 0 0 0
85700 -204.337 0 0 0 1.10191 100 33 4.08255 100 20 0 0 0 -2.89327 100 15 0 0 0 0 0 0 0 0 0 0 0
85800 -203.914 0 0 0 1.35743 100 38 3.90777 100 26 0 0 0 -2.84138 100 16 0 0 0 0 0 0 0 0 0 0 0
85900 -204.706 0 0 0 0.808583 100 43 4.40832 100 17 0 0 0 -2.72453 100 17 0 0 0 0 0 0 0 0 0 0 0
86000 -204.738 0 0 0 1.54185 100 28 2.37005 100 12 0 0 0 -2.7145 100 19 0 0 0 0 0 0 0 0 0 0 0
86100 -208.081 0 0 0 2.51864 100 35 5.66161 100 24 0 0 0 -3.27858 100 21 0 0 0 0 0 0 0 0 0 0 0
86200 -203.709 0 0 0 0.754408 100 34 1.66591 100 20 0 0 0 -2.34722 100 26 0 0 0 0 0 0 0 0 0 0 0
86300 -204.835 0 0 0 0.645838 100 38 -0.396502 100 15 0 0 0 -2.27167 100 27 0 0 0 0 0 0 0 0 0 0 0
86400 -203.878 0 0 0 1.22893 100 37 3.40324 100 25 0 0 0 -2.61064 100 19 0 0 0 0 0 0 0 0 0 0 0
86500 -208.078 0 0 0 1.10121 100 36 -1.56721 100 29 0 0 0 -2.15185 100 19 0 0 0 0 0 0 0 0 0 0 0
86600 -206.825 0 0 0 0.24845 100 33 3.01965 100 23 0 0 0 -2.20645 100 24 0 0 0 0 0 0 0 0 0 0 0
86700 -205.001 0 0 0 1.67458 100 40 4.02318 100 14 0 0 0 -3.05653 100 26 0 0 0 0 0 0 0 0 0 0 0
86800 -204.408 0 0 0 0.532624 100 40 2.93542 100 27 0 0 0 -2.40883 100 24 0 0 0 0 0 0 0 0 0 0 0
86900 -204.305 0 0 0 0.807211 100 40 3.29221 100 28 0 0 0 -2.45096 100 18 0 0 0 0 0 0 0 0 0 0 0
87000 -203.568 0 0 0 0.977916 100 42 2.37465 100 24 0 0 0 -2.49022 100 20 0 0 0 0 0 0 0 0 0 0 0
87100 -205.191 0 0 0 1.34693 100 31 5.28412 100 17 0 0 0 -3.11008 100 32 0 0 0 0 0 0 0 0 0 0 0
87200 -203.898 0 0 0 1.32169 100 33 4.10051 100 21 0 0 0 -2.81774 100 23 0 0 0 0 0 0 0 0 0 0 0
87300 -204.326 0 0 0 1.05464 100 38 2.69541 100 21 0 0 0 -2.78977 100 25 0 0 0 0 0 0 0 0 0 0 0
87400 -204.278 0 0 0 0.529564 100 35 2.67888 100 26 0 0 0 -2.57255 100 19 0 0 0 0 0 0 0 0 0 0 0
87500 -203.865 0 0 0 0.748231 100 40 2.26805 100 24 0 0 0 -2.59165 100 19 0 0 0 0 0 0 0 0 0 0 0
87600 -205.218 0 0 0 1.58113 100 44 5.95738 100 25 0 0 0 -3.1183 100 25 0 0 0 0 0 0 0 0 0 0 0
87700 -208.243 0 0 0 0.286608 100 41 5.2642 100 25 0 0 0 -2.72703 100 21 0 0 0 0 0 0 0 0 0 0 0
87800 -205.519 0 0 0 0.360812 100 39 3.6457 100 25 0 0 0 -2.48652 100 18 0 0 0 0 0 0 0 0 0 0 0
87900 -204.794 0 0 0 0.659145 100 45 3.64994 100 14 0 0 0 -2.47519 100 30 0 0 0 0 0 0 0 0 0 0 0
88000 -205.102 0 0 0 0.47528 100 38 3.41829 100 26 0 0 0 -2.68189 100 27 0 0 0 0 0 0 0 0 0 0 0
88100 -206.629 0 0 0 -0.00414108 100 47 3.22191 100 24 0 0 0 -2.43617 100 23 0 0 0 0 0 0 0 0 0 0 0
88200 -204.449 0 0 0 1.6241 100 37 3.48692 100 20 0 0 0 -2.81655 100 27 0 0 0 0 0 0 0 0 0 0 0
88300 -204.303 0 0 0 0.588445 100 36 3.28836 100 19 0 0 0 -2.53447 100 25 0 0 0 0 0 0 0 0 0 0 0
88400 -204.167 0 0 0 0.639615 100 41 2.78893 100 21 0 0 0 -2.62495 100 30 0 0 0 0 0 0 0 0 0 0 0
88500 -203.984 0 0 0 0.447527 100 41 1.16681 100 27 0 0 0 -2.32911 100 28 0 0 0 0 0 0 0 0 0 0 0
88600 -204.209 0 0 0 1.04514 100 46 1.19414 100 23 0 0 0 -2.36722 100 16 0 0 0 0 0 0 0 0 0 0 0
88700 -206.272 0 0 0 0.96845 100 32 4.76048 100 24 0 0 0 -2.5443 100 23 0 0 0 0 0 0 0 0 0 0 0
88800 -204.53 0 0 0 0.914159 100 48 0.760342 100 26 0 0 0 -2.24267 100 16 0 0 0 0 0 0 0 0 0 0 0
88900 -204.176 0 0 0 0.414367 100 33 0.818105 100 33 0 0 0 -2.19324 100 24 0 0 0 0 0 0 0 0 0 0 0
89000 -204.256 0 0 0 0.715355 100 41 0.906243 100 25 0 0 0 -2.20351 100 30 0 0 0 0 0 0 0 0 0 0 0
89100 -204.291 0 0 0 1.4267 100 43 4.22877 100 18 0 0 0 -2.73534 100 15 0 0 0 0 0 0 0 0 0 0 0
89200 -204.719 0 0 0 0.834275 100 38 4.43051 100 21 0 0 0 -2.78965 100 27 0 0 0 0 0 0 0 0 0 0 0
89300 -205.73 0 0 0 1.71631 100 37 4.6465 100 16 0 0 0 -3.21116 100 22 0 0 0 0 0 0 0 0 0 0 0
89400 -204.292 0 0 0 1.05197 100 31 1.07667 100 22 0 0 0 -2.52334 100 26 0 0 0 0 0 0 0 0 0 0 0
89500 -204.662 0 0 0 0.918032 100 34 0.855789 100 22 0 0 0 -2.55688 100 30 0 0 0 0 0 0 0 0 0 0 0
89600 -204.265 0 0 0 1.09129 100 37 3.33858 100 17 0 0 0 -2.496 100 22 0 0 0 0 0 0 0 0 0 0 0
89700 -207.098 0 0 0 0.351489 100 33 4.41905 100 22 0 0 0 -2.48873 100 23 0 0 0 0 0 0 0 0 0 0 0
89800 -206.754 0 0 0 0.298261 100 39 4.45796 100 22 0 0 0 -2.64203 100 29 0 0 0 0 0 0 0 0 0 0 0
89900 -203.818 0 0 0 0.96113 100 38 3.12596 100 21 0 0 0 -2.71753 100 26 0 0 0 0 0 0 0 0 0 0 0
90000 -205.816 0 0 0 1.67542 100 25 5.42497 100 23 0 0 0 -2.83628 100 22 0 0 0 0 0 0 0 0 0 0 0
90100 -203.881 0 0 0 0.563213 100 42 1.03749 100 22 0 0 0 -2.27727 100 31 0 0 0 0 0 0 0 0 0 0 0
90200 -205.964 0 0 0 0.435577 100 41 4.33669 100 27 0 0 0 -2.69802 100 22 0 0 0 0 0 0 0 0 0 0 0
90300 -204.837 0 0 0 0.512249 100 38 0.41702 100 18 0 0 0 -2.06856 100 28 0 0 0 0 0 0 0 0 0 0 0
90400 -204.375 0 0 0 1.14642 100 37 4.68312 100 17 0 0 0 -2.77584 100 18 0 0 0 0 0 0 0 0 0 0 0
90500 -205.516 0 0 0 1.18815 100 27 2.24551 100 21 0 0 0 -2.88292 100 25 0 0 0 0 0 0 0 0 0 0 0
90600 -203.994 0 0 0 0.563956 100 41 2.20155 100 30 0 0 0 -2.3416 100 22 0 0 0 0 0 0 0 0 0 0 0
90700 -204.252 0 0 0 0.54052 100 33 2.26327 100 18 0 0 0 -2.30316 100 20 0 0 0 0 0 0 0 0 0 0 0
90800 -207.528 0 0 0 -0.0935443 100 46 0.584118 100 22 0 0 0 -1.84869 100 23 0 0 0 0 0 0 0 0 0 0 0
90900 -204.593 0 0 0 0.264073 100 39 0.0205207 100 20 0 0 0 -2.16403 100 26 0 0 0 0 0 0 0 0 0 0 0
91000 -206.743 0 0 0 0.827526 100 34 -1.12447 100 18 0 0 0 -2.4067 100 24 0 0 0 0 0 0 0 0 0 0 0
91100 -203.934 0 0 0 0.597787 100 40 0.81137 100 25 0 0 0 -2.2675 100 29 0 0 0 0 0 0 0 0 0 0 0
91200 -205.153 0 0 0 0.632892 100 35 -0.404214 100 26 0 0 0 -2.07163 100 21 0 0 0 0 0 0 0 0 0 0 0
91300 -204.498 0 0 0 1.21167 100 43 1.18381 100 20 0 0 0 -2.51299 100 21 0 0 0 0 0 0 0 0 0 0 0
91400 -206.272 0 0 0 1.32148 100 38 3.11782 100 23 0 0 0 -2.38189 100 27 0 0 0 0 0 0 0 0 0 0 0
91500 -204.231 0 0 0 1.49499 100 36 4.54549 100 21 0 0 0 -2.94181 100 28 0 0 0 0 0 0 0 0 0 0 0
91600 -204.593 0 0 0 0.543626 100 49 2.0117 100 23 0 0 0 -2.22124 100 21 0 0 0 0 0 0 0 0 0 0 0
91700 -206.054 0 0 0 1.60531 100 34 2.83987 100 22 0 0 0 -2.52302 100 21 0 0 0 0 0 0 0 0 0 0 0
91800 -203.762 0 0 0 0.877531 100 46 2.08376 100 25 0 0 0 -2.59271 100 28 0 0 0 0 0 0 0 0 0 0 0
91900 -205.165 0 0 0 0.237795 100 41 2.29429 100 21 0 0 0 -2.24461 100 32 0 0 0 0 0 0 0 0 0 0 0
92000 -208.631 0 0 0 -0.499204 100 42 1.77476 100 27 0 0 0 -2.40323 100 21 0 0 0 0 0 0 0 0 0 0 0
92100 -203.932 0 0 0 1.06068 100 35 1.67304 100 24 0 0 0 -2.41916 100 25 0 0 0 0 0 0 0 0 0 0 0
92200 -205.016 0 0 0 1.64984 100 38 4.12551 100 19 0 0 0 -3.07287 100 21 0 0 0 0 0 0 0 0 0 0 0
92300 -203.606 0 0 0 0.840629 100 28 2.16296 100 20 0 0 0 -2.54762 100 25 0 0 0 0 0 0 0 0 0 0 0
92400 -204.644 0 0 0 0.187375 100 42 1.5772 100 16 0 0 0 -2.32261 100 25 0 0 0 0 0 0 0 0 0 0 0
92500 -204.74 0 0 0 1.65426 100 31 3.4633 100 20 0 0 0 -2.74611 100 22 0 0 0 0 0 0 0 0 0 0 0
92600 -203.663 0 0 0 1.06839 100 35 2.03267 100 25 0 0 0 -2.5236 100 23 0 0 0 0 0 0 0 0 0 0 0
92700 -203.678 0 0 0 0.676678 100 40 2.26939 100 27 0 0 0 -2.43089 100 27 0 0 0 0 0 0 0 0 0 0 0
92800 -206.397 0 0 0 1.18939 100 29 0.248188 100 23 0 0 0 -2.64534 100 24 0 0 0 0 0 0 0 0 0 0 0
92900 -204.571 0 0 0 1.19031 100 39 2.16095 100 17 0 0 0 -2.77123 100 26 0 0 0 0 0 0 0 0 0 0 0
93000 -203.982 0 0 0 0.928597 100 37 1.74347 100 21 0 0 0 -2.5993 100 30 0 0 0 0 0 0 0 0 0 0 0
93100 -203.98 0 0 0 0.595031 100 45 2.76176 100 23 0 0 0 -2.5248 100 28 0 0 0 0 0 0 0 0 0 0 0
93200 -206.931 0 0 0 -0.40776 100 43 -0.814735 100 20 0 0 0 -1.94628 100 17 0 0 0 0 0 0 0 0 0 0 0
93300 -203.822 0 0 0 1.31278 100 38 3.51759 100 25 0 0 0 -2.68849 100 27 0 0 0 0 0 0 0 0 0 0 0
93400 -204.517 0 0 0 0.325353 100 41 2.14453 100 16 0 0 0 -2.45556 100 27 0 0 0 0 0 0 0 0 0 0 0
93500 -203.527 0 0 0 0.964376 100 39 2.25627 100 20 0 0 0 -2.51047 100 20 0 0 0 0 0 0 0 0 0 0 0
93600 -204.249 0 0 0 0.742925 100 38 2.88869 100 24 0 0 0 -2.38886 100 24 0 0 0 0 0 0 0 0 0 0 0
93700 -203.703 0 0 0 0.908049 100 34 1.93903 100 23 0 0 0 -2.39822 100 22 0 0 0 0 0 0 0 0 0 0 0
93800 -204.102 0 0 0 0.97441 100 41 3.42765 100 20 0 0 0 -2.79064 100 24 0 0 0 0 0 0 0 0 0 0 0
93900 -204.024 0 0 0 0.739316 100 35 3.15513 100 17 0 0 0 -2.48357 100 22 0 0 0 0 0 0 0 0 0 0 0
94000 -203.926 0 0 0 1.03123 100 41 2.55704 100 19 0 0 0 -2.7112 100 31 0 0 0 0 0 0 0 0 0 0 0
94100 -203.507 0 0 0 0.935129 100 41 2.36504 100 24 0 0 0 -2.53341 100 21 0 0 0 0 0 0 0 0 0 0 0
94200 -203.716 0 0 0 0.949337 100 34 1.72882 100 18 0 0 0 -2.41236 100 10 0 0 0 0 0 0 0 0 0 0 0
94300 -204.343 0 0 0 1.54146 100 41 3.31509 100 25 0 0 0 -2.85654 100 21 0 0 0 0 0 0 0 0 0 0 0
94400 -207.031 0 0 0 2.18708 100 45 7.34977 100 17 0 0 0 -3.37392 100 20 0 0 0 0 0 0 0 0 0 0 0
94500 -204.596 0 0 0 1.65872 100 40 4.61728 100 20 0 0 0 -2.8745 100 19 0 0 0 0 0 0 0 0 0 0 0
94600 -204.541 0 0 0 0.227132 100 34 0.35634 100 21 0 0 0 -2.15857 100 25 0 0 0 0 0 0 0 0 0 0 0
94700 -206.473 0 0 0 2.00749 100 43 3.66856 100 19 0 0 0 -2.84394 100 24 0 0 0 0 0 0 0 0 0 0 0
94800 -203.908 0 0 0 1.32215 100 42 4.12129 100 14 0 0 0 -2.82259 100 22 0 0 0 0 0 0 0 0 0 0 0
94900 -205.923 0 0 0 0.457275 100 47 3.05444 100 25 0 0 0 -2.258 100 22 0 0 0 0 0 0 0 0 0 0 0
95000 -203.618 0 0 0 0.980089 100 32 2.67458 100 22 0 0 0 -2.49967 100 21 0 0 0 0 0 0 0 0 0 0 0
95100 -204.293 0 0 0 0.610956 100 39 2.71562 100 31 0 0 0 -2.63054 100 24 0 0 0 0 0 0 0 0 0 0 0
95200 -203.972 0 0 0 0.619162 100 40 1.43716 100 21 0 0 0 -2.25663 100 26 0 0 0 0 0 0 0 0 0 0 0
95300 -203.599 0 0 0 0.712754 100 38 2.00161 100 25 0 0 0 -2.44173 100 10 0 0 0 0 0 0 0 0 0 0 0
95400 -204.009 0 0 0 1.3421 100 31 4.35526 100 20 0 0 0 -2.83029 100 24 0 0 0 0 0 0 0 0 0 0 0
95500 -205.916 0 0 0 1.29329 100 42 6.07524 100 22 0 0 0 -2.92838 100 24 0 0 0 0 0 0 0 0 0 0 0
95600 -205.092 0 0 0 0.926688 100 39 5.01511 100 15 0 0 0 -2.82646 100 28 0 0 0 0 0 0 0 0 0 0 0
95700 -204.295 0 0 0 1.0053 100 34 1.74073 100 19 0 0 0 -2.65886 100 22 0 0 0 0 0 0 0 0 0 0 0
95800 -205.321 0 0 0 0.0875268 100 39 -0.0291819 100 24 0 0 0 -1.99122 100 24 0 0 0 0 0 0 0 0 0 0 0
95900 -205.437 0 0 0 1.17214 100 31 0.183332 100 18 0 0 0 -2.37529 100 26 0 0 0 0 0 0 0 0 0 0 0
96000 -204.855 0 0 0 0.942199 100 47 0.0390501 100 15 0 0 0 -2.2962 100 30 0 0 0 0 0 0 0 0 0 0 0
96100 -206.614 0 0 0 1.12712 100 33 0.949884 100 22 0 0 0 -2.78997 100 34 0 0 0 0 0 0 0 0 0 0 0
96200 -205.891 0 0 0 0.475607 100 46 4.37476 100 25 0 0 0 -2.61255 100 24 0 0 0 0 0 0 0 0 0 0 0
96300 -203.756 0 0 0 0.968012 100 38 3.56997 100 17 0 0 0 -2.66171 100 24 0 0 0 0 0 0 0 0 0 0 0
96400 -205.197 0 0 0 0.242454 100 37 2.41427 100 19 0 0 0 -2.53253 100 22 0 0 0 0 0 0 0 0 0 0 0
96500 -204.583 0 0 0 0.820186 100 32 0.0342387 100 22 0 0 0 -2.28394 100 25 0 0 0 0 0 0 0 0 0 0 0
96600 -204.069 0 0 0 1.38786 100 35 2.65243 100 26 0 0 0 -2.70553 100 13 0 0 0 0 0 0 0 0 0 0 0
96700 -205.596 0 0 0 0.212021 100 33 2.93939 100 24 0 0 0 -2.33922 100 21 0 0 0 0 0 0 0 0 0 0 0
96800 -204.743 0 0 0 0.787961 100 26 -0.0778722 100 19 0 0 0 -2.34548 100 25 0 0 0 0 0 0 0 0 0 0 0
96900 -204.776 0 0 0 0.389136 100 28 2.31937 100 18 0 0 0 -2.26028 100 17 0 0 0 0 0 0 0 0 0 0 0
97000 -204.373 0 0 0 1.35835 100 39 2.34931 100 29 0 0 0 -2.53649 100 20 0 0 0 0 0 0 0 0 0 0 0
97100 -204.146 0 0 0 0.454795 100 34 1.98287 100 27 0 0 0 -2.30223 100 25 0 0 0 0 0 0 0 0 0 0 0
97200 -204.302 0 0 0 1.25753 100 46 3.93497 100 23 0 0 0 -2.62334 100 25 0 0 0 0 0 0 0 0 0 0 0
97300 -204.233 0 0 0 0.687379 100 41 1.61537 100 16 0 0 0 -2.566 100 26 0 0 0 0 0 0 0 0 0 0 0
97400 -203.755 0 0 0 1.20497 100 42 2.53184 100 20 0 0 0 -2.56761 100 28 0 0 0 0 0 0 0 0 0 0 0
97500 -203.982 0 0 0 0.47325 100 43 1.85312 100 21 0 0 0 -2.32647 100 24 0 0 0 0 0 0 0 0 0 0 0
97600 -205.774 0 0 0 0.00134456 100 38 -0.552174 100 23 0 0 0 -1.92552 100 25 0 0 0 0 0 0 0 0 0 0 0
97700 -204.462 0 0 0 1.29024 100 47 4.98237 100 18 0 0 0 -2.85785 100 24 0 0 0 0 0 0 0 0 0 0 0
97800 -206.005 0 0 0 2.08029 100 36 4.60317 100 24 0 0 0 -3.02588 100 25 0 0 0 0 0 0 0 0 0 0 0
97900 -206.491 0 0 0 0.743019 100 46 1.03659 100 16 0 0 0 -2.0211 100 32 0 0 0 0 0 0 0 0 0 0 0
98000 -203.985 0 0 0 1.10808 100 45 1.98938 100 19 0 0 0 -2.64764 100 21 0 0 0 0 0 0 0 0 0 0 0
98100 -205.992 0 0 0 1.09788 100 42 0.338137 100 23 0 0 0 -2.18698 100 22 0 0 0 0 0 0 0 0 0 0 0
98200 -204.878 0 0 0 0.955305 100 39 3.07106 100 14 0 0 0 -2.36896 100 22 0 0 0 0 0 0 0 0 0 0 0
98300 -208.042 0 0 0 -0.0850241 100 34 -2.97824 100 16 0 0 0 -1.75139 100 25 0 0 0 0 0 0 0 0 0 0 0
98400 -204.552 0 0 0 0.544558 100 36 2.16646 100 20 0 0 0 -2.24613 100 28 0 0 0 0 0 0 0 0 0 0 0
98500 -205.732 0 0 0 0.0814718 100 33 2.67104 100 18 0 0 0 -2.33882 100 21 0 0 0 0 0 0 0 0 0 0 0
98600 -206.134 0 0 0 0.0145844 100 28 -1.1935 100 21 0 0 0 -1.87564 100 20 0 0 0 0 0 0 0 0 0 0 0
98700 -203.765 0 0 0 0.826118 100 38 2.52654 100 18 0 0 0 -2.4198 100 21 0 0 0 0 0 0 0 0 0 0 0
98800 -203.806 0 0 0 1.30436 100 34 2.91083 100 21 0 0 0 -2.70874 100 24 0 0 0 0 0 0 0 0 0 0 0
98900 -203.632 0 0 0 0.771947 100 42 1.77722 100 20 0 0 0 -2.48041 100 23 0 0 0 0 0 0 0 0 0 0 0
99000 -203.952 0 0 0 0.47615 100 34 1.15415 100 24 0 0 0 -2.26957 100 25 0 0 0 0 0 0 0 0 0 0 0
99100 -205.717 0 0 0 1.76659 100 37 3.02746 100 21 0 0 0 -2.69498 100 27 0 0 0 0 0 0 0 0 0 0 0
99200 -203.974 0 0 0 1.23267 100 41 3.90546 100 22 0 0 0 -2.85455 100 27 0 0 0 0 0 0 0 0 0 0 0
99300 -203.742 0 0 0 0.615867 100 37 1.36752 100 26 0 0 0 -2.37368 100 17 0 0 0 0 0 0 0 0 0 0 0
99400 -205.305 0 0 0 0.763945 100 38 2.05447 100 17 0 0 0 -2.75541 100 27 0 0 0 0 0 0 0 0 0 0 0
99500 -203.653 0 0 0 1.01704 100 36 3.33181 100 24 0 0 0 -2.61065 100 21 0 0 0 0 0 0 0 0 0 0 0
99600 -205.104 0 0 0 1.10337 100 40 0.71341 100 23 0 0 0 -2.27855 100 21 0 0 0 0 0 0 0 0 0 0 0
99700 -203.686 0 0 0 0.829833 100 41 1.76127 100 18 0 0 0 -2.51536 100 19 0 0 0 0 0 0 0 0 0 0 0
99800 -204.678 0 0 0 1.06102 100 52 4.91201 100 20 0 0 0 -2.86845 100 21 0 0 0 0 0 0 0 0 0 0 0
99900 -205.315 0 0 0 0.314616 100 43 -0.676692 100 31 0 0 0 -1.9809 100 16 0 0 0 0 0 0 0 0 0 0 0
100000 -203.815 0 0 0 0.635655 100 34 1.05638 100 21 0 0 0 -2.3528 100 20 0 0 0 0 0 0 0 0 0 0 0
