iteration logLik intercept1 intercept1_p intercept1_a pcov2 pcov2_p pcov2_a pcov3 pcov3_p pcov3_a pcov4 pcov4_p pcov4_a intercept2 intercept2_p intercept2_a intercept3 intercept3_p intercept3_a intercept4 intercept4_p intercept4_a pcov pcov_p pcov_a data_p data_a
0 -890.166 7.69593 0 0 0 0 0 0 0 0 0 0 0 -13.9866 0 0 0.199057 0 0 0 0 0 0 0 0 0 0
100 -253.527 -2.11103 100 60 0 0 0 0 0 0 0 0 0 -1.67869 100 35 -1.37816 100 38 0 0 0 0 0 0 0 0
200 -252.362 -4.2629 100 47 0 0 0 0 0 0 0 0 0 -1.39906 100 23 -1.37075 100 25 0 0 0 0 0 0 0 0
300 -258.533 -0.436899 100 60 0 0 0 0 0 0 0 0 0 -1.84395 100 27 -1.17077 100 19 0 0 0 0 0 0 0 0
400 -251.851 -4.28252 100 51 0 0 0 0 0 0 0 0 0 -1.62461 100 20 -0.856869 100 25 0 0 0 0 0 0 0 0
500 -252.065 -3.94225 100 61 0 0 0 0 0 0 0 0 0 -1.68083 100 26 -0.621268 100 26 0 0 0 0 0 0 0 0
600 -253.663 -4.53255 100 54 0 0 0 0 0 0 0 0 0 -1.75204 100 16 -1.00073 100 22 0 0 0 0 0 0 0 0
700 -252.032 -3.28579 100 55 0 0 0 0 0 0 0 0 0 -1.27954 100 19 -1.09884 100 22 0 0 0 0 0 0 0 0
800 -252.048 -4.19877 100 58 0 0 0 0 0 0 0 0 0 -1.33681 100 26 -1.1908 100 21 0 0 0 0 0 0 0 0
900 -252.617 -3.32772 100 52 0 0 0 0 0 0 0 0 0 -1.23945 100 22 -1.329 100 24 0 0 0 0 0 0 0 0
1000 -252.723 -1.80646 100 59 0 0 0 0 0 0 0 0 0 -1.63861 100 18 -1.27643 100 21 0 0 0 0 0 0 0 0
1100 -251.975 -1.82079 100 53 0 0 0 0 0 0 0 0 0 -1.64398 100 21 -0.513306 100 28 0 0 0 0 0 0 0 0
1200 -250.927 -3.27598 100 69 0 0 0 0 0 0 0 0 0 -1.48648 100 19 -1.07132 100 20 0 0 0 0 0 0 0 0
1300 -255.834 -8.41038 100 53 0 0 0 0 0 0 0 0 0 -1.55101 100 23 -0.673489 100 23 0 0 0 0 0 0 0 0
1400 -255.423 -4.49729 100 52 0 0 0 0 0 0 0 0 0 -1.20396 100 27 -0.775115 100 28 0 0 0 0 0 0 0 0
1500 -251.328 -3.82284 100 59 0 0 0 0 0 0 0 0 0 -1.52228 100 27 -0.76245 100 18 0 0 0 0 0 0 0 0
1600 -251.7 -1.98518 100 57 0 0 0 0 0 0 0 0 0 -1.72249 100 28 -0.746278 100 22 0 0 0 0 0 0 0 0
1700 -253.738 -1.62637 100 59 0 0 0 0 0 0 0 0 0 -1.26578 100 23 -1.38296 100 26 0 0 0 0 0 0 0 0
1800 -251.703 -3.45267 100 65 0 0 0 0 0 0 0 0 0 -1.33337 100 27 -1.25051 100 26 0 0 0 0 0 0 0 0
1900 -251.982 -3.3884 100 48 0 0 0 0 0 0 0 0 0 -1.71949 100 20 -0.588212 100 27 0 0 0 0 0 0 0 0
2000 -251.602 -2.92844 100 59 0 0 0 0 0 0 0 0 0 -1.47918 100 24 -0.625102 100 24 0 0 0 0 0 0 0 0
2100 -252.644 -1.33975 100 59 0 0 0 0 0 0 0 0 0 -1.52586 100 18 -1.20515 100 23 0 0 0 0 0 0 0 0
2200 -251.365 -4.0627 100 58 0 0 0 0 0 0 0 0 0 -1.50675 100 24 -0.847321 100 31 0 0 0 0 0 0 0 0
2300 -251.304 -3.14573 100 54 0 0 0 0 0 0 0 0 0 -1.46651 100 30 -0.715972 100 22 0 0 0 0 0 0 0 0
2400 -251.445 -3.27335 100 54 0 0 0 0 0 0 0 0 0 -1.33947 100 30 -1.07642 100 27 0 0 0 0 0 0 0 0
2500 -252.124 -2.88174 100 58 0 0 0 0 0 0 0 0 0 -1.65296 100 22 -1.18639 100 28 0 0 0 0 0 0 0 0
2600 -250.921 -2.64761 100 56 0 0 0 0 0 0 0 0 0 -1.62014 100 17 -0.826517 100 20 0 0 0 0 0 0 0 0
2700 -252.486 -2.87731 100 55 0 0 0 0 0 0 0 0 0 -1.24616 100 23 -1.33444 100 32 0 0 0 0 0 0 0 0
2800 -251.86 -2.40965 100 60 0 0 0 0 0 0 0 0 0 -1.6591 100 26 -0.471664 100 26 0 0 0 0 0 0 0 0
2900 -251.263 -3.48368 100 45 0 0 0 0 0 0 0 0 0 -1.57966 100 27 -1.03144 100 18 0 0 0 0 0 0 0 0
3000 -252.247 -2.34672 100 50 0 0 0 0 0 0 0 0 0 -1.32454 100 28 -1.42232 100 23 0 0 0 0 0 0 0 0
3100 -250.689 -2.76044 100 51 0 0 0 0 0 0 0 0 0 -1.49732 100 19 -0.964677 100 30 0 0 0 0 0 0 0 0
3200 -250.843 -2.94991 100 63 0 0 0 0 0 0 0 0 0 -1.43355 100 27 -0.969025 100 22 0 0 0 0 0 0 0 0
3300 -253.098 -3.9191 100 61 0 0 0 0 0 0 0 0 0 -1.58956 100 20 -1.38694 100 31 0 0 0 0 0 0 0 0
3400 -256.58 -3.23205 100 56 0 0 0 0 0 0 0 0 0 -1.15679 100 23 -0.708819 100 31 0 0 0 0 0 0 0 0
3500 -250.763 -3.02276 100 53 0 0 0 0 0 0 0 0 0 -1.53975 100 22 -0.868008 100 25 0 0 0 0 0 0 0 0
3600 -251.559 -3.43274 100 62 0 0 0 0 0 0 0 0 0 -1.67784 100 20 -0.736816 100 25 0 0 0 0 0 0 0 0
3700 -250.929 -3.22482 100 58 0 0 0 0 0 0 0 0 0 -1.43549 100 23 -0.946699 100 24 0 0 0 0 0 0 0 0
3800 -253.056 -4.38775 100 53 0 0 0 0 0 0 0 0 0 -1.42238 100 25 -0.603423 100 23 0 0 0 0 0 0 0 0
3900 -252.313 -3.3244 100 45 0 0 0 0 0 0 0 0 0 -1.76137 100 30 -0.558765 100 24 0 0 0 0 0 0 0 0
4000 -251.95 -4.41442 100 60 0 0 0 0 0 0 0 0 0 -1.62315 100 18 -0.8527 100 35 0 0 0 0 0 0 0 0
4100 -253.008 -5.59506 100 48 0 0 0 0 0 0 0 0 0 -1.48071 100 13 -0.739129 100 24 0 0 0 0 0 0 0 0
4200 -252.146 -3.61832 100 63 0 0 0 0 0 0 0 0 0 -1.73431 100 27 -0.672353 100 29 0 0 0 0 0 0 0 0
4300 -252.389 -1.25171 100 53 0 0 0 0 0 0 0 0 0 -1.64352 100 27 -0.850383 100 24 0 0 0 0 0 0 0 0
4400 -251.028 -3.53711 100 64 0 0 0 0 0 0 0 0 0 -1.47046 100 21 -0.885052 100 20 0 0 0 0 0 0 0 0
4500 -250.942 -3.43898 100 65 0 0 0 0 0 0 0 0 0 -1.50568 100 23 -1.00449 100 19 0 0 0 0 0 0 0 0
4600 -251.239 -3.44261 100 62 0 0 0 0 0 0 0 0 0 -1.38142 100 22 -1.02533 100 30 0 0 0 0 0 0 0 0
4700 -251.013 -2.85296 100 50 0 0 0 0 0 0 0 0 0 -1.40916 100 19 -1.14732 100 24 0 0 0 0 0 0 0 0
4800 -251.47 -2.14185 100 62 0 0 0 0 0 0 0 0 0 -1.5234 100 26 -1.23083 100 21 0 0 0 0 0 0 0 0
4900 -250.763 -2.3876 100 60 0 0 0 0 0 0 0 0 0 -1.49165 100 21 -1.00738 100 22 0 0 0 0 0 0 0 0
5000 -250.819 -3.24634 100 50 0 0 0 0 0 0 0 0 0 -1.50124 100 25 -0.907652 100 30 0 0 0 0 0 0 0 0
5100 -252.202 -1.87328 100 53 0 0 0 0 0 0 0 0 0 -1.56324 100 21 -1.30115 100 28 0 0 0 0 0 0 0 0
5200 -252.412 -1.74049 100 54 0 0 0 0 0 0 0 0 0 -1.78317 100 32 -0.601626 100 27 0 0 0 0 0 0 0 0
5300 -251.002 -3.09934 100 55 0 0 0 0 0 0 0 0 0 -1.513 100 26 -1.11836 100 29 0 0 0 0 0 0 0 0
5400 -254.033 -5.96751 100 59 0 0 0 0 0 0 0 0 0 -1.71022 100 22 -0.648857 100 28 0 0 0 0 0 0 0 0
5500 -250.96 -2.03664 100 57 0 0 0 0 0 0 0 0 0 -1.50662 100 20 -0.872985 100 22 0 0 0 0 0 0 0 0
5600 -252.251 -4.37775 100 60 0 0 0 0 0 0 0 0 0 -1.35095 100 21 -1.27102 100 23 0 0 0 0 0 0 0 0
5700 -254.479 -4.06895 100 48 0 0 0 0 0 0 0 0 0 -1.88577 100 22 -0.38479 100 17 0 0 0 0 0 0 0 0
5800 -252.07 -2.60273 100 52 0 0 0 0 0 0 0 0 0 -1.30837 100 21 -1.37586 100 27 0 0 0 0 0 0 0 0
5900 -253.174 -5.11036 100 54 0 0 0 0 0 0 0 0 0 -1.70892 100 29 -0.685577 100 29 0 0 0 0 0 0 0 0
6000 -251.68 -2.47627 100 56 0 0 0 0 0 0 0 0 0 -1.34363 100 35 -1.3006 100 20 0 0 0 0 0 0 0 0
6100 -251.496 -3.6221 100 51 0 0 0 0 0 0 0 0 0 -1.63241 100 21 -0.933561 100 26 0 0 0 0 0 0 0 0
6200 -252.556 -2.82241 100 56 0 0 0 0 0 0 0 0 0 -1.68631 100 25 -1.20066 100 22 0 0 0 0 0 0 0 0
6300 -251.1 -3.63279 100 56 0 0 0 0 0 0 0 0 0 -1.55463 100 25 -0.837817 100 28 0 0 0 0 0 0 0 0
6400 -251.894 -2.9407 100 47 0 0 0 0 0 0 0 0 0 -1.32401 100 18 -1.36275 100 32 0 0 0 0 0 0 0 0
6500 -256.419 -3.9402 100 50 0 0 0 0 0 0 0 0 0 -2.00597 100 14 -0.219705 100 25 0 0 0 0 0 0 0 0
6600 -250.88 -2.96127 100 40 0 0 0 0 0 0 0 0 0 -1.51611 100 20 -0.773625 100 26 0 0 0 0 0 0 0 0
6700 -251.207 -1.83368 100 50 0 0 0 0 0 0 0 0 0 -1.52502 100 22 -1.01518 100 20 0 0 0 0 0 0 0 0
6800 -251.148 -2.74354 100 51 0 0 0 0 0 0 0 0 0 -1.55814 100 30 -0.644956 100 24 0 0 0 0 0 0 0 0
6900 -251.885 -3.80895 100 51 0 0 0 0 0 0 0 0 0 -1.44421 100 23 -0.69552 100 28 0 0 0 0 0 0 0 0
7000 -251.5 -3.93696 100 53 0 0 0 0 0 0 0 0 0 -1.47053 100 15 -0.77919 100 24 0 0 0 0 0 0 0 0
7100 -253.258 -1.20238 100 57 0 0 0 0 0 0 0 0 0 -1.78112 100 18 -0.735622 100 27 0 0 0 0 0 0 0 0
7200 -251.683 -3.93036 100 49 0 0 0 0 0 0 0 0 0 -1.38121 100 26 -0.907443 100 19 0 0 0 0 0 0 0 0
7300 -251.643 -2.44484 100 47 0 0 0 0 0 0 0 0 0 -1.50028 100 20 -0.594307 100 18 0 0 0 0 0 0 0 0
7400 -250.842 -2.78283 100 55 0 0 0 0 0 0 0 0 0 -1.42734 100 23 -0.988907 100 18 0 0 0 0 0 0 0 0
7500 -251.391 -3.02847 100 61 0 0 0 0 0 0 0 0 0 -1.56351 100 20 -0.599011 100 26 0 0 0 0 0 0 0 0
7600 -250.947 -3.37361 100 54 0 0 0 0 0 0 0 0 0 -1.45808 100 14 -1.05054 100 31 0 0 0 0 0 0 0 0
7700 -251.742 -4.48706 100 61 0 0 0 0 0 0 0 0 0 -1.4796 100 26 -1.07414 100 26 0 0 0 0 0 0 0 0
7800 -252.624 -4.60998 100 52 0 0 0 0 0 0 0 0 0 -1.64105 100 30 -0.563903 100 25 0 0 0 0 0 0 0 0
7900 -250.941 -2.52901 100 59 0 0 0 0 0 0 0 0 0 -1.41234 100 26 -1.06048 100 22 0 0 0 0 0 0 0 0
8000 -254.758 -2.49711 100 59 0 0 0 0 0 0 0 0 0 -1.80943 100 19 -1.27111 100 26 0 0 0 0 0 0 0 0
8100 -250.918 -2.14934 100 51 0 0 0 0 0 0 0 0 0 -1.51122 100 20 -0.824322 100 22 0 0 0 0 0 0 0 0
8200 -251.487 -1.77439 100 60 0 0 0 0 0 0 0 0 0 -1.4712 100 19 -0.822011 100 27 0 0 0 0 0 0 0 0
8300 -252.154 -4.78735 100 59 0 0 0 0 0 0 0 0 0 -1.60032 100 24 -0.822686 100 20 0 0 0 0 0 0 0 0
8400 -251.644 -1.86664 100 48 0 0 0 0 0 0 0 0 0 -1.52878 100 21 -1.2039 100 28 0 0 0 0 0 0 0 0
8500 -252.035 -1.48855 100 56 0 0 0 0 0 0 0 0 0 -1.67981 100 28 -0.839888 100 27 0 0 0 0 0 0 0 0
8600 -250.938 -3.38062 100 61 0 0 0 0 0 0 0 0 0 -1.46863 100 21 -1.0449 100 37 0 0 0 0 0 0 0 0
8700 -251.791 -3.58396 100 57 0 0 0 0 0 0 0 0 0 -1.6206 100 22 -1.09509 100 27 0 0 0 0 0 0 0 0
8800 -253.847 -2.65357 100 44 0 0 0 0 0 0 0 0 0 -1.15605 100 29 -1.28901 100 20 0 0 0 0 0 0 0 0
8900 -255.506 -4.27871 100 60 0 0 0 0 0 0 0 0 0 -1.95421 100 18 -0.530497 100 25 0 0 0 0 0 0 0 0
9000 -251.837 -2.19946 100 64 0 0 0 0 0 0 0 0 0 -1.70358 100 19 -0.977519 100 17 0 0 0 0 0 0 0 0
9100 -252.077 -3.00878 100 61 0 0 0 0 0 0 0 0 0 -1.71485 100 30 -0.989854 100 24 0 0 0 0 0 0 0 0
9200 -251.501 -1.73235 100 47 0 0 0 0 0 0 0 0 0 -1.48124 100 20 -1.09895 100 25 0 0 0 0 0 0 0 0
9300 -250.969 -3.30744 100 54 0 0 0 0 0 0 0 0 0 -1.42665 100 28 -1.02173 100 24 0 0 0 0 0 0 0 0
9400 -251.507 -1.60641 100 50 0 0 0 0 0 0 0 0 0 -1.58899 100 37 -0.887035 100 21 0 0 0 0 0 0 0 0
9500 -252.035 -1.87507 100 58 0 0 0 0 0 0 0 0 0 -1.7266 100 19 -0.900098 100 17 0 0 0 0 0 0 0 0
9600 -250.789 -2.7992 100 53 0 0 0 0 0 0 0 0 0 -1.57541 100 23 -0.904997 100 29 0 0 0 0 0 0 0 0
9700 -253.196 -3.75386 100 58 0 0 0 0 0 0 0 0 0 -1.29803 100 17 -1.57837 100 28 0 0 0 0 0 0 0 0
9800 -252.379 -4.93538 100 50 0 0 0 0 0 0 0 0 0 -1.37644 100 23 -1.13535 100 23 0 0 0 0 0 0 0 0
9900 -251.177 -3.77845 100 58 0 0 0 0 0 0 0 0 0 -1.46467 100 23 -0.896315 100 14 0 0 0 0 0 0 0 0
10000 -251.055 -3.1121 100 57 0 0 0 0 0 0 0 0 0 -1.62212 100 23 -0.833735 100 21 0 0 0 0 0 0 0 0
10100 -252.387 -1.81258 100 51 0 0 0 0 0 0 0 0 0 -1.48371 100 20 -0.575171 100 29 0 0 0 0 0 0 0 0
10200 -250.735 -3.03388 100 48 0 0 0 0 0 0 0 0 0 -1.50562 100 17 -0.922713 100 25 0 0 0 0 0 0 0 0
10300 -251.094 -2.83446 100 65 0 0 0 0 0 0 0 0 0 -1.37929 100 21 -1.10708 100 25 0 0 0 0 0 0 0 0
10400 -251.566 -4.03277 100 60 0 0 0 0 0 0 0 0 0 -1.43926 100 21 -1.17585 100 26 0 0 0 0 0 0 0 0
10500 -250.882 -2.43044 100 49 0 0 0 0 0 0 0 0 0 -1.45921 100 16 -0.865619 100 29 0 0 0 0 0 0 0 0
10600 -252.561 -3.77327 100 64 0 0 0 0 0 0 0 0 0 -1.25142 100 37 -1.22063 100 25 0 0 0 0 0 0 0 0
10700 -252.455 -1.49077 100 59 0 0 0 0 0 0 0 0 0 -1.74661 100 19 -0.784398 100 29 0 0 0 0 0 0 0 0
10800 -252.433 -1.98727 100 52 0 0 0 0 0 0 0 0 0 -1.80474 100 21 -0.645629 100 23 0 0 0 0 0 0 0 0
10900 -251.105 -1.86056 100 50 0 0 0 0 0 0 0 0 0 -1.53365 100 26 -0.877049 100 28 0 0 0 0 0 0 0 0
11000 -250.678 -2.66143 100 57 0 0 0 0 0 0 0 0 0 -1.50912 100 22 -0.936034 100 20 0 0 0 0 0 0 0 0
11100 -251.232 -3.14595 100 59 0 0 0 0 0 0 0 0 0 -1.60673 100 25 -0.653774 100 23 0 0 0 0 0 0 0 0
11200 -252.523 -5.05833 100 55 0 0 0 0 0 0 0 0 0 -1.45366 100 16 -0.771155 100 19 0 0 0 0 0 0 0 0
11300 -253.917 -5.83156 100 63 0 0 0 0 0 0 0 0 0 -1.50447 100 23 -1.34666 100 27 0 0 0 0 0 0 0 0
11400 -251.24 -2.18239 100 65 0 0 0 0 0 0 0 0 0 -1.66932 100 26 -0.766569 100 21 0 0 0 0 0 0 0 0
11500 -250.922 -2.46627 100 58 0 0 0 0 0 0 0 0 0 -1.58969 100 20 -0.978026 100 17 0 0 0 0 0 0 0 0
11600 -252.163 -4.16985 100 46 0 0 0 0 0 0 0 0 0 -1.38635 100 27 -0.795916 100 25 0 0 0 0 0 0 0 0
11700 -251.351 -2.76659 100 51 0 0 0 0 0 0 0 0 0 -1.6444 100 22 -0.596303 100 31 0 0 0 0 0 0 0 0
11800 -254.577 -2.76208 100 55 0 0 0 0 0 0 0 0 0 -1.50981 100 25 -1.78022 100 25 0 0 0 0 0 0 0 0
11900 -252.223 -3.80249 100 61 0 0 0 0 0 0 0 0 0 -1.49011 100 26 -1.37194 100 42 0 0 0 0 0 0 0 0
12000 -252.178 -3.43401 100 62 0 0 0 0 0 0 0 0 0 -1.60597 100 22 -0.470529 100 20 0 0 0 0 0 0 0 0
12100 -253.536 -5.39658 100 61 0 0 0 0 0 0 0 0 0 -1.62539 100 24 -0.512846 100 23 0 0 0 0 0 0 0 0
12200 -250.751 -2.84592 100 64 0 0 0 0 0 0 0 0 0 -1.5559 100 23 -0.841689 100 23 0 0 0 0 0 0 0 0
12300 -252.465 -3.70953 100 63 0 0 0 0 0 0 0 0 0 -1.49413 100 32 -1.42763 100 25 0 0 0 0 0 0 0 0
12400 -251.682 -3.18974 100 62 0 0 0 0 0 0 0 0 0 -1.40896 100 18 -1.36091 100 30 0 0 0 0 0 0 0 0
12500 -251.971 -4.84584 100 49 0 0 0 0 0 0 0 0 0 -1.48846 100 22 -0.995701 100 23 0 0 0 0 0 0 0 0
12600 -253.309 -2.07278 100 49 0 0 0 0 0 0 0 0 0 -1.86857 100 20 -0.416311 100 14 0 0 0 0 0 0 0 0
12700 -251.506 -3.36667 100 61 0 0 0 0 0 0 0 0 0 -1.54615 100 26 -1.19829 100 24 0 0 0 0 0 0 0 0
12800 -252.668 -1.25804 100 50 0 0 0 0 0 0 0 0 0 -1.51649 100 34 -1.13922 100 25 0 0 0 0 0 0 0 0
12900 -251.205 -3.2306 100 56 0 0 0 0 0 0 0 0 0 -1.4732 100 20 -1.20754 100 22 0 0 0 0 0 0 0 0
13000 -252.097 -2.39678 100 52 0 0 0 0 0 0 0 0 0 -1.55258 100 28 -0.47579 100 24 0 0 0 0 0 0 0 0
13100 -253.293 -2.71854 100 55 0 0 0 0 0 0 0 0 0 -1.18677 100 23 -1.19815 100 17 0 0 0 0 0 0 0 0
13200 -252.2 -2.56862 100 50 0 0 0 0 0 0 0 0 0 -1.70318 100 22 -0.41789 100 29 0 0 0 0 0 0 0 0
13300 -252.002 -1.59693 100 63 0 0 0 0 0 0 0 0 0 -1.42788 100 25 -1.15437 100 24 0 0 0 0 0 0 0 0
13400 -253.403 -4.04011 100 63 0 0 0 0 0 0 0 0 0 -1.50444 100 22 -0.431291 100 26 0 0 0 0 0 0 0 0
13500 -252.345 -2.00673 100 52 0 0 0 0 0 0 0 0 0 -1.79367 100 21 -0.574453 100 28 0 0 0 0 0 0 0 0
13600 -254.871 -1.21005 100 56 0 0 0 0 0 0 0 0 0 -1.286 100 27 -0.958387 100 30 0 0 0 0 0 0 0 0
13700 -251.899 -2.56783 100 64 0 0 0 0 0 0 0 0 0 -1.34844 100 19 -1.38966 100 20 0 0 0 0 0 0 0 0
13800 -252.685 -4.43065 100 52 0 0 0 0 0 0 0 0 0 -1.3176 100 20 -1.35652 100 24 0 0 0 0 0 0 0 0
13900 -254.107 -2.75706 100 58 0 0 0 0 0 0 0 0 0 -1.53919 100 17 -0.273998 100 25 0 0 0 0 0 0 0 0
14000 -251.633 -1.5762 100 64 0 0 0 0 0 0 0 0 0 -1.48929 100 23 -0.970498 100 18 0 0 0 0 0 0 0 0
14100 -251.711 -4.2468 100 51 0 0 0 0 0 0 0 0 0 -1.39539 100 26 -1.11423 100 13 0 0 0 0 0 0 0 0
14200 -251.05 -2.36007 100 55 0 0 0 0 0 0 0 0 0 -1.59835 100 18 -1.01074 100 28 0 0 0 0 0 0 0 0
14300 -251.974 -1.50361 100 55 0 0 0 0 0 0 0 0 0 -1.67592 100 21 -0.699563 100 27 0 0 0 0 0 0 0 0
14400 -250.803 -2.60765 100 58 0 0 0 0 0 0 0 0 0 -1.58463 100 27 -0.804199 100 26 0 0 0 0 0 0 0 0
14500 -251.618 -1.60573 100 48 0 0 0 0 0 0 0 0 0 -1.52969 100 18 -1.04863 100 20 0 0 0 0 0 0 0 0
14600 -251.107 -3.36999 100 53 0 0 0 0 0 0 0 0 0 -1.60135 100 19 -0.780583 100 24 0 0 0 0 0 0 0 0
14700 -251.851 -2.37863 100 54 0 0 0 0 0 0 0 0 0 -1.35161 100 18 -0.839971 100 26 0 0 0 0 0 0 0 0
14800 -250.859 -2.61821 100 52 0 0 0 0 0 0 0 0 0 -1.42782 100 21 -0.968631 100 26 0 0 0 0 0 0 0 0
14900 -251.355 -2.0329 100 60 0 0 0 0 0 0 0 0 0 -1.41379 100 23 -0.903446 100 19 0 0 0 0 0 0 0 0
15000 -253.579 -4.0942 100 58 0 0 0 0 0 0 0 0 0 -1.75077 100 21 -1.07436 100 26 0 0 0 0 0 0 0 0
15100 -251.47 -3.95777 100 60 0 0 0 0 0 0 0 0 0 -1.47401 100 27 -1.14921 100 19 0 0 0 0 0 0 0 0
15200 -252.92 -2.08706 100 56 0 0 0 0 0 0 0 0 0 -1.31413 100 23 -0.780475 100 27 0 0 0 0 0 0 0 0
15300 -251.783 -3.75077 100 54 0 0 0 0 0 0 0 0 0 -1.35507 100 22 -1.26744 100 29 0 0 0 0 0 0 0 0
15400 -253.986 -1.67258 100 51 0 0 0 0 0 0 0 0 0 -1.39788 100 20 -1.64069 100 19 0 0 0 0 0 0 0 0
15500 -253.469 -5.01253 100 61 0 0 0 0 0 0 0 0 0 -1.49644 100 26 -0.531002 100 21 0 0 0 0 0 0 0 0
15600 -252.974 -2.25654 100 46 0 0 0 0 0 0 0 0 0 -1.22755 100 19 -1.30222 100 15 0 0 0 0 0 0 0 0
15700 -250.753 -2.8369 100 57 0 0 0 0 0 0 0 0 0 -1.52755 100 18 -0.823052 100 34 0 0 0 0 0 0 0 0
15800 -252.671 -4.18626 100 66 0 0 0 0 0 0 0 0 0 -1.26812 100 24 -1.25154 100 22 0 0 0 0 0 0 0 0
15900 -252.263 -3.73739 100 52 0 0 0 0 0 0 0 0 0 -1.50119 100 28 -0.553011 100 31 0 0 0 0 0 0 0 0
16000 -253.164 -4.37893 100 59 0 0 0 0 0 0 0 0 0 -1.7266 100 25 -0.992107 100 26 0 0 0 0 0 0 0 0
16100 -250.864 -3.17391 100 55 0 0 0 0 0 0 0 0 0 -1.52074 100 22 -0.816487 100 21 0 0 0 0 0 0 0 0
16200 -251.797 -2.62625 100 61 0 0 0 0 0 0 0 0 0 -1.73669 100 28 -0.825075 100 28 0 0 0 0 0 0 0 0
16300 -252.788 -2.22214 100 49 0 0 0 0 0 0 0 0 0 -1.69022 100 13 -1.23726 100 22 0 0 0 0 0 0 0 0
16400 -252.077 -3.52022 100 56 0 0 0 0 0 0 0 0 0 -1.73378 100 30 -0.668531 100 21 0 0 0 0 0 0 0 0
16500 -251.888 -1.7434 100 52 0 0 0 0 0 0 0 0 0 -1.72105 100 22 -0.745071 100 21 0 0 0 0 0 0 0 0
16600 -252.468 -2.59218 100 41 0 0 0 0 0 0 0 0 0 -1.3392 100 27 -1.51751 100 36 0 0 0 0 0 0 0 0
16700 -256.113 -5.5348 100 54 0 0 0 0 0 0 0 0 0 -1.91975 100 27 -0.539587 100 22 0 0 0 0 0 0 0 0
16800 -252.468 -1.71884 100 60 0 0 0 0 0 0 0 0 0 -1.78343 100 33 -0.743243 100 26 0 0 0 0 0 0 0 0
16900 -251.466 -1.64657 100 53 0 0 0 0 0 0 0 0 0 -1.59049 100 20 -0.915722 100 31 0 0 0 0 0 0 0 0
17000 -253.774 -6.60335 100 51 0 0 0 0 0 0 0 0 0 -1.40771 100 17 -1.04863 100 26 0 0 0 0 0 0 0 0
17100 -251.121 -2.83134 100 56 0 0 0 0 0 0 0 0 0 -1.51846 100 31 -1.17875 100 21 0 0 0 0 0 0 0 0
17200 -253.83 -3.65725 100 59 0 0 0 0 0 0 0 0 0 -1.8772 100 29 -0.588406 100 27 0 0 0 0 0 0 0 0
17300 -251.569 -2.21967 100 50 0 0 0 0 0 0 0 0 0 -1.40118 100 20 -1.29325 100 24 0 0 0 0 0 0 0 0
17400 -252.496 -2.07128 100 55 0 0 0 0 0 0 0 0 0 -1.33602 100 20 -1.43864 100 31 0 0 0 0 0 0 0 0
17500 -252.631 -5.32346 100 44 0 0 0 0 0 0 0 0 0 -1.50503 100 21 -0.755083 100 27 0 0 0 0 0 0 0 0
17600 -251.302 -2.69943 100 62 0 0 0 0 0 0 0 0 0 -1.44609 100 22 -0.73019 100 30 0 0 0 0 0 0 0 0
17700 -251.328 -2.87722 100 47 0 0 0 0 0 0 0 0 0 -1.6646 100 27 -0.908765 100 25 0 0 0 0 0 0 0 0
17800 -253.017 -1.07439 100 59 0 0 0 0 0 0 0 0 0 -1.54318 100 18 -1.01637 100 23 0 0 0 0 0 0 0 0
17900 -251.322 -2.38912 100 56 0 0 0 0 0 0 0 0 0 -1.6788 100 22 -0.657117 100 24 0 0 0 0 0 0 0 0
18000 -250.987 -3.43808 100 55 0 0 0 0 0 0 0 0 0 -1.50526 100 26 -1.04295 100 25 0 0 0 0 0 0 0 0
18100 -251.056 -3.38907 100 55 0 0 0 0 0 0 0 0 0 -1.42131 100 21 -0.949301 100 28 0 0 0 0 0 0 0 0
18200 -250.987 -3.43179 100 57 0 0 0 0 0 0 0 0 0 -1.45443 100 27 -0.911859 100 25 0 0 0 0 0 0 0 0
18300 -251.41 -1.81965 100 58 0 0 0 0 0 0 0 0 0 -1.4358 100 22 -0.995102 100 25 0 0 0 0 0 0 0 0
18400 -252.311 -3.28545 100 51 0 0 0 0 0 0 0 0 0 -1.33342 100 30 -1.46743 100 28 0 0 0 0 0 0 0 0
18500 -251.833 -1.44314 100 56 0 0 0 0 0 0 0 0 0 -1.5284 100 24 -0.893587 100 18 0 0 0 0 0 0 0 0
18600 -252.887 -2.83054 100 53 0 0 0 0 0 0 0 0 0 -1.22537 100 23 -1.03219 100 29 0 0 0 0 0 0 0 0
18700 -251.745 -1.92453 100 53 0 0 0 0 0 0 0 0 0 -1.61472 100 19 -1.12907 100 28 0 0 0 0 0 0 0 0
18800 -252.548 -5.47995 100 54 0 0 0 0 0 0 0 0 0 -1.4893 100 13 -0.909116 100 20 0 0 0 0 0 0 0 0
18900 -254.336 -6.52618 100 57 0 0 0 0 0 0 0 0 0 -1.31617 100 23 -1.23574 100 21 0 0 0 0 0 0 0 0
19000 -252.303 -3.26421 100 49 0 0 0 0 0 0 0 0 0 -1.25472 100 23 -1.22765 100 15 0 0 0 0 0 0 0 0
19100 -252.614 -2.5445 100 62 0 0 0 0 0 0 0 0 0 -1.46755 100 22 -1.53753 100 23 0 0 0 0 0 0 0 0
19200 -251.187 -3.76597 100 53 0 0 0 0 0 0 0 0 0 -1.55472 100 22 -0.838232 100 24 0 0 0 0 0 0 0 0
19300 -251.401 -3.81795 100 62 0 0 0 0 0 0 0 0 0 -1.47613 100 16 -0.777579 100 26 0 0 0 0 0 0 0 0
19400 -252.409 -2.92727 100 56 0 0 0 0 0 0 0 0 0 -1.421 100 26 -0.583436 100 31 0 0 0 0 0 0 0 0
19500 -251.217 -3.26736 100 53 0 0 0 0 0 0 0 0 0 -1.43824 100 14 -0.799372 100 26 0 0 0 0 0 0 0 0
19600 -250.959 -3.35821 100 56 0 0 0 0 0 0 0 0 0 -1.55531 100 17 -0.95157 100 21 0 0 0 0 0 0 0 0
19700 -252.849 -3.30803 100 56 0 0 0 0 0 0 0 0 0 -1.52763 100 26 -1.49668 100 23 0 0 0 0 0 0 0 0
19800 -250.931 -3.41844 100 65 0 0 0 0 0 0 0 0 0 -1.4886 100 29 -0.882072 100 31 0 0 0 0 0 0 0 0
19900 -254.605 -6.27522 100 55 0 0 0 0 0 0 0 0 0 -1.59819 100 18 -0.474875 100 26 0 0 0 0 0 0 0 0
20000 -253.917 -1.89083 100 53 0 0 0 0 0 0 0 0 0 -1.91594 100 26 -0.638224 100 28 0 0 0 0 0 0 0 0
20100 -250.881 -2.99993 100 62 0 0 0 0 0 0 0 0 0 -1.57686 100 20 -0.778941 100 20 0 0 0 0 0 0 0 0
20200 -251.195 -2.84518 100 50 0 0 0 0 0 0 0 0 0 -1.37005 100 29 -1.16085 100 28 0 0 0 0 0 0 0 0
20300 -250.884 -2.33446 100 50 0 0 0 0 0 0 0 0 0 -1.46675 100 19 -1.07842 100 23 0 0 0 0 0 0 0 0
20400 -251.873 -3.05346 100 53 0 0 0 0 0 0 0 0 0 -1.28687 100 31 -1.14008 100 22 0 0 0 0 0 0 0 0
20500 -250.72 -2.49763 100 54 0 0 0 0 0 0 0 0 0 -1.52856 100 22 -0.969872 100 24 0 0 0 0 0 0 0 0
20600 -251.68 -1.96921 100 61 0 0 0 0 0 0 0 0 0 -1.55451 100 14 -1.2156 100 18 0 0 0 0 0 0 0 0
20700 -253.688 -5.63037 100 65 0 0 0 0 0 0 0 0 0 -1.66407 100 26 -1.01907 100 25 0 0 0 0 0 0 0 0
20800 -256.888 -3.05785 100 63 0 0 0 0 0 0 0 0 0 -2.07731 100 23 -0.219488 100 20 0 0 0 0 0 0 0 0
20900 -250.883 -2.7318 100 60 0 0 0 0 0 0 0 0 0 -1.48992 100 17 -1.11954 100 31 0 0 0 0 0 0 0 0
21000 -253.927 -5.6212 100 58 0 0 0 0 0 0 0 0 0 -1.67806 100 22 -0.496499 100 28 0 0 0 0 0 0 0 0
21100 -251.594 -2.98947 100 65 0 0 0 0 0 0 0 0 0 -1.41942 100 21 -1.35292 100 27 0 0 0 0 0 0 0 0
21200 -250.925 -2.79918 100 59 0 0 0 0 0 0 0 0 0 -1.42326 100 22 -0.917242 100 36 0 0 0 0 0 0 0 0
21300 -251.386 -2.19968 100 55 0 0 0 0 0 0 0 0 0 -1.55674 100 15 -1.17921 100 23 0 0 0 0 0 0 0 0
21400 -252.143 -1.78993 100 51 0 0 0 0 0 0 0 0 0 -1.47061 100 21 -1.33383 100 24 0 0 0 0 0 0 0 0
21500 -252.155 -4.75472 100 56 0 0 0 0 0 0 0 0 0 -1.5373 100 17 -0.723437 100 30 0 0 0 0 0 0 0 0
21600 -252.421 -3.80346 100 48 0 0 0 0 0 0 0 0 0 -1.70888 100 28 -0.970323 100 27 0 0 0 0 0 0 0 0
21700 -252.597 -2.67268 100 59 0 0 0 0 0 0 0 0 0 -1.49272 100 20 -0.465103 100 23 0 0 0 0 0 0 0 0
21800 -253.539 -1.29535 100 61 0 0 0 0 0 0 0 0 0 -1.42048 100 21 -1.37642 100 27 0 0 0 0 0 0 0 0
21900 -251.381 -2.28629 100 57 0 0 0 0 0 0 0 0 0 -1.63254 100 23 -1.04478 100 29 0 0 0 0 0 0 0 0
22000 -253.322 -5.57097 100 50 0 0 0 0 0 0 0 0 0 -1.45648 100 23 -0.687101 100 24 0 0 0 0 0 0 0 0
22100 -252.911 -4.03415 100 63 0 0 0 0 0 0 0 0 0 -1.37199 100 18 -1.52503 100 17 0 0 0 0 0 0 0 0
22200 -255.241 -5.2644 100 57 0 0 0 0 0 0 0 0 0 -1.39871 100 18 -1.73393 100 25 0 0 0 0 0 0 0 0
22300 -254.134 -4.39901 100 61 0 0 0 0 0 0 0 0 0 -1.17113 100 16 -1.28073 100 19 0 0 0 0 0 0 0 0
22400 -252.924 -2.71684 100 49 0 0 0 0 0 0 0 0 0 -1.8154 100 27 -0.391159 100 20 0 0 0 0 0 0 0 0
22500 -255.441 -2.63179 100 52 0 0 0 0 0 0 0 0 0 -1.9944 100 21 -0.694453 100 28 0 0 0 0 0 0 0 0
22600 -252.063 -4.47837 100 57 0 0 0 0 0 0 0 0 0 -1.38804 100 25 -0.898963 100 25 0 0 0 0 0 0 0 0
22700 -251.155 -2.72958 100 55 0 0 0 0 0 0 0 0 0 -1.36787 100 29 -1.06501 100 23 0 0 0 0 0 0 0 0
22800 -251.282 -3.79279 100 58 0 0 0 0 0 0 0 0 0 -1.45555 100 24 -1.11884 100 17 0 0 0 0 0 0 0 0
22900 -251.877 -2.98933 100 64 0 0 0 0 0 0 0 0 0 -1.29083 100 24 -1.06099 100 21 0 0 0 0 0 0 0 0
23000 -251.561 -3.58155 100 63 0 0 0 0 0 0 0 0 0 -1.44062 100 23 -1.27707 100 23 0 0 0 0 0 0 0 0
23100 -251.96 -2.78432 100 53 0 0 0 0 0 0 0 0 0 -1.33838 100 23 -1.40461 100 29 0 0 0 0 0 0 0 0
23200 -252.752 -4.7022 100 56 0 0 0 0 0 0 0 0 0 -1.58997 100 26 -1.18725 100 29 0 0 0 0 0 0 0 0
23300 -251.078 -2.80502 100 61 0 0 0 0 0 0 0 0 0 -1.64635 100 22 -0.803569 100 24 0 0 0 0 0 0 0 0
23400 -252.407 -2.46607 100 49 0 0 0 0 0 0 0 0 0 -1.42776 100 19 -0.577749 100 25 0 0 0 0 0 0 0 0
23500 -253.006 -3.47326 100 53 0 0 0 0 0 0 0 0 0 -1.67719 100 18 -1.2503 100 29 0 0 0 0 0 0 0 0
23600 -251.617 -3.36756 100 54 0 0 0 0 0 0 0 0 0 -1.419 100 17 -1.32586 100 26 0 0 0 0 0 0 0 0
23700 -251.007 -1.97524 100 54 0 0 0 0 0 0 0 0 0 -1.56699 100 29 -0.909665 100 30 0 0 0 0 0 0 0 0
23800 -253.908 -6.4566 100 62 0 0 0 0 0 0 0 0 0 -1.5753 100 23 -1.06949 100 19 0 0 0 0 0 0 0 0
23900 -250.982 -2.23084 100 62 0 0 0 0 0 0 0 0 0 -1.60661 100 28 -0.745739 100 29 0 0 0 0 0 0 0 0
24000 -254.484 -2.69332 100 67 0 0 0 0 0 0 0 0 0 -1.21165 100 16 -0.78342 100 22 0 0 0 0 0 0 0 0
24100 -251.678 -2.32381 100 61 0 0 0 0 0 0 0 0 0 -1.70772 100 17 -0.914302 100 22 0 0 0 0 0 0 0 0
24200 -251.707 -2.7777 100 60 0 0 0 0 0 0 0 0 0 -1.73416 100 36 -0.715981 100 21 0 0 0 0 0 0 0 0
24300 -250.968 -3.30415 100 51 0 0 0 0 0 0 0 0 0 -1.44023 100 18 -1.07788 100 24 0 0 0 0 0 0 0 0
24400 -256.163 -3.91517 100 59 0 0 0 0 0 0 0 0 0 -1.57191 100 23 -1.83087 100 21 0 0 0 0 0 0 0 0
24500 -252.249 -2.99431 100 50 0 0 0 0 0 0 0 0 0 -1.76453 100 21 -0.838224 100 30 0 0 0 0 0 0 0 0
24600 -252.374 -2.08239 100 57 0 0 0 0 0 0 0 0 0 -1.68671 100 27 -0.399082 100 27 0 0 0 0 0 0 0 0
24700 -252.372 -4.99373 100 45 0 0 0 0 0 0 0 0 0 -1.56331 100 20 -1.03698 100 31 0 0 0 0 0 0 0 0
24800 -252.908 -4.44378 100 60 0 0 0 0 0 0 0 0 0 -1.68071 100 21 -0.484902 100 27 0 0 0 0 0 0 0 0
24900 -252.018 -2.13502 100 59 0 0 0 0 0 0 0 0 0 -1.52217 100 25 -0.53326 100 25 0 0 0 0 0 0 0 0
25000 -251.055 -2.9202 100 58 0 0 0 0 0 0 0 0 0 -1.5805 100 39 -1.04731 100 22 0 0 0 0 0 0 0 0
25100 -251.994 -2.8919 100 58 0 0 0 0 0 0 0 0 0 -1.36637 100 23 -0.746344 100 28 0 0 0 0 0 0 0 0
25200 -253.994 -0.973339 100 57 0 0 0 0 0 0 0 0 0 -1.79772 100 28 -0.575107 100 27 0 0 0 0 0 0 0 0
25300 -252.319 -2.61028 100 53 0 0 0 0 0 0 0 0 0 -1.25659 100 21 -1.10062 100 25 0 0 0 0 0 0 0 0
25400 -251.313 -3.38957 100 51 0 0 0 0 0 0 0 0 0 -1.40922 100 33 -1.22106 100 30 0 0 0 0 0 0 0 0
25500 -250.812 -2.66031 100 50 0 0 0 0 0 0 0 0 0 -1.58126 100 25 -0.928273 100 24 0 0 0 0 0 0 0 0
25600 -253.447 -5.69218 100 60 0 0 0 0 0 0 0 0 0 -1.56425 100 19 -1.18062 100 30 0 0 0 0 0 0 0 0
25700 -251.028 -3.51143 100 60 0 0 0 0 0 0 0 0 0 -1.44138 100 23 -0.967951 100 26 0 0 0 0 0 0 0 0
25800 -252.251 -3.53215 100 52 0 0 0 0 0 0 0 0 0 -1.4104 100 21 -1.45537 100 24 0 0 0 0 0 0 0 0
25900 -251.574 -3.59869 100 44 0 0 0 0 0 0 0 0 0 -1.63526 100 24 -0.971316 100 29 0 0 0 0 0 0 0 0
26000 -251.028 -2.23736 100 60 0 0 0 0 0 0 0 0 0 -1.62334 100 21 -0.741291 100 21 0 0 0 0 0 0 0 0
26100 -250.706 -2.86146 100 58 0 0 0 0 0 0 0 0 0 -1.48555 100 18 -0.946662 100 23 0 0 0 0 0 0 0 0
26200 -250.718 -2.56912 100 53 0 0 0 0 0 0 0 0 0 -1.55356 100 30 -0.907286 100 21 0 0 0 0 0 0 0 0
26300 -251.757 -4.07559 100 57 0 0 0 0 0 0 0 0 0 -1.47455 100 19 -0.726964 100 26 0 0 0 0 0 0 0 0
26400 -253.759 -2.01823 100 58 0 0 0 0 0 0 0 0 0 -1.40745 100 21 -1.68856 100 24 0 0 0 0 0 0 0 0
26500 -250.856 -2.22993 100 54 0 0 0 0 0 0 0 0 0 -1.55523 100 23 -0.968143 100 29 0 0 0 0 0 0 0 0
26600 -251.252 -3.7135 100 57 0 0 0 0 0 0 0 0 0 -1.42433 100 16 -0.920789 100 31 0 0 0 0 0 0 0 0
26700 -252.435 -3.71391 100 56 0 0 0 0 0 0 0 0 0 -1.38365 100 30 -1.47286 100 26 0 0 0 0 0 0 0 0
26800 -255.016 -1.84003 100 61 0 0 0 0 0 0 0 0 0 -1.19384 100 22 -1.62452 100 27 0 0 0 0 0 0 0 0
26900 -252.043 -2.99858 100 48 0 0 0 0 0 0 0 0 0 -1.27412 100 26 -1.09402 100 26 0 0 0 0 0 0 0 0
27000 -254.609 -5.73266 100 52 0 0 0 0 0 0 0 0 0 -1.71451 100 26 -1.08475 100 19 0 0 0 0 0 0 0 0
27100 -251.903 -4.38505 100 62 0 0 0 0 0 0 0 0 0 -1.39766 100 20 -1.1799 100 26 0 0 0 0 0 0 0 0
27200 -251.468 -2.70772 100 66 0 0 0 0 0 0 0 0 0 -1.53317 100 14 -0.589028 100 29 0 0 0 0 0 0 0 0
27300 -253.674 -3.90854 100 62 0 0 0 0 0 0 0 0 0 -1.83892 100 23 -0.449406 100 27 0 0 0 0 0 0 0 0
27400 -255.057 -1.1092 100 58 0 0 0 0 0 0 0 0 0 -1.93495 100 20 -0.421697 100 18 0 0 0 0 0 0 0 0
27500 -251.095 -2.15962 100 59 0 0 0 0 0 0 0 0 0 -1.53944 100 22 -1.09959 100 19 0 0 0 0 0 0 0 0
27600 -253.153 -3.78266 100 57 0 0 0 0 0 0 0 0 0 -1.29102 100 24 -1.55862 100 23 0 0 0 0 0 0 0 0
27700 -254.03 -4.48349 100 61 0 0 0 0 0 0 0 0 0 -1.84137 100 28 -0.565446 100 27 0 0 0 0 0 0 0 0
27800 -250.935 -3.04535 100 51 0 0 0 0 0 0 0 0 0 -1.60079 100 20 -0.861305 100 29 0 0 0 0 0 0 0 0
27900 -251.816 -3.07199 100 54 0 0 0 0 0 0 0 0 0 -1.55287 100 16 -1.29336 100 22 0 0 0 0 0 0 0 0
28000 -251.389 -2.87511 100 60 0 0 0 0 0 0 0 0 0 -1.3696 100 23 -0.88652 100 26 0 0 0 0 0 0 0 0
28100 -252.332 -2.17885 100 50 0 0 0 0 0 0 0 0 0 -1.60362 100 19 -1.3163 100 27 0 0 0 0 0 0 0 0
28200 -251.476 -4.2114 100 61 0 0 0 0 0 0 0 0 0 -1.45369 100 32 -1.0294 100 32 0 0 0 0 0 0 0 0
28300 -257.227 -3.02096 100 62 0 0 0 0 0 0 0 0 0 -1.03988 100 25 -1.77562 100 29 0 0 0 0 0 0 0 0
28400 -253.492 -1.62582 100 57 0 0 0 0 0 0 0 0 0 -1.56885 100 18 -0.37339 100 25 0 0 0 0 0 0 0 0
28500 -251.845 -3.134 100 58 0 0 0 0 0 0 0 0 0 -1.29117 100 25 -1.12435 100 27 0 0 0 0 0 0 0 0
28600 -251.743 -4.3709 100 54 0 0 0 0 0 0 0 0 0 -1.40212 100 32 -1.03893 100 24 0 0 0 0 0 0 0 0
28700 -250.891 -2.18532 100 65 0 0 0 0 0 0 0 0 0 -1.56382 100 15 -0.792185 100 25 0 0 0 0 0 0 0 0
28800 -252.29 -3.11454 100 48 0 0 0 0 0 0 0 0 0 -1.47407 100 21 -0.533557 100 20 0 0 0 0 0 0 0 0
28900 -252.358 -4.05687 100 55 0 0 0 0 0 0 0 0 0 -1.28676 100 20 -1.09582 100 16 0 0 0 0 0 0 0 0
29000 -253.301 -3.31411 100 59 0 0 0 0 0 0 0 0 0 -1.36299 100 25 -0.583226 100 26 0 0 0 0 0 0 0 0
29100 -253.896 -1.93303 100 55 0 0 0 0 0 0 0 0 0 -1.56937 100 28 -1.58383 100 18 0 0 0 0 0 0 0 0
29200 -250.811 -2.97659 100 62 0 0 0 0 0 0 0 0 0 -1.4432 100 24 -1.01097 100 20 0 0 0 0 0 0 0 0
29300 -250.731 -2.67259 100 62 0 0 0 0 0 0 0 0 0 -1.51759 100 23 -1.00911 100 21 0 0 0 0 0 0 0 0
29400 -251.425 -1.80562 100 63 0 0 0 0 0 0 0 0 0 -1.51203 100 25 -1.11603 100 26 0 0 0 0 0 0 0 0
29500 -252.139 -4.75243 100 57 0 0 0 0 0 0 0 0 0 -1.53691 100 28 -0.728757 100 18 0 0 0 0 0 0 0 0
29600 -251.641 -4.19674 100 61 0 0 0 0 0 0 0 0 0 -1.46752 100 22 -0.802246 100 25 0 0 0 0 0 0 0 0
29700 -251.264 -1.91893 100 62 0 0 0 0 0 0 0 0 0 -1.45911 100 19 -1.09601 100 27 0 0 0 0 0 0 0 0
29800 -251.073 -3.05351 100 55 0 0 0 0 0 0 0 0 0 -1.47623 100 19 -0.757992 100 19 0 0 0 0 0 0 0 0
29900 -251.001 -3.39529 100 56 0 0 0 0 0 0 0 0 0 -1.48075 100 29 -0.835367 100 25 0 0 0 0 0 0 0 0
30000 -250.838 -2.39748 100 62 0 0 0 0 0 0 0 0 0 -1.59115 100 17 -0.887691 100 24 0 0 0 0 0 0 0 0
30100 -252.375 -4.43469 100 64 0 0 0 0 0 0 0 0 0 -1.68674 100 24 -0.738838 100 32 0 0 0 0 0 0 0 0
30200 -252.185 -3.27555 100 62 0 0 0 0 0 0 0 0 0 -1.47156 100 23 -1.43849 100 23 0 0 0 0 0 0 0 0
30300 -251.789 -3.08136 100 48 0 0 0 0 0 0 0 0 0 -1.70084 100 31 -0.932049 100 25 0 0 0 0 0 0 0 0
30400 -251.525 -2.67664 100 50 0 0 0 0 0 0 0 0 0 -1.42888 100 15 -0.711412 100 24 0 0 0 0 0 0 0 0
30500 -254.322 -1.5732 100 50 0 0 0 0 0 0 0 0 0 -1.92855 100 21 -0.630786 100 31 0 0 0 0 0 0 0 0
30600 -253.354 -5.11928 100 49 0 0 0 0 0 0 0 0 0 -1.27169 100 21 -1.1432 100 26 0 0 0 0 0 0 0 0
30700 -251.874 -3.71444 100 62 0 0 0 0 0 0 0 0 0 -1.31242 100 35 -1.12968 100 26 0 0 0 0 0 0 0 0
30800 -251.989 -2.0287 100 47 0 0 0 0 0 0 0 0 0 -1.33576 100 19 -0.960747 100 18 0 0 0 0 0 0 0 0
30900 -251.209 -3.82175 100 66 0 0 0 0 0 0 0 0 0 -1.55383 100 21 -0.878964 100 26 0 0 0 0 0 0 0 0
31000 -252.27 -1.38172 100 60 0 0 0 0 0 0 0 0 0 -1.48779 100 24 -1.11159 100 31 0 0 0 0 0 0 0 0
31100 -251.409 -1.83374 100 57 0 0 0 0 0 0 0 0 0 -1.52833 100 26 -0.718645 100 25 0 0 0 0 0 0 0 0
31200 -251.44 -3.27601 100 57 0 0 0 0 0 0 0 0 0 -1.41857 100 28 -1.28634 100 24 0 0 0 0 0 0 0 0
31300 -252.408 -4.30373 100 55 0 0 0 0 0 0 0 0 0 -1.64454 100 32 -0.554052 100 19 0 0 0 0 0 0 0 0
31400 -251.016 -2.25676 100 59 0 0 0 0 0 0 0 0 0 -1.53822 100 25 -1.09076 100 26 0 0 0 0 0 0 0 0
31500 -251.942 -2.57911 100 58 0 0 0 0 0 0 0 0 0 -1.31823 100 18 -0.904366 100 25 0 0 0 0 0 0 0 0
31600 -251.141 -2.9127 100 68 0 0 0 0 0 0 0 0 0 -1.64413 100 18 -0.714061 100 24 0 0 0 0 0 0 0 0
31700 -251.018 -2.53698 100 52 0 0 0 0 0 0 0 0 0 -1.39589 100 25 -1.0586 100 28 0 0 0 0 0 0 0 0
31800 -251.263 -2.40161 100 64 0 0 0 0 0 0 0 0 0 -1.36597 100 22 -1.07206 100 28 0 0 0 0 0 0 0 0
31900 -252.119 -2.89078 100 52 0 0 0 0 0 0 0 0 0 -1.62251 100 21 -0.437322 100 21 0 0 0 0 0 0 0 0
32000 -251.583 -3.05809 100 67 0 0 0 0 0 0 0 0 0 -1.56838 100 21 -1.21762 100 21 0 0 0 0 0 0 0 0
32100 -251.995 -3.02 100 56 0 0 0 0 0 0 0 0 0 -1.32201 100 28 -0.867495 100 17 0 0 0 0 0 0 0 0
32200 -251.089 -1.92294 100 53 0 0 0 0 0 0 0 0 0 -1.58109 100 23 -0.803926 100 28 0 0 0 0 0 0 0 0
32300 -252.894 -3.48871 100 58 0 0 0 0 0 0 0 0 0 -1.54827 100 20 -1.46253 100 23 0 0 0 0 0 0 0 0
32400 -254.305 -3.91114 100 55 0 0 0 0 0 0 0 0 0 -1.32637 100 24 -0.575462 100 24 0 0 0 0 0 0 0 0
32500 -252.196 -3.24636 100 50 0 0 0 0 0 0 0 0 0 -1.4468 100 23 -1.45852 100 32 0 0 0 0 0 0 0 0
32600 -254.04 -5.51973 100 63 0 0 0 0 0 0 0 0 0 -1.56121 100 18 -1.35321 100 22 0 0 0 0 0 0 0 0
32700 -251.964 -4.69439 100 58 0 0 0 0 0 0 0 0 0 -1.52032 100 24 -1.05402 100 24 0 0 0 0 0 0 0 0
32800 -252.237 -3.5278 100 63 0 0 0 0 0 0 0 0 0 -1.74844 100 24 -0.629578 100 21 0 0 0 0 0 0 0 0
32900 -253.293 -2.62989 100 55 0 0 0 0 0 0 0 0 0 -1.2013 100 32 -1.06227 100 26 0 0 0 0 0 0 0 0
33000 -251.954 -2.20672 100 58 0 0 0 0 0 0 0 0 0 -1.67126 100 31 -0.464406 100 27 0 0 0 0 0 0 0 0
33100 -252.236 -2.02312 100 56 0 0 0 0 0 0 0 0 0 -1.73648 100 22 -0.968194 100 27 0 0 0 0 0 0 0 0
33200 -251.983 -2.82508 100 59 0 0 0 0 0 0 0 0 0 -1.71787 100 19 -0.490146 100 25 0 0 0 0 0 0 0 0
33300 -253.937 -0.93018 100 52 0 0 0 0 0 0 0 0 0 -1.71242 100 26 -0.950729 100 30 0 0 0 0 0 0 0 0
33400 -251.142 -2.30367 100 54 0 0 0 0 0 0 0 0 0 -1.43122 100 26 -1.18129 100 29 0 0 0 0 0 0 0 0
33500 -251.648 -3.49213 100 45 0 0 0 0 0 0 0 0 0 -1.6855 100 24 -0.755068 100 27 0 0 0 0 0 0 0 0
33600 -250.938 -2.20068 100 64 0 0 0 0 0 0 0 0 0 -1.56889 100 23 -0.988352 100 20 0 0 0 0 0 0 0 0
33700 -251.886 -2.81526 100 51 0 0 0 0 0 0 0 0 0 -1.38094 100 27 -0.734074 100 28 0 0 0 0 0 0 0 0
33800 -251.987 -3.34145 100 51 0 0 0 0 0 0 0 0 0 -1.28403 100 23 -1.11576 100 15 0 0 0 0 0 0 0 0
33900 -251.232 -3.30606 100 56 0 0 0 0 0 0 0 0 0 -1.40933 100 20 -0.865923 100 24 0 0 0 0 0 0 0 0
34000 -250.74 -2.6672 100 69 0 0 0 0 0 0 0 0 0 -1.52267 100 28 -0.824174 100 25 0 0 0 0 0 0 0 0
34100 -251.784 -4.15099 100 62 0 0 0 0 0 0 0 0 0 -1.37793 100 22 -1.17783 100 29 0 0 0 0 0 0 0 0
34200 -252.17 -4.01977 100 50 0 0 0 0 0 0 0 0 0 -1.30179 100 28 -1.10404 100 24 0 0 0 0 0 0 0 0
34300 -253.769 -4.27916 100 51 0 0 0 0 0 0 0 0 0 -1.38331 100 16 -1.64339 100 18 0 0 0 0 0 0 0 0
34400 -252.175 -1.86964 100 56 0 0 0 0 0 0 0 0 0 -1.55265 100 21 -0.516551 100 21 0 0 0 0 0 0 0 0
34500 -250.815 -2.25181 100 61 0 0 0 0 0 0 0 0 0 -1.54608 100 34 -0.957066 100 24 0 0 0 0 0 0 0 0
34600 -253.15 -2.23384 100 59 0 0 0 0 0 0 0 0 0 -1.43956 100 19 -0.486234 100 26 0 0 0 0 0 0 0 0
34700 -251.885 -4.20986 100 47 0 0 0 0 0 0 0 0 0 -1.41334 100 31 -1.24405 100 35 0 0 0 0 0 0 0 0
34800 -252.564 -4.87635 100 55 0 0 0 0 0 0 0 0 0 -1.33752 100 27 -1.16235 100 29 0 0 0 0 0 0 0 0
34900 -250.898 -2.50762 100 61 0 0 0 0 0 0 0 0 0 -1.6137 100 28 -0.794591 100 24 0 0 0 0 0 0 0 0
35000 -251.819 -2.72235 100 59 0 0 0 0 0 0 0 0 0 -1.71311 100 26 -0.941425 100 21 0 0 0 0 0 0 0 0
35100 -251.867 -3.80384 100 55 0 0 0 0 0 0 0 0 0 -1.35938 100 28 -0.878359 100 23 0 0 0 0 0 0 0 0
35200 -252.821 -5.22018 100 51 0 0 0 0 0 0 0 0 0 -1.41851 100 26 -1.27078 100 18 0 0 0 0 0 0 0 0
35300 -252.293 -4.28843 100 63 0 0 0 0 0 0 0 0 0 -1.6807 100 28 -0.647361 100 30 0 0 0 0 0 0 0 0
35400 -251.239 -2.98639 100 49 0 0 0 0 0 0 0 0 0 -1.66064 100 27 -0.834085 100 31 0 0 0 0 0 0 0 0
35500 -250.876 -2.32076 100 50 0 0 0 0 0 0 0 0 0 -1.4502 100 29 -1.03516 100 19 0 0 0 0 0 0 0 0
35600 -255.426 -1.68141 100 61 0 0 0 0 0 0 0 0 0 -1.1599 100 24 -1.47088 100 26 0 0 0 0 0 0 0 0
35700 -251.378 -3.82404 100 51 0 0 0 0 0 0 0 0 0 -1.39496 100 23 -1.03985 100 30 0 0 0 0 0 0 0 0
35800 -254.063 -6.30491 100 52 0 0 0 0 0 0 0 0 0 -1.48073 100 23 -1.30007 100 23 0 0 0 0 0 0 0 0
35900 -252.941 -1.2517 100 48 0 0 0 0 0 0 0 0 0 -1.64648 100 23 -1.09025 100 20 0 0 0 0 0 0 0 0
36000 -253.274 -3.35825 100 52 0 0 0 0 0 0 0 0 0 -1.34316 100 24 -0.624309 100 31 0 0 0 0 0 0 0 0
36100 -251.97 -2.65272 100 53 0 0 0 0 0 0 0 0 0 -1.29647 100 25 -0.985134 100 28 0 0 0 0 0 0 0 0
36200 -250.769 -2.47805 100 60 0 0 0 0 0 0 0 0 0 -1.50528 100 28 -1.03437 100 25 0 0 0 0 0 0 0 0
36300 -252.108 -3.83436 100 52 0 0 0 0 0 0 0 0 0 -1.64096 100 30 -1.08475 100 34 0 0 0 0 0 0 0 0
36400 -253.234 -6.16283 100 57 0 0 0 0 0 0 0 0 0 -1.53187 100 15 -0.873785 100 20 0 0 0 0 0 0 0 0
36500 -253.242 -4.56645 100 53 0 0 0 0 0 0 0 0 0 -1.76483 100 27 -0.751884 100 30 0 0 0 0 0 0 0 0
36600 -252.481 -1.65857 100 56 0 0 0 0 0 0 0 0 0 -1.71523 100 20 -1.01485 100 25 0 0 0 0 0 0 0 0
36700 -252.852 -1.67289 100 54 0 0 0 0 0 0 0 0 0 -1.44682 100 21 -1.44528 100 22 0 0 0 0 0 0 0 0
36800 -251.827 -1.85771 100 51 0 0 0 0 0 0 0 0 0 -1.60203 100 15 -1.1562 100 28 0 0 0 0 0 0 0 0
36900 -253.046 -2.58652 100 61 0 0 0 0 0 0 0 0 0 -1.84876 100 26 -0.441235 100 21 0 0 0 0 0 0 0 0
37000 -252.216 -1.55589 100 55 0 0 0 0 0 0 0 0 0 -1.42167 100 19 -0.844401 100 25 0 0 0 0 0 0 0 0
37100 -254.586 -3.41669 100 53 0 0 0 0 0 0 0 0 0 -1.79074 100 28 -1.23586 100 26 0 0 0 0 0 0 0 0
37200 -251.394 -2.46396 100 58 0 0 0 0 0 0 0 0 0 -1.39031 100 22 -1.27017 100 23 0 0 0 0 0 0 0 0
37300 -251.418 -1.82763 100 57 0 0 0 0 0 0 0 0 0 -1.65696 100 29 -0.795479 100 26 0 0 0 0 0 0 0 0
37400 -253.524 -1.92493 100 51 0 0 0 0 0 0 0 0 0 -1.52664 100 24 -1.57477 100 22 0 0 0 0 0 0 0 0
37500 -251.296 -2.38182 100 54 0 0 0 0 0 0 0 0 0 -1.53887 100 17 -1.19835 100 26 0 0 0 0 0 0 0 0
37600 -251.443 -2.03045 100 53 0 0 0 0 0 0 0 0 0 -1.58879 100 22 -1.11453 100 30 0 0 0 0 0 0 0 0
37700 -251.72 -1.87896 100 49 0 0 0 0 0 0 0 0 0 -1.69262 100 25 -0.600993 100 23 0 0 0 0 0 0 0 0
37800 -251.589 -2.92921 100 54 0 0 0 0 0 0 0 0 0 -1.47936 100 22 -1.33232 100 19 0 0 0 0 0 0 0 0
37900 -253.962 -0.976077 100 51 0 0 0 0 0 0 0 0 0 -1.57892 100 26 -0.554292 100 21 0 0 0 0 0 0 0 0
38000 -253.597 -1.15092 100 56 0 0 0 0 0 0 0 0 0 -1.54079 100 30 -0.550802 100 27 0 0 0 0 0 0 0 0
38100 -251.53 -3.9544 100 59 0 0 0 0 0 0 0 0 0 -1.6138 100 17 -0.852126 100 26 0 0 0 0 0 0 0 0
38200 -253.761 -4.98859 100 51 0 0 0 0 0 0 0 0 0 -1.38892 100 23 -0.628495 100 23 0 0 0 0 0 0 0 0
38300 -251.786 -1.93441 100 49 0 0 0 0 0 0 0 0 0 -1.37819 100 26 -1.22656 100 18 0 0 0 0 0 0 0 0
38400 -251.081 -3.29261 100 54 0 0 0 0 0 0 0 0 0 -1.42568 100 27 -0.887028 100 31 0 0 0 0 0 0 0 0
38500 -251.986 -4.47093 100 56 0 0 0 0 0 0 0 0 0 -1.37369 100 18 -1.00825 100 25 0 0 0 0 0 0 0 0
38600 -254.244 -2.93381 100 60 0 0 0 0 0 0 0 0 0 -1.92592 100 18 -0.361225 100 30 0 0 0 0 0 0 0 0
38700 -250.942 -2.0724 100 52 0 0 0 0 0 0 0 0 0 -1.50633 100 28 -0.859959 100 22 0 0 0 0 0 0 0 0
38800 -250.943 -3.1366 100 61 0 0 0 0 0 0 0 0 0 -1.47248 100 26 -0.822499 100 23 0 0 0 0 0 0 0 0
38900 -253.186 -5.02852 100 48 0 0 0 0 0 0 0 0 0 -1.36827 100 26 -0.766639 100 24 0 0 0 0 0 0 0 0
39000 -252.052 -2.48217 100 59 0 0 0 0 0 0 0 0 0 -1.76516 100 23 -0.802033 100 19 0 0 0 0 0 0 0 0
39100 -251.291 -1.8416 100 53 0 0 0 0 0 0 0 0 0 -1.51014 100 23 -0.78629 100 20 0 0 0 0 0 0 0 0
39200 -253.931 -6.26492 100 59 0 0 0 0 0 0 0 0 0 -1.59256 100 28 -0.610288 100 26 0 0 0 0 0 0 0 0
39300 -252.699 -1.80196 100 50 0 0 0 0 0 0 0 0 0 -1.35934 100 20 -1.42089 100 27 0 0 0 0 0 0 0 0
39400 -250.955 -2.8041 100 49 0 0 0 0 0 0 0 0 0 -1.40463 100 21 -1.08404 100 22 0 0 0 0 0 0 0 0
39500 -251.962 -3.75022 100 60 0 0 0 0 0 0 0 0 0 -1.3656 100 21 -0.824368 100 20 0 0 0 0 0 0 0 0
39600 -251.76 -3.63975 100 50 0 0 0 0 0 0 0 0 0 -1.55289 100 27 -1.21322 100 29 0 0 0 0 0 0 0 0
39700 -254.547 -0.891189 100 61 0 0 0 0 0 0 0 0 0 -1.50235 100 17 -1.26166 100 22 0 0 0 0 0 0 0 0
39800 -253.266 -5.51327 100 71 0 0 0 0 0 0 0 0 0 -1.47781 100 21 -0.661453 100 28 0 0 0 0 0 0 0 0
39900 -253.045 -3.35315 100 61 0 0 0 0 0 0 0 0 0 -1.66873 100 26 -0.326948 100 25 0 0 0 0 0 0 0 0
40000 -252.206 -1.79602 100 50 0 0 0 0 0 0 0 0 0 -1.74499 100 17 -0.865358 100 29 0 0 0 0 0 0 0 0
40100 -255.261 -4.82734 100 53 0 0 0 0 0 0 0 0 0 -1.4915 100 27 -1.72482 100 24 0 0 0 0 0 0 0 0
40200 -251.25 -3.13717 100 55 0 0 0 0 0 0 0 0 0 -1.36531 100 24 -1.00235 100 21 0 0 0 0 0 0 0 0
40300 -252.952 -5.89989 100 48 0 0 0 0 0 0 0 0 0 -1.4666 100 25 -0.948661 100 18 0 0 0 0 0 0 0 0
40400 -251.121 -2.86951 100 54 0 0 0 0 0 0 0 0 0 -1.56203 100 18 -0.656835 100 26 0 0 0 0 0 0 0 0
40500 -251.54 -2.42632 100 54 0 0 0 0 0 0 0 0 0 -1.53096 100 18 -0.582353 100 30 0 0 0 0 0 0 0 0
40600 -252.979 -3.74972 100 55 0 0 0 0 0 0 0 0 0 -1.66491 100 15 -0.370716 100 20 0 0 0 0 0 0 0 0
40700 -253.139 -2.17447 100 60 0 0 0 0 0 0 0 0 0 -1.48694 100 24 -0.429919 100 25 0 0 0 0 0 0 0 0
40800 -253.008 -5.84711 100 61 0 0 0 0 0 0 0 0 0 -1.54575 100 19 -0.9854 100 27 0 0 0 0 0 0 0 0
40900 -254.442 -1.26125 100 64 0 0 0 0 0 0 0 0 0 -1.64414 100 20 -0.292723 100 34 0 0 0 0 0 0 0 0
41000 -253.159 -1.71043 100 56 0 0 0 0 0 0 0 0 0 -1.2827 100 30 -1.3079 100 28 0 0 0 0 0 0 0 0
41100 -251.524 -1.85613 100 50 0 0 0 0 0 0 0 0 0 -1.61901 100 22 -1.03015 100 19 0 0 0 0 0 0 0 0
41200 -253.987 -1.3147 100 48 0 0 0 0 0 0 0 0 0 -1.37068 100 20 -1.44436 100 20 0 0 0 0 0 0 0 0
41300 -251.527 -2.25949 100 53 0 0 0 0 0 0 0 0 0 -1.54299 100 26 -1.24111 100 11 0 0 0 0 0 0 0 0
41400 -253.105 -4.94305 100 54 0 0 0 0 0 0 0 0 0 -1.71142 100 18 -0.834278 100 31 0 0 0 0 0 0 0 0
41500 -252.155 -3.42018 100 54 0 0 0 0 0 0 0 0 0 -1.53634 100 22 -1.35317 100 29 0 0 0 0 0 0 0 0
41600 -251.054 -3.58714 100 49 0 0 0 0 0 0 0 0 0 -1.49503 100 23 -1.041 100 29 0 0 0 0 0 0 0 0
41700 -250.858 -2.58114 100 55 0 0 0 0 0 0 0 0 0 -1.59618 100 30 -0.913623 100 24 0 0 0 0 0 0 0 0
41800 -250.996 -2.88612 100 51 0 0 0 0 0 0 0 0 0 -1.5318 100 22 -1.11583 100 19 0 0 0 0 0 0 0 0
41900 -250.806 -2.47783 100 51 0 0 0 0 0 0 0 0 0 -1.5799 100 28 -0.920001 100 33 0 0 0 0 0 0 0 0
42000 -252.103 -2.95568 100 56 0 0 0 0 0 0 0 0 0 -1.53984 100 26 -0.487211 100 22 0 0 0 0 0 0 0 0
42100 -251.697 -2.99377 100 68 0 0 0 0 0 0 0 0 0 -1.65123 100 23 -1.07673 100 29 0 0 0 0 0 0 0 0
42200 -252.356 -2.3407 100 64 0 0 0 0 0 0 0 0 0 -1.66217 100 21 -1.222 100 29 0 0 0 0 0 0 0 0
42300 -254.573 -2.23117 100 49 0 0 0 0 0 0 0 0 0 -1.14694 100 27 -1.4667 100 20 0 0 0 0 0 0 0 0
42400 -252.871 -1.89225 100 50 0 0 0 0 0 0 0 0 0 -1.27334 100 24 -1.29222 100 29 0 0 0 0 0 0 0 0
42500 -254.444 -2.19761 100 56 0 0 0 0 0 0 0 0 0 -1.72389 100 20 -1.42627 100 19 0 0 0 0 0 0 0 0
42600 -251.635 -2.52422 100 50 0 0 0 0 0 0 0 0 0 -1.63333 100 28 -0.513767 100 22 0 0 0 0 0 0 0 0
42700 -252.234 -4.36219 100 55 0 0 0 0 0 0 0 0 0 -1.52439 100 22 -1.24001 100 30 0 0 0 0 0 0 0 0
42800 -252.588 -3.38195 100 50 0 0 0 0 0 0 0 0 0 -1.26071 100 24 -0.96735 100 38 0 0 0 0 0 0 0 0
42900 -252.24 -3.66673 100 53 0 0 0 0 0 0 0 0 0 -1.38397 100 21 -1.43666 100 24 0 0 0 0 0 0 0 0
43000 -253.421 -5.43032 100 60 0 0 0 0 0 0 0 0 0 -1.30655 100 28 -0.997007 100 25 0 0 0 0 0 0 0 0
43100 -250.915 -3.22896 100 56 0 0 0 0 0 0 0 0 0 -1.51261 100 26 -1.05274 100 32 0 0 0 0 0 0 0 0
43200 -251.593 -3.00078 100 61 0 0 0 0 0 0 0 0 0 -1.39387 100 31 -1.34686 100 23 0 0 0 0 0 0 0 0
43300 -251.231 -3.23329 100 52 0 0 0 0 0 0 0 0 0 -1.42737 100 33 -0.81247 100 26 0 0 0 0 0 0 0 0
43400 -250.774 -2.72114 100 59 0 0 0 0 0 0 0 0 0 -1.45862 100 26 -1.04897 100 21 0 0 0 0 0 0 0 0
43500 -251.672 -2.86134 100 56 0 0 0 0 0 0 0 0 0 -1.53905 100 23 -1.29371 100 26 0 0 0 0 0 0 0 0
43600 -251.598 -3.57484 100 55 0 0 0 0 0 0 0 0 0 -1.64573 100 18 -0.642766 100 20 0 0 0 0 0 0 0 0
43700 -252.524 -2.14072 100 64 0 0 0 0 0 0 0 0 0 -1.31735 100 17 -1.43688 100 32 0 0 0 0 0 0 0 0
43800 -253.218 -4.64268 100 56 0 0 0 0 0 0 0 0 0 -1.42312 100 27 -1.48519 100 20 0 0 0 0 0 0 0 0
43900 -251.531 -2.05484 100 69 0 0 0 0 0 0 0 0 0 -1.70483 100 16 -0.70811 100 24 0 0 0 0 0 0 0 0
44000 -252.929 -2.73192 100 50 0 0 0 0 0 0 0 0 0 -1.46059 100 17 -1.59508 100 23 0 0 0 0 0 0 0 0
44100 -251.444 -1.7886 100 61 0 0 0 0 0 0 0 0 0 -1.47929 100 16 -1.114 100 28 0 0 0 0 0 0 0 0
44200 -252.543 -4.67095 100 56 0 0 0 0 0 0 0 0 0 -1.68164 100 23 -0.773216 100 22 0 0 0 0 0 0 0 0
44300 -251.01 -2.56993 100 54 0 0 0 0 0 0 0 0 0 -1.63775 100 25 -0.762524 100 24 0 0 0 0 0 0 0 0
44400 -251.198 -3.70414 100 50 0 0 0 0 0 0 0 0 0 -1.57652 100 26 -0.836632 100 24 0 0 0 0 0 0 0 0
44500 -252.218 -2.19528 100 55 0 0 0 0 0 0 0 0 0 -1.33553 100 24 -0.833867 100 31 0 0 0 0 0 0 0 0
44600 -250.87 -2.76975 100 48 0 0 0 0 0 0 0 0 0 -1.43902 100 17 -1.10291 100 24 0 0 0 0 0 0 0 0
44700 -251.448 -2.01559 100 62 0 0 0 0 0 0 0 0 0 -1.5732 100 30 -1.13801 100 27 0 0 0 0 0 0 0 0
44800 -250.974 -2.29438 100 43 0 0 0 0 0 0 0 0 0 -1.56218 100 20 -0.717901 100 23 0 0 0 0 0 0 0 0
44900 -252.883 -2.01565 100 61 0 0 0 0 0 0 0 0 0 -1.81876 100 22 -0.415205 100 21 0 0 0 0 0 0 0 0
45000 -253.939 -3.01795 100 56 0 0 0 0 0 0 0 0 0 -1.24737 100 27 -1.71104 100 27 0 0 0 0 0 0 0 0
45100 -253.396 -3.77598 100 61 0 0 0 0 0 0 0 0 0 -1.39675 100 22 -1.63761 100 27 0 0 0 0 0 0 0 0
45200 -250.707 -2.79359 100 53 0 0 0 0 0 0 0 0 0 -1.48252 100 31 -0.927431 100 28 0 0 0 0 0 0 0 0
45300 -251.71 -3.58013 100 53 0 0 0 0 0 0 0 0 0 -1.68628 100 23 -0.755476 100 24 0 0 0 0 0 0 0 0
45400 -251.884 -4.66346 100 58 0 0 0 0 0 0 0 0 0 -1.52784 100 21 -0.819408 100 24 0 0 0 0 0 0 0 0
45500 -252.395 -1.54902 100 49 0 0 0 0 0 0 0 0 0 -1.75759 100 23 -0.690951 100 28 0 0 0 0 0 0 0 0
45600 -253.937 -2.3346 100 56 0 0 0 0 0 0 0 0 0 -1.24494 100 25 -1.66666 100 30 0 0 0 0 0 0 0 0
45700 -251.089 -1.91203 100 55 0 0 0 0 0 0 0 0 0 -1.52883 100 27 -0.828956 100 30 0 0 0 0 0 0 0 0
45800 -251.278 -3.55053 100 54 0 0 0 0 0 0 0 0 0 -1.61842 100 21 -0.781736 100 26 0 0 0 0 0 0 0 0
45900 -252.643 -2.38872 100 51 0 0 0 0 0 0 0 0 0 -1.23944 100 29 -1.24775 100 21 0 0 0 0 0 0 0 0
46000 -250.859 -2.75694 100 46 0 0 0 0 0 0 0 0 0 -1.42356 100 22 -1.04391 100 22 0 0 0 0 0 0 0 0
46100 -251.7 -4.2715 100 56 0 0 0 0 0 0 0 0 0 -1.48271 100 22 -0.781619 100 29 0 0 0 0 0 0 0 0
46200 -252.916 -1.93074 100 49 0 0 0 0 0 0 0 0 0 -1.43643 100 26 -0.551117 100 21 0 0 0 0 0 0 0 0
46300 -251.878 -2.56433 100 59 0 0 0 0 0 0 0 0 0 -1.34495 100 22 -0.833084 100 21 0 0 0 0 0 0 0 0
46400 -256.263 -5.15963 100 54 0 0 0 0 0 0 0 0 0 -1.16687 100 23 -1.76068 100 22 0 0 0 0 0 0 0 0
46500 -251.777 -1.4851 100 62 0 0 0 0 0 0 0 0 0 -1.5905 100 22 -0.936028 100 26 0 0 0 0 0 0 0 0
46600 -251.87 -4.20593 100 56 0 0 0 0 0 0 0 0 0 -1.39329 100 21 -1.22596 100 29 0 0 0 0 0 0 0 0
46700 -253.581 -2.38837 100 55 0 0 0 0 0 0 0 0 0 -1.9008 100 21 -0.460784 100 30 0 0 0 0 0 0 0 0
46800 -252.629 -3.03403 100 48 0 0 0 0 0 0 0 0 0 -1.65176 100 16 -1.27881 100 20 0 0 0 0 0 0 0 0
46900 -252.296 -3.52074 100 53 0 0 0 0 0 0 0 0 0 -1.73841 100 16 -0.867405 100 21 0 0 0 0 0 0 0 0
47000 -251.419 -3.06685 100 49 0 0 0 0 0 0 0 0 0 -1.33515 100 19 -1.10084 100 22 0 0 0 0 0 0 0 0
47100 -251.786 -1.97163 100 60 0 0 0 0 0 0 0 0 0 -1.45036 100 20 -0.699645 100 27 0 0 0 0 0 0 0 0
47200 -255.126 -6.01681 100 46 0 0 0 0 0 0 0 0 0 -1.81355 100 27 -0.584771 100 25 0 0 0 0 0 0 0 0
47300 -251.968 -4.3927 100 45 0 0 0 0 0 0 0 0 0 -1.52768 100 29 -1.15101 100 29 0 0 0 0 0 0 0 0
47400 -253.322 -4.79948 100 61 0 0 0 0 0 0 0 0 0 -1.71371 100 25 -0.975236 100 21 0 0 0 0 0 0 0 0
47500 -250.909 -3.26891 100 56 0 0 0 0 0 0 0 0 0 -1.55295 100 30 -0.819763 100 25 0 0 0 0 0 0 0 0
47600 -252.227 -2.89215 100 58 0 0 0 0 0 0 0 0 0 -1.78372 100 20 -0.669055 100 27 0 0 0 0 0 0 0 0
47700 -251.386 -3.82002 100 53 0 0 0 0 0 0 0 0 0 -1.48658 100 29 -1.14518 100 24 0 0 0 0 0 0 0 0
47800 -252.036 -3.05975 100 53 0 0 0 0 0 0 0 0 0 -1.34117 100 24 -1.42274 100 24 0 0 0 0 0 0 0 0
47900 -253.641 -3.6547 100 69 0 0 0 0 0 0 0 0 0 -1.59864 100 18 -0.306649 100 23 0 0 0 0 0 0 0 0
48000 -251.406 -1.99448 100 64 0 0 0 0 0 0 0 0 0 -1.67991 100 18 -0.732027 100 34 0 0 0 0 0 0 0 0
48100 -252.885 -2.07343 100 58 0 0 0 0 0 0 0 0 0 -1.31673 100 28 -1.50497 100 25 0 0 0 0 0 0 0 0
48200 -253.167 -3.95143 100 49 0 0 0 0 0 0 0 0 0 -1.62293 100 27 -0.372884 100 24 0 0 0 0 0 0 0 0
48300 -251.271 -3.77897 100 49 0 0 0 0 0 0 0 0 0 -1.57121 100 22 -0.789076 100 31 0 0 0 0 0 0 0 0
48400 -251.058 -3.30992 100 44 0 0 0 0 0 0 0 0 0 -1.40842 100 28 -1.08209 100 29 0 0 0 0 0 0 0 0
48500 -250.92 -2.57698 100 55 0 0 0 0 0 0 0 0 0 -1.60598 100 11 -0.740029 100 23 0 0 0 0 0 0 0 0
48600 -250.975 -2.66699 100 55 0 0 0 0 0 0 0 0 0 -1.45472 100 18 -0.810772 100 22 0 0 0 0 0 0 0 0
48700 -251.343 -1.7673 100 59 0 0 0 0 0 0 0 0 0 -1.54116 100 24 -1.03339 100 29 0 0 0 0 0 0 0 0
48800 -255.373 -5.59371 100 57 0 0 0 0 0 0 0 0 0 -1.54353 100 21 -0.334963 100 25 0 0 0 0 0 0 0 0
48900 -250.715 -2.80902 100 48 0 0 0 0 0 0 0 0 0 -1.50477 100 28 -0.997544 100 19 0 0 0 0 0 0 0 0
49000 -252.86 -4.41121 100 49 0 0 0 0 0 0 0 0 0 -1.42766 100 23 -1.45096 100 25 0 0 0 0 0 0 0 0
49100 -251.531 -3.65924 100 55 0 0 0 0 0 0 0 0 0 -1.53398 100 25 -1.17546 100 20 0 0 0 0 0 0 0 0
49200 -252.213 -1.7995 100 53 0 0 0 0 0 0 0 0 0 -1.43977 100 23 -1.35512 100 29 0 0 0 0 0 0 0 0
49300 -251.22 -3.89557 100 57 0 0 0 0 0 0 0 0 0 -1.50119 100 31 -0.873309 100 23 0 0 0 0 0 0 0 0
49400 -254.272 -6.76913 100 53 0 0 0 0 0 0 0 0 0 -1.40044 100 27 -0.835027 100 23 0 0 0 0 0 0 0 0
49500 -253.182 -1.38131 100 60 0 0 0 0 0 0 0 0 0 -1.39815 100 29 -1.33246 100 21 0 0 0 0 0 0 0 0
49600 -254.202 -4.83459 100 58 0 0 0 0 0 0 0 0 0 -1.29265 100 21 -0.741477 100 22 0 0 0 0 0 0 0 0
49700 -251.809 -3.59407 100 59 0 0 0 0 0 0 0 0 0 -1.51173 100 28 -0.604403 100 28 0 0 0 0 0 0 0 0
49800 -252.902 -1.65198 100 46 0 0 0 0 0 0 0 0 0 -1.30608 100 20 -1.22625 100 25 0 0 0 0 0 0 0 0
49900 -251.536 -3.02561 100 52 0 0 0 0 0 0 0 0 0 -1.42431 100 22 -0.723477 100 25 0 0 0 0 0 0 0 0
50000 -252.771 -3.13234 100 60 0 0 0 0 0 0 0 0 0 -1.58256 100 24 -1.42177 100 21 0 0 0 0 0 0 0 0
50100 -252.438 -4.85054 100 60 0 0 0 0 0 0 0 0 0 -1.52086 100 30 -0.671979 100 32 0 0 0 0 0 0 0 0
50200 -251.025 -3.27313 100 49 0 0 0 0 0 0 0 0 0 -1.56354 100 16 -1.00886 100 23 0 0 0 0 0 0 0 0
50300 -251.156 -2.70077 100 56 0 0 0 0 0 0 0 0 0 -1.43361 100 19 -1.23358 100 18 0 0 0 0 0 0 0 0
50400 -252.368 -4.59625 100 60 0 0 0 0 0 0 0 0 0 -1.3337 100 26 -1.03194 100 27 0 0 0 0 0 0 0 0
50500 -254.214 -5.31289 100 56 0 0 0 0 0 0 0 0 0 -1.27851 100 28 -0.84714 100 33 0 0 0 0 0 0 0 0
50600 -251.976 -3.24133 100 50 0 0 0 0 0 0 0 0 0 -1.40055 100 24 -0.694858 100 27 0 0 0 0 0 0 0 0
50700 -250.871 -2.9115 100 43 0 0 0 0 0 0 0 0 0 -1.42201 100 24 -1.0236 100 23 0 0 0 0 0 0 0 0
50800 -251.224 -2.87625 100 48 0 0 0 0 0 0 0 0 0 -1.45004 100 20 -1.25349 100 33 0 0 0 0 0 0 0 0
50900 -251.709 -1.85766 100 55 0 0 0 0 0 0 0 0 0 -1.62302 100 27 -0.569027 100 23 0 0 0 0 0 0 0 0
51000 -252.802 -2.80219 100 66 0 0 0 0 0 0 0 0 0 -1.51527 100 26 -1.52843 100 26 0 0 0 0 0 0 0 0
51100 -253.33 -3.57582 100 51 0 0 0 0 0 0 0 0 0 -1.83944 100 21 -0.503541 100 37 0 0 0 0 0 0 0 0
51200 -250.99 -2.33966 100 59 0 0 0 0 0 0 0 0 0 -1.61407 100 24 -0.725532 100 24 0 0 0 0 0 0 0 0
51300 -252.24 -4.70621 100 57 0 0 0 0 0 0 0 0 0 -1.57648 100 23 -1.05947 100 21 0 0 0 0 0 0 0 0
51400 -253.735 -3.22477 100 52 0 0 0 0 0 0 0 0 0 -1.43332 100 30 -1.71508 100 30 0 0 0 0 0 0 0 0
51500 -251.822 -1.54624 100 67 0 0 0 0 0 0 0 0 0 -1.45961 100 19 -0.935526 100 20 0 0 0 0 0 0 0 0
51600 -250.915 -2.41906 100 50 0 0 0 0 0 0 0 0 0 -1.55798 100 27 -1.04116 100 20 0 0 0 0 0 0 0 0
51700 -251.791 -1.47016 100 49 0 0 0 0 0 0 0 0 0 -1.61144 100 20 -0.807092 100 27 0 0 0 0 0 0 0 0
51800 -253.261 -2.10041 100 52 0 0 0 0 0 0 0 0 0 -1.76954 100 20 -1.11869 100 31 0 0 0 0 0 0 0 0
51900 -252.227 -4.70647 100 52 0 0 0 0 0 0 0 0 0 -1.38285 100 25 -0.929042 100 21 0 0 0 0 0 0 0 0
52000 -252.104 -2.2812 100 48 0 0 0 0 0 0 0 0 0 -1.29428 100 33 -1.26203 100 29 0 0 0 0 0 0 0 0
52100 -252.24 -5.03954 100 61 0 0 0 0 0 0 0 0 0 -1.56261 100 25 -0.895518 100 27 0 0 0 0 0 0 0 0
52200 -250.755 -2.63582 100 47 0 0 0 0 0 0 0 0 0 -1.55701 100 23 -0.95429 100 29 0 0 0 0 0 0 0 0
52300 -255.081 -2.41637 100 61 0 0 0 0 0 0 0 0 0 -1.10878 100 24 -1.21289 100 33 0 0 0 0 0 0 0 0
52400 -251.13 -2.19088 100 53 0 0 0 0 0 0 0 0 0 -1.42651 100 23 -1.12966 100 23 0 0 0 0 0 0 0 0
52500 -253.312 -1.99218 100 45 0 0 0 0 0 0 0 0 0 -1.87715 100 27 -0.484241 100 21 0 0 0 0 0 0 0 0
52600 -251.773 -2.4499 100 60 0 0 0 0 0 0 0 0 0 -1.59701 100 21 -0.49653 100 24 0 0 0 0 0 0 0 0
52700 -251.348 -2.65806 100 58 0 0 0 0 0 0 0 0 0 -1.60453 100 22 -0.579982 100 30 0 0 0 0 0 0 0 0
52800 -255.229 -2.45125 100 53 0 0 0 0 0 0 0 0 0 -1.72666 100 13 -1.53039 100 21 0 0 0 0 0 0 0 0
52900 -253.41 -4.70658 100 47 0 0 0 0 0 0 0 0 0 -1.77144 100 29 -0.620781 100 23 0 0 0 0 0 0 0 0
53000 -251.215 -2.52287 100 52 0 0 0 0 0 0 0 0 0 -1.36554 100 24 -1.08046 100 29 0 0 0 0 0 0 0 0
53100 -252.573 -3.2103 100 44 0 0 0 0 0 0 0 0 0 -1.39852 100 21 -1.54613 100 31 0 0 0 0 0 0 0 0
53200 -251.411 -2.37219 100 57 0 0 0 0 0 0 0 0 0 -1.42512 100 18 -1.28669 100 23 0 0 0 0 0 0 0 0
53300 -251.486 -1.89659 100 53 0 0 0 0 0 0 0 0 0 -1.5026 100 17 -0.706064 100 31 0 0 0 0 0 0 0 0
53400 -253.326 -4.90263 100 47 0 0 0 0 0 0 0 0 0 -1.69883 100 21 -0.498671 100 22 0 0 0 0 0 0 0 0
53500 -251.039 -3.12423 100 62 0 0 0 0 0 0 0 0 0 -1.59484 100 20 -0.726815 100 30 0 0 0 0 0 0 0 0
53600 -253.568 -4.1497 100 54 0 0 0 0 0 0 0 0 0 -1.80708 100 30 -0.828811 100 21 0 0 0 0 0 0 0 0
53700 -254.288 -2.83041 100 39 0 0 0 0 0 0 0 0 0 -1.9058 100 14 -0.26325 100 23 0 0 0 0 0 0 0 0
53800 -251.635 -3.00657 100 56 0 0 0 0 0 0 0 0 0 -1.68981 100 21 -0.58042 100 22 0 0 0 0 0 0 0 0
53900 -254.441 -5.0722 100 64 0 0 0 0 0 0 0 0 0 -1.72145 100 20 -1.16289 100 26 0 0 0 0 0 0 0 0
54000 -252.506 -3.28321 100 58 0 0 0 0 0 0 0 0 0 -1.34716 100 28 -1.51983 100 23 0 0 0 0 0 0 0 0
54100 -252.534 -3.76657 100 57 0 0 0 0 0 0 0 0 0 -1.64862 100 23 -1.18331 100 29 0 0 0 0 0 0 0 0
54200 -252.514 -5.26521 100 57 0 0 0 0 0 0 0 0 0 -1.56546 100 24 -0.967221 100 30 0 0 0 0 0 0 0 0
54300 -252.402 -2.19028 100 59 0 0 0 0 0 0 0 0 0 -1.61902 100 24 -1.30463 100 27 0 0 0 0 0 0 0 0
54400 -252.978 -5.09277 100 55 0 0 0 0 0 0 0 0 0 -1.60501 100 24 -0.570792 100 27 0 0 0 0 0 0 0 0
54500 -251.917 -3.39135 100 57 0 0 0 0 0 0 0 0 0 -1.70463 100 13 -0.899861 100 20 0 0 0 0 0 0 0 0
54600 -252.693 -2.02855 100 62 0 0 0 0 0 0 0 0 0 -1.73604 100 29 -1.08779 100 26 0 0 0 0 0 0 0 0
54700 -251.32 -3.45487 100 60 0 0 0 0 0 0 0 0 0 -1.6358 100 17 -0.855154 100 29 0 0 0 0 0 0 0 0
54800 -252.354 -4.26901 100 58 0 0 0 0 0 0 0 0 0 -1.69779 100 25 -0.673058 100 33 0 0 0 0 0 0 0 0
54900 -251.641 -3.87828 100 68 0 0 0 0 0 0 0 0 0 -1.64385 100 21 -0.831807 100 29 0 0 0 0 0 0 0 0
55000 -252.284 -4.58857 100 56 0 0 0 0 0 0 0 0 0 -1.65545 100 17 -0.767569 100 15 0 0 0 0 0 0 0 0
55100 -251.287 -2.9789 100 60 0 0 0 0 0 0 0 0 0 -1.35353 100 18 -1.02609 100 22 0 0 0 0 0 0 0 0
55200 -252.711 -2.11696 100 54 0 0 0 0 0 0 0 0 0 -1.25716 100 26 -1.27914 100 24 0 0 0 0 0 0 0 0
55300 -252.337 -4.78182 100 46 0 0 0 0 0 0 0 0 0 -1.45614 100 27 -0.750596 100 21 0 0 0 0 0 0 0 0
55400 -251.374 -2.42452 100 56 0 0 0 0 0 0 0 0 0 -1.35152 100 20 -1.12763 100 39 0 0 0 0 0 0 0 0
55500 -251.071 -3.35552 100 48 0 0 0 0 0 0 0 0 0 -1.59974 100 25 -0.854908 100 21 0 0 0 0 0 0 0 0
55600 -253.053 -3.87228 100 58 0 0 0 0 0 0 0 0 0 -1.45234 100 29 -0.514307 100 21 0 0 0 0 0 0 0 0
55700 -251.178 -3.36808 100 50 0 0 0 0 0 0 0 0 0 -1.46391 100 23 -1.18053 100 19 0 0 0 0 0 0 0 0
55800 -252.554 -3.701 100 59 0 0 0 0 0 0 0 0 0 -1.76963 100 26 -0.705049 100 31 0 0 0 0 0 0 0 0
55900 -254.698 -7.40427 100 55 0 0 0 0 0 0 0 0 0 -1.38128 100 29 -1.00358 100 29 0 0 0 0 0 0 0 0
56000 -252.544 -4.09004 100 61 0 0 0 0 0 0 0 0 0 -1.72654 100 32 -0.847278 100 25 0 0 0 0 0 0 0 0
56100 -251.039 -2.90912 100 45 0 0 0 0 0 0 0 0 0 -1.39434 100 17 -1.12173 100 26 0 0 0 0 0 0 0 0
56200 -252.99 -5.74903 100 63 0 0 0 0 0 0 0 0 0 -1.4002 100 39 -0.995411 100 17 0 0 0 0 0 0 0 0
56300 -254.077 -1.88809 100 63 0 0 0 0 0 0 0 0 0 -1.32464 100 26 -1.68768 100 18 0 0 0 0 0 0 0 0
56400 -252.981 -3.25936 100 55 0 0 0 0 0 0 0 0 0 -1.42944 100 19 -1.60246 100 25 0 0 0 0 0 0 0 0
56500 -254.441 -1.77898 100 51 0 0 0 0 0 0 0 0 0 -1.81901 100 29 -0.16067 100 25 0 0 0 0 0 0 0 0
56600 -251.368 -2.84019 100 58 0 0 0 0 0 0 0 0 0 -1.64796 100 20 -0.994523 100 30 0 0 0 0 0 0 0 0
56700 -252.283 -1.70181 100 55 0 0 0 0 0 0 0 0 0 -1.46331 100 19 -1.33398 100 31 0 0 0 0 0 0 0 0
56800 -251.424 -4.16883 100 60 0 0 0 0 0 0 0 0 0 -1.5024 100 22 -0.869994 100 23 0 0 0 0 0 0 0 0
56900 -250.915 -3.07198 100 50 0 0 0 0 0 0 0 0 0 -1.48443 100 23 -0.807038 100 22 0 0 0 0 0 0 0 0
57000 -255 -1.27452 100 53 0 0 0 0 0 0 0 0 0 -1.6459 100 18 -1.48296 100 26 0 0 0 0 0 0 0 0
57100 -251.314 -3.36034 100 51 0 0 0 0 0 0 0 0 0 -1.58797 100 29 -0.654379 100 21 0 0 0 0 0 0 0 0
57200 -252.214 -4.29183 100 63 0 0 0 0 0 0 0 0 0 -1.41001 100 25 -0.757207 100 30 0 0 0 0 0 0 0 0
57300 -250.95 -2.86218 100 53 0 0 0 0 0 0 0 0 0 -1.61371 100 24 -0.881328 100 32 0 0 0 0 0 0 0 0
57400 -253.757 -2.06873 100 53 0 0 0 0 0 0 0 0 0 -1.79093 100 32 -0.217566 100 28 0 0 0 0 0 0 0 0
57500 -250.972 -3.22388 100 51 0 0 0 0 0 0 0 0 0 -1.48675 100 21 -1.10831 100 27 0 0 0 0 0 0 0 0
57600 -254.349 -6.81944 100 60 0 0 0 0 0 0 0 0 0 -1.34031 100 27 -1.09438 100 26 0 0 0 0 0 0 0 0
57700 -252.423 -2.25951 100 58 0 0 0 0 0 0 0 0 0 -1.81011 100 23 -0.672488 100 34 0 0 0 0 0 0 0 0
57800 -252.104 -3.82515 100 56 0 0 0 0 0 0 0 0 0 -1.35659 100 26 -1.36398 100 25 0 0 0 0 0 0 0 0
57900 -251.799 -4.49618 100 53 0 0 0 0 0 0 0 0 0 -1.50098 100 27 -0.798264 100 28 0 0 0 0 0 0 0 0
58000 -252.112 -2.53019 100 53 0 0 0 0 0 0 0 0 0 -1.76843 100 20 -0.812685 100 22 0 0 0 0 0 0 0 0
58100 -252.415 -3.89897 100 55 0 0 0 0 0 0 0 0 0 -1.59457 100 19 -1.25115 100 24 0 0 0 0 0 0 0 0
58200 -251.531 -3.25076 100 60 0 0 0 0 0 0 0 0 0 -1.32751 100 25 -1.1173 100 28 0 0 0 0 0 0 0 0
58300 -253.668 -2.15029 100 46 0 0 0 0 0 0 0 0 0 -1.42302 100 31 -1.6911 100 15 0 0 0 0 0 0 0 0
58400 -253.078 -3.76473 100 54 0 0 0 0 0 0 0 0 0 -1.22374 100 20 -1.0636 100 27 0 0 0 0 0 0 0 0
58500 -252.369 -3.68558 100 62 0 0 0 0 0 0 0 0 0 -1.47345 100 20 -1.43042 100 24 0 0 0 0 0 0 0 0
58600 -251.531 -1.58493 100 47 0 0 0 0 0 0 0 0 0 -1.57594 100 20 -0.903148 100 27 0 0 0 0 0 0 0 0
58700 -251.552 -2.83847 100 50 0 0 0 0 0 0 0 0 0 -1.52853 100 18 -1.28085 100 32 0 0 0 0 0 0 0 0
58800 -251.863 -1.64641 100 42 0 0 0 0 0 0 0 0 0 -1.69018 100 26 -0.656443 100 29 0 0 0 0 0 0 0 0
58900 -251.66 -4.06284 100 54 0 0 0 0 0 0 0 0 0 -1.41272 100 18 -1.19711 100 20 0 0 0 0 0 0 0 0
59000 -252.04 -2.69754 100 58 0 0 0 0 0 0 0 0 0 -1.62586 100 24 -1.23466 100 24 0 0 0 0 0 0 0 0
59100 -251.716 -1.83401 100 55 0 0 0 0 0 0 0 0 0 -1.38372 100 19 -1.07774 100 27 0 0 0 0 0 0 0 0
59200 -251.838 -3.62147 100 52 0 0 0 0 0 0 0 0 0 -1.52851 100 32 -0.588305 100 18 0 0 0 0 0 0 0 0
59300 -252.374 -3.80589 100 55 0 0 0 0 0 0 0 0 0 -1.51016 100 24 -1.38142 100 37 0 0 0 0 0 0 0 0
59400 -250.788 -2.27336 100 53 0 0 0 0 0 0 0 0 0 -1.54317 100 21 -0.849663 100 28 0 0 0 0 0 0 0 0
59500 -251.574 -3.21665 100 67 0 0 0 0 0 0 0 0 0 -1.57431 100 20 -0.571018 100 26 0 0 0 0 0 0 0 0
59600 -253.833 -1.82578 100 63 0 0 0 0 0 0 0 0 0 -1.21194 100 20 -1.21462 100 25 0 0 0 0 0 0 0 0
59700 -250.858 -2.27827 100 63 0 0 0 0 0 0 0 0 0 -1.45931 100 23 -0.960098 100 21 0 0 0 0 0 0 0 0
59800 -251.049 -2.29432 100 62 0 0 0 0 0 0 0 0 0 -1.4432 100 27 -0.85268 100 17 0 0 0 0 0 0 0 0
59900 -250.896 -2.21444 100 52 0 0 0 0 0 0 0 0 0 -1.4642 100 32 -1.0219 100 34 0 0 0 0 0 0 0 0
60000 -251.186 -2.68644 100 54 0 0 0 0 0 0 0 0 0 -1.40084 100 23 -0.863609 100 27 0 0 0 0 0 0 0 0
60100 -252.768 -3.68092 100 57 0 0 0 0 0 0 0 0 0 -1.7534 100 28 -0.935091 100 22 0 0 0 0 0 0 0 0
60200 -251.268 -3.25607 100 59 0 0 0 0 0 0 0 0 0 -1.63211 100 17 -0.690544 100 31 0 0 0 0 0 0 0 0
60300 -252.31 -4.47415 100 54 0 0 0 0 0 0 0 0 0 -1.32652 100 31 -1.05399 100 32 0 0 0 0 0 0 0 0
60400 -254.637 -4.12105 100 61 0 0 0 0 0 0 0 0 0 -1.33411 100 20 -1.79407 100 27 0 0 0 0 0 0 0 0
60500 -253.345 -3.82347 100 53 0 0 0 0 0 0 0 0 0 -1.68453 100 24 -1.25158 100 31 0 0 0 0 0 0 0 0
60600 -250.897 -2.75313 100 57 0 0 0 0 0 0 0 0 0 -1.56168 100 21 -0.728789 100 26 0 0 0 0 0 0 0 0
60700 -251.664 -2.61283 100 59 0 0 0 0 0 0 0 0 0 -1.46481 100 20 -0.629901 100 26 0 0 0 0 0 0 0 0
60800 -253.258 -2.21598 100 52 0 0 0 0 0 0 0 0 0 -1.58709 100 27 -1.49741 100 26 0 0 0 0 0 0 0 0
60900 -253.802 -1.32988 100 58 0 0 0 0 0 0 0 0 0 -1.50421 100 20 -1.45664 100 32 0 0 0 0 0 0 0 0
61000 -250.862 -2.82448 100 53 0 0 0 0 0 0 0 0 0 -1.44449 100 15 -1.1023 100 29 0 0 0 0 0 0 0 0
61100 -252.673 -1.77518 100 57 0 0 0 0 0 0 0 0 0 -1.69671 100 25 -1.1419 100 25 0 0 0 0 0 0 0 0
61200 -251.364 -2.26656 100 59 0 0 0 0 0 0 0 0 0 -1.3656 100 16 -1.02915 100 24 0 0 0 0 0 0 0 0
61300 -251.82 -2.90183 100 56 0 0 0 0 0 0 0 0 0 -1.53482 100 18 -0.531363 100 29 0 0 0 0 0 0 0 0
61400 -252.613 -4.27423 100 51 0 0 0 0 0 0 0 0 0 -1.45688 100 22 -1.40749 100 23 0 0 0 0 0 0 0 0
61500 -251.429 -4.20082 100 48 0 0 0 0 0 0 0 0 0 -1.50506 100 25 -0.896285 100 28 0 0 0 0 0 0 0 0
61600 -251.363 -2.63716 100 61 0 0 0 0 0 0 0 0 0 -1.52086 100 19 -0.620605 100 24 0 0 0 0 0 0 0 0
61700 -251.027 -2.33226 100 53 0 0 0 0 0 0 0 0 0 -1.62855 100 20 -0.730181 100 26 0 0 0 0 0 0 0 0
61800 -252.91 -4.04569 100 52 0 0 0 0 0 0 0 0 0 -1.45021 100 19 -1.50173 100 23 0 0 0 0 0 0 0 0
61900 -251.039 -2.50352 100 55 0 0 0 0 0 0 0 0 0 -1.543 100 21 -1.12159 100 28 0 0 0 0 0 0 0 0
62000 -251.153 -2.14124 100 66 0 0 0 0 0 0 0 0 0 -1.48454 100 20 -0.764101 100 23 0 0 0 0 0 0 0 0
62100 -253.915 -1.12979 100 51 0 0 0 0 0 0 0 0 0 -1.48102 100 22 -0.607207 100 14 0 0 0 0 0 0 0 0
62200 -253.376 -6.09288 100 63 0 0 0 0 0 0 0 0 0 -1.40233 100 25 -1.14417 100 21 0 0 0 0 0 0 0 0
62300 -251.721 -3.43348 100 49 0 0 0 0 0 0 0 0 0 -1.32331 100 26 -1.00698 100 19 0 0 0 0 0 0 0 0
62400 -250.799 -2.48184 100 59 0 0 0 0 0 0 0 0 0 -1.51379 100 23 -1.04864 100 24 0 0 0 0 0 0 0 0
62500 -251.891 -4.38612 100 55 0 0 0 0 0 0 0 0 0 -1.55856 100 18 -1.06976 100 22 0 0 0 0 0 0 0 0
62600 -251.105 -2.46534 100 52 0 0 0 0 0 0 0 0 0 -1.62973 100 22 -0.670518 100 16 0 0 0 0 0 0 0 0
62700 -251.907 -4.77914 100 53 0 0 0 0 0 0 0 0 0 -1.50271 100 29 -0.904821 100 24 0 0 0 0 0 0 0 0
62800 -251.711 -2.46449 100 60 0 0 0 0 0 0 0 0 0 -1.64563 100 18 -0.499132 100 24 0 0 0 0 0 0 0 0
62900 -251.709 -4.49785 100 48 0 0 0 0 0 0 0 0 0 -1.52028 100 25 -0.847197 100 24 0 0 0 0 0 0 0 0
63000 -251.277 -2.28004 100 53 0 0 0 0 0 0 0 0 0 -1.37857 100 25 -0.995451 100 32 0 0 0 0 0 0 0 0
63100 -251.555 -1.90586 100 57 0 0 0 0 0 0 0 0 0 -1.6602 100 18 -0.95038 100 22 0 0 0 0 0 0 0 0
63200 -251.12 -2.31809 100 48 0 0 0 0 0 0 0 0 0 -1.40833 100 22 -0.926613 100 31 0 0 0 0 0 0 0 0
63300 -250.813 -2.78498 100 57 0 0 0 0 0 0 0 0 0 -1.58487 100 25 -0.891662 100 33 0 0 0 0 0 0 0 0
63400 -251.104 -1.91401 100 60 0 0 0 0 0 0 0 0 0 -1.57061 100 23 -0.947842 100 23 0 0 0 0 0 0 0 0
63500 -251.497 -3.24232 100 65 0 0 0 0 0 0 0 0 0 -1.67738 100 22 -0.848985 100 27 0 0 0 0 0 0 0 0
63600 -251.009 -2.3632 100 59 0 0 0 0 0 0 0 0 0 -1.41044 100 24 -1.04739 100 24 0 0 0 0 0 0 0 0
63700 -252.252 -5.15399 100 56 0 0 0 0 0 0 0 0 0 -1.51995 100 18 -0.90912 100 23 0 0 0 0 0 0 0 0
63800 -255.217 -6.73637 100 49 0 0 0 0 0 0 0 0 0 -1.68878 100 25 -1.07198 100 27 0 0 0 0 0 0 0 0
63900 -250.844 -2.72865 100 62 0 0 0 0 0 0 0 0 0 -1.59169 100 13 -0.909322 100 19 0 0 0 0 0 0 0 0
64000 -253.036 -5.2012 100 61 0 0 0 0 0 0 0 0 0 -1.3118 100 20 -1.10481 100 25 0 0 0 0 0 0 0 0
64100 -252.24 -4.79401 100 53 0 0 0 0 0 0 0 0 0 -1.37296 100 24 -1.05016 100 22 0 0 0 0 0 0 0 0
64200 -251.309 -3.98486 100 54 0 0 0 0 0 0 0 0 0 -1.47291 100 26 -0.887935 100 29 0 0 0 0 0 0 0 0
64300 -252.026 -4.67415 100 55 0 0 0 0 0 0 0 0 0 -1.40931 100 19 -0.937255 100 20 0 0 0 0 0 0 0 0
64400 -254.339 -1.10936 100 61 0 0 0 0 0 0 0 0 0 -1.44998 100 21 -0.61273 100 23 0 0 0 0 0 0 0 0
64500 -251.044 -3.55432 100 65 0 0 0 0 0 0 0 0 0 -1.50663 100 28 -0.831834 100 26 0 0 0 0 0 0 0 0
64600 -251.975 -2.45535 100 57 0 0 0 0 0 0 0 0 0 -1.32113 100 26 -1.35311 100 23 0 0 0 0 0 0 0 0
64700 -251.266 -3.22897 100 53 0 0 0 0 0 0 0 0 0 -1.59069 100 21 -0.649067 100 28 0 0 0 0 0 0 0 0
64800 -251.223 -2.36939 100 60 0 0 0 0 0 0 0 0 0 -1.38941 100 24 -1.17176 100 26 0 0 0 0 0 0 0 0
64900 -251.919 -3.16268 100 48 0 0 0 0 0 0 0 0 0 -1.73776 100 30 -0.761641 100 33 0 0 0 0 0 0 0 0
65000 -253.592 -1.78397 100 54 0 0 0 0 0 0 0 0 0 -1.58866 100 12 -1.49183 100 25 0 0 0 0 0 0 0 0
65100 -251.436 -3.52447 100 49 0 0 0 0 0 0 0 0 0 -1.37358 100 17 -0.937634 100 22 0 0 0 0 0 0 0 0
65200 -252.885 -3.29859 100 53 0 0 0 0 0 0 0 0 0 -1.82099 100 22 -0.551503 100 27 0 0 0 0 0 0 0 0
65300 -252.199 -3.58774 100 54 0 0 0 0 0 0 0 0 0 -1.28559 100 16 -1.29412 100 27 0 0 0 0 0 0 0 0
65400 -250.863 -3.27994 100 58 0 0 0 0 0 0 0 0 0 -1.53295 100 22 -0.952517 100 15 0 0 0 0 0 0 0 0
65500 -253.382 -3.67204 100 52 0 0 0 0 0 0 0 0 0 -1.84255 100 19 -0.562039 100 24 0 0 0 0 0 0 0 0
65600 -253.792 -1.67644 100 60 0 0 0 0 0 0 0 0 0 -1.45342 100 24 -1.60686 100 23 0 0 0 0 0 0 0 0
65700 -252.889 -5.08401 100 50 0 0 0 0 0 0 0 0 0 -1.31625 100 23 -1.12294 100 28 0 0 0 0 0 0 0 0
65800 -253.453 -2.69925 100 71 0 0 0 0 0 0 0 0 0 -1.18154 100 21 -1.14911 100 22 0 0 0 0 0 0 0 0
65900 -251.171 -2.08076 100 46 0 0 0 0 0 0 0 0 0 -1.57789 100 20 -1.05145 100 33 0 0 0 0 0 0 0 0
66000 -253.13 -3.17597 100 59 0 0 0 0 0 0 0 0 0 -1.40221 100 23 -1.64086 100 21 0 0 0 0 0 0 0 0
66100 -253.02 -2.63463 100 52 0 0 0 0 0 0 0 0 0 -1.74206 100 18 -1.15623 100 26 0 0 0 0 0 0 0 0
66200 -251.053 -2.4999 100 56 0 0 0 0 0 0 0 0 0 -1.45828 100 23 -1.1883 100 17 0 0 0 0 0 0 0 0
66300 -251.01 -3.49427 100 64 0 0 0 0 0 0 0 0 0 -1.51635 100 24 -0.824725 100 19 0 0 0 0 0 0 0 0
66400 -251.083 -3.57234 100 57 0 0 0 0 0 0 0 0 0 -1.56796 100 23 -0.863062 100 22 0 0 0 0 0 0 0 0
66500 -253.404 -3.42447 100 56 0 0 0 0 0 0 0 0 0 -1.33899 100 31 -0.620184 100 33 0 0 0 0 0 0 0 0
66600 -255.804 -0.667448 100 55 0 0 0 0 0 0 0 0 0 -1.64619 100 33 -0.413847 100 28 0 0 0 0 0 0 0 0
66700 -251.265 -3.35446 100 50 0 0 0 0 0 0 0 0 0 -1.56306 100 21 -1.09727 100 24 0 0 0 0 0 0 0 0
66800 -252.15 -2.85607 100 56 0 0 0 0 0 0 0 0 0 -1.26606 100 35 -1.25673 100 29 0 0 0 0 0 0 0 0
66900 -254.139 -4.2007 100 58 0 0 0 0 0 0 0 0 0 -1.46243 100 19 -0.413219 100 22 0 0 0 0 0 0 0 0
67000 -255.602 -2.0105 100 50 0 0 0 0 0 0 0 0 0 -1.87683 100 22 -1.20176 100 17 0 0 0 0 0 0 0 0
67100 -252.358 -3.35239 100 50 0 0 0 0 0 0 0 0 0 -1.51521 100 32 -1.42336 100 25 0 0 0 0 0 0 0 0
67200 -252.216 -4.68978 100 57 0 0 0 0 0 0 0 0 0 -1.44874 100 20 -0.77343 100 30 0 0 0 0 0 0 0 0
67300 -252.206 -1.41699 100 64 0 0 0 0 0 0 0 0 0 -1.4647 100 18 -1.09824 100 21 0 0 0 0 0 0 0 0
67400 -254.66 -6.12282 100 54 0 0 0 0 0 0 0 0 0 -1.75178 100 16 -0.826666 100 24 0 0 0 0 0 0 0 0
67500 -256.574 -4.74636 100 52 0 0 0 0 0 0 0 0 0 -1.6505 100 33 -1.67497 100 25 0 0 0 0 0 0 0 0
67600 -256.21 -3.98332 100 50 0 0 0 0 0 0 0 0 0 -1.9976 100 20 -0.26027 100 30 0 0 0 0 0 0 0 0
67700 -251.055 -3.63505 100 57 0 0 0 0 0 0 0 0 0 -1.52933 100 23 -0.957183 100 40 0 0 0 0 0 0 0 0
67800 -257.067 -3.20581 100 49 0 0 0 0 0 0 0 0 0 -1.01837 100 32 -1.57184 100 25 0 0 0 0 0 0 0 0
67900 -252.432 -4.43535 100 60 0 0 0 0 0 0 0 0 0 -1.68565 100 28 -0.851618 100 22 0 0 0 0 0 0 0 0
68000 -252.408 -3.71182 100 62 0 0 0 0 0 0 0 0 0 -1.42258 100 24 -0.626471 100 19 0 0 0 0 0 0 0 0
68100 -251.962 -4.03805 100 56 0 0 0 0 0 0 0 0 0 -1.67243 100 31 -0.820007 100 26 0 0 0 0 0 0 0 0
68200 -250.83 -2.47472 100 54 0 0 0 0 0 0 0 0 0 -1.56839 100 22 -0.767104 100 25 0 0 0 0 0 0 0 0
68300 -252.013 -4.1871 100 60 0 0 0 0 0 0 0 0 0 -1.33843 100 23 -1.17668 100 25 0 0 0 0 0 0 0 0
68400 -252.299 -2.0627 100 49 0 0 0 0 0 0 0 0 0 -1.31638 100 26 -0.920311 100 26 0 0 0 0 0 0 0 0
68500 -252.663 -4.08702 100 52 0 0 0 0 0 0 0 0 0 -1.2716 100 18 -1.31493 100 23 0 0 0 0 0 0 0 0
68600 -252.614 -4.60799 100 63 0 0 0 0 0 0 0 0 0 -1.31973 100 30 -1.27571 100 21 0 0 0 0 0 0 0 0
68700 -253.057 -3.18213 100 56 0 0 0 0 0 0 0 0 0 -1.22441 100 23 -1.45834 100 23 0 0 0 0 0 0 0 0
68800 -250.857 -2.66608 100 59 0 0 0 0 0 0 0 0 0 -1.46597 100 18 -1.11214 100 27 0 0 0 0 0 0 0 0
68900 -251.3 -3.87278 100 61 0 0 0 0 0 0 0 0 0 -1.42478 100 18 -1.05158 100 25 0 0 0 0 0 0 0 0
69000 -252.86 -4.59153 100 54 0 0 0 0 0 0 0 0 0 -1.3419 100 20 -0.818626 100 31 0 0 0 0 0 0 0 0
69100 -252.8 -4.64425 100 61 0 0 0 0 0 0 0 0 0 -1.29204 100 28 -1.2474 100 22 0 0 0 0 0 0 0 0
69200 -251.482 -2.35024 100 56 0 0 0 0 0 0 0 0 0 -1.70565 100 26 -0.814179 100 26 0 0 0 0 0 0 0 0
69300 -250.924 -3.46485 100 54 0 0 0 0 0 0 0 0 0 -1.48638 100 19 -0.957573 100 26 0 0 0 0 0 0 0 0
69400 -250.962 -2.00658 100 59 0 0 0 0 0 0 0 0 0 -1.56081 100 22 -0.885309 100 26 0 0 0 0 0 0 0 0
69500 -250.977 -3.47917 100 59 0 0 0 0 0 0 0 0 0 -1.488 100 22 -1.03335 100 26 0 0 0 0 0 0 0 0
69600 -251.897 -1.74328 100 46 0 0 0 0 0 0 0 0 0 -1.50426 100 31 -0.654225 100 15 0 0 0 0 0 0 0 0
69700 -251.442 -3.61065 100 47 0 0 0 0 0 0 0 0 0 -1.36335 100 26 -1.12401 100 28 0 0 0 0 0 0 0 0
69800 -252.001 -4.74222 100 55 0 0 0 0 0 0 0 0 0 -1.53047 100 26 -0.78848 100 30 0 0 0 0 0 0 0 0
69900 -251.499 -1.67277 100 57 0 0 0 0 0 0 0 0 0 -1.58492 100 19 -0.728526 100 26 0 0 0 0 0 0 0 0
70000 -252.525 -2.85234 100 53 0 0 0 0 0 0 0 0 0 -1.39571 100 23 -1.55158 100 28 0 0 0 0 0 0 0 0
70100 -256.312 -9.28173 100 62 0 0 0 0 0 0 0 0 0 -1.52842 100 22 -0.925743 100 30 0 0 0 0 0 0 0 0
70200 -256.096 -1.20222 100 58 0 0 0 0 0 0 0 0 0 -1.33476 100 16 -1.71468 100 26 0 0 0 0 0 0 0 0
70300 -251.017 -2.76996 100 59 0 0 0 0 0 0 0 0 0 -1.5983 100 24 -1.00073 100 14 0 0 0 0 0 0 0 0
70400 -252.322 -4.78256 100 59 0 0 0 0 0 0 0 0 0 -1.40519 100 20 -1.22775 100 22 0 0 0 0 0 0 0 0
70500 -252.313 -4.79799 100 58 0 0 0 0 0 0 0 0 0 -1.58451 100 16 -0.682667 100 20 0 0 0 0 0 0 0 0
70600 -252.11 -4.2193 100 60 0 0 0 0 0 0 0 0 0 -1.52961 100 25 -0.618295 100 28 0 0 0 0 0 0 0 0
70700 -250.996 -2.60172 100 54 0 0 0 0 0 0 0 0 0 -1.44187 100 21 -1.1697 100 18 0 0 0 0 0 0 0 0
70800 -250.956 -2.91255 100 57 0 0 0 0 0 0 0 0 0 -1.58581 100 29 -0.987611 100 38 0 0 0 0 0 0 0 0
70900 -251.812 -4.48403 100 57 0 0 0 0 0 0 0 0 0 -1.40839 100 22 -1.00967 100 23 0 0 0 0 0 0 0 0
71000 -251.806 -1.7513 100 57 0 0 0 0 0 0 0 0 0 -1.4669 100 13 -0.735508 100 20 0 0 0 0 0 0 0 0
71100 -252.562 -2.24467 100 39 0 0 0 0 0 0 0 0 0 -1.2545 100 22 -1.24002 100 18 0 0 0 0 0 0 0 0
71200 -252.189 -4.87297 100 52 0 0 0 0 0 0 0 0 0 -1.58561 100 29 -0.796154 100 33 0 0 0 0 0 0 0 0
71300 -251.533 -2.01816 100 61 0 0 0 0 0 0 0 0 0 -1.38216 100 22 -1.15617 100 31 0 0 0 0 0 0 0 0
71400 -253.022 -5.38935 100 58 0 0 0 0 0 0 0 0 0 -1.34615 100 24 -1.20426 100 22 0 0 0 0 0 0 0 0
71500 -251.064 -2.40276 100 59 0 0 0 0 0 0 0 0 0 -1.57135 100 24 -0.670214 100 28 0 0 0 0 0 0 0 0
71600 -252.895 -5.4658 100 50 0 0 0 0 0 0 0 0 0 -1.58364 100 22 -0.694576 100 23 0 0 0 0 0 0 0 0
71700 -251.535 -3.21052 100 54 0 0 0 0 0 0 0 0 0 -1.46882 100 23 -1.30637 100 34 0 0 0 0 0 0 0 0
71800 -252.871 -1.93058 100 60 0 0 0 0 0 0 0 0 0 -1.64117 100 14 -1.32053 100 24 0 0 0 0 0 0 0 0
71900 -250.698 -2.60494 100 51 0 0 0 0 0 0 0 0 0 -1.53785 100 20 -0.930268 100 29 0 0 0 0 0 0 0 0
72000 -251.444 -2.05955 100 58 0 0 0 0 0 0 0 0 0 -1.44005 100 26 -0.78219 100 21 0 0 0 0 0 0 0 0
72100 -251.199 -3.15224 100 48 0 0 0 0 0 0 0 0 0 -1.39171 100 26 -1.18974 100 23 0 0 0 0 0 0 0 0
72200 -252.28 -2.67756 100 47 0 0 0 0 0 0 0 0 0 -1.35075 100 19 -0.733116 100 23 0 0 0 0 0 0 0 0
72300 -250.878 -2.4185 100 53 0 0 0 0 0 0 0 0 0 -1.53115 100 23 -1.06431 100 22 0 0 0 0 0 0 0 0
72400 -251.092 -2.10367 100 60 0 0 0 0 0 0 0 0 0 -1.61364 100 21 -0.72328 100 25 0 0 0 0 0 0 0 0
72500 -251.832 -4.03844 100 56 0 0 0 0 0 0 0 0 0 -1.64107 100 25 -0.916519 100 19 0 0 0 0 0 0 0 0
72600 -253.006 -3.04425 100 56 0 0 0 0 0 0 0 0 0 -1.56576 100 29 -0.361058 100 23 0 0 0 0 0 0 0 0
72700 -251.297 -3.40817 100 54 0 0 0 0 0 0 0 0 0 -1.40604 100 24 -1.20777 100 29 0 0 0 0 0 0 0 0
72800 -251.29 -2.61761 100 53 0 0 0 0 0 0 0 0 0 -1.63063 100 28 -0.600564 100 31 0 0 0 0 0 0 0 0
72900 -251.442 -1.98544 100 52 0 0 0 0 0 0 0 0 0 -1.68548 100 25 -0.764819 100 32 0 0 0 0 0 0 0 0
73000 -251.879 -4.63168 100 58 0 0 0 0 0 0 0 0 0 -1.43162 100 18 -0.948559 100 28 0 0 0 0 0 0 0 0
73100 -252.511 -1.23206 100 61 0 0 0 0 0 0 0 0 0 -1.67118 100 15 -0.790201 100 23 0 0 0 0 0 0 0 0
73200 -251.567 -1.57693 100 50 0 0 0 0 0 0 0 0 0 -1.5986 100 25 -0.817032 100 31 0 0 0 0 0 0 0 0
73300 -251.526 -3.19431 100 49 0 0 0 0 0 0 0 0 0 -1.3691 100 21 -0.863018 100 19 0 0 0 0 0 0 0 0
73400 -252.455 -3.18078 100 56 0 0 0 0 0 0 0 0 0 -1.24055 100 35 -1.22489 100 22 0 0 0 0 0 0 0 0
73500 -252.213 -4.68448 100 59 0 0 0 0 0 0 0 0 0 -1.60605 100 21 -0.701249 100 30 0 0 0 0 0 0 0 0
73600 -252.881 -3.0905 100 57 0 0 0 0 0 0 0 0 0 -1.42096 100 17 -0.53025 100 33 0 0 0 0 0 0 0 0
73700 -251.647 -3.86229 100 53 0 0 0 0 0 0 0 0 0 -1.51711 100 20 -1.19266 100 25 0 0 0 0 0 0 0 0
73800 -256.464 -1.60066 100 65 0 0 0 0 0 0 0 0 0 -1.83157 100 26 -1.40137 100 30 0 0 0 0 0 0 0 0
73900 -252.386 -4.90722 100 60 0 0 0 0 0 0 0 0 0 -1.61745 100 25 -0.901486 100 26 0 0 0 0 0 0 0 0
74000 -252.372 -2.872 100 55 0 0 0 0 0 0 0 0 0 -1.7463 100 14 -0.979529 100 15 0 0 0 0 0 0 0 0
74100 -250.83 -3.143 100 56 0 0 0 0 0 0 0 0 0 -1.45557 100 29 -0.953151 100 23 0 0 0 0 0 0 0 0
74200 -252.499 -3.36175 100 52 0 0 0 0 0 0 0 0 0 -1.67507 100 20 -1.16792 100 26 0 0 0 0 0 0 0 0
74300 -252.273 -4.32598 100 59 0 0 0 0 0 0 0 0 0 -1.64176 100 28 -0.596415 100 20 0 0 0 0 0 0 0 0
74400 -250.916 -2.62691 100 52 0 0 0 0 0 0 0 0 0 -1.51634 100 13 -1.11227 100 24 0 0 0 0 0 0 0 0
74500 -253.931 -3.65516 100 48 0 0 0 0 0 0 0 0 0 -1.36365 100 23 -1.73586 100 23 0 0 0 0 0 0 0 0
74600 -252.433 -3.15652 100 53 0 0 0 0 0 0 0 0 0 -1.24251 100 27 -1.15168 100 24 0 0 0 0 0 0 0 0
74700 -252.388 -1.436 100 62 0 0 0 0 0 0 0 0 0 -1.46162 100 24 -1.19888 100 28 0 0 0 0 0 0 0 0
74800 -253.297 -2.06522 100 45 0 0 0 0 0 0 0 0 0 -1.83176 100 22 -0.915037 100 27 0 0 0 0 0 0 0 0
74900 -251.808 -3.81079 100 64 0 0 0 0 0 0 0 0 0 -1.60707 100 19 -0.596087 100 19 0 0 0 0 0 0 0 0
75000 -250.907 -3.1069 100 48 0 0 0 0 0 0 0 0 0 -1.47184 100 26 -0.836311 100 25 0 0 0 0 0 0 0 0
75100 -252.895 -3.17988 100 57 0 0 0 0 0 0 0 0 0 -1.38427 100 27 -0.588601 100 30 0 0 0 0 0 0 0 0
75200 -255.936 -5.39172 100 60 0 0 0 0 0 0 0 0 0 -1.62742 100 30 -0.212619 100 20 0 0 0 0 0 0 0 0
75300 -253.32 -4.39225 100 58 0 0 0 0 0 0 0 0 0 -1.66459 100 21 -1.20755 100 31 0 0 0 0 0 0 0 0
75400 -250.971 -2.9214 100 57 0 0 0 0 0 0 0 0 0 -1.47739 100 28 -1.15424 100 26 0 0 0 0 0 0 0 0
75500 -251.454 -2.56324 100 51 0 0 0 0 0 0 0 0 0 -1.49444 100 32 -1.29305 100 26 0 0 0 0 0 0 0 0
75600 -254.238 -6.67119 100 44 0 0 0 0 0 0 0 0 0 -1.6318 100 21 -0.672478 100 17 0 0 0 0 0 0 0 0
75700 -251.851 -2.78333 100 55 0 0 0 0 0 0 0 0 0 -1.35542 100 18 -0.801192 100 28 0 0 0 0 0 0 0 0
75800 -250.88 -3.30463 100 51 0 0 0 0 0 0 0 0 0 -1.4877 100 28 -0.879768 100 20 0 0 0 0 0 0 0 0
75900 -250.717 -2.48269 100 58 0 0 0 0 0 0 0 0 0 -1.54844 100 13 -0.887185 100 23 0 0 0 0 0 0 0 0
76000 -252.969 -3.88917 100 48 0 0 0 0 0 0 0 0 0 -1.32657 100 22 -1.53848 100 25 0 0 0 0 0 0 0 0
76100 -252.581 -4.75177 100 68 0 0 0 0 0 0 0 0 0 -1.5685 100 25 -1.17346 100 23 0 0 0 0 0 0 0 0
76200 -251.198 -3.3249 100 50 0 0 0 0 0 0 0 0 0 -1.51279 100 23 -1.15697 100 25 0 0 0 0 0 0 0 0
76300 -251.081 -2.90478 100 55 0 0 0 0 0 0 0 0 0 -1.40942 100 25 -1.18316 100 19 0 0 0 0 0 0 0 0
76400 -252.498 -5.07112 100 61 0 0 0 0 0 0 0 0 0 -1.43505 100 19 -1.20561 100 20 0 0 0 0 0 0 0 0
76500 -252.048 -2.9594 100 46 0 0 0 0 0 0 0 0 0 -1.59537 100 21 -1.28117 100 28 0 0 0 0 0 0 0 0
76600 -250.952 -2.62519 100 52 0 0 0 0 0 0 0 0 0 -1.42178 100 32 -0.910785 100 23 0 0 0 0 0 0 0 0
76700 -253.313 -3.50249 100 56 0 0 0 0 0 0 0 0 0 -1.2831 100 24 -0.758911 100 18 0 0 0 0 0 0 0 0
76800 -253.078 -3.14184 100 59 0 0 0 0 0 0 0 0 0 -1.5517 100 17 -0.367841 100 25 0 0 0 0 0 0 0 0
76900 -252.511 -2.18385 100 62 0 0 0 0 0 0 0 0 0 -1.45757 100 23 -1.49853 100 30 0 0 0 0 0 0 0 0
77000 -251.475 -2.69592 100 56 0 0 0 0 0 0 0 0 0 -1.42471 100 25 -0.729219 100 21 0 0 0 0 0 0 0 0
77100 -251.551 -2.85784 100 52 0 0 0 0 0 0 0 0 0 -1.43067 100 13 -1.34658 100 23 0 0 0 0 0 0 0 0
77200 -252.047 -1.36606 100 50 0 0 0 0 0 0 0 0 0 -1.52267 100 20 -0.957263 100 25 0 0 0 0 0 0 0 0
77300 -251.885 -4.28546 100 66 0 0 0 0 0 0 0 0 0 -1.48219 100 27 -0.72699 100 30 0 0 0 0 0 0 0 0
77400 -250.88 -3.27505 100 51 0 0 0 0 0 0 0 0 0 -1.45917 100 31 -1.02307 100 32 0 0 0 0 0 0 0 0
77500 -251.602 -3.4124 100 50 0 0 0 0 0 0 0 0 0 -1.3556 100 21 -1.26716 100 24 0 0 0 0 0 0 0 0
77600 -252.211 -1.56518 100 62 0 0 0 0 0 0 0 0 0 -1.39128 100 24 -1.09983 100 30 0 0 0 0 0 0 0 0
77700 -251.513 -2.44934 100 50 0 0 0 0 0 0 0 0 0 -1.53934 100 14 -1.25747 100 31 0 0 0 0 0 0 0 0
77800 -253.322 -4.33795 100 58 0 0 0 0 0 0 0 0 0 -1.40962 100 20 -1.55449 100 22 0 0 0 0 0 0 0 0
77900 -254.847 -7.34996 100 48 0 0 0 0 0 0 0 0 0 -1.49575 100 20 -0.688881 100 36 0 0 0 0 0 0 0 0
78000 -252.204 -3.9794 100 53 0 0 0 0 0 0 0 0 0 -1.70915 100 20 -0.786606 100 20 0 0 0 0 0 0 0 0
78100 -255.269 -6.33912 100 51 0 0 0 0 0 0 0 0 0 -1.2692 100 19 -1.51555 100 23 0 0 0 0 0 0 0 0
78200 -251.94 -4.45561 100 64 0 0 0 0 0 0 0 0 0 -1.59268 100 24 -0.723198 100 27 0 0 0 0 0 0 0 0
78300 -252.581 -3.39926 100 62 0 0 0 0 0 0 0 0 0 -1.25951 100 33 -0.977346 100 24 0 0 0 0 0 0 0 0
78400 -253.629 -4.51554 100 50 0 0 0 0 0 0 0 0 0 -1.71475 100 16 -0.375783 100 37 0 0 0 0 0 0 0 0
78500 -250.914 -2.2363 100 58 0 0 0 0 0 0 0 0 0 -1.58361 100 14 -0.945615 100 18 0 0 0 0 0 0 0 0
78600 -253.276 -2.20598 100 62 0 0 0 0 0 0 0 0 0 -1.40565 100 18 -1.6424 100 24 0 0 0 0 0 0 0 0
78700 -250.696 -2.84833 100 64 0 0 0 0 0 0 0 0 0 -1.51408 100 29 -0.900381 100 25 0 0 0 0 0 0 0 0
78800 -251.88 -3.16296 100 53 0 0 0 0 0 0 0 0 0 -1.71497 100 22 -0.564912 100 23 0 0 0 0 0 0 0 0
78900 -252.179 -1.41801 100 60 0 0 0 0 0 0 0 0 0 -1.67099 100 24 -0.887697 100 24 0 0 0 0 0 0 0 0
79000 -250.929 -2.4344 100 65 0 0 0 0 0 0 0 0 0 -1.44877 100 28 -0.865849 100 29 0 0 0 0 0 0 0 0
79100 -252.912 -1.83575 100 58 0 0 0 0 0 0 0 0 0 -1.70355 100 19 -1.18746 100 28 0 0 0 0 0 0 0 0
79200 -250.782 -2.85384 100 61 0 0 0 0 0 0 0 0 0 -1.4558 100 27 -1.04409 100 28 0 0 0 0 0 0 0 0
79300 -252.951 -2.37213 100 54 0 0 0 0 0 0 0 0 0 -1.83054 100 27 -0.828018 100 25 0 0 0 0 0 0 0 0
79400 -253.85 -4.67985 100 55 0 0 0 0 0 0 0 0 0 -1.49762 100 24 -1.53367 100 23 0 0 0 0 0 0 0 0
79500 -250.937 -2.87519 100 61 0 0 0 0 0 0 0 0 0 -1.44955 100 19 -1.14563 100 28 0 0 0 0 0 0 0 0
79600 -252.024 -2.09863 100 55 0 0 0 0 0 0 0 0 0 -1.46372 100 24 -0.610297 100 21 0 0 0 0 0 0 0 0
79700 -251.926 -3.83489 100 59 0 0 0 0 0 0 0 0 0 -1.31569 100 25 -1.15957 100 25 0 0 0 0 0 0 0 0
79800 -252.179 -1.90179 100 50 0 0 0 0 0 0 0 0 0 -1.38941 100 21 -0.767303 100 29 0 0 0 0 0 0 0 0
79900 -251.011 -2.40697 100 47 0 0 0 0 0 0 0 0 0 -1.61957 100 21 -0.930142 100 43 0 0 0 0 0 0 0 0
80000 -251.378 -3.94501 100 55 0 0 0 0 0 0 0 0 0 -1.57773 100 20 -0.899797 100 30 0 0 0 0 0 0 0 0
80100 -252.549 -5.2266 100 53 0 0 0 0 0 0 0 0 0 -1.52749 100 30 -1.09387 100 26 0 0 0 0 0 0 0 0
80200 -251.009 -3.17 100 62 0 0 0 0 0 0 0 0 0 -1.6033 100 20 -0.786834 100 30 0 0 0 0 0 0 0 0
80300 -251.67 -4.10595 100 61 0 0 0 0 0 0 0 0 0 -1.42441 100 20 -0.844294 100 31 0 0 0 0 0 0 0 0
80400 -252.928 -1.74619 100 48 0 0 0 0 0 0 0 0 0 -1.83643 100 19 -0.605807 100 26 0 0 0 0 0 0 0 0
80500 -251.538 -3.40478 100 58 0 0 0 0 0 0 0 0 0 -1.38848 100 19 -0.830885 100 22 0 0 0 0 0 0 0 0
80600 -251.628 -3.1106 100 57 0 0 0 0 0 0 0 0 0 -1.32118 100 28 -1.22676 100 27 0 0 0 0 0 0 0 0
80700 -252.014 -3.04501 100 59 0 0 0 0 0 0 0 0 0 -1.30729 100 28 -0.915321 100 26 0 0 0 0 0 0 0 0
80800 -253.265 -2.4203 100 45 0 0 0 0 0 0 0 0 0 -1.31741 100 21 -1.63986 100 27 0 0 0 0 0 0 0 0
80900 -254.855 -6.79429 100 58 0 0 0 0 0 0 0 0 0 -1.63068 100 22 -0.521199 100 17 0 0 0 0 0 0 0 0
81000 -251.324 -3.5146 100 57 0 0 0 0 0 0 0 0 0 -1.59366 100 26 -1.01343 100 27 0 0 0 0 0 0 0 0
81100 -252.859 -5.45771 100 58 0 0 0 0 0 0 0 0 0 -1.47535 100 19 -0.751162 100 23 0 0 0 0 0 0 0 0
81200 -250.929 -2.86865 100 64 0 0 0 0 0 0 0 0 0 -1.42146 100 24 -1.1122 100 18 0 0 0 0 0 0 0 0
81300 -251.151 -2.66761 100 45 0 0 0 0 0 0 0 0 0 -1.5902 100 25 -1.079 100 23 0 0 0 0 0 0 0 0
81400 -251.373 -2.37291 100 53 0 0 0 0 0 0 0 0 0 -1.68727 100 23 -0.653389 100 23 0 0 0 0 0 0 0 0
81500 -251.444 -1.81512 100 46 0 0 0 0 0 0 0 0 0 -1.65281 100 27 -0.717002 100 24 0 0 0 0 0 0 0 0
81600 -253.42 -3.35404 100 49 0 0 0 0 0 0 0 0 0 -1.82568 100 22 -0.363035 100 25 0 0 0 0 0 0 0 0
81700 -255.17 -5.88492 100 47 0 0 0 0 0 0 0 0 0 -1.22125 100 22 -0.96142 100 24 0 0 0 0 0 0 0 0
81800 -250.895 -3.28274 100 55 0 0 0 0 0 0 0 0 0 -1.45697 100 19 -1.03638 100 22 0 0 0 0 0 0 0 0
81900 -251.737 -3.06313 100 57 0 0 0 0 0 0 0 0 0 -1.41771 100 24 -0.697168 100 15 0 0 0 0 0 0 0 0
82000 -251.707 -4.32426 100 58 0 0 0 0 0 0 0 0 0 -1.43308 100 29 -0.883461 100 26 0 0 0 0 0 0 0 0
82100 -252.195 -4.88199 100 60 0 0 0 0 0 0 0 0 0 -1.40326 100 24 -0.973709 100 30 0 0 0 0 0 0 0 0
82200 -252.208 -2.49025 100 49 0 0 0 0 0 0 0 0 0 -1.6902 100 21 -1.12779 100 25 0 0 0 0 0 0 0 0
82300 -251.88 -2.05854 100 65 0 0 0 0 0 0 0 0 0 -1.74939 100 18 -0.655126 100 27 0 0 0 0 0 0 0 0
82400 -251.769 -3.26266 100 53 0 0 0 0 0 0 0 0 0 -1.66773 100 22 -0.546268 100 16 0 0 0 0 0 0 0 0
82500 -254.197 -0.870571 100 55 0 0 0 0 0 0 0 0 0 -1.77904 100 19 -0.711555 100 28 0 0 0 0 0 0 0 0
82600 -252.753 -2.00074 100 64 0 0 0 0 0 0 0 0 0 -1.82095 100 24 -0.769516 100 30 0 0 0 0 0 0 0 0
82700 -252.623 -2.87047 100 53 0 0 0 0 0 0 0 0 0 -1.50586 100 15 -0.450085 100 18 0 0 0 0 0 0 0 0
82800 -251.75 -2.55103 100 39 0 0 0 0 0 0 0 0 0 -1.44434 100 22 -0.646933 100 27 0 0 0 0 0 0 0 0
82900 -253.131 -2.32036 100 61 0 0 0 0 0 0 0 0 0 -1.22209 100 19 -1.05548 100 22 0 0 0 0 0 0 0 0
83000 -254.179 -2.58819 100 52 0 0 0 0 0 0 0 0 0 -1.19115 100 20 -1.63467 100 24 0 0 0 0 0 0 0 0
83100 -251.928 -3.89454 100 53 0 0 0 0 0 0 0 0 0 -1.38948 100 23 -0.798755 100 23 0 0 0 0 0 0 0 0
83200 -250.681 -2.72525 100 52 0 0 0 0 0 0 0 0 0 -1.50413 100 16 -0.924025 100 22 0 0 0 0 0 0 0 0
83300 -253.099 -4.48524 100 60 0 0 0 0 0 0 0 0 0 -1.63378 100 28 -1.21646 100 20 0 0 0 0 0 0 0 0
83400 -254.093 -4.0305 100 60 0 0 0 0 0 0 0 0 0 -1.62721 100 26 -0.273553 100 19 0 0 0 0 0 0 0 0
83500 -252.024 -1.56057 100 52 0 0 0 0 0 0 0 0 0 -1.56951 100 16 -0.622142 100 28 0 0 0 0 0 0 0 0
83600 -252.081 -4.03389 100 56 0 0 0 0 0 0 0 0 0 -1.31278 100 23 -1.09049 100 26 0 0 0 0 0 0 0 0
83700 -252.426 -1.72612 100 44 0 0 0 0 0 0 0 0 0 -1.69085 100 21 -0.443341 100 28 0 0 0 0 0 0 0 0
83800 -251.797 -2.77978 100 66 0 0 0 0 0 0 0 0 0 -1.42521 100 33 -1.40575 100 25 0 0 0 0 0 0 0 0
83900 -251.704 -4.35697 100 52 0 0 0 0 0 0 0 0 0 -1.52762 100 29 -0.773396 100 24 0 0 0 0 0 0 0 0
84000 -250.746 -2.76084 100 55 0 0 0 0 0 0 0 0 0 -1.48954 100 23 -1.03897 100 29 0 0 0 0 0 0 0 0
84100 -255.118 -7.74325 100 57 0 0 0 0 0 0 0 0 0 -1.5795 100 33 -0.693897 100 29 0 0 0 0 0 0 0 0
84200 -252.494 -1.59731 100 62 0 0 0 0 0 0 0 0 0 -1.68459 100 20 -0.463048 100 34 0 0 0 0 0 0 0 0
84300 -254.278 -1.19759 100 58 0 0 0 0 0 0 0 0 0 -1.84281 100 26 -0.87613 100 24 0 0 0 0 0 0 0 0
84400 -253.756 -3.63233 100 58 0 0 0 0 0 0 0 0 0 -1.79921 100 16 -1.02877 100 22 0 0 0 0 0 0 0 0
84500 -251.649 -3.59617 100 58 0 0 0 0 0 0 0 0 0 -1.3599 100 22 -0.910829 100 30 0 0 0 0 0 0 0 0
84600 -254.108 -0.891827 100 57 0 0 0 0 0 0 0 0 0 -1.54299 100 29 -1.14832 100 29 0 0 0 0 0 0 0 0
84700 -251.496 -2.24888 100 56 0 0 0 0 0 0 0 0 0 -1.52099 100 18 -0.61338 100 29 0 0 0 0 0 0 0 0
84800 -252.332 -2.27543 100 49 0 0 0 0 0 0 0 0 0 -1.49087 100 22 -1.45707 100 23 0 0 0 0 0 0 0 0
84900 -251.965 -2.41786 100 56 0 0 0 0 0 0 0 0 0 -1.63898 100 29 -1.19226 100 34 0 0 0 0 0 0 0 0
85000 -251.53 -1.62659 100 56 0 0 0 0 0 0 0 0 0 -1.60378 100 23 -0.91033 100 23 0 0 0 0 0 0 0 0
85100 -253.395 -2.30749 100 60 0 0 0 0 0 0 0 0 0 -1.19537 100 25 -1.2813 100 28 0 0 0 0 0 0 0 0
85200 -251.893 -2.19943 100 57 0 0 0 0 0 0 0 0 0 -1.31851 100 23 -1.02146 100 30 0 0 0 0 0 0 0 0
85300 -252.786 -5.19332 100 58 0 0 0 0 0 0 0 0 0 -1.54038 100 21 -1.16739 100 30 0 0 0 0 0 0 0 0
85400 -253.476 -1.6237 100 52 0 0 0 0 0 0 0 0 0 -1.42299 100 22 -0.567587 100 29 0 0 0 0 0 0 0 0
85500 -253.259 -4.593 100 57 0 0 0 0 0 0 0 0 0 -1.3063 100 23 -1.46709 100 20 0 0 0 0 0 0 0 0
85600 -254.177 -3.07774 100 52 0 0 0 0 0 0 0 0 0 -1.16068 100 26 -1.55554 100 22 0 0 0 0 0 0 0 0
85700 -257.102 -3.63211 100 54 0 0 0 0 0 0 0 0 0 -1.03072 100 29 -1.66456 100 27 0 0 0 0 0 0 0 0
85800 -251.459 -2.62683 100 59 0 0 0 0 0 0 0 0 0 -1.60782 100 33 -1.13624 100 28 0 0 0 0 0 0 0 0
85900 -250.922 -2.56984 100 47 0 0 0 0 0 0 0 0 0 -1.6126 100 25 -0.75428 100 26 0 0 0 0 0 0 0 0
86000 -251.276 -2.94928 100 50 0 0 0 0 0 0 0 0 0 -1.60522 100 20 -1.06887 100 20 0 0 0 0 0 0 0 0
86100 -252.287 -4.8983 100 57 0 0 0 0 0 0 0 0 0 -1.60431 100 26 -0.884677 100 28 0 0 0 0 0 0 0 0
86200 -254.498 -4.05989 100 58 0 0 0 0 0 0 0 0 0 -1.88341 100 27 -0.365356 100 31 0 0 0 0 0 0 0 0
86300 -251.22 -1.83571 100 50 0 0 0 0 0 0 0 0 0 -1.48007 100 26 -0.930128 100 25 0 0 0 0 0 0 0 0
86400 -251.24 -3.37776 100 59 0 0 0 0 0 0 0 0 0 -1.56756 100 21 -0.680369 100 33 0 0 0 0 0 0 0 0
86500 -254.551 -6.66562 100 51 0 0 0 0 0 0 0 0 0 -1.33003 100 18 -1.31405 100 25 0 0 0 0 0 0 0 0
86600 -250.699 -2.68199 100 59 0 0 0 0 0 0 0 0 0 -1.52066 100 21 -0.865011 100 33 0 0 0 0 0 0 0 0
86700 -251.389 -3.80375 100 55 0 0 0 0 0 0 0 0 0 -1.39 100 23 -1.05591 100 22 0 0 0 0 0 0 0 0
86800 -251.052 -2.16247 100 63 0 0 0 0 0 0 0 0 0 -1.4489 100 25 -1.10176 100 24 0 0 0 0 0 0 0 0
86900 -251.243 -1.81488 100 56 0 0 0 0 0 0 0 0 0 -1.48093 100 20 -0.975111 100 27 0 0 0 0 0 0 0 0
87000 -252.774 -4.47255 100 63 0 0 0 0 0 0 0 0 0 -1.28174 100 18 -1.2644 100 25 0 0 0 0 0 0 0 0
87100 -251.288 -3.73507 100 57 0 0 0 0 0 0 0 0 0 -1.5874 100 24 -0.922848 100 28 0 0 0 0 0 0 0 0
87200 -253.91 -1.20216 100 58 0 0 0 0 0 0 0 0 0 -1.65246 100 31 -0.372133 100 18 0 0 0 0 0 0 0 0
87300 -253.253 -5.32682 100 60 0 0 0 0 0 0 0 0 0 -1.61418 100 17 -0.558736 100 25 0 0 0 0 0 0 0 0
87400 -251.919 -2.50831 100 57 0 0 0 0 0 0 0 0 0 -1.75906 100 21 -0.750811 100 22 0 0 0 0 0 0 0 0
87500 -251.706 -4.15871 100 59 0 0 0 0 0 0 0 0 0 -1.6128 100 27 -0.889953 100 28 0 0 0 0 0 0 0 0
87600 -252.34 -3.98935 100 60 0 0 0 0 0 0 0 0 0 -1.72631 100 27 -0.7168 100 28 0 0 0 0 0 0 0 0
87700 -252.061 -1.80149 100 60 0 0 0 0 0 0 0 0 0 -1.70604 100 26 -0.961116 100 27 0 0 0 0 0 0 0 0
87800 -254.159 -1.3832 100 61 0 0 0 0 0 0 0 0 0 -1.79067 100 21 -0.256032 100 24 0 0 0 0 0 0 0 0
87900 -251.369 -2.31386 100 59 0 0 0 0 0 0 0 0 0 -1.67799 100 17 -0.634208 100 29 0 0 0 0 0 0 0 0
88000 -252.617 -3.84036 100 52 0 0 0 0 0 0 0 0 0 -1.33292 100 21 -0.778128 100 20 0 0 0 0 0 0 0 0
88100 -254.703 -7.31569 100 56 0 0 0 0 0 0 0 0 0 -1.37997 100 22 -1.18487 100 30 0 0 0 0 0 0 0 0
88200 -251.193 -2.76652 100 54 0 0 0 0 0 0 0 0 0 -1.40691 100 30 -1.23324 100 30 0 0 0 0 0 0 0 0
88300 -252.041 -2.39514 100 55 0 0 0 0 0 0 0 0 0 -1.50272 100 28 -1.40329 100 29 0 0 0 0 0 0 0 0
88400 -250.99 -2.03669 100 50 0 0 0 0 0 0 0 0 0 -1.53799 100 21 -0.80282 100 27 0 0 0 0 0 0 0 0
88500 -251.915 -4.7783 100 62 0 0 0 0 0 0 0 0 0 -1.5209 100 19 -0.920374 100 23 0 0 0 0 0 0 0 0
88600 -251.831 -4.49451 100 49 0 0 0 0 0 0 0 0 0 -1.54332 100 22 -1.03081 100 29 0 0 0 0 0 0 0 0
88700 -251.074 -2.0421 100 56 0 0 0 0 0 0 0 0 0 -1.46709 100 20 -0.878017 100 23 0 0 0 0 0 0 0 0
88800 -251.908 -1.65876 100 57 0 0 0 0 0 0 0 0 0 -1.70803 100 22 -0.684494 100 32 0 0 0 0 0 0 0 0
88900 -251.513 -2.16792 100 52 0 0 0 0 0 0 0 0 0 -1.50761 100 21 -0.634418 100 18 0 0 0 0 0 0 0 0
89000 -253.041 -4.63673 100 53 0 0 0 0 0 0 0 0 0 -1.48418 100 26 -0.55739 100 28 0 0 0 0 0 0 0 0
89100 -251.88 -3.06393 100 60 0 0 0 0 0 0 0 0 0 -1.71372 100 21 -0.917224 100 25 0 0 0 0 0 0 0 0
89200 -250.987 -3.30868 100 43 0 0 0 0 0 0 0 0 0 -1.55625 100 23 -0.775762 100 18 0 0 0 0 0 0 0 0
89300 -253.784 -2.89679 100 63 0 0 0 0 0 0 0 0 0 -1.2554 100 24 -0.746354 100 23 0 0 0 0 0 0 0 0
89400 -251.509 -3.94961 100 58 0 0 0 0 0 0 0 0 0 -1.59031 100 27 -0.735952 100 29 0 0 0 0 0 0 0 0
89500 -252.733 -4.36036 100 55 0 0 0 0 0 0 0 0 0 -1.48394 100 22 -0.569193 100 30 0 0 0 0 0 0 0 0
89600 -251.442 -3.61835 100 60 0 0 0 0 0 0 0 0 0 -1.53 100 22 -1.16145 100 26 0 0 0 0 0 0 0 0
89700 -253.615 -2.59328 100 55 0 0 0 0 0 0 0 0 0 -1.25602 100 23 -1.65233 100 25 0 0 0 0 0 0 0 0
89800 -251.762 -3.58425 100 51 0 0 0 0 0 0 0 0 0 -1.32694 100 22 -1.22348 100 32 0 0 0 0 0 0 0 0
89900 -251.273 -2.49786 100 57 0 0 0 0 0 0 0 0 0 -1.68386 100 20 -0.759865 100 24 0 0 0 0 0 0 0 0
90000 -251.467 -3.58667 100 41 0 0 0 0 0 0 0 0 0 -1.44172 100 21 -0.765571 100 27 0 0 0 0 0 0 0 0
90100 -251.31 -3.12959 100 52 0 0 0 0 0 0 0 0 0 -1.55363 100 22 -1.16202 100 18 0 0 0 0 0 0 0 0
90200 -251.775 -2.96344 100 57 0 0 0 0 0 0 0 0 0 -1.72891 100 19 -0.624884 100 25 0 0 0 0 0 0 0 0
90300 -250.952 -2.17482 100 55 0 0 0 0 0 0 0 0 0 -1.45096 100 19 -1.0028 100 38 0 0 0 0 0 0 0 0
90400 -262.386 -6.11192 100 55 0 0 0 0 0 0 0 0 0 -1.93471 100 28 -1.54103 100 28 0 0 0 0 0 0 0 0
90500 -252.335 -3.37412 100 59 0 0 0 0 0 0 0 0 0 -1.70972 100 21 -1.02814 100 29 0 0 0 0 0 0 0 0
90600 -250.744 -2.83366 100 58 0 0 0 0 0 0 0 0 0 -1.51959 100 31 -0.834029 100 24 0 0 0 0 0 0 0 0
90700 -253.572 -3.92598 100 55 0 0 0 0 0 0 0 0 0 -1.18857 100 27 -1.33288 100 24 0 0 0 0 0 0 0 0
90800 -252.372 -3.18727 100 48 0 0 0 0 0 0 0 0 0 -1.26283 100 20 -1.34993 100 22 0 0 0 0 0 0 0 0
90900 -254.399 -6.72266 100 63 0 0 0 0 0 0 0 0 0 -1.57702 100 20 -1.14185 100 20 0 0 0 0 0 0 0 0
91000 -253.104 -3.64858 100 55 0 0 0 0 0 0 0 0 0 -1.79685 100 18 -0.441615 100 36 0 0 0 0 0 0 0 0
91100 -252.102 -3.83806 100 56 0 0 0 0 0 0 0 0 0 -1.70666 100 21 -0.649345 100 25 0 0 0 0 0 0 0 0
91200 -252.437 -2.55489 100 57 0 0 0 0 0 0 0 0 0 -1.81042 100 25 -0.675266 100 29 0 0 0 0 0 0 0 0
91300 -251.391 -3.09033 100 58 0 0 0 0 0 0 0 0 0 -1.63064 100 23 -1.02386 100 25 0 0 0 0 0 0 0 0
91400 -251.157 -3.79221 100 62 0 0 0 0 0 0 0 0 0 -1.50485 100 25 -0.862492 100 31 0 0 0 0 0 0 0 0
91500 -252.316 -3.80116 100 63 0 0 0 0 0 0 0 0 0 -1.49802 100 24 -1.38342 100 22 0 0 0 0 0 0 0 0
91600 -251.702 -1.50945 100 51 0 0 0 0 0 0 0 0 0 -1.58842 100 23 -0.914627 100 40 0 0 0 0 0 0 0 0
91700 -251.17 -3.76842 100 58 0 0 0 0 0 0 0 0 0 -1.44337 100 26 -0.980487 100 22 0 0 0 0 0 0 0 0
91800 -251.562 -3.36408 100 49 0 0 0 0 0 0 0 0 0 -1.33461 100 18 -1.1876 100 23 0 0 0 0 0 0 0 0
91900 -252.048 -4.84807 100 46 0 0 0 0 0 0 0 0 0 -1.52067 100 25 -0.818157 100 27 0 0 0 0 0 0 0 0
92000 -251.027 -2.50335 100 51 0 0 0 0 0 0 0 0 0 -1.55311 100 24 -1.10226 100 31 0 0 0 0 0 0 0 0
92100 -251.788 -1.99527 100 58 0 0 0 0 0 0 0 0 0 -1.38859 100 22 -1.27889 100 24 0 0 0 0 0 0 0 0
92200 -251.434 -2.24449 100 44 0 0 0 0 0 0 0 0 0 -1.4006 100 25 -1.25273 100 27 0 0 0 0 0 0 0 0
92300 -252.985 -2.21119 100 49 0 0 0 0 0 0 0 0 0 -1.23486 100 22 -1.07054 100 20 0 0 0 0 0 0 0 0
92400 -250.877 -3.2304 100 58 0 0 0 0 0 0 0 0 0 -1.44669 100 33 -0.991596 100 22 0 0 0 0 0 0 0 0
92500 -253.314 -1.01601 100 63 0 0 0 0 0 0 0 0 0 -1.58282 100 23 -0.676325 100 25 0 0 0 0 0 0 0 0
92600 -251.999 -1.61698 100 54 0 0 0 0 0 0 0 0 0 -1.67405 100 29 -0.584019 100 26 0 0 0 0 0 0 0 0
92700 -251.668 -2.50681 100 55 0 0 0 0 0 0 0 0 0 -1.32529 100 20 -0.986724 100 34 0 0 0 0 0 0 0 0
92800 -251.375 -2.76724 100 57 0 0 0 0 0 0 0 0 0 -1.57664 100 24 -0.582695 100 22 0 0 0 0 0 0 0 0
92900 -253.529 -6.0555 100 56 0 0 0 0 0 0 0 0 0 -1.61009 100 28 -0.973997 100 18 0 0 0 0 0 0 0 0
93000 -250.736 -2.51977 100 61 0 0 0 0 0 0 0 0 0 -1.49125 100 26 -1.01628 100 27 0 0 0 0 0 0 0 0
93100 -253.002 -3.7275 100 54 0 0 0 0 0 0 0 0 0 -1.365 100 29 -1.57871 100 29 0 0 0 0 0 0 0 0
93200 -253.025 -5.66076 100 57 0 0 0 0 0 0 0 0 0 -1.50106 100 27 -0.732445 100 26 0 0 0 0 0 0 0 0
93300 -251.442 -3.34793 100 56 0 0 0 0 0 0 0 0 0 -1.58417 100 27 -0.614813 100 30 0 0 0 0 0 0 0 0
93400 -250.765 -2.62726 100 65 0 0 0 0 0 0 0 0 0 -1.53539 100 21 -0.80052 100 24 0 0 0 0 0 0 0 0
93500 -252.831 -5.05747 100 57 0 0 0 0 0 0 0 0 0 -1.5226 100 23 -0.62296 100 31 0 0 0 0 0 0 0 0
93600 -254.015 -3.88883 100 61 0 0 0 0 0 0 0 0 0 -1.71579 100 26 -1.28426 100 26 0 0 0 0 0 0 0 0
93700 -253.213 -4.26583 100 53 0 0 0 0 0 0 0 0 0 -1.29122 100 24 -1.49886 100 22 0 0 0 0 0 0 0 0
93800 -252.37 -4.77046 100 49 0 0 0 0 0 0 0 0 0 -1.35407 100 22 -1.01187 100 30 0 0 0 0 0 0 0 0
93900 -251.402 -3.49248 100 57 0 0 0 0 0 0 0 0 0 -1.54461 100 26 -1.15044 100 24 0 0 0 0 0 0 0 0
94000 -252.78 -5.4234 100 56 0 0 0 0 0 0 0 0 0 -1.58644 100 26 -0.732897 100 35 0 0 0 0 0 0 0 0
94100 -252.991 -5.81814 100 61 0 0 0 0 0 0 0 0 0 -1.43805 100 26 -0.900655 100 26 0 0 0 0 0 0 0 0
94200 -255.068 -1.85773 100 50 0 0 0 0 0 0 0 0 0 -1.29494 100 20 -0.59802 100 25 0 0 0 0 0 0 0 0
94300 -253.642 -2.12865 100 58 0 0 0 0 0 0 0 0 0 -1.65842 100 24 -0.242504 100 27 0 0 0 0 0 0 0 0
94400 -251.083 -3.45593 100 66 0 0 0 0 0 0 0 0 0 -1.57037 100 29 -0.963937 100 29 0 0 0 0 0 0 0 0
94500 -252.169 -4.58907 100 61 0 0 0 0 0 0 0 0 0 -1.38153 100 21 -0.913909 100 32 0 0 0 0 0 0 0 0
94600 -250.997 -3.12098 100 54 0 0 0 0 0 0 0 0 0 -1.45342 100 24 -0.830779 100 25 0 0 0 0 0 0 0 0
94700 -253.383 -4.24923 100 60 0 0 0 0 0 0 0 0 0 -1.37258 100 24 -1.58318 100 25 0 0 0 0 0 0 0 0
94800 -251.405 -2.59355 100 52 0 0 0 0 0 0 0 0 0 -1.35168 100 22 -0.964949 100 29 0 0 0 0 0 0 0 0
94900 -251.908 -2.34905 100 58 0 0 0 0 0 0 0 0 0 -1.72598 100 21 -0.931799 100 27 0 0 0 0 0 0 0 0
95000 -251.462 -2.40413 100 60 0 0 0 0 0 0 0 0 0 -1.52379 100 23 -1.25996 100 24 0 0 0 0 0 0 0 0
95100 -251.363 -2.87576 100 50 0 0 0 0 0 0 0 0 0 -1.5467 100 19 -1.20892 100 20 0 0 0 0 0 0 0 0
95200 -252.86 -5.46301 100 58 0 0 0 0 0 0 0 0 0 -1.51106 100 25 -1.15313 100 17 0 0 0 0 0 0 0 0
95300 -250.699 -2.7185 100 56 0 0 0 0 0 0 0 0 0 -1.48168 100 22 -0.967981 100 27 0 0 0 0 0 0 0 0
95400 -253.197 -3.57577 100 57 0 0 0 0 0 0 0 0 0 -1.59677 100 25 -0.349621 100 24 0 0 0 0 0 0 0 0
95500 -252.553 -4.50205 100 61 0 0 0 0 0 0 0 0 0 -1.55593 100 27 -1.24293 100 28 0 0 0 0 0 0 0 0
95600 -251.536 -2.60651 100 62 0 0 0 0 0 0 0 0 0 -1.71323 100 25 -0.802392 100 30 0 0 0 0 0 0 0 0
95700 -251.744 -3.29125 100 48 0 0 0 0 0 0 0 0 0 -1.48701 100 28 -1.33426 100 20 0 0 0 0 0 0 0 0
95800 -254.92 -4.02866 100 62 0 0 0 0 0 0 0 0 0 -1.49916 100 23 -1.75783 100 23 0 0 0 0 0 0 0 0
95900 -251.087 -1.90404 100 46 0 0 0 0 0 0 0 0 0 -1.53775 100 25 -0.827198 100 11 0 0 0 0 0 0 0 0
96000 -251.661 -3.39801 100 51 0 0 0 0 0 0 0 0 0 -1.41893 100 21 -1.33401 100 26 0 0 0 0 0 0 0 0
96100 -251.235 -2.5107 100 61 0 0 0 0 0 0 0 0 0 -1.64707 100 25 -0.959156 100 21 0 0 0 0 0 0 0 0
96200 -252.178 -3.69991 100 53 0 0 0 0 0 0 0 0 0 -1.66722 100 30 -1.0577 100 25 0 0 0 0 0 0 0 0
96300 -254.414 -3.4455 100 55 0 0 0 0 0 0 0 0 0 -1.17421 100 24 -1.64302 100 27 0 0 0 0 0 0 0 0
96400 -253.608 -1.78815 100 53 0 0 0 0 0 0 0 0 0 -1.46317 100 31 -0.455315 100 23 0 0 0 0 0 0 0 0
96500 -252.056 -2.20625 100 63 0 0 0 0 0 0 0 0 0 -1.77111 100 22 -0.740521 100 19 0 0 0 0 0 0 0 0
96600 -250.998 -2.9179 100 52 0 0 0 0 0 0 0 0 0 -1.56441 100 21 -1.05844 100 23 0 0 0 0 0 0 0 0
96700 -252.705 -2.48387 100 47 0 0 0 0 0 0 0 0 0 -1.63387 100 33 -0.34638 100 28 0 0 0 0 0 0 0 0
96800 -253.257 -2.74606 100 55 0 0 0 0 0 0 0 0 0 -1.1887 100 20 -1.19063 100 25 0 0 0 0 0 0 0 0
96900 -251.143 -2.06524 100 58 0 0 0 0 0 0 0 0 0 -1.59796 100 24 -0.696985 100 16 0 0 0 0 0 0 0 0
97000 -251.676 -3.9289 100 58 0 0 0 0 0 0 0 0 0 -1.40936 100 18 -1.24023 100 23 0 0 0 0 0 0 0 0
97100 -251.299 -1.89299 100 46 0 0 0 0 0 0 0 0 0 -1.56881 100 25 -1.05176 100 23 0 0 0 0 0 0 0 0
97200 -251.318 -2.43081 100 42 0 0 0 0 0 0 0 0 0 -1.44729 100 30 -1.26952 100 20 0 0 0 0 0 0 0 0
97300 -253.707 -5.05501 100 54 0 0 0 0 0 0 0 0 0 -1.25018 100 24 -1.03694 100 25 0 0 0 0 0 0 0 0
97400 -250.894 -3.39379 100 55 0 0 0 0 0 0 0 0 0 -1.50965 100 15 -0.96607 100 24 0 0 0 0 0 0 0 0
97500 -252.387 -4.11179 100 56 0 0 0 0 0 0 0 0 0 -1.68054 100 20 -0.549159 100 26 0 0 0 0 0 0 0 0
97600 -251.215 -2.16293 100 59 0 0 0 0 0 0 0 0 0 -1.41427 100 22 -0.910049 100 27 0 0 0 0 0 0 0 0
97700 -250.862 -2.16089 100 57 0 0 0 0 0 0 0 0 0 -1.49105 100 28 -0.921099 100 22 0 0 0 0 0 0 0 0
97800 -251.741 -2.12363 100 57 0 0 0 0 0 0 0 0 0 -1.38462 100 23 -0.822363 100 23 0 0 0 0 0 0 0 0
97900 -251.231 -2.79918 100 57 0 0 0 0 0 0 0 0 0 -1.63531 100 30 -0.983583 100 17 0 0 0 0 0 0 0 0
98000 -252.103 -3.51971 100 51 0 0 0 0 0 0 0 0 0 -1.7099 100 22 -0.547191 100 20 0 0 0 0 0 0 0 0
98100 -250.92 -2.52546 100 59 0 0 0 0 0 0 0 0 0 -1.49613 100 25 -0.769042 100 23 0 0 0 0 0 0 0 0
98200 -251.986 -4.24707 100 55 0 0 0 0 0 0 0 0 0 -1.52994 100 25 -0.651383 100 16 0 0 0 0 0 0 0 0
98300 -252.899 -5.48754 100 52 0 0 0 0 0 0 0 0 0 -1.37079 100 20 -1.12737 100 28 0 0 0 0 0 0 0 0
98400 -251.749 -4.35086 100 61 0 0 0 0 0 0 0 0 0 -1.4777 100 20 -1.13807 100 25 0 0 0 0 0 0 0 0
98500 -250.781 -2.76924 100 58 0 0 0 0 0 0 0 0 0 -1.51991 100 21 -0.802791 100 25 0 0 0 0 0 0 0 0
98600 -252.321 -2.0997 100 59 0 0 0 0 0 0 0 0 0 -1.64332 100 16 -0.410914 100 21 0 0 0 0 0 0 0 0
98700 -252.468 -3.54706 100 55 0 0 0 0 0 0 0 0 0 -1.30082 100 17 -0.864073 100 22 0 0 0 0 0 0 0 0
98800 -252.055 -3.49202 100 60 0 0 0 0 0 0 0 0 0 -1.68985 100 20 -0.989392 100 26 0 0 0 0 0 0 0 0
98900 -252.622 -2.15038 100 59 0 0 0 0 0 0 0 0 0 -1.82513 100 22 -0.553042 100 26 0 0 0 0 0 0 0 0
99000 -253.006 -3.2684 100 56 0 0 0 0 0 0 0 0 0 -1.62536 100 25 -1.37779 100 30 0 0 0 0 0 0 0 0
99100 -251.689 -2.99355 100 62 0 0 0 0 0 0 0 0 0 -1.71784 100 25 -0.638331 100 28 0 0 0 0 0 0 0 0
99200 -257.103 -6.10771 100 51 0 0 0 0 0 0 0 0 0 -1.92042 100 23 -0.280891 100 24 0 0 0 0 0 0 0 0
99300 -252.816 -4.412 100 56 0 0 0 0 0 0 0 0 0 -1.64895 100 23 -0.483626 100 28 0 0 0 0 0 0 0 0
99400 -251.703 -1.81641 100 58 0 0 0 0 0 0 0 0 0 -1.68504 100 29 -0.890787 100 28 0 0 0 0 0 0 0 0
99500 -252.315 -3.03624 100 62 0 0 0 0 0 0 0 0 0 -1.50922 100 32 -1.44512 100 23 0 0 0 0 0 0 0 0
99600 -250.784 -2.4089 100 57 0 0 0 0 0 0 0 0 0 -1.52941 100 23 -0.811894 100 28 0 0 0 0 0 0 0 0
99700 -251.486 -2.63869 100 49 0 0 0 0 0 0 0 0 0 -1.63319 100 24 -1.08643 100 27 0 0 0 0 0 0 0 0
99800 -252.086 -4.48926 100 63 0 0 0 0 0 0 0 0 0 -1.57936 100 20 -1.06574 100 28 0 0 0 0 0 0 0 0
99900 -251.644 -2.37089 100 52 0 0 0 0 0 0 0 0 0 -1.61087 100 18 -1.17252 100 24 0 0 0 0 0 0 0 0
100000 -251.382 -3.29654 100 56 0 0 0 0 0 0 0 0 0 -1.60709 100 25 -0.627382 100 29 0 0 0 0 0 0 0 0
