iteration logLik intercept1 intercept1_p intercept1_a pcov2 pcov2_p pcov2_a pcov3 pcov3_p pcov3_a pcov4 pcov4_p pcov4_a intercept2 intercept2_p intercept2_a intercept3 intercept3_p intercept3_a intercept4 intercept4_p intercept4_a pcov pcov_p pcov_a data_p data_a
0 -3042.21 -10.9277 0 0 0 0 0 0 0 0 0 0 0 -3.91845 0 0 7.59223 0 0 0 0 0 0 0 0 0 0
100 -227.002 0.0712156 100 20 0 0 0 0 0 0 0 0 0 -2.40357 100 36 -0.781693 100 38 0 0 0 0 0 0 0 0
200 -226.666 -0.901638 100 15 0 0 0 0 0 0 0 0 0 -1.80922 100 30 -1.7259 100 38 0 0 0 0 0 0 0 0
300 -224.899 -0.255437 100 18 0 0 0 0 0 0 0 0 0 -2.05382 100 24 -0.0180176 100 34 0 0 0 0 0 0 0 0
400 -225.621 -0.196607 100 13 0 0 0 0 0 0 0 0 0 -1.84588 100 24 -0.138346 100 46 0 0 0 0 0 0 0 0
500 -224.912 -0.791865 100 16 0 0 0 0 0 0 0 0 0 -1.91186 100 24 -0.900475 100 40 0 0 0 0 0 0 0 0
600 -225.489 -0.323884 100 19 0 0 0 0 0 0 0 0 0 -2.05094 100 31 0.113278 100 27 0 0 0 0 0 0 0 0
700 -225.362 0.182594 100 24 0 0 0 0 0 0 0 0 0 -2.10844 100 34 -0.268305 100 41 0 0 0 0 0 0 0 0
800 -224.535 -0.712935 100 19 0 0 0 0 0 0 0 0 0 -1.86865 100 21 -0.517389 100 47 0 0 0 0 0 0 0 0
900 -224.749 -0.225688 100 17 0 0 0 0 0 0 0 0 0 -1.78419 100 22 -0.887206 100 35 0 0 0 0 0 0 0 0
1000 -224.044 -0.247834 100 16 0 0 0 0 0 0 0 0 0 -1.98975 100 21 -0.395412 100 42 0 0 0 0 0 0 0 0
1100 -223.933 -0.342442 100 18 0 0 0 0 0 0 0 0 0 -1.99868 100 25 -0.693763 100 34 0 0 0 0 0 0 0 0
1200 -224.9 -0.8396 100 19 0 0 0 0 0 0 0 0 0 -1.82514 100 23 -0.981636 100 40 0 0 0 0 0 0 0 0
1300 -228.34 -0.843942 100 22 0 0 0 0 0 0 0 0 0 -2.22289 100 21 -0.847627 100 47 0 0 0 0 0 0 0 0
1400 -226.259 -0.825646 100 17 0 0 0 0 0 0 0 0 0 -1.76226 100 23 -0.164225 100 43 0 0 0 0 0 0 0 0
1500 -224.033 -0.239645 100 5 0 0 0 0 0 0 0 0 0 -2.04409 100 26 -0.450941 100 44 0 0 0 0 0 0 0 0
1600 -225.611 -0.832976 100 18 0 0 0 0 0 0 0 0 0 -1.92169 100 25 -0.246887 100 41 0 0 0 0 0 0 0 0
1700 -229.053 0.55574 100 9 0 0 0 0 0 0 0 0 0 -2.60146 100 32 0.179614 100 35 0 0 0 0 0 0 0 0
1800 -225.255 -0.610466 100 18 0 0 0 0 0 0 0 0 0 -1.63348 100 26 -1.15417 100 32 0 0 0 0 0 0 0 0
1900 -226.121 0.135134 100 25 0 0 0 0 0 0 0 0 0 -2.31008 100 34 0.139007 100 50 0 0 0 0 0 0 0 0
2000 -225.056 -0.555296 100 19 0 0 0 0 0 0 0 0 0 -1.85734 100 31 -0.17077 100 39 0 0 0 0 0 0 0 0
2100 -226.158 -0.104977 100 23 0 0 0 0 0 0 0 0 0 -2.36618 100 31 -0.170575 100 34 0 0 0 0 0 0 0 0
2200 -224.755 -0.305696 100 21 0 0 0 0 0 0 0 0 0 -1.75352 100 27 -0.703246 100 32 0 0 0 0 0 0 0 0
2300 -225.114 -0.874615 100 18 0 0 0 0 0 0 0 0 0 -1.88814 100 24 -0.756514 100 43 0 0 0 0 0 0 0 0
2400 -226.494 0.218965 100 22 0 0 0 0 0 0 0 0 0 -2.16197 100 16 0.155616 100 43 0 0 0 0 0 0 0 0
2500 -225.128 0.130835 100 18 0 0 0 0 0 0 0 0 0 -2.04277 100 20 -0.422868 100 38 0 0 0 0 0 0 0 0
2600 -225.104 -0.73938 100 21 0 0 0 0 0 0 0 0 0 -2.00957 100 31 -0.514572 100 37 0 0 0 0 0 0 0 0
2700 -224.535 -0.466832 100 19 0 0 0 0 0 0 0 0 0 -1.81563 100 24 -1.27159 100 45 0 0 0 0 0 0 0 0
2800 -224.088 -0.531092 100 27 0 0 0 0 0 0 0 0 0 -1.93615 100 30 -0.821666 100 43 0 0 0 0 0 0 0 0
2900 -227.343 -1.25244 100 12 0 0 0 0 0 0 0 0 0 -1.57452 100 24 -0.957053 100 34 0 0 0 0 0 0 0 0
3000 -225.861 -0.0579472 100 19 0 0 0 0 0 0 0 0 0 -1.85379 100 29 -1.39767 100 35 0 0 0 0 0 0 0 0
3100 -224.759 0.0117143 100 23 0 0 0 0 0 0 0 0 0 -2.04629 100 26 -0.916787 100 41 0 0 0 0 0 0 0 0
3200 -225.497 -0.461554 100 21 0 0 0 0 0 0 0 0 0 -2.12736 100 28 -1.05371 100 48 0 0 0 0 0 0 0 0
3300 -224.63 -0.0573863 100 18 0 0 0 0 0 0 0 0 0 -2.184 100 29 -0.517761 100 28 0 0 0 0 0 0 0 0
3400 -224.228 -0.12848 100 18 0 0 0 0 0 0 0 0 0 -1.95682 100 23 -0.490453 100 39 0 0 0 0 0 0 0 0
3500 -225.097 0.0734365 100 17 0 0 0 0 0 0 0 0 0 -2.1126 100 21 -0.120364 100 38 0 0 0 0 0 0 0 0
3600 -224.173 -0.630849 100 20 0 0 0 0 0 0 0 0 0 -1.83103 100 17 -0.755757 100 40 0 0 0 0 0 0 0 0
3700 -225.967 -0.884676 100 21 0 0 0 0 0 0 0 0 0 -1.6333 100 22 -0.561302 100 46 0 0 0 0 0 0 0 0
3800 -224.918 -0.114751 100 16 0 0 0 0 0 0 0 0 0 -2.21389 100 27 -0.168281 100 44 0 0 0 0 0 0 0 0
3900 -225.044 -0.294706 100 18 0 0 0 0 0 0 0 0 0 -1.9657 100 25 -1.41744 100 47 0 0 0 0 0 0 0 0
4000 -224.973 -0.000658876 100 21 0 0 0 0 0 0 0 0 0 -2.19932 100 17 -0.731944 100 25 0 0 0 0 0 0 0 0
4100 -224.927 0.0960995 100 12 0 0 0 0 0 0 0 0 0 -2.10687 100 28 -0.751897 100 42 0 0 0 0 0 0 0 0
4200 -225.492 -0.961421 100 21 0 0 0 0 0 0 0 0 0 -1.72945 100 33 -1.13339 100 40 0 0 0 0 0 0 0 0
4300 -223.995 -0.460912 100 18 0 0 0 0 0 0 0 0 0 -1.89415 100 25 -0.920584 100 39 0 0 0 0 0 0 0 0
4400 -225.291 -0.618432 100 16 0 0 0 0 0 0 0 0 0 -1.93588 100 32 -1.39376 100 42 0 0 0 0 0 0 0 0
4500 -224.483 -0.665591 100 11 0 0 0 0 0 0 0 0 0 -1.77112 100 32 -1.07923 100 30 0 0 0 0 0 0 0 0
4600 -224.921 -0.401847 100 16 0 0 0 0 0 0 0 0 0 -2.16372 100 29 -0.466874 100 44 0 0 0 0 0 0 0 0
4700 -224.776 -0.51006 100 14 0 0 0 0 0 0 0 0 0 -2.09771 100 23 -0.606487 100 45 0 0 0 0 0 0 0 0
4800 -224.002 -0.456167 100 21 0 0 0 0 0 0 0 0 0 -1.82997 100 22 -0.75619 100 36 0 0 0 0 0 0 0 0
4900 -225.763 0.0843421 100 24 0 0 0 0 0 0 0 0 0 -2.26296 100 28 0.0957819 100 40 0 0 0 0 0 0 0 0
5000 -225.131 -0.655037 100 23 0 0 0 0 0 0 0 0 0 -1.80936 100 21 -1.46049 100 49 0 0 0 0 0 0 0 0
5100 -224.73 -0.0823453 100 21 0 0 0 0 0 0 0 0 0 -2.03004 100 30 -0.148138 100 34 0 0 0 0 0 0 0 0
5200 -225.565 -0.423498 100 20 0 0 0 0 0 0 0 0 0 -2.06272 100 25 -1.36101 100 47 0 0 0 0 0 0 0 0
5300 -223.904 -0.330464 100 22 0 0 0 0 0 0 0 0 0 -1.92486 100 27 -0.818009 100 44 0 0 0 0 0 0 0 0
5400 -224.884 -0.843414 100 14 0 0 0 0 0 0 0 0 0 -1.80017 100 32 -0.642931 100 36 0 0 0 0 0 0 0 0
5500 -225.776 -0.19514 100 23 0 0 0 0 0 0 0 0 0 -1.71739 100 33 -0.631893 100 41 0 0 0 0 0 0 0 0
5600 -224.346 -0.0702492 100 19 0 0 0 0 0 0 0 0 0 -2.11549 100 30 -0.585486 100 48 0 0 0 0 0 0 0 0
5700 -224.289 -0.412615 100 16 0 0 0 0 0 0 0 0 0 -2.06903 100 17 -0.537433 100 38 0 0 0 0 0 0 0 0
5800 -224.559 -0.700297 100 26 0 0 0 0 0 0 0 0 0 -1.81514 100 28 -0.514292 100 43 0 0 0 0 0 0 0 0
5900 -224.865 -0.0677731 100 16 0 0 0 0 0 0 0 0 0 -1.88933 100 28 -0.476859 100 43 0 0 0 0 0 0 0 0
6000 -228.333 0.411211 100 22 0 0 0 0 0 0 0 0 0 -2.49372 100 25 0.395069 100 47 0 0 0 0 0 0 0 0
6100 -227.325 -1.08214 100 20 0 0 0 0 0 0 0 0 0 -2.02703 100 34 -0.659638 100 40 0 0 0 0 0 0 0 0
6200 -224.858 -0.341985 100 16 0 0 0 0 0 0 0 0 0 -2.14369 100 26 -0.803438 100 37 0 0 0 0 0 0 0 0
6300 -225.43 -0.590847 100 18 0 0 0 0 0 0 0 0 0 -2.07936 100 29 -1.0162 100 32 0 0 0 0 0 0 0 0
6400 -228.482 -0.223303 100 23 0 0 0 0 0 0 0 0 0 -2.37941 100 26 -1.23256 100 39 0 0 0 0 0 0 0 0
6500 -225.257 -0.643766 100 22 0 0 0 0 0 0 0 0 0 -1.83544 100 16 -1.50471 100 38 0 0 0 0 0 0 0 0
6600 -224.769 -0.0289722 100 16 0 0 0 0 0 0 0 0 0 -2.05135 100 30 -1.00487 100 41 0 0 0 0 0 0 0 0
6700 -225.252 -0.814114 100 21 0 0 0 0 0 0 0 0 0 -1.64285 100 22 -0.911582 100 34 0 0 0 0 0 0 0 0
6800 -224.966 0.0636887 100 21 0 0 0 0 0 0 0 0 0 -2.16904 100 36 -0.747122 100 41 0 0 0 0 0 0 0 0
6900 -225.8 -0.396483 100 19 0 0 0 0 0 0 0 0 0 -2.08463 100 26 0.152971 100 35 0 0 0 0 0 0 0 0
7000 -227.594 -1.14574 100 16 0 0 0 0 0 0 0 0 0 -1.48511 100 28 -1.12377 100 39 0 0 0 0 0 0 0 0
7100 -224.691 -0.0597149 100 21 0 0 0 0 0 0 0 0 0 -1.93175 100 20 -0.960904 100 35 0 0 0 0 0 0 0 0
7200 -223.949 -0.324062 100 18 0 0 0 0 0 0 0 0 0 -2.00827 100 24 -0.695219 100 37 0 0 0 0 0 0 0 0
7300 -226.51 -0.453502 100 26 0 0 0 0 0 0 0 0 0 -2.24681 100 31 0.0821918 100 42 0 0 0 0 0 0 0 0
7400 -225.799 -0.236069 100 15 0 0 0 0 0 0 0 0 0 -2.22563 100 32 -0.998797 100 46 0 0 0 0 0 0 0 0
7500 -224.666 -0.146047 100 24 0 0 0 0 0 0 0 0 0 -2.16439 100 21 -0.727388 100 35 0 0 0 0 0 0 0 0
7600 -224.452 -0.668977 100 19 0 0 0 0 0 0 0 0 0 -1.76442 100 31 -1.02674 100 34 0 0 0 0 0 0 0 0
7700 -223.882 -0.429743 100 18 0 0 0 0 0 0 0 0 0 -1.89694 100 26 -0.758174 100 48 0 0 0 0 0 0 0 0
7800 -224.522 -0.441372 100 18 0 0 0 0 0 0 0 0 0 -1.79765 100 29 -0.439655 100 43 0 0 0 0 0 0 0 0
7900 -225.265 0.00858798 100 17 0 0 0 0 0 0 0 0 0 -2.13142 100 26 -1.0786 100 40 0 0 0 0 0 0 0 0
8000 -223.915 -0.293974 100 20 0 0 0 0 0 0 0 0 0 -1.9559 100 33 -0.792836 100 40 0 0 0 0 0 0 0 0
8100 -223.926 -0.368742 100 18 0 0 0 0 0 0 0 0 0 -1.9051 100 26 -0.864071 100 38 0 0 0 0 0 0 0 0
8200 -224.858 -0.0220423 100 19 0 0 0 0 0 0 0 0 0 -1.94254 100 24 -0.97888 100 44 0 0 0 0 0 0 0 0
8300 -224.256 -0.444713 100 23 0 0 0 0 0 0 0 0 0 -1.78224 100 23 -0.6827 100 33 0 0 0 0 0 0 0 0
8400 -226.063 -0.843606 100 24 0 0 0 0 0 0 0 0 0 -1.81555 100 18 -0.162052 100 44 0 0 0 0 0 0 0 0
8500 -226.149 -0.769985 100 12 0 0 0 0 0 0 0 0 0 -1.72426 100 28 -1.75048 100 36 0 0 0 0 0 0 0 0
8600 -226.053 -0.198678 100 16 0 0 0 0 0 0 0 0 0 -2.03812 100 27 -1.63622 100 36 0 0 0 0 0 0 0 0
8700 -223.884 -0.36047 100 15 0 0 0 0 0 0 0 0 0 -1.91905 100 28 -0.584709 100 40 0 0 0 0 0 0 0 0
8800 -224.712 -0.47666 100 20 0 0 0 0 0 0 0 0 0 -1.98395 100 22 -0.152071 100 38 0 0 0 0 0 0 0 0
8900 -224.08 -0.151908 100 28 0 0 0 0 0 0 0 0 0 -1.96329 100 21 -0.650819 100 42 0 0 0 0 0 0 0 0
9000 -224.44 -0.471645 100 17 0 0 0 0 0 0 0 0 0 -2.04458 100 18 -0.811533 100 41 0 0 0 0 0 0 0 0
9100 -224.021 -0.376962 100 20 0 0 0 0 0 0 0 0 0 -1.94087 100 24 -0.421229 100 40 0 0 0 0 0 0 0 0
9200 -225.475 -0.239525 100 17 0 0 0 0 0 0 0 0 0 -1.93461 100 29 0.0170629 100 38 0 0 0 0 0 0 0 0
9300 -225.504 -0.0877444 100 19 0 0 0 0 0 0 0 0 0 -1.98305 100 22 -1.43742 100 36 0 0 0 0 0 0 0 0
9400 -224.502 -0.383056 100 27 0 0 0 0 0 0 0 0 0 -1.75312 100 22 -0.953079 100 40 0 0 0 0 0 0 0 0
9500 -227.287 0.35887 100 12 0 0 0 0 0 0 0 0 0 -2.01417 100 28 -0.731899 100 34 0 0 0 0 0 0 0 0
9600 -224.362 -0.633669 100 18 0 0 0 0 0 0 0 0 0 -1.77922 100 22 -1.02408 100 31 0 0 0 0 0 0 0 0
9700 -224.06 -0.407173 100 12 0 0 0 0 0 0 0 0 0 -1.84365 100 21 -0.955496 100 42 0 0 0 0 0 0 0 0
9800 -224.721 -0.635504 100 23 0 0 0 0 0 0 0 0 0 -1.99589 100 30 -0.37159 100 37 0 0 0 0 0 0 0 0
9900 -224.575 -0.255659 100 23 0 0 0 0 0 0 0 0 0 -2.13046 100 22 -0.780734 100 43 0 0 0 0 0 0 0 0
10000 -225.754 -0.97602 100 14 0 0 0 0 0 0 0 0 0 -1.6331 100 25 -1.00195 100 44 0 0 0 0 0 0 0 0
10100 -226.822 -0.723852 100 15 0 0 0 0 0 0 0 0 0 -2.00151 100 25 -1.61478 100 55 0 0 0 0 0 0 0 0
10200 -226.712 0.0621049 100 20 0 0 0 0 0 0 0 0 0 -1.84049 100 18 -1.33863 100 43 0 0 0 0 0 0 0 0
10300 -224.682 -0.491458 100 17 0 0 0 0 0 0 0 0 0 -1.80756 100 27 -1.33996 100 42 0 0 0 0 0 0 0 0
10400 -224.992 -0.205081 100 17 0 0 0 0 0 0 0 0 0 -2.0488 100 20 0.00398721 100 35 0 0 0 0 0 0 0 0
10500 -224.901 -0.651005 100 24 0 0 0 0 0 0 0 0 0 -2.02974 100 24 -0.762306 100 45 0 0 0 0 0 0 0 0
10600 -225.209 0.0600009 100 18 0 0 0 0 0 0 0 0 0 -1.93122 100 27 -0.595822 100 24 0 0 0 0 0 0 0 0
10700 -226.4 -0.348027 100 17 0 0 0 0 0 0 0 0 0 -2.23608 100 19 -1.07406 100 40 0 0 0 0 0 0 0 0
10800 -224.386 -0.373521 100 21 0 0 0 0 0 0 0 0 0 -1.83035 100 28 -1.16779 100 33 0 0 0 0 0 0 0 0
10900 -224.84 -0.243366 100 19 0 0 0 0 0 0 0 0 0 -1.87478 100 30 -1.32789 100 36 0 0 0 0 0 0 0 0
11000 -227.68 0.358804 100 21 0 0 0 0 0 0 0 0 0 -1.98566 100 27 -0.873367 100 39 0 0 0 0 0 0 0 0
11100 -223.919 -0.254576 100 21 0 0 0 0 0 0 0 0 0 -1.96863 100 29 -0.548403 100 24 0 0 0 0 0 0 0 0
11200 -224.318 -0.166517 100 15 0 0 0 0 0 0 0 0 0 -1.91897 100 25 -0.445861 100 37 0 0 0 0 0 0 0 0
11300 -227.287 -0.389287 100 24 0 0 0 0 0 0 0 0 0 -1.58825 100 26 -0.462327 100 35 0 0 0 0 0 0 0 0
11400 -225.518 -0.204429 100 24 0 0 0 0 0 0 0 0 0 -1.84021 100 22 -1.51757 100 48 0 0 0 0 0 0 0 0
11500 -227.846 0.448933 100 19 0 0 0 0 0 0 0 0 0 -2.14829 100 24 -0.000915473 100 43 0 0 0 0 0 0 0 0
11600 -225.327 0.0768105 100 20 0 0 0 0 0 0 0 0 0 -1.93042 100 33 -0.612082 100 44 0 0 0 0 0 0 0 0
11700 -224.49 -0.481163 100 22 0 0 0 0 0 0 0 0 0 -1.78772 100 25 -1.21292 100 36 0 0 0 0 0 0 0 0
11800 -224.317 -0.598554 100 19 0 0 0 0 0 0 0 0 0 -1.76024 100 26 -0.931384 100 36 0 0 0 0 0 0 0 0
11900 -224.22 -0.310418 100 17 0 0 0 0 0 0 0 0 0 -1.92132 100 25 -1.08221 100 36 0 0 0 0 0 0 0 0
12000 -227.589 -0.0160463 100 29 0 0 0 0 0 0 0 0 0 -2.4572 100 32 0.280872 100 44 0 0 0 0 0 0 0 0
12100 -224.652 -0.114563 100 13 0 0 0 0 0 0 0 0 0 -1.87435 100 27 -0.922595 100 46 0 0 0 0 0 0 0 0
12200 -226.019 0.150523 100 24 0 0 0 0 0 0 0 0 0 -1.93128 100 21 -0.910891 100 35 0 0 0 0 0 0 0 0
12300 -224.47 -0.0720742 100 14 0 0 0 0 0 0 0 0 0 -2.09254 100 27 -0.814913 100 41 0 0 0 0 0 0 0 0
12400 -224.32 -0.689817 100 20 0 0 0 0 0 0 0 0 0 -1.8145 100 27 -0.824395 100 38 0 0 0 0 0 0 0 0
12500 -226.677 -1.09308 100 15 0 0 0 0 0 0 0 0 0 -1.5748 100 26 -0.835009 100 39 0 0 0 0 0 0 0 0
12600 -224.253 -0.505655 100 19 0 0 0 0 0 0 0 0 0 -1.91039 100 32 -1.0674 100 44 0 0 0 0 0 0 0 0
12700 -224.164 -0.143196 100 18 0 0 0 0 0 0 0 0 0 -2.06359 100 26 -0.702977 100 41 0 0 0 0 0 0 0 0
12800 -224.612 -0.107299 100 24 0 0 0 0 0 0 0 0 0 -2.17655 100 28 -0.595422 100 40 0 0 0 0 0 0 0 0
12900 -224.971 -0.838653 100 21 0 0 0 0 0 0 0 0 0 -1.70732 100 29 -0.959733 100 41 0 0 0 0 0 0 0 0
13000 -225.424 -0.581762 100 8 0 0 0 0 0 0 0 0 0 -1.83772 100 25 -1.60746 100 39 0 0 0 0 0 0 0 0
13100 -224.44 -0.496046 100 20 0 0 0 0 0 0 0 0 0 -1.93255 100 25 -1.14761 100 41 0 0 0 0 0 0 0 0
13200 -226.553 0.146204 100 20 0 0 0 0 0 0 0 0 0 -2.18512 100 25 0.261086 100 50 0 0 0 0 0 0 0 0
13300 -224.819 -0.750525 100 17 0 0 0 0 0 0 0 0 0 -1.95206 100 20 -0.727989 100 38 0 0 0 0 0 0 0 0
13400 -224.331 -0.135036 100 16 0 0 0 0 0 0 0 0 0 -2.09062 100 28 -0.281446 100 38 0 0 0 0 0 0 0 0
13500 -227.893 -0.498425 100 20 0 0 0 0 0 0 0 0 0 -1.87205 100 25 -2.32294 100 43 0 0 0 0 0 0 0 0
13600 -228.308 -0.981615 100 15 0 0 0 0 0 0 0 0 0 -1.64875 100 27 -0.0858623 100 39 0 0 0 0 0 0 0 0
13700 -226.301 -0.21804 100 29 0 0 0 0 0 0 0 0 0 -2.32517 100 25 -0.674351 100 37 0 0 0 0 0 0 0 0
13800 -229.289 -1.07234 100 13 0 0 0 0 0 0 0 0 0 -1.93461 100 23 -1.95592 100 33 0 0 0 0 0 0 0 0
13900 -223.946 -0.494012 100 18 0 0 0 0 0 0 0 0 0 -1.87217 100 26 -0.798232 100 40 0 0 0 0 0 0 0 0
14000 -225.651 -0.0592002 100 16 0 0 0 0 0 0 0 0 0 -1.95655 100 29 -0.0216833 100 31 0 0 0 0 0 0 0 0
14100 -224.17 -0.37879 100 13 0 0 0 0 0 0 0 0 0 -1.84467 100 21 -1.04293 100 36 0 0 0 0 0 0 0 0
14200 -225.827 -0.0438872 100 16 0 0 0 0 0 0 0 0 0 -2.01411 100 24 -1.48667 100 30 0 0 0 0 0 0 0 0
14300 -224.481 -0.665795 100 18 0 0 0 0 0 0 0 0 0 -1.74623 100 24 -0.729195 100 33 0 0 0 0 0 0 0 0
14400 -225.872 0.180863 100 18 0 0 0 0 0 0 0 0 0 -1.96653 100 21 -0.582804 100 36 0 0 0 0 0 0 0 0
14500 -225.608 -0.286551 100 25 0 0 0 0 0 0 0 0 0 -1.82195 100 27 -1.62324 100 40 0 0 0 0 0 0 0 0
14600 -227.839 0.223418 100 13 0 0 0 0 0 0 0 0 0 -2.51982 100 21 -0.457989 100 38 0 0 0 0 0 0 0 0
14700 -225.243 0.1024 100 16 0 0 0 0 0 0 0 0 0 -1.96811 100 25 -0.635297 100 39 0 0 0 0 0 0 0 0
14800 -224.686 -0.06392 100 21 0 0 0 0 0 0 0 0 0 -1.89652 100 23 -0.65897 100 40 0 0 0 0 0 0 0 0
14900 -224.736 0.0109741 100 16 0 0 0 0 0 0 0 0 0 -2.07475 100 25 -0.221105 100 41 0 0 0 0 0 0 0 0
15000 -224.113 -0.225167 100 17 0 0 0 0 0 0 0 0 0 -2.07079 100 27 -0.423384 100 46 0 0 0 0 0 0 0 0
15100 -224.651 -0.0518373 100 21 0 0 0 0 0 0 0 0 0 -2.16729 100 23 -0.234269 100 25 0 0 0 0 0 0 0 0
15200 -224.854 0.069724 100 18 0 0 0 0 0 0 0 0 0 -2.12381 100 29 -0.754948 100 33 0 0 0 0 0 0 0 0
15300 -225.66 -0.722795 100 15 0 0 0 0 0 0 0 0 0 -1.58808 100 30 -0.896727 100 36 0 0 0 0 0 0 0 0
15400 -224.352 -0.261066 100 24 0 0 0 0 0 0 0 0 0 -1.83119 100 29 -0.954579 100 32 0 0 0 0 0 0 0 0
15500 -225.784 -0.170514 100 13 0 0 0 0 0 0 0 0 0 -1.94157 100 21 -1.62489 100 42 0 0 0 0 0 0 0 0
15600 -226.291 -1.12547 100 17 0 0 0 0 0 0 0 0 0 -1.82368 100 21 -0.79078 100 38 0 0 0 0 0 0 0 0
15700 -225.824 -0.404964 100 19 0 0 0 0 0 0 0 0 0 -1.69634 100 26 -1.58444 100 34 0 0 0 0 0 0 0 0
15800 -224.205 -0.38495 100 16 0 0 0 0 0 0 0 0 0 -1.82262 100 17 -0.564493 100 46 0 0 0 0 0 0 0 0
15900 -225.047 -0.033381 100 13 0 0 0 0 0 0 0 0 0 -1.93083 100 30 -1.11129 100 26 0 0 0 0 0 0 0 0
16000 -224.433 -0.269534 100 17 0 0 0 0 0 0 0 0 0 -1.98743 100 32 -0.190708 100 38 0 0 0 0 0 0 0 0
16100 -224.526 -0.0587279 100 25 0 0 0 0 0 0 0 0 0 -2.14479 100 31 -0.659573 100 42 0 0 0 0 0 0 0 0
16200 -224.744 -0.466371 100 11 0 0 0 0 0 0 0 0 0 -1.69967 100 25 -0.893896 100 34 0 0 0 0 0 0 0 0
16300 -226.514 -0.339346 100 15 0 0 0 0 0 0 0 0 0 -1.75617 100 27 -1.88723 100 47 0 0 0 0 0 0 0 0
16400 -224.141 -0.394298 100 10 0 0 0 0 0 0 0 0 0 -1.80498 100 21 -0.791454 100 38 0 0 0 0 0 0 0 0
16500 -227.256 -1.18941 100 21 0 0 0 0 0 0 0 0 0 -1.68509 100 32 -0.439632 100 48 0 0 0 0 0 0 0 0
16600 -225.273 -0.0862828 100 16 0 0 0 0 0 0 0 0 0 -2.2732 100 28 -0.17856 100 36 0 0 0 0 0 0 0 0
16700 -227.834 0.354277 100 32 0 0 0 0 0 0 0 0 0 -2.03575 100 21 -0.0452629 100 35 0 0 0 0 0 0 0 0
16800 -224.281 -0.240686 100 21 0 0 0 0 0 0 0 0 0 -2.07159 100 24 -0.269016 100 36 0 0 0 0 0 0 0 0
16900 -224.625 -0.105067 100 16 0 0 0 0 0 0 0 0 0 -2.03658 100 31 -0.161421 100 44 0 0 0 0 0 0 0 0
17000 -224.713 -0.0445457 100 19 0 0 0 0 0 0 0 0 0 -1.90925 100 30 -0.633627 100 40 0 0 0 0 0 0 0 0
17100 -225.268 0.0599875 100 19 0 0 0 0 0 0 0 0 0 -2.09132 100 31 -1.06542 100 38 0 0 0 0 0 0 0 0
17200 -225.465 -0.952684 100 18 0 0 0 0 0 0 0 0 0 -1.84683 100 19 -0.574608 100 47 0 0 0 0 0 0 0 0
17300 -226.226 -0.177664 100 22 0 0 0 0 0 0 0 0 0 -2.0817 100 23 -1.60928 100 39 0 0 0 0 0 0 0 0
17400 -224.757 -0.424989 100 15 0 0 0 0 0 0 0 0 0 -1.80259 100 33 -1.35834 100 43 0 0 0 0 0 0 0 0
17500 -225.516 -0.0226419 100 21 0 0 0 0 0 0 0 0 0 -2.3032 100 31 -0.510886 100 47 0 0 0 0 0 0 0 0
17600 -224.278 -0.49618 100 15 0 0 0 0 0 0 0 0 0 -1.77834 100 22 -1.02369 100 40 0 0 0 0 0 0 0 0
17700 -224.251 -0.349693 100 18 0 0 0 0 0 0 0 0 0 -1.83485 100 24 -1.05925 100 51 0 0 0 0 0 0 0 0
17800 -224.722 0.038024 100 18 0 0 0 0 0 0 0 0 0 -2.05508 100 16 -0.321847 100 39 0 0 0 0 0 0 0 0
17900 -224.723 -0.697029 100 19 0 0 0 0 0 0 0 0 0 -1.84618 100 20 -1.18756 100 41 0 0 0 0 0 0 0 0
18000 -225.583 -0.0134039 100 23 0 0 0 0 0 0 0 0 0 -2.32109 100 21 -0.365301 100 42 0 0 0 0 0 0 0 0
18100 -228.333 -1.22587 100 18 0 0 0 0 0 0 0 0 0 -1.90519 100 17 -0.143392 100 45 0 0 0 0 0 0 0 0
18200 -224.494 -0.0222624 100 25 0 0 0 0 0 0 0 0 0 -2.01284 100 29 -0.796809 100 32 0 0 0 0 0 0 0 0
18300 -224.847 -0.427414 100 15 0 0 0 0 0 0 0 0 0 -1.85246 100 20 -0.210556 100 41 0 0 0 0 0 0 0 0
18400 -224.405 -0.550582 100 19 0 0 0 0 0 0 0 0 0 -1.7359 100 29 -0.861193 100 38 0 0 0 0 0 0 0 0
18500 -224.364 -0.463491 100 17 0 0 0 0 0 0 0 0 0 -1.89439 100 25 -0.312704 100 43 0 0 0 0 0 0 0 0
18600 -224.364 -0.31979 100 26 0 0 0 0 0 0 0 0 0 -2.096 100 26 -0.318184 100 35 0 0 0 0 0 0 0 0
18700 -228.708 -1.48142 100 14 0 0 0 0 0 0 0 0 0 -1.67926 100 26 -1.22056 100 40 0 0 0 0 0 0 0 0
18800 -226.402 -0.909006 100 28 0 0 0 0 0 0 0 0 0 -1.74674 100 36 -1.68198 100 37 0 0 0 0 0 0 0 0
18900 -226.044 -0.186985 100 21 0 0 0 0 0 0 0 0 0 -2.13741 100 27 -1.4244 100 43 0 0 0 0 0 0 0 0
19000 -224.111 -0.381937 100 31 0 0 0 0 0 0 0 0 0 -1.81563 100 25 -0.838007 100 31 0 0 0 0 0 0 0 0
19100 -225.387 -0.695766 100 15 0 0 0 0 0 0 0 0 0 -2.01328 100 24 -1.0676 100 26 0 0 0 0 0 0 0 0
19200 -224.856 -0.697055 100 17 0 0 0 0 0 0 0 0 0 -1.67727 100 24 -0.846665 100 32 0 0 0 0 0 0 0 0
19300 -224.168 -0.228808 100 14 0 0 0 0 0 0 0 0 0 -1.99943 100 25 -0.934809 100 27 0 0 0 0 0 0 0 0
19400 -226.464 -0.871079 100 17 0 0 0 0 0 0 0 0 0 -1.74619 100 23 -1.75356 100 36 0 0 0 0 0 0 0 0
19500 -226.56 -0.176006 100 15 0 0 0 0 0 0 0 0 0 -1.76618 100 32 -0.175487 100 39 0 0 0 0 0 0 0 0
19600 -224.243 -0.272391 100 22 0 0 0 0 0 0 0 0 0 -2.0652 100 23 -0.293955 100 46 0 0 0 0 0 0 0 0
19700 -225.883 -1.00537 100 18 0 0 0 0 0 0 0 0 0 -1.83998 100 24 -1.10328 100 43 0 0 0 0 0 0 0 0
19800 -224.472 -0.382858 100 20 0 0 0 0 0 0 0 0 0 -2.10561 100 24 -0.622143 100 45 0 0 0 0 0 0 0 0
19900 -224.563 -0.761443 100 17 0 0 0 0 0 0 0 0 0 -1.83736 100 29 -0.656928 100 46 0 0 0 0 0 0 0 0
20000 -224.177 -0.334478 100 14 0 0 0 0 0 0 0 0 0 -1.82871 100 20 -0.936574 100 33 0 0 0 0 0 0 0 0
20100 -223.856 -0.324622 100 17 0 0 0 0 0 0 0 0 0 -1.94293 100 24 -0.683015 100 40 0 0 0 0 0 0 0 0
20200 -224.433 -0.0916701 100 17 0 0 0 0 0 0 0 0 0 -2.05034 100 34 -0.900342 100 38 0 0 0 0 0 0 0 0
20300 -225.692 -0.93299 100 18 0 0 0 0 0 0 0 0 0 -1.67523 100 30 -0.607114 100 43 0 0 0 0 0 0 0 0
20400 -224.873 -0.662806 100 18 0 0 0 0 0 0 0 0 0 -1.93517 100 26 -1.1452 100 42 0 0 0 0 0 0 0 0
20500 -224.762 -0.726613 100 19 0 0 0 0 0 0 0 0 0 -1.81053 100 29 -1.19425 100 38 0 0 0 0 0 0 0 0
20600 -225.81 -0.340945 100 17 0 0 0 0 0 0 0 0 0 -1.90412 100 31 -1.73405 100 46 0 0 0 0 0 0 0 0
20700 -224.389 -0.464042 100 18 0 0 0 0 0 0 0 0 0 -1.75041 100 26 -0.956705 100 47 0 0 0 0 0 0 0 0
20800 -226.358 -0.130757 100 27 0 0 0 0 0 0 0 0 0 -2.1869 100 21 -1.39283 100 38 0 0 0 0 0 0 0 0
20900 -224.776 0.0788267 100 20 0 0 0 0 0 0 0 0 0 -2.14095 100 24 -0.59072 100 46 0 0 0 0 0 0 0 0
21000 -224.346 -0.261882 100 15 0 0 0 0 0 0 0 0 0 -2.03928 100 33 -0.9752 100 37 0 0 0 0 0 0 0 0
21100 -224.577 -0.445091 100 18 0 0 0 0 0 0 0 0 0 -2.10201 100 28 -0.508992 100 47 0 0 0 0 0 0 0 0
21200 -224.538 -0.468275 100 21 0 0 0 0 0 0 0 0 0 -2.02148 100 26 -0.231388 100 38 0 0 0 0 0 0 0 0
21300 -225.334 -0.565726 100 20 0 0 0 0 0 0 0 0 0 -1.89612 100 18 -0.0719174 100 36 0 0 0 0 0 0 0 0
21400 -225.534 -0.569785 100 18 0 0 0 0 0 0 0 0 0 -1.60697 100 23 -1.09899 100 37 0 0 0 0 0 0 0 0
21500 -224.6 -0.736143 100 16 0 0 0 0 0 0 0 0 0 -1.86567 100 36 -0.976973 100 44 0 0 0 0 0 0 0 0
21600 -227.087 -1.08795 100 16 0 0 0 0 0 0 0 0 0 -1.76585 100 28 -1.60197 100 37 0 0 0 0 0 0 0 0
21700 -225.886 -0.62946 100 21 0 0 0 0 0 0 0 0 0 -1.69854 100 25 -1.70764 100 38 0 0 0 0 0 0 0 0
21800 -225.456 -0.633553 100 20 0 0 0 0 0 0 0 0 0 -1.71952 100 27 -1.56915 100 50 0 0 0 0 0 0 0 0
21900 -224.552 -0.592313 100 19 0 0 0 0 0 0 0 0 0 -1.7251 100 21 -1.06969 100 37 0 0 0 0 0 0 0 0
22000 -226.227 -1.11731 100 17 0 0 0 0 0 0 0 0 0 -1.69197 100 33 -1.09372 100 26 0 0 0 0 0 0 0 0
22100 -224.535 -0.595039 100 26 0 0 0 0 0 0 0 0 0 -2.01565 100 27 -0.667348 100 41 0 0 0 0 0 0 0 0
22200 -224.963 -0.0398048 100 17 0 0 0 0 0 0 0 0 0 -2.23364 100 26 -0.535362 100 49 0 0 0 0 0 0 0 0
22300 -225.15 -0.489384 100 18 0 0 0 0 0 0 0 0 0 -1.95593 100 20 -0.0435125 100 40 0 0 0 0 0 0 0 0
22400 -228.613 -0.916468 100 25 0 0 0 0 0 0 0 0 0 -1.40552 100 27 -0.843399 100 43 0 0 0 0 0 0 0 0
22500 -223.91 -0.3116 100 21 0 0 0 0 0 0 0 0 0 -1.92159 100 29 -0.805503 100 47 0 0 0 0 0 0 0 0
22600 -223.995 -0.282683 100 21 0 0 0 0 0 0 0 0 0 -1.89753 100 18 -0.58947 100 37 0 0 0 0 0 0 0 0
22700 -225.528 -0.846134 100 15 0 0 0 0 0 0 0 0 0 -1.69419 100 24 -0.502247 100 43 0 0 0 0 0 0 0 0
22800 -224.217 -0.3983 100 22 0 0 0 0 0 0 0 0 0 -1.9975 100 19 -0.94733 100 42 0 0 0 0 0 0 0 0
22900 -224.948 -0.532329 100 14 0 0 0 0 0 0 0 0 0 -1.91041 100 27 -1.38653 100 38 0 0 0 0 0 0 0 0
23000 -225.114 -0.197198 100 15 0 0 0 0 0 0 0 0 0 -2.2347 100 21 -0.568693 100 45 0 0 0 0 0 0 0 0
23100 -225.018 -0.112506 100 24 0 0 0 0 0 0 0 0 0 -2.08237 100 22 -1.16649 100 34 0 0 0 0 0 0 0 0
23200 -225.885 -0.887177 100 23 0 0 0 0 0 0 0 0 0 -1.8075 100 31 -0.258049 100 33 0 0 0 0 0 0 0 0
23300 -224.461 -0.707893 100 26 0 0 0 0 0 0 0 0 0 -1.8314 100 24 -0.987732 100 33 0 0 0 0 0 0 0 0
23400 -224.923 -0.341991 100 21 0 0 0 0 0 0 0 0 0 -1.71552 100 26 -0.927035 100 36 0 0 0 0 0 0 0 0
23500 -224.515 -0.150607 100 20 0 0 0 0 0 0 0 0 0 -1.86852 100 25 -0.910688 100 39 0 0 0 0 0 0 0 0
23600 -224.166 -0.437658 100 14 0 0 0 0 0 0 0 0 0 -1.98947 100 31 -0.890603 100 32 0 0 0 0 0 0 0 0
23700 -223.969 -0.199711 100 19 0 0 0 0 0 0 0 0 0 -2.01021 100 24 -0.581468 100 35 0 0 0 0 0 0 0 0
23800 -228.187 0.519487 100 18 0 0 0 0 0 0 0 0 0 -2.19214 100 25 -0.864409 100 36 0 0 0 0 0 0 0 0
23900 -224.494 -0.625515 100 21 0 0 0 0 0 0 0 0 0 -1.98957 100 28 -0.638525 100 45 0 0 0 0 0 0 0 0
24000 -224.295 -0.542974 100 21 0 0 0 0 0 0 0 0 0 -1.86288 100 21 -0.421458 100 28 0 0 0 0 0 0 0 0
24100 -225.967 -0.690187 100 27 0 0 0 0 0 0 0 0 0 -1.9365 100 27 -1.55117 100 36 0 0 0 0 0 0 0 0
24200 -224.098 -0.589186 100 17 0 0 0 0 0 0 0 0 0 -1.89772 100 27 -0.72957 100 36 0 0 0 0 0 0 0 0
24300 -224.837 -0.093697 100 21 0 0 0 0 0 0 0 0 0 -2.21868 100 31 -0.507696 100 36 0 0 0 0 0 0 0 0
24400 -224.686 -0.358683 100 20 0 0 0 0 0 0 0 0 0 -1.74397 100 24 -1.04286 100 28 0 0 0 0 0 0 0 0
24500 -225.387 -0.767689 100 16 0 0 0 0 0 0 0 0 0 -1.61795 100 24 -0.898159 100 43 0 0 0 0 0 0 0 0
24600 -224.094 -0.400418 100 16 0 0 0 0 0 0 0 0 0 -1.83185 100 21 -0.610071 100 35 0 0 0 0 0 0 0 0
24700 -224.338 -0.268769 100 30 0 0 0 0 0 0 0 0 0 -1.82692 100 21 -0.634955 100 44 0 0 0 0 0 0 0 0
24800 -224.121 -0.175759 100 18 0 0 0 0 0 0 0 0 0 -1.94309 100 23 -0.82409 100 46 0 0 0 0 0 0 0 0
24900 -225.43 -0.337205 100 20 0 0 0 0 0 0 0 0 0 -1.67348 100 23 -1.05132 100 28 0 0 0 0 0 0 0 0
25000 -229.474 -1.15023 100 23 0 0 0 0 0 0 0 0 0 -2.15852 100 25 -0.24488 100 49 0 0 0 0 0 0 0 0
25100 -233.368 -0.663768 100 23 0 0 0 0 0 0 0 0 0 -1.53783 100 24 -3.39452 100 32 0 0 0 0 0 0 0 0
25200 -223.867 -0.29651 100 16 0 0 0 0 0 0 0 0 0 -1.95543 100 24 -0.648792 100 33 0 0 0 0 0 0 0 0
25300 -224.733 -0.347901 100 20 0 0 0 0 0 0 0 0 0 -2.07693 100 27 -0.106017 100 37 0 0 0 0 0 0 0 0
25400 -225.437 -0.539876 100 24 0 0 0 0 0 0 0 0 0 -1.64326 100 29 -1.31967 100 35 0 0 0 0 0 0 0 0
25500 -224.237 -0.265367 100 12 0 0 0 0 0 0 0 0 0 -1.92944 100 35 -1.06105 100 40 0 0 0 0 0 0 0 0
25600 -227.156 -0.524213 100 23 0 0 0 0 0 0 0 0 0 -2.27925 100 22 0.0838637 100 43 0 0 0 0 0 0 0 0
25700 -224.509 -0.712732 100 13 0 0 0 0 0 0 0 0 0 -1.80346 100 27 -0.592403 100 40 0 0 0 0 0 0 0 0
25800 -227.139 -0.113403 100 17 0 0 0 0 0 0 0 0 0 -2.05028 100 31 -1.89908 100 40 0 0 0 0 0 0 0 0
25900 -227.114 -0.268488 100 15 0 0 0 0 0 0 0 0 0 -2.02384 100 25 -1.96757 100 40 0 0 0 0 0 0 0 0
26000 -225.079 -0.772751 100 18 0 0 0 0 0 0 0 0 0 -1.88375 100 22 -1.17225 100 34 0 0 0 0 0 0 0 0
26100 -227.414 -0.255487 100 23 0 0 0 0 0 0 0 0 0 -1.59168 100 29 -1.40101 100 40 0 0 0 0 0 0 0 0
26200 -225.053 -0.0674681 100 23 0 0 0 0 0 0 0 0 0 -2.04133 100 28 -1.20352 100 41 0 0 0 0 0 0 0 0
26300 -224.156 -0.558083 100 15 0 0 0 0 0 0 0 0 0 -1.838 100 22 -0.990781 100 42 0 0 0 0 0 0 0 0
26400 -225.574 -0.412002 100 21 0 0 0 0 0 0 0 0 0 -1.666 100 28 -1.35102 100 37 0 0 0 0 0 0 0 0
26500 -225.381 -0.398201 100 18 0 0 0 0 0 0 0 0 0 -1.67014 100 19 -1.21472 100 41 0 0 0 0 0 0 0 0
26600 -223.937 -0.340539 100 19 0 0 0 0 0 0 0 0 0 -1.9762 100 18 -0.794989 100 39 0 0 0 0 0 0 0 0
26700 -224.869 -0.402336 100 15 0 0 0 0 0 0 0 0 0 -2.1551 100 25 -0.366536 100 37 0 0 0 0 0 0 0 0
26800 -225.427 -0.951524 100 20 0 0 0 0 0 0 0 0 0 -1.86487 100 21 -0.693124 100 36 0 0 0 0 0 0 0 0
26900 -225.047 0.00041769 100 18 0 0 0 0 0 0 0 0 0 -1.89913 100 27 -0.797833 100 41 0 0 0 0 0 0 0 0
27000 -227.916 0.451353 100 24 0 0 0 0 0 0 0 0 0 -2.44282 100 32 0.272882 100 36 0 0 0 0 0 0 0 0
27100 -226.563 -0.259464 100 14 0 0 0 0 0 0 0 0 0 -2.36238 100 23 -0.329507 100 35 0 0 0 0 0 0 0 0
27200 -226.524 -1.14621 100 21 0 0 0 0 0 0 0 0 0 -1.69719 100 26 -1.22727 100 37 0 0 0 0 0 0 0 0
27300 -224.896 -0.119852 100 20 0 0 0 0 0 0 0 0 0 -1.91474 100 20 -1.21037 100 39 0 0 0 0 0 0 0 0
27400 -224.32 -0.495704 100 22 0 0 0 0 0 0 0 0 0 -1.78911 100 20 -1.09845 100 43 0 0 0 0 0 0 0 0
27500 -225.463 0.0162663 100 28 0 0 0 0 0 0 0 0 0 -2.30958 100 25 -0.307433 100 25 0 0 0 0 0 0 0 0
27600 -226.144 -0.262088 100 14 0 0 0 0 0 0 0 0 0 -2.30586 100 22 0.00424868 100 34 0 0 0 0 0 0 0 0
27700 -224.221 -0.524671 100 21 0 0 0 0 0 0 0 0 0 -1.82997 100 33 -0.511237 100 40 0 0 0 0 0 0 0 0
27800 -225.047 0.113967 100 21 0 0 0 0 0 0 0 0 0 -2.0463 100 28 -0.750364 100 30 0 0 0 0 0 0 0 0
27900 -225.829 -0.352202 100 16 0 0 0 0 0 0 0 0 0 -1.74154 100 22 -0.251541 100 38 0 0 0 0 0 0 0 0
28000 -224.779 -0.698086 100 24 0 0 0 0 0 0 0 0 0 -1.9735 100 31 -0.454339 100 41 0 0 0 0 0 0 0 0
28100 -225.709 -0.566614 100 16 0 0 0 0 0 0 0 0 0 -1.95965 100 22 -1.54693 100 41 0 0 0 0 0 0 0 0
28200 -224.441 -0.628207 100 23 0 0 0 0 0 0 0 0 0 -1.87194 100 28 -0.42192 100 49 0 0 0 0 0 0 0 0
28300 -229.009 0.487744 100 23 0 0 0 0 0 0 0 0 0 -2.01257 100 28 -0.478251 100 38 0 0 0 0 0 0 0 0
28400 -223.973 -0.386026 100 17 0 0 0 0 0 0 0 0 0 -1.87882 100 25 -0.909291 100 26 0 0 0 0 0 0 0 0
28500 -230.824 -0.477589 100 18 0 0 0 0 0 0 0 0 0 -2.51883 100 34 0.402731 100 35 0 0 0 0 0 0 0 0
28600 -227.368 0.504808 100 27 0 0 0 0 0 0 0 0 0 -2.25537 100 28 -0.322492 100 33 0 0 0 0 0 0 0 0
28700 -226.141 -0.690997 100 21 0 0 0 0 0 0 0 0 0 -1.85437 100 21 -0.00715689 100 35 0 0 0 0 0 0 0 0
28800 -224.247 -0.401352 100 29 0 0 0 0 0 0 0 0 0 -1.80054 100 29 -0.621738 100 37 0 0 0 0 0 0 0 0
28900 -224.107 -0.515939 100 18 0 0 0 0 0 0 0 0 0 -1.93679 100 22 -0.479102 100 47 0 0 0 0 0 0 0 0
29000 -223.888 -0.376573 100 25 0 0 0 0 0 0 0 0 0 -1.95526 100 25 -0.559245 100 38 0 0 0 0 0 0 0 0
29100 -225.632 0.192612 100 21 0 0 0 0 0 0 0 0 0 -2.01601 100 27 -0.652994 100 44 0 0 0 0 0 0 0 0
29200 -225.237 -0.540865 100 21 0 0 0 0 0 0 0 0 0 -1.68454 100 31 -0.522482 100 26 0 0 0 0 0 0 0 0
29300 -224.279 -0.245481 100 20 0 0 0 0 0 0 0 0 0 -1.94206 100 24 -1.0678 100 38 0 0 0 0 0 0 0 0
29400 -223.905 -0.351221 100 18 0 0 0 0 0 0 0 0 0 -1.96483 100 29 -0.520859 100 41 0 0 0 0 0 0 0 0
29500 -224.165 -0.326572 100 19 0 0 0 0 0 0 0 0 0 -1.87259 100 23 -0.465101 100 48 0 0 0 0 0 0 0 0
29600 -224.538 -0.562963 100 19 0 0 0 0 0 0 0 0 0 -1.72416 100 27 -0.729507 100 41 0 0 0 0 0 0 0 0
29700 -224.273 -0.354707 100 14 0 0 0 0 0 0 0 0 0 -1.80829 100 18 -0.619801 100 39 0 0 0 0 0 0 0 0
29800 -224.578 -0.0759291 100 22 0 0 0 0 0 0 0 0 0 -1.95818 100 33 -0.354768 100 39 0 0 0 0 0 0 0 0
29900 -224.12 -0.486909 100 17 0 0 0 0 0 0 0 0 0 -1.88972 100 34 -0.450929 100 47 0 0 0 0 0 0 0 0
30000 -224.245 -0.235264 100 19 0 0 0 0 0 0 0 0 0 -1.88989 100 18 -0.993624 100 40 0 0 0 0 0 0 0 0
30100 -225.823 -0.242324 100 17 0 0 0 0 0 0 0 0 0 -1.67923 100 22 -0.841638 100 43 0 0 0 0 0 0 0 0
30200 -224.726 -0.00508551 100 21 0 0 0 0 0 0 0 0 0 -1.95758 100 23 -0.485851 100 39 0 0 0 0 0 0 0 0
30300 -224.96 -0.502854 100 18 0 0 0 0 0 0 0 0 0 -2.10251 100 29 -0.240333 100 44 0 0 0 0 0 0 0 0
30400 -224.873 -0.767493 100 15 0 0 0 0 0 0 0 0 0 -1.7987 100 34 -1.19487 100 42 0 0 0 0 0 0 0 0
30500 -224.751 -0.642358 100 16 0 0 0 0 0 0 0 0 0 -1.73303 100 25 -1.2363 100 32 0 0 0 0 0 0 0 0
30600 -230.986 -1.2141 100 20 0 0 0 0 0 0 0 0 0 -1.72779 100 26 -2.55566 100 38 0 0 0 0 0 0 0 0
30700 -225.054 -0.817469 100 13 0 0 0 0 0 0 0 0 0 -1.76651 100 31 -1.21814 100 42 0 0 0 0 0 0 0 0
30800 -224.628 -0.744073 100 20 0 0 0 0 0 0 0 0 0 -1.73698 100 18 -0.952425 100 33 0 0 0 0 0 0 0 0
30900 -224.558 -0.622919 100 26 0 0 0 0 0 0 0 0 0 -1.95866 100 29 -0.374543 100 52 0 0 0 0 0 0 0 0
31000 -225.075 0.127966 100 14 0 0 0 0 0 0 0 0 0 -2.1079 100 31 -0.75459 100 47 0 0 0 0 0 0 0 0
31100 -225.63 -0.421126 100 16 0 0 0 0 0 0 0 0 0 -2.12502 100 28 -1.17476 100 48 0 0 0 0 0 0 0 0
31200 -225.707 -0.279934 100 23 0 0 0 0 0 0 0 0 0 -2.15677 100 22 -1.21213 100 34 0 0 0 0 0 0 0 0
31300 -224.787 -0.608921 100 23 0 0 0 0 0 0 0 0 0 -1.93917 100 24 -0.235711 100 39 0 0 0 0 0 0 0 0
31400 -224.517 -0.700333 100 7 0 0 0 0 0 0 0 0 0 -1.93143 100 25 -0.684523 100 42 0 0 0 0 0 0 0 0
31500 -224.023 -0.307119 100 22 0 0 0 0 0 0 0 0 0 -1.91498 100 25 -0.934377 100 41 0 0 0 0 0 0 0 0
31600 -223.949 -0.454559 100 26 0 0 0 0 0 0 0 0 0 -1.90131 100 26 -0.865148 100 35 0 0 0 0 0 0 0 0
31700 -225.076 -0.509829 100 15 0 0 0 0 0 0 0 0 0 -1.92726 100 21 -1.42651 100 45 0 0 0 0 0 0 0 0
31800 -225.822 -0.308892 100 14 0 0 0 0 0 0 0 0 0 -2.27769 100 25 -0.540044 100 40 0 0 0 0 0 0 0 0
31900 -228.473 0.434382 100 18 0 0 0 0 0 0 0 0 0 -1.99103 100 21 -0.631119 100 42 0 0 0 0 0 0 0 0
32000 -224.986 -0.199629 100 23 0 0 0 0 0 0 0 0 0 -1.94945 100 26 -0.0902111 100 37 0 0 0 0 0 0 0 0
32100 -224.365 -0.332283 100 22 0 0 0 0 0 0 0 0 0 -1.90843 100 20 -0.289989 100 34 0 0 0 0 0 0 0 0
32200 -224.455 -0.36215 100 16 0 0 0 0 0 0 0 0 0 -1.94785 100 25 -1.19558 100 41 0 0 0 0 0 0 0 0
32300 -224.605 -0.163064 100 19 0 0 0 0 0 0 0 0 0 -2.04848 100 29 -0.125949 100 35 0 0 0 0 0 0 0 0
32400 -227.173 -0.782091 100 18 0 0 0 0 0 0 0 0 0 -1.84441 100 29 -1.98163 100 32 0 0 0 0 0 0 0 0
32500 -225.415 0.128358 100 14 0 0 0 0 0 0 0 0 0 -1.97093 100 20 -0.603622 100 40 0 0 0 0 0 0 0 0
32600 -224.413 -0.357056 100 16 0 0 0 0 0 0 0 0 0 -1.93842 100 25 -1.18589 100 51 0 0 0 0 0 0 0 0
32700 -224.75 0.051824 100 18 0 0 0 0 0 0 0 0 0 -2.16663 100 21 -0.327022 100 39 0 0 0 0 0 0 0 0
32800 -224.013 -0.508717 100 12 0 0 0 0 0 0 0 0 0 -1.85406 100 23 -0.891155 100 42 0 0 0 0 0 0 0 0
32900 -225.408 -0.407689 100 22 0 0 0 0 0 0 0 0 0 -1.92803 100 16 -1.5858 100 32 0 0 0 0 0 0 0 0
33000 -227.156 -0.298149 100 19 0 0 0 0 0 0 0 0 0 -1.97855 100 28 -2.04322 100 39 0 0 0 0 0 0 0 0
33100 -225.121 -0.477277 100 20 0 0 0 0 0 0 0 0 0 -1.99336 100 29 -1.33679 100 32 0 0 0 0 0 0 0 0
33200 -225.237 -0.831408 100 19 0 0 0 0 0 0 0 0 0 -1.70648 100 25 -1.26506 100 46 0 0 0 0 0 0 0 0
33300 -225.44 -0.323185 100 18 0 0 0 0 0 0 0 0 0 -1.84242 100 22 -0.109378 100 46 0 0 0 0 0 0 0 0
33400 -224.01 -0.418 100 23 0 0 0 0 0 0 0 0 0 -1.90924 100 18 -0.470166 100 35 0 0 0 0 0 0 0 0
33500 -224.455 -0.523258 100 20 0 0 0 0 0 0 0 0 0 -2.03996 100 29 -0.454827 100 41 0 0 0 0 0 0 0 0
33600 -224.9 -0.800852 100 22 0 0 0 0 0 0 0 0 0 -1.78802 100 20 -0.528025 100 36 0 0 0 0 0 0 0 0
33700 -224.018 -0.452272 100 14 0 0 0 0 0 0 0 0 0 -1.9878 100 24 -0.625109 100 40 0 0 0 0 0 0 0 0
33800 -226.224 -1.04931 100 17 0 0 0 0 0 0 0 0 0 -1.63504 100 27 -1.27052 100 28 0 0 0 0 0 0 0 0
33900 -226.3 0.113634 100 22 0 0 0 0 0 0 0 0 0 -2.39061 100 25 -0.00671585 100 48 0 0 0 0 0 0 0 0
34000 -225.868 -1.05165 100 21 0 0 0 0 0 0 0 0 0 -1.69908 100 29 -0.762065 100 43 0 0 0 0 0 0 0 0
34100 -224.621 -0.458272 100 17 0 0 0 0 0 0 0 0 0 -1.78553 100 23 -0.428794 100 39 0 0 0 0 0 0 0 0
34200 -224.237 -0.496954 100 16 0 0 0 0 0 0 0 0 0 -1.77873 100 26 -0.972179 100 31 0 0 0 0 0 0 0 0
34300 -226.355 -0.03017 100 17 0 0 0 0 0 0 0 0 0 -1.91438 100 22 -1.6198 100 43 0 0 0 0 0 0 0 0
34400 -224.528 -0.0956735 100 15 0 0 0 0 0 0 0 0 0 -1.9061 100 29 -0.855422 100 41 0 0 0 0 0 0 0 0
34500 -224.71 -0.338659 100 19 0 0 0 0 0 0 0 0 0 -2.15929 100 27 -0.449638 100 40 0 0 0 0 0 0 0 0
34600 -224.142 -0.408857 100 18 0 0 0 0 0 0 0 0 0 -1.98887 100 28 -0.907022 100 33 0 0 0 0 0 0 0 0
34700 -224.641 -0.00693575 100 13 0 0 0 0 0 0 0 0 0 -1.99915 100 18 -0.862719 100 34 0 0 0 0 0 0 0 0
34800 -225.369 -0.689916 100 25 0 0 0 0 0 0 0 0 0 -1.66796 100 31 -0.535684 100 36 0 0 0 0 0 0 0 0
34900 -228.415 -1.35733 100 20 0 0 0 0 0 0 0 0 0 -1.65954 100 23 -0.44259 100 42 0 0 0 0 0 0 0 0
35000 -224.72 -0.481739 100 17 0 0 0 0 0 0 0 0 0 -1.79157 100 19 -0.370299 100 37 0 0 0 0 0 0 0 0
35100 -224.829 -0.0089881 100 24 0 0 0 0 0 0 0 0 0 -2.18376 100 26 -0.699418 100 28 0 0 0 0 0 0 0 0
35200 -224.603 -0.730611 100 13 0 0 0 0 0 0 0 0 0 -1.91914 100 27 -0.765549 100 39 0 0 0 0 0 0 0 0
35300 -226.243 -0.265671 100 19 0 0 0 0 0 0 0 0 0 -1.63905 100 32 -0.921783 100 32 0 0 0 0 0 0 0 0
35400 -225.432 -0.537887 100 20 0 0 0 0 0 0 0 0 0 -1.66364 100 28 -0.540737 100 35 0 0 0 0 0 0 0 0
35500 -225.957 -0.409157 100 14 0 0 0 0 0 0 0 0 0 -2.23064 100 29 -0.795841 100 37 0 0 0 0 0 0 0 0
35600 -224.361 -0.412157 100 19 0 0 0 0 0 0 0 0 0 -1.76669 100 28 -0.73426 100 35 0 0 0 0 0 0 0 0
35700 -224.263 -0.592499 100 20 0 0 0 0 0 0 0 0 0 -1.96112 100 29 -0.661866 100 43 0 0 0 0 0 0 0 0
35800 -227.388 -0.335583 100 17 0 0 0 0 0 0 0 0 0 -1.72543 100 34 -2.09429 100 40 0 0 0 0 0 0 0 0
35900 -226.198 -0.393976 100 21 0 0 0 0 0 0 0 0 0 -2.21988 100 21 -1.00846 100 43 0 0 0 0 0 0 0 0
36000 -226.583 -0.0117202 100 18 0 0 0 0 0 0 0 0 0 -2.37852 100 23 0.169629 100 47 0 0 0 0 0 0 0 0
36100 -224.302 -0.16927 100 23 0 0 0 0 0 0 0 0 0 -2.125 100 31 -0.413251 100 43 0 0 0 0 0 0 0 0
36200 -226.237 -0.440339 100 22 0 0 0 0 0 0 0 0 0 -1.98392 100 30 -1.75098 100 39 0 0 0 0 0 0 0 0
36300 -226.226 -0.44615 100 20 0 0 0 0 0 0 0 0 0 -2.2596 100 28 -0.0940116 100 44 0 0 0 0 0 0 0 0
36400 -224.085 -0.587699 100 23 0 0 0 0 0 0 0 0 0 -1.84197 100 16 -0.738675 100 41 0 0 0 0 0 0 0 0
36500 -225.493 -0.382024 100 18 0 0 0 0 0 0 0 0 0 -2.12321 100 24 0.0702791 100 41 0 0 0 0 0 0 0 0
36600 -225.429 -0.226644 100 18 0 0 0 0 0 0 0 0 0 -1.7692 100 24 -0.401198 100 44 0 0 0 0 0 0 0 0
36700 -226.6 -0.297282 100 15 0 0 0 0 0 0 0 0 0 -1.68623 100 25 -0.307364 100 44 0 0 0 0 0 0 0 0
36800 -225.012 -0.726585 100 18 0 0 0 0 0 0 0 0 0 -2.00126 100 23 -0.738477 100 35 0 0 0 0 0 0 0 0
36900 -225.903 -0.147488 100 17 0 0 0 0 0 0 0 0 0 -1.91366 100 25 -1.64019 100 39 0 0 0 0 0 0 0 0
37000 -226.579 -1.1241 100 16 0 0 0 0 0 0 0 0 0 -1.77422 100 26 -1.26904 100 37 0 0 0 0 0 0 0 0
37100 -224.071 -0.212598 100 17 0 0 0 0 0 0 0 0 0 -1.90721 100 26 -0.734233 100 37 0 0 0 0 0 0 0 0
37200 -224.866 -0.178472 100 24 0 0 0 0 0 0 0 0 0 -1.95541 100 26 -0.126708 100 42 0 0 0 0 0 0 0 0
37300 -226.277 0.261108 100 26 0 0 0 0 0 0 0 0 0 -2.26671 100 20 -0.851642 100 39 0 0 0 0 0 0 0 0
37400 -224.376 -0.404064 100 18 0 0 0 0 0 0 0 0 0 -1.98655 100 30 -1.06972 100 37 0 0 0 0 0 0 0 0
37500 -225.005 -0.0901395 100 14 0 0 0 0 0 0 0 0 0 -1.85046 100 32 -0.52794 100 38 0 0 0 0 0 0 0 0
37600 -225.447 -0.0899882 100 13 0 0 0 0 0 0 0 0 0 -1.79261 100 22 -0.673054 100 40 0 0 0 0 0 0 0 0
37700 -225.024 0.0508782 100 15 0 0 0 0 0 0 0 0 0 -2.16687 100 33 -0.109829 100 41 0 0 0 0 0 0 0 0
37800 -226.732 -1.20029 100 18 0 0 0 0 0 0 0 0 0 -1.81003 100 30 -0.770033 100 38 0 0 0 0 0 0 0 0
37900 -223.98 -0.390831 100 18 0 0 0 0 0 0 0 0 0 -1.9326 100 28 -0.907761 100 36 0 0 0 0 0 0 0 0
38000 -224.671 -0.687848 100 19 0 0 0 0 0 0 0 0 0 -1.82014 100 24 -0.431285 100 40 0 0 0 0 0 0 0 0
38100 -226.566 -0.989756 100 16 0 0 0 0 0 0 0 0 0 -1.96579 100 25 -1.06747 100 36 0 0 0 0 0 0 0 0
38200 -226.112 0.30857 100 20 0 0 0 0 0 0 0 0 0 -2.10572 100 27 -0.533782 100 38 0 0 0 0 0 0 0 0
38300 -225.379 -0.551143 100 18 0 0 0 0 0 0 0 0 0 -2.04185 100 35 -0.0338993 100 38 0 0 0 0 0 0 0 0
38400 -224.492 -0.382799 100 25 0 0 0 0 0 0 0 0 0 -1.99335 100 35 -1.12742 100 41 0 0 0 0 0 0 0 0
38500 -224.088 -0.252007 100 20 0 0 0 0 0 0 0 0 0 -1.89679 100 35 -0.54463 100 38 0 0 0 0 0 0 0 0
38600 -229.291 -0.257372 100 18 0 0 0 0 0 0 0 0 0 -2.16644 100 27 -2.21045 100 36 0 0 0 0 0 0 0 0
38700 -225.238 -0.63145 100 17 0 0 0 0 0 0 0 0 0 -1.72194 100 37 -1.48024 100 36 0 0 0 0 0 0 0 0
38800 -224.754 0.00396071 100 18 0 0 0 0 0 0 0 0 0 -1.94782 100 23 -0.615011 100 44 0 0 0 0 0 0 0 0
38900 -225.272 -0.582132 100 17 0 0 0 0 0 0 0 0 0 -1.78869 100 29 -0.225929 100 37 0 0 0 0 0 0 0 0
39000 -224.449 -0.105923 100 12 0 0 0 0 0 0 0 0 0 -1.94996 100 16 -0.954348 100 39 0 0 0 0 0 0 0 0
39100 -225.024 0.102555 100 16 0 0 0 0 0 0 0 0 0 -2.02163 100 33 -0.721847 100 43 0 0 0 0 0 0 0 0
39200 -224.451 -0.189767 100 19 0 0 0 0 0 0 0 0 0 -2.14961 100 25 -0.572885 100 43 0 0 0 0 0 0 0 0
39300 -225.024 -0.307961 100 7 0 0 0 0 0 0 0 0 0 -2.1554 100 23 -0.0742901 100 42 0 0 0 0 0 0 0 0
39400 -226.296 0.227762 100 24 0 0 0 0 0 0 0 0 0 -1.97133 100 37 -0.504132 100 51 0 0 0 0 0 0 0 0
39500 -225.718 -0.558616 100 14 0 0 0 0 0 0 0 0 0 -2.13042 100 24 -0.966995 100 36 0 0 0 0 0 0 0 0
39600 -224.608 -0.0975922 100 19 0 0 0 0 0 0 0 0 0 -2.16799 100 24 -0.247241 100 44 0 0 0 0 0 0 0 0
39700 -227.346 0.0875773 100 27 0 0 0 0 0 0 0 0 0 -1.98439 100 24 0.201176 100 41 0 0 0 0 0 0 0 0
39800 -224.536 -0.0418728 100 19 0 0 0 0 0 0 0 0 0 -1.97988 100 15 -0.87014 100 36 0 0 0 0 0 0 0 0
39900 -225.144 -0.752468 100 23 0 0 0 0 0 0 0 0 0 -1.66154 100 20 -1.18702 100 45 0 0 0 0 0 0 0 0
40000 -224.826 -0.724955 100 17 0 0 0 0 0 0 0 0 0 -1.69263 100 31 -0.781927 100 38 0 0 0 0 0 0 0 0
40100 -225.036 -0.765346 100 20 0 0 0 0 0 0 0 0 0 -1.91461 100 18 -0.355462 100 31 0 0 0 0 0 0 0 0
40200 -225.822 -0.205104 100 17 0 0 0 0 0 0 0 0 0 -1.79722 100 25 -1.55882 100 40 0 0 0 0 0 0 0 0
40300 -224.914 -0.241362 100 17 0 0 0 0 0 0 0 0 0 -2.12697 100 28 -1.0061 100 40 0 0 0 0 0 0 0 0
40400 -224.354 -0.100329 100 22 0 0 0 0 0 0 0 0 0 -2.13308 100 26 -0.43813 100 41 0 0 0 0 0 0 0 0
40500 -224.861 -0.587753 100 20 0 0 0 0 0 0 0 0 0 -2.04983 100 25 -0.318055 100 37 0 0 0 0 0 0 0 0
40600 -224.187 -0.112759 100 21 0 0 0 0 0 0 0 0 0 -2.08226 100 24 -0.48595 100 47 0 0 0 0 0 0 0 0
40700 -224.832 -0.212167 100 24 0 0 0 0 0 0 0 0 0 -2.20505 100 33 -0.496175 100 35 0 0 0 0 0 0 0 0
40800 -225 -0.830773 100 12 0 0 0 0 0 0 0 0 0 -1.85941 100 33 -1.0252 100 41 0 0 0 0 0 0 0 0
40900 -224.319 -0.614843 100 17 0 0 0 0 0 0 0 0 0 -1.86838 100 28 -0.478389 100 35 0 0 0 0 0 0 0 0
41000 -224.265 -0.130209 100 14 0 0 0 0 0 0 0 0 0 -1.97533 100 26 -0.398841 100 28 0 0 0 0 0 0 0 0
41100 -225.703 -0.330749 100 16 0 0 0 0 0 0 0 0 0 -2.20602 100 28 0.0583088 100 36 0 0 0 0 0 0 0 0
41200 -226.956 -1.21502 100 20 0 0 0 0 0 0 0 0 0 -1.7149 100 27 -0.581854 100 41 0 0 0 0 0 0 0 0
41300 -225.426 0.0107946 100 18 0 0 0 0 0 0 0 0 0 -1.89907 100 27 -1.09753 100 39 0 0 0 0 0 0 0 0
41400 -225.217 -0.366232 100 20 0 0 0 0 0 0 0 0 0 -2.19576 100 27 -0.195792 100 40 0 0 0 0 0 0 0 0
41500 -225.393 -0.938699 100 19 0 0 0 0 0 0 0 0 0 -1.70379 100 31 -0.731034 100 33 0 0 0 0 0 0 0 0
41600 -225.216 -0.840154 100 27 0 0 0 0 0 0 0 0 0 -1.66266 100 24 -0.824903 100 33 0 0 0 0 0 0 0 0
41700 -225.275 -0.90773 100 18 0 0 0 0 0 0 0 0 0 -1.81455 100 25 -1.0805 100 35 0 0 0 0 0 0 0 0
41800 -227.229 -0.716441 100 22 0 0 0 0 0 0 0 0 0 -2.21505 100 28 -0.754369 100 44 0 0 0 0 0 0 0 0
41900 -228.8 -0.271637 100 22 0 0 0 0 0 0 0 0 0 -1.58592 100 29 -1.98622 100 37 0 0 0 0 0 0 0 0
42000 -226.638 -0.517422 100 15 0 0 0 0 0 0 0 0 0 -2.27132 100 24 -0.134304 100 41 0 0 0 0 0 0 0 0
42100 -225.201 -0.39925 100 25 0 0 0 0 0 0 0 0 0 -2.1831 100 40 -0.213544 100 37 0 0 0 0 0 0 0 0
42200 -225.576 -0.229978 100 18 0 0 0 0 0 0 0 0 0 -1.74845 100 32 -1.35571 100 39 0 0 0 0 0 0 0 0
42300 -225.576 0.158634 100 25 0 0 0 0 0 0 0 0 0 -2.06307 100 28 -0.973215 100 40 0 0 0 0 0 0 0 0
42400 -224.196 -0.338992 100 17 0 0 0 0 0 0 0 0 0 -2.02584 100 28 -0.888386 100 42 0 0 0 0 0 0 0 0
42500 -225.484 0.14045 100 34 0 0 0 0 0 0 0 0 0 -2.02483 100 30 -0.93856 100 38 0 0 0 0 0 0 0 0
42600 -226.614 -0.0851569 100 15 0 0 0 0 0 0 0 0 0 -1.81346 100 29 -0.130183 100 37 0 0 0 0 0 0 0 0
42700 -224.407 -0.392157 100 11 0 0 0 0 0 0 0 0 0 -1.76105 100 18 -0.813022 100 44 0 0 0 0 0 0 0 0
42800 -224.952 -0.067401 100 17 0 0 0 0 0 0 0 0 0 -2.09552 100 22 -1.08019 100 39 0 0 0 0 0 0 0 0
42900 -225.555 -0.648169 100 18 0 0 0 0 0 0 0 0 0 -1.96093 100 24 -1.39853 100 45 0 0 0 0 0 0 0 0
43000 -228.608 -0.272237 100 19 0 0 0 0 0 0 0 0 0 -1.60431 100 23 -0.251388 100 38 0 0 0 0 0 0 0 0
43100 -229.606 0.609029 100 17 0 0 0 0 0 0 0 0 0 -2.41585 100 29 0.463507 100 38 0 0 0 0 0 0 0 0
43200 -224.489 -0.0441106 100 17 0 0 0 0 0 0 0 0 0 -2.00562 100 27 -0.363483 100 44 0 0 0 0 0 0 0 0
43300 -225.825 -0.532244 100 23 0 0 0 0 0 0 0 0 0 -1.69303 100 29 -1.66721 100 35 0 0 0 0 0 0 0 0
43400 -227.198 0.0129325 100 16 0 0 0 0 0 0 0 0 0 -2.01878 100 24 0.291092 100 42 0 0 0 0 0 0 0 0
43500 -225.977 -0.28489 100 17 0 0 0 0 0 0 0 0 0 -1.65547 100 25 -0.769381 100 39 0 0 0 0 0 0 0 0
43600 -227.446 0.0634576 100 26 0 0 0 0 0 0 0 0 0 -2.13073 100 29 -1.75349 100 32 0 0 0 0 0 0 0 0
43700 -225.105 -0.908476 100 11 0 0 0 0 0 0 0 0 0 -1.74903 100 22 -0.918721 100 41 0 0 0 0 0 0 0 0
43800 -224.521 -0.218906 100 20 0 0 0 0 0 0 0 0 0 -1.82367 100 20 -0.940183 100 38 0 0 0 0 0 0 0 0
43900 -224.883 -0.333479 100 14 0 0 0 0 0 0 0 0 0 -1.77114 100 21 -1.27487 100 40 0 0 0 0 0 0 0 0
44000 -224.396 -0.24024 100 9 0 0 0 0 0 0 0 0 0 -2.01152 100 27 -0.197259 100 38 0 0 0 0 0 0 0 0
44100 -224.219 -0.360987 100 16 0 0 0 0 0 0 0 0 0 -2.07464 100 24 -0.503477 100 51 0 0 0 0 0 0 0 0
44200 -224.651 -0.307351 100 14 0 0 0 0 0 0 0 0 0 -1.88616 100 26 -1.30408 100 36 0 0 0 0 0 0 0 0
44300 -224.926 -0.193772 100 16 0 0 0 0 0 0 0 0 0 -1.78054 100 28 -0.88777 100 46 0 0 0 0 0 0 0 0
44400 -224.742 -0.0524953 100 22 0 0 0 0 0 0 0 0 0 -2.16792 100 26 -0.168222 100 39 0 0 0 0 0 0 0 0
44500 -224.237 -0.079794 100 15 0 0 0 0 0 0 0 0 0 -2.05456 100 19 -0.676192 100 40 0 0 0 0 0 0 0 0
44600 -227.021 -1.1143 100 22 0 0 0 0 0 0 0 0 0 -1.53015 100 27 -1.05615 100 32 0 0 0 0 0 0 0 0
44700 -224.678 -0.753495 100 22 0 0 0 0 0 0 0 0 0 -1.72506 100 27 -0.886877 100 36 0 0 0 0 0 0 0 0
44800 -226.935 -0.532583 100 27 0 0 0 0 0 0 0 0 0 -2.27626 100 36 -0.679531 100 42 0 0 0 0 0 0 0 0
44900 -224.747 -0.254916 100 24 0 0 0 0 0 0 0 0 0 -1.76959 100 32 -0.804814 100 45 0 0 0 0 0 0 0 0
45000 -228.702 -0.219853 100 26 0 0 0 0 0 0 0 0 0 -1.54013 100 22 -0.743856 100 36 0 0 0 0 0 0 0 0
45100 -227.296 -1.00996 100 25 0 0 0 0 0 0 0 0 0 -2.06615 100 24 -0.765557 100 36 0 0 0 0 0 0 0 0
45200 -225.521 -0.427789 100 19 0 0 0 0 0 0 0 0 0 -1.91711 100 28 -1.63122 100 41 0 0 0 0 0 0 0 0
45300 -226.782 0.104669 100 21 0 0 0 0 0 0 0 0 0 -1.97623 100 17 0.0673949 100 32 0 0 0 0 0 0 0 0
45400 -224.506 -0.499454 100 15 0 0 0 0 0 0 0 0 0 -1.77654 100 27 -1.20512 100 34 0 0 0 0 0 0 0 0
45500 -227.371 -0.935345 100 18 0 0 0 0 0 0 0 0 0 -2.12344 100 30 -0.299459 100 39 0 0 0 0 0 0 0 0
45600 -224.793 -0.567902 100 21 0 0 0 0 0 0 0 0 0 -1.70142 100 28 -1.17901 100 39 0 0 0 0 0 0 0 0
45700 -227.802 -1.30175 100 18 0 0 0 0 0 0 0 0 0 -1.88259 100 26 -0.739877 100 43 0 0 0 0 0 0 0 0
45800 -226.245 -0.599886 100 24 0 0 0 0 0 0 0 0 0 -1.83967 100 30 -1.86238 100 38 0 0 0 0 0 0 0 0
45900 -226.021 -0.480789 100 14 0 0 0 0 0 0 0 0 0 -1.60714 100 30 -0.670424 100 43 0 0 0 0 0 0 0 0
46000 -224.259 -0.644309 100 16 0 0 0 0 0 0 0 0 0 -1.84325 100 30 -0.608656 100 40 0 0 0 0 0 0 0 0
46100 -224.79 0.0298616 100 18 0 0 0 0 0 0 0 0 0 -1.98068 100 32 -0.484526 100 31 0 0 0 0 0 0 0 0
46200 -225.115 -0.589452 100 15 0 0 0 0 0 0 0 0 0 -1.77886 100 23 -1.49432 100 34 0 0 0 0 0 0 0 0
46300 -227.042 0.282356 100 24 0 0 0 0 0 0 0 0 0 -2.1059 100 21 -1.2658 100 34 0 0 0 0 0 0 0 0
46400 -224.628 -0.0430549 100 12 0 0 0 0 0 0 0 0 0 -2.11223 100 25 -0.840461 100 43 0 0 0 0 0 0 0 0
46500 -225.304 -0.437694 100 17 0 0 0 0 0 0 0 0 0 -1.7886 100 26 -1.57746 100 45 0 0 0 0 0 0 0 0
46600 -225.691 -0.86478 100 12 0 0 0 0 0 0 0 0 0 -1.80247 100 19 -0.291145 100 30 0 0 0 0 0 0 0 0
46700 -224.794 -0.810674 100 22 0 0 0 0 0 0 0 0 0 -1.74737 100 29 -0.984737 100 33 0 0 0 0 0 0 0 0
46800 -227.733 -0.823066 100 13 0 0 0 0 0 0 0 0 0 -2.22001 100 33 -0.510534 100 33 0 0 0 0 0 0 0 0
46900 -225.374 -0.491459 100 23 0 0 0 0 0 0 0 0 0 -2.15075 100 27 -0.796624 100 31 0 0 0 0 0 0 0 0
47000 -227.703 -0.73185 100 27 0 0 0 0 0 0 0 0 0 -2.04215 100 32 0.279027 100 40 0 0 0 0 0 0 0 0
47100 -225.618 -0.599289 100 29 0 0 0 0 0 0 0 0 0 -1.71488 100 33 -1.63375 100 42 0 0 0 0 0 0 0 0
47200 -224.482 -0.103341 100 18 0 0 0 0 0 0 0 0 0 -1.90646 100 22 -0.838919 100 45 0 0 0 0 0 0 0 0
47300 -228.699 -0.414604 100 23 0 0 0 0 0 0 0 0 0 -1.84585 100 24 -2.5413 100 39 0 0 0 0 0 0 0 0
47400 -224.862 -0.525671 100 19 0 0 0 0 0 0 0 0 0 -1.97843 100 25 -1.21955 100 34 0 0 0 0 0 0 0 0
47500 -227.035 -1.09566 100 19 0 0 0 0 0 0 0 0 0 -1.97918 100 31 -0.77744 100 39 0 0 0 0 0 0 0 0
47600 -225.241 -0.545501 100 15 0 0 0 0 0 0 0 0 0 -1.75363 100 29 -0.301156 100 45 0 0 0 0 0 0 0 0
47700 -225.112 -0.0146573 100 23 0 0 0 0 0 0 0 0 0 -2.25538 100 25 -0.510308 100 37 0 0 0 0 0 0 0 0
47800 -225.851 0.0500248 100 22 0 0 0 0 0 0 0 0 0 -2.34662 100 26 -0.441623 100 37 0 0 0 0 0 0 0 0
47900 -225.644 -0.965825 100 19 0 0 0 0 0 0 0 0 0 -1.7843 100 40 -0.492062 100 39 0 0 0 0 0 0 0 0
48000 -225.824 -0.367289 100 18 0 0 0 0 0 0 0 0 0 -1.89587 100 28 -1.74736 100 42 0 0 0 0 0 0 0 0
48100 -224.889 -0.393129 100 25 0 0 0 0 0 0 0 0 0 -1.98277 100 30 -0.0630751 100 40 0 0 0 0 0 0 0 0
48200 -225.783 -0.439868 100 20 0 0 0 0 0 0 0 0 0 -1.74703 100 25 -1.70426 100 48 0 0 0 0 0 0 0 0
48300 -224.337 -0.515887 100 16 0 0 0 0 0 0 0 0 0 -1.86113 100 22 -0.387192 100 42 0 0 0 0 0 0 0 0
48400 -226.968 -0.645877 100 20 0 0 0 0 0 0 0 0 0 -2.00874 100 31 -1.73967 100 41 0 0 0 0 0 0 0 0
48500 -224.731 -0.688342 100 12 0 0 0 0 0 0 0 0 0 -1.875 100 22 -1.16226 100 38 0 0 0 0 0 0 0 0
48600 -227.537 0.0408266 100 25 0 0 0 0 0 0 0 0 0 -1.97784 100 24 -1.89492 100 37 0 0 0 0 0 0 0 0
48700 -225.276 -0.610921 100 19 0 0 0 0 0 0 0 0 0 -1.64211 100 31 -1.24687 100 38 0 0 0 0 0 0 0 0
48800 -226.105 -0.457298 100 24 0 0 0 0 0 0 0 0 0 -1.72444 100 25 -0.188983 100 48 0 0 0 0 0 0 0 0
48900 -225.656 -0.672393 100 12 0 0 0 0 0 0 0 0 0 -2.02582 100 28 -0.0761067 100 43 0 0 0 0 0 0 0 0
49000 -224.804 -0.537983 100 19 0 0 0 0 0 0 0 0 0 -1.97398 100 21 -1.1907 100 45 0 0 0 0 0 0 0 0
49100 -224.498 -0.192627 100 21 0 0 0 0 0 0 0 0 0 -2.14875 100 24 -0.646991 100 42 0 0 0 0 0 0 0 0
49200 -224.128 -0.598773 100 25 0 0 0 0 0 0 0 0 0 -1.88583 100 24 -0.819536 100 47 0 0 0 0 0 0 0 0
49300 -226.457 -1.12126 100 12 0 0 0 0 0 0 0 0 0 -1.81972 100 19 -1.09035 100 46 0 0 0 0 0 0 0 0
49400 -225.015 -0.537002 100 17 0 0 0 0 0 0 0 0 0 -1.96055 100 19 -0.102481 100 32 0 0 0 0 0 0 0 0
49500 -228.158 -0.560367 100 16 0 0 0 0 0 0 0 0 0 -1.76601 100 28 0.192196 100 36 0 0 0 0 0 0 0 0
49600 -225.363 -0.802997 100 14 0 0 0 0 0 0 0 0 0 -1.70824 100 21 -0.484361 100 30 0 0 0 0 0 0 0 0
49700 -224.401 -0.500237 100 23 0 0 0 0 0 0 0 0 0 -1.95127 100 34 -1.08267 100 42 0 0 0 0 0 0 0 0
49800 -225.44 -0.242067 100 18 0 0 0 0 0 0 0 0 0 -1.9713 100 25 -1.53711 100 32 0 0 0 0 0 0 0 0
49900 -225.46 -0.893278 100 22 0 0 0 0 0 0 0 0 0 -1.67002 100 24 -1.21579 100 37 0 0 0 0 0 0 0 0
50000 -228.228 -0.582825 100 22 0 0 0 0 0 0 0 0 0 -1.72392 100 34 -2.42032 100 37 0 0 0 0 0 0 0 0
50100 -224.938 -0.5096 100 23 0 0 0 0 0 0 0 0 0 -2.01869 100 27 -0.114599 100 39 0 0 0 0 0 0 0 0
50200 -225.394 -0.941819 100 16 0 0 0 0 0 0 0 0 0 -1.68717 100 31 -1.00204 100 37 0 0 0 0 0 0 0 0
50300 -226.996 -0.627857 100 22 0 0 0 0 0 0 0 0 0 -2.26028 100 25 -0.407402 100 42 0 0 0 0 0 0 0 0
50400 -225.426 0.094138 100 9 0 0 0 0 0 0 0 0 0 -2.15243 100 29 -0.998073 100 36 0 0 0 0 0 0 0 0
50500 -224.203 -0.458185 100 18 0 0 0 0 0 0 0 0 0 -2.0116 100 23 -0.791768 100 42 0 0 0 0 0 0 0 0
50600 -224.519 -0.620692 100 16 0 0 0 0 0 0 0 0 0 -1.96331 100 31 -0.910111 100 35 0 0 0 0 0 0 0 0
50700 -224.956 -0.533913 100 20 0 0 0 0 0 0 0 0 0 -1.71186 100 28 -1.32003 100 38 0 0 0 0 0 0 0 0
50800 -224.395 -0.306659 100 18 0 0 0 0 0 0 0 0 0 -1.79659 100 27 -0.927048 100 41 0 0 0 0 0 0 0 0
50900 -226.098 -0.224224 100 12 0 0 0 0 0 0 0 0 0 -1.76058 100 21 -0.242213 100 43 0 0 0 0 0 0 0 0
51000 -224.673 -0.136702 100 27 0 0 0 0 0 0 0 0 0 -2.04925 100 24 -0.113566 100 51 0 0 0 0 0 0 0 0
51100 -224.412 -0.56319 100 22 0 0 0 0 0 0 0 0 0 -1.78549 100 26 -1.14678 100 32 0 0 0 0 0 0 0 0
51200 -226.471 -0.185613 100 17 0 0 0 0 0 0 0 0 0 -2.34459 100 22 -0.679209 100 42 0 0 0 0 0 0 0 0
51300 -224.643 -0.453112 100 15 0 0 0 0 0 0 0 0 0 -1.71727 100 23 -0.990201 100 45 0 0 0 0 0 0 0 0
51400 -225.394 -0.342384 100 17 0 0 0 0 0 0 0 0 0 -1.67451 100 23 -1.04647 100 46 0 0 0 0 0 0 0 0
51500 -224.159 -0.628675 100 21 0 0 0 0 0 0 0 0 0 -1.844 100 31 -0.762397 100 44 0 0 0 0 0 0 0 0
51600 -224.133 -0.562605 100 22 0 0 0 0 0 0 0 0 0 -1.85022 100 28 -0.5693 100 39 0 0 0 0 0 0 0 0
51700 -225.549 -0.583448 100 13 0 0 0 0 0 0 0 0 0 -2.09876 100 34 -0.995871 100 44 0 0 0 0 0 0 0 0
51800 -223.915 -0.34019 100 12 0 0 0 0 0 0 0 0 0 -1.9471 100 30 -0.825443 100 40 0 0 0 0 0 0 0 0
51900 -224.737 -0.407636 100 18 0 0 0 0 0 0 0 0 0 -2.07472 100 27 -0.979191 100 35 0 0 0 0 0 0 0 0
52000 -225.019 -0.446628 100 16 0 0 0 0 0 0 0 0 0 -2.09228 100 29 -0.0996833 100 29 0 0 0 0 0 0 0 0
52100 -225.554 -0.413639 100 19 0 0 0 0 0 0 0 0 0 -2.219 100 26 -0.575743 100 40 0 0 0 0 0 0 0 0
52200 -225.083 -0.129129 100 20 0 0 0 0 0 0 0 0 0 -1.98451 100 24 -1.32323 100 43 0 0 0 0 0 0 0 0
52300 -226.717 -0.14123 100 25 0 0 0 0 0 0 0 0 0 -1.94223 100 29 -1.88208 100 36 0 0 0 0 0 0 0 0
52400 -224.191 -0.346707 100 16 0 0 0 0 0 0 0 0 0 -1.81098 100 26 -0.751622 100 41 0 0 0 0 0 0 0 0
52500 -228.212 -0.649372 100 21 0 0 0 0 0 0 0 0 0 -1.97044 100 30 0.376246 100 39 0 0 0 0 0 0 0 0
52600 -225.507 -0.742653 100 22 0 0 0 0 0 0 0 0 0 -1.99153 100 24 -1.11179 100 27 0 0 0 0 0 0 0 0
52700 -226.526 -0.558062 100 15 0 0 0 0 0 0 0 0 0 -1.66674 100 28 -1.87041 100 45 0 0 0 0 0 0 0 0
52800 -225.11 -0.0481696 100 25 0 0 0 0 0 0 0 0 0 -1.89531 100 26 -0.366382 100 35 0 0 0 0 0 0 0 0
52900 -225.148 -0.5257 100 22 0 0 0 0 0 0 0 0 0 -1.78161 100 18 -0.262635 100 36 0 0 0 0 0 0 0 0
53000 -224.445 -0.652134 100 10 0 0 0 0 0 0 0 0 0 -1.79731 100 22 -0.551765 100 37 0 0 0 0 0 0 0 0
53100 -227.27 -0.577262 100 20 0 0 0 0 0 0 0 0 0 -1.91284 100 23 -2.08184 100 39 0 0 0 0 0 0 0 0
53200 -228.109 -0.582788 100 28 0 0 0 0 0 0 0 0 0 -2.01033 100 20 0.408597 100 40 0 0 0 0 0 0 0 0
53300 -224.49 -0.529463 100 14 0 0 0 0 0 0 0 0 0 -2.02715 100 32 -0.370683 100 31 0 0 0 0 0 0 0 0
53400 -225.547 -0.608374 100 25 0 0 0 0 0 0 0 0 0 -1.78353 100 27 -0.177599 100 36 0 0 0 0 0 0 0 0
53500 -225.243 -0.350331 100 17 0 0 0 0 0 0 0 0 0 -1.74867 100 24 -1.41633 100 34 0 0 0 0 0 0 0 0
53600 -224.356 -0.237993 100 19 0 0 0 0 0 0 0 0 0 -2.1079 100 28 -0.73158 100 46 0 0 0 0 0 0 0 0
53700 -225.266 -0.490537 100 19 0 0 0 0 0 0 0 0 0 -1.65384 100 24 -0.736946 100 36 0 0 0 0 0 0 0 0
53800 -224.749 -0.237802 100 16 0 0 0 0 0 0 0 0 0 -1.9956 100 28 -1.25052 100 41 0 0 0 0 0 0 0 0
53900 -226.652 0.36688 100 20 0 0 0 0 0 0 0 0 0 -2.12732 100 28 -0.717285 100 39 0 0 0 0 0 0 0 0
54000 -225.534 0.0672697 100 20 0 0 0 0 0 0 0 0 0 -1.93922 100 22 -1.06737 100 42 0 0 0 0 0 0 0 0
54100 -224.832 0.0126686 100 20 0 0 0 0 0 0 0 0 0 -1.9802 100 26 -0.369869 100 38 0 0 0 0 0 0 0 0
54200 -224.593 -0.0486693 100 25 0 0 0 0 0 0 0 0 0 -2.14322 100 24 -0.72066 100 30 0 0 0 0 0 0 0 0
54300 -226.559 -0.916092 100 16 0 0 0 0 0 0 0 0 0 -2.04499 100 27 -0.287077 100 30 0 0 0 0 0 0 0 0
54400 -227.122 -0.13659 100 18 0 0 0 0 0 0 0 0 0 -2.04128 100 22 -1.91661 100 39 0 0 0 0 0 0 0 0
54500 -223.974 -0.290377 100 19 0 0 0 0 0 0 0 0 0 -1.99062 100 22 -0.441416 100 42 0 0 0 0 0 0 0 0
54600 -224.979 -0.817625 100 16 0 0 0 0 0 0 0 0 0 -1.92225 100 23 -0.72778 100 38 0 0 0 0 0 0 0 0
54700 -225.785 -0.0472095 100 15 0 0 0 0 0 0 0 0 0 -2.24092 100 31 -1.00833 100 39 0 0 0 0 0 0 0 0
54800 -225.057 -0.553404 100 17 0 0 0 0 0 0 0 0 0 -1.66374 100 37 -0.738069 100 37 0 0 0 0 0 0 0 0
54900 -225.613 -0.428168 100 21 0 0 0 0 0 0 0 0 0 -1.6574 100 32 -1.35481 100 35 0 0 0 0 0 0 0 0
55000 -224.079 -0.362288 100 14 0 0 0 0 0 0 0 0 0 -1.91249 100 30 -0.414317 100 37 0 0 0 0 0 0 0 0
55100 -224.378 -0.183142 100 16 0 0 0 0 0 0 0 0 0 -2.10106 100 25 -0.245075 100 42 0 0 0 0 0 0 0 0
55200 -226.055 0.19653 100 23 0 0 0 0 0 0 0 0 0 -1.97072 100 33 -0.45673 100 37 0 0 0 0 0 0 0 0
55300 -224.082 -0.267134 100 21 0 0 0 0 0 0 0 0 0 -2.06188 100 27 -0.450868 100 40 0 0 0 0 0 0 0 0
55400 -225.857 -0.499437 100 16 0 0 0 0 0 0 0 0 0 -1.82967 100 28 -0.0274793 100 37 0 0 0 0 0 0 0 0
55500 -224.749 -0.216347 100 17 0 0 0 0 0 0 0 0 0 -1.7914 100 30 -0.930302 100 36 0 0 0 0 0 0 0 0
55600 -224.909 -0.753878 100 16 0 0 0 0 0 0 0 0 0 -1.75324 100 24 -1.23872 100 42 0 0 0 0 0 0 0 0
55700 -224.62 -0.612417 100 21 0 0 0 0 0 0 0 0 0 -1.70285 100 31 -0.955542 100 37 0 0 0 0 0 0 0 0
55800 -226.903 0.0148771 100 21 0 0 0 0 0 0 0 0 0 -2.32843 100 30 -1.09343 100 38 0 0 0 0 0 0 0 0
55900 -229.122 -1.06669 100 15 0 0 0 0 0 0 0 0 0 -1.47539 100 29 -0.413431 100 40 0 0 0 0 0 0 0 0
56000 -224.197 -0.413641 100 17 0 0 0 0 0 0 0 0 0 -2.05023 100 27 -0.5214 100 31 0 0 0 0 0 0 0 0
56100 -225.958 -0.780207 100 18 0 0 0 0 0 0 0 0 0 -1.90042 100 18 -0.0805068 100 42 0 0 0 0 0 0 0 0
56200 -224.371 -0.0288097 100 21 0 0 0 0 0 0 0 0 0 -2.05591 100 28 -0.67392 100 49 0 0 0 0 0 0 0 0
56300 -224.436 -0.633417 100 13 0 0 0 0 0 0 0 0 0 -1.84208 100 27 -0.458181 100 35 0 0 0 0 0 0 0 0
56400 -225.657 -0.697253 100 13 0 0 0 0 0 0 0 0 0 -1.86911 100 22 -1.56135 100 41 0 0 0 0 0 0 0 0
56500 -225.565 -0.393326 100 20 0 0 0 0 0 0 0 0 0 -2.19746 100 22 -0.82486 100 38 0 0 0 0 0 0 0 0
56600 -224.647 -0.719598 100 13 0 0 0 0 0 0 0 0 0 -1.85818 100 21 -1.07648 100 39 0 0 0 0 0 0 0 0
56700 -223.97 -0.299191 100 23 0 0 0 0 0 0 0 0 0 -1.89666 100 38 -0.595944 100 37 0 0 0 0 0 0 0 0
56800 -225.708 -0.0809807 100 19 0 0 0 0 0 0 0 0 0 -1.98276 100 22 -1.50123 100 41 0 0 0 0 0 0 0 0
56900 -225.34 -0.0550855 100 21 0 0 0 0 0 0 0 0 0 -1.96247 100 24 -0.091591 100 42 0 0 0 0 0 0 0 0
57000 -224.611 0.0112961 100 16 0 0 0 0 0 0 0 0 0 -2.15583 100 24 -0.547816 100 37 0 0 0 0 0 0 0 0
57100 -227.398 -0.636276 100 28 0 0 0 0 0 0 0 0 0 -1.55154 100 30 -0.417095 100 37 0 0 0 0 0 0 0 0
57200 -225.804 0.225369 100 23 0 0 0 0 0 0 0 0 0 -2.04745 100 29 -0.763973 100 38 0 0 0 0 0 0 0 0
57300 -224.303 -0.133426 100 23 0 0 0 0 0 0 0 0 0 -2.0663 100 27 -0.285911 100 49 0 0 0 0 0 0 0 0
57400 -224.678 -0.581255 100 18 0 0 0 0 0 0 0 0 0 -1.72497 100 31 -1.18768 100 37 0 0 0 0 0 0 0 0
57500 -224.204 -0.0983107 100 13 0 0 0 0 0 0 0 0 0 -2.00514 100 19 -0.478397 100 35 0 0 0 0 0 0 0 0
57600 -226.304 -0.387798 100 15 0 0 0 0 0 0 0 0 0 -1.68916 100 30 -0.283338 100 42 0 0 0 0 0 0 0 0
57700 -225.731 -0.510549 100 11 0 0 0 0 0 0 0 0 0 -1.67137 100 22 -1.56455 100 47 0 0 0 0 0 0 0 0
57800 -226.213 -0.869686 100 15 0 0 0 0 0 0 0 0 0 -1.71384 100 21 -0.279702 100 37 0 0 0 0 0 0 0 0
57900 -230.905 0.658146 100 20 0 0 0 0 0 0 0 0 0 -2.72499 100 29 0.472632 100 35 0 0 0 0 0 0 0 0
58000 -224.161 -0.262325 100 24 0 0 0 0 0 0 0 0 0 -1.99535 100 26 -0.952207 100 36 0 0 0 0 0 0 0 0
58100 -226.458 -0.375989 100 20 0 0 0 0 0 0 0 0 0 -2.31048 100 20 -0.509059 100 40 0 0 0 0 0 0 0 0
58200 -224.851 -0.28347 100 21 0 0 0 0 0 0 0 0 0 -1.74832 100 31 -0.755356 100 33 0 0 0 0 0 0 0 0
58300 -226.983 -0.710522 100 19 0 0 0 0 0 0 0 0 0 -2.12383 100 23 0.111505 100 47 0 0 0 0 0 0 0 0
58400 -224.289 -0.249724 100 20 0 0 0 0 0 0 0 0 0 -2.09144 100 27 -0.748387 100 43 0 0 0 0 0 0 0 0
58500 -226.062 -1.09168 100 21 0 0 0 0 0 0 0 0 0 -1.72709 100 20 -1.07827 100 42 0 0 0 0 0 0 0 0
58600 -225.031 -0.72341 100 14 0 0 0 0 0 0 0 0 0 -1.89597 100 33 -1.21652 100 36 0 0 0 0 0 0 0 0
58700 -223.946 -0.506249 100 21 0 0 0 0 0 0 0 0 0 -1.88744 100 28 -0.695294 100 40 0 0 0 0 0 0 0 0
58800 -224.825 -0.707488 100 23 0 0 0 0 0 0 0 0 0 -1.98413 100 27 -0.751695 100 38 0 0 0 0 0 0 0 0
58900 -226.942 0.112354 100 18 0 0 0 0 0 0 0 0 0 -1.8861 100 29 -0.162798 100 49 0 0 0 0 0 0 0 0
59000 -227.322 -1.033 100 18 0 0 0 0 0 0 0 0 0 -1.74979 100 18 -1.80339 100 39 0 0 0 0 0 0 0 0
59100 -225.083 -0.612108 100 21 0 0 0 0 0 0 0 0 0 -1.67435 100 25 -0.626921 100 40 0 0 0 0 0 0 0 0
59200 -225.729 -0.677788 100 15 0 0 0 0 0 0 0 0 0 -2.11851 100 29 -0.328969 100 40 0 0 0 0 0 0 0 0
59300 -224.327 -0.143429 100 15 0 0 0 0 0 0 0 0 0 -2.13276 100 23 -0.482648 100 39 0 0 0 0 0 0 0 0
59400 -224.492 -0.510549 100 18 0 0 0 0 0 0 0 0 0 -1.77451 100 28 -1.19313 100 36 0 0 0 0 0 0 0 0
59500 -224.297 -0.32925 100 15 0 0 0 0 0 0 0 0 0 -1.83382 100 28 -1.06663 100 36 0 0 0 0 0 0 0 0
59600 -224.735 -0.283362 100 20 0 0 0 0 0 0 0 0 0 -1.81604 100 26 -0.405424 100 39 0 0 0 0 0 0 0 0
59700 -224.099 -0.570166 100 15 0 0 0 0 0 0 0 0 0 -1.92487 100 21 -0.693538 100 45 0 0 0 0 0 0 0 0
59800 -226.087 0.142724 100 19 0 0 0 0 0 0 0 0 0 -2.22275 100 26 0.169846 100 40 0 0 0 0 0 0 0 0
59900 -224.526 -0.181478 100 19 0 0 0 0 0 0 0 0 0 -1.92516 100 34 -0.295282 100 42 0 0 0 0 0 0 0 0
60000 -225.737 0.0170418 100 22 0 0 0 0 0 0 0 0 0 -2.25919 100 27 -0.903863 100 44 0 0 0 0 0 0 0 0
60100 -225.745 -0.950369 100 25 0 0 0 0 0 0 0 0 0 -1.86156 100 21 -0.399429 100 36 0 0 0 0 0 0 0 0
60200 -231.115 0.195485 100 17 0 0 0 0 0 0 0 0 0 -2.75529 100 25 -0.0298389 100 39 0 0 0 0 0 0 0 0
60300 -225.256 -0.147427 100 17 0 0 0 0 0 0 0 0 0 -2.26892 100 30 -0.415263 100 45 0 0 0 0 0 0 0 0
60400 -225.652 -0.777736 100 26 0 0 0 0 0 0 0 0 0 -1.95365 100 33 -0.164752 100 46 0 0 0 0 0 0 0 0
60500 -226.003 -0.225006 100 24 0 0 0 0 0 0 0 0 0 -1.91063 100 29 0.0754987 100 41 0 0 0 0 0 0 0 0
60600 -226.697 -0.787042 100 19 0 0 0 0 0 0 0 0 0 -1.93333 100 26 -1.66824 100 27 0 0 0 0 0 0 0 0
60700 -227.313 -0.447259 100 15 0 0 0 0 0 0 0 0 0 -1.51795 100 26 -1.25323 100 30 0 0 0 0 0 0 0 0
60800 -224.36 -0.46293 100 17 0 0 0 0 0 0 0 0 0 -1.98534 100 30 -0.281447 100 44 0 0 0 0 0 0 0 0
60900 -224.589 0.0104216 100 15 0 0 0 0 0 0 0 0 0 -1.99413 100 16 -0.590786 100 30 0 0 0 0 0 0 0 0
61000 -224.274 -0.24563 100 20 0 0 0 0 0 0 0 0 0 -2.08421 100 26 -0.77228 100 31 0 0 0 0 0 0 0 0
61100 -225.151 -0.409529 100 27 0 0 0 0 0 0 0 0 0 -1.69723 100 34 -0.606205 100 37 0 0 0 0 0 0 0 0
61200 -224.117 -0.257454 100 17 0 0 0 0 0 0 0 0 0 -1.86519 100 27 -0.741559 100 41 0 0 0 0 0 0 0 0
61300 -226.671 0.191277 100 23 0 0 0 0 0 0 0 0 0 -2.37433 100 32 0.204936 100 49 0 0 0 0 0 0 0 0
61400 -224.632 -0.0666061 100 18 0 0 0 0 0 0 0 0 0 -2.1673 100 28 -0.239069 100 33 0 0 0 0 0 0 0 0
61500 -227.637 -0.198394 100 15 0 0 0 0 0 0 0 0 0 -1.72291 100 28 -1.97684 100 42 0 0 0 0 0 0 0 0
61600 -225.622 -0.207853 100 18 0 0 0 0 0 0 0 0 0 -2.15732 100 26 -1.21419 100 40 0 0 0 0 0 0 0 0
61700 -224.392 -0.410562 100 23 0 0 0 0 0 0 0 0 0 -1.84157 100 36 -1.20313 100 51 0 0 0 0 0 0 0 0
61800 -226.757 -0.311649 100 23 0 0 0 0 0 0 0 0 0 -1.66672 100 26 -0.331052 100 52 0 0 0 0 0 0 0 0
61900 -226.772 -1.02232 100 21 0 0 0 0 0 0 0 0 0 -2.01087 100 32 -0.493144 100 41 0 0 0 0 0 0 0 0
62000 -225.807 -0.597659 100 24 0 0 0 0 0 0 0 0 0 -1.67659 100 22 -1.64099 100 37 0 0 0 0 0 0 0 0
62100 -224.163 -0.414885 100 24 0 0 0 0 0 0 0 0 0 -1.93521 100 31 -1.03698 100 39 0 0 0 0 0 0 0 0
62200 -224.311 -0.173517 100 19 0 0 0 0 0 0 0 0 0 -1.93942 100 24 -0.993306 100 40 0 0 0 0 0 0 0 0
62300 -224.211 -0.161664 100 25 0 0 0 0 0 0 0 0 0 -2.03437 100 33 -0.851034 100 42 0 0 0 0 0 0 0 0
62400 -224.471 -0.737028 100 17 0 0 0 0 0 0 0 0 0 -1.79127 100 26 -0.866269 100 42 0 0 0 0 0 0 0 0
62500 -225.161 -0.104621 100 25 0 0 0 0 0 0 0 0 0 -1.83232 100 21 -1.09879 100 33 0 0 0 0 0 0 0 0
62600 -227.697 -1.16887 100 12 0 0 0 0 0 0 0 0 0 -1.4951 100 24 -0.902719 100 43 0 0 0 0 0 0 0 0
62700 -223.967 -0.503213 100 19 0 0 0 0 0 0 0 0 0 -1.87021 100 29 -0.829189 100 44 0 0 0 0 0 0 0 0
62800 -225.256 -0.642668 100 19 0 0 0 0 0 0 0 0 0 -2.09231 100 24 -0.486668 100 30 0 0 0 0 0 0 0 0
62900 -224.384 -0.279726 100 10 0 0 0 0 0 0 0 0 0 -2.04496 100 28 -0.199853 100 42 0 0 0 0 0 0 0 0
63000 -224.864 -0.271533 100 28 0 0 0 0 0 0 0 0 0 -1.96481 100 28 -0.0773257 100 31 0 0 0 0 0 0 0 0
63100 -226.254 0.232888 100 16 0 0 0 0 0 0 0 0 0 -1.99945 100 21 -0.893147 100 41 0 0 0 0 0 0 0 0
63200 -225.262 -0.466126 100 15 0 0 0 0 0 0 0 0 0 -1.82368 100 29 -0.154496 100 36 0 0 0 0 0 0 0 0
63300 -224.233 -0.115836 100 15 0 0 0 0 0 0 0 0 0 -1.94524 100 28 -0.639593 100 36 0 0 0 0 0 0 0 0
63400 -228.624 0.199028 100 24 0 0 0 0 0 0 0 0 0 -2.08064 100 21 -1.9308 100 43 0 0 0 0 0 0 0 0
63500 -225.881 -0.825871 100 15 0 0 0 0 0 0 0 0 0 -1.99453 100 34 -1.07721 100 38 0 0 0 0 0 0 0 0
63600 -225.446 -0.876386 100 15 0 0 0 0 0 0 0 0 0 -1.64295 100 20 -0.817079 100 30 0 0 0 0 0 0 0 0
63700 -226.752 0.327941 100 21 0 0 0 0 0 0 0 0 0 -2.32878 100 21 0.140962 100 39 0 0 0 0 0 0 0 0
63800 -224.742 -0.18622 100 17 0 0 0 0 0 0 0 0 0 -1.85945 100 30 -0.383852 100 41 0 0 0 0 0 0 0 0
63900 -227.691 -1.06904 100 18 0 0 0 0 0 0 0 0 0 -1.47155 100 28 -0.874257 100 38 0 0 0 0 0 0 0 0
64000 -224.174 -0.460394 100 22 0 0 0 0 0 0 0 0 0 -1.96751 100 19 -0.937188 100 41 0 0 0 0 0 0 0 0
64100 -226.926 0.0535277 100 19 0 0 0 0 0 0 0 0 0 -2.45665 100 34 -0.216616 100 40 0 0 0 0 0 0 0 0
64200 -224.839 -0.578267 100 18 0 0 0 0 0 0 0 0 0 -2.06272 100 31 -0.737855 100 36 0 0 0 0 0 0 0 0
64300 -226.949 -0.45005 100 21 0 0 0 0 0 0 0 0 0 -1.53739 100 29 -0.92033 100 48 0 0 0 0 0 0 0 0
64400 -227.601 -0.381178 100 18 0 0 0 0 0 0 0 0 0 -2.3326 100 25 -0.960937 100 43 0 0 0 0 0 0 0 0
64500 -224.415 -0.589325 100 22 0 0 0 0 0 0 0 0 0 -1.73626 100 29 -0.821097 100 31 0 0 0 0 0 0 0 0
64600 -224.974 -0.429715 100 28 0 0 0 0 0 0 0 0 0 -2.14981 100 33 -0.64654 100 45 0 0 0 0 0 0 0 0
64700 -225.583 -0.346991 100 15 0 0 0 0 0 0 0 0 0 -1.66601 100 27 -1.1861 100 29 0 0 0 0 0 0 0 0
64800 -226.675 -0.7642 100 19 0 0 0 0 0 0 0 0 0 -1.66994 100 25 -0.214452 100 36 0 0 0 0 0 0 0 0
64900 -228.141 -0.251819 100 18 0 0 0 0 0 0 0 0 0 -1.9299 100 33 -2.32852 100 41 0 0 0 0 0 0 0 0
65000 -224.251 -0.348007 100 27 0 0 0 0 0 0 0 0 0 -1.81812 100 24 -0.593491 100 44 0 0 0 0 0 0 0 0
65100 -225.432 -0.184978 100 15 0 0 0 0 0 0 0 0 0 -2.2787 100 28 -0.218167 100 43 0 0 0 0 0 0 0 0
65200 -225.192 -0.760736 100 17 0 0 0 0 0 0 0 0 0 -1.96139 100 22 -1.0111 100 39 0 0 0 0 0 0 0 0
65300 -224.527 -0.581009 100 21 0 0 0 0 0 0 0 0 0 -1.77401 100 32 -1.19999 100 39 0 0 0 0 0 0 0 0
65400 -225.099 -0.635891 100 25 0 0 0 0 0 0 0 0 0 -2.04707 100 26 -0.277838 100 38 0 0 0 0 0 0 0 0
65500 -226.741 0.078749 100 25 0 0 0 0 0 0 0 0 0 -1.91687 100 24 -0.0468197 100 35 0 0 0 0 0 0 0 0
65600 -224.608 -0.330929 100 22 0 0 0 0 0 0 0 0 0 -1.87252 100 23 -0.266751 100 36 0 0 0 0 0 0 0 0
65700 -225.604 -0.23346 100 19 0 0 0 0 0 0 0 0 0 -2.04202 100 19 -1.49268 100 37 0 0 0 0 0 0 0 0
65800 -223.965 -0.233452 100 17 0 0 0 0 0 0 0 0 0 -2.01908 100 25 -0.67002 100 45 0 0 0 0 0 0 0 0
65900 -224.111 -0.13092 100 20 0 0 0 0 0 0 0 0 0 -2.05597 100 33 -0.585535 100 27 0 0 0 0 0 0 0 0
66000 -225.779 -0.418438 100 17 0 0 0 0 0 0 0 0 0 -2.23537 100 27 -0.165694 100 36 0 0 0 0 0 0 0 0
66100 -227.996 0.246455 100 17 0 0 0 0 0 0 0 0 0 -2.53802 100 29 0.226634 100 31 0 0 0 0 0 0 0 0
66200 -223.883 -0.412706 100 24 0 0 0 0 0 0 0 0 0 -1.93679 100 27 -0.745126 100 39 0 0 0 0 0 0 0 0
66300 -228.917 -0.396405 100 21 0 0 0 0 0 0 0 0 0 -2.15621 100 24 0.600885 100 39 0 0 0 0 0 0 0 0
66400 -226.429 0.00199329 100 25 0 0 0 0 0 0 0 0 0 -2.27624 100 25 0.293506 100 28 0 0 0 0 0 0 0 0
66500 -227.626 -0.445308 100 21 0 0 0 0 0 0 0 0 0 -2.16602 100 27 -1.65391 100 41 0 0 0 0 0 0 0 0
66600 -224.106 -0.367311 100 16 0 0 0 0 0 0 0 0 0 -1.86605 100 18 -1.01421 100 31 0 0 0 0 0 0 0 0
66700 -223.869 -0.390288 100 15 0 0 0 0 0 0 0 0 0 -1.94737 100 23 -0.619639 100 42 0 0 0 0 0 0 0 0
66800 -224.614 -0.687217 100 11 0 0 0 0 0 0 0 0 0 -1.78968 100 29 -0.50909 100 39 0 0 0 0 0 0 0 0
66900 -224.526 -0.399378 100 23 0 0 0 0 0 0 0 0 0 -2.07015 100 25 -0.87973 100 36 0 0 0 0 0 0 0 0
67000 -224.259 -0.155784 100 20 0 0 0 0 0 0 0 0 0 -1.90525 100 27 -0.62371 100 37 0 0 0 0 0 0 0 0
67100 -224.18 -0.567131 100 21 0 0 0 0 0 0 0 0 0 -1.80831 100 27 -0.971018 100 34 0 0 0 0 0 0 0 0
67200 -225.181 0.0942212 100 15 0 0 0 0 0 0 0 0 0 -2.20657 100 33 -0.721623 100 42 0 0 0 0 0 0 0 0
67300 -226.145 -0.294201 100 23 0 0 0 0 0 0 0 0 0 -2.29777 100 22 -0.646329 100 38 0 0 0 0 0 0 0 0
67400 -224.032 -0.179691 100 16 0 0 0 0 0 0 0 0 0 -2.01334 100 20 -0.476646 100 40 0 0 0 0 0 0 0 0
67500 -226.302 -0.103519 100 19 0 0 0 0 0 0 0 0 0 -1.91117 100 21 -1.71364 100 32 0 0 0 0 0 0 0 0
67600 -229.638 -0.499419 100 22 0 0 0 0 0 0 0 0 0 -1.42179 100 26 -1.75087 100 42 0 0 0 0 0 0 0 0
67700 -224.537 -0.0685002 100 18 0 0 0 0 0 0 0 0 0 -2.12256 100 24 -0.225049 100 41 0 0 0 0 0 0 0 0
67800 -224.356 -0.17374 100 16 0 0 0 0 0 0 0 0 0 -1.87824 100 37 -0.876797 100 41 0 0 0 0 0 0 0 0
67900 -227.063 -0.228549 100 22 0 0 0 0 0 0 0 0 0 -2.29398 100 28 0.351834 100 35 0 0 0 0 0 0 0 0
68000 -226.794 -0.682574 100 29 0 0 0 0 0 0 0 0 0 -1.60985 100 22 -1.85532 100 45 0 0 0 0 0 0 0 0
68100 -224.616 -0.299889 100 18 0 0 0 0 0 0 0 0 0 -1.78801 100 21 -0.568839 100 39 0 0 0 0 0 0 0 0
68200 -224.063 -0.231545 100 21 0 0 0 0 0 0 0 0 0 -1.90717 100 24 -0.581521 100 34 0 0 0 0 0 0 0 0
68300 -225.586 -0.0884871 100 19 0 0 0 0 0 0 0 0 0 -2.27508 100 22 0.0230945 100 41 0 0 0 0 0 0 0 0
68400 -226.375 -1.02726 100 19 0 0 0 0 0 0 0 0 0 -1.56919 100 23 -1.09259 100 39 0 0 0 0 0 0 0 0
68500 -226.866 -0.84808 100 23 0 0 0 0 0 0 0 0 0 -1.49685 100 21 -0.930029 100 37 0 0 0 0 0 0 0 0
68600 -225.52 -0.695715 100 17 0 0 0 0 0 0 0 0 0 -1.6021 100 26 -0.868246 100 33 0 0 0 0 0 0 0 0
68700 -225.212 -0.414482 100 23 0 0 0 0 0 0 0 0 0 -1.75223 100 15 -1.47665 100 41 0 0 0 0 0 0 0 0
68800 -227.254 0.112785 100 20 0 0 0 0 0 0 0 0 0 -1.78873 100 25 -0.934511 100 32 0 0 0 0 0 0 0 0
68900 -224.342 -0.172807 100 18 0 0 0 0 0 0 0 0 0 -1.87186 100 32 -0.731392 100 39 0 0 0 0 0 0 0 0
69000 -225.88 0.0975184 100 19 0 0 0 0 0 0 0 0 0 -1.94112 100 26 -0.255123 100 40 0 0 0 0 0 0 0 0
69100 -226.416 -0.911929 100 13 0 0 0 0 0 0 0 0 0 -1.65874 100 31 -0.374221 100 40 0 0 0 0 0 0 0 0
69200 -224.445 -0.296753 100 13 0 0 0 0 0 0 0 0 0 -1.79189 100 27 -0.911549 100 36 0 0 0 0 0 0 0 0
69300 -225.334 -0.878057 100 18 0 0 0 0 0 0 0 0 0 -1.66687 100 21 -0.771571 100 40 0 0 0 0 0 0 0 0
69400 -224.665 -0.117804 100 14 0 0 0 0 0 0 0 0 0 -1.98411 100 32 -1.12356 100 36 0 0 0 0 0 0 0 0
69500 -225.456 -0.574538 100 24 0 0 0 0 0 0 0 0 0 -1.72891 100 30 -0.305507 100 34 0 0 0 0 0 0 0 0
69600 -225.112 -0.000865865 100 17 0 0 0 0 0 0 0 0 0 -1.89771 100 24 -0.897201 100 42 0 0 0 0 0 0 0 0
69700 -224.719 -0.108461 100 19 0 0 0 0 0 0 0 0 0 -2.15306 100 27 -0.816298 100 40 0 0 0 0 0 0 0 0
69800 -226.125 -0.208671 100 28 0 0 0 0 0 0 0 0 0 -2.31535 100 27 -0.657839 100 36 0 0 0 0 0 0 0 0
69900 -224.938 -0.856818 100 17 0 0 0 0 0 0 0 0 0 -1.73326 100 36 -0.880587 100 42 0 0 0 0 0 0 0 0
70000 -224.646 0.0189462 100 25 0 0 0 0 0 0 0 0 0 -2.16699 100 30 -0.400839 100 30 0 0 0 0 0 0 0 0
70100 -225.886 -0.144894 100 24 0 0 0 0 0 0 0 0 0 -2.07648 100 22 -1.50577 100 36 0 0 0 0 0 0 0 0
70200 -225.563 -0.535646 100 23 0 0 0 0 0 0 0 0 0 -2.15158 100 18 -0.79783 100 38 0 0 0 0 0 0 0 0
70300 -225.27 -0.0808909 100 20 0 0 0 0 0 0 0 0 0 -2.27635 100 27 -0.462983 100 36 0 0 0 0 0 0 0 0
70400 -226.608 -0.394183 100 23 0 0 0 0 0 0 0 0 0 -1.62278 100 29 -0.470455 100 45 0 0 0 0 0 0 0 0
70500 -227.943 0.0452308 100 13 0 0 0 0 0 0 0 0 0 -2.45543 100 28 0.42599 100 40 0 0 0 0 0 0 0 0
70600 -226.386 -0.249319 100 28 0 0 0 0 0 0 0 0 0 -1.73408 100 30 -1.68616 100 34 0 0 0 0 0 0 0 0
70700 -224.973 -0.277151 100 16 0 0 0 0 0 0 0 0 0 -2.16867 100 12 -0.101324 100 36 0 0 0 0 0 0 0 0
70800 -224.46 -0.114204 100 14 0 0 0 0 0 0 0 0 0 -1.91398 100 25 -0.905252 100 35 0 0 0 0 0 0 0 0
70900 -224.276 -0.173066 100 16 0 0 0 0 0 0 0 0 0 -2.07219 100 33 -0.282114 100 30 0 0 0 0 0 0 0 0
71000 -224.007 -0.419749 100 24 0 0 0 0 0 0 0 0 0 -1.99965 100 28 -0.656272 100 37 0 0 0 0 0 0 0 0
71100 -224.532 -0.309109 100 12 0 0 0 0 0 0 0 0 0 -1.83047 100 28 -1.19058 100 38 0 0 0 0 0 0 0 0
71200 -225.715 0.271146 100 20 0 0 0 0 0 0 0 0 0 -2.15447 100 31 -0.554765 100 43 0 0 0 0 0 0 0 0
71300 -224.559 -0.750889 100 15 0 0 0 0 0 0 0 0 0 -1.76801 100 20 -0.923521 100 35 0 0 0 0 0 0 0 0
71400 -224.155 -0.224013 100 23 0 0 0 0 0 0 0 0 0 -2.06824 100 27 -0.732065 100 43 0 0 0 0 0 0 0 0
71500 -224.379 -0.571821 100 19 0 0 0 0 0 0 0 0 0 -1.96662 100 23 -0.403153 100 48 0 0 0 0 0 0 0 0
71600 -224.195 -0.173941 100 19 0 0 0 0 0 0 0 0 0 -2.09299 100 25 -0.633644 100 37 0 0 0 0 0 0 0 0
71700 -225.179 -0.925953 100 26 0 0 0 0 0 0 0 0 0 -1.75106 100 19 -0.784497 100 38 0 0 0 0 0 0 0 0
71800 -228.627 0.378336 100 10 0 0 0 0 0 0 0 0 0 -2.59757 100 26 0.195188 100 41 0 0 0 0 0 0 0 0
71900 -223.991 -0.248906 100 21 0 0 0 0 0 0 0 0 0 -2.03653 100 26 -0.642793 100 39 0 0 0 0 0 0 0 0
72000 -226.294 -1.04924 100 23 0 0 0 0 0 0 0 0 0 -1.80089 100 21 -0.38816 100 28 0 0 0 0 0 0 0 0
72100 -225.769 0.138502 100 20 0 0 0 0 0 0 0 0 0 -2.33853 100 29 -0.31616 100 45 0 0 0 0 0 0 0 0
72200 -224.911 -0.408709 100 14 0 0 0 0 0 0 0 0 0 -2.14026 100 24 -0.226506 100 36 0 0 0 0 0 0 0 0
72300 -224.696 -0.293787 100 17 0 0 0 0 0 0 0 0 0 -1.77778 100 21 -1.09519 100 37 0 0 0 0 0 0 0 0
72400 -227.678 -1.19026 100 22 0 0 0 0 0 0 0 0 0 -1.7086 100 24 -0.293904 100 40 0 0 0 0 0 0 0 0
72500 -224.099 -0.370422 100 19 0 0 0 0 0 0 0 0 0 -1.89176 100 27 -1.02743 100 48 0 0 0 0 0 0 0 0
72600 -224.95 0.0489543 100 21 0 0 0 0 0 0 0 0 0 -2.16468 100 23 -0.14587 100 41 0 0 0 0 0 0 0 0
72700 -225.473 0.060854 100 22 0 0 0 0 0 0 0 0 0 -2.30721 100 20 -0.227915 100 40 0 0 0 0 0 0 0 0
72800 -225.076 -0.714172 100 23 0 0 0 0 0 0 0 0 0 -1.74757 100 31 -1.37717 100 32 0 0 0 0 0 0 0 0
72900 -224.211 -0.118373 100 21 0 0 0 0 0 0 0 0 0 -1.9618 100 23 -0.534107 100 36 0 0 0 0 0 0 0 0
73000 -224.506 -0.021583 100 19 0 0 0 0 0 0 0 0 0 -1.9861 100 22 -0.747238 100 36 0 0 0 0 0 0 0 0
73100 -224.213 -0.176849 100 18 0 0 0 0 0 0 0 0 0 -2.07336 100 24 -0.329907 100 43 0 0 0 0 0 0 0 0
73200 -225.411 -0.472493 100 23 0 0 0 0 0 0 0 0 0 -2.00634 100 32 0.0378291 100 37 0 0 0 0 0 0 0 0
73300 -225.261 -0.391308 100 12 0 0 0 0 0 0 0 0 0 -1.91593 100 25 -1.54945 100 31 0 0 0 0 0 0 0 0
73400 -224.768 -0.697901 100 19 0 0 0 0 0 0 0 0 0 -1.98753 100 34 -0.584673 100 47 0 0 0 0 0 0 0 0
73500 -227.159 -1.10407 100 19 0 0 0 0 0 0 0 0 0 -1.98444 100 26 -0.800158 100 40 0 0 0 0 0 0 0 0
73600 -225.378 -0.462604 100 13 0 0 0 0 0 0 0 0 0 -1.6532 100 25 -1.22836 100 36 0 0 0 0 0 0 0 0
73700 -226.409 -1.06063 100 20 0 0 0 0 0 0 0 0 0 -1.79483 100 28 -0.3712 100 40 0 0 0 0 0 0 0 0
73800 -227.167 -0.746038 100 21 0 0 0 0 0 0 0 0 0 -2.07824 100 32 -1.4261 100 39 0 0 0 0 0 0 0 0
73900 -225.237 0.140962 100 21 0 0 0 0 0 0 0 0 0 -2.02563 100 29 -0.471835 100 42 0 0 0 0 0 0 0 0
74000 -224.431 -0.332227 100 22 0 0 0 0 0 0 0 0 0 -1.96111 100 33 -1.16788 100 36 0 0 0 0 0 0 0 0
74100 -226.081 -0.879305 100 18 0 0 0 0 0 0 0 0 0 -1.69804 100 25 -1.60179 100 35 0 0 0 0 0 0 0 0
74200 -224.22 -0.522483 100 24 0 0 0 0 0 0 0 0 0 -1.98274 100 18 -0.797457 100 28 0 0 0 0 0 0 0 0
74300 -226.309 -0.31547 100 23 0 0 0 0 0 0 0 0 0 -2.1831 100 21 -1.30422 100 30 0 0 0 0 0 0 0 0
74400 -228.006 0.513566 100 16 0 0 0 0 0 0 0 0 0 -2.28916 100 24 -0.86194 100 33 0 0 0 0 0 0 0 0
74500 -223.874 -0.41051 100 23 0 0 0 0 0 0 0 0 0 -1.94343 100 24 -0.663266 100 34 0 0 0 0 0 0 0 0
74600 -229.61 0.719086 100 18 0 0 0 0 0 0 0 0 0 -2.30791 100 27 -0.392207 100 39 0 0 0 0 0 0 0 0
74700 -224.542 -0.18274 100 19 0 0 0 0 0 0 0 0 0 -1.93471 100 20 -1.14631 100 31 0 0 0 0 0 0 0 0
74800 -227.205 0.471541 100 16 0 0 0 0 0 0 0 0 0 -2.24641 100 26 -0.594069 100 34 0 0 0 0 0 0 0 0
74900 -224.908 -0.285806 100 25 0 0 0 0 0 0 0 0 0 -2.19818 100 31 -0.34273 100 35 0 0 0 0 0 0 0 0
75000 -224.401 -0.363033 100 26 0 0 0 0 0 0 0 0 0 -1.78068 100 27 -0.999817 100 41 0 0 0 0 0 0 0 0
75100 -224.521 -0.196651 100 27 0 0 0 0 0 0 0 0 0 -1.82804 100 34 -0.790033 100 37 0 0 0 0 0 0 0 0
75200 -224.481 -0.511733 100 19 0 0 0 0 0 0 0 0 0 -1.87106 100 25 -0.312614 100 35 0 0 0 0 0 0 0 0
75300 -224.846 -0.775168 100 25 0 0 0 0 0 0 0 0 0 -1.87561 100 27 -0.457984 100 39 0 0 0 0 0 0 0 0
75400 -224.086 -0.401617 100 20 0 0 0 0 0 0 0 0 0 -1.84954 100 32 -0.992019 100 42 0 0 0 0 0 0 0 0
75500 -227.652 -0.162309 100 23 0 0 0 0 0 0 0 0 0 -2.32103 100 28 -1.29938 100 32 0 0 0 0 0 0 0 0
75600 -226.384 0.00663105 100 17 0 0 0 0 0 0 0 0 0 -1.92062 100 30 -1.56538 100 33 0 0 0 0 0 0 0 0
75700 -225.255 -0.0830118 100 19 0 0 0 0 0 0 0 0 0 -1.93876 100 31 -0.13126 100 44 0 0 0 0 0 0 0 0
75800 -225.268 0.0152317 100 24 0 0 0 0 0 0 0 0 0 -2.23998 100 29 -0.73326 100 35 0 0 0 0 0 0 0 0
75900 -224.752 -0.342831 100 15 0 0 0 0 0 0 0 0 0 -2.1076 100 20 -0.133411 100 33 0 0 0 0 0 0 0 0
76000 -225.059 -0.43326 100 18 0 0 0 0 0 0 0 0 0 -1.77051 100 32 -1.4552 100 36 0 0 0 0 0 0 0 0
76100 -223.864 -0.34453 100 19 0 0 0 0 0 0 0 0 0 -1.92501 100 24 -0.626397 100 29 0 0 0 0 0 0 0 0
76200 -226.994 0.232645 100 16 0 0 0 0 0 0 0 0 0 -2.0077 100 24 -1.30258 100 44 0 0 0 0 0 0 0 0
76300 -224.193 -0.620249 100 11 0 0 0 0 0 0 0 0 0 -1.8207 100 31 -0.900418 100 38 0 0 0 0 0 0 0 0
76400 -226.917 -0.967377 100 22 0 0 0 0 0 0 0 0 0 -2.05093 100 23 -0.301529 100 32 0 0 0 0 0 0 0 0
76500 -227.465 -0.868328 100 21 0 0 0 0 0 0 0 0 0 -2.17692 100 24 -0.367265 100 44 0 0 0 0 0 0 0 0
76600 -226.271 -1.13792 100 25 0 0 0 0 0 0 0 0 0 -1.73034 100 21 -0.74685 100 32 0 0 0 0 0 0 0 0
76700 -224.297 -0.189401 100 17 0 0 0 0 0 0 0 0 0 -1.86928 100 29 -0.74996 100 30 0 0 0 0 0 0 0 0
76800 -229.447 -0.715751 100 22 0 0 0 0 0 0 0 0 0 -1.36117 100 20 -1.35821 100 39 0 0 0 0 0 0 0 0
76900 -224.545 -0.469546 100 13 0 0 0 0 0 0 0 0 0 -1.88798 100 34 -0.255241 100 38 0 0 0 0 0 0 0 0
77000 -225.439 0.0423146 100 24 0 0 0 0 0 0 0 0 0 -2.15302 100 26 -1.07408 100 45 0 0 0 0 0 0 0 0
77100 -225.313 -0.61815 100 16 0 0 0 0 0 0 0 0 0 -2.10422 100 27 -0.340976 100 43 0 0 0 0 0 0 0 0
77200 -225.311 -0.240583 100 21 0 0 0 0 0 0 0 0 0 -2.04907 100 16 -1.3791 100 35 0 0 0 0 0 0 0 0
77300 -225.598 -0.504795 100 14 0 0 0 0 0 0 0 0 0 -1.72821 100 22 -0.277849 100 37 0 0 0 0 0 0 0 0
77400 -224.395 -0.610073 100 12 0 0 0 0 0 0 0 0 0 -1.76654 100 23 -1.05848 100 37 0 0 0 0 0 0 0 0
77500 -224.571 -0.000959488 100 16 0 0 0 0 0 0 0 0 0 -2.09052 100 23 -0.764974 100 36 0 0 0 0 0 0 0 0
77600 -224.907 -0.112488 100 13 0 0 0 0 0 0 0 0 0 -2.20772 100 29 -0.674615 100 35 0 0 0 0 0 0 0 0
77700 -229.952 -0.845406 100 19 0 0 0 0 0 0 0 0 0 -1.4353 100 32 -2.29443 100 38 0 0 0 0 0 0 0 0
77800 -224.271 -0.669659 100 25 0 0 0 0 0 0 0 0 0 -1.81381 100 31 -0.781673 100 46 0 0 0 0 0 0 0 0
77900 -225.557 -0.378069 100 19 0 0 0 0 0 0 0 0 0 -2.21364 100 25 -0.738276 100 35 0 0 0 0 0 0 0 0
78000 -224.839 0.0498635 100 15 0 0 0 0 0 0 0 0 0 -2.00971 100 27 -0.813869 100 33 0 0 0 0 0 0 0 0
78100 -228.406 -1.27247 100 27 0 0 0 0 0 0 0 0 0 -1.68227 100 31 -1.7609 100 33 0 0 0 0 0 0 0 0
78200 -224.435 -0.254761 100 19 0 0 0 0 0 0 0 0 0 -2.07567 100 29 -0.190275 100 36 0 0 0 0 0 0 0 0
78300 -224.576 -0.675061 100 22 0 0 0 0 0 0 0 0 0 -1.73129 100 23 -0.720552 100 40 0 0 0 0 0 0 0 0
78400 -225.017 -0.345494 100 24 0 0 0 0 0 0 0 0 0 -2.02647 100 24 -1.29859 100 40 0 0 0 0 0 0 0 0
78500 -224.856 0.0244447 100 16 0 0 0 0 0 0 0 0 0 -2.05371 100 27 -0.211017 100 45 0 0 0 0 0 0 0 0
78600 -225.147 -0.746625 100 22 0 0 0 0 0 0 0 0 0 -1.7675 100 30 -1.3821 100 38 0 0 0 0 0 0 0 0
78700 -224.792 -0.54869 100 18 0 0 0 0 0 0 0 0 0 -1.77899 100 26 -0.377987 100 36 0 0 0 0 0 0 0 0
78800 -227.419 -0.958077 100 26 0 0 0 0 0 0 0 0 0 -1.56031 100 19 -0.431894 100 33 0 0 0 0 0 0 0 0
78900 -224.525 -0.361961 100 27 0 0 0 0 0 0 0 0 0 -2.10928 100 33 -0.717683 100 47 0 0 0 0 0 0 0 0
79000 -225.253 -0.0983063 100 21 0 0 0 0 0 0 0 0 0 -1.81431 100 35 -1.03116 100 38 0 0 0 0 0 0 0 0
79100 -227.439 -0.289153 100 21 0 0 0 0 0 0 0 0 0 -2.0889 100 32 -1.92552 100 35 0 0 0 0 0 0 0 0
79200 -224.009 -0.298241 100 15 0 0 0 0 0 0 0 0 0 -1.92109 100 25 -0.914861 100 40 0 0 0 0 0 0 0 0
79300 -224.343 -0.062049 100 9 0 0 0 0 0 0 0 0 0 -2.0695 100 25 -0.357434 100 36 0 0 0 0 0 0 0 0
79400 -224.387 -0.596871 100 21 0 0 0 0 0 0 0 0 0 -1.82219 100 29 -1.13167 100 36 0 0 0 0 0 0 0 0
79500 -224.131 -0.380713 100 20 0 0 0 0 0 0 0 0 0 -1.861 100 30 -0.485374 100 49 0 0 0 0 0 0 0 0
79600 -224.809 -0.155756 100 18 0 0 0 0 0 0 0 0 0 -2.03104 100 30 -1.18841 100 43 0 0 0 0 0 0 0 0
79700 -224.031 -0.308739 100 27 0 0 0 0 0 0 0 0 0 -1.99119 100 22 -0.390062 100 42 0 0 0 0 0 0 0 0
79800 -226.362 0.234426 100 17 0 0 0 0 0 0 0 0 0 -2.1518 100 20 0.0874464 100 43 0 0 0 0 0 0 0 0
79900 -225.446 -0.949817 100 29 0 0 0 0 0 0 0 0 0 -1.74603 100 15 -0.610641 100 37 0 0 0 0 0 0 0 0
80000 -225.185 -0.486527 100 23 0 0 0 0 0 0 0 0 0 -1.97917 100 25 -1.3863 100 43 0 0 0 0 0 0 0 0
80100 -225.204 0.100596 100 13 0 0 0 0 0 0 0 0 0 -2.00824 100 28 -0.882622 100 45 0 0 0 0 0 0 0 0
80200 -226.783 -0.0133866 100 16 0 0 0 0 0 0 0 0 0 -2.38872 100 33 -0.728939 100 48 0 0 0 0 0 0 0 0
80300 -225.477 -0.995597 100 22 0 0 0 0 0 0 0 0 0 -1.77566 100 28 -0.795482 100 38 0 0 0 0 0 0 0 0
80400 -224.037 -0.441794 100 21 0 0 0 0 0 0 0 0 0 -1.82881 100 29 -0.672029 100 35 0 0 0 0 0 0 0 0
80500 -225.001 -0.143027 100 15 0 0 0 0 0 0 0 0 0 -1.81805 100 34 -1.05465 100 35 0 0 0 0 0 0 0 0
80600 -224.51 -0.640893 100 21 0 0 0 0 0 0 0 0 0 -1.85952 100 22 -0.410888 100 34 0 0 0 0 0 0 0 0
80700 -224.269 -0.575528 100 23 0 0 0 0 0 0 0 0 0 -1.97327 100 33 -0.573187 100 40 0 0 0 0 0 0 0 0
80800 -223.983 -0.449933 100 21 0 0 0 0 0 0 0 0 0 -1.95603 100 26 -0.518061 100 36 0 0 0 0 0 0 0 0
80900 -232.079 -1.34374 100 26 0 0 0 0 0 0 0 0 0 -1.33269 100 27 -2.18353 100 46 0 0 0 0 0 0 0 0
81000 -224.537 -0.568549 100 12 0 0 0 0 0 0 0 0 0 -2.02409 100 22 -0.744146 100 40 0 0 0 0 0 0 0 0
81100 -225.548 0.190064 100 18 0 0 0 0 0 0 0 0 0 -2.23931 100 33 -0.657871 100 37 0 0 0 0 0 0 0 0
81200 -226.42 -0.580426 100 27 0 0 0 0 0 0 0 0 0 -2.09855 100 30 -1.36151 100 42 0 0 0 0 0 0 0 0
81300 -225.825 0.120315 100 20 0 0 0 0 0 0 0 0 0 -2.3449 100 24 -0.381554 100 39 0 0 0 0 0 0 0 0
81400 -224.876 -0.152369 100 25 0 0 0 0 0 0 0 0 0 -2.04195 100 18 -1.19913 100 42 0 0 0 0 0 0 0 0
81500 -224.621 -0.445968 100 19 0 0 0 0 0 0 0 0 0 -1.9411 100 23 -0.177146 100 47 0 0 0 0 0 0 0 0
81600 -224.318 -0.492687 100 27 0 0 0 0 0 0 0 0 0 -2.02804 100 22 -0.446152 100 37 0 0 0 0 0 0 0 0
81700 -227.457 0.162391 100 17 0 0 0 0 0 0 0 0 0 -1.87448 100 26 -0.199337 100 46 0 0 0 0 0 0 0 0
81800 -226.586 -0.560363 100 20 0 0 0 0 0 0 0 0 0 -2.06987 100 26 -1.54305 100 42 0 0 0 0 0 0 0 0
81900 -226.717 -0.125093 100 22 0 0 0 0 0 0 0 0 0 -1.78981 100 28 -1.71396 100 37 0 0 0 0 0 0 0 0
82000 -225.062 -0.140774 100 23 0 0 0 0 0 0 0 0 0 -2.19255 100 29 -0.851544 100 34 0 0 0 0 0 0 0 0
82100 -223.978 -0.493935 100 13 0 0 0 0 0 0 0 0 0 -1.88393 100 28 -0.867225 100 36 0 0 0 0 0 0 0 0
82200 -224.179 -0.435941 100 23 0 0 0 0 0 0 0 0 0 -2.01026 100 17 -0.393672 100 37 0 0 0 0 0 0 0 0
82300 -226.22 0.288764 100 20 0 0 0 0 0 0 0 0 0 -2.25947 100 39 -0.769634 100 32 0 0 0 0 0 0 0 0
82400 -225.376 0.0578467 100 16 0 0 0 0 0 0 0 0 0 -2.01689 100 30 -1.13851 100 33 0 0 0 0 0 0 0 0
82500 -225.807 -0.283578 100 23 0 0 0 0 0 0 0 0 0 -1.66648 100 20 -0.78774 100 43 0 0 0 0 0 0 0 0
82600 -225.683 -0.586887 100 21 0 0 0 0 0 0 0 0 0 -2.1382 100 25 -0.824968 100 42 0 0 0 0 0 0 0 0
82700 -227.727 -1.1978 100 28 0 0 0 0 0 0 0 0 0 -1.91868 100 26 -1.1561 100 38 0 0 0 0 0 0 0 0
82800 -226.024 -1.00744 100 16 0 0 0 0 0 0 0 0 0 -1.75507 100 26 -1.33434 100 36 0 0 0 0 0 0 0 0
82900 -224.295 -0.0931954 100 21 0 0 0 0 0 0 0 0 0 -2.11108 100 28 -0.428797 100 37 0 0 0 0 0 0 0 0
83000 -224.907 -0.533763 100 16 0 0 0 0 0 0 0 0 0 -2.07796 100 21 -0.254494 100 36 0 0 0 0 0 0 0 0
83100 -224.195 -0.617784 100 20 0 0 0 0 0 0 0 0 0 -1.80132 100 19 -0.783894 100 37 0 0 0 0 0 0 0 0
83200 -226.999 -0.682561 100 24 0 0 0 0 0 0 0 0 0 -1.96109 100 31 -1.82601 100 38 0 0 0 0 0 0 0 0
83300 -231.01 0.392054 100 22 0 0 0 0 0 0 0 0 0 -2.75246 100 31 -0.287081 100 35 0 0 0 0 0 0 0 0
83400 -224.249 -0.600682 100 22 0 0 0 0 0 0 0 0 0 -1.78649 100 30 -0.69807 100 36 0 0 0 0 0 0 0 0
83500 -230.245 -0.0554943 100 19 0 0 0 0 0 0 0 0 0 -2.23154 100 29 -2.30384 100 33 0 0 0 0 0 0 0 0
83600 -225.064 -0.0556146 100 20 0 0 0 0 0 0 0 0 0 -1.92571 100 27 -0.264721 100 33 0 0 0 0 0 0 0 0
83700 -224.25 -0.544884 100 28 0 0 0 0 0 0 0 0 0 -1.9927 100 32 -0.607165 100 37 0 0 0 0 0 0 0 0
83800 -229.177 -0.977344 100 19 0 0 0 0 0 0 0 0 0 -2.03433 100 31 0.286695 100 45 0 0 0 0 0 0 0 0
83900 -224.438 -0.706486 100 21 0 0 0 0 0 0 0 0 0 -1.88661 100 27 -0.827607 100 36 0 0 0 0 0 0 0 0
84000 -225.269 -0.0203749 100 12 0 0 0 0 0 0 0 0 0 -2.28383 100 31 -0.269884 100 40 0 0 0 0 0 0 0 0
84100 -224.469 -0.728008 100 34 0 0 0 0 0 0 0 0 0 -1.87611 100 22 -0.779601 100 39 0 0 0 0 0 0 0 0
84200 -223.9 -0.434587 100 17 0 0 0 0 0 0 0 0 0 -1.91967 100 34 -0.786371 100 42 0 0 0 0 0 0 0 0
84300 -226.44 -0.294626 100 16 0 0 0 0 0 0 0 0 0 -1.94009 100 22 -1.88649 100 42 0 0 0 0 0 0 0 0
84400 -230.153 0.148054 100 23 0 0 0 0 0 0 0 0 0 -1.92197 100 30 -2.33426 100 52 0 0 0 0 0 0 0 0
84500 -225.7 0.130077 100 23 0 0 0 0 0 0 0 0 0 -1.99537 100 22 -1.05484 100 42 0 0 0 0 0 0 0 0
84600 -224.069 -0.543469 100 20 0 0 0 0 0 0 0 0 0 -1.88289 100 21 -0.901828 100 40 0 0 0 0 0 0 0 0
84700 -223.924 -0.28534 100 22 0 0 0 0 0 0 0 0 0 -1.97405 100 20 -0.502171 100 42 0 0 0 0 0 0 0 0
84800 -224.981 -0.880677 100 26 0 0 0 0 0 0 0 0 0 -1.79664 100 26 -0.719607 100 34 0 0 0 0 0 0 0 0
84900 -225.739 -0.762794 100 19 0 0 0 0 0 0 0 0 0 -1.74474 100 29 -1.61291 100 41 0 0 0 0 0 0 0 0
85000 -224.488 -0.351248 100 22 0 0 0 0 0 0 0 0 0 -1.76991 100 26 -0.692531 100 43 0 0 0 0 0 0 0 0
85100 -224.685 -0.309154 100 18 0 0 0 0 0 0 0 0 0 -1.79698 100 27 -1.19953 100 32 0 0 0 0 0 0 0 0
85200 -224.969 0.0506339 100 23 0 0 0 0 0 0 0 0 0 -2.09742 100 32 -0.920011 100 28 0 0 0 0 0 0 0 0
85300 -225.327 -0.784101 100 20 0 0 0 0 0 0 0 0 0 -1.77518 100 27 -0.346721 100 42 0 0 0 0 0 0 0 0
85400 -225.956 -0.679643 100 16 0 0 0 0 0 0 0 0 0 -2.02225 100 29 -1.31749 100 46 0 0 0 0 0 0 0 0
85500 -225.034 -0.328488 100 21 0 0 0 0 0 0 0 0 0 -1.83595 100 22 -0.217764 100 40 0 0 0 0 0 0 0 0
85600 -225.833 0.0324957 100 18 0 0 0 0 0 0 0 0 0 -2.28037 100 22 -0.855157 100 49 0 0 0 0 0 0 0 0
85700 -224.001 -0.516718 100 21 0 0 0 0 0 0 0 0 0 -1.881 100 23 -0.599838 100 41 0 0 0 0 0 0 0 0
85800 -224.265 -0.401869 100 11 0 0 0 0 0 0 0 0 0 -1.82211 100 31 -1.09144 100 42 0 0 0 0 0 0 0 0
85900 -223.907 -0.356608 100 19 0 0 0 0 0 0 0 0 0 -1.90045 100 19 -0.823371 100 40 0 0 0 0 0 0 0 0
86000 -224.578 -0.0664421 100 14 0 0 0 0 0 0 0 0 0 -2.01999 100 29 -0.981094 100 43 0 0 0 0 0 0 0 0
86100 -226.481 -0.895977 100 19 0 0 0 0 0 0 0 0 0 -1.98562 100 23 -1.21913 100 34 0 0 0 0 0 0 0 0
86200 -224.197 -0.0989434 100 20 0 0 0 0 0 0 0 0 0 -2.06888 100 29 -0.625193 100 44 0 0 0 0 0 0 0 0
86300 -225.022 -0.440434 100 21 0 0 0 0 0 0 0 0 0 -1.736 100 23 -0.447439 100 47 0 0 0 0 0 0 0 0
86400 -224.668 -0.295861 100 23 0 0 0 0 0 0 0 0 0 -1.76068 100 35 -0.8662 100 37 0 0 0 0 0 0 0 0
86500 -224.186 -0.131335 100 16 0 0 0 0 0 0 0 0 0 -2.00071 100 21 -0.413391 100 48 0 0 0 0 0 0 0 0
86600 -224.814 -0.056339 100 21 0 0 0 0 0 0 0 0 0 -1.94061 100 27 -0.326084 100 43 0 0 0 0 0 0 0 0
86700 -224.897 -0.423633 100 19 0 0 0 0 0 0 0 0 0 -2.09545 100 17 -0.128671 100 37 0 0 0 0 0 0 0 0
86800 -224.089 -0.460093 100 16 0 0 0 0 0 0 0 0 0 -1.88149 100 28 -0.467193 100 43 0 0 0 0 0 0 0 0
86900 -225.307 -0.851815 100 20 0 0 0 0 0 0 0 0 0 -1.6826 100 32 -0.655188 100 34 0 0 0 0 0 0 0 0
87000 -224.57 -0.275578 100 18 0 0 0 0 0 0 0 0 0 -1.78213 100 30 -0.776507 100 34 0 0 0 0 0 0 0 0
87100 -225.115 -0.0899139 100 19 0 0 0 0 0 0 0 0 0 -2.25886 100 25 -0.442429 100 43 0 0 0 0 0 0 0 0
87200 -225.084 0.060793 100 21 0 0 0 0 0 0 0 0 0 -2.1651 100 24 -0.842619 100 31 0 0 0 0 0 0 0 0
87300 -224.302 -0.559164 100 21 0 0 0 0 0 0 0 0 0 -1.9947 100 30 -0.641389 100 36 0 0 0 0 0 0 0 0
87400 -225.782 0.142089 100 14 0 0 0 0 0 0 0 0 0 -2.13297 100 18 0.0394188 100 25 0 0 0 0 0 0 0 0
87500 -225.418 -0.430027 100 16 0 0 0 0 0 0 0 0 0 -1.9993 100 19 0.0555596 100 38 0 0 0 0 0 0 0 0
87600 -224.553 -0.301256 100 18 0 0 0 0 0 0 0 0 0 -1.8095 100 22 -0.495948 100 46 0 0 0 0 0 0 0 0
87700 -224.23 -0.482058 100 16 0 0 0 0 0 0 0 0 0 -1.84941 100 18 -0.447597 100 30 0 0 0 0 0 0 0 0
87800 -224.054 -0.320205 100 25 0 0 0 0 0 0 0 0 0 -2.04913 100 21 -0.515027 100 27 0 0 0 0 0 0 0 0
87900 -224.636 -0.479257 100 20 0 0 0 0 0 0 0 0 0 -2.06719 100 21 -0.828146 100 31 0 0 0 0 0 0 0 0
88000 -225.773 -0.267328 100 17 0 0 0 0 0 0 0 0 0 -2.15906 100 32 0.172741 100 32 0 0 0 0 0 0 0 0
88100 -226.112 0.25964 100 33 0 0 0 0 0 0 0 0 0 -2.02975 100 30 -0.650932 100 37 0 0 0 0 0 0 0 0
88200 -227.451 -1.12349 100 21 0 0 0 0 0 0 0 0 0 -1.61041 100 27 -0.434089 100 45 0 0 0 0 0 0 0 0
88300 -225.35 -0.232931 100 18 0 0 0 0 0 0 0 0 0 -1.96831 100 23 0.03049 100 41 0 0 0 0 0 0 0 0
88400 -225.081 -0.698549 100 24 0 0 0 0 0 0 0 0 0 -1.71292 100 29 -1.35289 100 37 0 0 0 0 0 0 0 0
88500 -227.529 0.286497 100 26 0 0 0 0 0 0 0 0 0 -2.49937 100 18 -0.390769 100 41 0 0 0 0 0 0 0 0
88600 -224.408 -0.54577 100 23 0 0 0 0 0 0 0 0 0 -1.92563 100 32 -1.09014 100 37 0 0 0 0 0 0 0 0
88700 -227.735 -0.445456 100 16 0 0 0 0 0 0 0 0 0 -2.11392 100 19 -1.8526 100 44 0 0 0 0 0 0 0 0
88800 -225.476 -0.204136 100 17 0 0 0 0 0 0 0 0 0 -2.27738 100 33 -0.475242 100 48 0 0 0 0 0 0 0 0
88900 -224.122 -0.596575 100 24 0 0 0 0 0 0 0 0 0 -1.83764 100 23 -0.862972 100 35 0 0 0 0 0 0 0 0
89000 -226.455 -0.407974 100 15 0 0 0 0 0 0 0 0 0 -1.68571 100 23 -1.79373 100 38 0 0 0 0 0 0 0 0
89100 -225.916 -0.212789 100 18 0 0 0 0 0 0 0 0 0 -1.81162 100 22 -1.632 100 39 0 0 0 0 0 0 0 0
89200 -225.379 -0.87611 100 15 0 0 0 0 0 0 0 0 0 -1.77033 100 30 -1.28574 100 43 0 0 0 0 0 0 0 0
89300 -225.589 0.257506 100 17 0 0 0 0 0 0 0 0 0 -2.20034 100 29 -0.406785 100 37 0 0 0 0 0 0 0 0
89400 -223.95 -0.246394 100 26 0 0 0 0 0 0 0 0 0 -2.02223 100 19 -0.574315 100 40 0 0 0 0 0 0 0 0
89500 -225.037 -0.289481 100 13 0 0 0 0 0 0 0 0 0 -2.04947 100 22 0.0149195 100 38 0 0 0 0 0 0 0 0
89600 -224.48 -0.532754 100 14 0 0 0 0 0 0 0 0 0 -1.79455 100 28 -1.21484 100 30 0 0 0 0 0 0 0 0
89700 -224.314 -0.67054 100 21 0 0 0 0 0 0 0 0 0 -1.78946 100 32 -0.847522 100 40 0 0 0 0 0 0 0 0
89800 -226.241 -0.778743 100 20 0 0 0 0 0 0 0 0 0 -1.62639 100 31 -0.42856 100 31 0 0 0 0 0 0 0 0
89900 -225.642 0.116733 100 21 0 0 0 0 0 0 0 0 0 -2.1871 100 35 0.058949 100 32 0 0 0 0 0 0 0 0
90000 -224.431 -0.553662 100 13 0 0 0 0 0 0 0 0 0 -1.88475 100 26 -0.342541 100 41 0 0 0 0 0 0 0 0
90100 -225.006 -0.31495 100 15 0 0 0 0 0 0 0 0 0 -1.74742 100 28 -1.22305 100 40 0 0 0 0 0 0 0 0
90200 -225.782 0.145209 100 23 0 0 0 0 0 0 0 0 0 -2.30379 100 26 -0.0102239 100 42 0 0 0 0 0 0 0 0
90300 -225.895 -0.47524 100 18 0 0 0 0 0 0 0 0 0 -1.61091 100 22 -1.30706 100 38 0 0 0 0 0 0 0 0
90400 -226.597 0.246805 100 23 0 0 0 0 0 0 0 0 0 -1.95552 100 31 -0.580641 100 42 0 0 0 0 0 0 0 0
90500 -224.389 -0.0524321 100 19 0 0 0 0 0 0 0 0 0 -2.01953 100 21 -0.802615 100 38 0 0 0 0 0 0 0 0
90600 -224.523 -0.0760031 100 17 0 0 0 0 0 0 0 0 0 -1.91465 100 24 -0.741276 100 33 0 0 0 0 0 0 0 0
90700 -225.363 -0.248949 100 23 0 0 0 0 0 0 0 0 0 -1.829 100 20 -0.199053 100 44 0 0 0 0 0 0 0 0
90800 -224.714 -0.408815 100 7 0 0 0 0 0 0 0 0 0 -1.85398 100 13 -0.247668 100 44 0 0 0 0 0 0 0 0
90900 -226.178 -0.700066 100 14 0 0 0 0 0 0 0 0 0 -2.15686 100 31 -0.517315 100 33 0 0 0 0 0 0 0 0
91000 -224.102 -0.25612 100 20 0 0 0 0 0 0 0 0 0 -2.07522 100 16 -0.538733 100 45 0 0 0 0 0 0 0 0
91100 -225.956 -0.558696 100 17 0 0 0 0 0 0 0 0 0 -2.1918 100 26 -0.671042 100 46 0 0 0 0 0 0 0 0
91200 -224.465 -0.636572 100 17 0 0 0 0 0 0 0 0 0 -1.78487 100 21 -1.12371 100 33 0 0 0 0 0 0 0 0
91300 -226.379 0.245636 100 15 0 0 0 0 0 0 0 0 0 -2.05744 100 31 -1.06571 100 32 0 0 0 0 0 0 0 0
91400 -224.843 0.0651083 100 15 0 0 0 0 0 0 0 0 0 -2.06118 100 30 -0.306647 100 43 0 0 0 0 0 0 0 0
91500 -226.702 -0.484491 100 9 0 0 0 0 0 0 0 0 0 -1.72477 100 23 -1.99066 100 36 0 0 0 0 0 0 0 0
91600 -225.562 -0.499233 100 16 0 0 0 0 0 0 0 0 0 -2.0698 100 24 -1.26066 100 43 0 0 0 0 0 0 0 0
91700 -225.391 -0.585774 100 17 0 0 0 0 0 0 0 0 0 -1.90295 100 33 -1.52383 100 42 0 0 0 0 0 0 0 0
91800 -226.071 -0.601232 100 14 0 0 0 0 0 0 0 0 0 -2.02821 100 28 -1.45435 100 38 0 0 0 0 0 0 0 0
91900 -224.954 -0.66189 100 20 0 0 0 0 0 0 0 0 0 -1.79409 100 22 -1.38105 100 35 0 0 0 0 0 0 0 0
92000 -224.394 -0.644637 100 27 0 0 0 0 0 0 0 0 0 -1.82008 100 26 -1.0734 100 42 0 0 0 0 0 0 0 0
92100 -224.065 -0.195439 100 25 0 0 0 0 0 0 0 0 0 -1.97613 100 31 -0.832541 100 38 0 0 0 0 0 0 0 0
92200 -228.414 -0.51809 100 24 0 0 0 0 0 0 0 0 0 -1.52271 100 26 -0.388781 100 40 0 0 0 0 0 0 0 0
92300 -224.65 -0.727349 100 25 0 0 0 0 0 0 0 0 0 -1.9316 100 25 -0.572647 100 42 0 0 0 0 0 0 0 0
92400 -230.605 0.0806736 100 20 0 0 0 0 0 0 0 0 0 -2.69903 100 28 -0.181675 100 35 0 0 0 0 0 0 0 0
92500 -225.348 -0.531501 100 21 0 0 0 0 0 0 0 0 0 -2.11347 100 26 -0.919946 100 42 0 0 0 0 0 0 0 0
92600 -224.321 -0.597622 100 18 0 0 0 0 0 0 0 0 0 -1.97075 100 30 -0.592071 100 31 0 0 0 0 0 0 0 0
92700 -224.264 -0.415084 100 18 0 0 0 0 0 0 0 0 0 -1.93881 100 24 -1.09356 100 32 0 0 0 0 0 0 0 0
92800 -225.155 -0.358671 100 17 0 0 0 0 0 0 0 0 0 -2.08969 100 24 -1.17073 100 37 0 0 0 0 0 0 0 0
92900 -225.023 -0.192226 100 16 0 0 0 0 0 0 0 0 0 -2.09369 100 34 0.0195195 100 36 0 0 0 0 0 0 0 0
93000 -225.902 0.216361 100 17 0 0 0 0 0 0 0 0 0 -2.3004 100 36 -0.0347913 100 44 0 0 0 0 0 0 0 0
93100 -225.073 -0.611891 100 14 0 0 0 0 0 0 0 0 0 -2.03378 100 27 -0.993577 100 47 0 0 0 0 0 0 0 0
93200 -224.958 -0.708546 100 18 0 0 0 0 0 0 0 0 0 -1.70484 100 23 -1.25284 100 43 0 0 0 0 0 0 0 0
93300 -224.92 -0.107331 100 17 0 0 0 0 0 0 0 0 0 -2.16687 100 26 -0.883369 100 35 0 0 0 0 0 0 0 0
93400 -224.294 -0.641734 100 18 0 0 0 0 0 0 0 0 0 -1.85396 100 25 -0.968785 100 36 0 0 0 0 0 0 0 0
93500 -226.315 -0.02792 100 26 0 0 0 0 0 0 0 0 0 -1.81384 100 16 -1.38189 100 39 0 0 0 0 0 0 0 0
93600 -224.278 -0.297411 100 18 0 0 0 0 0 0 0 0 0 -2.00418 100 34 -1.01469 100 40 0 0 0 0 0 0 0 0
93700 -224.323 -0.333199 100 14 0 0 0 0 0 0 0 0 0 -1.79503 100 19 -0.733979 100 41 0 0 0 0 0 0 0 0
93800 -226.236 -0.707883 100 25 0 0 0 0 0 0 0 0 0 -1.56639 100 34 -0.679689 100 41 0 0 0 0 0 0 0 0
93900 -224.966 -0.802258 100 13 0 0 0 0 0 0 0 0 0 -1.83946 100 25 -1.12939 100 39 0 0 0 0 0 0 0 0
94000 -224.593 -0.423144 100 24 0 0 0 0 0 0 0 0 0 -1.73111 100 24 -0.771717 100 41 0 0 0 0 0 0 0 0
94100 -224.544 -0.228556 100 15 0 0 0 0 0 0 0 0 0 -2.07103 100 19 -1.00291 100 35 0 0 0 0 0 0 0 0
94200 -226.711 -0.395648 100 22 0 0 0 0 0 0 0 0 0 -1.61572 100 22 -0.473996 100 36 0 0 0 0 0 0 0 0
94300 -224.77 -0.0297285 100 16 0 0 0 0 0 0 0 0 0 -2.03171 100 20 -1.01971 100 39 0 0 0 0 0 0 0 0
94400 -227.275 -0.175335 100 23 0 0 0 0 0 0 0 0 0 -2.4377 100 27 -0.057919 100 48 0 0 0 0 0 0 0 0
94500 -227.419 -0.555757 100 10 0 0 0 0 0 0 0 0 0 -1.74971 100 24 0.079106 100 33 0 0 0 0 0 0 0 0
94600 -224.292 -0.477384 100 24 0 0 0 0 0 0 0 0 0 -1.76165 100 25 -0.895116 100 45 0 0 0 0 0 0 0 0
94700 -227.619 -0.529243 100 17 0 0 0 0 0 0 0 0 0 -1.68479 100 34 -2.21763 100 35 0 0 0 0 0 0 0 0
94800 -224.9 -0.278076 100 16 0 0 0 0 0 0 0 0 0 -1.76813 100 30 -1.16252 100 44 0 0 0 0 0 0 0 0
94900 -223.935 -0.424574 100 27 0 0 0 0 0 0 0 0 0 -1.89679 100 27 -0.870959 100 38 0 0 0 0 0 0 0 0
95000 -225.166 0.101115 100 22 0 0 0 0 0 0 0 0 0 -2.20197 100 25 -0.712944 100 35 0 0 0 0 0 0 0 0
95100 -225.977 -0.556938 100 16 0 0 0 0 0 0 0 0 0 -1.97694 100 24 0.103483 100 42 0 0 0 0 0 0 0 0
95200 -224.023 -0.177981 100 21 0 0 0 0 0 0 0 0 0 -2.03548 100 25 -0.612133 100 34 0 0 0 0 0 0 0 0
95300 -225.167 -0.266602 100 11 0 0 0 0 0 0 0 0 0 -1.77441 100 23 -0.415176 100 48 0 0 0 0 0 0 0 0
95400 -224.337 -0.558889 100 22 0 0 0 0 0 0 0 0 0 -1.95708 100 22 -0.934315 100 34 0 0 0 0 0 0 0 0
95500 -226.23 -1.04984 100 23 0 0 0 0 0 0 0 0 0 -1.91569 100 25 -0.698826 100 36 0 0 0 0 0 0 0 0
95600 -228.69 -1.10749 100 22 0 0 0 0 0 0 0 0 0 -1.95304 100 21 0.0922827 100 27 0 0 0 0 0 0 0 0
95700 -227.242 -0.569409 100 22 0 0 0 0 0 0 0 0 0 -2.25144 100 24 -0.934768 100 40 0 0 0 0 0 0 0 0
95800 -224.406 -0.174262 100 18 0 0 0 0 0 0 0 0 0 -1.88192 100 22 -0.515691 100 35 0 0 0 0 0 0 0 0
95900 -224.17 -0.326857 100 11 0 0 0 0 0 0 0 0 0 -1.83884 100 32 -0.593175 100 38 0 0 0 0 0 0 0 0
96000 -227.352 0.495364 100 19 0 0 0 0 0 0 0 0 0 -2.23251 100 27 -0.460288 100 42 0 0 0 0 0 0 0 0
96100 -224.386 -0.231069 100 21 0 0 0 0 0 0 0 0 0 -1.83581 100 29 -0.906037 100 37 0 0 0 0 0 0 0 0
96200 -224.1 -0.429346 100 23 0 0 0 0 0 0 0 0 0 -2.00362 100 21 -0.777252 100 37 0 0 0 0 0 0 0 0
96300 -225.093 -0.70447 100 21 0 0 0 0 0 0 0 0 0 -1.76626 100 23 -1.40322 100 34 0 0 0 0 0 0 0 0
96400 -225.071 -0.628941 100 20 0 0 0 0 0 0 0 0 0 -1.95934 100 18 -0.163724 100 39 0 0 0 0 0 0 0 0
96500 -225.599 -0.0145416 100 16 0 0 0 0 0 0 0 0 0 -2.27025 100 15 0.0530706 100 43 0 0 0 0 0 0 0 0
96600 -226.929 -1.21606 100 17 0 0 0 0 0 0 0 0 0 -1.68229 100 23 -0.652266 100 38 0 0 0 0 0 0 0 0
96700 -226.624 0.18683 100 15 0 0 0 0 0 0 0 0 0 -2.2806 100 29 -1.07847 100 39 0 0 0 0 0 0 0 0
96800 -224.584 -0.411514 100 19 0 0 0 0 0 0 0 0 0 -1.87211 100 26 -1.30808 100 45 0 0 0 0 0 0 0 0
96900 -226.465 -0.840979 100 23 0 0 0 0 0 0 0 0 0 -1.96653 100 23 -1.40531 100 48 0 0 0 0 0 0 0 0
97000 -224.673 -0.05858 100 23 0 0 0 0 0 0 0 0 0 -2.02752 100 21 -1.01929 100 33 0 0 0 0 0 0 0 0
97100 -224.508 -0.73992 100 14 0 0 0 0 0 0 0 0 0 -1.86936 100 25 -0.663664 100 30 0 0 0 0 0 0 0 0
97200 -227.382 -0.628041 100 19 0 0 0 0 0 0 0 0 0 -2.25824 100 25 -0.790525 100 33 0 0 0 0 0 0 0 0
97300 -224.046 -0.567939 100 19 0 0 0 0 0 0 0 0 0 -1.84893 100 22 -0.774012 100 46 0 0 0 0 0 0 0 0
97400 -225.635 -0.447623 100 16 0 0 0 0 0 0 0 0 0 -2.20291 100 26 -0.698368 100 37 0 0 0 0 0 0 0 0
97500 -225.595 -0.748323 100 22 0 0 0 0 0 0 0 0 0 -1.66156 100 26 -1.47608 100 31 0 0 0 0 0 0 0 0
97600 -224.961 -0.00807098 100 15 0 0 0 0 0 0 0 0 0 -1.94499 100 18 -0.357021 100 44 0 0 0 0 0 0 0 0
97700 -226.341 -0.124335 100 22 0 0 0 0 0 0 0 0 0 -1.85951 100 36 -0.0207526 100 40 0 0 0 0 0 0 0 0
97800 -224.779 -0.12085 100 19 0 0 0 0 0 0 0 0 0 -1.98953 100 22 -1.1816 100 40 0 0 0 0 0 0 0 0
97900 -223.933 -0.469874 100 19 0 0 0 0 0 0 0 0 0 -1.88894 100 35 -0.826793 100 38 0 0 0 0 0 0 0 0
98000 -225.32 -0.269907 100 16 0 0 0 0 0 0 0 0 0 -1.75551 100 32 -1.34251 100 36 0 0 0 0 0 0 0 0
98100 -225.132 -0.85837 100 18 0 0 0 0 0 0 0 0 0 -1.73079 100 26 -1.16142 100 36 0 0 0 0 0 0 0 0
98200 -227.448 0.225862 100 23 0 0 0 0 0 0 0 0 0 -2.17527 100 26 -1.49641 100 41 0 0 0 0 0 0 0 0
98300 -224.391 -0.510268 100 21 0 0 0 0 0 0 0 0 0 -1.77105 100 17 -0.589313 100 32 0 0 0 0 0 0 0 0
98400 -225.172 -0.195834 100 15 0 0 0 0 0 0 0 0 0 -2.01659 100 25 -1.37381 100 37 0 0 0 0 0 0 0 0
98500 -224.014 -0.4045 100 22 0 0 0 0 0 0 0 0 0 -1.99733 100 22 -0.486989 100 41 0 0 0 0 0 0 0 0
98600 -225.414 -0.269491 100 18 0 0 0 0 0 0 0 0 0 -1.86982 100 26 -1.57442 100 38 0 0 0 0 0 0 0 0
98700 -225.157 -0.303334 100 26 0 0 0 0 0 0 0 0 0 -1.95685 100 20 -1.46932 100 31 0 0 0 0 0 0 0 0
98800 -224.199 -0.159216 100 19 0 0 0 0 0 0 0 0 0 -2.04356 100 20 -0.817996 100 47 0 0 0 0 0 0 0 0
98900 -226.334 -0.652962 100 19 0 0 0 0 0 0 0 0 0 -2.18918 100 32 -0.256588 100 33 0 0 0 0 0 0 0 0
99000 -226.453 -1.00629 100 19 0 0 0 0 0 0 0 0 0 -1.94693 100 24 -0.333101 100 44 0 0 0 0 0 0 0 0
99100 -224.534 -0.709596 100 18 0 0 0 0 0 0 0 0 0 -1.75379 100 21 -0.716923 100 41 0 0 0 0 0 0 0 0
99200 -225.748 -0.173792 100 23 0 0 0 0 0 0 0 0 0 -1.76737 100 33 -1.37445 100 46 0 0 0 0 0 0 0 0
99300 -224.164 -0.335618 100 15 0 0 0 0 0 0 0 0 0 -2.06137 100 25 -0.690836 100 36 0 0 0 0 0 0 0 0
99400 -229.026 -0.996461 100 15 0 0 0 0 0 0 0 0 0 -1.97531 100 29 0.257894 100 44 0 0 0 0 0 0 0 0
99500 -226.368 -0.61864 100 10 0 0 0 0 0 0 0 0 0 -2.13348 100 28 0.0582518 100 34 0 0 0 0 0 0 0 0
99600 -224.467 -0.137295 100 14 0 0 0 0 0 0 0 0 0 -2.00206 100 27 -0.233649 100 42 0 0 0 0 0 0 0 0
99700 -228.234 -0.0756432 100 16 0 0 0 0 0 0 0 0 0 -1.68741 100 30 -0.275214 100 39 0 0 0 0 0 0 0 0
99800 -224.243 -0.292841 100 18 0 0 0 0 0 0 0 0 0 -1.85497 100 30 -1.01943 100 45 0 0 0 0 0 0 0 0
99900 -224.052 -0.410349 100 11 0 0 0 0 0 0 0 0 0 -2.01104 100 34 -0.495528 100 43 0 0 0 0 0 0 0 0
100000 -224.747 -0.790593 100 17 0 0 0 0 0 0 0 0 0 -1.89048 100 22 -0.776185 100 34 0 0 0 0 0 0 0 0
