iteration logLik intercept1 intercept1_p intercept1_a pcov2 pcov2_p pcov2_a pcov3 pcov3_p pcov3_a pcov4 pcov4_p pcov4_a intercept2 intercept2_p intercept2_a intercept3 intercept3_p intercept3_a intercept4 intercept4_p intercept4_a pcov pcov_p pcov_a data_p data_a
0 -467.736 -3.17448 0 0 0 0 0 0 0 0 0 0 0 1.04074 0 0 -6.21672 0 0 0 0 0 0 0 0 0 0
100 -225.477 -0.411678 100 22 0 0 0 0 0 0 0 0 0 -1.43738 100 39 -0.965746 100 25 0 0 0 0 0 0 0 0
200 -225.791 -1.64047 100 25 0 0 0 0 0 0 0 0 0 -1.57693 100 23 -0.330531 100 25 0 0 0 0 0 0 0 0
300 -226.503 -1.35053 100 25 0 0 0 0 0 0 0 0 0 -1.85864 100 33 -0.292749 100 22 0 0 0 0 0 0 0 0
400 -224.163 -1.17018 100 31 0 0 0 0 0 0 0 0 0 -1.45034 100 27 -0.706211 100 23 0 0 0 0 0 0 0 0
500 -223.784 -0.984361 100 34 0 0 0 0 0 0 0 0 0 -1.49197 100 24 -0.629305 100 24 0 0 0 0 0 0 0 0
600 -226.856 -1.42309 100 29 0 0 0 0 0 0 0 0 0 -1.1872 100 27 -1.23386 100 21 0 0 0 0 0 0 0 0
700 -224.498 -0.198431 100 29 0 0 0 0 0 0 0 0 0 -1.8772 100 23 -0.126375 100 16 0 0 0 0 0 0 0 0
800 -225.766 -1.42702 100 30 0 0 0 0 0 0 0 0 0 -1.41307 100 26 -0.310011 100 16 0 0 0 0 0 0 0 0
900 -223.947 -0.764468 100 36 0 0 0 0 0 0 0 0 0 -1.38161 100 34 -0.726278 100 17 0 0 0 0 0 0 0 0
1000 -226.752 -0.940252 100 27 0 0 0 0 0 0 0 0 0 -1.22565 100 25 -1.27273 100 22 0 0 0 0 0 0 0 0
1100 -224.819 -0.182683 100 31 0 0 0 0 0 0 0 0 0 -1.53679 100 30 -0.674199 100 23 0 0 0 0 0 0 0 0
1200 -224.356 -0.20072 100 26 0 0 0 0 0 0 0 0 0 -1.67809 100 33 -0.520088 100 29 0 0 0 0 0 0 0 0
1300 -223.77 -0.562081 100 23 0 0 0 0 0 0 0 0 0 -1.69645 100 33 -0.246829 100 13 0 0 0 0 0 0 0 0
1400 -224.646 -1.41594 100 24 0 0 0 0 0 0 0 0 0 -1.46631 100 26 -0.635791 100 20 0 0 0 0 0 0 0 0
1500 -227.102 -1.15802 100 29 0 0 0 0 0 0 0 0 0 -1.09547 100 30 -0.64492 100 17 0 0 0 0 0 0 0 0
1600 -224.076 -0.298086 100 24 0 0 0 0 0 0 0 0 0 -1.67163 100 26 -0.227597 100 21 0 0 0 0 0 0 0 0
1700 -225.777 -0.224053 100 22 0 0 0 0 0 0 0 0 0 -1.82282 100 24 -0.619808 100 32 0 0 0 0 0 0 0 0
1800 -225.313 -0.589647 100 34 0 0 0 0 0 0 0 0 0 -1.28414 100 23 -0.971029 100 19 0 0 0 0 0 0 0 0
1900 -226.586 -0.602164 100 29 0 0 0 0 0 0 0 0 0 -2.01106 100 33 -0.347358 100 18 0 0 0 0 0 0 0 0
2000 -224.194 -0.288132 100 22 0 0 0 0 0 0 0 0 0 -1.56064 100 30 -0.36063 100 15 0 0 0 0 0 0 0 0
2100 -224.082 -0.287555 100 26 0 0 0 0 0 0 0 0 0 -1.66034 100 21 -0.244228 100 20 0 0 0 0 0 0 0 0
2200 -226.607 -1.58728 100 34 0 0 0 0 0 0 0 0 0 -1.42015 100 26 -1.02032 100 20 0 0 0 0 0 0 0 0
2300 -223.913 -0.981724 100 25 0 0 0 0 0 0 0 0 0 -1.38389 100 28 -0.694141 100 26 0 0 0 0 0 0 0 0
2400 -224.006 -1.01513 100 29 0 0 0 0 0 0 0 0 0 -1.57717 100 29 -0.332453 100 28 0 0 0 0 0 0 0 0
2500 -226.994 -1.33933 100 29 0 0 0 0 0 0 0 0 0 -1.91774 100 25 -0.0133228 100 18 0 0 0 0 0 0 0 0
2600 -224.643 -0.769818 100 30 0 0 0 0 0 0 0 0 0 -1.81676 100 41 -0.0732109 100 30 0 0 0 0 0 0 0 0
2700 -225.808 -0.226485 100 23 0 0 0 0 0 0 0 0 0 -1.46428 100 26 -0.267474 100 21 0 0 0 0 0 0 0 0
2800 -224.211 -0.477952 100 32 0 0 0 0 0 0 0 0 0 -1.43291 100 36 -0.487169 100 25 0 0 0 0 0 0 0 0
2900 -226.819 -1.89992 100 24 0 0 0 0 0 0 0 0 0 -1.57763 100 23 -0.586994 100 12 0 0 0 0 0 0 0 0
3000 -224.101 -0.317735 100 29 0 0 0 0 0 0 0 0 0 -1.78887 100 25 -0.171222 100 25 0 0 0 0 0 0 0 0
3100 -223.846 -0.516572 100 30 0 0 0 0 0 0 0 0 0 -1.75271 100 24 -0.274512 100 19 0 0 0 0 0 0 0 0
3200 -224.392 -0.744922 100 31 0 0 0 0 0 0 0 0 0 -1.56107 100 33 -0.19937 100 14 0 0 0 0 0 0 0 0
3300 -225.265 -1.41408 100 21 0 0 0 0 0 0 0 0 0 -1.65389 100 36 -0.484912 100 24 0 0 0 0 0 0 0 0
3400 -225.028 -1.07244 100 27 0 0 0 0 0 0 0 0 0 -1.25884 100 21 -0.994784 100 20 0 0 0 0 0 0 0 0
3500 -224.632 -0.131748 100 29 0 0 0 0 0 0 0 0 0 -1.88505 100 27 -0.198784 100 20 0 0 0 0 0 0 0 0
3600 -225.171 -1.24273 100 26 0 0 0 0 0 0 0 0 0 -1.56571 100 25 -0.195484 100 24 0 0 0 0 0 0 0 0
3700 -228.803 0.25036 100 21 0 0 0 0 0 0 0 0 0 -2.12496 100 28 -0.405116 100 29 0 0 0 0 0 0 0 0
3800 -223.994 -0.877529 100 29 0 0 0 0 0 0 0 0 0 -1.64356 100 28 -0.538878 100 19 0 0 0 0 0 0 0 0
3900 -223.811 -0.484944 100 26 0 0 0 0 0 0 0 0 0 -1.49265 100 25 -0.579149 100 20 0 0 0 0 0 0 0 0
4000 -224.511 -1.12908 100 26 0 0 0 0 0 0 0 0 0 -1.63342 100 25 -0.244367 100 20 0 0 0 0 0 0 0 0
4100 -227.888 -1.97194 100 26 0 0 0 0 0 0 0 0 0 -1.41124 100 20 -1.01109 100 25 0 0 0 0 0 0 0 0
4200 -224.291 -0.88114 100 37 0 0 0 0 0 0 0 0 0 -1.76123 100 22 -0.289855 100 21 0 0 0 0 0 0 0 0
4300 -225.836 -0.505061 100 21 0 0 0 0 0 0 0 0 0 -1.83914 100 24 0.170812 100 23 0 0 0 0 0 0 0 0
4400 -224.543 -1.04652 100 39 0 0 0 0 0 0 0 0 0 -1.66592 100 24 -0.187305 100 20 0 0 0 0 0 0 0 0
4500 -226.873 -0.707072 100 28 0 0 0 0 0 0 0 0 0 -1.75561 100 22 0.202371 100 15 0 0 0 0 0 0 0 0
4600 -223.919 -0.997477 100 32 0 0 0 0 0 0 0 0 0 -1.57427 100 26 -0.571396 100 24 0 0 0 0 0 0 0 0
4700 -225.808 -0.347232 100 34 0 0 0 0 0 0 0 0 0 -1.34635 100 26 -0.444947 100 17 0 0 0 0 0 0 0 0
4800 -226.681 -0.828559 100 33 0 0 0 0 0 0 0 0 0 -2.007 100 23 -0.2784 100 21 0 0 0 0 0 0 0 0
4900 -223.629 -0.656537 100 26 0 0 0 0 0 0 0 0 0 -1.52679 100 24 -0.605289 100 22 0 0 0 0 0 0 0 0
5000 -223.787 -0.926066 100 24 0 0 0 0 0 0 0 0 0 -1.50062 100 23 -0.654629 100 21 0 0 0 0 0 0 0 0
5100 -223.545 -0.560043 100 24 0 0 0 0 0 0 0 0 0 -1.58273 100 20 -0.451303 100 22 0 0 0 0 0 0 0 0
5200 -224.14 -1.13735 100 23 0 0 0 0 0 0 0 0 0 -1.45243 100 28 -0.4533 100 21 0 0 0 0 0 0 0 0
5300 -228.599 -1.36577 100 22 0 0 0 0 0 0 0 0 0 -1.1454 100 27 -1.46314 100 22 0 0 0 0 0 0 0 0
5400 -224.036 -1.16406 100 31 0 0 0 0 0 0 0 0 0 -1.48117 100 26 -0.496279 100 25 0 0 0 0 0 0 0 0
5500 -223.669 -0.48868 100 30 0 0 0 0 0 0 0 0 0 -1.6847 100 24 -0.371074 100 20 0 0 0 0 0 0 0 0
5600 -225.583 -0.853476 100 32 0 0 0 0 0 0 0 0 0 -1.43993 100 39 -1.05445 100 24 0 0 0 0 0 0 0 0
5700 -223.764 -0.601299 100 33 0 0 0 0 0 0 0 0 0 -1.49894 100 23 -0.421034 100 23 0 0 0 0 0 0 0 0
5800 -225.166 -0.580819 100 24 0 0 0 0 0 0 0 0 0 -1.54083 100 24 -0.912792 100 18 0 0 0 0 0 0 0 0
5900 -223.993 -1.10114 100 24 0 0 0 0 0 0 0 0 0 -1.51777 100 26 -0.613385 100 30 0 0 0 0 0 0 0 0
6000 -223.809 -0.699008 100 22 0 0 0 0 0 0 0 0 0 -1.45309 100 29 -0.702474 100 16 0 0 0 0 0 0 0 0
6100 -225.005 -1.21896 100 30 0 0 0 0 0 0 0 0 0 -1.29201 100 19 -0.534641 100 11 0 0 0 0 0 0 0 0
6200 -223.562 -0.829254 100 20 0 0 0 0 0 0 0 0 0 -1.54341 100 21 -0.507301 100 24 0 0 0 0 0 0 0 0
6300 -224.952 -1.35461 100 35 0 0 0 0 0 0 0 0 0 -1.64581 100 25 -0.443194 100 16 0 0 0 0 0 0 0 0
6400 -224.233 -0.290252 100 26 0 0 0 0 0 0 0 0 0 -1.74851 100 20 -0.45059 100 31 0 0 0 0 0 0 0 0
6500 -223.984 -1.00435 100 32 0 0 0 0 0 0 0 0 0 -1.63787 100 25 -0.371018 100 25 0 0 0 0 0 0 0 0
6600 -223.746 -0.539265 100 22 0 0 0 0 0 0 0 0 0 -1.61046 100 27 -0.561898 100 21 0 0 0 0 0 0 0 0
6700 -223.86 -0.422594 100 29 0 0 0 0 0 0 0 0 0 -1.55531 100 23 -0.377536 100 24 0 0 0 0 0 0 0 0
6800 -224.172 -0.51798 100 18 0 0 0 0 0 0 0 0 0 -1.40243 100 22 -0.577811 100 21 0 0 0 0 0 0 0 0
6900 -225.598 -0.312431 100 25 0 0 0 0 0 0 0 0 0 -1.31813 100 27 -0.765447 100 22 0 0 0 0 0 0 0 0
7000 -224.647 -0.709317 100 35 0 0 0 0 0 0 0 0 0 -1.80312 100 24 -0.437679 100 24 0 0 0 0 0 0 0 0
7100 -224.265 -0.542569 100 33 0 0 0 0 0 0 0 0 0 -1.70814 100 27 -0.567204 100 18 0 0 0 0 0 0 0 0
7200 -223.7 -0.541408 100 29 0 0 0 0 0 0 0 0 0 -1.51085 100 28 -0.589009 100 22 0 0 0 0 0 0 0 0
7300 -223.555 -0.659022 100 33 0 0 0 0 0 0 0 0 0 -1.51746 100 24 -0.488214 100 22 0 0 0 0 0 0 0 0
7400 -225.036 -0.0356698 100 27 0 0 0 0 0 0 0 0 0 -1.68762 100 25 -0.159381 100 21 0 0 0 0 0 0 0 0
7500 -224.653 -0.13332 100 24 0 0 0 0 0 0 0 0 0 -1.56047 100 19 -0.417131 100 21 0 0 0 0 0 0 0 0
7600 -225.378 0.00214108 100 26 0 0 0 0 0 0 0 0 0 -1.98494 100 30 -0.146859 100 12 0 0 0 0 0 0 0 0
7700 -226.438 -0.381709 100 36 0 0 0 0 0 0 0 0 0 -1.89617 100 22 -0.601797 100 21 0 0 0 0 0 0 0 0
7800 -223.829 -0.576273 100 31 0 0 0 0 0 0 0 0 0 -1.53806 100 25 -0.344409 100 17 0 0 0 0 0 0 0 0
7900 -224.948 -0.249088 100 26 0 0 0 0 0 0 0 0 0 -1.5418 100 25 -0.244871 100 19 0 0 0 0 0 0 0 0
8000 -228.092 0.557536 100 36 0 0 0 0 0 0 0 0 0 -1.91931 100 23 0.0305475 100 29 0 0 0 0 0 0 0 0
8100 -225.274 0.02834 100 34 0 0 0 0 0 0 0 0 0 -1.66366 100 29 -0.54113 100 23 0 0 0 0 0 0 0 0
8200 -224.165 -0.173129 100 23 0 0 0 0 0 0 0 0 0 -1.68551 100 25 -0.345002 100 22 0 0 0 0 0 0 0 0
8300 -224.669 -0.616652 100 27 0 0 0 0 0 0 0 0 0 -1.86421 100 18 -0.0402537 100 11 0 0 0 0 0 0 0 0
8400 -224.081 -0.898498 100 30 0 0 0 0 0 0 0 0 0 -1.39839 100 26 -0.803591 100 25 0 0 0 0 0 0 0 0
8500 -224.206 -0.350079 100 28 0 0 0 0 0 0 0 0 0 -1.7532 100 17 -0.455471 100 18 0 0 0 0 0 0 0 0
8600 -224.149 -0.842538 100 34 0 0 0 0 0 0 0 0 0 -1.61252 100 26 -0.648309 100 21 0 0 0 0 0 0 0 0
8700 -225.675 -0.751806 100 28 0 0 0 0 0 0 0 0 0 -1.95709 100 26 -0.236776 100 19 0 0 0 0 0 0 0 0
8800 -226.561 -1.07144 100 25 0 0 0 0 0 0 0 0 0 -1.72546 100 23 -0.785831 100 23 0 0 0 0 0 0 0 0
8900 -225.359 -0.25831 100 25 0 0 0 0 0 0 0 0 0 -1.53579 100 16 -0.846325 100 24 0 0 0 0 0 0 0 0
9000 -226.726 -0.508798 100 35 0 0 0 0 0 0 0 0 0 -2.07597 100 23 -0.225932 100 19 0 0 0 0 0 0 0 0
9100 -224.152 -1.07728 100 23 0 0 0 0 0 0 0 0 0 -1.43201 100 28 -0.768591 100 20 0 0 0 0 0 0 0 0
9200 -225.026 -0.636029 100 29 0 0 0 0 0 0 0 0 0 -1.28041 100 19 -0.599663 100 23 0 0 0 0 0 0 0 0
9300 -224.917 -1.28531 100 31 0 0 0 0 0 0 0 0 0 -1.24954 100 26 -0.874462 100 25 0 0 0 0 0 0 0 0
9400 -224.491 -0.858855 100 38 0 0 0 0 0 0 0 0 0 -1.59816 100 22 -0.735379 100 25 0 0 0 0 0 0 0 0
9500 -224.326 -0.638347 100 27 0 0 0 0 0 0 0 0 0 -1.37234 100 28 -0.514067 100 24 0 0 0 0 0 0 0 0
9600 -224.169 -0.333895 100 36 0 0 0 0 0 0 0 0 0 -1.80006 100 21 -0.337153 100 14 0 0 0 0 0 0 0 0
9700 -223.63 -0.844993 100 20 0 0 0 0 0 0 0 0 0 -1.59616 100 25 -0.419964 100 23 0 0 0 0 0 0 0 0
9800 -223.673 -0.692531 100 28 0 0 0 0 0 0 0 0 0 -1.60856 100 20 -0.31549 100 24 0 0 0 0 0 0 0 0
9900 -223.971 -0.853611 100 32 0 0 0 0 0 0 0 0 0 -1.59971 100 25 -0.263809 100 23 0 0 0 0 0 0 0 0
10000 -224.425 -0.127531 100 18 0 0 0 0 0 0 0 0 0 -1.77038 100 30 -0.368806 100 19 0 0 0 0 0 0 0 0
10100 -223.553 -0.632699 100 29 0 0 0 0 0 0 0 0 0 -1.52782 100 23 -0.479497 100 19 0 0 0 0 0 0 0 0
10200 -223.602 -0.543582 100 26 0 0 0 0 0 0 0 0 0 -1.54176 100 24 -0.469061 100 22 0 0 0 0 0 0 0 0
10300 -225.19 -1.0123 100 25 0 0 0 0 0 0 0 0 0 -1.24611 100 18 -0.568065 100 28 0 0 0 0 0 0 0 0
10400 -225.435 -1.16832 100 24 0 0 0 0 0 0 0 0 0 -1.63004 100 28 -0.0963543 100 27 0 0 0 0 0 0 0 0
10500 -228.254 -0.345559 100 25 0 0 0 0 0 0 0 0 0 -1.23346 100 22 -1.25151 100 17 0 0 0 0 0 0 0 0
10600 -224.371 -0.126554 100 26 0 0 0 0 0 0 0 0 0 -1.79169 100 25 -0.288823 100 25 0 0 0 0 0 0 0 0
10700 -226.09 -1.37476 100 25 0 0 0 0 0 0 0 0 0 -1.35455 100 24 -1.08591 100 19 0 0 0 0 0 0 0 0
10800 -225.53 -0.129826 100 36 0 0 0 0 0 0 0 0 0 -1.80051 100 21 0.0813105 100 20 0 0 0 0 0 0 0 0
10900 -224.483 -0.678148 100 33 0 0 0 0 0 0 0 0 0 -1.31933 100 29 -0.610028 100 16 0 0 0 0 0 0 0 0
11000 -224.969 -0.484798 100 33 0 0 0 0 0 0 0 0 0 -1.85687 100 22 -0.439073 100 17 0 0 0 0 0 0 0 0
11100 -224.414 -0.749472 100 31 0 0 0 0 0 0 0 0 0 -1.66111 100 26 -0.120783 100 19 0 0 0 0 0 0 0 0
11200 -224.699 -0.0916208 100 25 0 0 0 0 0 0 0 0 0 -1.59417 100 22 -0.382432 100 21 0 0 0 0 0 0 0 0
11300 -223.816 -0.467346 100 36 0 0 0 0 0 0 0 0 0 -1.49735 100 23 -0.546544 100 19 0 0 0 0 0 0 0 0
11400 -225.226 -1.34355 100 31 0 0 0 0 0 0 0 0 0 -1.567 100 21 -0.72664 100 15 0 0 0 0 0 0 0 0
11500 -224.519 -0.930699 100 25 0 0 0 0 0 0 0 0 0 -1.76246 100 30 -0.382267 100 22 0 0 0 0 0 0 0 0
11600 -224.306 -0.58927 100 34 0 0 0 0 0 0 0 0 0 -1.73265 100 25 -0.0901196 100 25 0 0 0 0 0 0 0 0
11700 -224.539 -0.353986 100 28 0 0 0 0 0 0 0 0 0 -1.73489 100 26 -0.0571712 100 22 0 0 0 0 0 0 0 0
11800 -223.763 -0.720038 100 27 0 0 0 0 0 0 0 0 0 -1.63177 100 24 -0.536557 100 18 0 0 0 0 0 0 0 0
11900 -224.551 -0.112863 100 33 0 0 0 0 0 0 0 0 0 -1.85891 100 20 -0.197029 100 18 0 0 0 0 0 0 0 0
12000 -224.387 -0.39275 100 36 0 0 0 0 0 0 0 0 0 -1.61866 100 20 -0.174462 100 23 0 0 0 0 0 0 0 0
12100 -225.2 -1.59568 100 29 0 0 0 0 0 0 0 0 0 -1.34612 100 21 -0.725649 100 24 0 0 0 0 0 0 0 0
12200 -224.696 -0.350301 100 30 0 0 0 0 0 0 0 0 0 -1.91996 100 24 -0.043468 100 24 0 0 0 0 0 0 0 0
12300 -224.221 -0.420089 100 34 0 0 0 0 0 0 0 0 0 -1.43313 100 25 -0.582741 100 26 0 0 0 0 0 0 0 0
12400 -225.914 0.174173 100 25 0 0 0 0 0 0 0 0 0 -1.65147 100 22 -0.367456 100 20 0 0 0 0 0 0 0 0
12500 -223.972 -0.55474 100 33 0 0 0 0 0 0 0 0 0 -1.6159 100 34 -0.226333 100 24 0 0 0 0 0 0 0 0
12600 -227.084 -1.55718 100 31 0 0 0 0 0 0 0 0 0 -1.50087 100 19 -1.00511 100 17 0 0 0 0 0 0 0 0
12700 -224.725 -0.126517 100 30 0 0 0 0 0 0 0 0 0 -1.86206 100 33 -0.312142 100 29 0 0 0 0 0 0 0 0
12800 -229.552 0.29509 100 23 0 0 0 0 0 0 0 0 0 -2.43585 100 24 0.537813 100 24 0 0 0 0 0 0 0 0
12900 -225.2 -0.807514 100 31 0 0 0 0 0 0 0 0 0 -1.38419 100 29 -0.314324 100 24 0 0 0 0 0 0 0 0
13000 -223.637 -0.836816 100 25 0 0 0 0 0 0 0 0 0 -1.5559 100 26 -0.401127 100 17 0 0 0 0 0 0 0 0
13100 -224.881 -0.329248 100 33 0 0 0 0 0 0 0 0 0 -1.58167 100 24 -0.777886 100 24 0 0 0 0 0 0 0 0
13200 -223.696 -0.824962 100 26 0 0 0 0 0 0 0 0 0 -1.4429 100 24 -0.650025 100 20 0 0 0 0 0 0 0 0
13300 -225.235 -1.57947 100 29 0 0 0 0 0 0 0 0 0 -1.35549 100 29 -0.785994 100 20 0 0 0 0 0 0 0 0
13400 -224.264 -0.906053 100 38 0 0 0 0 0 0 0 0 0 -1.73397 100 26 -0.385293 100 24 0 0 0 0 0 0 0 0
13500 -224.567 -1.15119 100 26 0 0 0 0 0 0 0 0 0 -1.32365 100 24 -0.881692 100 16 0 0 0 0 0 0 0 0
13600 -224.246 -0.431783 100 30 0 0 0 0 0 0 0 0 0 -1.82951 100 24 -0.114918 100 25 0 0 0 0 0 0 0 0
13700 -226.554 -1.75725 100 22 0 0 0 0 0 0 0 0 0 -1.66409 100 32 -0.436293 100 19 0 0 0 0 0 0 0 0
13800 -224.211 -0.281255 100 28 0 0 0 0 0 0 0 0 0 -1.65529 100 23 -0.555057 100 20 0 0 0 0 0 0 0 0
13900 -223.983 -0.93378 100 28 0 0 0 0 0 0 0 0 0 -1.55406 100 28 -0.65885 100 25 0 0 0 0 0 0 0 0
14000 -223.59 -0.803371 100 34 0 0 0 0 0 0 0 0 0 -1.52631 100 21 -0.576572 100 23 0 0 0 0 0 0 0 0
14100 -224.617 -0.580754 100 27 0 0 0 0 0 0 0 0 0 -1.32775 100 33 -0.602598 100 19 0 0 0 0 0 0 0 0
14200 -224.647 -0.273706 100 31 0 0 0 0 0 0 0 0 0 -1.54077 100 14 -0.287232 100 23 0 0 0 0 0 0 0 0
14300 -224.043 -1.0441 100 27 0 0 0 0 0 0 0 0 0 -1.6295 100 30 -0.442268 100 25 0 0 0 0 0 0 0 0
14400 -223.72 -0.38935 100 18 0 0 0 0 0 0 0 0 0 -1.63302 100 23 -0.385434 100 12 0 0 0 0 0 0 0 0
14500 -223.963 -0.342185 100 30 0 0 0 0 0 0 0 0 0 -1.61777 100 27 -0.542223 100 13 0 0 0 0 0 0 0 0
14600 -224.116 -1.02824 100 23 0 0 0 0 0 0 0 0 0 -1.66184 100 24 -0.383077 100 17 0 0 0 0 0 0 0 0
14700 -224.16 -0.846582 100 24 0 0 0 0 0 0 0 0 0 -1.55663 100 29 -0.723596 100 20 0 0 0 0 0 0 0 0
14800 -224.338 -1.08351 100 23 0 0 0 0 0 0 0 0 0 -1.46261 100 40 -0.794083 100 21 0 0 0 0 0 0 0 0
14900 -227.086 -1.28442 100 29 0 0 0 0 0 0 0 0 0 -1.95945 100 28 -0.0677462 100 20 0 0 0 0 0 0 0 0
15000 -223.778 -0.613678 100 29 0 0 0 0 0 0 0 0 0 -1.56306 100 20 -0.632272 100 16 0 0 0 0 0 0 0 0
15100 -224.56 -0.0498583 100 31 0 0 0 0 0 0 0 0 0 -1.72466 100 31 -0.356771 100 21 0 0 0 0 0 0 0 0
15200 -225.86 -0.0671467 100 29 0 0 0 0 0 0 0 0 0 -1.4463 100 30 -0.698846 100 15 0 0 0 0 0 0 0 0
15300 -223.656 -0.805696 100 28 0 0 0 0 0 0 0 0 0 -1.54168 100 29 -0.599249 100 15 0 0 0 0 0 0 0 0
15400 -224.178 -0.76885 100 25 0 0 0 0 0 0 0 0 0 -1.72012 100 27 -0.158175 100 33 0 0 0 0 0 0 0 0
15500 -224.459 -0.364248 100 28 0 0 0 0 0 0 0 0 0 -1.42961 100 30 -0.671957 100 28 0 0 0 0 0 0 0 0
15600 -227.825 -1.1938 100 31 0 0 0 0 0 0 0 0 0 -1.29558 100 24 -1.36481 100 30 0 0 0 0 0 0 0 0
15700 -225.999 0.14453 100 25 0 0 0 0 0 0 0 0 0 -1.77747 100 35 -0.521345 100 13 0 0 0 0 0 0 0 0
15800 -225.177 -0.330814 100 35 0 0 0 0 0 0 0 0 0 -1.40313 100 24 -0.431003 100 25 0 0 0 0 0 0 0 0
15900 -224.962 -0.502362 100 26 0 0 0 0 0 0 0 0 0 -1.32874 100 23 -0.868108 100 24 0 0 0 0 0 0 0 0
16000 -223.765 -0.942578 100 25 0 0 0 0 0 0 0 0 0 -1.59713 100 32 -0.407649 100 21 0 0 0 0 0 0 0 0
16100 -224.354 -0.277345 100 21 0 0 0 0 0 0 0 0 0 -1.83008 100 27 -0.0937759 100 18 0 0 0 0 0 0 0 0
16200 -225.156 -0.978907 100 31 0 0 0 0 0 0 0 0 0 -1.56726 100 19 -0.857373 100 22 0 0 0 0 0 0 0 0
16300 -224.289 -0.492783 100 24 0 0 0 0 0 0 0 0 0 -1.56869 100 22 -0.224224 100 23 0 0 0 0 0 0 0 0
16400 -223.743 -0.403484 100 32 0 0 0 0 0 0 0 0 0 -1.61983 100 28 -0.480575 100 26 0 0 0 0 0 0 0 0
16500 -224.43 -0.452935 100 37 0 0 0 0 0 0 0 0 0 -1.87957 100 31 -0.154722 100 27 0 0 0 0 0 0 0 0
16600 -224.017 -0.31085 100 31 0 0 0 0 0 0 0 0 0 -1.55383 100 25 -0.450546 100 12 0 0 0 0 0 0 0 0
16700 -224.789 -0.806751 100 31 0 0 0 0 0 0 0 0 0 -1.66725 100 25 -0.699166 100 18 0 0 0 0 0 0 0 0
16800 -228.744 -1.66874 100 28 0 0 0 0 0 0 0 0 0 -0.972222 100 26 -1.29358 100 25 0 0 0 0 0 0 0 0
16900 -224.046 -0.625671 100 22 0 0 0 0 0 0 0 0 0 -1.71981 100 40 -0.157328 100 21 0 0 0 0 0 0 0 0
17000 -224.501 -1.37479 100 23 0 0 0 0 0 0 0 0 0 -1.40178 100 25 -0.623861 100 19 0 0 0 0 0 0 0 0
17100 -224.653 -1.0488 100 25 0 0 0 0 0 0 0 0 0 -1.52095 100 19 -0.811944 100 23 0 0 0 0 0 0 0 0
17200 -228.267 -1.21261 100 25 0 0 0 0 0 0 0 0 0 -1.70372 100 29 -0.968575 100 18 0 0 0 0 0 0 0 0
17300 -224.779 -0.312408 100 21 0 0 0 0 0 0 0 0 0 -1.52592 100 27 -0.265037 100 17 0 0 0 0 0 0 0 0
17400 -223.919 -1.10853 100 21 0 0 0 0 0 0 0 0 0 -1.4572 100 21 -0.617585 100 26 0 0 0 0 0 0 0 0
17500 -224.945 -0.474258 100 23 0 0 0 0 0 0 0 0 0 -1.34551 100 25 -0.861445 100 24 0 0 0 0 0 0 0 0
17600 -223.961 -0.862591 100 24 0 0 0 0 0 0 0 0 0 -1.50709 100 35 -0.723626 100 17 0 0 0 0 0 0 0 0
17700 -224.963 -0.732612 100 26 0 0 0 0 0 0 0 0 0 -1.4432 100 20 -0.964199 100 17 0 0 0 0 0 0 0 0
17800 -228.523 0.338772 100 23 0 0 0 0 0 0 0 0 0 -1.96911 100 20 -0.557467 100 19 0 0 0 0 0 0 0 0
17900 -223.92 -0.747988 100 31 0 0 0 0 0 0 0 0 0 -1.52717 100 25 -0.708822 100 23 0 0 0 0 0 0 0 0
18000 -224.115 -0.405663 100 34 0 0 0 0 0 0 0 0 0 -1.78299 100 19 -0.135706 100 13 0 0 0 0 0 0 0 0
18100 -224.207 -0.549996 100 30 0 0 0 0 0 0 0 0 0 -1.63867 100 27 -0.160908 100 15 0 0 0 0 0 0 0 0
18200 -224.403 -1.14814 100 27 0 0 0 0 0 0 0 0 0 -1.58966 100 28 -0.290602 100 23 0 0 0 0 0 0 0 0
18300 -225.265 -1.56874 100 24 0 0 0 0 0 0 0 0 0 -1.48575 100 36 -0.679406 100 20 0 0 0 0 0 0 0 0
18400 -224.197 -0.739038 100 29 0 0 0 0 0 0 0 0 0 -1.61062 100 28 -0.681522 100 18 0 0 0 0 0 0 0 0
18500 -223.639 -0.695862 100 29 0 0 0 0 0 0 0 0 0 -1.61823 100 28 -0.509975 100 25 0 0 0 0 0 0 0 0
18600 -225.057 0.0799046 100 28 0 0 0 0 0 0 0 0 0 -1.75611 100 33 -0.244081 100 35 0 0 0 0 0 0 0 0
18700 -226.845 -0.06099 100 33 0 0 0 0 0 0 0 0 0 -2.19915 100 24 0.22064 100 21 0 0 0 0 0 0 0 0
18800 -225.648 -1.47791 100 33 0 0 0 0 0 0 0 0 0 -1.67566 100 22 -0.241958 100 21 0 0 0 0 0 0 0 0
18900 -223.728 -0.415407 100 21 0 0 0 0 0 0 0 0 0 -1.68893 100 28 -0.370818 100 19 0 0 0 0 0 0 0 0
19000 -224.564 -0.384943 100 24 0 0 0 0 0 0 0 0 0 -1.78612 100 25 -0.0234987 100 17 0 0 0 0 0 0 0 0
19100 -223.915 -0.86304 100 31 0 0 0 0 0 0 0 0 0 -1.67506 100 29 -0.433275 100 14 0 0 0 0 0 0 0 0
19200 -229.021 -1.09601 100 31 0 0 0 0 0 0 0 0 0 -0.999332 100 23 -1.44798 100 30 0 0 0 0 0 0 0 0
19300 -224.231 -1.17018 100 26 0 0 0 0 0 0 0 0 0 -1.49347 100 26 -0.68819 100 23 0 0 0 0 0 0 0 0
19400 -225.276 -0.576134 100 26 0 0 0 0 0 0 0 0 0 -1.87146 100 23 -0.453013 100 22 0 0 0 0 0 0 0 0
19500 -223.722 -0.593327 100 35 0 0 0 0 0 0 0 0 0 -1.70437 100 26 -0.372335 100 22 0 0 0 0 0 0 0 0
19600 -224.636 -0.967662 100 25 0 0 0 0 0 0 0 0 0 -1.78773 100 28 -0.253136 100 16 0 0 0 0 0 0 0 0
19700 -224.159 -0.269676 100 29 0 0 0 0 0 0 0 0 0 -1.64504 100 27 -0.538139 100 18 0 0 0 0 0 0 0 0
19800 -224.787 -0.271515 100 25 0 0 0 0 0 0 0 0 0 -1.44761 100 35 -0.704735 100 20 0 0 0 0 0 0 0 0
19900 -225.397 -1.38486 100 32 0 0 0 0 0 0 0 0 0 -1.5663 100 22 -0.222939 100 26 0 0 0 0 0 0 0 0
20000 -224.071 -1.05065 100 32 0 0 0 0 0 0 0 0 0 -1.53054 100 25 -0.663069 100 18 0 0 0 0 0 0 0 0
20100 -224.366 -0.495725 100 25 0 0 0 0 0 0 0 0 0 -1.52591 100 22 -0.265466 100 22 0 0 0 0 0 0 0 0
20200 -223.727 -0.463483 100 26 0 0 0 0 0 0 0 0 0 -1.5655 100 26 -0.391369 100 25 0 0 0 0 0 0 0 0
20300 -226.75 -0.347101 100 29 0 0 0 0 0 0 0 0 0 -1.99865 100 20 -0.450043 100 21 0 0 0 0 0 0 0 0
20400 -224.73 -0.874037 100 34 0 0 0 0 0 0 0 0 0 -1.72011 100 21 -0.0740037 100 21 0 0 0 0 0 0 0 0
20500 -224.243 -0.83504 100 30 0 0 0 0 0 0 0 0 0 -1.71712 100 19 -0.166074 100 22 0 0 0 0 0 0 0 0
20600 -225.443 -0.391145 100 22 0 0 0 0 0 0 0 0 0 -1.3015 100 21 -0.654529 100 15 0 0 0 0 0 0 0 0
20700 -223.636 -0.675897 100 25 0 0 0 0 0 0 0 0 0 -1.51901 100 27 -0.421107 100 19 0 0 0 0 0 0 0 0
20800 -225.545 -0.450983 100 29 0 0 0 0 0 0 0 0 0 -1.64873 100 25 -0.844564 100 20 0 0 0 0 0 0 0 0
20900 -230.216 -1.38852 100 24 0 0 0 0 0 0 0 0 0 -1.08372 100 37 -1.62437 100 25 0 0 0 0 0 0 0 0
21000 -228.778 -2.33654 100 32 0 0 0 0 0 0 0 0 0 -1.2484 100 16 -0.566086 100 21 0 0 0 0 0 0 0 0
21100 -225.394 -0.920163 100 32 0 0 0 0 0 0 0 0 0 -1.48631 100 32 -0.166976 100 18 0 0 0 0 0 0 0 0
21200 -224.529 -0.181714 100 33 0 0 0 0 0 0 0 0 0 -1.53595 100 28 -0.475163 100 19 0 0 0 0 0 0 0 0
21300 -224.5 -1.35147 100 31 0 0 0 0 0 0 0 0 0 -1.36706 100 25 -0.679413 100 20 0 0 0 0 0 0 0 0
21400 -223.922 -0.689798 100 27 0 0 0 0 0 0 0 0 0 -1.40196 100 32 -0.711031 100 18 0 0 0 0 0 0 0 0
21500 -223.584 -0.767512 100 27 0 0 0 0 0 0 0 0 0 -1.49653 100 25 -0.488118 100 21 0 0 0 0 0 0 0 0
21600 -225.466 -1.31328 100 30 0 0 0 0 0 0 0 0 0 -1.29899 100 22 -1.03178 100 18 0 0 0 0 0 0 0 0
21700 -224.372 -0.466256 100 30 0 0 0 0 0 0 0 0 0 -1.40621 100 20 -0.740999 100 16 0 0 0 0 0 0 0 0
21800 -226.176 -0.550679 100 28 0 0 0 0 0 0 0 0 0 -1.17766 100 25 -0.845617 100 21 0 0 0 0 0 0 0 0
21900 -223.65 -0.56112 100 21 0 0 0 0 0 0 0 0 0 -1.63198 100 30 -0.496353 100 25 0 0 0 0 0 0 0 0
22000 -223.578 -0.626288 100 41 0 0 0 0 0 0 0 0 0 -1.64702 100 18 -0.392023 100 17 0 0 0 0 0 0 0 0
22100 -226.152 -1.448 100 24 0 0 0 0 0 0 0 0 0 -1.76087 100 26 -0.419882 100 18 0 0 0 0 0 0 0 0
22200 -224.748 -1.30878 100 30 0 0 0 0 0 0 0 0 0 -1.27652 100 29 -0.71737 100 24 0 0 0 0 0 0 0 0
22300 -226.655 -0.847919 100 28 0 0 0 0 0 0 0 0 0 -1.09354 100 27 -0.796368 100 16 0 0 0 0 0 0 0 0
22400 -223.588 -0.536265 100 38 0 0 0 0 0 0 0 0 0 -1.55941 100 25 -0.503634 100 20 0 0 0 0 0 0 0 0
22500 -224.229 -0.723246 100 21 0 0 0 0 0 0 0 0 0 -1.32903 100 21 -0.688518 100 25 0 0 0 0 0 0 0 0
22600 -226.17 -0.0755156 100 28 0 0 0 0 0 0 0 0 0 -2.03434 100 22 -0.271061 100 26 0 0 0 0 0 0 0 0
22700 -223.568 -0.595678 100 33 0 0 0 0 0 0 0 0 0 -1.60676 100 30 -0.371454 100 18 0 0 0 0 0 0 0 0
22800 -227.063 -0.126121 100 28 0 0 0 0 0 0 0 0 0 -1.79414 100 22 0.2268 100 21 0 0 0 0 0 0 0 0
22900 -224.903 -1.42429 100 27 0 0 0 0 0 0 0 0 0 -1.40695 100 30 -0.469449 100 22 0 0 0 0 0 0 0 0
23000 -224.417 -1.28537 100 33 0 0 0 0 0 0 0 0 0 -1.45251 100 23 -0.462551 100 18 0 0 0 0 0 0 0 0
23100 -223.795 -0.554542 100 31 0 0 0 0 0 0 0 0 0 -1.46194 100 23 -0.600977 100 14 0 0 0 0 0 0 0 0
23200 -225.241 -1.2456 100 25 0 0 0 0 0 0 0 0 0 -1.68439 100 26 -0.56826 100 22 0 0 0 0 0 0 0 0
23300 -224.474 -1.11675 100 33 0 0 0 0 0 0 0 0 0 -1.28555 100 19 -0.815528 100 27 0 0 0 0 0 0 0 0
23400 -225.285 -0.973466 100 23 0 0 0 0 0 0 0 0 0 -1.62362 100 31 -0.80237 100 21 0 0 0 0 0 0 0 0
23500 -224.794 -0.279377 100 19 0 0 0 0 0 0 0 0 0 -1.74261 100 22 -0.0255879 100 19 0 0 0 0 0 0 0 0
23600 -226.67 -1.71126 100 30 0 0 0 0 0 0 0 0 0 -1.57172 100 20 -0.755269 100 15 0 0 0 0 0 0 0 0
23700 -223.831 -0.722407 100 25 0 0 0 0 0 0 0 0 0 -1.71542 100 18 -0.322924 100 20 0 0 0 0 0 0 0 0
23800 -224.469 -0.124457 100 32 0 0 0 0 0 0 0 0 0 -1.62121 100 30 -0.473301 100 20 0 0 0 0 0 0 0 0
23900 -225.281 -0.837726 100 30 0 0 0 0 0 0 0 0 0 -1.26318 100 30 -1.043 100 23 0 0 0 0 0 0 0 0
24000 -223.859 -0.721461 100 19 0 0 0 0 0 0 0 0 0 -1.63145 100 22 -0.569598 100 25 0 0 0 0 0 0 0 0
24100 -226.705 -0.0975062 100 34 0 0 0 0 0 0 0 0 0 -2.18436 100 24 0.094973 100 21 0 0 0 0 0 0 0 0
24200 -224.255 -0.890904 100 18 0 0 0 0 0 0 0 0 0 -1.38433 100 20 -0.461949 100 20 0 0 0 0 0 0 0 0
24300 -224.897 -0.0175898 100 28 0 0 0 0 0 0 0 0 0 -1.85827 100 27 -0.292693 100 23 0 0 0 0 0 0 0 0
24400 -224.799 -0.49653 100 35 0 0 0 0 0 0 0 0 0 -1.3409 100 37 -0.827765 100 28 0 0 0 0 0 0 0 0
24500 -226.268 0.119564 100 18 0 0 0 0 0 0 0 0 0 -2.09556 100 24 -0.0551692 100 23 0 0 0 0 0 0 0 0
24600 -225.186 -1.40799 100 31 0 0 0 0 0 0 0 0 0 -1.66353 100 26 -0.373383 100 14 0 0 0 0 0 0 0 0
24700 -224.552 -0.804672 100 28 0 0 0 0 0 0 0 0 0 -1.66236 100 22 -0.665084 100 19 0 0 0 0 0 0 0 0
24800 -224.235 -0.677248 100 30 0 0 0 0 0 0 0 0 0 -1.73971 100 25 -0.118416 100 23 0 0 0 0 0 0 0 0
24900 -224.516 -0.830225 100 20 0 0 0 0 0 0 0 0 0 -1.2792 100 25 -0.829831 100 28 0 0 0 0 0 0 0 0
25000 -224.895 -0.660925 100 28 0 0 0 0 0 0 0 0 0 -1.6024 100 22 -0.817597 100 30 0 0 0 0 0 0 0 0
25100 -226.273 -1.31654 100 28 0 0 0 0 0 0 0 0 0 -1.85795 100 23 -0.119421 100 17 0 0 0 0 0 0 0 0
25200 -223.976 -0.906492 100 34 0 0 0 0 0 0 0 0 0 -1.51406 100 23 -0.711247 100 25 0 0 0 0 0 0 0 0
25300 -224.69 -1.17827 100 24 0 0 0 0 0 0 0 0 0 -1.70028 100 23 -0.379042 100 25 0 0 0 0 0 0 0 0
25400 -225.247 -1.61871 100 24 0 0 0 0 0 0 0 0 0 -1.47432 100 30 -0.551839 100 26 0 0 0 0 0 0 0 0
25500 -224.78 -0.376899 100 26 0 0 0 0 0 0 0 0 0 -1.70174 100 24 -0.659371 100 15 0 0 0 0 0 0 0 0
25600 -224.934 -0.219683 100 20 0 0 0 0 0 0 0 0 0 -1.61903 100 24 -0.148928 100 17 0 0 0 0 0 0 0 0
25700 -224.808 -1.04738 100 15 0 0 0 0 0 0 0 0 0 -1.23263 100 22 -0.724406 100 14 0 0 0 0 0 0 0 0
25800 -223.835 -0.634213 100 33 0 0 0 0 0 0 0 0 0 -1.57363 100 29 -0.642006 100 31 0 0 0 0 0 0 0 0
25900 -225.084 -0.411305 100 29 0 0 0 0 0 0 0 0 0 -1.94385 100 27 -0.254701 100 27 0 0 0 0 0 0 0 0
26000 -225.811 -0.462675 100 30 0 0 0 0 0 0 0 0 0 -1.96015 100 24 -0.370737 100 12 0 0 0 0 0 0 0 0
26100 -223.679 -0.700812 100 30 0 0 0 0 0 0 0 0 0 -1.58197 100 21 -0.581045 100 16 0 0 0 0 0 0 0 0
26200 -223.872 -0.434375 100 21 0 0 0 0 0 0 0 0 0 -1.55641 100 30 -0.601218 100 19 0 0 0 0 0 0 0 0
26300 -225.113 -0.46109 100 29 0 0 0 0 0 0 0 0 0 -1.96883 100 31 -0.149292 100 21 0 0 0 0 0 0 0 0
26400 -224.128 -0.301931 100 22 0 0 0 0 0 0 0 0 0 -1.81043 100 18 -0.239865 100 22 0 0 0 0 0 0 0 0
26500 -224.138 -0.883149 100 27 0 0 0 0 0 0 0 0 0 -1.35251 100 20 -0.566348 100 18 0 0 0 0 0 0 0 0
26600 -224.849 -0.969148 100 27 0 0 0 0 0 0 0 0 0 -1.69 100 23 -0.0915182 100 21 0 0 0 0 0 0 0 0
26700 -226.469 -1.75893 100 29 0 0 0 0 0 0 0 0 0 -1.46955 100 30 -0.841149 100 21 0 0 0 0 0 0 0 0
26800 -223.967 -0.926628 100 29 0 0 0 0 0 0 0 0 0 -1.35998 100 25 -0.649018 100 31 0 0 0 0 0 0 0 0
26900 -224.338 -0.296486 100 20 0 0 0 0 0 0 0 0 0 -1.57654 100 18 -0.648359 100 18 0 0 0 0 0 0 0 0
27000 -225.64 -0.693311 100 30 0 0 0 0 0 0 0 0 0 -1.7282 100 22 -0.750477 100 18 0 0 0 0 0 0 0 0
27100 -227.627 -1.26316 100 26 0 0 0 0 0 0 0 0 0 -1.53432 100 17 0.0146178 100 23 0 0 0 0 0 0 0 0
27200 -223.821 -0.604475 100 30 0 0 0 0 0 0 0 0 0 -1.67132 100 25 -0.229918 100 15 0 0 0 0 0 0 0 0
27300 -227.753 0.162569 100 27 0 0 0 0 0 0 0 0 0 -1.85979 100 29 0.263265 100 29 0 0 0 0 0 0 0 0
27400 -224.565 -0.769945 100 32 0 0 0 0 0 0 0 0 0 -1.59448 100 24 -0.146674 100 29 0 0 0 0 0 0 0 0
27500 -225.365 -0.558512 100 28 0 0 0 0 0 0 0 0 0 -1.28152 100 24 -0.958347 100 24 0 0 0 0 0 0 0 0
27600 -224.344 -0.642448 100 26 0 0 0 0 0 0 0 0 0 -1.79458 100 17 -0.395836 100 18 0 0 0 0 0 0 0 0
27700 -223.859 -0.581713 100 25 0 0 0 0 0 0 0 0 0 -1.43424 100 22 -0.620267 100 18 0 0 0 0 0 0 0 0
27800 -225.231 -1.04428 100 26 0 0 0 0 0 0 0 0 0 -1.53098 100 20 -0.896185 100 21 0 0 0 0 0 0 0 0
27900 -224.042 -0.580035 100 23 0 0 0 0 0 0 0 0 0 -1.40374 100 20 -0.572696 100 23 0 0 0 0 0 0 0 0
28000 -224.862 0.013004 100 29 0 0 0 0 0 0 0 0 0 -1.7337 100 27 -0.211879 100 20 0 0 0 0 0 0 0 0
28100 -226.189 -1.02764 100 25 0 0 0 0 0 0 0 0 0 -1.94612 100 24 -0.200231 100 29 0 0 0 0 0 0 0 0
28200 -224.594 -0.549926 100 25 0 0 0 0 0 0 0 0 0 -1.7604 100 24 -0.547161 100 20 0 0 0 0 0 0 0 0
28300 -224.77 -0.450311 100 35 0 0 0 0 0 0 0 0 0 -1.60141 100 31 -0.123563 100 20 0 0 0 0 0 0 0 0
28400 -224.22 -0.191023 100 22 0 0 0 0 0 0 0 0 0 -1.63849 100 33 -0.471449 100 17 0 0 0 0 0 0 0 0
28500 -223.852 -0.82817 100 30 0 0 0 0 0 0 0 0 0 -1.58867 100 25 -0.606645 100 16 0 0 0 0 0 0 0 0
28600 -224.605 -0.505186 100 31 0 0 0 0 0 0 0 0 0 -1.8729 100 22 -0.297451 100 24 0 0 0 0 0 0 0 0
28700 -224.311 -0.385127 100 35 0 0 0 0 0 0 0 0 0 -1.64083 100 22 -0.166969 100 25 0 0 0 0 0 0 0 0
28800 -224.353 -1.13739 100 32 0 0 0 0 0 0 0 0 0 -1.45661 100 30 -0.780616 100 23 0 0 0 0 0 0 0 0
28900 -223.798 -0.959017 100 20 0 0 0 0 0 0 0 0 0 -1.41411 100 24 -0.596954 100 31 0 0 0 0 0 0 0 0
29000 -224.073 -1.07216 100 29 0 0 0 0 0 0 0 0 0 -1.51331 100 27 -0.673533 100 19 0 0 0 0 0 0 0 0
29100 -225.12 -0.242034 100 33 0 0 0 0 0 0 0 0 0 -1.63905 100 28 -0.73933 100 27 0 0 0 0 0 0 0 0
29200 -224.577 -1.12574 100 27 0 0 0 0 0 0 0 0 0 -1.64061 100 26 -0.224616 100 25 0 0 0 0 0 0 0 0
29300 -229.689 -1.56706 100 35 0 0 0 0 0 0 0 0 0 -0.976691 100 17 -1.49071 100 14 0 0 0 0 0 0 0 0
29400 -224.187 -0.625845 100 22 0 0 0 0 0 0 0 0 0 -1.62875 100 25 -0.170291 100 22 0 0 0 0 0 0 0 0
29500 -223.818 -0.373004 100 24 0 0 0 0 0 0 0 0 0 -1.71956 100 34 -0.338609 100 17 0 0 0 0 0 0 0 0
29600 -224.668 -0.372793 100 31 0 0 0 0 0 0 0 0 0 -1.38955 100 16 -0.619686 100 24 0 0 0 0 0 0 0 0
29700 -224.94 -1.38323 100 28 0 0 0 0 0 0 0 0 0 -1.4718 100 25 -0.36896 100 22 0 0 0 0 0 0 0 0
29800 -224.242 -0.283798 100 36 0 0 0 0 0 0 0 0 0 -1.82769 100 29 -0.147923 100 20 0 0 0 0 0 0 0 0
29900 -225.734 -0.379468 100 30 0 0 0 0 0 0 0 0 0 -1.77828 100 19 -0.698435 100 16 0 0 0 0 0 0 0 0
30000 -225.507 -0.409696 100 28 0 0 0 0 0 0 0 0 0 -2.01192 100 17 -0.154819 100 15 0 0 0 0 0 0 0 0
30100 -225.355 -0.840319 100 30 0 0 0 0 0 0 0 0 0 -1.53745 100 27 -0.111901 100 19 0 0 0 0 0 0 0 0
30200 -226.826 -1.11113 100 25 0 0 0 0 0 0 0 0 0 -1.30217 100 29 -1.26325 100 16 0 0 0 0 0 0 0 0
30300 -231.078 -1.32595 100 26 0 0 0 0 0 0 0 0 0 -0.948231 100 28 -1.65919 100 28 0 0 0 0 0 0 0 0
30400 -223.741 -0.592591 100 22 0 0 0 0 0 0 0 0 0 -1.65361 100 27 -0.505634 100 22 0 0 0 0 0 0 0 0
30500 -227.051 0.454914 100 33 0 0 0 0 0 0 0 0 0 -1.9972 100 19 -0.0610732 100 20 0 0 0 0 0 0 0 0
30600 -225.631 -0.545319 100 23 0 0 0 0 0 0 0 0 0 -2.02448 100 25 0.0186424 100 20 0 0 0 0 0 0 0 0
30700 -226.007 -0.777145 100 32 0 0 0 0 0 0 0 0 0 -2.00773 100 29 -0.101758 100 21 0 0 0 0 0 0 0 0
30800 -227.946 -1.39399 100 36 0 0 0 0 0 0 0 0 0 -1.50805 100 27 -0.01082 100 24 0 0 0 0 0 0 0 0
30900 -224.623 -0.568874 100 22 0 0 0 0 0 0 0 0 0 -1.33037 100 27 -0.813205 100 16 0 0 0 0 0 0 0 0
31000 -224.055 -0.322998 100 24 0 0 0 0 0 0 0 0 0 -1.61547 100 27 -0.283411 100 22 0 0 0 0 0 0 0 0
31100 -225.949 -0.468515 100 32 0 0 0 0 0 0 0 0 0 -2.00947 100 29 0.19825 100 12 0 0 0 0 0 0 0 0
31200 -225.467 -1.33459 100 36 0 0 0 0 0 0 0 0 0 -1.50403 100 25 -0.865128 100 30 0 0 0 0 0 0 0 0
31300 -225.649 -0.0439275 100 24 0 0 0 0 0 0 0 0 0 -1.99318 100 28 0.145392 100 27 0 0 0 0 0 0 0 0
31400 -224.909 -0.141884 100 26 0 0 0 0 0 0 0 0 0 -1.56522 100 20 -0.658548 100 29 0 0 0 0 0 0 0 0
31500 -225.916 -0.300873 100 23 0 0 0 0 0 0 0 0 0 -2.08443 100 23 -0.0261284 100 13 0 0 0 0 0 0 0 0
31600 -223.789 -0.723373 100 26 0 0 0 0 0 0 0 0 0 -1.48915 100 26 -0.694491 100 21 0 0 0 0 0 0 0 0
31700 -226.164 -0.00912589 100 23 0 0 0 0 0 0 0 0 0 -1.5029 100 20 -0.764466 100 24 0 0 0 0 0 0 0 0
31800 -227.364 -1.16862 100 31 0 0 0 0 0 0 0 0 0 -1.74393 100 24 -0.819173 100 19 0 0 0 0 0 0 0 0
31900 -223.873 -1.04187 100 24 0 0 0 0 0 0 0 0 0 -1.41581 100 24 -0.59247 100 18 0 0 0 0 0 0 0 0
32000 -225.25 -1.03255 100 35 0 0 0 0 0 0 0 0 0 -1.50623 100 35 -0.928854 100 22 0 0 0 0 0 0 0 0
32100 -225.396 -0.787558 100 22 0 0 0 0 0 0 0 0 0 -1.18632 100 21 -0.805033 100 24 0 0 0 0 0 0 0 0
32200 -224.488 -0.0856517 100 34 0 0 0 0 0 0 0 0 0 -1.74946 100 28 -0.204347 100 14 0 0 0 0 0 0 0 0
32300 -225.208 -0.179737 100 30 0 0 0 0 0 0 0 0 0 -1.60646 100 15 -0.144405 100 20 0 0 0 0 0 0 0 0
32400 -224.089 -1.18405 100 29 0 0 0 0 0 0 0 0 0 -1.4815 100 28 -0.622753 100 23 0 0 0 0 0 0 0 0
32500 -224.521 -1.30862 100 23 0 0 0 0 0 0 0 0 0 -1.52631 100 28 -0.624483 100 21 0 0 0 0 0 0 0 0
32600 -228.762 -0.366801 100 25 0 0 0 0 0 0 0 0 0 -2.137 100 25 -0.409994 100 21 0 0 0 0 0 0 0 0
32700 -224.951 -1.46249 100 37 0 0 0 0 0 0 0 0 0 -1.51088 100 28 -0.64652 100 26 0 0 0 0 0 0 0 0
32800 -224.994 -0.33235 100 28 0 0 0 0 0 0 0 0 0 -1.4317 100 30 -0.825463 100 20 0 0 0 0 0 0 0 0
32900 -225.102 -0.601775 100 27 0 0 0 0 0 0 0 0 0 -1.54675 100 28 -0.900946 100 21 0 0 0 0 0 0 0 0
33000 -225.181 -1.05341 100 26 0 0 0 0 0 0 0 0 0 -1.66299 100 17 -0.698921 100 18 0 0 0 0 0 0 0 0
33100 -224.234 -0.60795 100 21 0 0 0 0 0 0 0 0 0 -1.72783 100 23 -0.52158 100 14 0 0 0 0 0 0 0 0
33200 -225.283 -1.57119 100 27 0 0 0 0 0 0 0 0 0 -1.36682 100 19 -0.532872 100 25 0 0 0 0 0 0 0 0
33300 -224.774 0.00408932 100 22 0 0 0 0 0 0 0 0 0 -1.71405 100 33 -0.356529 100 20 0 0 0 0 0 0 0 0
33400 -226.245 -1.06304 100 28 0 0 0 0 0 0 0 0 0 -1.92705 100 26 -0.266022 100 18 0 0 0 0 0 0 0 0
33500 -225.508 -1.52885 100 32 0 0 0 0 0 0 0 0 0 -1.61725 100 35 -0.532217 100 34 0 0 0 0 0 0 0 0
33600 -226.243 -0.565682 100 30 0 0 0 0 0 0 0 0 0 -1.95159 100 27 0.236864 100 19 0 0 0 0 0 0 0 0
33700 -225.455 -1.50758 100 29 0 0 0 0 0 0 0 0 0 -1.39358 100 22 -0.413756 100 15 0 0 0 0 0 0 0 0
33800 -225.215 -0.607472 100 24 0 0 0 0 0 0 0 0 0 -1.89871 100 28 0.0764626 100 28 0 0 0 0 0 0 0 0
33900 -228.048 -1.07868 100 39 0 0 0 0 0 0 0 0 0 -1.41274 100 22 -1.32316 100 18 0 0 0 0 0 0 0 0
34000 -223.547 -0.667595 100 25 0 0 0 0 0 0 0 0 0 -1.60112 100 28 -0.388087 100 23 0 0 0 0 0 0 0 0
34100 -225.059 -0.194862 100 33 0 0 0 0 0 0 0 0 0 -1.57441 100 31 -0.739959 100 20 0 0 0 0 0 0 0 0
34200 -223.832 -1.02632 100 20 0 0 0 0 0 0 0 0 0 -1.4282 100 27 -0.578181 100 27 0 0 0 0 0 0 0 0
34300 -224.627 -0.237662 100 32 0 0 0 0 0 0 0 0 0 -1.86462 100 25 -0.0254019 100 18 0 0 0 0 0 0 0 0
34400 -225.106 -0.713221 100 31 0 0 0 0 0 0 0 0 0 -1.24545 100 34 -0.929186 100 26 0 0 0 0 0 0 0 0
34500 -224.22 -0.654245 100 29 0 0 0 0 0 0 0 0 0 -1.36458 100 20 -0.779507 100 17 0 0 0 0 0 0 0 0
34600 -227.894 -0.397276 100 22 0 0 0 0 0 0 0 0 0 -1.71857 100 23 0.249387 100 25 0 0 0 0 0 0 0 0
34700 -224.006 -0.32505 100 27 0 0 0 0 0 0 0 0 0 -1.54339 100 38 -0.467406 100 19 0 0 0 0 0 0 0 0
34800 -224.954 -0.0373199 100 25 0 0 0 0 0 0 0 0 0 -1.86351 100 22 -0.027856 100 20 0 0 0 0 0 0 0 0
34900 -225.251 -1.04944 100 20 0 0 0 0 0 0 0 0 0 -1.52747 100 26 -0.901914 100 18 0 0 0 0 0 0 0 0
35000 -226.076 -0.563397 100 30 0 0 0 0 0 0 0 0 0 -1.52982 100 27 -0.0559154 100 27 0 0 0 0 0 0 0 0
35100 -223.565 -0.769595 100 25 0 0 0 0 0 0 0 0 0 -1.59526 100 16 -0.463045 100 17 0 0 0 0 0 0 0 0
35200 -224.893 -0.331228 100 26 0 0 0 0 0 0 0 0 0 -1.83493 100 22 -0.46901 100 23 0 0 0 0 0 0 0 0
35300 -225.208 -1.56849 100 29 0 0 0 0 0 0 0 0 0 -1.31392 100 24 -0.770836 100 30 0 0 0 0 0 0 0 0
35400 -226.18 -1.85566 100 29 0 0 0 0 0 0 0 0 0 -1.2873 100 23 -0.735681 100 21 0 0 0 0 0 0 0 0
35500 -223.748 -0.606522 100 32 0 0 0 0 0 0 0 0 0 -1.46231 100 26 -0.517965 100 12 0 0 0 0 0 0 0 0
35600 -225.291 -0.979802 100 37 0 0 0 0 0 0 0 0 0 -1.69485 100 25 -0.0286586 100 30 0 0 0 0 0 0 0 0
35700 -223.569 -0.778647 100 32 0 0 0 0 0 0 0 0 0 -1.5546 100 26 -0.541286 100 22 0 0 0 0 0 0 0 0
35800 -224.537 -0.778999 100 27 0 0 0 0 0 0 0 0 0 -1.77292 100 27 -0.455284 100 22 0 0 0 0 0 0 0 0
35900 -224.922 -1.26263 100 29 0 0 0 0 0 0 0 0 0 -1.2456 100 20 -0.696995 100 20 0 0 0 0 0 0 0 0
36000 -224.031 -0.765201 100 33 0 0 0 0 0 0 0 0 0 -1.61123 100 19 -0.638986 100 27 0 0 0 0 0 0 0 0
36100 -225.186 -0.587732 100 25 0 0 0 0 0 0 0 0 0 -1.25954 100 21 -0.876603 100 16 0 0 0 0 0 0 0 0
36200 -225.351 -1.51218 100 32 0 0 0 0 0 0 0 0 0 -1.55596 100 29 -0.644666 100 17 0 0 0 0 0 0 0 0
36300 -225.215 -1.39607 100 39 0 0 0 0 0 0 0 0 0 -1.37216 100 26 -0.42964 100 19 0 0 0 0 0 0 0 0
36400 -227.326 0.432267 100 28 0 0 0 0 0 0 0 0 0 -2.13325 100 26 0.155669 100 29 0 0 0 0 0 0 0 0
36500 -224.147 -0.506533 100 25 0 0 0 0 0 0 0 0 0 -1.79216 100 28 -0.363887 100 24 0 0 0 0 0 0 0 0
36600 -224.13 -0.81417 100 24 0 0 0 0 0 0 0 0 0 -1.67398 100 33 -0.547679 100 26 0 0 0 0 0 0 0 0
36700 -224.318 -0.742226 100 31 0 0 0 0 0 0 0 0 0 -1.52138 100 26 -0.251896 100 14 0 0 0 0 0 0 0 0
36800 -223.574 -0.674419 100 19 0 0 0 0 0 0 0 0 0 -1.50282 100 24 -0.567661 100 16 0 0 0 0 0 0 0 0
36900 -227.21 -1.69333 100 31 0 0 0 0 0 0 0 0 0 -1.77089 100 31 -0.41164 100 19 0 0 0 0 0 0 0 0
37000 -224.093 -0.748435 100 28 0 0 0 0 0 0 0 0 0 -1.74792 100 24 -0.382658 100 15 0 0 0 0 0 0 0 0
37100 -224.769 -0.102889 100 32 0 0 0 0 0 0 0 0 0 -1.82079 100 22 -0.390451 100 19 0 0 0 0 0 0 0 0
37200 -224.833 -0.991472 100 29 0 0 0 0 0 0 0 0 0 -1.42207 100 21 -0.944538 100 28 0 0 0 0 0 0 0 0
37300 -225.244 -1.08916 100 25 0 0 0 0 0 0 0 0 0 -1.31876 100 21 -1.04345 100 16 0 0 0 0 0 0 0 0
37400 -225.927 -1.8084 100 26 0 0 0 0 0 0 0 0 0 -1.3849 100 17 -0.571794 100 22 0 0 0 0 0 0 0 0
37500 -226.386 -0.0208312 100 25 0 0 0 0 0 0 0 0 0 -1.42054 100 23 -0.701037 100 15 0 0 0 0 0 0 0 0
37600 -224.261 -0.870012 100 23 0 0 0 0 0 0 0 0 0 -1.3079 100 23 -0.681477 100 10 0 0 0 0 0 0 0 0
37700 -223.811 -0.529279 100 30 0 0 0 0 0 0 0 0 0 -1.49895 100 28 -0.437771 100 24 0 0 0 0 0 0 0 0
37800 -224.07 -0.987656 100 27 0 0 0 0 0 0 0 0 0 -1.50522 100 21 -0.351334 100 11 0 0 0 0 0 0 0 0
37900 -223.761 -1.00234 100 26 0 0 0 0 0 0 0 0 0 -1.48126 100 24 -0.505508 100 24 0 0 0 0 0 0 0 0
38000 -224.619 -0.0288743 100 17 0 0 0 0 0 0 0 0 0 -1.76315 100 22 -0.311117 100 20 0 0 0 0 0 0 0 0
38100 -223.813 -0.384167 100 33 0 0 0 0 0 0 0 0 0 -1.56829 100 22 -0.509647 100 15 0 0 0 0 0 0 0 0
38200 -225.456 -0.243606 100 34 0 0 0 0 0 0 0 0 0 -1.93301 100 16 0.149014 100 15 0 0 0 0 0 0 0 0
38300 -225.613 -1.09195 100 22 0 0 0 0 0 0 0 0 0 -1.8708 100 29 -0.120577 100 24 0 0 0 0 0 0 0 0
38400 -224.719 -0.965921 100 25 0 0 0 0 0 0 0 0 0 -1.26582 100 21 -0.626372 100 34 0 0 0 0 0 0 0 0
38500 -223.609 -0.889444 100 39 0 0 0 0 0 0 0 0 0 -1.50033 100 21 -0.5378 100 20 0 0 0 0 0 0 0 0
38600 -226.194 -1.07669 100 30 0 0 0 0 0 0 0 0 0 -1.84303 100 31 -0.49531 100 24 0 0 0 0 0 0 0 0
38700 -224.865 -0.136083 100 27 0 0 0 0 0 0 0 0 0 -1.5212 100 22 -0.439146 100 15 0 0 0 0 0 0 0 0
38800 -226.467 -1.66576 100 30 0 0 0 0 0 0 0 0 0 -1.14755 100 20 -0.770448 100 17 0 0 0 0 0 0 0 0
38900 -224.722 -1.31804 100 24 0 0 0 0 0 0 0 0 0 -1.31442 100 25 -0.838738 100 21 0 0 0 0 0 0 0 0
39000 -226.437 -1.86969 100 35 0 0 0 0 0 0 0 0 0 -1.36926 100 18 -0.852558 100 19 0 0 0 0 0 0 0 0
39100 -227.876 -0.402932 100 31 0 0 0 0 0 0 0 0 0 -1.26247 100 24 -0.354871 100 24 0 0 0 0 0 0 0 0
39200 -224.349 -1.11595 100 33 0 0 0 0 0 0 0 0 0 -1.62587 100 25 -0.540757 100 22 0 0 0 0 0 0 0 0
39300 -223.616 -0.78696 100 29 0 0 0 0 0 0 0 0 0 -1.47616 100 21 -0.509409 100 16 0 0 0 0 0 0 0 0
39400 -224.637 -0.021502 100 18 0 0 0 0 0 0 0 0 0 -1.78496 100 23 -0.25142 100 22 0 0 0 0 0 0 0 0
39500 -225.752 -1.26892 100 25 0 0 0 0 0 0 0 0 0 -1.14328 100 28 -0.787437 100 20 0 0 0 0 0 0 0 0
39600 -224.263 -0.555535 100 35 0 0 0 0 0 0 0 0 0 -1.80938 100 29 -0.106353 100 22 0 0 0 0 0 0 0 0
39700 -225.398 -1.37203 100 36 0 0 0 0 0 0 0 0 0 -1.28776 100 19 -0.997072 100 16 0 0 0 0 0 0 0 0
39800 -223.99 -0.818464 100 23 0 0 0 0 0 0 0 0 0 -1.6879 100 25 -0.231826 100 23 0 0 0 0 0 0 0 0
39900 -224.36 -1.11556 100 25 0 0 0 0 0 0 0 0 0 -1.45385 100 20 -0.383112 100 17 0 0 0 0 0 0 0 0
40000 -228.271 -2.28917 100 26 0 0 0 0 0 0 0 0 0 -1.54049 100 29 -0.541485 100 20 0 0 0 0 0 0 0 0
40100 -227.559 -0.61395 100 28 0 0 0 0 0 0 0 0 0 -2.12462 100 26 -0.199906 100 12 0 0 0 0 0 0 0 0
40200 -224.751 -1.08474 100 20 0 0 0 0 0 0 0 0 0 -1.36699 100 20 -0.419434 100 21 0 0 0 0 0 0 0 0
40300 -225.274 -1.01994 100 29 0 0 0 0 0 0 0 0 0 -1.20964 100 23 -1.01348 100 24 0 0 0 0 0 0 0 0
40400 -224.892 -1.5089 100 28 0 0 0 0 0 0 0 0 0 -1.47069 100 23 -0.59714 100 21 0 0 0 0 0 0 0 0
40500 -225.409 -0.274353 100 34 0 0 0 0 0 0 0 0 0 -1.8852 100 27 0.135698 100 15 0 0 0 0 0 0 0 0
40600 -225.748 -1.03597 100 35 0 0 0 0 0 0 0 0 0 -1.86831 100 28 -0.353788 100 25 0 0 0 0 0 0 0 0
40700 -224.795 -0.397051 100 27 0 0 0 0 0 0 0 0 0 -1.60986 100 21 -0.121233 100 20 0 0 0 0 0 0 0 0
40800 -224.014 -0.264027 100 27 0 0 0 0 0 0 0 0 0 -1.60522 100 27 -0.450243 100 25 0 0 0 0 0 0 0 0
40900 -224.031 -0.833631 100 27 0 0 0 0 0 0 0 0 0 -1.36076 100 19 -0.759177 100 23 0 0 0 0 0 0 0 0
41000 -224.524 -0.367155 100 23 0 0 0 0 0 0 0 0 0 -1.48851 100 23 -0.757656 100 17 0 0 0 0 0 0 0 0
41100 -223.682 -0.42148 100 37 0 0 0 0 0 0 0 0 0 -1.63036 100 30 -0.375878 100 22 0 0 0 0 0 0 0 0
41200 -224.183 -0.849106 100 26 0 0 0 0 0 0 0 0 0 -1.53619 100 22 -0.267522 100 15 0 0 0 0 0 0 0 0
41300 -224.681 -1.32974 100 26 0 0 0 0 0 0 0 0 0 -1.31407 100 22 -0.807277 100 18 0 0 0 0 0 0 0 0
41400 -225.751 -0.209577 100 32 0 0 0 0 0 0 0 0 0 -1.61392 100 25 -0.0552947 100 15 0 0 0 0 0 0 0 0
41500 -224.841 -1.04657 100 27 0 0 0 0 0 0 0 0 0 -1.30084 100 24 -0.971768 100 24 0 0 0 0 0 0 0 0
41600 -223.728 -0.390666 100 25 0 0 0 0 0 0 0 0 0 -1.63614 100 29 -0.435991 100 19 0 0 0 0 0 0 0 0
41700 -224.031 -0.939579 100 31 0 0 0 0 0 0 0 0 0 -1.34577 100 26 -0.666582 100 21 0 0 0 0 0 0 0 0
41800 -224.65 -0.0182702 100 27 0 0 0 0 0 0 0 0 0 -1.77156 100 22 -0.292215 100 25 0 0 0 0 0 0 0 0
41900 -223.803 -0.582142 100 25 0 0 0 0 0 0 0 0 0 -1.47091 100 25 -0.656762 100 21 0 0 0 0 0 0 0 0
42000 -225.545 -1.03791 100 32 0 0 0 0 0 0 0 0 0 -1.16022 100 29 -0.999932 100 17 0 0 0 0 0 0 0 0
42100 -229 -2.51091 100 25 0 0 0 0 0 0 0 0 0 -1.43675 100 29 -0.558425 100 27 0 0 0 0 0 0 0 0
42200 -226.152 0.0841257 100 30 0 0 0 0 0 0 0 0 0 -1.52038 100 25 -0.519014 100 24 0 0 0 0 0 0 0 0
42300 -224.58 -0.145153 100 26 0 0 0 0 0 0 0 0 0 -1.55736 100 23 -0.471419 100 18 0 0 0 0 0 0 0 0
42400 -224.796 -0.754238 100 21 0 0 0 0 0 0 0 0 0 -1.29273 100 31 -0.564671 100 18 0 0 0 0 0 0 0 0
42500 -224.023 -0.49276 100 28 0 0 0 0 0 0 0 0 0 -1.79552 100 30 -0.274134 100 24 0 0 0 0 0 0 0 0
42600 -226.297 0.237147 100 26 0 0 0 0 0 0 0 0 0 -1.88896 100 25 0.0708459 100 19 0 0 0 0 0 0 0 0
42700 -228.103 -1.24729 100 24 0 0 0 0 0 0 0 0 0 -0.983661 100 31 -0.84763 100 27 0 0 0 0 0 0 0 0
42800 -224.26 -1.21918 100 28 0 0 0 0 0 0 0 0 0 -1.41043 100 28 -0.730785 100 22 0 0 0 0 0 0 0 0
42900 -223.961 -0.958385 100 28 0 0 0 0 0 0 0 0 0 -1.38247 100 20 -0.569115 100 26 0 0 0 0 0 0 0 0
43000 -224.09 -0.439183 100 26 0 0 0 0 0 0 0 0 0 -1.77279 100 29 -0.138032 100 27 0 0 0 0 0 0 0 0
43100 -226.381 -0.259942 100 34 0 0 0 0 0 0 0 0 0 -1.45128 100 26 -1.01667 100 17 0 0 0 0 0 0 0 0
43200 -224.246 -1.18564 100 37 0 0 0 0 0 0 0 0 0 -1.49512 100 19 -0.680188 100 20 0 0 0 0 0 0 0 0
43300 -225.936 -1.04165 100 31 0 0 0 0 0 0 0 0 0 -1.92521 100 26 -0.0645825 100 15 0 0 0 0 0 0 0 0
43400 -224.595 -0.422568 100 37 0 0 0 0 0 0 0 0 0 -1.71981 100 27 -0.609332 100 16 0 0 0 0 0 0 0 0
43500 -226.466 -1.54313 100 25 0 0 0 0 0 0 0 0 0 -1.70674 100 21 -0.564573 100 17 0 0 0 0 0 0 0 0
43600 -226.474 -1.43975 100 22 0 0 0 0 0 0 0 0 0 -1.78913 100 25 -0.0690812 100 27 0 0 0 0 0 0 0 0
43700 -224.373 -1.29256 100 20 0 0 0 0 0 0 0 0 0 -1.49817 100 28 -0.455819 100 28 0 0 0 0 0 0 0 0
43800 -225.416 -0.133761 100 26 0 0 0 0 0 0 0 0 0 -1.43644 100 24 -0.606029 100 20 0 0 0 0 0 0 0 0
43900 -223.736 -0.769211 100 32 0 0 0 0 0 0 0 0 0 -1.67435 100 28 -0.359765 100 21 0 0 0 0 0 0 0 0
44000 -224.258 -0.440882 100 22 0 0 0 0 0 0 0 0 0 -1.6698 100 21 -0.138877 100 21 0 0 0 0 0 0 0 0
44100 -225.386 -0.831694 100 24 0 0 0 0 0 0 0 0 0 -1.62569 100 23 -0.0312507 100 18 0 0 0 0 0 0 0 0
44200 -224.88 -0.443488 100 26 0 0 0 0 0 0 0 0 0 -1.33106 100 27 -0.706495 100 24 0 0 0 0 0 0 0 0
44300 -225.89 -0.832213 100 28 0 0 0 0 0 0 0 0 0 -1.1615 100 30 -1.05202 100 18 0 0 0 0 0 0 0 0
44400 -224.041 -0.38552 100 29 0 0 0 0 0 0 0 0 0 -1.66355 100 30 -0.204487 100 27 0 0 0 0 0 0 0 0
44500 -226.014 -0.138977 100 22 0 0 0 0 0 0 0 0 0 -1.44129 100 27 -0.352163 100 21 0 0 0 0 0 0 0 0
44600 -224.042 -0.898774 100 23 0 0 0 0 0 0 0 0 0 -1.40922 100 30 -0.47014 100 17 0 0 0 0 0 0 0 0
44700 -224.566 -1.35352 100 33 0 0 0 0 0 0 0 0 0 -1.46912 100 32 -0.681373 100 21 0 0 0 0 0 0 0 0
44800 -225.042 -0.490487 100 29 0 0 0 0 0 0 0 0 0 -1.49062 100 26 -0.910799 100 19 0 0 0 0 0 0 0 0
44900 -225.001 -1.38816 100 30 0 0 0 0 0 0 0 0 0 -1.41597 100 25 -0.841079 100 31 0 0 0 0 0 0 0 0
45000 -224.686 -0.912235 100 24 0 0 0 0 0 0 0 0 0 -1.38217 100 22 -0.386521 100 27 0 0 0 0 0 0 0 0
45100 -224.745 -1.30449 100 30 0 0 0 0 0 0 0 0 0 -1.29829 100 24 -0.847675 100 21 0 0 0 0 0 0 0 0
45200 -224.688 -1.32632 100 29 0 0 0 0 0 0 0 0 0 -1.48208 100 18 -0.384665 100 12 0 0 0 0 0 0 0 0
45300 -224.189 -0.749968 100 30 0 0 0 0 0 0 0 0 0 -1.43953 100 32 -0.824651 100 22 0 0 0 0 0 0 0 0
45400 -224.016 -0.539923 100 26 0 0 0 0 0 0 0 0 0 -1.70385 100 23 -0.511503 100 17 0 0 0 0 0 0 0 0
45500 -225.274 -1.43356 100 23 0 0 0 0 0 0 0 0 0 -1.63148 100 26 -0.530276 100 34 0 0 0 0 0 0 0 0
45600 -223.544 -0.793334 100 30 0 0 0 0 0 0 0 0 0 -1.51582 100 27 -0.516078 100 25 0 0 0 0 0 0 0 0
45700 -224.603 -0.811096 100 25 0 0 0 0 0 0 0 0 0 -1.29664 100 27 -0.898047 100 24 0 0 0 0 0 0 0 0
45800 -224.884 -1.45734 100 36 0 0 0 0 0 0 0 0 0 -1.55036 100 35 -0.472468 100 26 0 0 0 0 0 0 0 0
45900 -224.29 -1.24217 100 33 0 0 0 0 0 0 0 0 0 -1.50172 100 23 -0.636497 100 25 0 0 0 0 0 0 0 0
46000 -224.603 -0.647967 100 24 0 0 0 0 0 0 0 0 0 -1.81251 100 33 -0.034943 100 33 0 0 0 0 0 0 0 0
46100 -225.958 -0.711513 100 26 0 0 0 0 0 0 0 0 0 -1.34293 100 21 -0.304693 100 18 0 0 0 0 0 0 0 0
46200 -226.662 0.254084 100 25 0 0 0 0 0 0 0 0 0 -2.0933 100 29 -0.0891616 100 18 0 0 0 0 0 0 0 0
46300 -226.603 -0.319361 100 25 0 0 0 0 0 0 0 0 0 -1.70649 100 33 -0.887854 100 24 0 0 0 0 0 0 0 0
46400 -224.407 -0.878123 100 35 0 0 0 0 0 0 0 0 0 -1.76901 100 26 -0.180386 100 19 0 0 0 0 0 0 0 0
46500 -223.754 -0.437998 100 25 0 0 0 0 0 0 0 0 0 -1.58262 100 17 -0.53998 100 27 0 0 0 0 0 0 0 0
46600 -224.903 -0.832237 100 31 0 0 0 0 0 0 0 0 0 -1.86884 100 25 -0.129574 100 15 0 0 0 0 0 0 0 0
46700 -227.134 -2.01757 100 26 0 0 0 0 0 0 0 0 0 -1.47453 100 23 -0.746587 100 19 0 0 0 0 0 0 0 0
46800 -225.49 -0.643831 100 27 0 0 0 0 0 0 0 0 0 -1.96256 100 24 0.0734134 100 22 0 0 0 0 0 0 0 0
46900 -228.2 -0.663588 100 31 0 0 0 0 0 0 0 0 0 -2.0455 100 27 0.430635 100 22 0 0 0 0 0 0 0 0
47000 -225.171 -0.18455 100 23 0 0 0 0 0 0 0 0 0 -1.68915 100 22 -0.0474214 100 20 0 0 0 0 0 0 0 0
47100 -224.242 -1.17892 100 25 0 0 0 0 0 0 0 0 0 -1.49708 100 23 -0.681133 100 23 0 0 0 0 0 0 0 0
47200 -227.574 -2.21602 100 26 0 0 0 0 0 0 0 0 0 -1.39061 100 26 -0.709645 100 11 0 0 0 0 0 0 0 0
47300 -223.687 -0.702911 100 26 0 0 0 0 0 0 0 0 0 -1.4706 100 26 -0.64919 100 26 0 0 0 0 0 0 0 0
47400 -225.621 -0.545982 100 32 0 0 0 0 0 0 0 0 0 -1.96238 100 20 -0.30583 100 23 0 0 0 0 0 0 0 0
47500 -224.141 -0.757779 100 25 0 0 0 0 0 0 0 0 0 -1.74671 100 28 -0.403552 100 17 0 0 0 0 0 0 0 0
47600 -224.985 -0.659451 100 27 0 0 0 0 0 0 0 0 0 -1.72216 100 26 0.00482059 100 17 0 0 0 0 0 0 0 0
47700 -223.771 -0.895912 100 28 0 0 0 0 0 0 0 0 0 -1.42068 100 28 -0.670533 100 24 0 0 0 0 0 0 0 0
47800 -223.977 -0.525978 100 25 0 0 0 0 0 0 0 0 0 -1.78505 100 24 -0.243415 100 23 0 0 0 0 0 0 0 0
47900 -224.405 -0.492633 100 33 0 0 0 0 0 0 0 0 0 -1.85223 100 29 -0.0823884 100 18 0 0 0 0 0 0 0 0
48000 -224.031 -0.31692 100 35 0 0 0 0 0 0 0 0 0 -1.55869 100 21 -0.550112 100 23 0 0 0 0 0 0 0 0
48100 -224.334 -1.05824 100 28 0 0 0 0 0 0 0 0 0 -1.48254 100 30 -0.338322 100 26 0 0 0 0 0 0 0 0
48200 -227.242 -2.02746 100 27 0 0 0 0 0 0 0 0 0 -1.5077 100 24 -0.705597 100 18 0 0 0 0 0 0 0 0
48300 -225.168 0.0335055 100 31 0 0 0 0 0 0 0 0 0 -1.90088 100 20 -0.0165704 100 29 0 0 0 0 0 0 0 0
48400 -224.748 -1.17865 100 33 0 0 0 0 0 0 0 0 0 -1.64234 100 25 -0.582278 100 20 0 0 0 0 0 0 0 0
48500 -224.935 0.00637709 100 30 0 0 0 0 0 0 0 0 0 -1.77612 100 27 -0.402185 100 32 0 0 0 0 0 0 0 0
48600 -225.549 -0.624838 100 33 0 0 0 0 0 0 0 0 0 -1.23869 100 32 -0.617834 100 20 0 0 0 0 0 0 0 0
48700 -224.157 -0.485146 100 17 0 0 0 0 0 0 0 0 0 -1.44848 100 27 -0.457233 100 22 0 0 0 0 0 0 0 0
48800 -225.139 -1.12287 100 33 0 0 0 0 0 0 0 0 0 -1.20667 100 26 -0.957951 100 19 0 0 0 0 0 0 0 0
48900 -224.5 -0.312941 100 23 0 0 0 0 0 0 0 0 0 -1.44693 100 19 -0.557131 100 16 0 0 0 0 0 0 0 0
49000 -225.143 -0.886928 100 28 0 0 0 0 0 0 0 0 0 -1.33954 100 34 -0.390207 100 19 0 0 0 0 0 0 0 0
49100 -223.99 -0.936933 100 29 0 0 0 0 0 0 0 0 0 -1.63052 100 23 -0.530523 100 26 0 0 0 0 0 0 0 0
49200 -225.597 -1.64068 100 31 0 0 0 0 0 0 0 0 0 -1.36871 100 29 -0.841935 100 23 0 0 0 0 0 0 0 0
49300 -223.568 -0.825072 100 21 0 0 0 0 0 0 0 0 0 -1.52871 100 28 -0.471179 100 23 0 0 0 0 0 0 0 0
49400 -224.817 -1.48368 100 24 0 0 0 0 0 0 0 0 0 -1.39055 100 23 -0.6027 100 23 0 0 0 0 0 0 0 0
49500 -223.904 -1.01448 100 26 0 0 0 0 0 0 0 0 0 -1.48672 100 23 -0.672354 100 19 0 0 0 0 0 0 0 0
49600 -223.615 -0.898578 100 33 0 0 0 0 0 0 0 0 0 -1.51702 100 28 -0.503925 100 23 0 0 0 0 0 0 0 0
49700 -224.233 -0.532327 100 24 0 0 0 0 0 0 0 0 0 -1.44845 100 17 -0.776973 100 24 0 0 0 0 0 0 0 0
49800 -224.237 -0.323225 100 26 0 0 0 0 0 0 0 0 0 -1.76698 100 37 -0.11345 100 15 0 0 0 0 0 0 0 0
49900 -224.044 -0.403251 100 20 0 0 0 0 0 0 0 0 0 -1.63195 100 19 -0.227123 100 20 0 0 0 0 0 0 0 0
50000 -225.809 -1.62165 100 40 0 0 0 0 0 0 0 0 0 -1.49676 100 20 -0.76796 100 17 0 0 0 0 0 0 0 0
50100 -224.953 0.0514619 100 30 0 0 0 0 0 0 0 0 0 -1.77469 100 22 -0.194431 100 16 0 0 0 0 0 0 0 0
50200 -225.817 0.192432 100 21 0 0 0 0 0 0 0 0 0 -1.85818 100 31 -0.0171689 100 15 0 0 0 0 0 0 0 0
50300 -225.245 -0.345354 100 37 0 0 0 0 0 0 0 0 0 -1.34593 100 24 -0.59135 100 18 0 0 0 0 0 0 0 0
50400 -225.459 -0.0299722 100 30 0 0 0 0 0 0 0 0 0 -1.52364 100 27 -0.61051 100 21 0 0 0 0 0 0 0 0
50500 -223.632 -0.790387 100 29 0 0 0 0 0 0 0 0 0 -1.6162 100 22 -0.372965 100 20 0 0 0 0 0 0 0 0
50600 -224.531 -1.33455 100 40 0 0 0 0 0 0 0 0 0 -1.41072 100 19 -0.741596 100 22 0 0 0 0 0 0 0 0
50700 -224.724 -0.593799 100 27 0 0 0 0 0 0 0 0 0 -1.73087 100 29 -0.618392 100 21 0 0 0 0 0 0 0 0
50800 -224.373 -0.293315 100 27 0 0 0 0 0 0 0 0 0 -1.86858 100 22 -0.152399 100 24 0 0 0 0 0 0 0 0
50900 -224.936 -0.764854 100 22 0 0 0 0 0 0 0 0 0 -1.62381 100 16 -0.790689 100 18 0 0 0 0 0 0 0 0
51000 -224.275 -0.202073 100 24 0 0 0 0 0 0 0 0 0 -1.5887 100 29 -0.391171 100 20 0 0 0 0 0 0 0 0
51100 -225.381 -1.41327 100 15 0 0 0 0 0 0 0 0 0 -1.37485 100 25 -0.40506 100 19 0 0 0 0 0 0 0 0
51200 -224.876 -0.545287 100 35 0 0 0 0 0 0 0 0 0 -1.38714 100 28 -0.399533 100 14 0 0 0 0 0 0 0 0
51300 -223.676 -0.759672 100 26 0 0 0 0 0 0 0 0 0 -1.5956 100 17 -0.549873 100 15 0 0 0 0 0 0 0 0
51400 -224.197 -0.914362 100 24 0 0 0 0 0 0 0 0 0 -1.3845 100 25 -0.835929 100 23 0 0 0 0 0 0 0 0
51500 -223.659 -0.805042 100 35 0 0 0 0 0 0 0 0 0 -1.45627 100 29 -0.526495 100 19 0 0 0 0 0 0 0 0
51600 -224.164 -0.210602 100 28 0 0 0 0 0 0 0 0 0 -1.63575 100 20 -0.473548 100 19 0 0 0 0 0 0 0 0
51700 -224.618 -0.167866 100 27 0 0 0 0 0 0 0 0 0 -1.89027 100 24 -0.0855924 100 16 0 0 0 0 0 0 0 0
51800 -224.793 -1.09084 100 37 0 0 0 0 0 0 0 0 0 -1.23125 100 21 -0.855216 100 23 0 0 0 0 0 0 0 0
51900 -225.213 -1.26722 100 33 0 0 0 0 0 0 0 0 0 -1.74334 100 30 -0.249263 100 23 0 0 0 0 0 0 0 0
52000 -224.832 -0.280518 100 20 0 0 0 0 0 0 0 0 0 -1.75663 100 39 -0.00970332 100 24 0 0 0 0 0 0 0 0
52100 -223.839 -1.06241 100 27 0 0 0 0 0 0 0 0 0 -1.5268 100 20 -0.504419 100 14 0 0 0 0 0 0 0 0
52200 -229.675 -2.60981 100 32 0 0 0 0 0 0 0 0 0 -1.45058 100 31 -0.7144 100 25 0 0 0 0 0 0 0 0
52300 -223.999 -0.642869 100 30 0 0 0 0 0 0 0 0 0 -1.48737 100 32 -0.36169 100 26 0 0 0 0 0 0 0 0
52400 -224.435 -0.612745 100 30 0 0 0 0 0 0 0 0 0 -1.85602 100 17 -0.145596 100 21 0 0 0 0 0 0 0 0
52500 -224.275 -0.457363 100 26 0 0 0 0 0 0 0 0 0 -1.60275 100 31 -0.690658 100 14 0 0 0 0 0 0 0 0
52600 -223.852 -0.583143 100 33 0 0 0 0 0 0 0 0 0 -1.71795 100 27 -0.420953 100 24 0 0 0 0 0 0 0 0
52700 -225.963 0.0733532 100 28 0 0 0 0 0 0 0 0 0 -1.78813 100 18 -0.56745 100 15 0 0 0 0 0 0 0 0
52800 -224.914 -1.33693 100 32 0 0 0 0 0 0 0 0 0 -1.48006 100 19 -0.785795 100 24 0 0 0 0 0 0 0 0
52900 -225.13 -0.491857 100 24 0 0 0 0 0 0 0 0 0 -1.3465 100 28 -0.924618 100 29 0 0 0 0 0 0 0 0
53000 -227.388 -0.334177 100 24 0 0 0 0 0 0 0 0 0 -1.2154 100 31 -1.07988 100 23 0 0 0 0 0 0 0 0
53100 -224.454 -1.17094 100 24 0 0 0 0 0 0 0 0 0 -1.65713 100 21 -0.417706 100 27 0 0 0 0 0 0 0 0
53200 -225.168 -0.122921 100 24 0 0 0 0 0 0 0 0 0 -1.66907 100 32 -0.661349 100 28 0 0 0 0 0 0 0 0
53300 -224.516 -0.193467 100 29 0 0 0 0 0 0 0 0 0 -1.86353 100 27 -0.260295 100 16 0 0 0 0 0 0 0 0
53400 -225.637 -1.64782 100 31 0 0 0 0 0 0 0 0 0 -1.38418 100 22 -0.835408 100 15 0 0 0 0 0 0 0 0
53500 -223.58 -0.840669 100 15 0 0 0 0 0 0 0 0 0 -1.56257 100 31 -0.478177 100 17 0 0 0 0 0 0 0 0
53600 -226.812 -0.637546 100 32 0 0 0 0 0 0 0 0 0 -2.05641 100 26 -0.250874 100 22 0 0 0 0 0 0 0 0
53700 -223.853 -0.974252 100 31 0 0 0 0 0 0 0 0 0 -1.53721 100 20 -0.617261 100 19 0 0 0 0 0 0 0 0
53800 -223.592 -0.527326 100 21 0 0 0 0 0 0 0 0 0 -1.64703 100 31 -0.397253 100 18 0 0 0 0 0 0 0 0
53900 -224.755 -0.505 100 24 0 0 0 0 0 0 0 0 0 -1.57343 100 23 -0.813499 100 19 0 0 0 0 0 0 0 0
54000 -224.223 -0.313986 100 32 0 0 0 0 0 0 0 0 0 -1.82208 100 24 -0.13629 100 21 0 0 0 0 0 0 0 0
54100 -224.247 -0.40395 100 29 0 0 0 0 0 0 0 0 0 -1.66843 100 22 -0.602304 100 20 0 0 0 0 0 0 0 0
54200 -223.61 -0.484269 100 28 0 0 0 0 0 0 0 0 0 -1.60151 100 25 -0.408834 100 18 0 0 0 0 0 0 0 0
54300 -226.998 -0.409733 100 30 0 0 0 0 0 0 0 0 0 -1.73236 100 27 -0.90986 100 24 0 0 0 0 0 0 0 0
54400 -225.497 -1.37704 100 35 0 0 0 0 0 0 0 0 0 -1.27101 100 31 -1.01664 100 15 0 0 0 0 0 0 0 0
54500 -224.233 -0.502654 100 29 0 0 0 0 0 0 0 0 0 -1.41316 100 20 -0.517809 100 22 0 0 0 0 0 0 0 0
54600 -223.814 -0.560777 100 25 0 0 0 0 0 0 0 0 0 -1.7329 100 18 -0.251089 100 28 0 0 0 0 0 0 0 0
54700 -228.96 -1.82632 100 21 0 0 0 0 0 0 0 0 0 -0.94568 100 23 -1.08001 100 21 0 0 0 0 0 0 0 0
54800 -224.044 -0.874322 100 23 0 0 0 0 0 0 0 0 0 -1.37777 100 30 -0.53439 100 14 0 0 0 0 0 0 0 0
54900 -225.069 -0.265376 100 22 0 0 0 0 0 0 0 0 0 -1.56629 100 24 -0.180397 100 24 0 0 0 0 0 0 0 0
55000 -225.097 -0.158307 100 17 0 0 0 0 0 0 0 0 0 -1.47031 100 35 -0.653231 100 14 0 0 0 0 0 0 0 0
55100 -224.583 -0.420165 100 29 0 0 0 0 0 0 0 0 0 -1.71181 100 18 -0.0558852 100 17 0 0 0 0 0 0 0 0
55200 -225.039 -0.981381 100 29 0 0 0 0 0 0 0 0 0 -1.22914 100 24 -0.650378 100 18 0 0 0 0 0 0 0 0
55300 -224.803 -0.200173 100 27 0 0 0 0 0 0 0 0 0 -1.50383 100 25 -0.670567 100 23 0 0 0 0 0 0 0 0
55400 -223.723 -0.977401 100 23 0 0 0 0 0 0 0 0 0 -1.54489 100 33 -0.499926 100 20 0 0 0 0 0 0 0 0
55500 -224.765 -1.40607 100 26 0 0 0 0 0 0 0 0 0 -1.34915 100 29 -0.591079 100 21 0 0 0 0 0 0 0 0
55600 -225.699 -1.2736 100 28 0 0 0 0 0 0 0 0 0 -1.1502 100 33 -0.997126 100 18 0 0 0 0 0 0 0 0
55700 -225.248 -0.854739 100 26 0 0 0 0 0 0 0 0 0 -1.67797 100 25 -0.744746 100 16 0 0 0 0 0 0 0 0
55800 -224.47 -0.567398 100 26 0 0 0 0 0 0 0 0 0 -1.50766 100 21 -0.25832 100 20 0 0 0 0 0 0 0 0
55900 -225.499 -0.17524 100 32 0 0 0 0 0 0 0 0 0 -1.42054 100 33 -0.74923 100 22 0 0 0 0 0 0 0 0
56000 -225.36 -0.952193 100 36 0 0 0 0 0 0 0 0 0 -1.86493 100 24 -0.316563 100 22 0 0 0 0 0 0 0 0
56100 -224.388 -0.145949 100 36 0 0 0 0 0 0 0 0 0 -1.68319 100 29 -0.470788 100 22 0 0 0 0 0 0 0 0
56200 -224.477 -1.37105 100 27 0 0 0 0 0 0 0 0 0 -1.46003 100 29 -0.59369 100 22 0 0 0 0 0 0 0 0
56300 -224.623 -1.00793 100 33 0 0 0 0 0 0 0 0 0 -1.68224 100 25 -0.571608 100 25 0 0 0 0 0 0 0 0
56400 -225.962 -0.497743 100 27 0 0 0 0 0 0 0 0 0 -1.97453 100 26 0.208115 100 24 0 0 0 0 0 0 0 0
56500 -223.683 -0.664786 100 26 0 0 0 0 0 0 0 0 0 -1.48112 100 28 -0.472011 100 27 0 0 0 0 0 0 0 0
56600 -224.229 -0.370921 100 28 0 0 0 0 0 0 0 0 0 -1.47197 100 28 -0.481167 100 18 0 0 0 0 0 0 0 0
56700 -225.215 -1.25352 100 20 0 0 0 0 0 0 0 0 0 -1.32308 100 18 -0.451441 100 19 0 0 0 0 0 0 0 0
56800 -224.126 -0.386155 100 36 0 0 0 0 0 0 0 0 0 -1.56689 100 27 -0.295784 100 18 0 0 0 0 0 0 0 0
56900 -224.925 -1.2965 100 28 0 0 0 0 0 0 0 0 0 -1.45918 100 25 -0.833944 100 31 0 0 0 0 0 0 0 0
57000 -223.708 -0.735243 100 32 0 0 0 0 0 0 0 0 0 -1.43325 100 23 -0.586795 100 23 0 0 0 0 0 0 0 0
57100 -224.699 -0.69897 100 29 0 0 0 0 0 0 0 0 0 -1.78838 100 28 -0.0247674 100 21 0 0 0 0 0 0 0 0
57200 -224.113 -0.361807 100 27 0 0 0 0 0 0 0 0 0 -1.49688 100 27 -0.474371 100 27 0 0 0 0 0 0 0 0
57300 -225.162 -1.42034 100 28 0 0 0 0 0 0 0 0 0 -1.38015 100 26 -0.886698 100 20 0 0 0 0 0 0 0 0
57400 -227.446 0.236168 100 28 0 0 0 0 0 0 0 0 0 -1.79892 100 16 -0.660316 100 15 0 0 0 0 0 0 0 0
57500 -224.072 -0.7777 100 34 0 0 0 0 0 0 0 0 0 -1.35763 100 26 -0.760286 100 25 0 0 0 0 0 0 0 0
57600 -225.53 -1.11227 100 33 0 0 0 0 0 0 0 0 0 -1.34457 100 25 -1.07665 100 26 0 0 0 0 0 0 0 0
57700 -225.119 -0.65692 100 26 0 0 0 0 0 0 0 0 0 -1.73047 100 28 0.0261448 100 21 0 0 0 0 0 0 0 0
57800 -226.606 -1.98816 100 23 0 0 0 0 0 0 0 0 0 -1.41712 100 19 -0.674791 100 19 0 0 0 0 0 0 0 0
57900 -227.056 0.418916 100 26 0 0 0 0 0 0 0 0 0 -1.81251 100 38 -0.268936 100 22 0 0 0 0 0 0 0 0
58000 -225.286 -0.357899 100 27 0 0 0 0 0 0 0 0 0 -1.71919 100 20 -0.713683 100 23 0 0 0 0 0 0 0 0
58100 -224.23 -0.377003 100 33 0 0 0 0 0 0 0 0 0 -1.78514 100 27 -0.406913 100 17 0 0 0 0 0 0 0 0
58200 -225.378 -0.664002 100 34 0 0 0 0 0 0 0 0 0 -1.90002 100 19 -0.380674 100 20 0 0 0 0 0 0 0 0
58300 -227.028 0.398505 100 31 0 0 0 0 0 0 0 0 0 -1.77354 100 28 -0.272774 100 21 0 0 0 0 0 0 0 0
58400 -224.883 -0.765455 100 22 0 0 0 0 0 0 0 0 0 -1.23873 100 22 -0.781533 100 12 0 0 0 0 0 0 0 0
58500 -224.474 -0.583314 100 38 0 0 0 0 0 0 0 0 0 -1.39544 100 22 -0.444276 100 16 0 0 0 0 0 0 0 0
58600 -227.548 0.326535 100 33 0 0 0 0 0 0 0 0 0 -2.19364 100 23 -0.0157611 100 21 0 0 0 0 0 0 0 0
58700 -223.661 -0.563058 100 31 0 0 0 0 0 0 0 0 0 -1.5031 100 23 -0.498712 100 14 0 0 0 0 0 0 0 0
58800 -223.564 -0.765623 100 37 0 0 0 0 0 0 0 0 0 -1.51256 100 28 -0.473954 100 14 0 0 0 0 0 0 0 0
58900 -224.651 -1.25431 100 25 0 0 0 0 0 0 0 0 0 -1.57579 100 24 -0.630942 100 19 0 0 0 0 0 0 0 0
59000 -224.265 -0.551382 100 31 0 0 0 0 0 0 0 0 0 -1.83746 100 28 -0.162281 100 21 0 0 0 0 0 0 0 0
59100 -225.89 -1.24378 100 25 0 0 0 0 0 0 0 0 0 -1.72352 100 26 -0.618884 100 14 0 0 0 0 0 0 0 0
59200 -223.871 -0.967275 100 27 0 0 0 0 0 0 0 0 0 -1.50307 100 25 -0.403058 100 18 0 0 0 0 0 0 0 0
59300 -225.741 -0.38256 100 24 0 0 0 0 0 0 0 0 0 -1.64182 100 23 -0.866195 100 23 0 0 0 0 0 0 0 0
59400 -225.251 -1.31131 100 28 0 0 0 0 0 0 0 0 0 -1.23034 100 29 -0.965852 100 18 0 0 0 0 0 0 0 0
59500 -225.426 -0.631272 100 35 0 0 0 0 0 0 0 0 0 -1.3181 100 31 -1.03751 100 23 0 0 0 0 0 0 0 0
59600 -225.088 -1.22728 100 26 0 0 0 0 0 0 0 0 0 -1.54742 100 26 -0.213751 100 15 0 0 0 0 0 0 0 0
59700 -227.98 -2.30155 100 29 0 0 0 0 0 0 0 0 0 -1.41045 100 30 -0.563258 100 17 0 0 0 0 0 0 0 0
59800 -223.873 -1.05884 100 25 0 0 0 0 0 0 0 0 0 -1.55518 100 23 -0.494448 100 14 0 0 0 0 0 0 0 0
59900 -224.805 -1.48623 100 28 0 0 0 0 0 0 0 0 0 -1.39807 100 34 -0.661225 100 21 0 0 0 0 0 0 0 0
60000 -224.936 -0.353046 100 32 0 0 0 0 0 0 0 0 0 -1.83547 100 27 -0.478414 100 25 0 0 0 0 0 0 0 0
60100 -225.678 -0.997459 100 24 0 0 0 0 0 0 0 0 0 -1.50603 100 28 -0.994036 100 25 0 0 0 0 0 0 0 0
60200 -223.915 -1.10695 100 28 0 0 0 0 0 0 0 0 0 -1.47707 100 26 -0.604258 100 30 0 0 0 0 0 0 0 0
60300 -223.957 -0.620432 100 37 0 0 0 0 0 0 0 0 0 -1.40111 100 23 -0.657854 100 23 0 0 0 0 0 0 0 0
60400 -223.977 -0.965132 100 26 0 0 0 0 0 0 0 0 0 -1.47434 100 24 -0.402323 100 18 0 0 0 0 0 0 0 0
60500 -226.116 0.196927 100 29 0 0 0 0 0 0 0 0 0 -1.84124 100 16 -0.43561 100 24 0 0 0 0 0 0 0 0
60600 -224.764 -0.483456 100 25 0 0 0 0 0 0 0 0 0 -1.32869 100 29 -0.711892 100 14 0 0 0 0 0 0 0 0
60700 -223.986 -0.308898 100 27 0 0 0 0 0 0 0 0 0 -1.62537 100 27 -0.517576 100 17 0 0 0 0 0 0 0 0
60800 -224.729 -0.203775 100 33 0 0 0 0 0 0 0 0 0 -1.57466 100 24 -0.261034 100 24 0 0 0 0 0 0 0 0
60900 -225.617 -1.32881 100 31 0 0 0 0 0 0 0 0 0 -1.15546 100 23 -0.934308 100 18 0 0 0 0 0 0 0 0
61000 -227.933 -0.543571 100 25 0 0 0 0 0 0 0 0 0 -2.22827 100 18 0.307207 100 15 0 0 0 0 0 0 0 0
61100 -223.907 -0.834167 100 25 0 0 0 0 0 0 0 0 0 -1.69826 100 27 -0.326837 100 17 0 0 0 0 0 0 0 0
61200 -224.015 -0.93104 100 29 0 0 0 0 0 0 0 0 0 -1.34795 100 24 -0.700162 100 25 0 0 0 0 0 0 0 0
61300 -225.405 -1.67183 100 34 0 0 0 0 0 0 0 0 0 -1.44732 100 24 -0.61925 100 14 0 0 0 0 0 0 0 0
61400 -227.635 0.501927 100 32 0 0 0 0 0 0 0 0 0 -2.07516 100 30 0.169975 100 22 0 0 0 0 0 0 0 0
61500 -224.165 -0.677431 100 30 0 0 0 0 0 0 0 0 0 -1.69643 100 23 -0.551248 100 22 0 0 0 0 0 0 0 0
61600 -225.794 -1.2534 100 24 0 0 0 0 0 0 0 0 0 -1.1666 100 25 -1.06786 100 18 0 0 0 0 0 0 0 0
61700 -224.549 -0.114835 100 30 0 0 0 0 0 0 0 0 0 -1.65592 100 22 -0.505818 100 19 0 0 0 0 0 0 0 0
61800 -224.797 -0.347574 100 24 0 0 0 0 0 0 0 0 0 -1.93926 100 23 -0.0389597 100 26 0 0 0 0 0 0 0 0
61900 -223.717 -0.586981 100 34 0 0 0 0 0 0 0 0 0 -1.68738 100 24 -0.273682 100 18 0 0 0 0 0 0 0 0
62000 -223.983 -0.468598 100 25 0 0 0 0 0 0 0 0 0 -1.45608 100 23 -0.608171 100 21 0 0 0 0 0 0 0 0
62100 -225.694 -1.2003 100 32 0 0 0 0 0 0 0 0 0 -1.83653 100 30 -0.138871 100 13 0 0 0 0 0 0 0 0
62200 -224.388 -0.279713 100 31 0 0 0 0 0 0 0 0 0 -1.51324 100 24 -0.637363 100 22 0 0 0 0 0 0 0 0
62300 -227.914 -0.410396 100 24 0 0 0 0 0 0 0 0 0 -2.25454 100 29 0.318264 100 22 0 0 0 0 0 0 0 0
62400 -225.852 -1.33301 100 25 0 0 0 0 0 0 0 0 0 -1.26987 100 29 -1.09892 100 24 0 0 0 0 0 0 0 0
62500 -224.447 -0.811424 100 40 0 0 0 0 0 0 0 0 0 -1.29396 100 21 -0.828744 100 23 0 0 0 0 0 0 0 0
62600 -224.327 -0.977509 100 30 0 0 0 0 0 0 0 0 0 -1.68073 100 20 -0.510128 100 22 0 0 0 0 0 0 0 0
62700 -223.78 -0.742292 100 31 0 0 0 0 0 0 0 0 0 -1.48733 100 21 -0.409858 100 25 0 0 0 0 0 0 0 0
62800 -224.356 -0.179779 100 32 0 0 0 0 0 0 0 0 0 -1.82892 100 33 -0.251463 100 28 0 0 0 0 0 0 0 0
62900 -223.839 -0.591951 100 32 0 0 0 0 0 0 0 0 0 -1.6787 100 22 -0.221297 100 27 0 0 0 0 0 0 0 0
63000 -224.643 -0.92463 100 28 0 0 0 0 0 0 0 0 0 -1.62766 100 22 -0.70467 100 21 0 0 0 0 0 0 0 0
63100 -223.763 -0.590035 100 28 0 0 0 0 0 0 0 0 0 -1.64466 100 30 -0.259155 100 16 0 0 0 0 0 0 0 0
63200 -225.773 -0.91062 100 27 0 0 0 0 0 0 0 0 0 -1.44513 100 29 -1.07152 100 28 0 0 0 0 0 0 0 0
63300 -224.459 -1.04257 100 30 0 0 0 0 0 0 0 0 0 -1.68357 100 21 -0.500096 100 26 0 0 0 0 0 0 0 0
63400 -225.497 -1.16172 100 29 0 0 0 0 0 0 0 0 0 -1.17814 100 28 -1.02024 100 24 0 0 0 0 0 0 0 0
63500 -224.487 -0.57903 100 25 0 0 0 0 0 0 0 0 0 -1.71445 100 32 -0.602066 100 19 0 0 0 0 0 0 0 0
63600 -223.834 -0.736376 100 28 0 0 0 0 0 0 0 0 0 -1.70462 100 23 -0.278563 100 31 0 0 0 0 0 0 0 0
63700 -225.099 -0.537022 100 22 0 0 0 0 0 0 0 0 0 -1.33158 100 23 -0.935283 100 19 0 0 0 0 0 0 0 0
63800 -224.575 -1.29666 100 29 0 0 0 0 0 0 0 0 0 -1.34936 100 27 -0.569245 100 19 0 0 0 0 0 0 0 0
63900 -226.712 -1.27304 100 29 0 0 0 0 0 0 0 0 0 -1.04848 100 22 -0.958789 100 20 0 0 0 0 0 0 0 0
64000 -224.689 -0.038826 100 31 0 0 0 0 0 0 0 0 0 -1.66557 100 23 -0.328265 100 18 0 0 0 0 0 0 0 0
64100 -224.438 -0.10279 100 19 0 0 0 0 0 0 0 0 0 -1.65683 100 18 -0.353807 100 24 0 0 0 0 0 0 0 0
64200 -224.358 -0.254516 100 29 0 0 0 0 0 0 0 0 0 -1.56747 100 27 -0.325036 100 20 0 0 0 0 0 0 0 0
64300 -223.616 -0.582473 100 36 0 0 0 0 0 0 0 0 0 -1.54353 100 21 -0.418233 100 15 0 0 0 0 0 0 0 0
64400 -225.03 -0.146547 100 31 0 0 0 0 0 0 0 0 0 -1.81577 100 29 -0.483749 100 25 0 0 0 0 0 0 0 0
64500 -225.39 -1.49617 100 29 0 0 0 0 0 0 0 0 0 -1.22417 100 28 -0.830855 100 19 0 0 0 0 0 0 0 0
64600 -224.039 -0.396524 100 27 0 0 0 0 0 0 0 0 0 -1.52432 100 29 -0.637578 100 28 0 0 0 0 0 0 0 0
64700 -224.986 -1.28972 100 27 0 0 0 0 0 0 0 0 0 -1.3579 100 25 -0.926051 100 21 0 0 0 0 0 0 0 0
64800 -224.345 -0.376131 100 28 0 0 0 0 0 0 0 0 0 -1.81459 100 19 -0.0711458 100 24 0 0 0 0 0 0 0 0
64900 -225.251 -1.462 100 24 0 0 0 0 0 0 0 0 0 -1.35112 100 22 -0.898883 100 23 0 0 0 0 0 0 0 0
65000 -225.186 -0.502692 100 26 0 0 0 0 0 0 0 0 0 -1.97918 100 12 -0.0205744 100 18 0 0 0 0 0 0 0 0
65100 -224.619 -0.865742 100 28 0 0 0 0 0 0 0 0 0 -1.7416 100 25 -0.511759 100 20 0 0 0 0 0 0 0 0
65200 -226.933 -0.626801 100 22 0 0 0 0 0 0 0 0 0 -2.09343 100 21 -0.16295 100 19 0 0 0 0 0 0 0 0
65300 -224.575 -0.734931 100 26 0 0 0 0 0 0 0 0 0 -1.70778 100 23 -0.0703838 100 20 0 0 0 0 0 0 0 0
65400 -224.921 -0.490874 100 21 0 0 0 0 0 0 0 0 0 -1.65246 100 16 -0.757457 100 21 0 0 0 0 0 0 0 0
65500 -223.949 -0.41999 100 29 0 0 0 0 0 0 0 0 0 -1.76681 100 26 -0.204472 100 15 0 0 0 0 0 0 0 0
65600 -232.836 -0.0600132 100 34 0 0 0 0 0 0 0 0 0 -1.9138 100 22 -1.14167 100 20 0 0 0 0 0 0 0 0
65700 -224.119 -0.863603 100 21 0 0 0 0 0 0 0 0 0 -1.51639 100 27 -0.301535 100 17 0 0 0 0 0 0 0 0
65800 -224.112 -0.844691 100 25 0 0 0 0 0 0 0 0 0 -1.34007 100 25 -0.766432 100 17 0 0 0 0 0 0 0 0
65900 -225.706 -1.7127 100 20 0 0 0 0 0 0 0 0 0 -1.28714 100 30 -0.777285 100 20 0 0 0 0 0 0 0 0
66000 -224.325 -0.766663 100 20 0 0 0 0 0 0 0 0 0 -1.44928 100 27 -0.342726 100 25 0 0 0 0 0 0 0 0
66100 -224.02 -0.915777 100 24 0 0 0 0 0 0 0 0 0 -1.54503 100 22 -0.686513 100 19 0 0 0 0 0 0 0 0
66200 -225.058 -0.34649 100 32 0 0 0 0 0 0 0 0 0 -1.35544 100 23 -0.649881 100 28 0 0 0 0 0 0 0 0
66300 -225.729 -0.292182 100 37 0 0 0 0 0 0 0 0 0 -1.31419 100 31 -0.745306 100 20 0 0 0 0 0 0 0 0
66400 -224.715 -1.16405 100 24 0 0 0 0 0 0 0 0 0 -1.68908 100 22 -0.465777 100 22 0 0 0 0 0 0 0 0
66500 -225.024 -0.920938 100 23 0 0 0 0 0 0 0 0 0 -1.27252 100 23 -0.538887 100 19 0 0 0 0 0 0 0 0
66600 -224.367 -0.277692 100 29 0 0 0 0 0 0 0 0 0 -1.77946 100 28 -0.433368 100 24 0 0 0 0 0 0 0 0
66700 -226.655 0.0157189 100 22 0 0 0 0 0 0 0 0 0 -1.47001 100 18 -0.806583 100 20 0 0 0 0 0 0 0 0
66800 -224.309 -0.170798 100 26 0 0 0 0 0 0 0 0 0 -1.68561 100 19 -0.466619 100 20 0 0 0 0 0 0 0 0
66900 -224.33 -0.220404 100 26 0 0 0 0 0 0 0 0 0 -1.67935 100 28 -0.526795 100 23 0 0 0 0 0 0 0 0
67000 -223.614 -0.600056 100 23 0 0 0 0 0 0 0 0 0 -1.5917 100 16 -0.353523 100 26 0 0 0 0 0 0 0 0
67100 -227.041 -0.113318 100 24 0 0 0 0 0 0 0 0 0 -1.42163 100 19 -0.273073 100 27 0 0 0 0 0 0 0 0
67200 -223.964 -0.513595 100 33 0 0 0 0 0 0 0 0 0 -1.44582 100 30 -0.65124 100 20 0 0 0 0 0 0 0 0
67300 -224.184 -0.622488 100 35 0 0 0 0 0 0 0 0 0 -1.79971 100 22 -0.154149 100 16 0 0 0 0 0 0 0 0
67400 -223.938 -0.993499 100 33 0 0 0 0 0 0 0 0 0 -1.46707 100 24 -0.710925 100 26 0 0 0 0 0 0 0 0
67500 -226.271 0.194269 100 27 0 0 0 0 0 0 0 0 0 -1.89091 100 26 0.10371 100 16 0 0 0 0 0 0 0 0
67600 -226.761 0.335529 100 31 0 0 0 0 0 0 0 0 0 -1.7332 100 21 -0.377817 100 21 0 0 0 0 0 0 0 0
67700 -225.735 -0.104438 100 28 0 0 0 0 0 0 0 0 0 -1.57969 100 24 -0.152435 100 23 0 0 0 0 0 0 0 0
67800 -225.254 -1.49281 100 28 0 0 0 0 0 0 0 0 0 -1.28721 100 24 -0.88317 100 19 0 0 0 0 0 0 0 0
67900 -223.996 -1.09112 100 28 0 0 0 0 0 0 0 0 0 -1.56543 100 16 -0.406365 100 17 0 0 0 0 0 0 0 0
68000 -225.134 -0.647838 100 23 0 0 0 0 0 0 0 0 0 -1.25956 100 23 -0.92145 100 18 0 0 0 0 0 0 0 0
68100 -223.567 -0.674309 100 23 0 0 0 0 0 0 0 0 0 -1.50722 100 28 -0.563127 100 21 0 0 0 0 0 0 0 0
68200 -224.447 -1.09325 100 25 0 0 0 0 0 0 0 0 0 -1.28909 100 21 -0.820137 100 26 0 0 0 0 0 0 0 0
68300 -224.899 -1.33534 100 24 0 0 0 0 0 0 0 0 0 -1.25792 100 30 -0.829297 100 27 0 0 0 0 0 0 0 0
68400 -224.022 -0.819546 100 27 0 0 0 0 0 0 0 0 0 -1.70416 100 37 -0.228993 100 29 0 0 0 0 0 0 0 0
68500 -224.648 -0.640949 100 37 0 0 0 0 0 0 0 0 0 -1.78806 100 18 -0.0217247 100 23 0 0 0 0 0 0 0 0
68600 -225.077 -0.102492 100 31 0 0 0 0 0 0 0 0 0 -1.95512 100 32 -0.182939 100 19 0 0 0 0 0 0 0 0
68700 -224.011 -0.4234 100 35 0 0 0 0 0 0 0 0 0 -1.70023 100 33 -0.502591 100 24 0 0 0 0 0 0 0 0
68800 -225.191 -1.21061 100 20 0 0 0 0 0 0 0 0 0 -1.35618 100 30 -0.39429 100 21 0 0 0 0 0 0 0 0
68900 -223.797 -0.665492 100 26 0 0 0 0 0 0 0 0 0 -1.66113 100 27 -0.247251 100 19 0 0 0 0 0 0 0 0
69000 -224.513 -0.512918 100 26 0 0 0 0 0 0 0 0 0 -1.82513 100 27 -0.399654 100 26 0 0 0 0 0 0 0 0
69100 -225.464 -0.0397097 100 27 0 0 0 0 0 0 0 0 0 -1.68627 100 21 -0.0791082 100 21 0 0 0 0 0 0 0 0
69200 -228.259 -0.0769565 100 20 0 0 0 0 0 0 0 0 0 -1.87313 100 21 0.370798 100 20 0 0 0 0 0 0 0 0
69300 -224.458 -0.440744 100 19 0 0 0 0 0 0 0 0 0 -1.69526 100 19 -0.619321 100 14 0 0 0 0 0 0 0 0
69400 -223.669 -0.740009 100 14 0 0 0 0 0 0 0 0 0 -1.65862 100 26 -0.350989 100 27 0 0 0 0 0 0 0 0
69500 -225.108 -0.82296 100 27 0 0 0 0 0 0 0 0 0 -1.8736 100 23 -0.305012 100 23 0 0 0 0 0 0 0 0
69600 -224.392 -0.410782 100 18 0 0 0 0 0 0 0 0 0 -1.85134 100 27 -0.0748141 100 17 0 0 0 0 0 0 0 0
69700 -225.214 -0.187031 100 26 0 0 0 0 0 0 0 0 0 -1.59531 100 24 -0.755031 100 22 0 0 0 0 0 0 0 0
69800 -224.547 -0.519305 100 38 0 0 0 0 0 0 0 0 0 -1.41675 100 26 -0.843197 100 15 0 0 0 0 0 0 0 0
69900 -223.69 -0.954992 100 19 0 0 0 0 0 0 0 0 0 -1.51206 100 22 -0.482761 100 19 0 0 0 0 0 0 0 0
70000 -224.528 -0.329444 100 30 0 0 0 0 0 0 0 0 0 -1.45489 100 19 -0.464929 100 19 0 0 0 0 0 0 0 0
70100 -226.435 -0.846553 100 31 0 0 0 0 0 0 0 0 0 -1.50569 100 24 -0.0497376 100 21 0 0 0 0 0 0 0 0
70200 -226.806 0.200822 100 27 0 0 0 0 0 0 0 0 0 -1.8347 100 27 -0.5645 100 21 0 0 0 0 0 0 0 0
70300 -228.141 -2.33051 100 35 0 0 0 0 0 0 0 0 0 -1.33286 100 27 -0.608781 100 27 0 0 0 0 0 0 0 0
70400 -224.521 -0.590382 100 29 0 0 0 0 0 0 0 0 0 -1.59856 100 34 -0.760817 100 24 0 0 0 0 0 0 0 0
70500 -224.587 -0.554187 100 26 0 0 0 0 0 0 0 0 0 -1.4638 100 17 -0.306891 100 17 0 0 0 0 0 0 0 0
70600 -224.79 -0.744455 100 38 0 0 0 0 0 0 0 0 0 -1.29023 100 19 -0.923796 100 19 0 0 0 0 0 0 0 0
70700 -223.663 -0.58588 100 29 0 0 0 0 0 0 0 0 0 -1.49169 100 27 -0.511957 100 15 0 0 0 0 0 0 0 0
70800 -223.907 -0.492791 100 36 0 0 0 0 0 0 0 0 0 -1.6917 100 28 -0.495877 100 26 0 0 0 0 0 0 0 0
70900 -225.31 -0.125216 100 30 0 0 0 0 0 0 0 0 0 -2.0108 100 21 -0.0817245 100 13 0 0 0 0 0 0 0 0
71000 -225.007 -1.29317 100 22 0 0 0 0 0 0 0 0 0 -1.31139 100 24 -0.521915 100 21 0 0 0 0 0 0 0 0
71100 -228.031 -0.662387 100 28 0 0 0 0 0 0 0 0 0 -1.94366 100 28 -0.667895 100 21 0 0 0 0 0 0 0 0
71200 -224.468 -0.759148 100 28 0 0 0 0 0 0 0 0 0 -1.35723 100 24 -0.478517 100 25 0 0 0 0 0 0 0 0
71300 -225.518 0.132728 100 30 0 0 0 0 0 0 0 0 0 -1.96399 100 29 -0.0985537 100 17 0 0 0 0 0 0 0 0
71400 -224.441 -0.467627 100 32 0 0 0 0 0 0 0 0 0 -1.87449 100 28 -0.105603 100 23 0 0 0 0 0 0 0 0
71500 -225.498 -1.16682 100 32 0 0 0 0 0 0 0 0 0 -1.77379 100 30 -0.46734 100 24 0 0 0 0 0 0 0 0
71600 -225.433 0.0131012 100 31 0 0 0 0 0 0 0 0 0 -2.00952 100 23 -0.0262588 100 29 0 0 0 0 0 0 0 0
71700 -223.688 -0.862664 100 27 0 0 0 0 0 0 0 0 0 -1.52706 100 28 -0.61088 100 16 0 0 0 0 0 0 0 0
71800 -228.091 -1.07418 100 27 0 0 0 0 0 0 0 0 0 -1.17638 100 29 -0.378476 100 17 0 0 0 0 0 0 0 0
71900 -225.705 -1.09091 100 27 0 0 0 0 0 0 0 0 0 -1.13936 100 15 -0.999618 100 32 0 0 0 0 0 0 0 0
72000 -224.546 -0.135113 100 29 0 0 0 0 0 0 0 0 0 -1.69314 100 19 -0.508148 100 17 0 0 0 0 0 0 0 0
72100 -224.279 -0.577792 100 28 0 0 0 0 0 0 0 0 0 -1.42642 100 23 -0.80631 100 23 0 0 0 0 0 0 0 0
72200 -223.68 -0.597899 100 31 0 0 0 0 0 0 0 0 0 -1.51695 100 29 -0.615379 100 30 0 0 0 0 0 0 0 0
72300 -226.419 -1.03846 100 27 0 0 0 0 0 0 0 0 0 -1.15133 100 17 -1.19893 100 22 0 0 0 0 0 0 0 0
72400 -224.449 -1.15922 100 18 0 0 0 0 0 0 0 0 0 -1.52749 100 30 -0.314274 100 20 0 0 0 0 0 0 0 0
72500 -224.601 -1.17842 100 25 0 0 0 0 0 0 0 0 0 -1.57865 100 25 -0.664972 100 27 0 0 0 0 0 0 0 0
72600 -224.499 -0.3218 100 24 0 0 0 0 0 0 0 0 0 -1.87993 100 26 -0.246153 100 17 0 0 0 0 0 0 0 0
72700 -224.577 -1.11599 100 25 0 0 0 0 0 0 0 0 0 -1.71309 100 29 -0.351317 100 12 0 0 0 0 0 0 0 0
72800 -224.252 -0.368016 100 33 0 0 0 0 0 0 0 0 0 -1.45764 100 27 -0.614402 100 23 0 0 0 0 0 0 0 0
72900 -225.631 -0.261449 100 28 0 0 0 0 0 0 0 0 0 -1.34218 100 28 -0.757171 100 18 0 0 0 0 0 0 0 0
73000 -223.796 -0.480904 100 29 0 0 0 0 0 0 0 0 0 -1.63833 100 27 -0.532207 100 16 0 0 0 0 0 0 0 0
73100 -223.664 -0.749809 100 21 0 0 0 0 0 0 0 0 0 -1.44974 100 27 -0.622248 100 21 0 0 0 0 0 0 0 0
73200 -224.419 -0.817245 100 28 0 0 0 0 0 0 0 0 0 -1.80404 100 20 -0.215029 100 17 0 0 0 0 0 0 0 0
73300 -223.572 -0.767704 100 34 0 0 0 0 0 0 0 0 0 -1.5239 100 31 -0.574842 100 14 0 0 0 0 0 0 0 0
73400 -223.789 -0.691699 100 22 0 0 0 0 0 0 0 0 0 -1.62715 100 19 -0.558596 100 28 0 0 0 0 0 0 0 0
73500 -225.99 -0.667891 100 29 0 0 0 0 0 0 0 0 0 -1.85145 100 25 -0.590844 100 27 0 0 0 0 0 0 0 0
73600 -225.396 -0.941967 100 32 0 0 0 0 0 0 0 0 0 -1.89886 100 33 -0.147897 100 16 0 0 0 0 0 0 0 0
73700 -225.449 -0.305892 100 24 0 0 0 0 0 0 0 0 0 -1.74478 100 21 -0.695543 100 21 0 0 0 0 0 0 0 0
73800 -224.623 -1.20639 100 23 0 0 0 0 0 0 0 0 0 -1.45351 100 28 -0.363997 100 25 0 0 0 0 0 0 0 0
73900 -226.48 -1.87162 100 21 0 0 0 0 0 0 0 0 0 -1.25589 100 21 -0.898609 100 18 0 0 0 0 0 0 0 0
74000 -225.197 -1.41783 100 23 0 0 0 0 0 0 0 0 0 -1.25163 100 24 -0.673079 100 22 0 0 0 0 0 0 0 0
74100 -223.71 -0.613267 100 19 0 0 0 0 0 0 0 0 0 -1.48903 100 19 -0.634724 100 20 0 0 0 0 0 0 0 0
74200 -223.647 -0.507239 100 20 0 0 0 0 0 0 0 0 0 -1.67267 100 25 -0.394776 100 27 0 0 0 0 0 0 0 0
74300 -225.633 -0.167872 100 33 0 0 0 0 0 0 0 0 0 -1.40157 100 22 -0.735414 100 16 0 0 0 0 0 0 0 0
74400 -225.759 -1.18116 100 26 0 0 0 0 0 0 0 0 0 -1.66702 100 19 -0.734427 100 20 0 0 0 0 0 0 0 0
74500 -224.041 -0.495618 100 31 0 0 0 0 0 0 0 0 0 -1.72876 100 22 -0.472598 100 12 0 0 0 0 0 0 0 0
74600 -224.568 -1.33164 100 38 0 0 0 0 0 0 0 0 0 -1.3724 100 25 -0.773932 100 16 0 0 0 0 0 0 0 0
74700 -225.539 -0.162566 100 40 0 0 0 0 0 0 0 0 0 -1.59025 100 22 -0.796889 100 13 0 0 0 0 0 0 0 0
74800 -224.917 -0.669591 100 33 0 0 0 0 0 0 0 0 0 -1.28174 100 26 -0.910356 100 18 0 0 0 0 0 0 0 0
74900 -224.403 -0.986136 100 24 0 0 0 0 0 0 0 0 0 -1.31171 100 26 -0.862554 100 24 0 0 0 0 0 0 0 0
75000 -226.622 0.0989906 100 34 0 0 0 0 0 0 0 0 0 -1.59489 100 27 -0.748889 100 18 0 0 0 0 0 0 0 0
75100 -225.615 0.0403633 100 30 0 0 0 0 0 0 0 0 0 -2.01814 100 29 -0.109702 100 19 0 0 0 0 0 0 0 0
75200 -223.872 -1.04735 100 27 0 0 0 0 0 0 0 0 0 -1.42951 100 22 -0.656455 100 16 0 0 0 0 0 0 0 0
75300 -225.068 -0.464514 100 31 0 0 0 0 0 0 0 0 0 -1.67423 100 25 -0.751035 100 18 0 0 0 0 0 0 0 0
75400 -225.453 -0.93236 100 37 0 0 0 0 0 0 0 0 0 -1.90844 100 36 -0.110214 100 23 0 0 0 0 0 0 0 0
75500 -224.61 -0.177123 100 24 0 0 0 0 0 0 0 0 0 -1.71491 100 20 -0.11833 100 25 0 0 0 0 0 0 0 0
75600 -225.388 -0.179506 100 25 0 0 0 0 0 0 0 0 0 -1.70226 100 27 -0.698737 100 32 0 0 0 0 0 0 0 0
75700 -226.045 -0.157567 100 24 0 0 0 0 0 0 0 0 0 -1.76738 100 24 -0.713508 100 22 0 0 0 0 0 0 0 0
75800 -224.954 -0.364512 100 20 0 0 0 0 0 0 0 0 0 -1.88865 100 23 0.0627458 100 18 0 0 0 0 0 0 0 0
75900 -226.423 -1.38405 100 31 0 0 0 0 0 0 0 0 0 -1.58068 100 22 -0.080479 100 26 0 0 0 0 0 0 0 0
76000 -226.446 -0.377119 100 29 0 0 0 0 0 0 0 0 0 -1.22302 100 22 -0.737024 100 21 0 0 0 0 0 0 0 0
76100 -224.994 -0.168908 100 22 0 0 0 0 0 0 0 0 0 -1.89495 100 26 -0.341113 100 24 0 0 0 0 0 0 0 0
76200 -225.527 -1.46205 100 19 0 0 0 0 0 0 0 0 0 -1.30072 100 23 -0.50849 100 26 0 0 0 0 0 0 0 0
76300 -226.02 -0.192539 100 29 0 0 0 0 0 0 0 0 0 -1.85051 100 27 0.184791 100 18 0 0 0 0 0 0 0 0
76400 -226.211 0.027645 100 18 0 0 0 0 0 0 0 0 0 -1.94068 100 33 0.208679 100 25 0 0 0 0 0 0 0 0
76500 -224.147 -0.288891 100 21 0 0 0 0 0 0 0 0 0 -1.70433 100 15 -0.486721 100 20 0 0 0 0 0 0 0 0
76600 -223.942 -1.12098 100 32 0 0 0 0 0 0 0 0 0 -1.48396 100 28 -0.504565 100 25 0 0 0 0 0 0 0 0
76700 -224.439 -0.633055 100 27 0 0 0 0 0 0 0 0 0 -1.38331 100 27 -0.460411 100 23 0 0 0 0 0 0 0 0
76800 -227.048 -1.37467 100 35 0 0 0 0 0 0 0 0 0 -1.60932 100 24 -0.92442 100 18 0 0 0 0 0 0 0 0
76900 -228.515 -0.205636 100 24 0 0 0 0 0 0 0 0 0 -2.27985 100 26 0.500751 100 15 0 0 0 0 0 0 0 0
77000 -225.222 -1.22025 100 24 0 0 0 0 0 0 0 0 0 -1.59623 100 23 -0.745073 100 16 0 0 0 0 0 0 0 0
77100 -224.203 -0.277888 100 19 0 0 0 0 0 0 0 0 0 -1.74845 100 21 -0.146358 100 22 0 0 0 0 0 0 0 0
77200 -224.145 -0.862189 100 35 0 0 0 0 0 0 0 0 0 -1.48199 100 16 -0.335163 100 18 0 0 0 0 0 0 0 0
77300 -224.695 -0.655583 100 30 0 0 0 0 0 0 0 0 0 -1.87455 100 31 -0.256524 100 22 0 0 0 0 0 0 0 0
77400 -224.485 -1.34479 100 33 0 0 0 0 0 0 0 0 0 -1.42478 100 28 -0.697922 100 14 0 0 0 0 0 0 0 0
77500 -225.875 -0.850688 100 26 0 0 0 0 0 0 0 0 0 -1.13579 100 24 -0.944509 100 23 0 0 0 0 0 0 0 0
77600 -224.728 -1.14257 100 33 0 0 0 0 0 0 0 0 0 -1.66087 100 24 -0.198326 100 23 0 0 0 0 0 0 0 0
77700 -226.019 -1.16197 100 29 0 0 0 0 0 0 0 0 0 -1.83167 100 24 -0.436351 100 18 0 0 0 0 0 0 0 0
77800 -224.636 -0.226229 100 26 0 0 0 0 0 0 0 0 0 -1.53004 100 30 -0.351171 100 26 0 0 0 0 0 0 0 0
77900 -225.054 -0.871034 100 18 0 0 0 0 0 0 0 0 0 -1.23373 100 25 -0.964025 100 23 0 0 0 0 0 0 0 0
78000 -225.849 -0.0337961 100 28 0 0 0 0 0 0 0 0 0 -1.47723 100 26 -0.436763 100 30 0 0 0 0 0 0 0 0
78100 -226.619 -0.787882 100 28 0 0 0 0 0 0 0 0 0 -1.49199 100 26 -1.13608 100 22 0 0 0 0 0 0 0 0
78200 -224.075 -1.12839 100 25 0 0 0 0 0 0 0 0 0 -1.37438 100 23 -0.673907 100 26 0 0 0 0 0 0 0 0
78300 -224.675 -0.647809 100 26 0 0 0 0 0 0 0 0 0 -1.65097 100 21 -0.724156 100 17 0 0 0 0 0 0 0 0
78400 -225.729 -1.02849 100 24 0 0 0 0 0 0 0 0 0 -1.90815 100 22 -0.0992565 100 19 0 0 0 0 0 0 0 0
78500 -227.556 -0.99349 100 23 0 0 0 0 0 0 0 0 0 -1.27988 100 17 -1.359 100 20 0 0 0 0 0 0 0 0
78600 -224.663 -0.0961833 100 32 0 0 0 0 0 0 0 0 0 -1.74068 100 20 -0.135526 100 15 0 0 0 0 0 0 0 0
78700 -224.445 -0.710251 100 35 0 0 0 0 0 0 0 0 0 -1.31944 100 24 -0.832316 100 26 0 0 0 0 0 0 0 0
78800 -225.521 -1.15613 100 30 0 0 0 0 0 0 0 0 0 -1.1476 100 24 -0.875608 100 21 0 0 0 0 0 0 0 0
78900 -226.143 -0.204664 100 27 0 0 0 0 0 0 0 0 0 -1.83595 100 30 0.189942 100 29 0 0 0 0 0 0 0 0
79000 -224.859 -0.507115 100 32 0 0 0 0 0 0 0 0 0 -1.30906 100 26 -0.726761 100 21 0 0 0 0 0 0 0 0
79100 -225.036 -1.35786 100 22 0 0 0 0 0 0 0 0 0 -1.54781 100 30 -0.705588 100 25 0 0 0 0 0 0 0 0
79200 -224.881 -0.824656 100 32 0 0 0 0 0 0 0 0 0 -1.69541 100 28 -0.046616 100 23 0 0 0 0 0 0 0 0
79300 -225.772 -0.901156 100 22 0 0 0 0 0 0 0 0 0 -1.90668 100 26 -0.335723 100 29 0 0 0 0 0 0 0 0
79400 -224.549 -0.327125 100 24 0 0 0 0 0 0 0 0 0 -1.90231 100 28 -0.169162 100 28 0 0 0 0 0 0 0 0
79500 -225.552 -0.321266 100 26 0 0 0 0 0 0 0 0 0 -1.71689 100 23 -0.747563 100 21 0 0 0 0 0 0 0 0
79600 -225.231 -1.311 100 30 0 0 0 0 0 0 0 0 0 -1.24133 100 19 -0.969652 100 16 0 0 0 0 0 0 0 0
79700 -223.661 -0.858891 100 15 0 0 0 0 0 0 0 0 0 -1.57921 100 28 -0.52326 100 14 0 0 0 0 0 0 0 0
79800 -224.761 -0.233012 100 25 0 0 0 0 0 0 0 0 0 -1.48199 100 27 -0.430246 100 18 0 0 0 0 0 0 0 0
79900 -225.126 -0.300512 100 23 0 0 0 0 0 0 0 0 0 -1.47826 100 32 -0.297862 100 22 0 0 0 0 0 0 0 0
80000 -225.637 -0.849796 100 25 0 0 0 0 0 0 0 0 0 -1.95343 100 27 -0.0515226 100 21 0 0 0 0 0 0 0 0
80100 -224.43 -0.776193 100 23 0 0 0 0 0 0 0 0 0 -1.78649 100 31 -0.386399 100 28 0 0 0 0 0 0 0 0
80200 -225.932 -1.63629 100 28 0 0 0 0 0 0 0 0 0 -1.44253 100 28 -0.855361 100 21 0 0 0 0 0 0 0 0
80300 -223.537 -0.731247 100 34 0 0 0 0 0 0 0 0 0 -1.57231 100 27 -0.422854 100 26 0 0 0 0 0 0 0 0
80400 -226.646 -0.176728 100 30 0 0 0 0 0 0 0 0 0 -2.17648 100 24 0.176557 100 19 0 0 0 0 0 0 0 0
80500 -224.066 -0.421945 100 28 0 0 0 0 0 0 0 0 0 -1.53967 100 20 -0.335846 100 23 0 0 0 0 0 0 0 0
80600 -224.955 -0.314683 100 18 0 0 0 0 0 0 0 0 0 -1.70822 100 24 -0.0219829 100 24 0 0 0 0 0 0 0 0
80700 -225.667 -1.74006 100 27 0 0 0 0 0 0 0 0 0 -1.3371 100 33 -0.685543 100 23 0 0 0 0 0 0 0 0
80800 -225.571 -0.627211 100 25 0 0 0 0 0 0 0 0 0 -1.281 100 21 -1.04345 100 17 0 0 0 0 0 0 0 0
80900 -224.962 -0.103314 100 25 0 0 0 0 0 0 0 0 0 -1.65084 100 25 -0.170224 100 22 0 0 0 0 0 0 0 0
81000 -225.16 -1.04463 100 31 0 0 0 0 0 0 0 0 0 -1.39926 100 28 -0.30949 100 19 0 0 0 0 0 0 0 0
81100 -224.203 -0.882458 100 27 0 0 0 0 0 0 0 0 0 -1.58084 100 32 -0.232565 100 21 0 0 0 0 0 0 0 0
81200 -224.321 -0.688746 100 32 0 0 0 0 0 0 0 0 0 -1.82313 100 24 -0.210724 100 26 0 0 0 0 0 0 0 0
81300 -224.992 -0.923028 100 24 0 0 0 0 0 0 0 0 0 -1.83619 100 29 -0.314303 100 13 0 0 0 0 0 0 0 0
81400 -226.332 -1.70716 100 27 0 0 0 0 0 0 0 0 0 -1.31095 100 23 -0.473581 100 24 0 0 0 0 0 0 0 0
81500 -227.537 -0.0859151 100 22 0 0 0 0 0 0 0 0 0 -1.3896 100 27 -0.305714 100 23 0 0 0 0 0 0 0 0
81600 -224.477 -0.191367 100 32 0 0 0 0 0 0 0 0 0 -1.81204 100 31 -0.367958 100 25 0 0 0 0 0 0 0 0
81700 -227.859 -1.21522 100 26 0 0 0 0 0 0 0 0 0 -1.81412 100 31 -0.732829 100 23 0 0 0 0 0 0 0 0
81800 -224.959 -1.4052 100 30 0 0 0 0 0 0 0 0 0 -1.36691 100 26 -0.852151 100 20 0 0 0 0 0 0 0 0
81900 -223.647 -0.793477 100 32 0 0 0 0 0 0 0 0 0 -1.63006 100 32 -0.381972 100 33 0 0 0 0 0 0 0 0
82000 -223.806 -0.633053 100 30 0 0 0 0 0 0 0 0 0 -1.72005 100 27 -0.26025 100 18 0 0 0 0 0 0 0 0
82100 -224.561 -0.548771 100 24 0 0 0 0 0 0 0 0 0 -1.60811 100 25 -0.132728 100 20 0 0 0 0 0 0 0 0
82200 -223.765 -0.943041 100 25 0 0 0 0 0 0 0 0 0 -1.48148 100 24 -0.65142 100 25 0 0 0 0 0 0 0 0
82300 -224.77 -1.00745 100 32 0 0 0 0 0 0 0 0 0 -1.27957 100 24 -0.948718 100 28 0 0 0 0 0 0 0 0
82400 -226.81 -0.114838 100 33 0 0 0 0 0 0 0 0 0 -2.02573 100 25 0.337543 100 20 0 0 0 0 0 0 0 0
82500 -224.108 -0.957069 100 29 0 0 0 0 0 0 0 0 0 -1.33884 100 24 -0.631906 100 18 0 0 0 0 0 0 0 0
82600 -224.301 -1.11667 100 25 0 0 0 0 0 0 0 0 0 -1.32337 100 15 -0.787866 100 22 0 0 0 0 0 0 0 0
82700 -225.526 -1.05223 100 22 0 0 0 0 0 0 0 0 0 -1.42192 100 23 -1.03959 100 26 0 0 0 0 0 0 0 0
82800 -226.346 -0.975882 100 28 0 0 0 0 0 0 0 0 0 -1.53123 100 24 -1.05128 100 21 0 0 0 0 0 0 0 0
82900 -224.667 -0.488888 100 34 0 0 0 0 0 0 0 0 0 -1.73903 100 25 -0.0222144 100 25 0 0 0 0 0 0 0 0
83000 -224.734 -0.928918 100 29 0 0 0 0 0 0 0 0 0 -1.76956 100 25 -0.102086 100 20 0 0 0 0 0 0 0 0
83100 -224.319 -1.07538 100 25 0 0 0 0 0 0 0 0 0 -1.65154 100 33 -0.502008 100 29 0 0 0 0 0 0 0 0
83200 -224.347 -0.760348 100 39 0 0 0 0 0 0 0 0 0 -1.34301 100 26 -0.542699 100 19 0 0 0 0 0 0 0 0
83300 -227.581 0.496143 100 26 0 0 0 0 0 0 0 0 0 -2.08916 100 32 -0.0600875 100 23 0 0 0 0 0 0 0 0
83400 -225.915 -0.236154 100 32 0 0 0 0 0 0 0 0 0 -1.98733 100 23 0.221916 100 16 0 0 0 0 0 0 0 0
83500 -225.099 -1.23018 100 32 0 0 0 0 0 0 0 0 0 -1.7376 100 34 -0.373893 100 22 0 0 0 0 0 0 0 0
83600 -226.677 -1.92597 100 25 0 0 0 0 0 0 0 0 0 -1.26236 100 20 -0.649677 100 15 0 0 0 0 0 0 0 0
83700 -224.904 -0.406561 100 19 0 0 0 0 0 0 0 0 0 -1.87532 100 31 -0.390168 100 19 0 0 0 0 0 0 0 0
83800 -223.804 -0.741376 100 21 0 0 0 0 0 0 0 0 0 -1.40761 100 18 -0.59857 100 16 0 0 0 0 0 0 0 0
83900 -225.326 -0.580781 100 23 0 0 0 0 0 0 0 0 0 -1.97146 100 30 0.0346704 100 16 0 0 0 0 0 0 0 0
84000 -225.492 -0.26835 100 22 0 0 0 0 0 0 0 0 0 -1.37164 100 27 -0.520468 100 17 0 0 0 0 0 0 0 0
84100 -226.025 -1.61968 100 26 0 0 0 0 0 0 0 0 0 -1.20318 100 34 -0.977993 100 19 0 0 0 0 0 0 0 0
84200 -223.623 -0.796761 100 28 0 0 0 0 0 0 0 0 0 -1.47028 100 16 -0.61252 100 17 0 0 0 0 0 0 0 0
84300 -226.672 -1.79272 100 32 0 0 0 0 0 0 0 0 0 -1.5466 100 23 -0.261178 100 19 0 0 0 0 0 0 0 0
84400 -224.955 -1.39857 100 26 0 0 0 0 0 0 0 0 0 -1.26548 100 27 -0.758582 100 17 0 0 0 0 0 0 0 0
84500 -225.997 -0.0994453 100 24 0 0 0 0 0 0 0 0 0 -2.08562 100 24 0.175607 100 18 0 0 0 0 0 0 0 0
84600 -223.782 -0.727323 100 26 0 0 0 0 0 0 0 0 0 -1.69748 100 32 -0.371583 100 18 0 0 0 0 0 0 0 0
84700 -224.427 -0.813533 100 29 0 0 0 0 0 0 0 0 0 -1.57307 100 30 -0.189227 100 18 0 0 0 0 0 0 0 0
84800 -224.184 -0.598703 100 21 0 0 0 0 0 0 0 0 0 -1.81367 100 26 -0.267636 100 25 0 0 0 0 0 0 0 0
84900 -223.703 -0.608358 100 40 0 0 0 0 0 0 0 0 0 -1.61296 100 23 -0.552041 100 15 0 0 0 0 0 0 0 0
85000 -226.036 -1.45122 100 17 0 0 0 0 0 0 0 0 0 -1.46561 100 21 -0.949 100 26 0 0 0 0 0 0 0 0
85100 -223.707 -0.472838 100 32 0 0 0 0 0 0 0 0 0 -1.68022 100 26 -0.292913 100 22 0 0 0 0 0 0 0 0
85200 -225.628 -0.000383249 100 21 0 0 0 0 0 0 0 0 0 -1.82108 100 25 -0.519811 100 15 0 0 0 0 0 0 0 0
85300 -224.631 -0.0748323 100 30 0 0 0 0 0 0 0 0 0 -1.78678 100 23 -0.372844 100 19 0 0 0 0 0 0 0 0
85400 -225.243 0.0558176 100 38 0 0 0 0 0 0 0 0 0 -1.94982 100 27 -0.0800132 100 25 0 0 0 0 0 0 0 0
85500 -223.701 -0.401445 100 34 0 0 0 0 0 0 0 0 0 -1.63544 100 26 -0.386622 100 24 0 0 0 0 0 0 0 0
85600 -225.212 -0.106514 100 32 0 0 0 0 0 0 0 0 0 -1.94289 100 32 -0.269198 100 23 0 0 0 0 0 0 0 0
85700 -226.042 -1.62933 100 29 0 0 0 0 0 0 0 0 0 -1.66432 100 30 -0.307096 100 12 0 0 0 0 0 0 0 0
85800 -224.169 -0.208315 100 44 0 0 0 0 0 0 0 0 0 -1.63679 100 27 -0.326716 100 28 0 0 0 0 0 0 0 0
85900 -224.366 -0.267802 100 24 0 0 0 0 0 0 0 0 0 -1.83712 100 29 -0.303652 100 18 0 0 0 0 0 0 0 0
86000 -225.235 -1.60853 100 23 0 0 0 0 0 0 0 0 0 -1.39748 100 25 -0.719203 100 20 0 0 0 0 0 0 0 0
86100 -224.514 -1.08746 100 34 0 0 0 0 0 0 0 0 0 -1.44611 100 27 -0.353236 100 24 0 0 0 0 0 0 0 0
86200 -224.914 -0.356347 100 22 0 0 0 0 0 0 0 0 0 -1.92514 100 22 0.037109 100 24 0 0 0 0 0 0 0 0
86300 -224.471 -0.757394 100 31 0 0 0 0 0 0 0 0 0 -1.44498 100 22 -0.881801 100 27 0 0 0 0 0 0 0 0
86400 -223.82 -0.388105 100 29 0 0 0 0 0 0 0 0 0 -1.66724 100 18 -0.463707 100 10 0 0 0 0 0 0 0 0
86500 -223.65 -0.550434 100 25 0 0 0 0 0 0 0 0 0 -1.55061 100 23 -0.402216 100 22 0 0 0 0 0 0 0 0
86600 -224.631 -1.4303 100 24 0 0 0 0 0 0 0 0 0 -1.44487 100 18 -0.579291 100 19 0 0 0 0 0 0 0 0
86700 -226.261 -1.31834 100 32 0 0 0 0 0 0 0 0 0 -1.15986 100 25 -1.15074 100 14 0 0 0 0 0 0 0 0
86800 -224.425 -0.42786 100 31 0 0 0 0 0 0 0 0 0 -1.62014 100 26 -0.157964 100 22 0 0 0 0 0 0 0 0
86900 -225.702 -0.933182 100 22 0 0 0 0 0 0 0 0 0 -1.23778 100 18 -1.12095 100 23 0 0 0 0 0 0 0 0
87000 -223.936 -0.878723 100 32 0 0 0 0 0 0 0 0 0 -1.42103 100 34 -0.477964 100 22 0 0 0 0 0 0 0 0
87100 -224.701 -0.242977 100 28 0 0 0 0 0 0 0 0 0 -1.45816 100 21 -0.57803 100 27 0 0 0 0 0 0 0 0
87200 -224.671 -0.0379495 100 29 0 0 0 0 0 0 0 0 0 -1.80126 100 23 -0.153613 100 25 0 0 0 0 0 0 0 0
87300 -224.159 -0.526357 100 21 0 0 0 0 0 0 0 0 0 -1.65152 100 26 -0.161385 100 25 0 0 0 0 0 0 0 0
87400 -224.613 -0.231041 100 30 0 0 0 0 0 0 0 0 0 -1.85399 100 21 -0.0293065 100 24 0 0 0 0 0 0 0 0
87500 -227.755 -1.22643 100 33 0 0 0 0 0 0 0 0 0 -1.60383 100 19 0.086674 100 13 0 0 0 0 0 0 0 0
87600 -224.678 -0.912398 100 33 0 0 0 0 0 0 0 0 0 -1.56322 100 28 -0.801557 100 22 0 0 0 0 0 0 0 0
87700 -225.686 -0.545273 100 26 0 0 0 0 0 0 0 0 0 -1.95174 100 17 -0.348774 100 25 0 0 0 0 0 0 0 0
87800 -226.854 -0.470044 100 27 0 0 0 0 0 0 0 0 0 -1.80854 100 22 -0.790851 100 22 0 0 0 0 0 0 0 0
87900 -232.139 -0.555994 100 28 0 0 0 0 0 0 0 0 0 -1.0333 100 26 -1.65242 100 24 0 0 0 0 0 0 0 0
88000 -224.38 -0.883399 100 28 0 0 0 0 0 0 0 0 0 -1.45262 100 21 -0.332125 100 15 0 0 0 0 0 0 0 0
88100 -224.99 -0.955028 100 25 0 0 0 0 0 0 0 0 0 -1.20511 100 34 -0.846716 100 24 0 0 0 0 0 0 0 0
88200 -223.702 -0.62343 100 26 0 0 0 0 0 0 0 0 0 -1.68614 100 28 -0.409749 100 13 0 0 0 0 0 0 0 0
88300 -224.96 -0.299861 100 30 0 0 0 0 0 0 0 0 0 -1.89212 100 26 -0.363849 100 16 0 0 0 0 0 0 0 0
88400 -227.152 -1.9378 100 32 0 0 0 0 0 0 0 0 0 -1.60083 100 21 -0.291604 100 17 0 0 0 0 0 0 0 0
88500 -225.031 -0.550204 100 33 0 0 0 0 0 0 0 0 0 -1.49431 100 29 -0.203785 100 12 0 0 0 0 0 0 0 0
88600 -223.976 -0.882057 100 29 0 0 0 0 0 0 0 0 0 -1.65628 100 20 -0.261485 100 18 0 0 0 0 0 0 0 0
88700 -223.796 -0.610842 100 37 0 0 0 0 0 0 0 0 0 -1.46046 100 24 -0.663691 100 24 0 0 0 0 0 0 0 0
88800 -223.914 -0.875732 100 27 0 0 0 0 0 0 0 0 0 -1.37681 100 29 -0.604191 100 25 0 0 0 0 0 0 0 0
88900 -225.609 -1.55094 100 26 0 0 0 0 0 0 0 0 0 -1.42637 100 22 -0.374545 100 23 0 0 0 0 0 0 0 0
89000 -224.155 -1.22204 100 38 0 0 0 0 0 0 0 0 0 -1.41069 100 27 -0.608521 100 20 0 0 0 0 0 0 0 0
89100 -224.858 -0.140233 100 37 0 0 0 0 0 0 0 0 0 -1.77218 100 23 -0.505816 100 19 0 0 0 0 0 0 0 0
89200 -227.372 -0.832226 100 36 0 0 0 0 0 0 0 0 0 -2.01623 100 20 0.299912 100 23 0 0 0 0 0 0 0 0
89300 -224.086 -0.289186 100 29 0 0 0 0 0 0 0 0 0 -1.79237 100 19 -0.216743 100 28 0 0 0 0 0 0 0 0
89400 -226.165 -1.36437 100 31 0 0 0 0 0 0 0 0 0 -1.61226 100 26 -0.0838277 100 25 0 0 0 0 0 0 0 0
89500 -225.208 -0.326098 100 32 0 0 0 0 0 0 0 0 0 -1.36524 100 26 -0.795354 100 22 0 0 0 0 0 0 0 0
89600 -224.061 -0.869261 100 36 0 0 0 0 0 0 0 0 0 -1.35052 100 24 -0.76231 100 22 0 0 0 0 0 0 0 0
89700 -224.51 -0.0799969 100 24 0 0 0 0 0 0 0 0 0 -1.79304 100 28 -0.18107 100 14 0 0 0 0 0 0 0 0
89800 -223.942 -0.365238 100 16 0 0 0 0 0 0 0 0 0 -1.72764 100 28 -0.409913 100 21 0 0 0 0 0 0 0 0
89900 -225.978 -0.213027 100 20 0 0 0 0 0 0 0 0 0 -1.9436 100 29 -0.445358 100 19 0 0 0 0 0 0 0 0
90000 -229.127 -1.26417 100 28 0 0 0 0 0 0 0 0 0 -1.05149 100 20 -1.51126 100 26 0 0 0 0 0 0 0 0
90100 -226.769 0.314921 100 26 0 0 0 0 0 0 0 0 0 -2.07069 100 29 -0.114074 100 30 0 0 0 0 0 0 0 0
90200 -226.117 -1.20344 100 28 0 0 0 0 0 0 0 0 0 -1.23072 100 18 -0.476796 100 16 0 0 0 0 0 0 0 0
90300 -224.023 -0.773101 100 29 0 0 0 0 0 0 0 0 0 -1.61047 100 31 -0.227458 100 19 0 0 0 0 0 0 0 0
90400 -223.923 -0.472108 100 23 0 0 0 0 0 0 0 0 0 -1.7659 100 21 -0.214796 100 24 0 0 0 0 0 0 0 0
90500 -224.205 -0.913538 100 33 0 0 0 0 0 0 0 0 0 -1.72975 100 33 -0.348991 100 30 0 0 0 0 0 0 0 0
90600 -224.767 0.00260387 100 16 0 0 0 0 0 0 0 0 0 -1.796 100 28 -0.302454 100 27 0 0 0 0 0 0 0 0
90700 -224.94 -0.0139832 100 23 0 0 0 0 0 0 0 0 0 -1.65861 100 26 -0.263564 100 19 0 0 0 0 0 0 0 0
90800 -224.347 -0.714224 100 30 0 0 0 0 0 0 0 0 0 -1.73029 100 22 -0.101927 100 23 0 0 0 0 0 0 0 0
90900 -225.216 -0.0435143 100 21 0 0 0 0 0 0 0 0 0 -1.93783 100 18 0.0493125 100 25 0 0 0 0 0 0 0 0
91000 -224.846 -1.21132 100 20 0 0 0 0 0 0 0 0 0 -1.53785 100 30 -0.764267 100 30 0 0 0 0 0 0 0 0
91100 -223.843 -0.475012 100 26 0 0 0 0 0 0 0 0 0 -1.53097 100 30 -0.620718 100 26 0 0 0 0 0 0 0 0
91200 -225.766 -0.522945 100 30 0 0 0 0 0 0 0 0 0 -1.4721 100 26 -1.02973 100 20 0 0 0 0 0 0 0 0
91300 -224.141 -1.20663 100 32 0 0 0 0 0 0 0 0 0 -1.44732 100 30 -0.518224 100 22 0 0 0 0 0 0 0 0
91400 -224.183 -0.223802 100 39 0 0 0 0 0 0 0 0 0 -1.70213 100 18 -0.455194 100 21 0 0 0 0 0 0 0 0
91500 -223.792 -0.541567 100 42 0 0 0 0 0 0 0 0 0 -1.5558 100 20 -0.625915 100 19 0 0 0 0 0 0 0 0
91600 -224.043 -0.316492 100 28 0 0 0 0 0 0 0 0 0 -1.58235 100 22 -0.563769 100 16 0 0 0 0 0 0 0 0
91700 -223.922 -0.50514 100 31 0 0 0 0 0 0 0 0 0 -1.49218 100 39 -0.422722 100 19 0 0 0 0 0 0 0 0
91800 -223.786 -0.833775 100 24 0 0 0 0 0 0 0 0 0 -1.62222 100 23 -0.30819 100 19 0 0 0 0 0 0 0 0
91900 -223.807 -0.80301 100 29 0 0 0 0 0 0 0 0 0 -1.55217 100 20 -0.329325 100 13 0 0 0 0 0 0 0 0
92000 -225.447 -0.270102 100 24 0 0 0 0 0 0 0 0 0 -1.47566 100 22 -0.879384 100 29 0 0 0 0 0 0 0 0
92100 -225.029 -0.899804 100 40 0 0 0 0 0 0 0 0 0 -1.20704 100 35 -0.872149 100 19 0 0 0 0 0 0 0 0
92200 -225.256 -0.167423 100 29 0 0 0 0 0 0 0 0 0 -2.01032 100 27 0.00041861 100 27 0 0 0 0 0 0 0 0
92300 -226.463 -1.40025 100 33 0 0 0 0 0 0 0 0 0 -1.69422 100 27 -0.0300101 100 18 0 0 0 0 0 0 0 0
92400 -225.01 -1.15164 100 29 0 0 0 0 0 0 0 0 0 -1.75944 100 26 -0.356439 100 26 0 0 0 0 0 0 0 0
92500 -224.524 -1.22203 100 31 0 0 0 0 0 0 0 0 0 -1.49448 100 18 -0.353253 100 20 0 0 0 0 0 0 0 0
92600 -226.437 -1.2096 100 30 0 0 0 0 0 0 0 0 0 -1.7324 100 22 -0.705347 100 20 0 0 0 0 0 0 0 0
92700 -223.87 -0.645692 100 31 0 0 0 0 0 0 0 0 0 -1.64572 100 17 -0.228002 100 20 0 0 0 0 0 0 0 0
92800 -224.516 -1.10605 100 20 0 0 0 0 0 0 0 0 0 -1.48382 100 22 -0.317567 100 19 0 0 0 0 0 0 0 0
92900 -224.6 -0.859905 100 27 0 0 0 0 0 0 0 0 0 -1.81947 100 25 -0.210186 100 28 0 0 0 0 0 0 0 0
93000 -226.617 -0.718396 100 22 0 0 0 0 0 0 0 0 0 -2.02935 100 25 -0.254995 100 18 0 0 0 0 0 0 0 0
93100 -223.808 -0.95599 100 32 0 0 0 0 0 0 0 0 0 -1.40711 100 24 -0.63609 100 13 0 0 0 0 0 0 0 0
93200 -227.036 -0.95689 100 30 0 0 0 0 0 0 0 0 0 -1.9007 100 26 -0.550301 100 26 0 0 0 0 0 0 0 0
93300 -224.189 -0.225775 100 31 0 0 0 0 0 0 0 0 0 -1.76029 100 27 -0.373087 100 15 0 0 0 0 0 0 0 0
93400 -224.116 -1.15313 100 24 0 0 0 0 0 0 0 0 0 -1.46943 100 22 -0.683329 100 15 0 0 0 0 0 0 0 0
93500 -225.71 -1.33561 100 25 0 0 0 0 0 0 0 0 0 -1.75462 100 26 -0.141514 100 13 0 0 0 0 0 0 0 0
93600 -228.713 -0.736199 100 22 0 0 0 0 0 0 0 0 0 -2.0013 100 28 -0.61259 100 18 0 0 0 0 0 0 0 0
93700 -224.774 -0.645513 100 28 0 0 0 0 0 0 0 0 0 -1.63197 100 21 -0.764601 100 24 0 0 0 0 0 0 0 0
93800 -223.904 -0.808567 100 41 0 0 0 0 0 0 0 0 0 -1.55067 100 22 -0.674996 100 23 0 0 0 0 0 0 0 0
93900 -224.604 -0.69732 100 25 0 0 0 0 0 0 0 0 0 -1.28599 100 23 -0.706133 100 16 0 0 0 0 0 0 0 0
94000 -224.815 -0.121498 100 27 0 0 0 0 0 0 0 0 0 -1.5838 100 22 -0.303069 100 16 0 0 0 0 0 0 0 0
94100 -226.989 -1.4321 100 23 0 0 0 0 0 0 0 0 0 -1.38865 100 24 -1.1579 100 18 0 0 0 0 0 0 0 0
94200 -224.772 -0.399631 100 31 0 0 0 0 0 0 0 0 0 -1.50036 100 23 -0.268543 100 17 0 0 0 0 0 0 0 0
94300 -225.75 -1.66544 100 27 0 0 0 0 0 0 0 0 0 -1.54655 100 25 -0.368827 100 27 0 0 0 0 0 0 0 0
94400 -225.812 -0.604717 100 31 0 0 0 0 0 0 0 0 0 -1.40515 100 28 -0.237467 100 18 0 0 0 0 0 0 0 0
94500 -223.755 -0.413347 100 26 0 0 0 0 0 0 0 0 0 -1.69122 100 21 -0.293103 100 17 0 0 0 0 0 0 0 0
94600 -225.325 -0.310941 100 31 0 0 0 0 0 0 0 0 0 -1.89515 100 26 0.127505 100 19 0 0 0 0 0 0 0 0
94700 -226.174 0.0844526 100 34 0 0 0 0 0 0 0 0 0 -2.07961 100 23 0.18045 100 22 0 0 0 0 0 0 0 0
94800 -224.261 -0.609573 100 33 0 0 0 0 0 0 0 0 0 -1.80818 100 26 -0.335175 100 23 0 0 0 0 0 0 0 0
94900 -224.016 -0.543359 100 29 0 0 0 0 0 0 0 0 0 -1.57096 100 22 -0.679745 100 19 0 0 0 0 0 0 0 0
95000 -224.413 -0.375013 100 18 0 0 0 0 0 0 0 0 0 -1.43958 100 21 -0.502032 100 24 0 0 0 0 0 0 0 0
95100 -224.312 -0.580795 100 32 0 0 0 0 0 0 0 0 0 -1.37917 100 31 -0.531995 100 17 0 0 0 0 0 0 0 0
95200 -225.527 -0.265695 100 21 0 0 0 0 0 0 0 0 0 -2.04767 100 29 0.0213365 100 28 0 0 0 0 0 0 0 0
95300 -223.628 -0.490365 100 33 0 0 0 0 0 0 0 0 0 -1.62433 100 32 -0.464777 100 15 0 0 0 0 0 0 0 0
95400 -227.528 0.160728 100 19 0 0 0 0 0 0 0 0 0 -1.88781 100 23 -0.631942 100 21 0 0 0 0 0 0 0 0
95500 -225.597 -1.03366 100 24 0 0 0 0 0 0 0 0 0 -1.34094 100 30 -1.09866 100 22 0 0 0 0 0 0 0 0
95600 -225.756 -0.347543 100 29 0 0 0 0 0 0 0 0 0 -1.32076 100 30 -0.911634 100 27 0 0 0 0 0 0 0 0
95700 -224.03 -0.87766 100 27 0 0 0 0 0 0 0 0 0 -1.70301 100 19 -0.275952 100 18 0 0 0 0 0 0 0 0
95800 -225.204 -0.969856 100 22 0 0 0 0 0 0 0 0 0 -1.84831 100 28 -0.074366 100 24 0 0 0 0 0 0 0 0
95900 -225.033 -1.4056 100 29 0 0 0 0 0 0 0 0 0 -1.37047 100 18 -0.870176 100 13 0 0 0 0 0 0 0 0
96000 -224.249 -0.426613 100 31 0 0 0 0 0 0 0 0 0 -1.78068 100 26 -0.0910248 100 34 0 0 0 0 0 0 0 0
96100 -223.807 -0.618978 100 32 0 0 0 0 0 0 0 0 0 -1.65476 100 28 -0.240741 100 13 0 0 0 0 0 0 0 0
96200 -225.936 -0.303678 100 26 0 0 0 0 0 0 0 0 0 -2.08683 100 32 0.121509 100 27 0 0 0 0 0 0 0 0
96300 -224.686 -0.94009 100 27 0 0 0 0 0 0 0 0 0 -1.32789 100 30 -0.482892 100 20 0 0 0 0 0 0 0 0
96400 -227.975 -2.11678 100 31 0 0 0 0 0 0 0 0 0 -1.1258 100 22 -0.849906 100 23 0 0 0 0 0 0 0 0
96500 -223.983 -1.03516 100 20 0 0 0 0 0 0 0 0 0 -1.48847 100 28 -0.69002 100 22 0 0 0 0 0 0 0 0
96600 -227.473 -0.29611 100 36 0 0 0 0 0 0 0 0 0 -2.00445 100 25 -0.535271 100 23 0 0 0 0 0 0 0 0
96700 -227.629 -1.58906 100 22 0 0 0 0 0 0 0 0 0 -1.59699 100 28 -0.02002 100 11 0 0 0 0 0 0 0 0
96800 -228.249 -1.36399 100 33 0 0 0 0 0 0 0 0 0 -1.06423 100 34 -0.596731 100 17 0 0 0 0 0 0 0 0
96900 -225.044 -1.33824 100 21 0 0 0 0 0 0 0 0 0 -1.3128 100 19 -0.928806 100 22 0 0 0 0 0 0 0 0
97000 -224.302 -1.10093 100 24 0 0 0 0 0 0 0 0 0 -1.51474 100 24 -0.723839 100 17 0 0 0 0 0 0 0 0
97100 -223.839 -0.724236 100 19 0 0 0 0 0 0 0 0 0 -1.54332 100 33 -0.321405 100 23 0 0 0 0 0 0 0 0
97200 -224.395 -0.763502 100 28 0 0 0 0 0 0 0 0 0 -1.34147 100 27 -0.532355 100 21 0 0 0 0 0 0 0 0
97300 -224.536 -1.199 100 27 0 0 0 0 0 0 0 0 0 -1.43498 100 20 -0.399341 100 20 0 0 0 0 0 0 0 0
97400 -226.744 -1.68654 100 28 0 0 0 0 0 0 0 0 0 -1.30984 100 17 -0.406185 100 18 0 0 0 0 0 0 0 0
97500 -225.341 -0.19703 100 29 0 0 0 0 0 0 0 0 0 -1.85579 100 25 -0.494345 100 17 0 0 0 0 0 0 0 0
97600 -224.25 -0.788219 100 27 0 0 0 0 0 0 0 0 0 -1.52516 100 21 -0.782755 100 17 0 0 0 0 0 0 0 0
97700 -227.196 -1.28139 100 27 0 0 0 0 0 0 0 0 0 -1.9222 100 24 -0.338766 100 23 0 0 0 0 0 0 0 0
97800 -224.465 -0.390276 100 25 0 0 0 0 0 0 0 0 0 -1.7462 100 21 -0.53968 100 15 0 0 0 0 0 0 0 0
97900 -226.658 -1.18798 100 34 0 0 0 0 0 0 0 0 0 -1.44278 100 19 -0.132906 100 18 0 0 0 0 0 0 0 0
98000 -225.552 -1.57995 100 23 0 0 0 0 0 0 0 0 0 -1.51858 100 30 -0.70489 100 15 0 0 0 0 0 0 0 0
98100 -223.961 -0.629527 100 27 0 0 0 0 0 0 0 0 0 -1.39712 100 23 -0.656274 100 17 0 0 0 0 0 0 0 0
98200 -224.657 -0.740242 100 26 0 0 0 0 0 0 0 0 0 -1.85896 100 26 -0.224492 100 20 0 0 0 0 0 0 0 0
98300 -224.054 -0.382453 100 39 0 0 0 0 0 0 0 0 0 -1.79788 100 25 -0.287248 100 21 0 0 0 0 0 0 0 0
98400 -224.339 -1.15073 100 27 0 0 0 0 0 0 0 0 0 -1.42353 100 31 -0.795567 100 19 0 0 0 0 0 0 0 0
98500 -225.658 -1.15501 100 29 0 0 0 0 0 0 0 0 0 -1.23283 100 17 -1.10392 100 21 0 0 0 0 0 0 0 0
98600 -224.406 -1.02558 100 25 0 0 0 0 0 0 0 0 0 -1.53587 100 23 -0.752927 100 25 0 0 0 0 0 0 0 0
98700 -224.17 -0.190219 100 26 0 0 0 0 0 0 0 0 0 -1.76391 100 24 -0.293184 100 24 0 0 0 0 0 0 0 0
98800 -224.742 0.00184302 100 31 0 0 0 0 0 0 0 0 0 -1.79842 100 30 -0.277436 100 15 0 0 0 0 0 0 0 0
98900 -225.36 -0.677169 100 22 0 0 0 0 0 0 0 0 0 -1.2369 100 19 -0.968277 100 24 0 0 0 0 0 0 0 0
99000 -224.011 -1.14567 100 32 0 0 0 0 0 0 0 0 0 -1.42746 100 18 -0.566246 100 18 0 0 0 0 0 0 0 0
99100 -224.056 -0.930978 100 25 0 0 0 0 0 0 0 0 0 -1.65914 100 25 -0.262676 100 22 0 0 0 0 0 0 0 0
99200 -224.856 -0.0797113 100 29 0 0 0 0 0 0 0 0 0 -1.59511 100 19 -0.559906 100 18 0 0 0 0 0 0 0 0
99300 -223.618 -0.649488 100 31 0 0 0 0 0 0 0 0 0 -1.66043 100 34 -0.34915 100 17 0 0 0 0 0 0 0 0
99400 -224.289 -0.142961 100 20 0 0 0 0 0 0 0 0 0 -1.7728 100 29 -0.289266 100 19 0 0 0 0 0 0 0 0
99500 -224.03 -0.232189 100 29 0 0 0 0 0 0 0 0 0 -1.723 100 30 -0.302902 100 17 0 0 0 0 0 0 0 0
99600 -223.944 -0.587663 100 29 0 0 0 0 0 0 0 0 0 -1.58685 100 31 -0.256397 100 22 0 0 0 0 0 0 0 0
99700 -223.909 -0.406784 100 26 0 0 0 0 0 0 0 0 0 -1.50838 100 29 -0.513574 100 22 0 0 0 0 0 0 0 0
99800 -223.728 -0.432811 100 17 0 0 0 0 0 0 0 0 0 -1.68608 100 26 -0.399567 100 19 0 0 0 0 0 0 0 0
99900 -224.529 -0.543539 100 32 0 0 0 0 0 0 0 0 0 -1.34559 100 21 -0.606175 100 18 0 0 0 0 0 0 0 0
100000 -224.571 -0.265054 100 30 0 0 0 0 0 0 0 0 0 -1.51064 100 25 -0.373652 100 23 0 0 0 0 0 0 0 0
