iteration logLik intercept1 intercept1_p intercept1_a pcov2 pcov2_p pcov2_a pcov3 pcov3_p pcov3_a pcov4 pcov4_p pcov4_a intercept2 intercept2_p intercept2_a intercept3 intercept3_p intercept3_a intercept4 intercept4_p intercept4_a pcov pcov_p pcov_a data_p data_a
0 -614.33 -11.4822 0 0 0 0 0 0 0 0 0 0 0 -4.66716 0 0 -15.637 0 0 0 0 0 0 0 0 0 0
100 -283.373 -0.502239 100 17 0 0 0 0 0 0 0 0 0 -1.65259 100 20 -0.660212 100 48 0 0 0 0 0 0 0 0
200 -283.491 -0.531273 100 14 0 0 0 0 0 0 0 0 0 -1.60161 100 24 -1.10094 100 42 0 0 0 0 0 0 0 0
300 -285.29 -1.19079 100 14 0 0 0 0 0 0 0 0 0 -1.64729 100 13 -0.158141 100 39 0 0 0 0 0 0 0 0
400 -282.979 -0.683501 100 22 0 0 0 0 0 0 0 0 0 -1.67364 100 14 -0.879928 100 35 0 0 0 0 0 0 0 0
500 -284.024 -1.29842 100 18 0 0 0 0 0 0 0 0 0 -1.53248 100 24 -0.885742 100 40 0 0 0 0 0 0 0 0
600 -283.917 -0.705404 100 24 0 0 0 0 0 0 0 0 0 -1.59383 100 23 -1.56475 100 43 0 0 0 0 0 0 0 0
700 -284.502 -1.33156 100 13 0 0 0 0 0 0 0 0 0 -1.42685 100 20 -0.899227 100 40 0 0 0 0 0 0 0 0
800 -287.303 -0.918859 100 23 0 0 0 0 0 0 0 0 0 -1.99744 100 24 -0.78377 100 35 0 0 0 0 0 0 0 0
900 -284.91 -0.235252 100 17 0 0 0 0 0 0 0 0 0 -1.75289 100 17 -1.17613 100 34 0 0 0 0 0 0 0 0
1000 -284.391 -1.34983 100 15 0 0 0 0 0 0 0 0 0 -1.49178 100 30 -1.20728 100 33 0 0 0 0 0 0 0 0
1100 -286.097 -0.577529 100 17 0 0 0 0 0 0 0 0 0 -1.35804 100 21 -1.05652 100 40 0 0 0 0 0 0 0 0
1200 -283.418 -0.711668 100 16 0 0 0 0 0 0 0 0 0 -1.56165 100 14 -1.31114 100 35 0 0 0 0 0 0 0 0
1300 -283.415 -0.689985 100 21 0 0 0 0 0 0 0 0 0 -1.53116 100 17 -1.19034 100 40 0 0 0 0 0 0 0 0
1400 -283.423 -1.02507 100 21 0 0 0 0 0 0 0 0 0 -1.66647 100 20 -0.69456 100 38 0 0 0 0 0 0 0 0
1500 -284.816 -0.966501 100 26 0 0 0 0 0 0 0 0 0 -1.65144 100 24 -0.103299 100 44 0 0 0 0 0 0 0 0
1600 -284.27 -1.02715 100 18 0 0 0 0 0 0 0 0 0 -1.4676 100 24 -1.62487 100 35 0 0 0 0 0 0 0 0
1700 -284.895 -0.566138 100 26 0 0 0 0 0 0 0 0 0 -1.92864 100 18 -0.483687 100 44 0 0 0 0 0 0 0 0
1800 -285.004 -1.1407 100 27 0 0 0 0 0 0 0 0 0 -1.33207 100 22 -0.997083 100 32 0 0 0 0 0 0 0 0
1900 -283.106 -0.850282 100 17 0 0 0 0 0 0 0 0 0 -1.54723 100 19 -0.725339 100 41 0 0 0 0 0 0 0 0
2000 -284.294 -0.956671 100 14 0 0 0 0 0 0 0 0 0 -1.40925 100 18 -1.45504 100 35 0 0 0 0 0 0 0 0
2100 -285.403 -1.00149 100 14 0 0 0 0 0 0 0 0 0 -1.31079 100 23 -0.966624 100 45 0 0 0 0 0 0 0 0
2200 -283.307 -0.7836 100 22 0 0 0 0 0 0 0 0 0 -1.51153 100 15 -1.14824 100 50 0 0 0 0 0 0 0 0
2300 -283.401 -1.05651 100 24 0 0 0 0 0 0 0 0 0 -1.49694 100 25 -1.09998 100 28 0 0 0 0 0 0 0 0
2400 -283.008 -0.729117 100 20 0 0 0 0 0 0 0 0 0 -1.58415 100 32 -1.02847 100 35 0 0 0 0 0 0 0 0
2500 -287.051 -0.196549 100 22 0 0 0 0 0 0 0 0 0 -2.05875 100 22 -0.745788 100 39 0 0 0 0 0 0 0 0
2600 -285.378 -1.0268 100 23 0 0 0 0 0 0 0 0 0 -1.8316 100 25 -1.10262 100 31 0 0 0 0 0 0 0 0
2700 -284.087 -0.737993 100 11 0 0 0 0 0 0 0 0 0 -1.49323 100 24 -0.507417 100 46 0 0 0 0 0 0 0 0
2800 -283.066 -0.957221 100 21 0 0 0 0 0 0 0 0 0 -1.58891 100 24 -1.01543 100 33 0 0 0 0 0 0 0 0
2900 -285.027 -0.243795 100 16 0 0 0 0 0 0 0 0 0 -1.83583 100 18 -1.09619 100 52 0 0 0 0 0 0 0 0
3000 -284.512 -0.27436 100 14 0 0 0 0 0 0 0 0 0 -1.76592 100 16 -1.05574 100 39 0 0 0 0 0 0 0 0
3100 -284.226 -1.15437 100 13 0 0 0 0 0 0 0 0 0 -1.4204 100 17 -0.763125 100 33 0 0 0 0 0 0 0 0
3200 -283.202 -0.829956 100 23 0 0 0 0 0 0 0 0 0 -1.69118 100 25 -0.566092 100 42 0 0 0 0 0 0 0 0
3300 -283.559 -1.11261 100 20 0 0 0 0 0 0 0 0 0 -1.55043 100 28 -0.654849 100 43 0 0 0 0 0 0 0 0
3400 -287.586 -1.15016 100 18 0 0 0 0 0 0 0 0 0 -1.8123 100 18 0.17486 100 42 0 0 0 0 0 0 0 0
3500 -284.355 -1.13136 100 8 0 0 0 0 0 0 0 0 0 -1.49739 100 17 -1.61401 100 30 0 0 0 0 0 0 0 0
3600 -286.339 -1.48319 100 18 0 0 0 0 0 0 0 0 0 -1.3364 100 19 -1.65033 100 43 0 0 0 0 0 0 0 0
3700 -284.06 -0.614189 100 22 0 0 0 0 0 0 0 0 0 -1.56001 100 21 -1.51771 100 35 0 0 0 0 0 0 0 0
3800 -284.893 -1.14991 100 26 0 0 0 0 0 0 0 0 0 -1.63154 100 14 -1.63671 100 36 0 0 0 0 0 0 0 0
3900 -284.85 -0.368873 100 27 0 0 0 0 0 0 0 0 0 -1.56128 100 22 -0.572237 100 44 0 0 0 0 0 0 0 0
4000 -283.309 -0.519157 100 23 0 0 0 0 0 0 0 0 0 -1.66502 100 23 -0.640677 100 40 0 0 0 0 0 0 0 0
4100 -284.159 -0.426818 100 16 0 0 0 0 0 0 0 0 0 -1.7984 100 24 -0.300036 100 39 0 0 0 0 0 0 0 0
4200 -283.496 -0.767571 100 12 0 0 0 0 0 0 0 0 0 -1.65009 100 18 -1.34808 100 40 0 0 0 0 0 0 0 0
4300 -284.088 -0.551793 100 26 0 0 0 0 0 0 0 0 0 -1.62341 100 22 -1.50121 100 38 0 0 0 0 0 0 0 0
4400 -283.249 -0.66219 100 31 0 0 0 0 0 0 0 0 0 -1.66925 100 29 -1.15439 100 45 0 0 0 0 0 0 0 0
4500 -284.67 -0.73871 100 16 0 0 0 0 0 0 0 0 0 -1.78969 100 26 -1.41577 100 31 0 0 0 0 0 0 0 0
4600 -287.927 -0.0200665 100 20 0 0 0 0 0 0 0 0 0 -1.58772 100 17 -0.899835 100 27 0 0 0 0 0 0 0 0
4700 -284.053 -1.07629 100 19 0 0 0 0 0 0 0 0 0 -1.53792 100 20 -1.54187 100 33 0 0 0 0 0 0 0 0
4800 -283.496 -0.912332 100 17 0 0 0 0 0 0 0 0 0 -1.65564 100 24 -1.25742 100 49 0 0 0 0 0 0 0 0
4900 -284.262 -1.0733 100 22 0 0 0 0 0 0 0 0 0 -1.40009 100 19 -1.3593 100 35 0 0 0 0 0 0 0 0
5000 -285.426 -1.15274 100 20 0 0 0 0 0 0 0 0 0 -1.46005 100 22 -1.96409 100 43 0 0 0 0 0 0 0 0
5100 -285.943 -1.28859 100 20 0 0 0 0 0 0 0 0 0 -1.57674 100 16 -1.91515 100 30 0 0 0 0 0 0 0 0
5200 -284.05 -0.377273 100 20 0 0 0 0 0 0 0 0 0 -1.69491 100 22 -0.443317 100 44 0 0 0 0 0 0 0 0
5300 -284.242 -0.487728 100 15 0 0 0 0 0 0 0 0 0 -1.77705 100 23 -0.205088 100 38 0 0 0 0 0 0 0 0
5400 -285.897 -0.928293 100 21 0 0 0 0 0 0 0 0 0 -1.63899 100 24 0.0757253 100 36 0 0 0 0 0 0 0 0
5500 -286.997 -1.63693 100 21 0 0 0 0 0 0 0 0 0 -1.45885 100 16 -1.78833 100 42 0 0 0 0 0 0 0 0
5600 -283.384 -0.918021 100 14 0 0 0 0 0 0 0 0 0 -1.71518 100 25 -0.749964 100 41 0 0 0 0 0 0 0 0
5700 -284.082 -1.17847 100 12 0 0 0 0 0 0 0 0 0 -1.49351 100 17 -0.588634 100 39 0 0 0 0 0 0 0 0
5800 -283.949 -0.686799 100 21 0 0 0 0 0 0 0 0 0 -1.50494 100 22 -1.43666 100 42 0 0 0 0 0 0 0 0
5900 -284.256 -1.20444 100 21 0 0 0 0 0 0 0 0 0 -1.634 100 28 -0.472684 100 43 0 0 0 0 0 0 0 0
6000 -284.728 -0.320897 100 24 0 0 0 0 0 0 0 0 0 -1.86327 100 20 -0.281435 100 38 0 0 0 0 0 0 0 0
6100 -283.132 -0.663898 100 20 0 0 0 0 0 0 0 0 0 -1.71833 100 29 -0.864071 100 35 0 0 0 0 0 0 0 0
6200 -283.599 -0.629926 100 21 0 0 0 0 0 0 0 0 0 -1.60178 100 21 -0.442755 100 39 0 0 0 0 0 0 0 0
6300 -283.166 -0.637623 100 21 0 0 0 0 0 0 0 0 0 -1.65121 100 18 -1.09966 100 36 0 0 0 0 0 0 0 0
6400 -287.514 -1.13473 100 16 0 0 0 0 0 0 0 0 0 -1.3895 100 24 -0.119742 100 37 0 0 0 0 0 0 0 0
6500 -283.232 -0.906906 100 16 0 0 0 0 0 0 0 0 0 -1.54393 100 26 -0.652526 100 32 0 0 0 0 0 0 0 0
6600 -286.3 -1.57825 100 20 0 0 0 0 0 0 0 0 0 -1.32964 100 21 -1.02639 100 33 0 0 0 0 0 0 0 0
6700 -283.382 -0.966499 100 22 0 0 0 0 0 0 0 0 0 -1.66475 100 15 -1.06856 100 28 0 0 0 0 0 0 0 0
6800 -284.954 -1.20265 100 19 0 0 0 0 0 0 0 0 0 -1.7164 100 18 -1.23865 100 39 0 0 0 0 0 0 0 0
6900 -283.633 -1.08227 100 16 0 0 0 0 0 0 0 0 0 -1.64266 100 22 -0.575169 100 39 0 0 0 0 0 0 0 0
7000 -284.364 -0.728982 100 27 0 0 0 0 0 0 0 0 0 -1.71159 100 23 -1.57207 100 31 0 0 0 0 0 0 0 0
7100 -283.097 -0.842523 100 17 0 0 0 0 0 0 0 0 0 -1.52467 100 25 -0.953791 100 39 0 0 0 0 0 0 0 0
7200 -285.255 -1.44349 100 20 0 0 0 0 0 0 0 0 0 -1.64908 100 22 -0.68448 100 38 0 0 0 0 0 0 0 0
7300 -284.551 -0.956121 100 16 0 0 0 0 0 0 0 0 0 -1.36164 100 18 -1.1033 100 33 0 0 0 0 0 0 0 0
7400 -285.474 -0.234621 100 24 0 0 0 0 0 0 0 0 0 -1.79577 100 25 -1.3751 100 39 0 0 0 0 0 0 0 0
7500 -283.363 -0.919252 100 16 0 0 0 0 0 0 0 0 0 -1.69123 100 20 -0.567096 100 37 0 0 0 0 0 0 0 0
7600 -283.091 -0.928118 100 19 0 0 0 0 0 0 0 0 0 -1.58855 100 24 -0.677849 100 43 0 0 0 0 0 0 0 0
7700 -284.136 -0.513197 100 19 0 0 0 0 0 0 0 0 0 -1.77854 100 25 -1.24031 100 37 0 0 0 0 0 0 0 0
7800 -283.767 -0.809831 100 20 0 0 0 0 0 0 0 0 0 -1.53504 100 12 -1.51587 100 43 0 0 0 0 0 0 0 0
7900 -287.135 -0.569937 100 29 0 0 0 0 0 0 0 0 0 -1.95859 100 21 0.23792 100 32 0 0 0 0 0 0 0 0
8000 -284.072 -0.937611 100 22 0 0 0 0 0 0 0 0 0 -1.74726 100 28 -1.14851 100 38 0 0 0 0 0 0 0 0
8100 -285.747 -1.19564 100 22 0 0 0 0 0 0 0 0 0 -1.40139 100 18 -1.95945 100 33 0 0 0 0 0 0 0 0
8200 -286.213 -1.65067 100 32 0 0 0 0 0 0 0 0 0 -1.54189 100 19 -0.620369 100 47 0 0 0 0 0 0 0 0
8300 -284.068 -0.920262 100 21 0 0 0 0 0 0 0 0 0 -1.76598 100 19 -0.388141 100 40 0 0 0 0 0 0 0 0
8400 -283.773 -1.19213 100 11 0 0 0 0 0 0 0 0 0 -1.48346 100 21 -1.12811 100 38 0 0 0 0 0 0 0 0
8500 -284.071 -1.26604 100 15 0 0 0 0 0 0 0 0 0 -1.56783 100 22 -0.66394 100 40 0 0 0 0 0 0 0 0
8600 -284.913 -0.732011 100 23 0 0 0 0 0 0 0 0 0 -1.72452 100 18 -0.00752753 100 38 0 0 0 0 0 0 0 0
8700 -283.638 -1.04994 100 23 0 0 0 0 0 0 0 0 0 -1.47673 100 23 -0.730677 100 51 0 0 0 0 0 0 0 0
8800 -284.306 -0.769083 100 24 0 0 0 0 0 0 0 0 0 -1.74277 100 25 -0.149765 100 49 0 0 0 0 0 0 0 0
8900 -285.158 -1.2618 100 17 0 0 0 0 0 0 0 0 0 -1.38306 100 13 -0.636496 100 31 0 0 0 0 0 0 0 0
9000 -283.925 -0.515564 100 29 0 0 0 0 0 0 0 0 0 -1.79224 100 22 -1.07539 100 38 0 0 0 0 0 0 0 0
9100 -283.392 -0.564857 100 20 0 0 0 0 0 0 0 0 0 -1.6521 100 30 -0.50898 100 37 0 0 0 0 0 0 0 0
9200 -284.608 -0.252881 100 25 0 0 0 0 0 0 0 0 0 -1.73692 100 19 -0.434286 100 36 0 0 0 0 0 0 0 0
9300 -283.865 -0.61436 100 20 0 0 0 0 0 0 0 0 0 -1.51165 100 20 -0.681004 100 34 0 0 0 0 0 0 0 0
9400 -284.69 -1.44204 100 29 0 0 0 0 0 0 0 0 0 -1.49721 100 18 -0.987775 100 37 0 0 0 0 0 0 0 0
9500 -287.534 -1.0056 100 13 0 0 0 0 0 0 0 0 0 -1.74484 100 18 0.28227 100 42 0 0 0 0 0 0 0 0
9600 -285.861 -0.923285 100 21 0 0 0 0 0 0 0 0 0 -1.69135 100 25 -2.00802 100 38 0 0 0 0 0 0 0 0
9700 -283.989 -0.635547 100 26 0 0 0 0 0 0 0 0 0 -1.67141 100 15 -1.5011 100 37 0 0 0 0 0 0 0 0
9800 -283.311 -0.842916 100 24 0 0 0 0 0 0 0 0 0 -1.54786 100 14 -0.589071 100 44 0 0 0 0 0 0 0 0
9900 -284.072 -0.653445 100 22 0 0 0 0 0 0 0 0 0 -1.55398 100 23 -0.384755 100 44 0 0 0 0 0 0 0 0
10000 -284.195 -0.395566 100 18 0 0 0 0 0 0 0 0 0 -1.62187 100 21 -1.21486 100 34 0 0 0 0 0 0 0 0
10100 -286.076 -0.487734 100 27 0 0 0 0 0 0 0 0 0 -1.98018 100 30 -0.0541059 100 36 0 0 0 0 0 0 0 0
10200 -283.515 -0.66661 100 20 0 0 0 0 0 0 0 0 0 -1.50878 100 17 -0.88097 100 39 0 0 0 0 0 0 0 0
10300 -283.552 -0.942469 100 21 0 0 0 0 0 0 0 0 0 -1.50228 100 24 -1.36102 100 40 0 0 0 0 0 0 0 0
10400 -285.411 -0.246376 100 19 0 0 0 0 0 0 0 0 0 -1.94988 100 26 -0.397056 100 33 0 0 0 0 0 0 0 0
10500 -283.779 -1.0008 100 28 0 0 0 0 0 0 0 0 0 -1.46156 100 26 -1.36835 100 43 0 0 0 0 0 0 0 0
10600 -284.628 -0.274907 100 15 0 0 0 0 0 0 0 0 0 -1.68374 100 24 -0.471185 100 35 0 0 0 0 0 0 0 0
10700 -287.441 -0.201451 100 24 0 0 0 0 0 0 0 0 0 -1.78496 100 23 0.211378 100 41 0 0 0 0 0 0 0 0
10800 -283.885 -1.07818 100 27 0 0 0 0 0 0 0 0 0 -1.63767 100 14 -0.432081 100 46 0 0 0 0 0 0 0 0
10900 -283.28 -0.930472 100 21 0 0 0 0 0 0 0 0 0 -1.59091 100 17 -0.553734 100 33 0 0 0 0 0 0 0 0
11000 -284.242 -1.03318 100 18 0 0 0 0 0 0 0 0 0 -1.77181 100 14 -0.723584 100 41 0 0 0 0 0 0 0 0
11100 -285.812 -0.675008 100 21 0 0 0 0 0 0 0 0 0 -1.34259 100 17 -1.01735 100 37 0 0 0 0 0 0 0 0
11200 -283.118 -0.762961 100 20 0 0 0 0 0 0 0 0 0 -1.65346 100 20 -0.542623 100 37 0 0 0 0 0 0 0 0
11300 -283.534 -0.859347 100 20 0 0 0 0 0 0 0 0 0 -1.47269 100 19 -0.789595 100 48 0 0 0 0 0 0 0 0
11400 -284.22 -0.485047 100 16 0 0 0 0 0 0 0 0 0 -1.77049 100 25 -0.210609 100 36 0 0 0 0 0 0 0 0
11500 -284.419 -1.21825 100 16 0 0 0 0 0 0 0 0 0 -1.69363 100 30 -0.968816 100 31 0 0 0 0 0 0 0 0
11600 -283.445 -0.969816 100 16 0 0 0 0 0 0 0 0 0 -1.60233 100 15 -0.496706 100 43 0 0 0 0 0 0 0 0
11700 -283.699 -0.538961 100 21 0 0 0 0 0 0 0 0 0 -1.81111 100 23 -0.576142 100 40 0 0 0 0 0 0 0 0
11800 -284.372 -1.35183 100 19 0 0 0 0 0 0 0 0 0 -1.52541 100 12 -1.17397 100 41 0 0 0 0 0 0 0 0
11900 -283.287 -0.511668 100 23 0 0 0 0 0 0 0 0 0 -1.70368 100 17 -0.671193 100 38 0 0 0 0 0 0 0 0
12000 -283.305 -0.762408 100 17 0 0 0 0 0 0 0 0 0 -1.7297 100 17 -0.540119 100 37 0 0 0 0 0 0 0 0
12100 -284.257 -0.44038 100 20 0 0 0 0 0 0 0 0 0 -1.83357 100 20 -1.00635 100 40 0 0 0 0 0 0 0 0
12200 -283.201 -0.747817 100 20 0 0 0 0 0 0 0 0 0 -1.63275 100 26 -1.21155 100 40 0 0 0 0 0 0 0 0
12300 -283.182 -0.927217 100 17 0 0 0 0 0 0 0 0 0 -1.51164 100 19 -1.05641 100 32 0 0 0 0 0 0 0 0
12400 -283.209 -0.969832 100 27 0 0 0 0 0 0 0 0 0 -1.51029 100 20 -0.88211 100 40 0 0 0 0 0 0 0 0
12500 -283.045 -0.903055 100 17 0 0 0 0 0 0 0 0 0 -1.55241 100 21 -0.788835 100 38 0 0 0 0 0 0 0 0
12600 -284.09 -0.833509 100 14 0 0 0 0 0 0 0 0 0 -1.51689 100 21 -1.63947 100 35 0 0 0 0 0 0 0 0
12700 -284.71 -0.334139 100 22 0 0 0 0 0 0 0 0 0 -1.69592 100 22 -0.271422 100 35 0 0 0 0 0 0 0 0
12800 -283.66 -0.970072 100 23 0 0 0 0 0 0 0 0 0 -1.46973 100 19 -1.32911 100 41 0 0 0 0 0 0 0 0
12900 -285.382 -1.54367 100 15 0 0 0 0 0 0 0 0 0 -1.47428 100 23 -1.2355 100 32 0 0 0 0 0 0 0 0
13000 -284.316 -1.23124 100 21 0 0 0 0 0 0 0 0 0 -1.48311 100 25 -0.582563 100 39 0 0 0 0 0 0 0 0
13100 -286.101 -1.59366 100 22 0 0 0 0 0 0 0 0 0 -1.53975 100 21 -1.42454 100 40 0 0 0 0 0 0 0 0
13200 -283.642 -0.929561 100 11 0 0 0 0 0 0 0 0 0 -1.7364 100 19 -0.912354 100 45 0 0 0 0 0 0 0 0
13300 -283.543 -0.811358 100 21 0 0 0 0 0 0 0 0 0 -1.72319 100 21 -1.12813 100 41 0 0 0 0 0 0 0 0
13400 -289.936 -2.13226 100 16 0 0 0 0 0 0 0 0 0 -1.55723 100 18 -1.21262 100 35 0 0 0 0 0 0 0 0
13500 -284.902 -0.585599 100 24 0 0 0 0 0 0 0 0 0 -1.8939 100 23 -1.01986 100 43 0 0 0 0 0 0 0 0
13600 -283.464 -0.75909 100 17 0 0 0 0 0 0 0 0 0 -1.71281 100 10 -0.401115 100 35 0 0 0 0 0 0 0 0
13700 -284.176 -1.11906 100 19 0 0 0 0 0 0 0 0 0 -1.66836 100 13 -1.25898 100 33 0 0 0 0 0 0 0 0
13800 -284.719 -1.40086 100 18 0 0 0 0 0 0 0 0 0 -1.60256 100 18 -0.990426 100 38 0 0 0 0 0 0 0 0
13900 -284.904 -0.337271 100 17 0 0 0 0 0 0 0 0 0 -1.62642 100 20 -1.41417 100 34 0 0 0 0 0 0 0 0
14000 -282.954 -0.681711 100 15 0 0 0 0 0 0 0 0 0 -1.66768 100 20 -0.81615 100 29 0 0 0 0 0 0 0 0
14100 -283.014 -0.905832 100 19 0 0 0 0 0 0 0 0 0 -1.63563 100 22 -0.905188 100 41 0 0 0 0 0 0 0 0
14200 -283.751 -0.821274 100 17 0 0 0 0 0 0 0 0 0 -1.55433 100 12 -1.52618 100 40 0 0 0 0 0 0 0 0
14300 -283.407 -0.827775 100 25 0 0 0 0 0 0 0 0 0 -1.59494 100 30 -1.36285 100 36 0 0 0 0 0 0 0 0
14400 -288.033 -0.741287 100 15 0 0 0 0 0 0 0 0 0 -1.68025 100 17 -2.64637 100 49 0 0 0 0 0 0 0 0
14500 -284.93 -0.395857 100 17 0 0 0 0 0 0 0 0 0 -1.90961 100 35 -0.89951 100 41 0 0 0 0 0 0 0 0
14600 -284.798 -1.44579 100 21 0 0 0 0 0 0 0 0 0 -1.45724 100 29 -1.08044 100 45 0 0 0 0 0 0 0 0
14700 -283.274 -0.675907 100 20 0 0 0 0 0 0 0 0 0 -1.61941 100 26 -1.23115 100 42 0 0 0 0 0 0 0 0
14800 -285.997 -0.938327 100 20 0 0 0 0 0 0 0 0 0 -1.92946 100 23 -0.649491 100 42 0 0 0 0 0 0 0 0
14900 -283.447 -0.596093 100 15 0 0 0 0 0 0 0 0 0 -1.56328 100 13 -0.70498 100 45 0 0 0 0 0 0 0 0
15000 -283.973 -0.659171 100 23 0 0 0 0 0 0 0 0 0 -1.83849 100 20 -0.73374 100 38 0 0 0 0 0 0 0 0
15100 -284.389 -0.711677 100 24 0 0 0 0 0 0 0 0 0 -1.42767 100 17 -1.32061 100 32 0 0 0 0 0 0 0 0
15200 -283.158 -1.01369 100 15 0 0 0 0 0 0 0 0 0 -1.54457 100 27 -0.9854 100 39 0 0 0 0 0 0 0 0
15300 -285.051 -0.251026 100 25 0 0 0 0 0 0 0 0 0 -1.62453 100 20 -1.11833 100 40 0 0 0 0 0 0 0 0
15400 -286.472 -1.2947 100 22 0 0 0 0 0 0 0 0 0 -1.79919 100 19 -1.19867 100 38 0 0 0 0 0 0 0 0
15500 -283.715 -0.393495 100 22 0 0 0 0 0 0 0 0 0 -1.73091 100 22 -0.599782 100 34 0 0 0 0 0 0 0 0
15600 -285.009 -1.24427 100 20 0 0 0 0 0 0 0 0 0 -1.51549 100 29 -0.335084 100 39 0 0 0 0 0 0 0 0
15700 -284.035 -0.781564 100 21 0 0 0 0 0 0 0 0 0 -1.73851 100 19 -1.33931 100 39 0 0 0 0 0 0 0 0
15800 -283.554 -0.720371 100 17 0 0 0 0 0 0 0 0 0 -1.74894 100 24 -1.07504 100 31 0 0 0 0 0 0 0 0
15900 -285.166 -0.137962 100 22 0 0 0 0 0 0 0 0 0 -1.75803 100 24 -0.597294 100 39 0 0 0 0 0 0 0 0
16000 -283.442 -0.658301 100 13 0 0 0 0 0 0 0 0 0 -1.77944 100 22 -0.695514 100 35 0 0 0 0 0 0 0 0
16100 -286.009 -1.45073 100 29 0 0 0 0 0 0 0 0 0 -1.37844 100 29 -1.6991 100 44 0 0 0 0 0 0 0 0
16200 -283.358 -0.571453 100 19 0 0 0 0 0 0 0 0 0 -1.74944 100 19 -0.887325 100 38 0 0 0 0 0 0 0 0
16300 -283.009 -0.82168 100 20 0 0 0 0 0 0 0 0 0 -1.55053 100 21 -0.992828 100 39 0 0 0 0 0 0 0 0
16400 -284.913 -1.48498 100 23 0 0 0 0 0 0 0 0 0 -1.50183 100 16 -0.925238 100 34 0 0 0 0 0 0 0 0
16500 -284.968 -1.00312 100 20 0 0 0 0 0 0 0 0 0 -1.33119 100 24 -1.17908 100 38 0 0 0 0 0 0 0 0
16600 -291.184 0.337114 100 17 0 0 0 0 0 0 0 0 0 -2.14368 100 24 0.0645122 100 38 0 0 0 0 0 0 0 0
16700 -283.01 -0.710955 100 14 0 0 0 0 0 0 0 0 0 -1.5757 100 22 -0.919759 100 29 0 0 0 0 0 0 0 0
16800 -286.105 -0.52306 100 17 0 0 0 0 0 0 0 0 0 -2.00907 100 18 -0.671196 100 34 0 0 0 0 0 0 0 0
16900 -284.411 -1.25055 100 17 0 0 0 0 0 0 0 0 0 -1.40964 100 24 -0.863854 100 31 0 0 0 0 0 0 0 0
17000 -283.277 -0.527737 100 10 0 0 0 0 0 0 0 0 0 -1.71437 100 23 -0.643438 100 46 0 0 0 0 0 0 0 0
17100 -283.898 -0.442607 100 21 0 0 0 0 0 0 0 0 0 -1.69925 100 22 -0.383213 100 38 0 0 0 0 0 0 0 0
17200 -284.187 -0.307915 100 28 0 0 0 0 0 0 0 0 0 -1.74137 100 13 -0.503485 100 39 0 0 0 0 0 0 0 0
17300 -283.365 -0.533733 100 20 0 0 0 0 0 0 0 0 0 -1.75433 100 23 -0.763374 100 40 0 0 0 0 0 0 0 0
17400 -284.522 -1.34023 100 23 0 0 0 0 0 0 0 0 0 -1.51454 100 25 -1.33724 100 44 0 0 0 0 0 0 0 0
17500 -283.035 -0.780288 100 21 0 0 0 0 0 0 0 0 0 -1.69308 100 21 -0.786567 100 43 0 0 0 0 0 0 0 0
17600 -283.398 -0.89162 100 23 0 0 0 0 0 0 0 0 0 -1.47826 100 17 -0.863554 100 46 0 0 0 0 0 0 0 0
17700 -283.296 -0.737467 100 15 0 0 0 0 0 0 0 0 0 -1.725 100 24 -0.512671 100 42 0 0 0 0 0 0 0 0
17800 -283.392 -0.842992 100 18 0 0 0 0 0 0 0 0 0 -1.48857 100 16 -0.808331 100 35 0 0 0 0 0 0 0 0
17900 -284.118 -0.552204 100 20 0 0 0 0 0 0 0 0 0 -1.70505 100 22 -1.44792 100 41 0 0 0 0 0 0 0 0
18000 -283.047 -0.893146 100 26 0 0 0 0 0 0 0 0 0 -1.65634 100 18 -0.868723 100 49 0 0 0 0 0 0 0 0
18100 -284.906 -0.692251 100 19 0 0 0 0 0 0 0 0 0 -1.90058 100 20 -0.308161 100 40 0 0 0 0 0 0 0 0
18200 -285.621 -1.5441 100 20 0 0 0 0 0 0 0 0 0 -1.44672 100 23 -0.692768 100 40 0 0 0 0 0 0 0 0
18300 -283.239 -0.551364 100 26 0 0 0 0 0 0 0 0 0 -1.61674 100 23 -0.851363 100 38 0 0 0 0 0 0 0 0
18400 -284.701 -0.334636 100 24 0 0 0 0 0 0 0 0 0 -1.86099 100 23 -0.9919 100 32 0 0 0 0 0 0 0 0
18500 -285.277 -0.318825 100 19 0 0 0 0 0 0 0 0 0 -1.8811 100 24 -1.1738 100 37 0 0 0 0 0 0 0 0
18600 -282.926 -0.797871 100 19 0 0 0 0 0 0 0 0 0 -1.63151 100 19 -0.722925 100 38 0 0 0 0 0 0 0 0
18700 -283.629 -0.570659 100 22 0 0 0 0 0 0 0 0 0 -1.5387 100 27 -0.825007 100 46 0 0 0 0 0 0 0 0
18800 -284.816 -0.431298 100 17 0 0 0 0 0 0 0 0 0 -1.90304 100 22 -0.268178 100 37 0 0 0 0 0 0 0 0
18900 -284.011 -0.532934 100 16 0 0 0 0 0 0 0 0 0 -1.75734 100 20 -0.247246 100 42 0 0 0 0 0 0 0 0
19000 -283.314 -0.645365 100 13 0 0 0 0 0 0 0 0 0 -1.57515 100 24 -1.17386 100 39 0 0 0 0 0 0 0 0
19100 -285.06 -0.865657 100 12 0 0 0 0 0 0 0 0 0 -1.38408 100 17 -1.66088 100 38 0 0 0 0 0 0 0 0
19200 -284.812 -0.334696 100 25 0 0 0 0 0 0 0 0 0 -1.7776 100 21 -1.33139 100 45 0 0 0 0 0 0 0 0
19300 -285.111 -0.360266 100 18 0 0 0 0 0 0 0 0 0 -1.53012 100 24 -1.21207 100 47 0 0 0 0 0 0 0 0
19400 -284.077 -0.62403 100 16 0 0 0 0 0 0 0 0 0 -1.71799 100 16 -1.44206 100 39 0 0 0 0 0 0 0 0
19500 -283.549 -0.727246 100 21 0 0 0 0 0 0 0 0 0 -1.5755 100 20 -0.455243 100 37 0 0 0 0 0 0 0 0
19600 -285.98 -0.778519 100 21 0 0 0 0 0 0 0 0 0 -1.95324 100 34 -0.215527 100 41 0 0 0 0 0 0 0 0
19700 -282.944 -0.690669 100 10 0 0 0 0 0 0 0 0 0 -1.66271 100 18 -0.844992 100 41 0 0 0 0 0 0 0 0
19800 -284.241 -0.697135 100 24 0 0 0 0 0 0 0 0 0 -1.57427 100 32 -0.273286 100 42 0 0 0 0 0 0 0 0
19900 -286.188 -0.793167 100 18 0 0 0 0 0 0 0 0 0 -1.87029 100 18 -1.52781 100 36 0 0 0 0 0 0 0 0
20000 -283.154 -0.849798 100 14 0 0 0 0 0 0 0 0 0 -1.5827 100 27 -0.59553 100 35 0 0 0 0 0 0 0 0
20100 -285.393 -0.396948 100 19 0 0 0 0 0 0 0 0 0 -1.62184 100 24 -1.73872 100 43 0 0 0 0 0 0 0 0
20200 -285.644 -0.477134 100 25 0 0 0 0 0 0 0 0 0 -1.66317 100 20 -1.93777 100 44 0 0 0 0 0 0 0 0
20300 -283.49 -0.503324 100 24 0 0 0 0 0 0 0 0 0 -1.63802 100 19 -0.594752 100 35 0 0 0 0 0 0 0 0
20400 -284.499 -1.18572 100 23 0 0 0 0 0 0 0 0 0 -1.73038 100 17 -0.736752 100 40 0 0 0 0 0 0 0 0
20500 -283.331 -0.641157 100 18 0 0 0 0 0 0 0 0 0 -1.60725 100 20 -1.22737 100 38 0 0 0 0 0 0 0 0
20600 -284.675 -1.04725 100 18 0 0 0 0 0 0 0 0 0 -1.55936 100 24 -1.79131 100 37 0 0 0 0 0 0 0 0
20700 -284.757 -0.858563 100 28 0 0 0 0 0 0 0 0 0 -1.58771 100 19 -1.88256 100 42 0 0 0 0 0 0 0 0
20800 -283.637 -1.17156 100 21 0 0 0 0 0 0 0 0 0 -1.50064 100 27 -0.870494 100 34 0 0 0 0 0 0 0 0
20900 -283.769 -0.904052 100 21 0 0 0 0 0 0 0 0 0 -1.43264 100 26 -1.14697 100 29 0 0 0 0 0 0 0 0
21000 -283.385 -0.796073 100 27 0 0 0 0 0 0 0 0 0 -1.50638 100 31 -1.21466 100 39 0 0 0 0 0 0 0 0
21100 -286.971 -0.25707 100 31 0 0 0 0 0 0 0 0 0 -1.80164 100 18 -1.89067 100 34 0 0 0 0 0 0 0 0
21200 -283.015 -0.814876 100 17 0 0 0 0 0 0 0 0 0 -1.57145 100 32 -0.72672 100 37 0 0 0 0 0 0 0 0
21300 -284.397 -0.260307 100 21 0 0 0 0 0 0 0 0 0 -1.78617 100 28 -0.842957 100 39 0 0 0 0 0 0 0 0
21400 -284.118 -0.903173 100 18 0 0 0 0 0 0 0 0 0 -1.62025 100 30 -0.240588 100 44 0 0 0 0 0 0 0 0
21500 -283.955 -0.661641 100 20 0 0 0 0 0 0 0 0 0 -1.74851 100 31 -1.30576 100 42 0 0 0 0 0 0 0 0
21600 -284.546 -0.396115 100 22 0 0 0 0 0 0 0 0 0 -1.83884 100 24 -0.226439 100 41 0 0 0 0 0 0 0 0
21700 -284.109 -0.786899 100 17 0 0 0 0 0 0 0 0 0 -1.77732 100 27 -0.261798 100 47 0 0 0 0 0 0 0 0
21800 -284.137 -0.442598 100 32 0 0 0 0 0 0 0 0 0 -1.73456 100 35 -1.28611 100 53 0 0 0 0 0 0 0 0
21900 -284.992 -1.32823 100 16 0 0 0 0 0 0 0 0 0 -1.50758 100 20 -1.60294 100 34 0 0 0 0 0 0 0 0
22000 -284.038 -0.668775 100 21 0 0 0 0 0 0 0 0 0 -1.84573 100 22 -0.576654 100 40 0 0 0 0 0 0 0 0
22100 -283.725 -0.56323 100 12 0 0 0 0 0 0 0 0 0 -1.52856 100 21 -0.875155 100 27 0 0 0 0 0 0 0 0
22200 -284.442 -0.927331 100 13 0 0 0 0 0 0 0 0 0 -1.81027 100 23 -0.938428 100 44 0 0 0 0 0 0 0 0
22300 -284.023 -1.05984 100 18 0 0 0 0 0 0 0 0 0 -1.72663 100 18 -0.546465 100 45 0 0 0 0 0 0 0 0
22400 -285.155 -0.922904 100 24 0 0 0 0 0 0 0 0 0 -1.4014 100 22 -1.81041 100 33 0 0 0 0 0 0 0 0
22500 -283.868 -0.792932 100 26 0 0 0 0 0 0 0 0 0 -1.61023 100 18 -1.55987 100 49 0 0 0 0 0 0 0 0
22600 -283.575 -1.13795 100 19 0 0 0 0 0 0 0 0 0 -1.58974 100 24 -1.08639 100 48 0 0 0 0 0 0 0 0
22700 -285.501 -0.454848 100 21 0 0 0 0 0 0 0 0 0 -1.90011 100 25 -0.00311416 100 41 0 0 0 0 0 0 0 0
22800 -284.179 -0.314562 100 16 0 0 0 0 0 0 0 0 0 -1.69425 100 18 -0.574823 100 38 0 0 0 0 0 0 0 0
22900 -284.714 -0.551663 100 22 0 0 0 0 0 0 0 0 0 -1.85326 100 19 -1.19007 100 38 0 0 0 0 0 0 0 0
23000 -283.899 -1.2574 100 23 0 0 0 0 0 0 0 0 0 -1.56438 100 24 -0.809178 100 32 0 0 0 0 0 0 0 0
23100 -282.952 -0.853699 100 19 0 0 0 0 0 0 0 0 0 -1.5664 100 12 -0.866862 100 32 0 0 0 0 0 0 0 0
23200 -284.606 -1.15733 100 19 0 0 0 0 0 0 0 0 0 -1.68769 100 21 -0.330788 100 46 0 0 0 0 0 0 0 0
23300 -285.471 -0.495859 100 19 0 0 0 0 0 0 0 0 0 -1.97159 100 19 -0.342534 100 37 0 0 0 0 0 0 0 0
23400 -283.554 -0.868307 100 17 0 0 0 0 0 0 0 0 0 -1.53019 100 24 -1.41712 100 37 0 0 0 0 0 0 0 0
23500 -284.5 -1.4025 100 20 0 0 0 0 0 0 0 0 0 -1.5249 100 25 -0.878725 100 38 0 0 0 0 0 0 0 0
23600 -284.417 -0.250493 100 14 0 0 0 0 0 0 0 0 0 -1.71437 100 17 -0.73472 100 39 0 0 0 0 0 0 0 0
23700 -284.782 -0.248729 100 25 0 0 0 0 0 0 0 0 0 -1.65623 100 29 -1.02683 100 35 0 0 0 0 0 0 0 0
23800 -283.499 -1.0437 100 24 0 0 0 0 0 0 0 0 0 -1.65339 100 25 -1.03825 100 36 0 0 0 0 0 0 0 0
23900 -283.848 -0.643009 100 21 0 0 0 0 0 0 0 0 0 -1.82797 100 28 -0.561382 100 39 0 0 0 0 0 0 0 0
24000 -283.986 -0.77994 100 15 0 0 0 0 0 0 0 0 0 -1.8141 100 29 -0.851425 100 42 0 0 0 0 0 0 0 0
24100 -285.594 -0.350023 100 25 0 0 0 0 0 0 0 0 0 -1.66078 100 22 -1.7387 100 40 0 0 0 0 0 0 0 0
24200 -284.09 -1.00191 100 25 0 0 0 0 0 0 0 0 0 -1.74904 100 30 -1.00884 100 42 0 0 0 0 0 0 0 0
24300 -283.278 -0.518478 100 19 0 0 0 0 0 0 0 0 0 -1.70595 100 21 -0.661423 100 34 0 0 0 0 0 0 0 0
24400 -285.73 -1.35552 100 21 0 0 0 0 0 0 0 0 0 -1.75709 100 25 -0.781279 100 32 0 0 0 0 0 0 0 0
24500 -283.093 -0.594412 100 21 0 0 0 0 0 0 0 0 0 -1.66504 100 25 -0.925222 100 35 0 0 0 0 0 0 0 0
24600 -283.404 -0.815555 100 16 0 0 0 0 0 0 0 0 0 -1.7287 100 25 -0.990029 100 43 0 0 0 0 0 0 0 0
24700 -284.713 -0.702666 100 12 0 0 0 0 0 0 0 0 0 -1.74096 100 25 -0.0436517 100 35 0 0 0 0 0 0 0 0
24800 -283.86 -0.368401 100 19 0 0 0 0 0 0 0 0 0 -1.67261 100 28 -0.693536 100 49 0 0 0 0 0 0 0 0
24900 -283.065 -0.869533 100 17 0 0 0 0 0 0 0 0 0 -1.62182 100 26 -1.08978 100 47 0 0 0 0 0 0 0 0
25000 -284.602 -1.20319 100 15 0 0 0 0 0 0 0 0 0 -1.61592 100 27 -0.335598 100 36 0 0 0 0 0 0 0 0
25100 -284.1 -0.851651 100 26 0 0 0 0 0 0 0 0 0 -1.70387 100 17 -1.44237 100 43 0 0 0 0 0 0 0 0
25200 -284.381 -0.503409 100 23 0 0 0 0 0 0 0 0 0 -1.59564 100 19 -1.53068 100 37 0 0 0 0 0 0 0 0
25300 -284.108 -1.13907 100 21 0 0 0 0 0 0 0 0 0 -1.70298 100 13 -0.615593 100 39 0 0 0 0 0 0 0 0
25400 -283.172 -1.02395 100 24 0 0 0 0 0 0 0 0 0 -1.57607 100 24 -0.792911 100 37 0 0 0 0 0 0 0 0
25500 -284.945 -1.01716 100 22 0 0 0 0 0 0 0 0 0 -1.60457 100 22 -1.84908 100 36 0 0 0 0 0 0 0 0
25600 -283.703 -0.688082 100 26 0 0 0 0 0 0 0 0 0 -1.74558 100 17 -0.321377 100 40 0 0 0 0 0 0 0 0
25700 -285.095 -1.03388 100 14 0 0 0 0 0 0 0 0 0 -1.82515 100 22 -0.354236 100 39 0 0 0 0 0 0 0 0
25800 -283.898 -0.9118 100 14 0 0 0 0 0 0 0 0 0 -1.70376 100 25 -1.30049 100 37 0 0 0 0 0 0 0 0
25900 -283.461 -0.876982 100 26 0 0 0 0 0 0 0 0 0 -1.59816 100 22 -1.37402 100 43 0 0 0 0 0 0 0 0
26000 -283.482 -0.558478 100 18 0 0 0 0 0 0 0 0 0 -1.77046 100 23 -0.876486 100 36 0 0 0 0 0 0 0 0
26100 -285.071 -0.591763 100 24 0 0 0 0 0 0 0 0 0 -1.41594 100 21 -1.28959 100 43 0 0 0 0 0 0 0 0
26200 -285.106 -0.326222 100 23 0 0 0 0 0 0 0 0 0 -1.88286 100 26 -0.154213 100 35 0 0 0 0 0 0 0 0
26300 -284.973 -0.735467 100 22 0 0 0 0 0 0 0 0 0 -1.79283 100 22 -0.0215962 100 36 0 0 0 0 0 0 0 0
26400 -286.769 -1.36483 100 23 0 0 0 0 0 0 0 0 0 -1.82942 100 23 -0.571614 100 40 0 0 0 0 0 0 0 0
26500 -283.604 -1.13234 100 23 0 0 0 0 0 0 0 0 0 -1.52081 100 22 -1.20308 100 37 0 0 0 0 0 0 0 0
26600 -283.656 -0.967065 100 21 0 0 0 0 0 0 0 0 0 -1.64829 100 23 -0.406292 100 42 0 0 0 0 0 0 0 0
26700 -284.362 -1.31315 100 20 0 0 0 0 0 0 0 0 0 -1.47327 100 25 -0.730044 100 37 0 0 0 0 0 0 0 0
26800 -284.415 -1.26203 100 17 0 0 0 0 0 0 0 0 0 -1.64088 100 27 -0.535766 100 40 0 0 0 0 0 0 0 0
26900 -287.414 -0.615092 100 26 0 0 0 0 0 0 0 0 0 -1.9236 100 25 -1.75352 100 41 0 0 0 0 0 0 0 0
27000 -284.324 -1.13385 100 20 0 0 0 0 0 0 0 0 0 -1.43131 100 21 -1.49339 100 32 0 0 0 0 0 0 0 0
27100 -283.279 -0.746444 100 14 0 0 0 0 0 0 0 0 0 -1.51557 100 24 -1.05495 100 34 0 0 0 0 0 0 0 0
27200 -284.705 -0.524048 100 27 0 0 0 0 0 0 0 0 0 -1.52402 100 22 -1.5551 100 39 0 0 0 0 0 0 0 0
27300 -283.855 -0.856708 100 26 0 0 0 0 0 0 0 0 0 -1.56604 100 19 -0.357025 100 34 0 0 0 0 0 0 0 0
27400 -284.222 -0.489596 100 18 0 0 0 0 0 0 0 0 0 -1.87206 100 18 -0.609623 100 39 0 0 0 0 0 0 0 0
27500 -284.721 -1.44803 100 18 0 0 0 0 0 0 0 0 0 -1.52625 100 29 -0.956996 100 48 0 0 0 0 0 0 0 0
27600 -283.179 -0.846933 100 19 0 0 0 0 0 0 0 0 0 -1.60909 100 17 -1.21318 100 40 0 0 0 0 0 0 0 0
27700 -282.983 -0.87422 100 23 0 0 0 0 0 0 0 0 0 -1.55449 100 22 -0.908226 100 34 0 0 0 0 0 0 0 0
27800 -283.169 -0.864853 100 24 0 0 0 0 0 0 0 0 0 -1.51763 100 22 -0.820711 100 33 0 0 0 0 0 0 0 0
27900 -283.076 -0.785532 100 23 0 0 0 0 0 0 0 0 0 -1.61707 100 18 -1.1442 100 39 0 0 0 0 0 0 0 0
28000 -285.213 -0.649628 100 17 0 0 0 0 0 0 0 0 0 -1.40262 100 25 -0.705548 100 33 0 0 0 0 0 0 0 0
28100 -283.838 -1.07519 100 13 0 0 0 0 0 0 0 0 0 -1.68494 100 25 -1.06002 100 31 0 0 0 0 0 0 0 0
28200 -284.63 -0.842582 100 15 0 0 0 0 0 0 0 0 0 -1.36987 100 24 -1.10858 100 42 0 0 0 0 0 0 0 0
28300 -285.238 -1.05825 100 27 0 0 0 0 0 0 0 0 0 -1.64457 100 22 -1.82818 100 43 0 0 0 0 0 0 0 0
28400 -283.626 -0.536851 100 21 0 0 0 0 0 0 0 0 0 -1.75105 100 24 -0.399794 100 38 0 0 0 0 0 0 0 0
28500 -283.178 -0.635904 100 16 0 0 0 0 0 0 0 0 0 -1.73394 100 19 -0.713434 100 42 0 0 0 0 0 0 0 0
28600 -284.935 -0.434077 100 14 0 0 0 0 0 0 0 0 0 -1.48798 100 18 -1.06754 100 34 0 0 0 0 0 0 0 0
28700 -285.543 -0.776723 100 27 0 0 0 0 0 0 0 0 0 -1.40583 100 28 -1.86629 100 36 0 0 0 0 0 0 0 0
28800 -283.721 -0.571601 100 20 0 0 0 0 0 0 0 0 0 -1.5319 100 19 -1.11093 100 34 0 0 0 0 0 0 0 0
28900 -283.734 -0.502951 100 31 0 0 0 0 0 0 0 0 0 -1.70988 100 17 -0.367856 100 39 0 0 0 0 0 0 0 0
29000 -285.205 -1.43598 100 18 0 0 0 0 0 0 0 0 0 -1.63076 100 14 -1.11057 100 49 0 0 0 0 0 0 0 0
29100 -285.314 -1.11198 100 28 0 0 0 0 0 0 0 0 0 -1.62153 100 29 -0.0980086 100 48 0 0 0 0 0 0 0 0
29200 -283.712 -0.873892 100 16 0 0 0 0 0 0 0 0 0 -1.68515 100 22 -0.335372 100 40 0 0 0 0 0 0 0 0
29300 -284.228 -1.11155 100 20 0 0 0 0 0 0 0 0 0 -1.69625 100 25 -1.17051 100 39 0 0 0 0 0 0 0 0
29400 -284.01 -0.763231 100 20 0 0 0 0 0 0 0 0 0 -1.50569 100 28 -1.55216 100 37 0 0 0 0 0 0 0 0
29500 -284.478 -0.386135 100 18 0 0 0 0 0 0 0 0 0 -1.57365 100 25 -1.17864 100 45 0 0 0 0 0 0 0 0
29600 -285.002 -1.14377 100 19 0 0 0 0 0 0 0 0 0 -1.70599 100 31 -1.43503 100 36 0 0 0 0 0 0 0 0
29700 -283.058 -0.693998 100 24 0 0 0 0 0 0 0 0 0 -1.60855 100 23 -1.07966 100 31 0 0 0 0 0 0 0 0
29800 -283.569 -0.866641 100 16 0 0 0 0 0 0 0 0 0 -1.54725 100 20 -1.44004 100 34 0 0 0 0 0 0 0 0
29900 -284.233 -1.05184 100 15 0 0 0 0 0 0 0 0 0 -1.38473 100 18 -1.03027 100 48 0 0 0 0 0 0 0 0
30000 -283.47 -0.482848 100 18 0 0 0 0 0 0 0 0 0 -1.73527 100 18 -0.916064 100 44 0 0 0 0 0 0 0 0
30100 -286.231 -1.58038 100 18 0 0 0 0 0 0 0 0 0 -1.33479 100 17 -1.08347 100 44 0 0 0 0 0 0 0 0
30200 -284.776 -0.941958 100 14 0 0 0 0 0 0 0 0 0 -1.48334 100 25 -0.309247 100 36 0 0 0 0 0 0 0 0
30300 -283.842 -0.709739 100 24 0 0 0 0 0 0 0 0 0 -1.82009 100 18 -0.586186 100 44 0 0 0 0 0 0 0 0
30400 -284.721 -1.35164 100 23 0 0 0 0 0 0 0 0 0 -1.54469 100 17 -0.525599 100 39 0 0 0 0 0 0 0 0
30500 -283.239 -1.0199 100 21 0 0 0 0 0 0 0 0 0 -1.54918 100 24 -0.741205 100 37 0 0 0 0 0 0 0 0
30600 -285.952 -0.215004 100 20 0 0 0 0 0 0 0 0 0 -1.79467 100 21 -1.51398 100 42 0 0 0 0 0 0 0 0
30700 -283.997 -1.0488 100 19 0 0 0 0 0 0 0 0 0 -1.61052 100 19 -1.46075 100 45 0 0 0 0 0 0 0 0
30800 -284.166 -1.29259 100 19 0 0 0 0 0 0 0 0 0 -1.45584 100 23 -0.958174 100 37 0 0 0 0 0 0 0 0
30900 -285.132 -0.781106 100 20 0 0 0 0 0 0 0 0 0 -1.86404 100 25 -1.17351 100 25 0 0 0 0 0 0 0 0
31000 -283.937 -0.78376 100 23 0 0 0 0 0 0 0 0 0 -1.81657 100 21 -0.600198 100 36 0 0 0 0 0 0 0 0
31100 -287.103 -0.931387 100 23 0 0 0 0 0 0 0 0 0 -1.39122 100 26 -2.39527 100 35 0 0 0 0 0 0 0 0
31200 -284.557 -1.2809 100 24 0 0 0 0 0 0 0 0 0 -1.62839 100 27 -0.485459 100 44 0 0 0 0 0 0 0 0
31300 -284.427 -0.746703 100 27 0 0 0 0 0 0 0 0 0 -1.66862 100 25 -1.68625 100 42 0 0 0 0 0 0 0 0
31400 -286.819 -0.637688 100 16 0 0 0 0 0 0 0 0 0 -1.4211 100 30 -2.15982 100 39 0 0 0 0 0 0 0 0
31500 -284.132 -1.10629 100 22 0 0 0 0 0 0 0 0 0 -1.72907 100 26 -0.783656 100 45 0 0 0 0 0 0 0 0
31600 -285.628 -0.586822 100 17 0 0 0 0 0 0 0 0 0 -1.40693 100 24 -0.643675 100 41 0 0 0 0 0 0 0 0
31700 -287.53 -0.370332 100 28 0 0 0 0 0 0 0 0 0 -2.06028 100 35 0.117854 100 38 0 0 0 0 0 0 0 0
31800 -283.622 -0.921306 100 31 0 0 0 0 0 0 0 0 0 -1.69298 100 25 -1.18517 100 41 0 0 0 0 0 0 0 0
31900 -283.4 -1.05298 100 22 0 0 0 0 0 0 0 0 0 -1.50128 100 19 -1.12974 100 31 0 0 0 0 0 0 0 0
32000 -283.789 -1.07939 100 18 0 0 0 0 0 0 0 0 0 -1.44354 100 26 -1.22102 100 39 0 0 0 0 0 0 0 0
32100 -285.655 -1.07333 100 22 0 0 0 0 0 0 0 0 0 -1.72748 100 19 -1.69022 100 41 0 0 0 0 0 0 0 0
32200 -284.854 -1.20272 100 21 0 0 0 0 0 0 0 0 0 -1.41907 100 28 -1.64958 100 39 0 0 0 0 0 0 0 0
32300 -285.393 -1.16506 100 12 0 0 0 0 0 0 0 0 0 -1.71131 100 17 -1.52783 100 46 0 0 0 0 0 0 0 0
32400 -288.241 -0.377598 100 13 0 0 0 0 0 0 0 0 0 -2.13471 100 23 -0.0599702 100 42 0 0 0 0 0 0 0 0
32500 -283.663 -1.1677 100 24 0 0 0 0 0 0 0 0 0 -1.58506 100 22 -1.08574 100 42 0 0 0 0 0 0 0 0
32600 -284.611 -0.548539 100 17 0 0 0 0 0 0 0 0 0 -1.90559 100 26 -0.465337 100 40 0 0 0 0 0 0 0 0
32700 -287.817 -0.340774 100 22 0 0 0 0 0 0 0 0 0 -1.56621 100 28 0.0392685 100 35 0 0 0 0 0 0 0 0
32800 -286.288 -1.54045 100 13 0 0 0 0 0 0 0 0 0 -1.41302 100 25 -0.524855 100 53 0 0 0 0 0 0 0 0
32900 -287.172 -0.698912 100 30 0 0 0 0 0 0 0 0 0 -1.35355 100 21 -2.08181 100 46 0 0 0 0 0 0 0 0
33000 -283.603 -0.429796 100 18 0 0 0 0 0 0 0 0 0 -1.75921 100 19 -0.746086 100 36 0 0 0 0 0 0 0 0
33100 -283.593 -0.428296 100 12 0 0 0 0 0 0 0 0 0 -1.67849 100 26 -0.650094 100 44 0 0 0 0 0 0 0 0
33200 -286.247 -1.70249 100 20 0 0 0 0 0 0 0 0 0 -1.46859 100 25 -0.87874 100 34 0 0 0 0 0 0 0 0
33300 -284.462 -0.773375 100 24 0 0 0 0 0 0 0 0 0 -1.79887 100 20 -1.26321 100 41 0 0 0 0 0 0 0 0
33400 -288.529 -1.65549 100 20 0 0 0 0 0 0 0 0 0 -1.7809 100 18 -0.311232 100 36 0 0 0 0 0 0 0 0
33500 -284.015 -0.818567 100 23 0 0 0 0 0 0 0 0 0 -1.70573 100 18 -1.42278 100 39 0 0 0 0 0 0 0 0
33600 -282.9 -0.818344 100 17 0 0 0 0 0 0 0 0 0 -1.59973 100 27 -0.924219 100 38 0 0 0 0 0 0 0 0
33700 -284.017 -0.553206 100 8 0 0 0 0 0 0 0 0 0 -1.76562 100 25 -1.25175 100 35 0 0 0 0 0 0 0 0
33800 -284.03 -0.314279 100 18 0 0 0 0 0 0 0 0 0 -1.75765 100 19 -0.701707 100 40 0 0 0 0 0 0 0 0
33900 -284.283 -1.02791 100 25 0 0 0 0 0 0 0 0 0 -1.67681 100 27 -1.4291 100 42 0 0 0 0 0 0 0 0
34000 -286.31 -0.972595 100 22 0 0 0 0 0 0 0 0 0 -1.33509 100 22 -0.474318 100 37 0 0 0 0 0 0 0 0
34100 -285.787 -0.83466 100 20 0 0 0 0 0 0 0 0 0 -1.33001 100 27 -0.73689 100 43 0 0 0 0 0 0 0 0
34200 -283.293 -0.793977 100 19 0 0 0 0 0 0 0 0 0 -1.72777 100 25 -0.581173 100 31 0 0 0 0 0 0 0 0
34300 -285.877 -0.28785 100 18 0 0 0 0 0 0 0 0 0 -1.52413 100 27 -1.25684 100 35 0 0 0 0 0 0 0 0
34400 -285.025 -1.48315 100 20 0 0 0 0 0 0 0 0 0 -1.57391 100 17 -0.869963 100 34 0 0 0 0 0 0 0 0
34500 -283.11 -0.922659 100 19 0 0 0 0 0 0 0 0 0 -1.60007 100 18 -0.647129 100 41 0 0 0 0 0 0 0 0
34600 -284.108 -1.26564 100 20 0 0 0 0 0 0 0 0 0 -1.47138 100 28 -1.2127 100 39 0 0 0 0 0 0 0 0
34700 -283.139 -0.975395 100 21 0 0 0 0 0 0 0 0 0 -1.5269 100 21 -0.917192 100 42 0 0 0 0 0 0 0 0
34800 -286.402 -1.32015 100 22 0 0 0 0 0 0 0 0 0 -1.28734 100 25 -1.67299 100 42 0 0 0 0 0 0 0 0
34900 -286.082 -0.540105 100 15 0 0 0 0 0 0 0 0 0 -1.70283 100 20 -2.07314 100 42 0 0 0 0 0 0 0 0
35000 -285.772 -0.523416 100 16 0 0 0 0 0 0 0 0 0 -1.98197 100 18 -0.226138 100 38 0 0 0 0 0 0 0 0
35100 -284.483 -1.24742 100 17 0 0 0 0 0 0 0 0 0 -1.45793 100 23 -0.601917 100 41 0 0 0 0 0 0 0 0
35200 -284.008 -0.997382 100 18 0 0 0 0 0 0 0 0 0 -1.48397 100 18 -1.5478 100 43 0 0 0 0 0 0 0 0
35300 -283.733 -1.02671 100 29 0 0 0 0 0 0 0 0 0 -1.55257 100 25 -0.47512 100 36 0 0 0 0 0 0 0 0
35400 -282.886 -0.791423 100 17 0 0 0 0 0 0 0 0 0 -1.60968 100 22 -0.849612 100 33 0 0 0 0 0 0 0 0
35500 -283.482 -0.703226 100 14 0 0 0 0 0 0 0 0 0 -1.49995 100 22 -1.04645 100 33 0 0 0 0 0 0 0 0
35600 -283.99 -0.702811 100 21 0 0 0 0 0 0 0 0 0 -1.68199 100 27 -1.50148 100 39 0 0 0 0 0 0 0 0
35700 -284.25 -0.434008 100 16 0 0 0 0 0 0 0 0 0 -1.75865 100 26 -1.27527 100 47 0 0 0 0 0 0 0 0
35800 -283.53 -0.749016 100 27 0 0 0 0 0 0 0 0 0 -1.63209 100 23 -0.371348 100 37 0 0 0 0 0 0 0 0
35900 -284.832 -1.26389 100 20 0 0 0 0 0 0 0 0 0 -1.46854 100 29 -1.63706 100 35 0 0 0 0 0 0 0 0
36000 -283.693 -0.958941 100 23 0 0 0 0 0 0 0 0 0 -1.56246 100 19 -1.46688 100 38 0 0 0 0 0 0 0 0
36100 -285.108 -1.16919 100 16 0 0 0 0 0 0 0 0 0 -1.77438 100 26 -1.0123 100 33 0 0 0 0 0 0 0 0
36200 -284.626 -1.41305 100 21 0 0 0 0 0 0 0 0 0 -1.52043 100 24 -1.14164 100 37 0 0 0 0 0 0 0 0
36300 -283.352 -0.625546 100 29 0 0 0 0 0 0 0 0 0 -1.61132 100 22 -0.534195 100 38 0 0 0 0 0 0 0 0
36400 -285.225 -0.373603 100 18 0 0 0 0 0 0 0 0 0 -1.50627 100 26 -0.785773 100 27 0 0 0 0 0 0 0 0
36500 -283.978 -0.456295 100 13 0 0 0 0 0 0 0 0 0 -1.56591 100 28 -0.773631 100 31 0 0 0 0 0 0 0 0
36600 -283.299 -0.633247 100 22 0 0 0 0 0 0 0 0 0 -1.75221 100 22 -0.831357 100 38 0 0 0 0 0 0 0 0
36700 -284.513 -1.13355 100 19 0 0 0 0 0 0 0 0 0 -1.37422 100 21 -0.899828 100 46 0 0 0 0 0 0 0 0
36800 -286.802 -0.0945885 100 19 0 0 0 0 0 0 0 0 0 -1.90993 100 24 -1.3044 100 42 0 0 0 0 0 0 0 0
36900 -283.005 -0.688261 100 15 0 0 0 0 0 0 0 0 0 -1.69154 100 21 -0.807663 100 38 0 0 0 0 0 0 0 0
37000 -284.53 -0.967083 100 22 0 0 0 0 0 0 0 0 0 -1.37174 100 32 -0.879219 100 41 0 0 0 0 0 0 0 0
37100 -283.042 -0.76947 100 21 0 0 0 0 0 0 0 0 0 -1.69672 100 27 -0.750279 100 40 0 0 0 0 0 0 0 0
37200 -283.497 -0.801787 100 24 0 0 0 0 0 0 0 0 0 -1.50618 100 26 -1.30629 100 40 0 0 0 0 0 0 0 0
37300 -283.56 -1.00018 100 16 0 0 0 0 0 0 0 0 0 -1.70197 100 20 -0.888231 100 37 0 0 0 0 0 0 0 0
37400 -283.303 -0.715537 100 19 0 0 0 0 0 0 0 0 0 -1.53696 100 24 -1.16408 100 42 0 0 0 0 0 0 0 0
37500 -283.127 -1.00418 100 16 0 0 0 0 0 0 0 0 0 -1.55398 100 19 -0.862007 100 44 0 0 0 0 0 0 0 0
37600 -284.88 -0.904607 100 16 0 0 0 0 0 0 0 0 0 -1.39667 100 24 -1.67036 100 37 0 0 0 0 0 0 0 0
37700 -283.823 -1.07018 100 19 0 0 0 0 0 0 0 0 0 -1.52677 100 18 -1.44175 100 39 0 0 0 0 0 0 0 0
37800 -283.475 -0.864379 100 21 0 0 0 0 0 0 0 0 0 -1.6855 100 26 -1.19488 100 46 0 0 0 0 0 0 0 0
37900 -285.221 -0.598691 100 18 0 0 0 0 0 0 0 0 0 -1.78506 100 21 -1.65547 100 39 0 0 0 0 0 0 0 0
38000 -284.149 -0.57684 100 14 0 0 0 0 0 0 0 0 0 -1.86383 100 27 -0.66856 100 35 0 0 0 0 0 0 0 0
38100 -283.885 -0.626384 100 19 0 0 0 0 0 0 0 0 0 -1.49496 100 31 -1.20462 100 37 0 0 0 0 0 0 0 0
38200 -284.301 -1.16074 100 22 0 0 0 0 0 0 0 0 0 -1.43148 100 22 -1.45117 100 34 0 0 0 0 0 0 0 0
38300 -286.137 -1.34685 100 23 0 0 0 0 0 0 0 0 0 -1.75701 100 18 -0.307855 100 38 0 0 0 0 0 0 0 0
38400 -285.463 -0.218537 100 17 0 0 0 0 0 0 0 0 0 -1.65564 100 29 -1.31864 100 43 0 0 0 0 0 0 0 0
38500 -285.092 -0.314131 100 20 0 0 0 0 0 0 0 0 0 -1.56231 100 21 -1.15929 100 44 0 0 0 0 0 0 0 0
38600 -283.143 -0.974344 100 16 0 0 0 0 0 0 0 0 0 -1.63905 100 16 -0.82534 100 41 0 0 0 0 0 0 0 0
38700 -283.831 -1.06724 100 20 0 0 0 0 0 0 0 0 0 -1.61247 100 25 -1.35296 100 51 0 0 0 0 0 0 0 0
38800 -285.296 -0.32594 100 27 0 0 0 0 0 0 0 0 0 -1.9531 100 17 -0.364257 100 33 0 0 0 0 0 0 0 0
38900 -284.347 -1.34993 100 16 0 0 0 0 0 0 0 0 0 -1.58271 100 28 -0.940169 100 48 0 0 0 0 0 0 0 0
39000 -284.708 -1.08399 100 26 0 0 0 0 0 0 0 0 0 -1.71345 100 22 -0.238782 100 26 0 0 0 0 0 0 0 0
39100 -286.511 -0.932373 100 21 0 0 0 0 0 0 0 0 0 -1.45536 100 23 -2.35011 100 41 0 0 0 0 0 0 0 0
39200 -283.595 -0.975067 100 28 0 0 0 0 0 0 0 0 0 -1.4912 100 26 -0.649029 100 36 0 0 0 0 0 0 0 0
39300 -283.758 -0.474679 100 16 0 0 0 0 0 0 0 0 0 -1.61288 100 20 -1.1647 100 45 0 0 0 0 0 0 0 0
39400 -285.207 -1.2836 100 25 0 0 0 0 0 0 0 0 0 -1.60013 100 19 -1.62403 100 36 0 0 0 0 0 0 0 0
39500 -283.152 -0.945301 100 23 0 0 0 0 0 0 0 0 0 -1.65499 100 17 -0.729988 100 40 0 0 0 0 0 0 0 0
39600 -286.317 -0.488157 100 19 0 0 0 0 0 0 0 0 0 -2.02329 100 26 -0.686145 100 31 0 0 0 0 0 0 0 0
39700 -283.507 -0.587011 100 15 0 0 0 0 0 0 0 0 0 -1.61623 100 16 -1.26469 100 25 0 0 0 0 0 0 0 0
39800 -285.508 -1.57083 100 24 0 0 0 0 0 0 0 0 0 -1.44455 100 22 -0.900351 100 42 0 0 0 0 0 0 0 0
39900 -285.13 -0.501629 100 20 0 0 0 0 0 0 0 0 0 -1.45154 100 18 -1.29065 100 43 0 0 0 0 0 0 0 0
40000 -284.735 -1.28303 100 23 0 0 0 0 0 0 0 0 0 -1.50515 100 16 -1.57208 100 31 0 0 0 0 0 0 0 0
40100 -284.529 -1.36883 100 22 0 0 0 0 0 0 0 0 0 -1.43817 100 23 -1.05482 100 34 0 0 0 0 0 0 0 0
40200 -285.38 -0.734268 100 21 0 0 0 0 0 0 0 0 0 -1.49773 100 28 -0.198937 100 41 0 0 0 0 0 0 0 0
40300 -283.411 -0.57943 100 20 0 0 0 0 0 0 0 0 0 -1.6492 100 29 -1.19885 100 37 0 0 0 0 0 0 0 0
40400 -283.1 -0.868306 100 16 0 0 0 0 0 0 0 0 0 -1.54734 100 19 -1.12763 100 36 0 0 0 0 0 0 0 0
40500 -284.681 -0.741491 100 10 0 0 0 0 0 0 0 0 0 -1.4187 100 28 -1.50988 100 37 0 0 0 0 0 0 0 0
40600 -285.112 -0.587987 100 15 0 0 0 0 0 0 0 0 0 -1.81809 100 28 0.0115626 100 46 0 0 0 0 0 0 0 0
40700 -284.312 -1.12626 100 27 0 0 0 0 0 0 0 0 0 -1.41269 100 22 -1.42245 100 34 0 0 0 0 0 0 0 0
40800 -285.554 -0.401228 100 22 0 0 0 0 0 0 0 0 0 -1.9385 100 24 -1.05214 100 36 0 0 0 0 0 0 0 0
40900 -283.501 -0.507846 100 21 0 0 0 0 0 0 0 0 0 -1.59381 100 23 -0.837251 100 37 0 0 0 0 0 0 0 0
41000 -284.859 -0.932178 100 21 0 0 0 0 0 0 0 0 0 -1.77724 100 17 -1.37022 100 35 0 0 0 0 0 0 0 0
41100 -283.904 -1.24072 100 22 0 0 0 0 0 0 0 0 0 -1.58896 100 22 -1.01611 100 39 0 0 0 0 0 0 0 0
41200 -284.238 -1.14472 100 22 0 0 0 0 0 0 0 0 0 -1.58057 100 19 -1.49509 100 40 0 0 0 0 0 0 0 0
41300 -283.316 -0.807587 100 21 0 0 0 0 0 0 0 0 0 -1.52641 100 23 -0.669776 100 42 0 0 0 0 0 0 0 0
41400 -283.891 -1.06984 100 16 0 0 0 0 0 0 0 0 0 -1.67596 100 19 -1.16247 100 30 0 0 0 0 0 0 0 0
41500 -283.649 -1.14986 100 17 0 0 0 0 0 0 0 0 0 -1.62699 100 21 -0.762063 100 34 0 0 0 0 0 0 0 0
41600 -284.119 -0.726606 100 18 0 0 0 0 0 0 0 0 0 -1.59524 100 23 -1.65158 100 39 0 0 0 0 0 0 0 0
41700 -283.155 -0.774294 100 13 0 0 0 0 0 0 0 0 0 -1.53169 100 19 -0.816092 100 48 0 0 0 0 0 0 0 0
41800 -283.517 -0.705512 100 24 0 0 0 0 0 0 0 0 0 -1.49656 100 20 -1.08008 100 43 0 0 0 0 0 0 0 0
41900 -283.108 -0.886105 100 26 0 0 0 0 0 0 0 0 0 -1.63532 100 18 -0.610428 100 29 0 0 0 0 0 0 0 0
42000 -283.416 -0.481017 100 12 0 0 0 0 0 0 0 0 0 -1.67766 100 26 -0.629939 100 41 0 0 0 0 0 0 0 0
42100 -284.708 -0.361536 100 19 0 0 0 0 0 0 0 0 0 -1.84361 100 18 -1.12002 100 38 0 0 0 0 0 0 0 0
42200 -286.648 -0.245153 100 18 0 0 0 0 0 0 0 0 0 -1.56777 100 19 -1.66543 100 39 0 0 0 0 0 0 0 0
42300 -284.064 -0.95065 100 17 0 0 0 0 0 0 0 0 0 -1.73662 100 14 -0.34373 100 33 0 0 0 0 0 0 0 0
42400 -283.487 -0.607337 100 25 0 0 0 0 0 0 0 0 0 -1.73766 100 20 -1.08526 100 40 0 0 0 0 0 0 0 0
42500 -283.531 -1.01161 100 13 0 0 0 0 0 0 0 0 0 -1.60951 100 21 -0.495561 100 44 0 0 0 0 0 0 0 0
42600 -286.28 -0.543664 100 22 0 0 0 0 0 0 0 0 0 -1.84785 100 19 -1.76288 100 35 0 0 0 0 0 0 0 0
42700 -285.64 -0.914617 100 18 0 0 0 0 0 0 0 0 0 -1.57426 100 20 -0.0140354 100 40 0 0 0 0 0 0 0 0
42800 -283.274 -0.701624 100 23 0 0 0 0 0 0 0 0 0 -1.53399 100 22 -1.07918 100 40 0 0 0 0 0 0 0 0
42900 -287.362 -0.84501 100 15 0 0 0 0 0 0 0 0 0 -1.51055 100 25 0.106694 100 48 0 0 0 0 0 0 0 0
43000 -284.802 -0.535583 100 18 0 0 0 0 0 0 0 0 0 -1.67682 100 27 -0.0845006 100 31 0 0 0 0 0 0 0 0
43100 -283.892 -0.709412 100 25 0 0 0 0 0 0 0 0 0 -1.46046 100 20 -1.17483 100 31 0 0 0 0 0 0 0 0
43200 -283.489 -1.15318 100 17 0 0 0 0 0 0 0 0 0 -1.55335 100 24 -0.949447 100 33 0 0 0 0 0 0 0 0
43300 -285.202 -1.33251 100 17 0 0 0 0 0 0 0 0 0 -1.71173 100 23 -0.556151 100 32 0 0 0 0 0 0 0 0
43400 -284.076 -1.09354 100 19 0 0 0 0 0 0 0 0 0 -1.46809 100 27 -0.581873 100 33 0 0 0 0 0 0 0 0
43500 -283.608 -0.440658 100 20 0 0 0 0 0 0 0 0 0 -1.76797 100 21 -0.760521 100 38 0 0 0 0 0 0 0 0
43600 -283.992 -0.428252 100 25 0 0 0 0 0 0 0 0 0 -1.76244 100 16 -0.342641 100 30 0 0 0 0 0 0 0 0
43700 -284.889 -0.646303 100 17 0 0 0 0 0 0 0 0 0 -1.58674 100 20 -1.87118 100 47 0 0 0 0 0 0 0 0
43800 -283.201 -0.944376 100 29 0 0 0 0 0 0 0 0 0 -1.64212 100 17 -0.622586 100 40 0 0 0 0 0 0 0 0
43900 -285.297 -0.771622 100 16 0 0 0 0 0 0 0 0 0 -1.35443 100 34 -1.40567 100 38 0 0 0 0 0 0 0 0
44000 -284.884 -1.03904 100 16 0 0 0 0 0 0 0 0 0 -1.75286 100 15 -0.197601 100 44 0 0 0 0 0 0 0 0
44100 -283.263 -0.81675 100 21 0 0 0 0 0 0 0 0 0 -1.69703 100 25 -1.04795 100 34 0 0 0 0 0 0 0 0
44200 -283.882 -0.702069 100 23 0 0 0 0 0 0 0 0 0 -1.62701 100 24 -1.53574 100 38 0 0 0 0 0 0 0 0
44300 -284.227 -0.995168 100 19 0 0 0 0 0 0 0 0 0 -1.54202 100 22 -1.67472 100 36 0 0 0 0 0 0 0 0
44400 -285.183 -0.981905 100 18 0 0 0 0 0 0 0 0 0 -1.43465 100 14 -1.91987 100 35 0 0 0 0 0 0 0 0
44500 -284.514 -0.432405 100 23 0 0 0 0 0 0 0 0 0 -1.57259 100 25 -1.37948 100 42 0 0 0 0 0 0 0 0
44600 -283.294 -1.05395 100 24 0 0 0 0 0 0 0 0 0 -1.61974 100 24 -0.896555 100 31 0 0 0 0 0 0 0 0
44700 -285.339 -0.593903 100 14 0 0 0 0 0 0 0 0 0 -1.49617 100 23 -0.297172 100 35 0 0 0 0 0 0 0 0
44800 -284.534 -1.1885 100 18 0 0 0 0 0 0 0 0 0 -1.454 100 22 -1.58909 100 38 0 0 0 0 0 0 0 0
44900 -283.738 -0.925274 100 18 0 0 0 0 0 0 0 0 0 -1.43267 100 21 -0.965973 100 33 0 0 0 0 0 0 0 0
45000 -284.489 -0.807445 100 26 0 0 0 0 0 0 0 0 0 -1.4082 100 27 -1.43758 100 41 0 0 0 0 0 0 0 0
45100 -283.247 -0.901218 100 19 0 0 0 0 0 0 0 0 0 -1.69882 100 22 -0.804917 100 39 0 0 0 0 0 0 0 0
45200 -286.493 -1.21091 100 18 0 0 0 0 0 0 0 0 0 -1.87426 100 23 -0.593913 100 40 0 0 0 0 0 0 0 0
45300 -283.026 -0.684974 100 21 0 0 0 0 0 0 0 0 0 -1.61384 100 23 -1.03584 100 47 0 0 0 0 0 0 0 0
45400 -285.433 -0.837055 100 21 0 0 0 0 0 0 0 0 0 -1.82433 100 29 -1.46158 100 36 0 0 0 0 0 0 0 0
45500 -283.111 -0.690598 100 18 0 0 0 0 0 0 0 0 0 -1.71564 100 22 -0.851997 100 40 0 0 0 0 0 0 0 0
45600 -284.203 -0.719038 100 25 0 0 0 0 0 0 0 0 0 -1.43841 100 15 -0.795157 100 32 0 0 0 0 0 0 0 0
45700 -284.292 -1.01028 100 27 0 0 0 0 0 0 0 0 0 -1.72883 100 19 -1.24228 100 41 0 0 0 0 0 0 0 0
45800 -283.295 -0.508109 100 24 0 0 0 0 0 0 0 0 0 -1.66395 100 25 -0.905089 100 37 0 0 0 0 0 0 0 0
45900 -284.286 -0.59136 100 17 0 0 0 0 0 0 0 0 0 -1.62274 100 16 -1.62159 100 41 0 0 0 0 0 0 0 0
46000 -284.003 -0.738327 100 16 0 0 0 0 0 0 0 0 0 -1.7172 100 28 -0.209602 100 45 0 0 0 0 0 0 0 0
46100 -284.119 -0.935158 100 17 0 0 0 0 0 0 0 0 0 -1.41446 100 19 -1.36201 100 47 0 0 0 0 0 0 0 0
46200 -283.42 -0.605552 100 20 0 0 0 0 0 0 0 0 0 -1.59697 100 25 -1.221 100 42 0 0 0 0 0 0 0 0
46300 -284.295 -0.639874 100 28 0 0 0 0 0 0 0 0 0 -1.69001 100 26 -0.143407 100 36 0 0 0 0 0 0 0 0
46400 -283.79 -0.786296 100 20 0 0 0 0 0 0 0 0 0 -1.79053 100 21 -0.480338 100 36 0 0 0 0 0 0 0 0
46500 -283.944 -0.437463 100 22 0 0 0 0 0 0 0 0 0 -1.62331 100 11 -1.1976 100 39 0 0 0 0 0 0 0 0
46600 -283.394 -1.09847 100 23 0 0 0 0 0 0 0 0 0 -1.57931 100 26 -1.04706 100 39 0 0 0 0 0 0 0 0
46700 -284.091 -0.80435 100 26 0 0 0 0 0 0 0 0 0 -1.6061 100 28 -0.241992 100 33 0 0 0 0 0 0 0 0
46800 -283.544 -0.776193 100 18 0 0 0 0 0 0 0 0 0 -1.77567 100 13 -0.745806 100 35 0 0 0 0 0 0 0 0
46900 -283.844 -0.359051 100 14 0 0 0 0 0 0 0 0 0 -1.68735 100 23 -0.781125 100 43 0 0 0 0 0 0 0 0
47000 -283.874 -0.584979 100 26 0 0 0 0 0 0 0 0 0 -1.68692 100 26 -1.40001 100 39 0 0 0 0 0 0 0 0
47100 -284.256 -0.278059 100 16 0 0 0 0 0 0 0 0 0 -1.78654 100 19 -0.631518 100 42 0 0 0 0 0 0 0 0
47200 -282.906 -0.745393 100 20 0 0 0 0 0 0 0 0 0 -1.6302 100 22 -0.763643 100 43 0 0 0 0 0 0 0 0
47300 -284.576 -0.351287 100 14 0 0 0 0 0 0 0 0 0 -1.74096 100 26 -0.233547 100 34 0 0 0 0 0 0 0 0
47400 -283.352 -0.478475 100 16 0 0 0 0 0 0 0 0 0 -1.68336 100 23 -0.809257 100 38 0 0 0 0 0 0 0 0
47500 -285.063 -0.552715 100 27 0 0 0 0 0 0 0 0 0 -1.9382 100 20 -0.69609 100 35 0 0 0 0 0 0 0 0
47600 -283.966 -0.498133 100 23 0 0 0 0 0 0 0 0 0 -1.5582 100 15 -1.20161 100 40 0 0 0 0 0 0 0 0
47700 -284.496 -0.671288 100 9 0 0 0 0 0 0 0 0 0 -1.75068 100 26 -1.51541 100 41 0 0 0 0 0 0 0 0
47800 -285.003 -1.00271 100 21 0 0 0 0 0 0 0 0 0 -1.67713 100 29 -1.72248 100 46 0 0 0 0 0 0 0 0
47900 -283.514 -0.742342 100 15 0 0 0 0 0 0 0 0 0 -1.75443 100 19 -0.998695 100 37 0 0 0 0 0 0 0 0
48000 -284.505 -0.39454 100 16 0 0 0 0 0 0 0 0 0 -1.75192 100 19 -1.34796 100 50 0 0 0 0 0 0 0 0
48100 -283.324 -0.759363 100 19 0 0 0 0 0 0 0 0 0 -1.64423 100 20 -0.439575 100 47 0 0 0 0 0 0 0 0
48200 -284.993 -0.769691 100 15 0 0 0 0 0 0 0 0 0 -1.78819 100 23 -1.52258 100 44 0 0 0 0 0 0 0 0
48300 -286.328 -0.317029 100 16 0 0 0 0 0 0 0 0 0 -1.54955 100 17 -0.285162 100 38 0 0 0 0 0 0 0 0
48400 -284.955 -0.427124 100 14 0 0 0 0 0 0 0 0 0 -1.86516 100 28 -0.107115 100 41 0 0 0 0 0 0 0 0
48500 -284.116 -0.372259 100 27 0 0 0 0 0 0 0 0 0 -1.65584 100 21 -1.14695 100 34 0 0 0 0 0 0 0 0
48600 -283.541 -0.638581 100 17 0 0 0 0 0 0 0 0 0 -1.51524 100 23 -1.00213 100 33 0 0 0 0 0 0 0 0
48700 -284.39 -0.618739 100 20 0 0 0 0 0 0 0 0 0 -1.44477 100 29 -1.09554 100 28 0 0 0 0 0 0 0 0
48800 -283.946 -0.581553 100 13 0 0 0 0 0 0 0 0 0 -1.71753 100 24 -0.240394 100 37 0 0 0 0 0 0 0 0
48900 -285.911 -0.703164 100 22 0 0 0 0 0 0 0 0 0 -1.33944 100 21 -0.847701 100 47 0 0 0 0 0 0 0 0
49000 -283.338 -0.989426 100 18 0 0 0 0 0 0 0 0 0 -1.64354 100 22 -1.07614 100 45 0 0 0 0 0 0 0 0
49100 -283.357 -0.569824 100 20 0 0 0 0 0 0 0 0 0 -1.61839 100 19 -1.1314 100 32 0 0 0 0 0 0 0 0
49200 -286.707 -1.72959 100 10 0 0 0 0 0 0 0 0 0 -1.58716 100 28 -0.804528 100 43 0 0 0 0 0 0 0 0
49300 -283.926 -0.558582 100 26 0 0 0 0 0 0 0 0 0 -1.7257 100 28 -1.32826 100 33 0 0 0 0 0 0 0 0
49400 -284.141 -0.382076 100 18 0 0 0 0 0 0 0 0 0 -1.75792 100 22 -1.13575 100 39 0 0 0 0 0 0 0 0
49500 -283.127 -0.883888 100 18 0 0 0 0 0 0 0 0 0 -1.54608 100 18 -0.715183 100 44 0 0 0 0 0 0 0 0
49600 -287.245 -1.53657 100 26 0 0 0 0 0 0 0 0 0 -1.26833 100 25 -0.830981 100 27 0 0 0 0 0 0 0 0
49700 -283.162 -0.632253 100 15 0 0 0 0 0 0 0 0 0 -1.65891 100 22 -0.563628 100 42 0 0 0 0 0 0 0 0
49800 -284.114 -0.762456 100 28 0 0 0 0 0 0 0 0 0 -1.83821 100 18 -0.632212 100 45 0 0 0 0 0 0 0 0
49900 -284.971 -0.711499 100 22 0 0 0 0 0 0 0 0 0 -1.39807 100 21 -1.46476 100 31 0 0 0 0 0 0 0 0
50000 -283.606 -1.05114 100 20 0 0 0 0 0 0 0 0 0 -1.53165 100 20 -1.3445 100 34 0 0 0 0 0 0 0 0
50100 -284.529 -0.78278 100 18 0 0 0 0 0 0 0 0 0 -1.57078 100 18 -1.81484 100 42 0 0 0 0 0 0 0 0
50200 -283.048 -0.800529 100 14 0 0 0 0 0 0 0 0 0 -1.54772 100 22 -1.03539 100 44 0 0 0 0 0 0 0 0
50300 -285.422 -0.879664 100 21 0 0 0 0 0 0 0 0 0 -1.3217 100 28 -0.972104 100 38 0 0 0 0 0 0 0 0
50400 -286.035 -0.940583 100 23 0 0 0 0 0 0 0 0 0 -1.28195 100 21 -1.37483 100 39 0 0 0 0 0 0 0 0
50500 -285.951 -0.0646544 100 14 0 0 0 0 0 0 0 0 0 -1.91457 100 30 -0.432702 100 49 0 0 0 0 0 0 0 0
50600 -283.629 -0.536417 100 15 0 0 0 0 0 0 0 0 0 -1.60202 100 28 -0.549375 100 38 0 0 0 0 0 0 0 0
50700 -287.959 -1.18091 100 11 0 0 0 0 0 0 0 0 0 -1.73779 100 22 0.246275 100 44 0 0 0 0 0 0 0 0
50800 -283.718 -0.952136 100 18 0 0 0 0 0 0 0 0 0 -1.74438 100 22 -0.819233 100 35 0 0 0 0 0 0 0 0
50900 -286.385 -1.25853 100 14 0 0 0 0 0 0 0 0 0 -1.32689 100 23 -1.92386 100 40 0 0 0 0 0 0 0 0
51000 -283.275 -0.951543 100 21 0 0 0 0 0 0 0 0 0 -1.52042 100 26 -0.723936 100 44 0 0 0 0 0 0 0 0
51100 -285.215 -1.23812 100 18 0 0 0 0 0 0 0 0 0 -1.45802 100 27 -1.81194 100 31 0 0 0 0 0 0 0 0
51200 -283.241 -0.978705 100 24 0 0 0 0 0 0 0 0 0 -1.65877 100 23 -0.887309 100 44 0 0 0 0 0 0 0 0
51300 -287.069 -1.33691 100 24 0 0 0 0 0 0 0 0 0 -1.49597 100 22 -0.065542 100 43 0 0 0 0 0 0 0 0
51400 -283.409 -0.694755 100 22 0 0 0 0 0 0 0 0 0 -1.74816 100 18 -0.483413 100 43 0 0 0 0 0 0 0 0
51500 -283.152 -0.902449 100 19 0 0 0 0 0 0 0 0 0 -1.63028 100 23 -1.11043 100 26 0 0 0 0 0 0 0 0
51600 -283.19 -0.75048 100 19 0 0 0 0 0 0 0 0 0 -1.69613 100 20 -0.5289 100 37 0 0 0 0 0 0 0 0
51700 -283.438 -0.832663 100 11 0 0 0 0 0 0 0 0 0 -1.6436 100 21 -0.407182 100 38 0 0 0 0 0 0 0 0
51800 -283.532 -0.482619 100 21 0 0 0 0 0 0 0 0 0 -1.62653 100 26 -0.67185 100 38 0 0 0 0 0 0 0 0
51900 -284.941 -0.973321 100 19 0 0 0 0 0 0 0 0 0 -1.84085 100 19 -0.407398 100 47 0 0 0 0 0 0 0 0
52000 -284.424 -1.26686 100 20 0 0 0 0 0 0 0 0 0 -1.52988 100 18 -0.511265 100 37 0 0 0 0 0 0 0 0
52100 -283.548 -1.13097 100 16 0 0 0 0 0 0 0 0 0 -1.58171 100 19 -0.685863 100 48 0 0 0 0 0 0 0 0
52200 -283.708 -0.902294 100 21 0 0 0 0 0 0 0 0 0 -1.68637 100 19 -0.357046 100 36 0 0 0 0 0 0 0 0
52300 -283.928 -0.55113 100 21 0 0 0 0 0 0 0 0 0 -1.74803 100 25 -1.26452 100 36 0 0 0 0 0 0 0 0
52400 -286.496 -0.514098 100 22 0 0 0 0 0 0 0 0 0 -1.87365 100 12 -1.72691 100 42 0 0 0 0 0 0 0 0
52500 -285.595 -1.18913 100 23 0 0 0 0 0 0 0 0 0 -1.57931 100 25 -1.92876 100 47 0 0 0 0 0 0 0 0
52600 -283.45 -0.896288 100 18 0 0 0 0 0 0 0 0 0 -1.58872 100 21 -0.463005 100 39 0 0 0 0 0 0 0 0
52700 -285.298 -0.696735 100 16 0 0 0 0 0 0 0 0 0 -1.41898 100 21 -0.502423 100 39 0 0 0 0 0 0 0 0
52800 -290.504 -2.16294 100 21 0 0 0 0 0 0 0 0 0 -1.51457 100 17 -0.466086 100 41 0 0 0 0 0 0 0 0
52900 -283.916 -0.699245 100 18 0 0 0 0 0 0 0 0 0 -1.47022 100 27 -1.26409 100 44 0 0 0 0 0 0 0 0
53000 -284.664 -0.549155 100 10 0 0 0 0 0 0 0 0 0 -1.82036 100 26 -1.32377 100 35 0 0 0 0 0 0 0 0
53100 -284.329 -0.264383 100 18 0 0 0 0 0 0 0 0 0 -1.73005 100 14 -0.632744 100 42 0 0 0 0 0 0 0 0
53200 -284.019 -1.02756 100 21 0 0 0 0 0 0 0 0 0 -1.48365 100 21 -1.53754 100 37 0 0 0 0 0 0 0 0
53300 -285.675 -0.509389 100 24 0 0 0 0 0 0 0 0 0 -1.95642 100 31 -0.980492 100 32 0 0 0 0 0 0 0 0
53400 -286.838 -1.79492 100 31 0 0 0 0 0 0 0 0 0 -1.49182 100 26 -1.02582 100 36 0 0 0 0 0 0 0 0
53500 -283.709 -1.1298 100 19 0 0 0 0 0 0 0 0 0 -1.64163 100 15 -0.647689 100 37 0 0 0 0 0 0 0 0
53600 -283.854 -0.834342 100 21 0 0 0 0 0 0 0 0 0 -1.45262 100 24 -0.727913 100 36 0 0 0 0 0 0 0 0
53700 -284.771 -0.505122 100 19 0 0 0 0 0 0 0 0 0 -1.91824 100 22 -0.40817 100 29 0 0 0 0 0 0 0 0
53800 -285.431 -1.1528 100 23 0 0 0 0 0 0 0 0 0 -1.75443 100 24 -1.36089 100 34 0 0 0 0 0 0 0 0
53900 -283.558 -0.972477 100 17 0 0 0 0 0 0 0 0 0 -1.45448 100 22 -0.909828 100 39 0 0 0 0 0 0 0 0
54000 -285.012 -1.19381 100 25 0 0 0 0 0 0 0 0 0 -1.76515 100 20 -0.502305 100 34 0 0 0 0 0 0 0 0
54100 -285.707 -1.41055 100 20 0 0 0 0 0 0 0 0 0 -1.50072 100 23 -1.74298 100 50 0 0 0 0 0 0 0 0
54200 -285.017 -0.786843 100 26 0 0 0 0 0 0 0 0 0 -1.46466 100 16 -1.86965 100 43 0 0 0 0 0 0 0 0
54300 -283.643 -0.397031 100 19 0 0 0 0 0 0 0 0 0 -1.72027 100 25 -0.746081 100 37 0 0 0 0 0 0 0 0
54400 -283.256 -0.649405 100 28 0 0 0 0 0 0 0 0 0 -1.6223 100 15 -1.19269 100 37 0 0 0 0 0 0 0 0
54500 -284.025 -0.47946 100 17 0 0 0 0 0 0 0 0 0 -1.66836 100 24 -0.326888 100 35 0 0 0 0 0 0 0 0
54600 -284.615 -1.29552 100 22 0 0 0 0 0 0 0 0 0 -1.67892 100 18 -0.720481 100 39 0 0 0 0 0 0 0 0
54700 -285.498 -0.382679 100 14 0 0 0 0 0 0 0 0 0 -1.95338 100 25 -0.174976 100 40 0 0 0 0 0 0 0 0
54800 -284.564 -0.676546 100 20 0 0 0 0 0 0 0 0 0 -1.43085 100 16 -1.37889 100 44 0 0 0 0 0 0 0 0
54900 -283.907 -1.21576 100 21 0 0 0 0 0 0 0 0 0 -1.48768 100 20 -1.21438 100 42 0 0 0 0 0 0 0 0
55000 -283.382 -0.586337 100 19 0 0 0 0 0 0 0 0 0 -1.76585 100 22 -0.794566 100 32 0 0 0 0 0 0 0 0
55100 -283.909 -0.824901 100 24 0 0 0 0 0 0 0 0 0 -1.66957 100 20 -1.47479 100 43 0 0 0 0 0 0 0 0
55200 -285.428 -0.790313 100 23 0 0 0 0 0 0 0 0 0 -1.34398 100 19 -0.850925 100 36 0 0 0 0 0 0 0 0
55300 -283.444 -0.870982 100 21 0 0 0 0 0 0 0 0 0 -1.68352 100 23 -0.441276 100 39 0 0 0 0 0 0 0 0
55400 -284.146 -1.07386 100 18 0 0 0 0 0 0 0 0 0 -1.39445 100 18 -1.1547 100 43 0 0 0 0 0 0 0 0
55500 -283.066 -0.93215 100 17 0 0 0 0 0 0 0 0 0 -1.60828 100 22 -0.698788 100 36 0 0 0 0 0 0 0 0
55600 -284.604 -1.41626 100 23 0 0 0 0 0 0 0 0 0 -1.55029 100 25 -0.844028 100 40 0 0 0 0 0 0 0 0
55700 -284.221 -0.396765 100 19 0 0 0 0 0 0 0 0 0 -1.82284 100 18 -0.980808 100 34 0 0 0 0 0 0 0 0
55800 -284.457 -0.403754 100 26 0 0 0 0 0 0 0 0 0 -1.88747 100 17 -0.521522 100 47 0 0 0 0 0 0 0 0
55900 -283.098 -0.93873 100 27 0 0 0 0 0 0 0 0 0 -1.61432 100 25 -0.67865 100 45 0 0 0 0 0 0 0 0
56000 -283.748 -0.629028 100 26 0 0 0 0 0 0 0 0 0 -1.7643 100 22 -0.326571 100 35 0 0 0 0 0 0 0 0
56100 -283.426 -0.917279 100 26 0 0 0 0 0 0 0 0 0 -1.49759 100 18 -0.703992 100 33 0 0 0 0 0 0 0 0
56200 -285.301 -0.936352 100 14 0 0 0 0 0 0 0 0 0 -1.62156 100 23 -0.0244195 100 44 0 0 0 0 0 0 0 0
56300 -283.66 -1.00988 100 19 0 0 0 0 0 0 0 0 0 -1.57228 100 17 -1.40325 100 40 0 0 0 0 0 0 0 0
56400 -284.323 -0.616262 100 27 0 0 0 0 0 0 0 0 0 -1.6926 100 17 -0.141272 100 35 0 0 0 0 0 0 0 0
56500 -284.233 -0.722042 100 24 0 0 0 0 0 0 0 0 0 -1.42342 100 22 -1.01951 100 39 0 0 0 0 0 0 0 0
56600 -283.483 -0.743407 100 16 0 0 0 0 0 0 0 0 0 -1.55261 100 17 -0.530009 100 45 0 0 0 0 0 0 0 0
56700 -283.869 -0.887345 100 18 0 0 0 0 0 0 0 0 0 -1.77624 100 27 -0.876454 100 33 0 0 0 0 0 0 0 0
56800 -283.575 -0.613566 100 18 0 0 0 0 0 0 0 0 0 -1.63571 100 23 -1.3372 100 43 0 0 0 0 0 0 0 0
56900 -284.819 -0.558985 100 23 0 0 0 0 0 0 0 0 0 -1.47775 100 16 -1.50586 100 36 0 0 0 0 0 0 0 0
57000 -285.188 -1.32445 100 14 0 0 0 0 0 0 0 0 0 -1.39675 100 20 -0.635764 100 40 0 0 0 0 0 0 0 0
57100 -283.375 -1.07748 100 17 0 0 0 0 0 0 0 0 0 -1.55642 100 16 -0.717753 100 40 0 0 0 0 0 0 0 0
57200 -285.628 -1.3144 100 19 0 0 0 0 0 0 0 0 0 -1.5185 100 17 -1.85436 100 34 0 0 0 0 0 0 0 0
57300 -284.183 -0.675945 100 24 0 0 0 0 0 0 0 0 0 -1.44066 100 24 -1.06495 100 38 0 0 0 0 0 0 0 0
57400 -283.211 -0.810868 100 24 0 0 0 0 0 0 0 0 0 -1.5671 100 29 -1.24587 100 22 0 0 0 0 0 0 0 0
57500 -284.111 -0.550908 100 21 0 0 0 0 0 0 0 0 0 -1.51746 100 20 -1.27968 100 39 0 0 0 0 0 0 0 0
57600 -285.517 -1.04191 100 25 0 0 0 0 0 0 0 0 0 -1.75307 100 23 -0.0454201 100 35 0 0 0 0 0 0 0 0
57700 -283.325 -1.01239 100 27 0 0 0 0 0 0 0 0 0 -1.50827 100 24 -0.793065 100 34 0 0 0 0 0 0 0 0
57800 -283.159 -0.731501 100 17 0 0 0 0 0 0 0 0 0 -1.65274 100 24 -0.518119 100 35 0 0 0 0 0 0 0 0
57900 -283.689 -0.497221 100 23 0 0 0 0 0 0 0 0 0 -1.80632 100 24 -0.638149 100 39 0 0 0 0 0 0 0 0
58000 -285.571 -0.318302 100 20 0 0 0 0 0 0 0 0 0 -1.61462 100 24 -0.24989 100 46 0 0 0 0 0 0 0 0
58100 -283.887 -0.512285 100 23 0 0 0 0 0 0 0 0 0 -1.54966 100 34 -0.71393 100 43 0 0 0 0 0 0 0 0
58200 -285.031 -1.06058 100 20 0 0 0 0 0 0 0 0 0 -1.56831 100 21 -1.89025 100 36 0 0 0 0 0 0 0 0
58300 -283.921 -1.02053 100 19 0 0 0 0 0 0 0 0 0 -1.41825 100 20 -0.898722 100 45 0 0 0 0 0 0 0 0
58400 -286.512 -0.494015 100 17 0 0 0 0 0 0 0 0 0 -1.64092 100 20 -2.20698 100 41 0 0 0 0 0 0 0 0
58500 -283.762 -0.378987 100 21 0 0 0 0 0 0 0 0 0 -1.679 100 28 -0.800736 100 36 0 0 0 0 0 0 0 0
58600 -286.138 -0.962784 100 19 0 0 0 0 0 0 0 0 0 -1.80855 100 26 0.0759309 100 30 0 0 0 0 0 0 0 0
58700 -283.565 -0.789151 100 31 0 0 0 0 0 0 0 0 0 -1.76242 100 17 -0.925584 100 38 0 0 0 0 0 0 0 0
58800 -282.963 -0.900229 100 22 0 0 0 0 0 0 0 0 0 -1.57163 100 20 -0.902494 100 37 0 0 0 0 0 0 0 0
58900 -284.282 -0.381263 100 13 0 0 0 0 0 0 0 0 0 -1.61135 100 17 -0.564757 100 42 0 0 0 0 0 0 0 0
59000 -287.7 -0.763593 100 14 0 0 0 0 0 0 0 0 0 -2.01451 100 25 -1.14779 100 35 0 0 0 0 0 0 0 0
59100 -283.407 -0.879708 100 22 0 0 0 0 0 0 0 0 0 -1.48314 100 8 -0.812402 100 34 0 0 0 0 0 0 0 0
59200 -285.818 -1.19963 100 21 0 0 0 0 0 0 0 0 0 -1.44652 100 20 -2.04153 100 37 0 0 0 0 0 0 0 0
59300 -286.147 -0.218128 100 22 0 0 0 0 0 0 0 0 0 -1.62596 100 32 -0.27374 100 35 0 0 0 0 0 0 0 0
59400 -283.961 -0.933664 100 28 0 0 0 0 0 0 0 0 0 -1.76731 100 31 -0.493148 100 34 0 0 0 0 0 0 0 0
59500 -283.996 -0.886793 100 24 0 0 0 0 0 0 0 0 0 -1.78829 100 18 -0.879716 100 51 0 0 0 0 0 0 0 0
59600 -283.87 -0.568478 100 22 0 0 0 0 0 0 0 0 0 -1.76415 100 20 -0.288442 100 44 0 0 0 0 0 0 0 0
59700 -285.007 -1.46813 100 23 0 0 0 0 0 0 0 0 0 -1.42839 100 28 -1.02366 100 43 0 0 0 0 0 0 0 0
59800 -283.69 -0.643294 100 24 0 0 0 0 0 0 0 0 0 -1.55616 100 20 -0.516668 100 38 0 0 0 0 0 0 0 0
59900 -283.278 -0.902556 100 19 0 0 0 0 0 0 0 0 0 -1.64035 100 20 -1.17739 100 39 0 0 0 0 0 0 0 0
60000 -283.021 -0.751158 100 24 0 0 0 0 0 0 0 0 0 -1.57584 100 20 -1.05465 100 43 0 0 0 0 0 0 0 0
60100 -285.109 -0.610665 100 19 0 0 0 0 0 0 0 0 0 -1.42833 100 21 -1.50393 100 35 0 0 0 0 0 0 0 0
60200 -283.383 -0.995032 100 21 0 0 0 0 0 0 0 0 0 -1.62854 100 20 -1.15581 100 36 0 0 0 0 0 0 0 0
60300 -283.825 -0.552252 100 30 0 0 0 0 0 0 0 0 0 -1.6777 100 22 -1.36186 100 38 0 0 0 0 0 0 0 0
60400 -283.932 -1.01917 100 20 0 0 0 0 0 0 0 0 0 -1.71387 100 23 -0.450079 100 39 0 0 0 0 0 0 0 0
60500 -284.858 -1.40848 100 24 0 0 0 0 0 0 0 0 0 -1.60878 100 19 -0.66479 100 30 0 0 0 0 0 0 0 0
60600 -283.822 -0.379807 100 22 0 0 0 0 0 0 0 0 0 -1.78046 100 20 -0.681195 100 33 0 0 0 0 0 0 0 0
60700 -283.024 -0.788173 100 24 0 0 0 0 0 0 0 0 0 -1.68343 100 23 -0.878394 100 38 0 0 0 0 0 0 0 0
60800 -284.805 -0.214541 100 24 0 0 0 0 0 0 0 0 0 -1.82951 100 24 -0.868242 100 47 0 0 0 0 0 0 0 0
60900 -287.753 -0.749361 100 20 0 0 0 0 0 0 0 0 0 -1.78388 100 14 0.379832 100 39 0 0 0 0 0 0 0 0
61000 -283.105 -0.92113 100 23 0 0 0 0 0 0 0 0 0 -1.65807 100 27 -0.87467 100 32 0 0 0 0 0 0 0 0
61100 -283.402 -0.966453 100 19 0 0 0 0 0 0 0 0 0 -1.49932 100 18 -0.727883 100 39 0 0 0 0 0 0 0 0
61200 -283.374 -0.926056 100 15 0 0 0 0 0 0 0 0 0 -1.48209 100 20 -0.850075 100 32 0 0 0 0 0 0 0 0
61300 -285.389 -1.18346 100 21 0 0 0 0 0 0 0 0 0 -1.59745 100 18 -0.141356 100 41 0 0 0 0 0 0 0 0
61400 -283.044 -0.653972 100 19 0 0 0 0 0 0 0 0 0 -1.68138 100 21 -0.928723 100 44 0 0 0 0 0 0 0 0
61500 -283.376 -0.85868 100 10 0 0 0 0 0 0 0 0 0 -1.52282 100 27 -0.632299 100 41 0 0 0 0 0 0 0 0
61600 -284.935 -0.374104 100 21 0 0 0 0 0 0 0 0 0 -1.5861 100 21 -1.4472 100 33 0 0 0 0 0 0 0 0
61700 -283.264 -0.975066 100 27 0 0 0 0 0 0 0 0 0 -1.66315 100 28 -0.912207 100 35 0 0 0 0 0 0 0 0
61800 -283.687 -0.885895 100 20 0 0 0 0 0 0 0 0 0 -1.71205 100 28 -0.384 100 45 0 0 0 0 0 0 0 0
61900 -284.395 -0.343876 100 24 0 0 0 0 0 0 0 0 0 -1.62771 100 26 -0.559472 100 34 0 0 0 0 0 0 0 0
62000 -285.429 -0.294433 100 21 0 0 0 0 0 0 0 0 0 -1.9363 100 21 -0.199742 100 38 0 0 0 0 0 0 0 0
62100 -284.294 -0.372848 100 23 0 0 0 0 0 0 0 0 0 -1.60331 100 20 -1.11798 100 41 0 0 0 0 0 0 0 0
62200 -283.157 -0.921539 100 27 0 0 0 0 0 0 0 0 0 -1.66427 100 15 -0.929717 100 42 0 0 0 0 0 0 0 0
62300 -285.345 -1.11921 100 21 0 0 0 0 0 0 0 0 0 -1.80401 100 17 -0.311546 100 34 0 0 0 0 0 0 0 0
62400 -283.15 -1.01166 100 17 0 0 0 0 0 0 0 0 0 -1.57333 100 26 -1.00871 100 41 0 0 0 0 0 0 0 0
62500 -283.872 -0.471785 100 20 0 0 0 0 0 0 0 0 0 -1.79489 100 21 -0.983583 100 47 0 0 0 0 0 0 0 0
62600 -283.209 -1.031 100 15 0 0 0 0 0 0 0 0 0 -1.59673 100 16 -0.986077 100 46 0 0 0 0 0 0 0 0
62700 -284.662 -0.756526 100 19 0 0 0 0 0 0 0 0 0 -1.46601 100 27 -0.426744 100 39 0 0 0 0 0 0 0 0
62800 -283.896 -0.67188 100 20 0 0 0 0 0 0 0 0 0 -1.46936 100 26 -1.12864 100 46 0 0 0 0 0 0 0 0
62900 -285.687 -0.651441 100 22 0 0 0 0 0 0 0 0 0 -1.9672 100 21 -0.711221 100 31 0 0 0 0 0 0 0 0
63000 -286.093 -1.0152 100 17 0 0 0 0 0 0 0 0 0 -1.90117 100 25 -0.885124 100 37 0 0 0 0 0 0 0 0
63100 -283.065 -0.815082 100 17 0 0 0 0 0 0 0 0 0 -1.58906 100 21 -1.14629 100 38 0 0 0 0 0 0 0 0
63200 -283.122 -0.951076 100 21 0 0 0 0 0 0 0 0 0 -1.58167 100 22 -1.10475 100 40 0 0 0 0 0 0 0 0
63300 -285.04 -1.07391 100 14 0 0 0 0 0 0 0 0 0 -1.64217 100 17 -0.119946 100 38 0 0 0 0 0 0 0 0
63400 -285.079 -0.383862 100 15 0 0 0 0 0 0 0 0 0 -1.94494 100 20 -0.463908 100 39 0 0 0 0 0 0 0 0
63500 -283.781 -0.801249 100 19 0 0 0 0 0 0 0 0 0 -1.44767 100 22 -1.1702 100 42 0 0 0 0 0 0 0 0
63600 -283.29 -0.649725 100 8 0 0 0 0 0 0 0 0 0 -1.70429 100 24 -1.08702 100 41 0 0 0 0 0 0 0 0
63700 -285.37 -1.22228 100 19 0 0 0 0 0 0 0 0 0 -1.7237 100 23 -1.35107 100 32 0 0 0 0 0 0 0 0
63800 -285.55 -0.828805 100 22 0 0 0 0 0 0 0 0 0 -1.90881 100 21 -0.953081 100 37 0 0 0 0 0 0 0 0
63900 -283.299 -0.942268 100 23 0 0 0 0 0 0 0 0 0 -1.66492 100 19 -0.583733 100 42 0 0 0 0 0 0 0 0
64000 -283.633 -0.803176 100 22 0 0 0 0 0 0 0 0 0 -1.48033 100 24 -1.29467 100 42 0 0 0 0 0 0 0 0
64100 -289.99 -0.721157 100 31 0 0 0 0 0 0 0 0 0 -2.00204 100 20 -1.97137 100 40 0 0 0 0 0 0 0 0
64200 -283.135 -0.875714 100 18 0 0 0 0 0 0 0 0 0 -1.66626 100 23 -0.620585 100 45 0 0 0 0 0 0 0 0
64300 -283.558 -0.981076 100 24 0 0 0 0 0 0 0 0 0 -1.59777 100 26 -1.34887 100 43 0 0 0 0 0 0 0 0
64400 -283.485 -1.11917 100 18 0 0 0 0 0 0 0 0 0 -1.51691 100 28 -0.807708 100 37 0 0 0 0 0 0 0 0
64500 -283.514 -0.44571 100 17 0 0 0 0 0 0 0 0 0 -1.66347 100 22 -0.891764 100 40 0 0 0 0 0 0 0 0
64600 -282.946 -0.851549 100 13 0 0 0 0 0 0 0 0 0 -1.60274 100 24 -0.997365 100 38 0 0 0 0 0 0 0 0
64700 -283.267 -0.895326 100 22 0 0 0 0 0 0 0 0 0 -1.57671 100 19 -1.27027 100 37 0 0 0 0 0 0 0 0
64800 -283.901 -1.11524 100 18 0 0 0 0 0 0 0 0 0 -1.69674 100 19 -0.787033 100 41 0 0 0 0 0 0 0 0
64900 -283.928 -0.617716 100 17 0 0 0 0 0 0 0 0 0 -1.83544 100 39 -0.772297 100 37 0 0 0 0 0 0 0 0
65000 -283.348 -1.08249 100 24 0 0 0 0 0 0 0 0 0 -1.53636 100 20 -1.07081 100 39 0 0 0 0 0 0 0 0
65100 -283.278 -0.676766 100 19 0 0 0 0 0 0 0 0 0 -1.58875 100 17 -0.577209 100 31 0 0 0 0 0 0 0 0
65200 -284.864 -1.13941 100 19 0 0 0 0 0 0 0 0 0 -1.77815 100 25 -0.513174 100 38 0 0 0 0 0 0 0 0
65300 -283.697 -0.729379 100 23 0 0 0 0 0 0 0 0 0 -1.57195 100 19 -0.411618 100 40 0 0 0 0 0 0 0 0
65400 -283.253 -0.754147 100 28 0 0 0 0 0 0 0 0 0 -1.51543 100 24 -0.88879 100 37 0 0 0 0 0 0 0 0
65500 -283.795 -0.969445 100 17 0 0 0 0 0 0 0 0 0 -1.42493 100 23 -1.10576 100 29 0 0 0 0 0 0 0 0
65600 -284.02 -0.778043 100 25 0 0 0 0 0 0 0 0 0 -1.51825 100 22 -0.425428 100 44 0 0 0 0 0 0 0 0
65700 -283.048 -0.763498 100 20 0 0 0 0 0 0 0 0 0 -1.6545 100 23 -0.592289 100 35 0 0 0 0 0 0 0 0
65800 -283.479 -0.618635 100 16 0 0 0 0 0 0 0 0 0 -1.56237 100 20 -1.20983 100 40 0 0 0 0 0 0 0 0
65900 -283.425 -0.904028 100 13 0 0 0 0 0 0 0 0 0 -1.48189 100 28 -1.19397 100 40 0 0 0 0 0 0 0 0
66000 -284.041 -0.835567 100 16 0 0 0 0 0 0 0 0 0 -1.81461 100 19 -0.709714 100 43 0 0 0 0 0 0 0 0
66100 -284.292 -0.78058 100 16 0 0 0 0 0 0 0 0 0 -1.81572 100 27 -1.07013 100 37 0 0 0 0 0 0 0 0
66200 -286.378 -1.1081 100 22 0 0 0 0 0 0 0 0 0 -1.77289 100 26 0.0474741 100 44 0 0 0 0 0 0 0 0
66300 -284.628 -1.22273 100 23 0 0 0 0 0 0 0 0 0 -1.51965 100 16 -0.406908 100 45 0 0 0 0 0 0 0 0
66400 -285.535 -0.644859 100 22 0 0 0 0 0 0 0 0 0 -1.9507 100 20 -0.239911 100 38 0 0 0 0 0 0 0 0
66500 -284.065 -0.945218 100 16 0 0 0 0 0 0 0 0 0 -1.63703 100 27 -1.53621 100 35 0 0 0 0 0 0 0 0
66600 -283.662 -0.902996 100 17 0 0 0 0 0 0 0 0 0 -1.53809 100 18 -1.47454 100 38 0 0 0 0 0 0 0 0
66700 -284.535 -1.0821 100 12 0 0 0 0 0 0 0 0 0 -1.72653 100 27 -1.24171 100 40 0 0 0 0 0 0 0 0
66800 -285.374 -1.52392 100 18 0 0 0 0 0 0 0 0 0 -1.46181 100 26 -1.31065 100 45 0 0 0 0 0 0 0 0
66900 -285.575 -0.158355 100 17 0 0 0 0 0 0 0 0 0 -1.86156 100 19 -1.07451 100 44 0 0 0 0 0 0 0 0
67000 -284.077 -0.797986 100 21 0 0 0 0 0 0 0 0 0 -1.42272 100 26 -0.896479 100 44 0 0 0 0 0 0 0 0
67100 -283.912 -0.493076 100 21 0 0 0 0 0 0 0 0 0 -1.71722 100 22 -1.27777 100 39 0 0 0 0 0 0 0 0
67200 -283.189 -0.91833 100 18 0 0 0 0 0 0 0 0 0 -1.52074 100 22 -1.12634 100 34 0 0 0 0 0 0 0 0
67300 -283.161 -0.560988 100 12 0 0 0 0 0 0 0 0 0 -1.68603 100 17 -0.683618 100 38 0 0 0 0 0 0 0 0
67400 -283.054 -0.753632 100 20 0 0 0 0 0 0 0 0 0 -1.56084 100 26 -1.04801 100 38 0 0 0 0 0 0 0 0
67500 -284.639 -0.877728 100 26 0 0 0 0 0 0 0 0 0 -1.56475 100 18 -1.85378 100 50 0 0 0 0 0 0 0 0
67600 -283.828 -0.986496 100 15 0 0 0 0 0 0 0 0 0 -1.74491 100 27 -0.64731 100 40 0 0 0 0 0 0 0 0
67700 -284.036 -0.968181 100 20 0 0 0 0 0 0 0 0 0 -1.48164 100 28 -1.56681 100 39 0 0 0 0 0 0 0 0
67800 -284.064 -0.415436 100 28 0 0 0 0 0 0 0 0 0 -1.59846 100 20 -1.11712 100 32 0 0 0 0 0 0 0 0
67900 -286.114 -0.195016 100 20 0 0 0 0 0 0 0 0 0 -1.95454 100 24 -0.0843813 100 40 0 0 0 0 0 0 0 0
68000 -284.434 -1.29659 100 21 0 0 0 0 0 0 0 0 0 -1.50403 100 20 -1.39709 100 48 0 0 0 0 0 0 0 0
68100 -284.585 -1.27353 100 21 0 0 0 0 0 0 0 0 0 -1.39078 100 14 -0.929451 100 35 0 0 0 0 0 0 0 0
68200 -287.095 -1.23697 100 23 0 0 0 0 0 0 0 0 0 -1.37256 100 23 -2.29214 100 42 0 0 0 0 0 0 0 0
68300 -284.986 -0.728698 100 21 0 0 0 0 0 0 0 0 0 -1.62289 100 25 -1.92374 100 47 0 0 0 0 0 0 0 0
68400 -283.35 -0.671008 100 10 0 0 0 0 0 0 0 0 0 -1.53194 100 26 -0.817906 100 30 0 0 0 0 0 0 0 0
68500 -285.423 -1.18635 100 18 0 0 0 0 0 0 0 0 0 -1.81067 100 25 -0.689604 100 38 0 0 0 0 0 0 0 0
68600 -284.708 -0.370587 100 19 0 0 0 0 0 0 0 0 0 -1.56088 100 25 -0.649491 100 46 0 0 0 0 0 0 0 0
68700 -285.848 -0.669494 100 18 0 0 0 0 0 0 0 0 0 -1.87879 100 22 -1.46142 100 42 0 0 0 0 0 0 0 0
68800 -284.401 -0.446321 100 22 0 0 0 0 0 0 0 0 0 -1.71932 100 21 -1.4315 100 34 0 0 0 0 0 0 0 0
68900 -283.126 -0.816489 100 19 0 0 0 0 0 0 0 0 0 -1.63589 100 24 -0.551044 100 33 0 0 0 0 0 0 0 0
69000 -283.884 -0.759263 100 18 0 0 0 0 0 0 0 0 0 -1.71787 100 20 -0.24927 100 40 0 0 0 0 0 0 0 0
69100 -285.275 -1.20909 100 12 0 0 0 0 0 0 0 0 0 -1.78091 100 22 -0.905464 100 42 0 0 0 0 0 0 0 0
69200 -284.58 -0.483465 100 21 0 0 0 0 0 0 0 0 0 -1.9065 100 24 -0.570752 100 43 0 0 0 0 0 0 0 0
69300 -283.178 -0.58663 100 14 0 0 0 0 0 0 0 0 0 -1.60659 100 22 -0.930762 100 41 0 0 0 0 0 0 0 0
69400 -286.49 -1.30082 100 22 0 0 0 0 0 0 0 0 0 -1.5607 100 26 -0.0613941 100 38 0 0 0 0 0 0 0 0
69500 -285.584 -0.867432 100 22 0 0 0 0 0 0 0 0 0 -1.48098 100 29 -0.171918 100 36 0 0 0 0 0 0 0 0
69600 -286.104 -1.07399 100 20 0 0 0 0 0 0 0 0 0 -1.26707 100 20 -1.35914 100 37 0 0 0 0 0 0 0 0
69700 -285.71 -0.654155 100 18 0 0 0 0 0 0 0 0 0 -1.38013 100 16 -0.667379 100 37 0 0 0 0 0 0 0 0
69800 -285.188 -0.274589 100 19 0 0 0 0 0 0 0 0 0 -1.57151 100 31 -0.867456 100 39 0 0 0 0 0 0 0 0
69900 -283.486 -0.506186 100 24 0 0 0 0 0 0 0 0 0 -1.74521 100 13 -0.518392 100 49 0 0 0 0 0 0 0 0
70000 -285.847 -0.0587041 100 24 0 0 0 0 0 0 0 0 0 -1.81086 100 23 -0.902652 100 41 0 0 0 0 0 0 0 0
70100 -284.405 -0.621883 100 22 0 0 0 0 0 0 0 0 0 -1.66385 100 24 -1.65796 100 39 0 0 0 0 0 0 0 0
70200 -283.58 -1.1212 100 20 0 0 0 0 0 0 0 0 0 -1.51007 100 25 -0.742118 100 48 0 0 0 0 0 0 0 0
70300 -283.951 -0.753643 100 21 0 0 0 0 0 0 0 0 0 -1.59578 100 27 -1.59619 100 32 0 0 0 0 0 0 0 0
70400 -288.454 -1.2388 100 23 0 0 0 0 0 0 0 0 0 -1.23143 100 24 -2.18983 100 34 0 0 0 0 0 0 0 0
70500 -284.027 -0.606208 100 24 0 0 0 0 0 0 0 0 0 -1.48402 100 22 -1.15536 100 37 0 0 0 0 0 0 0 0
70600 -283.189 -0.54067 100 12 0 0 0 0 0 0 0 0 0 -1.66818 100 27 -0.872638 100 41 0 0 0 0 0 0 0 0
70700 -285.231 -0.357085 100 15 0 0 0 0 0 0 0 0 0 -1.84677 100 24 -0.0484032 100 44 0 0 0 0 0 0 0 0
70800 -283.057 -0.645734 100 22 0 0 0 0 0 0 0 0 0 -1.65534 100 23 -0.999467 100 34 0 0 0 0 0 0 0 0
70900 -283.959 -0.596238 100 15 0 0 0 0 0 0 0 0 0 -1.59463 100 12 -0.36586 100 33 0 0 0 0 0 0 0 0
71000 -284.04 -0.964804 100 23 0 0 0 0 0 0 0 0 0 -1.41055 100 25 -0.860697 100 46 0 0 0 0 0 0 0 0
71100 -284.925 -1.30529 100 16 0 0 0 0 0 0 0 0 0 -1.38005 100 21 -0.812421 100 39 0 0 0 0 0 0 0 0
71200 -286.007 -0.828438 100 16 0 0 0 0 0 0 0 0 0 -1.3007 100 27 -1.37196 100 35 0 0 0 0 0 0 0 0
71300 -283.365 -1.04676 100 19 0 0 0 0 0 0 0 0 0 -1.54993 100 27 -0.677948 100 43 0 0 0 0 0 0 0 0
71400 -284.559 -0.826681 100 16 0 0 0 0 0 0 0 0 0 -1.72775 100 22 -1.55636 100 36 0 0 0 0 0 0 0 0
71500 -284.97 -1.15564 100 22 0 0 0 0 0 0 0 0 0 -1.59607 100 25 -0.204408 100 42 0 0 0 0 0 0 0 0
71600 -284.027 -0.865185 100 14 0 0 0 0 0 0 0 0 0 -1.41118 100 18 -1.01421 100 44 0 0 0 0 0 0 0 0
71700 -283.752 -0.846084 100 31 0 0 0 0 0 0 0 0 0 -1.66721 100 21 -1.40337 100 47 0 0 0 0 0 0 0 0
71800 -283.099 -0.943921 100 18 0 0 0 0 0 0 0 0 0 -1.53536 100 19 -1.0255 100 31 0 0 0 0 0 0 0 0
71900 -286.549 -0.182769 100 22 0 0 0 0 0 0 0 0 0 -2.03597 100 31 -0.540491 100 40 0 0 0 0 0 0 0 0
72000 -283.231 -0.73462 100 23 0 0 0 0 0 0 0 0 0 -1.70803 100 14 -1.02919 100 49 0 0 0 0 0 0 0 0
72100 -286.29 -0.165296 100 29 0 0 0 0 0 0 0 0 0 -1.75246 100 23 -0.0611109 100 44 0 0 0 0 0 0 0 0
72200 -283.467 -0.934725 100 22 0 0 0 0 0 0 0 0 0 -1.67574 100 22 -1.14077 100 39 0 0 0 0 0 0 0 0
72300 -283.183 -0.951887 100 22 0 0 0 0 0 0 0 0 0 -1.51133 100 23 -0.903837 100 45 0 0 0 0 0 0 0 0
72400 -283.071 -0.697612 100 16 0 0 0 0 0 0 0 0 0 -1.6202 100 20 -1.09934 100 32 0 0 0 0 0 0 0 0
72500 -284.601 -0.435203 100 20 0 0 0 0 0 0 0 0 0 -1.85288 100 21 -0.203159 100 46 0 0 0 0 0 0 0 0
72600 -283.584 -1.10469 100 24 0 0 0 0 0 0 0 0 0 -1.47993 100 25 -1.14598 100 37 0 0 0 0 0 0 0 0
72700 -284.017 -0.357462 100 22 0 0 0 0 0 0 0 0 0 -1.75419 100 23 -0.458615 100 37 0 0 0 0 0 0 0 0
72800 -284.482 -0.8255 100 18 0 0 0 0 0 0 0 0 0 -1.50205 100 23 -1.76763 100 41 0 0 0 0 0 0 0 0
72900 -283.342 -0.564882 100 22 0 0 0 0 0 0 0 0 0 -1.67244 100 24 -1.11215 100 35 0 0 0 0 0 0 0 0
73000 -285.316 -0.930858 100 23 0 0 0 0 0 0 0 0 0 -1.38111 100 27 -0.515617 100 38 0 0 0 0 0 0 0 0
73100 -283.998 -0.870998 100 11 0 0 0 0 0 0 0 0 0 -1.41299 100 19 -1.00982 100 48 0 0 0 0 0 0 0 0
73200 -285.307 -0.637777 100 31 0 0 0 0 0 0 0 0 0 -1.41969 100 21 -0.574333 100 42 0 0 0 0 0 0 0 0
73300 -283.271 -0.705181 100 20 0 0 0 0 0 0 0 0 0 -1.67864 100 29 -1.16313 100 44 0 0 0 0 0 0 0 0
73400 -284.706 -0.570123 100 27 0 0 0 0 0 0 0 0 0 -1.67344 100 26 -1.71847 100 36 0 0 0 0 0 0 0 0
73500 -283.411 -0.778705 100 18 0 0 0 0 0 0 0 0 0 -1.65017 100 25 -0.40313 100 43 0 0 0 0 0 0 0 0
73600 -283.819 -0.915977 100 22 0 0 0 0 0 0 0 0 0 -1.76799 100 22 -0.801379 100 33 0 0 0 0 0 0 0 0
73700 -285.296 -0.587983 100 24 0 0 0 0 0 0 0 0 0 -1.95513 100 22 -0.595371 100 49 0 0 0 0 0 0 0 0
73800 -283.185 -0.614495 100 20 0 0 0 0 0 0 0 0 0 -1.72065 100 23 -0.892035 100 45 0 0 0 0 0 0 0 0
73900 -283.968 -0.991758 100 22 0 0 0 0 0 0 0 0 0 -1.49332 100 20 -1.54535 100 41 0 0 0 0 0 0 0 0
74000 -285.365 -0.417204 100 20 0 0 0 0 0 0 0 0 0 -1.93062 100 18 -1.01546 100 37 0 0 0 0 0 0 0 0
74100 -283.362 -0.981798 100 17 0 0 0 0 0 0 0 0 0 -1.58491 100 22 -1.25139 100 39 0 0 0 0 0 0 0 0
74200 -284.004 -0.360066 100 17 0 0 0 0 0 0 0 0 0 -1.64561 100 25 -0.925308 100 35 0 0 0 0 0 0 0 0
74300 -285.371 -1.06772 100 21 0 0 0 0 0 0 0 0 0 -1.30718 100 20 -1.01998 100 37 0 0 0 0 0 0 0 0
74400 -284.278 -0.582646 100 11 0 0 0 0 0 0 0 0 0 -1.80397 100 10 -1.23131 100 42 0 0 0 0 0 0 0 0
74500 -284.768 -0.777202 100 18 0 0 0 0 0 0 0 0 0 -1.40665 100 12 -1.54122 100 38 0 0 0 0 0 0 0 0
74600 -283.467 -1.08844 100 27 0 0 0 0 0 0 0 0 0 -1.63952 100 23 -0.840182 100 40 0 0 0 0 0 0 0 0
74700 -283.043 -0.755618 100 17 0 0 0 0 0 0 0 0 0 -1.6191 100 22 -0.611885 100 36 0 0 0 0 0 0 0 0
74800 -284.753 -1.14582 100 17 0 0 0 0 0 0 0 0 0 -1.35447 100 15 -1.31618 100 42 0 0 0 0 0 0 0 0
74900 -283.311 -0.935876 100 18 0 0 0 0 0 0 0 0 0 -1.52156 100 23 -1.23727 100 42 0 0 0 0 0 0 0 0
75000 -284.325 -0.733073 100 20 0 0 0 0 0 0 0 0 0 -1.56053 100 34 -1.72553 100 37 0 0 0 0 0 0 0 0
75100 -284.686 -1.30153 100 16 0 0 0 0 0 0 0 0 0 -1.66387 100 26 -0.559975 100 41 0 0 0 0 0 0 0 0
75200 -284.551 -0.859912 100 22 0 0 0 0 0 0 0 0 0 -1.49437 100 17 -1.7916 100 39 0 0 0 0 0 0 0 0
75300 -285.801 -1.53329 100 22 0 0 0 0 0 0 0 0 0 -1.3561 100 22 -1.09731 100 38 0 0 0 0 0 0 0 0
75400 -284.015 -1.01817 100 18 0 0 0 0 0 0 0 0 0 -1.44706 100 19 -0.645742 100 35 0 0 0 0 0 0 0 0
75500 -285.737 -0.804638 100 16 0 0 0 0 0 0 0 0 0 -1.94621 100 21 -0.639401 100 30 0 0 0 0 0 0 0 0
75600 -285.832 -0.80099 100 11 0 0 0 0 0 0 0 0 0 -1.35719 100 18 -0.573312 100 35 0 0 0 0 0 0 0 0
75700 -284.884 -0.932139 100 19 0 0 0 0 0 0 0 0 0 -1.81672 100 29 -0.225976 100 30 0 0 0 0 0 0 0 0
75800 -283.275 -0.564576 100 18 0 0 0 0 0 0 0 0 0 -1.72571 100 24 -0.911175 100 45 0 0 0 0 0 0 0 0
75900 -284.195 -0.845202 100 17 0 0 0 0 0 0 0 0 0 -1.53659 100 18 -1.6989 100 46 0 0 0 0 0 0 0 0
76000 -284.777 -1.23736 100 20 0 0 0 0 0 0 0 0 0 -1.7277 100 18 -0.880239 100 43 0 0 0 0 0 0 0 0
76100 -283.592 -0.974186 100 17 0 0 0 0 0 0 0 0 0 -1.68494 100 21 -0.486519 100 46 0 0 0 0 0 0 0 0
76200 -285.077 -0.782832 100 20 0 0 0 0 0 0 0 0 0 -1.90927 100 20 -0.613406 100 42 0 0 0 0 0 0 0 0
76300 -285.444 -0.6104 100 28 0 0 0 0 0 0 0 0 0 -1.3823 100 29 -0.964359 100 36 0 0 0 0 0 0 0 0
76400 -285.328 -1.15412 100 22 0 0 0 0 0 0 0 0 0 -1.77443 100 21 -1.18937 100 40 0 0 0 0 0 0 0 0
76500 -284.381 -1.21554 100 17 0 0 0 0 0 0 0 0 0 -1.39819 100 23 -0.912811 100 30 0 0 0 0 0 0 0 0
76600 -284.43 -0.882366 100 31 0 0 0 0 0 0 0 0 0 -1.57909 100 26 -1.77643 100 40 0 0 0 0 0 0 0 0
76700 -284.459 -1.2287 100 23 0 0 0 0 0 0 0 0 0 -1.47552 100 16 -0.543831 100 37 0 0 0 0 0 0 0 0
76800 -283.496 -1.0764 100 23 0 0 0 0 0 0 0 0 0 -1.56717 100 22 -1.22126 100 42 0 0 0 0 0 0 0 0
76900 -283.397 -0.815973 100 20 0 0 0 0 0 0 0 0 0 -1.48179 100 23 -1.02955 100 32 0 0 0 0 0 0 0 0
77000 -285.593 -0.569643 100 14 0 0 0 0 0 0 0 0 0 -1.95081 100 24 -0.948751 100 39 0 0 0 0 0 0 0 0
77100 -285.457 -0.356033 100 26 0 0 0 0 0 0 0 0 0 -1.974 100 28 -0.429224 100 49 0 0 0 0 0 0 0 0
77200 -286.571 -0.457996 100 21 0 0 0 0 0 0 0 0 0 -1.3989 100 21 -1.47611 100 29 0 0 0 0 0 0 0 0
77300 -283.014 -0.802512 100 23 0 0 0 0 0 0 0 0 0 -1.60843 100 27 -0.643945 100 39 0 0 0 0 0 0 0 0
77400 -283.893 -0.673622 100 13 0 0 0 0 0 0 0 0 0 -1.54038 100 30 -1.48287 100 45 0 0 0 0 0 0 0 0
77500 -283.688 -0.673445 100 16 0 0 0 0 0 0 0 0 0 -1.78473 100 21 -0.415791 100 41 0 0 0 0 0 0 0 0
77600 -283.323 -0.762112 100 21 0 0 0 0 0 0 0 0 0 -1.74899 100 21 -0.677812 100 34 0 0 0 0 0 0 0 0
77700 -284.515 -0.635372 100 13 0 0 0 0 0 0 0 0 0 -1.81806 100 15 -0.141418 100 38 0 0 0 0 0 0 0 0
77800 -284.034 -0.511416 100 23 0 0 0 0 0 0 0 0 0 -1.8199 100 25 -0.340058 100 34 0 0 0 0 0 0 0 0
77900 -284.232 -0.367423 100 18 0 0 0 0 0 0 0 0 0 -1.85131 100 20 -0.568553 100 38 0 0 0 0 0 0 0 0
78000 -287.136 -0.167694 100 17 0 0 0 0 0 0 0 0 0 -1.53462 100 20 -1.32134 100 45 0 0 0 0 0 0 0 0
78100 -284.431 -1.13748 100 22 0 0 0 0 0 0 0 0 0 -1.74192 100 34 -0.866803 100 49 0 0 0 0 0 0 0 0
78200 -283.813 -1.00956 100 21 0 0 0 0 0 0 0 0 0 -1.57694 100 24 -1.47237 100 33 0 0 0 0 0 0 0 0
78300 -286.368 -0.0644984 100 20 0 0 0 0 0 0 0 0 0 -1.77954 100 18 -1.25441 100 40 0 0 0 0 0 0 0 0
78400 -289.84 -1.08403 100 21 0 0 0 0 0 0 0 0 0 -1.41458 100 21 0.169521 100 37 0 0 0 0 0 0 0 0
78500 -284.563 -0.705318 100 20 0 0 0 0 0 0 0 0 0 -1.57779 100 21 -1.79913 100 34 0 0 0 0 0 0 0 0
78600 -286.346 -0.960466 100 18 0 0 0 0 0 0 0 0 0 -1.52104 100 24 0.00401439 100 29 0 0 0 0 0 0 0 0
78700 -287.022 -0.0557618 100 21 0 0 0 0 0 0 0 0 0 -1.64885 100 16 -1.24136 100 50 0 0 0 0 0 0 0 0
78800 -284.305 -0.436629 100 19 0 0 0 0 0 0 0 0 0 -1.75365 100 23 -0.217208 100 45 0 0 0 0 0 0 0 0
78900 -284.07 -1.07416 100 20 0 0 0 0 0 0 0 0 0 -1.40412 100 17 -0.946149 100 39 0 0 0 0 0 0 0 0
79000 -283.213 -0.559677 100 17 0 0 0 0 0 0 0 0 0 -1.71635 100 23 -0.66031 100 40 0 0 0 0 0 0 0 0
79100 -283.443 -0.767441 100 14 0 0 0 0 0 0 0 0 0 -1.74887 100 12 -0.947562 100 39 0 0 0 0 0 0 0 0
79200 -285.172 -1.42315 100 16 0 0 0 0 0 0 0 0 0 -1.4741 100 17 -0.565347 100 44 0 0 0 0 0 0 0 0
79300 -286.573 -1.75779 100 18 0 0 0 0 0 0 0 0 0 -1.46888 100 32 -1.02278 100 53 0 0 0 0 0 0 0 0
79400 -283.855 -0.391793 100 14 0 0 0 0 0 0 0 0 0 -1.79645 100 22 -0.72589 100 40 0 0 0 0 0 0 0 0
79500 -283.739 -0.581134 100 19 0 0 0 0 0 0 0 0 0 -1.66449 100 22 -1.36502 100 35 0 0 0 0 0 0 0 0
79600 -285.504 -0.661876 100 20 0 0 0 0 0 0 0 0 0 -1.88053 100 27 0.00590392 100 42 0 0 0 0 0 0 0 0
79700 -283.796 -0.988723 100 15 0 0 0 0 0 0 0 0 0 -1.43632 100 23 -0.828727 100 44 0 0 0 0 0 0 0 0
79800 -284.373 -0.472101 100 23 0 0 0 0 0 0 0 0 0 -1.65382 100 16 -1.50699 100 39 0 0 0 0 0 0 0 0
79900 -283.619 -0.49039 100 24 0 0 0 0 0 0 0 0 0 -1.67361 100 22 -1.16458 100 35 0 0 0 0 0 0 0 0
80000 -284.726 -0.337055 100 19 0 0 0 0 0 0 0 0 0 -1.8117 100 25 -0.192716 100 45 0 0 0 0 0 0 0 0
80100 -283.529 -1.16518 100 16 0 0 0 0 0 0 0 0 0 -1.54774 100 15 -0.966758 100 35 0 0 0 0 0 0 0 0
80200 -283.476 -0.740068 100 18 0 0 0 0 0 0 0 0 0 -1.73698 100 25 -1.07217 100 40 0 0 0 0 0 0 0 0
80300 -284.355 -1.25396 100 18 0 0 0 0 0 0 0 0 0 -1.40516 100 24 -1.0971 100 25 0 0 0 0 0 0 0 0
80400 -285.938 -1.62833 100 19 0 0 0 0 0 0 0 0 0 -1.43003 100 16 -0.847898 100 30 0 0 0 0 0 0 0 0
80500 -286.317 -0.747475 100 19 0 0 0 0 0 0 0 0 0 -1.52874 100 26 0.00458274 100 37 0 0 0 0 0 0 0 0
80600 -283.005 -0.795387 100 13 0 0 0 0 0 0 0 0 0 -1.62776 100 19 -0.633752 100 47 0 0 0 0 0 0 0 0
80700 -283.88 -0.829177 100 19 0 0 0 0 0 0 0 0 0 -1.4826 100 26 -1.4759 100 23 0 0 0 0 0 0 0 0
80800 -284.012 -1.23651 100 23 0 0 0 0 0 0 0 0 0 -1.54086 100 26 -1.25533 100 39 0 0 0 0 0 0 0 0
80900 -283.33 -0.492888 100 18 0 0 0 0 0 0 0 0 0 -1.70121 100 24 -0.859893 100 38 0 0 0 0 0 0 0 0
81000 -282.948 -0.746555 100 17 0 0 0 0 0 0 0 0 0 -1.66735 100 19 -0.871022 100 34 0 0 0 0 0 0 0 0
81100 -286.353 -0.230101 100 20 0 0 0 0 0 0 0 0 0 -1.61465 100 20 -0.232735 100 34 0 0 0 0 0 0 0 0
81200 -284.654 -0.505138 100 15 0 0 0 0 0 0 0 0 0 -1.49386 100 31 -0.656624 100 37 0 0 0 0 0 0 0 0
81300 -286.912 -1.37021 100 18 0 0 0 0 0 0 0 0 0 -1.24284 100 23 -1.49245 100 33 0 0 0 0 0 0 0 0
81400 -285.803 -0.670724 100 23 0 0 0 0 0 0 0 0 0 -1.3953 100 22 -0.516216 100 49 0 0 0 0 0 0 0 0
81500 -284.872 -0.739284 100 13 0 0 0 0 0 0 0 0 0 -1.38187 100 11 -1.29459 100 43 0 0 0 0 0 0 0 0
81600 -283.207 -0.974983 100 17 0 0 0 0 0 0 0 0 0 -1.65336 100 18 -0.749561 100 39 0 0 0 0 0 0 0 0
81700 -283.931 -1.04216 100 22 0 0 0 0 0 0 0 0 0 -1.62412 100 22 -1.40894 100 36 0 0 0 0 0 0 0 0
81800 -282.985 -0.787438 100 24 0 0 0 0 0 0 0 0 0 -1.60609 100 16 -1.06791 100 35 0 0 0 0 0 0 0 0
81900 -283.035 -0.914065 100 18 0 0 0 0 0 0 0 0 0 -1.6381 100 20 -0.908529 100 45 0 0 0 0 0 0 0 0
82000 -283.161 -0.602674 100 22 0 0 0 0 0 0 0 0 0 -1.67285 100 22 -0.591714 100 39 0 0 0 0 0 0 0 0
82100 -283.093 -0.665627 100 18 0 0 0 0 0 0 0 0 0 -1.60301 100 22 -0.680947 100 37 0 0 0 0 0 0 0 0
82200 -283.326 -0.92054 100 20 0 0 0 0 0 0 0 0 0 -1.58842 100 22 -0.526864 100 33 0 0 0 0 0 0 0 0
82300 -283.975 -0.964831 100 20 0 0 0 0 0 0 0 0 0 -1.60338 100 26 -0.31337 100 37 0 0 0 0 0 0 0 0
82400 -286.589 -1.53008 100 21 0 0 0 0 0 0 0 0 0 -1.54201 100 27 -1.77842 100 42 0 0 0 0 0 0 0 0
82500 -284.506 -0.523682 100 19 0 0 0 0 0 0 0 0 0 -1.56692 100 20 -0.353878 100 38 0 0 0 0 0 0 0 0
82600 -284.884 -0.891116 100 17 0 0 0 0 0 0 0 0 0 -1.84324 100 24 -1.02746 100 44 0 0 0 0 0 0 0 0
82700 -283.464 -0.691681 100 20 0 0 0 0 0 0 0 0 0 -1.75944 100 29 -0.957779 100 34 0 0 0 0 0 0 0 0
82800 -283.81 -1.08146 100 23 0 0 0 0 0 0 0 0 0 -1.59665 100 18 -1.35514 100 39 0 0 0 0 0 0 0 0
82900 -283.997 -0.94307 100 21 0 0 0 0 0 0 0 0 0 -1.60471 100 20 -1.56714 100 39 0 0 0 0 0 0 0 0
83000 -283.984 -0.514453 100 21 0 0 0 0 0 0 0 0 0 -1.82569 100 17 -0.389471 100 32 0 0 0 0 0 0 0 0
83100 -283.339 -0.975477 100 23 0 0 0 0 0 0 0 0 0 -1.54294 100 23 -0.629771 100 41 0 0 0 0 0 0 0 0
83200 -284.73 -0.319881 100 23 0 0 0 0 0 0 0 0 0 -1.5789 100 23 -0.874953 100 47 0 0 0 0 0 0 0 0
83300 -284.746 -0.787526 100 12 0 0 0 0 0 0 0 0 0 -1.41636 100 29 -0.592614 100 38 0 0 0 0 0 0 0 0
83400 -283.468 -1.11011 100 22 0 0 0 0 0 0 0 0 0 -1.62079 100 30 -0.830683 100 41 0 0 0 0 0 0 0 0
83500 -283.113 -0.61489 100 18 0 0 0 0 0 0 0 0 0 -1.71359 100 12 -0.745655 100 40 0 0 0 0 0 0 0 0
83600 -288.112 -1.17531 100 23 0 0 0 0 0 0 0 0 0 -1.96615 100 24 -0.233505 100 33 0 0 0 0 0 0 0 0
83700 -283.272 -0.870426 100 22 0 0 0 0 0 0 0 0 0 -1.67481 100 22 -0.523973 100 45 0 0 0 0 0 0 0 0
83800 -286.177 -0.903464 100 23 0 0 0 0 0 0 0 0 0 -1.69366 100 22 -2.10201 100 44 0 0 0 0 0 0 0 0
83900 -284.312 -0.378507 100 24 0 0 0 0 0 0 0 0 0 -1.72598 100 19 -0.294311 100 42 0 0 0 0 0 0 0 0
84000 -283.097 -0.873229 100 20 0 0 0 0 0 0 0 0 0 -1.5326 100 26 -0.810941 100 39 0 0 0 0 0 0 0 0
84100 -284.431 -0.511582 100 14 0 0 0 0 0 0 0 0 0 -1.70493 100 19 -1.53547 100 41 0 0 0 0 0 0 0 0
84200 -286.47 -0.433661 100 18 0 0 0 0 0 0 0 0 0 -2.02772 100 22 -0.132348 100 49 0 0 0 0 0 0 0 0
84300 -286.812 -0.913755 100 24 0 0 0 0 0 0 0 0 0 -1.56027 100 25 0.116116 100 36 0 0 0 0 0 0 0 0
84400 -284.093 -0.676314 100 13 0 0 0 0 0 0 0 0 0 -1.61271 100 23 -1.6141 100 33 0 0 0 0 0 0 0 0
84500 -283.897 -0.625112 100 16 0 0 0 0 0 0 0 0 0 -1.63715 100 23 -1.49255 100 36 0 0 0 0 0 0 0 0
84600 -284.467 -0.965449 100 19 0 0 0 0 0 0 0 0 0 -1.81423 100 17 -0.567835 100 39 0 0 0 0 0 0 0 0
84700 -288.07 -1.8316 100 12 0 0 0 0 0 0 0 0 0 -1.29393 100 25 -1.28876 100 47 0 0 0 0 0 0 0 0
84800 -283.788 -0.996836 100 24 0 0 0 0 0 0 0 0 0 -1.70829 100 27 -1.08138 100 33 0 0 0 0 0 0 0 0
84900 -282.987 -0.781321 100 27 0 0 0 0 0 0 0 0 0 -1.6456 100 18 -1.01334 100 33 0 0 0 0 0 0 0 0
85000 -284.93 -1.41403 100 13 0 0 0 0 0 0 0 0 0 -1.62761 100 34 -0.96971 100 38 0 0 0 0 0 0 0 0
85100 -283.253 -0.834635 100 25 0 0 0 0 0 0 0 0 0 -1.54004 100 27 -0.646531 100 42 0 0 0 0 0 0 0 0
85200 -283.37 -0.834727 100 16 0 0 0 0 0 0 0 0 0 -1.73583 100 17 -0.629636 100 42 0 0 0 0 0 0 0 0
85300 -285.882 -0.905675 100 18 0 0 0 0 0 0 0 0 0 -1.84608 100 27 -1.43047 100 35 0 0 0 0 0 0 0 0
85400 -284.973 -1.15017 100 16 0 0 0 0 0 0 0 0 0 -1.34306 100 25 -1.3934 100 42 0 0 0 0 0 0 0 0
85500 -285.025 -1.03364 100 14 0 0 0 0 0 0 0 0 0 -1.36718 100 16 -1.63159 100 39 0 0 0 0 0 0 0 0
85600 -283.732 -0.622769 100 21 0 0 0 0 0 0 0 0 0 -1.80733 100 20 -0.861368 100 40 0 0 0 0 0 0 0 0
85700 -285.42 -0.363337 100 26 0 0 0 0 0 0 0 0 0 -1.806 100 18 -1.53363 100 43 0 0 0 0 0 0 0 0
85800 -283.934 -1.0559 100 22 0 0 0 0 0 0 0 0 0 -1.48516 100 18 -1.47852 100 45 0 0 0 0 0 0 0 0
85900 -283.467 -0.805042 100 20 0 0 0 0 0 0 0 0 0 -1.59096 100 26 -0.43856 100 44 0 0 0 0 0 0 0 0
86000 -283.573 -0.415891 100 16 0 0 0 0 0 0 0 0 0 -1.70101 100 21 -0.730393 100 27 0 0 0 0 0 0 0 0
86100 -284.774 -1.40532 100 13 0 0 0 0 0 0 0 0 0 -1.58953 100 22 -1.11181 100 42 0 0 0 0 0 0 0 0
86200 -283.284 -0.540321 100 12 0 0 0 0 0 0 0 0 0 -1.7314 100 18 -0.652457 100 37 0 0 0 0 0 0 0 0
86300 -284.714 -0.293771 100 17 0 0 0 0 0 0 0 0 0 -1.891 100 20 -0.565231 100 40 0 0 0 0 0 0 0 0
86400 -283.541 -0.585618 100 23 0 0 0 0 0 0 0 0 0 -1.70046 100 23 -1.21412 100 38 0 0 0 0 0 0 0 0
86500 -285.709 -1.29391 100 13 0 0 0 0 0 0 0 0 0 -1.29582 100 23 -1.22494 100 42 0 0 0 0 0 0 0 0
86600 -284.168 -0.506928 100 27 0 0 0 0 0 0 0 0 0 -1.84983 100 24 -0.883083 100 41 0 0 0 0 0 0 0 0
86700 -285.404 -0.622621 100 19 0 0 0 0 0 0 0 0 0 -1.8952 100 24 -0.0371956 100 45 0 0 0 0 0 0 0 0
86800 -283.688 -0.643924 100 17 0 0 0 0 0 0 0 0 0 -1.66585 100 24 -1.38599 100 45 0 0 0 0 0 0 0 0
86900 -283.898 -1.01526 100 21 0 0 0 0 0 0 0 0 0 -1.41419 100 20 -1.03662 100 45 0 0 0 0 0 0 0 0
87000 -285.278 -0.80327 100 20 0 0 0 0 0 0 0 0 0 -1.35533 100 22 -0.787007 100 39 0 0 0 0 0 0 0 0
87100 -284.819 -0.927534 100 18 0 0 0 0 0 0 0 0 0 -1.64193 100 30 -1.80427 100 36 0 0 0 0 0 0 0 0
87200 -283.09 -0.657421 100 16 0 0 0 0 0 0 0 0 0 -1.62893 100 23 -0.629274 100 38 0 0 0 0 0 0 0 0
87300 -283.107 -0.999648 100 18 0 0 0 0 0 0 0 0 0 -1.56528 100 14 -0.85293 100 46 0 0 0 0 0 0 0 0
87400 -283.052 -0.777789 100 18 0 0 0 0 0 0 0 0 0 -1.58782 100 21 -0.655936 100 31 0 0 0 0 0 0 0 0
87500 -283.674 -0.622395 100 23 0 0 0 0 0 0 0 0 0 -1.74845 100 24 -1.16299 100 43 0 0 0 0 0 0 0 0
87600 -284.79 -1.16355 100 20 0 0 0 0 0 0 0 0 0 -1.35692 100 25 -0.886002 100 44 0 0 0 0 0 0 0 0
87700 -283.72 -0.688234 100 20 0 0 0 0 0 0 0 0 0 -1.80115 100 26 -0.488086 100 42 0 0 0 0 0 0 0 0
87800 -283.64 -1.08931 100 17 0 0 0 0 0 0 0 0 0 -1.45736 100 19 -0.928863 100 32 0 0 0 0 0 0 0 0
87900 -285.006 -1.20685 100 21 0 0 0 0 0 0 0 0 0 -1.34754 100 19 -0.869853 100 41 0 0 0 0 0 0 0 0
88000 -284.541 -0.645501 100 26 0 0 0 0 0 0 0 0 0 -1.72097 100 18 -1.61147 100 46 0 0 0 0 0 0 0 0
88100 -283.765 -0.787062 100 20 0 0 0 0 0 0 0 0 0 -1.53929 100 20 -0.444401 100 42 0 0 0 0 0 0 0 0
88200 -284.84 -0.924595 100 25 0 0 0 0 0 0 0 0 0 -1.58596 100 31 -1.89192 100 53 0 0 0 0 0 0 0 0
88300 -284.498 -0.586692 100 19 0 0 0 0 0 0 0 0 0 -1.50233 100 29 -1.52171 100 32 0 0 0 0 0 0 0 0
88400 -283.669 -0.427756 100 25 0 0 0 0 0 0 0 0 0 -1.73931 100 23 -0.951074 100 32 0 0 0 0 0 0 0 0
88500 -283.107 -0.757238 100 26 0 0 0 0 0 0 0 0 0 -1.56169 100 24 -0.709342 100 32 0 0 0 0 0 0 0 0
88600 -284.183 -1.17759 100 20 0 0 0 0 0 0 0 0 0 -1.47854 100 26 -1.4637 100 35 0 0 0 0 0 0 0 0
88700 -284.558 -0.829727 100 17 0 0 0 0 0 0 0 0 0 -1.49833 100 33 -1.79162 100 44 0 0 0 0 0 0 0 0
88800 -283.746 -0.573885 100 17 0 0 0 0 0 0 0 0 0 -1.66053 100 19 -0.341218 100 49 0 0 0 0 0 0 0 0
88900 -288.591 -0.650263 100 26 0 0 0 0 0 0 0 0 0 -2.04842 100 27 -1.34786 100 46 0 0 0 0 0 0 0 0
89000 -285.396 -0.879934 100 16 0 0 0 0 0 0 0 0 0 -1.87 100 26 -0.163049 100 42 0 0 0 0 0 0 0 0
89100 -283.408 -0.656198 100 26 0 0 0 0 0 0 0 0 0 -1.6136 100 23 -1.29319 100 36 0 0 0 0 0 0 0 0
89200 -283.564 -0.774197 100 12 0 0 0 0 0 0 0 0 0 -1.47608 100 20 -0.85027 100 42 0 0 0 0 0 0 0 0
89300 -283.725 -0.881902 100 15 0 0 0 0 0 0 0 0 0 -1.4772 100 25 -1.39651 100 35 0 0 0 0 0 0 0 0
89400 -283.963 -0.418345 100 12 0 0 0 0 0 0 0 0 0 -1.60465 100 19 -0.678719 100 37 0 0 0 0 0 0 0 0
89500 -284.354 -0.728872 100 26 0 0 0 0 0 0 0 0 0 -1.70416 100 21 -1.58699 100 37 0 0 0 0 0 0 0 0
89600 -283.184 -0.92879 100 14 0 0 0 0 0 0 0 0 0 -1.65469 100 18 -1.00659 100 35 0 0 0 0 0 0 0 0
89700 -284.002 -0.925805 100 22 0 0 0 0 0 0 0 0 0 -1.45233 100 25 -1.47728 100 47 0 0 0 0 0 0 0 0
89800 -283.25 -1.02347 100 25 0 0 0 0 0 0 0 0 0 -1.62808 100 18 -0.932906 100 39 0 0 0 0 0 0 0 0
89900 -283.62 -1.02465 100 15 0 0 0 0 0 0 0 0 0 -1.61287 100 18 -1.30118 100 34 0 0 0 0 0 0 0 0
90000 -284.726 -0.230961 100 23 0 0 0 0 0 0 0 0 0 -1.83433 100 24 -0.437392 100 33 0 0 0 0 0 0 0 0
90100 -284.191 -1.17056 100 21 0 0 0 0 0 0 0 0 0 -1.55194 100 26 -0.448557 100 39 0 0 0 0 0 0 0 0
90200 -283.746 -0.596333 100 24 0 0 0 0 0 0 0 0 0 -1.53115 100 21 -1.22685 100 35 0 0 0 0 0 0 0 0
90300 -283.346 -0.706595 100 14 0 0 0 0 0 0 0 0 0 -1.52748 100 16 -0.75857 100 45 0 0 0 0 0 0 0 0
90400 -283.928 -0.453414 100 33 0 0 0 0 0 0 0 0 0 -1.57179 100 34 -0.801457 100 35 0 0 0 0 0 0 0 0
90500 -283.133 -0.856389 100 19 0 0 0 0 0 0 0 0 0 -1.57758 100 18 -1.19285 100 41 0 0 0 0 0 0 0 0
90600 -283.733 -0.441347 100 16 0 0 0 0 0 0 0 0 0 -1.60825 100 21 -0.912795 100 38 0 0 0 0 0 0 0 0
90700 -285.016 -0.361556 100 20 0 0 0 0 0 0 0 0 0 -1.68821 100 17 -0.163899 100 45 0 0 0 0 0 0 0 0
90800 -284.575 -1.27698 100 19 0 0 0 0 0 0 0 0 0 -1.38847 100 22 -1.16912 100 41 0 0 0 0 0 0 0 0
90900 -283.78 -0.787044 100 22 0 0 0 0 0 0 0 0 0 -1.4457 100 15 -1.01814 100 40 0 0 0 0 0 0 0 0
91000 -284.989 -0.281355 100 20 0 0 0 0 0 0 0 0 0 -1.7949 100 27 -1.27129 100 47 0 0 0 0 0 0 0 0
91100 -283.956 -0.740667 100 21 0 0 0 0 0 0 0 0 0 -1.60222 100 23 -1.59243 100 43 0 0 0 0 0 0 0 0
91200 -289.573 -2.13802 100 14 0 0 0 0 0 0 0 0 0 -1.44412 100 25 -0.821122 100 36 0 0 0 0 0 0 0 0
91300 -284.442 -0.547373 100 18 0 0 0 0 0 0 0 0 0 -1.47489 100 25 -1.18408 100 38 0 0 0 0 0 0 0 0
91400 -284.437 -0.899731 100 15 0 0 0 0 0 0 0 0 0 -1.3752 100 16 -1.06527 100 32 0 0 0 0 0 0 0 0
91500 -284.841 -0.647304 100 22 0 0 0 0 0 0 0 0 0 -1.42474 100 19 -0.706716 100 45 0 0 0 0 0 0 0 0
91600 -282.986 -0.788635 100 16 0 0 0 0 0 0 0 0 0 -1.56913 100 18 -0.785758 100 31 0 0 0 0 0 0 0 0
91700 -283.973 -0.639362 100 16 0 0 0 0 0 0 0 0 0 -1.52318 100 13 -1.43247 100 41 0 0 0 0 0 0 0 0
91800 -283.196 -0.764437 100 21 0 0 0 0 0 0 0 0 0 -1.72883 100 16 -0.75799 100 40 0 0 0 0 0 0 0 0
91900 -283.149 -0.848776 100 14 0 0 0 0 0 0 0 0 0 -1.60052 100 30 -1.19996 100 32 0 0 0 0 0 0 0 0
92000 -283.514 -0.853039 100 23 0 0 0 0 0 0 0 0 0 -1.64755 100 22 -1.33435 100 39 0 0 0 0 0 0 0 0
92100 -283.707 -0.774344 100 18 0 0 0 0 0 0 0 0 0 -1.72929 100 17 -0.32516 100 47 0 0 0 0 0 0 0 0
92200 -284.496 -0.607938 100 22 0 0 0 0 0 0 0 0 0 -1.8692 100 24 -0.284395 100 45 0 0 0 0 0 0 0 0
92300 -283.477 -0.499138 100 27 0 0 0 0 0 0 0 0 0 -1.76823 100 28 -0.675911 100 38 0 0 0 0 0 0 0 0
92400 -283.333 -1.08912 100 15 0 0 0 0 0 0 0 0 0 -1.59432 100 21 -0.8477 100 41 0 0 0 0 0 0 0 0
92500 -283.234 -0.554869 100 26 0 0 0 0 0 0 0 0 0 -1.72182 100 18 -0.841934 100 30 0 0 0 0 0 0 0 0
92600 -283.074 -0.826528 100 24 0 0 0 0 0 0 0 0 0 -1.55145 100 30 -0.741815 100 40 0 0 0 0 0 0 0 0
92700 -284.268 -0.819914 100 24 0 0 0 0 0 0 0 0 0 -1.60646 100 26 -1.71028 100 39 0 0 0 0 0 0 0 0
92800 -284.181 -0.594967 100 21 0 0 0 0 0 0 0 0 0 -1.86677 100 23 -0.595542 100 42 0 0 0 0 0 0 0 0
92900 -285.209 -0.850272 100 24 0 0 0 0 0 0 0 0 0 -1.33631 100 22 -0.995904 100 38 0 0 0 0 0 0 0 0
93000 -284.369 -1.14954 100 23 0 0 0 0 0 0 0 0 0 -1.40067 100 18 -0.79479 100 40 0 0 0 0 0 0 0 0
93100 -286.446 -0.705348 100 30 0 0 0 0 0 0 0 0 0 -1.89123 100 19 -1.5731 100 38 0 0 0 0 0 0 0 0
93200 -283.456 -0.80595 100 17 0 0 0 0 0 0 0 0 0 -1.72258 100 21 -1.07865 100 38 0 0 0 0 0 0 0 0
93300 -284.52 -0.703417 100 22 0 0 0 0 0 0 0 0 0 -1.41751 100 13 -0.825227 100 40 0 0 0 0 0 0 0 0
93400 -284.172 -1.09501 100 27 0 0 0 0 0 0 0 0 0 -1.39499 100 22 -1.18168 100 27 0 0 0 0 0 0 0 0
93500 -284.949 -1.1834 100 23 0 0 0 0 0 0 0 0 0 -1.7002 100 23 -0.275049 100 30 0 0 0 0 0 0 0 0
93600 -284.354 -0.435668 100 14 0 0 0 0 0 0 0 0 0 -1.59219 100 21 -0.461824 100 44 0 0 0 0 0 0 0 0
93700 -283.138 -0.824952 100 19 0 0 0 0 0 0 0 0 0 -1.58962 100 22 -0.589542 100 37 0 0 0 0 0 0 0 0
93800 -285.492 -0.644783 100 19 0 0 0 0 0 0 0 0 0 -1.89855 100 24 -1.23241 100 35 0 0 0 0 0 0 0 0
93900 -283.936 -1.24459 100 25 0 0 0 0 0 0 0 0 0 -1.53754 100 29 -0.710727 100 43 0 0 0 0 0 0 0 0
94000 -283.421 -0.635774 100 16 0 0 0 0 0 0 0 0 0 -1.59027 100 29 -0.541377 100 39 0 0 0 0 0 0 0 0
94100 -284.305 -0.712056 100 23 0 0 0 0 0 0 0 0 0 -1.86363 100 25 -0.56027 100 44 0 0 0 0 0 0 0 0
94200 -285.039 -1.0284 100 18 0 0 0 0 0 0 0 0 0 -1.63127 100 21 -1.82176 100 40 0 0 0 0 0 0 0 0
94300 -283.587 -1.03387 100 21 0 0 0 0 0 0 0 0 0 -1.6459 100 22 -1.16775 100 44 0 0 0 0 0 0 0 0
94400 -284.335 -1.3277 100 18 0 0 0 0 0 0 0 0 0 -1.54817 100 30 -0.665744 100 41 0 0 0 0 0 0 0 0
94500 -285.229 -1.49097 100 19 0 0 0 0 0 0 0 0 0 -1.47739 100 22 -1.33804 100 35 0 0 0 0 0 0 0 0
94600 -283.194 -0.780384 100 18 0 0 0 0 0 0 0 0 0 -1.72523 100 19 -0.774599 100 41 0 0 0 0 0 0 0 0
94700 -283.045 -0.656487 100 23 0 0 0 0 0 0 0 0 0 -1.59323 100 18 -0.891536 100 37 0 0 0 0 0 0 0 0
94800 -283.752 -0.429748 100 19 0 0 0 0 0 0 0 0 0 -1.66749 100 21 -1.09738 100 41 0 0 0 0 0 0 0 0
94900 -285.417 -0.32704 100 25 0 0 0 0 0 0 0 0 0 -1.60836 100 26 -0.290534 100 37 0 0 0 0 0 0 0 0
95000 -283.672 -0.999723 100 14 0 0 0 0 0 0 0 0 0 -1.52581 100 27 -1.42754 100 39 0 0 0 0 0 0 0 0
95100 -283.224 -0.885445 100 21 0 0 0 0 0 0 0 0 0 -1.55287 100 20 -1.23865 100 37 0 0 0 0 0 0 0 0
95200 -283.856 -0.347817 100 22 0 0 0 0 0 0 0 0 0 -1.72498 100 29 -0.735781 100 31 0 0 0 0 0 0 0 0
95300 -283.01 -0.762277 100 16 0 0 0 0 0 0 0 0 0 -1.6327 100 27 -1.06682 100 43 0 0 0 0 0 0 0 0
95400 -286.764 -0.289163 100 18 0 0 0 0 0 0 0 0 0 -1.74898 100 21 -1.95215 100 32 0 0 0 0 0 0 0 0
95500 -284.175 -1.21118 100 22 0 0 0 0 0 0 0 0 0 -1.62558 100 20 -0.515118 100 33 0 0 0 0 0 0 0 0
95600 -283.51 -1.05633 100 22 0 0 0 0 0 0 0 0 0 -1.66951 100 26 -0.833626 100 38 0 0 0 0 0 0 0 0
95700 -283.101 -0.906004 100 25 0 0 0 0 0 0 0 0 0 -1.66124 100 29 -0.904452 100 39 0 0 0 0 0 0 0 0
95800 -286.716 -0.0525938 100 19 0 0 0 0 0 0 0 0 0 -1.84403 100 20 -1.31132 100 35 0 0 0 0 0 0 0 0
95900 -286.241 -1.52203 100 22 0 0 0 0 0 0 0 0 0 -1.53689 100 15 -0.336432 100 37 0 0 0 0 0 0 0 0
96000 -284.329 -0.565764 100 24 0 0 0 0 0 0 0 0 0 -1.63064 100 22 -0.225186 100 34 0 0 0 0 0 0 0 0
96100 -284.329 -0.706736 100 21 0 0 0 0 0 0 0 0 0 -1.86638 100 23 -0.656863 100 35 0 0 0 0 0 0 0 0
96200 -285.827 -0.0567958 100 23 0 0 0 0 0 0 0 0 0 -1.80702 100 16 -0.867395 100 46 0 0 0 0 0 0 0 0
96300 -286.043 -0.355333 100 24 0 0 0 0 0 0 0 0 0 -1.99654 100 23 -0.842767 100 38 0 0 0 0 0 0 0 0
96400 -283.862 -0.848229 100 18 0 0 0 0 0 0 0 0 0 -1.77577 100 25 -0.439405 100 42 0 0 0 0 0 0 0 0
96500 -283.575 -0.673843 100 20 0 0 0 0 0 0 0 0 0 -1.79349 100 24 -0.763151 100 34 0 0 0 0 0 0 0 0
96600 -288.366 0.0986846 100 22 0 0 0 0 0 0 0 0 0 -1.70331 100 23 -0.461392 100 44 0 0 0 0 0 0 0 0
96700 -284.665 -0.594456 100 19 0 0 0 0 0 0 0 0 0 -1.45602 100 26 -0.678665 100 42 0 0 0 0 0 0 0 0
96800 -283.982 -0.842119 100 20 0 0 0 0 0 0 0 0 0 -1.56905 100 24 -0.318162 100 31 0 0 0 0 0 0 0 0
96900 -283.336 -0.879809 100 18 0 0 0 0 0 0 0 0 0 -1.7211 100 25 -0.71749 100 43 0 0 0 0 0 0 0 0
97000 -286.788 -1.22704 100 17 0 0 0 0 0 0 0 0 0 -1.53382 100 16 -2.2871 100 52 0 0 0 0 0 0 0 0
97100 -283.472 -1.12471 100 12 0 0 0 0 0 0 0 0 0 -1.60304 100 25 -0.804477 100 48 0 0 0 0 0 0 0 0
97200 -283.956 -0.365678 100 21 0 0 0 0 0 0 0 0 0 -1.66647 100 29 -0.999956 100 43 0 0 0 0 0 0 0 0
97300 -287.607 -1.362 100 20 0 0 0 0 0 0 0 0 0 -1.63844 100 17 -2.15218 100 39 0 0 0 0 0 0 0 0
97400 -285.005 -1.44237 100 18 0 0 0 0 0 0 0 0 0 -1.42449 100 32 -0.854149 100 32 0 0 0 0 0 0 0 0
97500 -283.204 -0.847105 100 22 0 0 0 0 0 0 0 0 0 -1.6802 100 16 -0.557037 100 38 0 0 0 0 0 0 0 0
97600 -284.723 -1.23555 100 19 0 0 0 0 0 0 0 0 0 -1.6617 100 23 -1.31363 100 47 0 0 0 0 0 0 0 0
97700 -284.36 -0.808936 100 24 0 0 0 0 0 0 0 0 0 -1.82387 100 25 -0.321411 100 39 0 0 0 0 0 0 0 0
97800 -283.334 -0.669899 100 13 0 0 0 0 0 0 0 0 0 -1.54993 100 24 -1.15659 100 45 0 0 0 0 0 0 0 0
97900 -283.086 -0.980909 100 16 0 0 0 0 0 0 0 0 0 -1.55979 100 29 -0.981505 100 37 0 0 0 0 0 0 0 0
98000 -284.717 -0.585667 100 26 0 0 0 0 0 0 0 0 0 -1.43327 100 20 -0.990468 100 42 0 0 0 0 0 0 0 0
98100 -283.698 -0.540074 100 22 0 0 0 0 0 0 0 0 0 -1.55973 100 21 -1.14483 100 39 0 0 0 0 0 0 0 0
98200 -285.359 -1.46866 100 10 0 0 0 0 0 0 0 0 0 -1.55144 100 22 -0.508089 100 48 0 0 0 0 0 0 0 0
98300 -283.719 -0.623887 100 16 0 0 0 0 0 0 0 0 0 -1.75738 100 22 -0.32916 100 30 0 0 0 0 0 0 0 0
98400 -285.811 -0.228728 100 22 0 0 0 0 0 0 0 0 0 -1.75268 100 25 -0.0703876 100 32 0 0 0 0 0 0 0 0
98500 -283.151 -0.955409 100 18 0 0 0 0 0 0 0 0 0 -1.51896 100 22 -0.907551 100 39 0 0 0 0 0 0 0 0
98600 -288.467 -1.43729 100 17 0 0 0 0 0 0 0 0 0 -1.89577 100 27 -0.785683 100 28 0 0 0 0 0 0 0 0
98700 -284.424 -1.02193 100 21 0 0 0 0 0 0 0 0 0 -1.38194 100 24 -0.836107 100 36 0 0 0 0 0 0 0 0
98800 -283.937 -0.875673 100 20 0 0 0 0 0 0 0 0 0 -1.41717 100 29 -1.03979 100 37 0 0 0 0 0 0 0 0
98900 -283.233 -0.584143 100 14 0 0 0 0 0 0 0 0 0 -1.73798 100 23 -0.700137 100 31 0 0 0 0 0 0 0 0
99000 -283.487 -0.808718 100 24 0 0 0 0 0 0 0 0 0 -1.51383 100 27 -1.32937 100 49 0 0 0 0 0 0 0 0
99100 -282.962 -0.88367 100 16 0 0 0 0 0 0 0 0 0 -1.62414 100 16 -0.917632 100 38 0 0 0 0 0 0 0 0
99200 -284.755 -1.2793 100 28 0 0 0 0 0 0 0 0 0 -1.62098 100 29 -1.38308 100 36 0 0 0 0 0 0 0 0
99300 -283.356 -1.06912 100 10 0 0 0 0 0 0 0 0 0 -1.62569 100 24 -0.883211 100 42 0 0 0 0 0 0 0 0
99400 -283.342 -0.852879 100 11 0 0 0 0 0 0 0 0 0 -1.48337 100 17 -0.969195 100 36 0 0 0 0 0 0 0 0
99500 -283.108 -0.608439 100 21 0 0 0 0 0 0 0 0 0 -1.7097 100 16 -0.746485 100 37 0 0 0 0 0 0 0 0
99600 -284.492 -0.699893 100 25 0 0 0 0 0 0 0 0 0 -1.58512 100 18 -1.77312 100 34 0 0 0 0 0 0 0 0
99700 -285.026 -1.50522 100 16 0 0 0 0 0 0 0 0 0 -1.50248 100 23 -1.02909 100 35 0 0 0 0 0 0 0 0
99800 -283.252 -0.80293 100 23 0 0 0 0 0 0 0 0 0 -1.57408 100 25 -0.558782 100 36 0 0 0 0 0 0 0 0
99900 -284.652 -0.865806 100 17 0 0 0 0 0 0 0 0 0 -1.83017 100 25 -0.283356 100 40 0 0 0 0 0 0 0 0
100000 -284.353 -0.438856 100 16 0 0 0 0 0 0 0 0 0 -1.65304 100 26 -0.299535 100 48 0 0 0 0 0 0 0 0
