iteration logLik intercept1 intercept1_p intercept1_a pcov2 pcov2_p pcov2_a pcov3 pcov3_p pcov3_a pcov4 pcov4_p pcov4_a intercept2 intercept2_p intercept2_a intercept3 intercept3_p intercept3_a intercept4 intercept4_p intercept4_a pcov pcov_p pcov_a data_p data_a
0 -768.666 1.67765 0 0 0 0 0 0 0 0 0 0 0 -9.65642 0 0 -10.1604 0 0 0 0 0 0 0 0 0 0
100 -253.001 -1.40918 100 41 0 0 0 0 0 0 0 0 0 -1.64054 100 34 -0.20949 100 32 0 0 0 0 0 0 0 0
200 -254.891 -0.619674 100 49 0 0 0 0 0 0 0 0 0 -2.16134 100 25 -0.774139 100 25 0 0 0 0 0 0 0 0
300 -252.328 -2.07295 100 49 0 0 0 0 0 0 0 0 0 -1.97923 100 22 -0.824952 100 22 0 0 0 0 0 0 0 0
400 -250.001 -1.6481 100 41 0 0 0 0 0 0 0 0 0 -1.877 100 24 -0.497537 100 25 0 0 0 0 0 0 0 0
500 -252.875 -2.65663 100 44 0 0 0 0 0 0 0 0 0 -2.09246 100 32 -0.576868 100 24 0 0 0 0 0 0 0 0
600 -254.373 -4.13012 100 46 0 0 0 0 0 0 0 0 0 -1.77245 100 30 -0.92955 100 26 0 0 0 0 0 0 0 0
700 -251.868 -2.00167 100 47 0 0 0 0 0 0 0 0 0 -2.06808 100 25 -0.590169 100 21 0 0 0 0 0 0 0 0
800 -253.335 -2.17283 100 41 0 0 0 0 0 0 0 0 0 -1.72893 100 21 -1.20018 100 31 0 0 0 0 0 0 0 0
900 -250.261 -1.13868 100 46 0 0 0 0 0 0 0 0 0 -1.96069 100 27 -0.331309 100 24 0 0 0 0 0 0 0 0
1000 -257.464 -0.674542 100 39 0 0 0 0 0 0 0 0 0 -2.09722 100 16 -1.1607 100 29 0 0 0 0 0 0 0 0
1100 -251.232 -0.943192 100 40 0 0 0 0 0 0 0 0 0 -1.73347 100 25 -0.52169 100 22 0 0 0 0 0 0 0 0
1200 -253.092 -1.76864 100 53 0 0 0 0 0 0 0 0 0 -1.7297 100 27 -0.0268727 100 23 0 0 0 0 0 0 0 0
1300 -250.195 -1.75273 100 43 0 0 0 0 0 0 0 0 0 -1.98067 100 29 -0.240684 100 21 0 0 0 0 0 0 0 0
1400 -251.139 -1.39345 100 33 0 0 0 0 0 0 0 0 0 -1.65927 100 25 -0.747205 100 20 0 0 0 0 0 0 0 0
1500 -251.215 -0.673882 100 35 0 0 0 0 0 0 0 0 0 -1.89659 100 24 -0.423879 100 20 0 0 0 0 0 0 0 0
1600 -251.348 -2.57701 100 53 0 0 0 0 0 0 0 0 0 -1.65307 100 24 -0.756741 100 27 0 0 0 0 0 0 0 0
1700 -250.334 -1.57088 100 43 0 0 0 0 0 0 0 0 0 -1.86945 100 24 -0.202075 100 18 0 0 0 0 0 0 0 0
1800 -255.766 -2.24608 100 39 0 0 0 0 0 0 0 0 0 -2.24544 100 30 -0.69877 100 21 0 0 0 0 0 0 0 0
1900 -252.72 -2.292 100 42 0 0 0 0 0 0 0 0 0 -1.53984 100 20 -0.486389 100 23 0 0 0 0 0 0 0 0
2000 -251.426 -1.5325 100 42 0 0 0 0 0 0 0 0 0 -1.76455 100 26 -0.924408 100 18 0 0 0 0 0 0 0 0
2100 -250.132 -2.13872 100 48 0 0 0 0 0 0 0 0 0 -1.83873 100 30 -0.424525 100 18 0 0 0 0 0 0 0 0
2200 -252.949 -3.00755 100 40 0 0 0 0 0 0 0 0 0 -1.77956 100 32 -0.0769541 100 22 0 0 0 0 0 0 0 0
2300 -251.918 -1.93732 100 39 0 0 0 0 0 0 0 0 0 -1.98238 100 19 0.111992 100 24 0 0 0 0 0 0 0 0
2400 -250.17 -2.12363 100 41 0 0 0 0 0 0 0 0 0 -1.79828 100 26 -0.503858 100 23 0 0 0 0 0 0 0 0
2500 -251.316 -1.84625 100 40 0 0 0 0 0 0 0 0 0 -1.73458 100 14 -0.919034 100 19 0 0 0 0 0 0 0 0
2600 -250.523 -1.28081 100 48 0 0 0 0 0 0 0 0 0 -1.81645 100 20 -0.271738 100 23 0 0 0 0 0 0 0 0
2700 -250.628 -1.10997 100 44 0 0 0 0 0 0 0 0 0 -1.80674 100 29 -0.622824 100 22 0 0 0 0 0 0 0 0
2800 -250.319 -1.19792 100 46 0 0 0 0 0 0 0 0 0 -1.95747 100 28 -0.445464 100 24 0 0 0 0 0 0 0 0
2900 -250.614 -0.915685 100 41 0 0 0 0 0 0 0 0 0 -1.95586 100 34 -0.252775 100 25 0 0 0 0 0 0 0 0
3000 -252.03 -1.62593 100 45 0 0 0 0 0 0 0 0 0 -2.1756 100 25 0.151412 100 17 0 0 0 0 0 0 0 0
3100 -250.807 -1.8 100 37 0 0 0 0 0 0 0 0 0 -1.90945 100 26 -0.075676 100 25 0 0 0 0 0 0 0 0
3200 -252.816 -2.85601 100 49 0 0 0 0 0 0 0 0 0 -2.07545 100 20 -0.552667 100 23 0 0 0 0 0 0 0 0
3300 -250.232 -1.9707 100 44 0 0 0 0 0 0 0 0 0 -1.88427 100 25 -0.247022 100 23 0 0 0 0 0 0 0 0
3400 -251.518 -1.228 100 46 0 0 0 0 0 0 0 0 0 -1.75275 100 19 -0.205024 100 29 0 0 0 0 0 0 0 0
3500 -250.174 -1.69344 100 39 0 0 0 0 0 0 0 0 0 -1.82012 100 22 -0.311218 100 16 0 0 0 0 0 0 0 0
3600 -252.07 -1.50449 100 41 0 0 0 0 0 0 0 0 0 -1.59116 100 23 -0.465744 100 19 0 0 0 0 0 0 0 0
3700 -250.766 -1.94769 100 49 0 0 0 0 0 0 0 0 0 -1.96417 100 27 -0.585086 100 19 0 0 0 0 0 0 0 0
3800 -254.845 -1.88912 100 45 0 0 0 0 0 0 0 0 0 -2.28522 100 22 0.456115 100 20 0 0 0 0 0 0 0 0
3900 -250.723 -2.04218 100 51 0 0 0 0 0 0 0 0 0 -1.75701 100 29 -0.773371 100 25 0 0 0 0 0 0 0 0
4000 -250.505 -1.8361 100 41 0 0 0 0 0 0 0 0 0 -2.03541 100 24 -0.181226 100 23 0 0 0 0 0 0 0 0
4100 -251.951 -1.61174 100 44 0 0 0 0 0 0 0 0 0 -1.60554 100 31 -0.420762 100 26 0 0 0 0 0 0 0 0
4200 -250.153 -1.94156 100 38 0 0 0 0 0 0 0 0 0 -1.94174 100 23 -0.284501 100 20 0 0 0 0 0 0 0 0
4300 -250.901 -2.44101 100 43 0 0 0 0 0 0 0 0 0 -1.97158 100 25 -0.158462 100 21 0 0 0 0 0 0 0 0
4400 -250.485 -1.21489 100 37 0 0 0 0 0 0 0 0 0 -2.02464 100 22 -0.151813 100 29 0 0 0 0 0 0 0 0
4500 -250.446 -1.44073 100 34 0 0 0 0 0 0 0 0 0 -1.83031 100 23 -0.681636 100 21 0 0 0 0 0 0 0 0
4600 -250.187 -1.79701 100 48 0 0 0 0 0 0 0 0 0 -1.98129 100 21 -0.289066 100 23 0 0 0 0 0 0 0 0
4700 -250.117 -1.98798 100 45 0 0 0 0 0 0 0 0 0 -1.92652 100 29 -0.36688 100 21 0 0 0 0 0 0 0 0
4800 -250.531 -2.23273 100 39 0 0 0 0 0 0 0 0 0 -1.73917 100 24 -0.429638 100 20 0 0 0 0 0 0 0 0
4900 -250.376 -1.32212 100 38 0 0 0 0 0 0 0 0 0 -1.75936 100 24 -0.504329 100 17 0 0 0 0 0 0 0 0
5000 -250.825 -2.4601 100 40 0 0 0 0 0 0 0 0 0 -1.8551 100 21 -0.2172 100 20 0 0 0 0 0 0 0 0
5100 -251.495 -1.29089 100 48 0 0 0 0 0 0 0 0 0 -2.03699 100 19 0.0943108 100 24 0 0 0 0 0 0 0 0
5200 -251.151 -2.42361 100 49 0 0 0 0 0 0 0 0 0 -1.95256 100 31 -0.594217 100 18 0 0 0 0 0 0 0 0
5300 -250.832 -1.36919 100 43 0 0 0 0 0 0 0 0 0 -2.0423 100 30 -0.0225527 100 23 0 0 0 0 0 0 0 0
5400 -251.203 -1.90419 100 45 0 0 0 0 0 0 0 0 0 -1.67195 100 17 -0.872505 100 25 0 0 0 0 0 0 0 0
5500 -250.69 -1.50974 100 33 0 0 0 0 0 0 0 0 0 -2.08458 100 17 -0.127558 100 26 0 0 0 0 0 0 0 0
5600 -251.128 -1.97585 100 42 0 0 0 0 0 0 0 0 0 -1.90348 100 24 -0.753879 100 23 0 0 0 0 0 0 0 0
5700 -250.739 -2.00571 100 40 0 0 0 0 0 0 0 0 0 -2.00645 100 30 -0.471048 100 21 0 0 0 0 0 0 0 0
5800 -251.176 -2.17713 100 35 0 0 0 0 0 0 0 0 0 -2.0829 100 17 -0.0878014 100 20 0 0 0 0 0 0 0 0
5900 -250.223 -1.98949 100 43 0 0 0 0 0 0 0 0 0 -1.79403 100 29 -0.610103 100 33 0 0 0 0 0 0 0 0
6000 -251.422 -1.71708 100 45 0 0 0 0 0 0 0 0 0 -1.87259 100 21 -0.0167796 100 21 0 0 0 0 0 0 0 0
6100 -250.121 -1.96172 100 47 0 0 0 0 0 0 0 0 0 -1.89572 100 28 -0.484086 100 30 0 0 0 0 0 0 0 0
6200 -250.067 -1.94813 100 48 0 0 0 0 0 0 0 0 0 -1.90667 100 23 -0.419813 100 18 0 0 0 0 0 0 0 0
6300 -250.452 -1.26583 100 45 0 0 0 0 0 0 0 0 0 -2.02385 100 30 -0.152694 100 27 0 0 0 0 0 0 0 0
6400 -250.103 -1.61777 100 37 0 0 0 0 0 0 0 0 0 -1.90083 100 18 -0.24544 100 24 0 0 0 0 0 0 0 0
6500 -251.572 -1.08467 100 44 0 0 0 0 0 0 0 0 0 -2.00184 100 25 0.068288 100 25 0 0 0 0 0 0 0 0
6600 -254.256 -4.69516 100 34 0 0 0 0 0 0 0 0 0 -1.90165 100 23 -0.294099 100 18 0 0 0 0 0 0 0 0
6700 -250.088 -1.95422 100 50 0 0 0 0 0 0 0 0 0 -1.90816 100 22 -0.435028 100 23 0 0 0 0 0 0 0 0
6800 -252.525 -3.68802 100 39 0 0 0 0 0 0 0 0 0 -1.9514 100 17 -0.295206 100 21 0 0 0 0 0 0 0 0
6900 -252.562 -2.9953 100 42 0 0 0 0 0 0 0 0 0 -1.84226 100 21 -0.881091 100 26 0 0 0 0 0 0 0 0
7000 -250.258 -1.81221 100 51 0 0 0 0 0 0 0 0 0 -1.99651 100 21 -0.275456 100 24 0 0 0 0 0 0 0 0
7100 -252.575 -0.744731 100 41 0 0 0 0 0 0 0 0 0 -2.23986 100 24 -0.222051 100 21 0 0 0 0 0 0 0 0
7200 -252.071 -0.796975 100 43 0 0 0 0 0 0 0 0 0 -2.00991 100 28 -0.668836 100 19 0 0 0 0 0 0 0 0
7300 -251.468 -0.905189 100 41 0 0 0 0 0 0 0 0 0 -2.16175 100 24 -0.142232 100 19 0 0 0 0 0 0 0 0
7400 -250.786 -1.33234 100 38 0 0 0 0 0 0 0 0 0 -1.74351 100 32 -0.74297 100 22 0 0 0 0 0 0 0 0
7500 -252.896 -1.62108 100 43 0 0 0 0 0 0 0 0 0 -2.26219 100 28 0.229458 100 23 0 0 0 0 0 0 0 0
7600 -251.376 -3.15843 100 46 0 0 0 0 0 0 0 0 0 -1.80277 100 25 -0.451581 100 21 0 0 0 0 0 0 0 0
7700 -251.413 -1.16742 100 43 0 0 0 0 0 0 0 0 0 -2.09111 100 22 -0.480051 100 24 0 0 0 0 0 0 0 0
7800 -251.434 -0.776893 100 47 0 0 0 0 0 0 0 0 0 -1.94854 100 22 -0.604228 100 22 0 0 0 0 0 0 0 0
7900 -250.785 -2.00094 100 41 0 0 0 0 0 0 0 0 0 -1.68764 100 21 -0.438475 100 28 0 0 0 0 0 0 0 0
8000 -251.908 -0.64396 100 44 0 0 0 0 0 0 0 0 0 -1.83334 100 23 -0.244922 100 27 0 0 0 0 0 0 0 0
8100 -250.231 -1.56629 100 38 0 0 0 0 0 0 0 0 0 -1.94333 100 18 -0.502289 100 21 0 0 0 0 0 0 0 0
8200 -250.541 -1.15428 100 43 0 0 0 0 0 0 0 0 0 -2.04579 100 20 -0.191478 100 18 0 0 0 0 0 0 0 0
8300 -250.135 -1.595 100 46 0 0 0 0 0 0 0 0 0 -1.82827 100 22 -0.316567 100 17 0 0 0 0 0 0 0 0
8400 -254.388 -4.73434 100 48 0 0 0 0 0 0 0 0 0 -1.8205 100 25 -0.295388 100 23 0 0 0 0 0 0 0 0
8500 -250.387 -1.96684 100 47 0 0 0 0 0 0 0 0 0 -1.76048 100 21 -0.371361 100 28 0 0 0 0 0 0 0 0
8600 -252.036 -0.696437 100 47 0 0 0 0 0 0 0 0 0 -1.73425 100 27 -0.509004 100 18 0 0 0 0 0 0 0 0
8700 -250.945 -1.35835 100 43 0 0 0 0 0 0 0 0 0 -2.0183 100 22 0.00198642 100 21 0 0 0 0 0 0 0 0
8800 -254.399 -1.66966 100 39 0 0 0 0 0 0 0 0 0 -1.42039 100 22 -0.709344 100 22 0 0 0 0 0 0 0 0
8900 -251.212 -1.17643 100 53 0 0 0 0 0 0 0 0 0 -2.10987 100 29 0.0218361 100 18 0 0 0 0 0 0 0 0
9000 -251.768 -2.5439 100 42 0 0 0 0 0 0 0 0 0 -1.83176 100 26 -0.0887265 100 24 0 0 0 0 0 0 0 0
9100 -252.193 -1.53816 100 53 0 0 0 0 0 0 0 0 0 -2.23249 100 20 -0.221496 100 27 0 0 0 0 0 0 0 0
9200 -250.128 -1.51734 100 40 0 0 0 0 0 0 0 0 0 -1.97262 100 27 -0.371131 100 27 0 0 0 0 0 0 0 0
9300 -250.431 -1.93774 100 49 0 0 0 0 0 0 0 0 0 -1.73403 100 19 -0.678445 100 24 0 0 0 0 0 0 0 0
9400 -250.576 -1.03282 100 43 0 0 0 0 0 0 0 0 0 -2.03002 100 20 -0.230902 100 25 0 0 0 0 0 0 0 0
9500 -251.021 -2.03731 100 33 0 0 0 0 0 0 0 0 0 -2.06783 100 25 -0.368661 100 22 0 0 0 0 0 0 0 0
9600 -253.754 -3.76083 100 51 0 0 0 0 0 0 0 0 0 -2.00113 100 22 -0.614282 100 30 0 0 0 0 0 0 0 0
9700 -250.866 -1.65962 100 46 0 0 0 0 0 0 0 0 0 -2.07981 100 24 -0.361206 100 15 0 0 0 0 0 0 0 0
9800 -252.052 -1.25714 100 44 0 0 0 0 0 0 0 0 0 -1.6948 100 20 -0.237052 100 20 0 0 0 0 0 0 0 0
9900 -251.866 -2.38801 100 46 0 0 0 0 0 0 0 0 0 -1.76243 100 22 -0.953342 100 32 0 0 0 0 0 0 0 0
10000 -250.399 -1.16072 100 49 0 0 0 0 0 0 0 0 0 -1.95908 100 22 -0.46403 100 22 0 0 0 0 0 0 0 0
10100 -250.409 -2.41097 100 38 0 0 0 0 0 0 0 0 0 -1.798 100 26 -0.492934 100 15 0 0 0 0 0 0 0 0
10200 -253.787 -3.63078 100 45 0 0 0 0 0 0 0 0 0 -1.56442 100 26 -0.924316 100 24 0 0 0 0 0 0 0 0
10300 -250.298 -2.05228 100 47 0 0 0 0 0 0 0 0 0 -1.74804 100 25 -0.587377 100 30 0 0 0 0 0 0 0 0
10400 -251.635 -2.11201 100 49 0 0 0 0 0 0 0 0 0 -2.13405 100 19 0.00792014 100 28 0 0 0 0 0 0 0 0
10500 -251 -0.741943 100 46 0 0 0 0 0 0 0 0 0 -1.89998 100 23 -0.412331 100 29 0 0 0 0 0 0 0 0
10600 -252.601 -0.483255 100 38 0 0 0 0 0 0 0 0 0 -1.78066 100 26 -0.555598 100 28 0 0 0 0 0 0 0 0
10700 -250.089 -1.3397 100 43 0 0 0 0 0 0 0 0 0 -1.91047 100 22 -0.288837 100 22 0 0 0 0 0 0 0 0
10800 -250.044 -1.51254 100 54 0 0 0 0 0 0 0 0 0 -1.80678 100 21 -0.47526 100 24 0 0 0 0 0 0 0 0
10900 -250.382 -1.09772 100 46 0 0 0 0 0 0 0 0 0 -1.96554 100 24 -0.406155 100 21 0 0 0 0 0 0 0 0
11000 -250.251 -1.30129 100 46 0 0 0 0 0 0 0 0 0 -1.79986 100 22 -0.421026 100 25 0 0 0 0 0 0 0 0
11100 -250.525 -2.2307 100 52 0 0 0 0 0 0 0 0 0 -1.87887 100 31 -0.597832 100 24 0 0 0 0 0 0 0 0
11200 -251.563 -2.13447 100 41 0 0 0 0 0 0 0 0 0 -2.14713 100 27 -0.135434 100 24 0 0 0 0 0 0 0 0
11300 -253.406 -0.386433 100 38 0 0 0 0 0 0 0 0 0 -2.27255 100 22 -0.105827 100 19 0 0 0 0 0 0 0 0
11400 -251.071 -1.4005 100 50 0 0 0 0 0 0 0 0 0 -1.72925 100 30 -0.83117 100 27 0 0 0 0 0 0 0 0
11500 -250.734 -1.23801 100 38 0 0 0 0 0 0 0 0 0 -1.97659 100 24 -0.563373 100 21 0 0 0 0 0 0 0 0
11600 -250.267 -1.27192 100 41 0 0 0 0 0 0 0 0 0 -2.00166 100 24 -0.286633 100 18 0 0 0 0 0 0 0 0
11700 -251.555 -1.47162 100 39 0 0 0 0 0 0 0 0 0 -2.19463 100 25 -0.0467711 100 23 0 0 0 0 0 0 0 0
11800 -251.63 -0.524501 100 43 0 0 0 0 0 0 0 0 0 -2.00541 100 25 -0.230396 100 22 0 0 0 0 0 0 0 0
11900 -252.354 -0.811119 100 44 0 0 0 0 0 0 0 0 0 -2.2291 100 23 -0.219375 100 21 0 0 0 0 0 0 0 0
12000 -252.739 -2.79688 100 51 0 0 0 0 0 0 0 0 0 -1.98827 100 23 -0.742968 100 21 0 0 0 0 0 0 0 0
12100 -254.027 -4.24821 100 46 0 0 0 0 0 0 0 0 0 -1.61625 100 21 -0.670323 100 28 0 0 0 0 0 0 0 0
12200 -251.037 -1.75828 100 33 0 0 0 0 0 0 0 0 0 -2.02356 100 25 -0.552643 100 22 0 0 0 0 0 0 0 0
12300 -250.021 -1.80031 100 56 0 0 0 0 0 0 0 0 0 -1.84836 100 27 -0.344702 100 23 0 0 0 0 0 0 0 0
12400 -250.484 -1.5179 100 47 0 0 0 0 0 0 0 0 0 -1.79254 100 20 -0.713083 100 27 0 0 0 0 0 0 0 0
12500 -250.166 -2.07326 100 50 0 0 0 0 0 0 0 0 0 -1.91305 100 23 -0.418429 100 33 0 0 0 0 0 0 0 0
12600 -254.933 -1.08516 100 42 0 0 0 0 0 0 0 0 0 -2.45161 100 22 0.339368 100 27 0 0 0 0 0 0 0 0
12700 -250.557 -1.84564 100 54 0 0 0 0 0 0 0 0 0 -1.94565 100 22 -0.108524 100 24 0 0 0 0 0 0 0 0
12800 -252.202 -2.39026 100 46 0 0 0 0 0 0 0 0 0 -2.1008 100 18 -0.491852 100 23 0 0 0 0 0 0 0 0
12900 -250.399 -2.17072 100 45 0 0 0 0 0 0 0 0 0 -1.83304 100 25 -0.621515 100 21 0 0 0 0 0 0 0 0
13000 -250.798 -1.49118 100 47 0 0 0 0 0 0 0 0 0 -1.71191 100 18 -0.762334 100 17 0 0 0 0 0 0 0 0
13100 -251.645 -2.58741 100 43 0 0 0 0 0 0 0 0 0 -1.60305 100 33 -0.695014 100 20 0 0 0 0 0 0 0 0
13200 -250.157 -2.02719 100 50 0 0 0 0 0 0 0 0 0 -1.78211 100 24 -0.464798 100 21 0 0 0 0 0 0 0 0
13300 -249.998 -1.77741 100 39 0 0 0 0 0 0 0 0 0 -1.89897 100 27 -0.319421 100 20 0 0 0 0 0 0 0 0
13400 -250.698 -2.40964 100 40 0 0 0 0 0 0 0 0 0 -1.81622 100 30 -0.663194 100 24 0 0 0 0 0 0 0 0
13500 -250.77 -1.09296 100 47 0 0 0 0 0 0 0 0 0 -1.80909 100 25 -0.288784 100 25 0 0 0 0 0 0 0 0
13600 -252.153 -2.1058 100 49 0 0 0 0 0 0 0 0 0 -2.19386 100 31 -0.227782 100 20 0 0 0 0 0 0 0 0
13700 -251.469 -3.00258 100 42 0 0 0 0 0 0 0 0 0 -1.70038 100 25 -0.638591 100 29 0 0 0 0 0 0 0 0
13800 -253.107 -3.68399 100 36 0 0 0 0 0 0 0 0 0 -1.70698 100 22 -0.860364 100 22 0 0 0 0 0 0 0 0
13900 -251.566 -1.24169 100 42 0 0 0 0 0 0 0 0 0 -1.64099 100 26 -0.50904 100 26 0 0 0 0 0 0 0 0
14000 -251.027 -1.64215 100 58 0 0 0 0 0 0 0 0 0 -2.01897 100 30 -0.569759 100 18 0 0 0 0 0 0 0 0
14100 -251.108 -1.89218 100 46 0 0 0 0 0 0 0 0 0 -2.00858 100 30 -0.584061 100 22 0 0 0 0 0 0 0 0
14200 -254.596 0.0508802 100 41 0 0 0 0 0 0 0 0 0 -2.16813 100 27 -0.107195 100 21 0 0 0 0 0 0 0 0
14300 -251.374 -2.46895 100 48 0 0 0 0 0 0 0 0 0 -1.64494 100 15 -0.484336 100 18 0 0 0 0 0 0 0 0
14400 -251.034 -2.58334 100 50 0 0 0 0 0 0 0 0 0 -1.95216 100 22 -0.501993 100 30 0 0 0 0 0 0 0 0
14500 -251.548 -0.865209 100 45 0 0 0 0 0 0 0 0 0 -1.72203 100 20 -0.585819 100 16 0 0 0 0 0 0 0 0
14600 -252.402 -2.44922 100 43 0 0 0 0 0 0 0 0 0 -1.6705 100 18 -1.05135 100 30 0 0 0 0 0 0 0 0
14700 -250.547 -2.20027 100 49 0 0 0 0 0 0 0 0 0 -1.71051 100 20 -0.612104 100 26 0 0 0 0 0 0 0 0
14800 -250.101 -2.01687 100 39 0 0 0 0 0 0 0 0 0 -1.83727 100 18 -0.521644 100 23 0 0 0 0 0 0 0 0
14900 -254.898 -4.55104 100 42 0 0 0 0 0 0 0 0 0 -1.5902 100 26 -0.588728 100 34 0 0 0 0 0 0 0 0
15000 -251.013 -1.03287 100 44 0 0 0 0 0 0 0 0 0 -1.84552 100 25 -0.188925 100 21 0 0 0 0 0 0 0 0
15100 -250.037 -1.37893 100 40 0 0 0 0 0 0 0 0 0 -1.85897 100 18 -0.374316 100 25 0 0 0 0 0 0 0 0
15200 -250.088 -2.05333 100 40 0 0 0 0 0 0 0 0 0 -1.83081 100 24 -0.413029 100 24 0 0 0 0 0 0 0 0
15300 -252.925 -2.57975 100 43 0 0 0 0 0 0 0 0 0 -2.22157 100 31 -0.00862243 100 30 0 0 0 0 0 0 0 0
15400 -252.209 -1.85572 100 48 0 0 0 0 0 0 0 0 0 -2.19362 100 24 0.136853 100 27 0 0 0 0 0 0 0 0
15500 -250.848 -1.85211 100 37 0 0 0 0 0 0 0 0 0 -1.69177 100 24 -0.793158 100 27 0 0 0 0 0 0 0 0
15600 -250.946 -0.901016 100 38 0 0 0 0 0 0 0 0 0 -1.90705 100 19 -0.177587 100 23 0 0 0 0 0 0 0 0
15700 -251.845 -0.730363 100 37 0 0 0 0 0 0 0 0 0 -1.90919 100 27 -0.0733018 100 26 0 0 0 0 0 0 0 0
15800 -252.001 -2.34242 100 56 0 0 0 0 0 0 0 0 0 -1.68766 100 21 -1.00011 100 25 0 0 0 0 0 0 0 0
15900 -251.354 -1.22889 100 39 0 0 0 0 0 0 0 0 0 -1.68454 100 22 -0.403425 100 31 0 0 0 0 0 0 0 0
16000 -251.197 -1.02846 100 49 0 0 0 0 0 0 0 0 0 -2.11646 100 24 -0.0246588 100 18 0 0 0 0 0 0 0 0
16100 -252.223 -2.24307 100 40 0 0 0 0 0 0 0 0 0 -1.82965 100 30 -0.979621 100 27 0 0 0 0 0 0 0 0
16200 -252.321 -2.50703 100 52 0 0 0 0 0 0 0 0 0 -2.0156 100 19 -0.686442 100 20 0 0 0 0 0 0 0 0
16300 -250.4 -2.11511 100 55 0 0 0 0 0 0 0 0 0 -1.83258 100 24 -0.636798 100 23 0 0 0 0 0 0 0 0
16400 -250.08 -1.39352 100 35 0 0 0 0 0 0 0 0 0 -1.95815 100 28 -0.318013 100 27 0 0 0 0 0 0 0 0
16500 -250.546 -1.91386 100 41 0 0 0 0 0 0 0 0 0 -1.82379 100 28 -0.718085 100 24 0 0 0 0 0 0 0 0
16600 -250.658 -2.56535 100 36 0 0 0 0 0 0 0 0 0 -1.85127 100 29 -0.317226 100 29 0 0 0 0 0 0 0 0
16700 -252.767 -3.84872 100 41 0 0 0 0 0 0 0 0 0 -1.7809 100 23 -0.340385 100 11 0 0 0 0 0 0 0 0
16800 -254.962 -0.772155 100 47 0 0 0 0 0 0 0 0 0 -1.57237 100 26 -1.11327 100 26 0 0 0 0 0 0 0 0
16900 -252.027 -2.26957 100 43 0 0 0 0 0 0 0 0 0 -2.17528 100 22 -0.0393343 100 20 0 0 0 0 0 0 0 0
17000 -251.247 -1.74911 100 49 0 0 0 0 0 0 0 0 0 -1.62974 100 21 -0.814213 100 20 0 0 0 0 0 0 0 0
17100 -251.116 -2.62788 100 45 0 0 0 0 0 0 0 0 0 -1.70276 100 23 -0.44402 100 25 0 0 0 0 0 0 0 0
17200 -250.773 -1.07837 100 45 0 0 0 0 0 0 0 0 0 -1.75946 100 18 -0.459665 100 23 0 0 0 0 0 0 0 0
17300 -251.038 -2.55851 100 46 0 0 0 0 0 0 0 0 0 -1.67974 100 21 -0.655659 100 26 0 0 0 0 0 0 0 0
17400 -250.661 -1.58503 100 44 0 0 0 0 0 0 0 0 0 -1.70529 100 21 -0.723144 100 26 0 0 0 0 0 0 0 0
17500 -250.635 -1.72277 100 56 0 0 0 0 0 0 0 0 0 -1.83407 100 24 -0.176335 100 22 0 0 0 0 0 0 0 0
17600 -250.422 -2.17137 100 37 0 0 0 0 0 0 0 0 0 -1.97347 100 17 -0.290461 100 24 0 0 0 0 0 0 0 0
17700 -250.855 -1.32344 100 45 0 0 0 0 0 0 0 0 0 -1.73839 100 21 -0.757135 100 23 0 0 0 0 0 0 0 0
17800 -252.098 -1.22023 100 44 0 0 0 0 0 0 0 0 0 -2.23807 100 23 0.0846166 100 30 0 0 0 0 0 0 0 0
17900 -251.761 -2.35609 100 37 0 0 0 0 0 0 0 0 0 -1.84666 100 28 -0.876558 100 27 0 0 0 0 0 0 0 0
18000 -250.513 -2.51945 100 46 0 0 0 0 0 0 0 0 0 -1.83068 100 18 -0.500078 100 22 0 0 0 0 0 0 0 0
18100 -253.704 -3.46891 100 49 0 0 0 0 0 0 0 0 0 -1.99353 100 31 -0.715761 100 23 0 0 0 0 0 0 0 0
18200 -252.768 -1.03934 100 46 0 0 0 0 0 0 0 0 0 -1.57947 100 18 -0.58714 100 19 0 0 0 0 0 0 0 0
18300 -252.59 -0.936224 100 33 0 0 0 0 0 0 0 0 0 -1.62918 100 22 -0.471341 100 19 0 0 0 0 0 0 0 0
18400 -250.538 -1.2163 100 43 0 0 0 0 0 0 0 0 0 -1.94585 100 24 -0.131398 100 18 0 0 0 0 0 0 0 0
18500 -251.535 -1.03678 100 36 0 0 0 0 0 0 0 0 0 -1.69193 100 28 -0.744502 100 27 0 0 0 0 0 0 0 0
18600 -250.678 -0.981777 100 42 0 0 0 0 0 0 0 0 0 -1.96219 100 27 -0.164061 100 18 0 0 0 0 0 0 0 0
18700 -250.636 -2.56187 100 54 0 0 0 0 0 0 0 0 0 -1.80725 100 25 -0.378971 100 20 0 0 0 0 0 0 0 0
18800 -251.401 -1.60745 100 45 0 0 0 0 0 0 0 0 0 -2.13546 100 30 -0.353558 100 29 0 0 0 0 0 0 0 0
18900 -252.879 -1.03138 100 38 0 0 0 0 0 0 0 0 0 -1.94268 100 19 -0.93558 100 19 0 0 0 0 0 0 0 0
19000 -252.791 -1.88762 100 46 0 0 0 0 0 0 0 0 0 -1.5359 100 25 -1.04575 100 14 0 0 0 0 0 0 0 0
19100 -250.668 -0.949045 100 50 0 0 0 0 0 0 0 0 0 -2.00006 100 20 -0.186143 100 29 0 0 0 0 0 0 0 0
19200 -250.558 -2.53109 100 48 0 0 0 0 0 0 0 0 0 -1.87634 100 33 -0.346653 100 23 0 0 0 0 0 0 0 0
19300 -250.03 -1.8036 100 39 0 0 0 0 0 0 0 0 0 -1.83925 100 19 -0.532583 100 20 0 0 0 0 0 0 0 0
19400 -250.086 -1.35542 100 48 0 0 0 0 0 0 0 0 0 -1.86129 100 25 -0.501149 100 21 0 0 0 0 0 0 0 0
19500 -252.238 -1.37645 100 52 0 0 0 0 0 0 0 0 0 -1.95123 100 18 -0.88075 100 31 0 0 0 0 0 0 0 0
19600 -250.097 -1.31652 100 47 0 0 0 0 0 0 0 0 0 -1.87732 100 23 -0.326631 100 15 0 0 0 0 0 0 0 0
19700 -252.33 -2.73267 100 47 0 0 0 0 0 0 0 0 0 -2.02398 100 22 0.063389 100 19 0 0 0 0 0 0 0 0
19800 -255.718 -2.58293 100 43 0 0 0 0 0 0 0 0 0 -1.54629 100 27 -1.4487 100 26 0 0 0 0 0 0 0 0
19900 -251.308 -1.54928 100 50 0 0 0 0 0 0 0 0 0 -2.14749 100 36 0.00524523 100 26 0 0 0 0 0 0 0 0
20000 -254.996 -1.71023 100 38 0 0 0 0 0 0 0 0 0 -2.44255 100 24 0.0384924 100 19 0 0 0 0 0 0 0 0
20100 -254.772 -2.48083 100 45 0 0 0 0 0 0 0 0 0 -2.33004 100 19 -0.236279 100 20 0 0 0 0 0 0 0 0
20200 -253.305 -3.57014 100 43 0 0 0 0 0 0 0 0 0 -2.06492 100 31 -0.412659 100 24 0 0 0 0 0 0 0 0
20300 -250.917 -1.35344 100 49 0 0 0 0 0 0 0 0 0 -2.08119 100 19 -0.0210704 100 18 0 0 0 0 0 0 0 0
20400 -251.341 -1.71362 100 48 0 0 0 0 0 0 0 0 0 -1.71666 100 29 -0.922469 100 20 0 0 0 0 0 0 0 0
20500 -252.718 -0.367444 100 44 0 0 0 0 0 0 0 0 0 -1.84403 100 25 -0.455225 100 17 0 0 0 0 0 0 0 0
20600 -249.996 -1.91536 100 37 0 0 0 0 0 0 0 0 0 -1.87429 100 25 -0.408614 100 17 0 0 0 0 0 0 0 0
20700 -252.011 -1.47829 100 37 0 0 0 0 0 0 0 0 0 -2.21916 100 16 -0.228073 100 18 0 0 0 0 0 0 0 0
20800 -250.559 -1.32911 100 37 0 0 0 0 0 0 0 0 0 -2.0545 100 25 -0.131197 100 20 0 0 0 0 0 0 0 0
20900 -250.896 -1.73704 100 56 0 0 0 0 0 0 0 0 0 -1.70635 100 18 -0.818655 100 21 0 0 0 0 0 0 0 0
21000 -250.092 -1.4806 100 39 0 0 0 0 0 0 0 0 0 -1.89217 100 19 -0.264969 100 25 0 0 0 0 0 0 0 0
21100 -250.077 -1.66736 100 46 0 0 0 0 0 0 0 0 0 -1.79384 100 25 -0.419657 100 23 0 0 0 0 0 0 0 0
21200 -251.987 -0.833512 100 46 0 0 0 0 0 0 0 0 0 -1.75996 100 27 -0.25742 100 21 0 0 0 0 0 0 0 0
21300 -251.093 -0.837719 100 42 0 0 0 0 0 0 0 0 0 -1.80001 100 35 -0.518837 100 20 0 0 0 0 0 0 0 0
21400 -250.032 -1.58791 100 45 0 0 0 0 0 0 0 0 0 -1.9217 100 17 -0.274101 100 17 0 0 0 0 0 0 0 0
21500 -250.086 -1.86605 100 42 0 0 0 0 0 0 0 0 0 -1.94079 100 31 -0.361507 100 22 0 0 0 0 0 0 0 0
21600 -251.788 -1.91846 100 47 0 0 0 0 0 0 0 0 0 -1.64719 100 29 -0.983619 100 32 0 0 0 0 0 0 0 0
21700 -252.081 -2.9256 100 42 0 0 0 0 0 0 0 0 0 -1.5981 100 19 -0.650338 100 23 0 0 0 0 0 0 0 0
21800 -252.25 -3.3529 100 40 0 0 0 0 0 0 0 0 0 -1.77714 100 19 -0.261534 100 14 0 0 0 0 0 0 0 0
21900 -250.802 -2.74928 100 46 0 0 0 0 0 0 0 0 0 -1.87341 100 23 -0.42128 100 20 0 0 0 0 0 0 0 0
22000 -253.507 -4.36751 100 40 0 0 0 0 0 0 0 0 0 -1.85694 100 21 -0.482282 100 19 0 0 0 0 0 0 0 0
22100 -252.21 -1.50188 100 51 0 0 0 0 0 0 0 0 0 -1.66203 100 22 -0.246874 100 23 0 0 0 0 0 0 0 0
22200 -250.625 -1.67905 100 43 0 0 0 0 0 0 0 0 0 -1.95841 100 21 -0.590485 100 22 0 0 0 0 0 0 0 0
22300 -252.801 -3.17067 100 42 0 0 0 0 0 0 0 0 0 -1.97126 100 23 -0.686382 100 23 0 0 0 0 0 0 0 0
22400 -252.462 -1.27438 100 47 0 0 0 0 0 0 0 0 0 -1.80245 100 24 -1.03718 100 18 0 0 0 0 0 0 0 0
22500 -252.981 -0.529103 100 37 0 0 0 0 0 0 0 0 0 -1.92034 100 27 0.0106312 100 20 0 0 0 0 0 0 0 0
22600 -251.297 -0.743581 100 39 0 0 0 0 0 0 0 0 0 -1.8502 100 24 -0.292397 100 27 0 0 0 0 0 0 0 0
22700 -250.992 -1.41682 100 51 0 0 0 0 0 0 0 0 0 -1.6868 100 20 -0.76858 100 18 0 0 0 0 0 0 0 0
22800 -251.67 -2.82927 100 42 0 0 0 0 0 0 0 0 0 -1.67225 100 34 -0.802522 100 27 0 0 0 0 0 0 0 0
22900 -252.989 -2.03147 100 41 0 0 0 0 0 0 0 0 0 -1.90336 100 33 0.154399 100 23 0 0 0 0 0 0 0 0
23000 -255.491 -3.75383 100 48 0 0 0 0 0 0 0 0 0 -2.23708 100 22 -0.278939 100 18 0 0 0 0 0 0 0 0
23100 -250.203 -1.24666 100 51 0 0 0 0 0 0 0 0 0 -1.97488 100 28 -0.327401 100 15 0 0 0 0 0 0 0 0
23200 -252.068 -1.0081 100 49 0 0 0 0 0 0 0 0 0 -1.88404 100 22 -0.872112 100 29 0 0 0 0 0 0 0 0
23300 -251.655 -2.71285 100 41 0 0 0 0 0 0 0 0 0 -2.0416 100 27 -0.0855488 100 34 0 0 0 0 0 0 0 0
23400 -250.432 -1.93488 100 44 0 0 0 0 0 0 0 0 0 -1.75396 100 29 -0.366949 100 18 0 0 0 0 0 0 0 0
23500 -251.285 -2.45976 100 45 0 0 0 0 0 0 0 0 0 -1.64613 100 30 -0.51202 100 20 0 0 0 0 0 0 0 0
23600 -252.975 -0.307993 100 49 0 0 0 0 0 0 0 0 0 -1.86455 100 15 -0.335458 100 21 0 0 0 0 0 0 0 0
23700 -251.731 -1.47538 100 48 0 0 0 0 0 0 0 0 0 -1.6011 100 26 -0.839723 100 26 0 0 0 0 0 0 0 0
23800 -250.409 -1.80095 100 40 0 0 0 0 0 0 0 0 0 -1.71128 100 24 -0.614325 100 23 0 0 0 0 0 0 0 0
23900 -251.006 -1.40765 100 36 0 0 0 0 0 0 0 0 0 -2.13488 100 23 -0.145852 100 24 0 0 0 0 0 0 0 0
24000 -250.283 -1.66255 100 39 0 0 0 0 0 0 0 0 0 -1.85751 100 26 -0.633761 100 26 0 0 0 0 0 0 0 0
24100 -251.563 -2.33969 100 43 0 0 0 0 0 0 0 0 0 -1.65001 100 32 -0.388781 100 28 0 0 0 0 0 0 0 0
24200 -250.435 -2.26168 100 37 0 0 0 0 0 0 0 0 0 -1.86399 100 15 -0.574668 100 17 0 0 0 0 0 0 0 0
24300 -251.524 -2.1704 100 51 0 0 0 0 0 0 0 0 0 -2.1315 100 23 -0.237403 100 21 0 0 0 0 0 0 0 0
24400 -255.309 -4.42079 100 39 0 0 0 0 0 0 0 0 0 -2.09677 100 29 -0.432684 100 19 0 0 0 0 0 0 0 0
24500 -251.327 -1.56426 100 40 0 0 0 0 0 0 0 0 0 -1.68024 100 23 -0.336314 100 21 0 0 0 0 0 0 0 0
24600 -250.18 -1.82855 100 40 0 0 0 0 0 0 0 0 0 -1.90681 100 21 -0.526174 100 20 0 0 0 0 0 0 0 0
24700 -252.171 -1.88417 100 46 0 0 0 0 0 0 0 0 0 -2.11252 100 27 0.176732 100 29 0 0 0 0 0 0 0 0
24800 -252.642 -1.57419 100 49 0 0 0 0 0 0 0 0 0 -1.56427 100 19 -0.431436 100 22 0 0 0 0 0 0 0 0
24900 -250.517 -1.51423 100 39 0 0 0 0 0 0 0 0 0 -1.73874 100 20 -0.697855 100 23 0 0 0 0 0 0 0 0
25000 -250.573 -1.27718 100 49 0 0 0 0 0 0 0 0 0 -2.02651 100 17 -0.415931 100 29 0 0 0 0 0 0 0 0
25100 -250.555 -2.06789 100 45 0 0 0 0 0 0 0 0 0 -1.91721 100 29 -0.590023 100 25 0 0 0 0 0 0 0 0
25200 -250.703 -2.292 100 43 0 0 0 0 0 0 0 0 0 -1.7323 100 30 -0.709186 100 23 0 0 0 0 0 0 0 0
25300 -252.447 -3.56585 100 38 0 0 0 0 0 0 0 0 0 -1.67785 100 28 -0.659432 100 32 0 0 0 0 0 0 0 0
25400 -250.122 -1.81041 100 46 0 0 0 0 0 0 0 0 0 -1.93724 100 29 -0.438511 100 18 0 0 0 0 0 0 0 0
25500 -253.435 -2.20434 100 42 0 0 0 0 0 0 0 0 0 -1.65118 100 16 -0.131107 100 18 0 0 0 0 0 0 0 0
25600 -251.239 -2.89215 100 43 0 0 0 0 0 0 0 0 0 -1.80262 100 26 -0.308995 100 21 0 0 0 0 0 0 0 0
25700 -256.477 -1.28037 100 39 0 0 0 0 0 0 0 0 0 -1.75456 100 22 -1.50507 100 22 0 0 0 0 0 0 0 0
25800 -250.929 -1.13347 100 44 0 0 0 0 0 0 0 0 0 -1.94082 100 21 -0.067373 100 22 0 0 0 0 0 0 0 0
25900 -252.433 -1.72041 100 48 0 0 0 0 0 0 0 0 0 -1.51841 100 25 -0.716102 100 23 0 0 0 0 0 0 0 0
26000 -251.245 -0.827845 100 33 0 0 0 0 0 0 0 0 0 -1.92789 100 30 -0.118835 100 22 0 0 0 0 0 0 0 0
26100 -251.301 -2.38894 100 53 0 0 0 0 0 0 0 0 0 -1.63599 100 28 -0.524748 100 16 0 0 0 0 0 0 0 0
26200 -251.399 -2.12595 100 57 0 0 0 0 0 0 0 0 0 -1.98064 100 27 -0.662031 100 17 0 0 0 0 0 0 0 0
26300 -250.632 -2.53136 100 42 0 0 0 0 0 0 0 0 0 -1.91936 100 19 -0.32148 100 26 0 0 0 0 0 0 0 0
26400 -251.145 -1.50518 100 37 0 0 0 0 0 0 0 0 0 -1.6969 100 16 -0.85005 100 19 0 0 0 0 0 0 0 0
26500 -250.883 -1.749 100 46 0 0 0 0 0 0 0 0 0 -1.92849 100 19 -0.691688 100 19 0 0 0 0 0 0 0 0
26600 -250.445 -2.00517 100 40 0 0 0 0 0 0 0 0 0 -1.78013 100 24 -0.695696 100 24 0 0 0 0 0 0 0 0
26700 -250.965 -1.04581 100 50 0 0 0 0 0 0 0 0 0 -1.82332 100 24 -0.701358 100 27 0 0 0 0 0 0 0 0
26800 -250.748 -2.54617 100 38 0 0 0 0 0 0 0 0 0 -1.75367 100 19 -0.633583 100 23 0 0 0 0 0 0 0 0
26900 -254.986 -0.388519 100 44 0 0 0 0 0 0 0 0 0 -2.26064 100 24 0.403357 100 27 0 0 0 0 0 0 0 0
27000 -251.246 -2.76728 100 45 0 0 0 0 0 0 0 0 0 -1.89282 100 13 -0.609395 100 22 0 0 0 0 0 0 0 0
27100 -251.607 -2.93663 100 47 0 0 0 0 0 0 0 0 0 -1.79977 100 26 -0.234931 100 31 0 0 0 0 0 0 0 0
27200 -250.554 -2.52339 100 42 0 0 0 0 0 0 0 0 0 -1.78617 100 18 -0.524203 100 18 0 0 0 0 0 0 0 0
27300 -250.26 -1.23585 100 42 0 0 0 0 0 0 0 0 0 -1.99228 100 26 -0.269288 100 25 0 0 0 0 0 0 0 0
27400 -251.162 -1.39863 100 44 0 0 0 0 0 0 0 0 0 -1.69632 100 24 -0.358172 100 26 0 0 0 0 0 0 0 0
27500 -250.062 -1.71488 100 46 0 0 0 0 0 0 0 0 0 -1.86532 100 27 -0.294311 100 27 0 0 0 0 0 0 0 0
27600 -253.129 -0.34537 100 42 0 0 0 0 0 0 0 0 0 -2.14593 100 19 0.0993495 100 26 0 0 0 0 0 0 0 0
27700 -250.104 -1.71657 100 43 0 0 0 0 0 0 0 0 0 -1.77979 100 23 -0.557074 100 22 0 0 0 0 0 0 0 0
27800 -251.033 -1.19783 100 49 0 0 0 0 0 0 0 0 0 -2.13302 100 19 -0.171286 100 23 0 0 0 0 0 0 0 0
27900 -251.48 -2.24171 100 51 0 0 0 0 0 0 0 0 0 -1.74958 100 23 -0.91259 100 20 0 0 0 0 0 0 0 0
28000 -250.496 -1.75703 100 40 0 0 0 0 0 0 0 0 0 -1.91675 100 20 -0.128329 100 21 0 0 0 0 0 0 0 0
28100 -252.16 -1.28872 100 38 0 0 0 0 0 0 0 0 0 -1.57474 100 25 -0.648426 100 21 0 0 0 0 0 0 0 0
28200 -253.704 -1.2334 100 52 0 0 0 0 0 0 0 0 0 -2.38253 100 26 0.0796566 100 15 0 0 0 0 0 0 0 0
28300 -250.285 -2.12155 100 50 0 0 0 0 0 0 0 0 0 -1.84432 100 26 -0.298374 100 20 0 0 0 0 0 0 0 0
28400 -250.68 -2.43304 100 45 0 0 0 0 0 0 0 0 0 -1.96817 100 24 -0.28578 100 16 0 0 0 0 0 0 0 0
28500 -252.848 -0.606667 100 45 0 0 0 0 0 0 0 0 0 -1.86662 100 24 -0.0437205 100 33 0 0 0 0 0 0 0 0
28600 -253.322 -1.02898 100 50 0 0 0 0 0 0 0 0 0 -2.17571 100 13 -0.613058 100 19 0 0 0 0 0 0 0 0
28700 -251.293 -2.14838 100 43 0 0 0 0 0 0 0 0 0 -1.96796 100 24 -0.660251 100 20 0 0 0 0 0 0 0 0
28800 -250.768 -1.32722 100 54 0 0 0 0 0 0 0 0 0 -1.7733 100 18 -0.281699 100 16 0 0 0 0 0 0 0 0
28900 -250.543 -2.34151 100 43 0 0 0 0 0 0 0 0 0 -1.7341 100 17 -0.589284 100 22 0 0 0 0 0 0 0 0
29000 -251.436 -0.710067 100 40 0 0 0 0 0 0 0 0 0 -1.88096 100 36 -0.595941 100 18 0 0 0 0 0 0 0 0
29100 -251.932 -1.61839 100 41 0 0 0 0 0 0 0 0 0 -2.12033 100 22 0.162979 100 19 0 0 0 0 0 0 0 0
29200 -252.428 -1.27466 100 44 0 0 0 0 0 0 0 0 0 -1.57495 100 27 -0.531447 100 18 0 0 0 0 0 0 0 0
29300 -251.555 -2.11112 100 39 0 0 0 0 0 0 0 0 0 -2.14479 100 28 -0.204072 100 18 0 0 0 0 0 0 0 0
29400 -250.253 -1.79745 100 44 0 0 0 0 0 0 0 0 0 -1.80377 100 28 -0.648806 100 15 0 0 0 0 0 0 0 0
29500 -252.186 -1.63142 100 35 0 0 0 0 0 0 0 0 0 -1.96246 100 23 0.142566 100 30 0 0 0 0 0 0 0 0
29600 -250.636 -0.953586 100 45 0 0 0 0 0 0 0 0 0 -2.01716 100 30 -0.240084 100 27 0 0 0 0 0 0 0 0
29700 -252.74 -2.12622 100 43 0 0 0 0 0 0 0 0 0 -2.23173 100 22 0.136465 100 21 0 0 0 0 0 0 0 0
29800 -251.111 -2.20396 100 47 0 0 0 0 0 0 0 0 0 -1.99749 100 25 -0.548833 100 23 0 0 0 0 0 0 0 0
29900 -250.881 -2.26081 100 48 0 0 0 0 0 0 0 0 0 -1.99768 100 23 -0.112848 100 28 0 0 0 0 0 0 0 0
30000 -252.075 -1.39819 100 51 0 0 0 0 0 0 0 0 0 -1.60256 100 17 -0.451075 100 38 0 0 0 0 0 0 0 0
30100 -251.001 -2.46638 100 34 0 0 0 0 0 0 0 0 0 -1.72677 100 19 -0.75686 100 27 0 0 0 0 0 0 0 0
30200 -250.492 -0.997484 100 44 0 0 0 0 0 0 0 0 0 -1.86762 100 23 -0.470043 100 16 0 0 0 0 0 0 0 0
30300 -252.946 -3.00298 100 35 0 0 0 0 0 0 0 0 0 -1.62059 100 26 -1.01875 100 16 0 0 0 0 0 0 0 0
30400 -252.497 -2.94284 100 40 0 0 0 0 0 0 0 0 0 -2.11006 100 34 -0.31881 100 20 0 0 0 0 0 0 0 0
30500 -250.315 -1.63256 100 37 0 0 0 0 0 0 0 0 0 -1.79407 100 29 -0.671165 100 24 0 0 0 0 0 0 0 0
30600 -250.404 -1.89274 100 55 0 0 0 0 0 0 0 0 0 -1.80194 100 24 -0.279525 100 18 0 0 0 0 0 0 0 0
30700 -250.117 -1.2333 100 53 0 0 0 0 0 0 0 0 0 -1.90913 100 29 -0.34632 100 23 0 0 0 0 0 0 0 0
30800 -250.55 -1.812 100 43 0 0 0 0 0 0 0 0 0 -1.98973 100 24 -0.492347 100 18 0 0 0 0 0 0 0 0
30900 -250.67 -2.21309 100 45 0 0 0 0 0 0 0 0 0 -1.70901 100 22 -0.454958 100 15 0 0 0 0 0 0 0 0
31000 -251.458 -2.35487 100 43 0 0 0 0 0 0 0 0 0 -1.95044 100 25 -0.682989 100 21 0 0 0 0 0 0 0 0
31100 -252.805 -2.97939 100 44 0 0 0 0 0 0 0 0 0 -2.15386 100 22 -0.0815393 100 26 0 0 0 0 0 0 0 0
31200 -250.105 -1.27243 100 50 0 0 0 0 0 0 0 0 0 -1.90801 100 28 -0.316152 100 32 0 0 0 0 0 0 0 0
31300 -251.124 -0.913718 100 55 0 0 0 0 0 0 0 0 0 -2.08798 100 17 -0.323528 100 33 0 0 0 0 0 0 0 0
31400 -251.12 -1.14297 100 49 0 0 0 0 0 0 0 0 0 -1.70662 100 29 -0.702694 100 20 0 0 0 0 0 0 0 0
31500 -251.404 -1.44415 100 42 0 0 0 0 0 0 0 0 0 -2.03248 100 20 -0.623295 100 16 0 0 0 0 0 0 0 0
31600 -251.331 -2.19665 100 43 0 0 0 0 0 0 0 0 0 -1.69387 100 31 -0.889621 100 29 0 0 0 0 0 0 0 0
31700 -251.402 -1.18252 100 46 0 0 0 0 0 0 0 0 0 -2.1778 100 25 -0.0707722 100 26 0 0 0 0 0 0 0 0
31800 -250.543 -1.27053 100 45 0 0 0 0 0 0 0 0 0 -1.74203 100 25 -0.504276 100 25 0 0 0 0 0 0 0 0
31900 -250.229 -1.60634 100 45 0 0 0 0 0 0 0 0 0 -1.79061 100 23 -0.634998 100 26 0 0 0 0 0 0 0 0
32000 -252.508 -3.61399 100 50 0 0 0 0 0 0 0 0 0 -1.97359 100 25 -0.355031 100 31 0 0 0 0 0 0 0 0
32100 -250.856 -2.17919 100 43 0 0 0 0 0 0 0 0 0 -1.65836 100 31 -0.631492 100 22 0 0 0 0 0 0 0 0
32200 -251.202 -0.799214 100 44 0 0 0 0 0 0 0 0 0 -1.80575 100 24 -0.407159 100 24 0 0 0 0 0 0 0 0
32300 -249.99 -1.43552 100 48 0 0 0 0 0 0 0 0 0 -1.8799 100 20 -0.445402 100 24 0 0 0 0 0 0 0 0
32400 -250.387 -1.77324 100 42 0 0 0 0 0 0 0 0 0 -1.81631 100 18 -0.254888 100 27 0 0 0 0 0 0 0 0
32500 -250.206 -2.17213 100 46 0 0 0 0 0 0 0 0 0 -1.90339 100 21 -0.363501 100 26 0 0 0 0 0 0 0 0
32600 -251.973 -0.686576 100 45 0 0 0 0 0 0 0 0 0 -1.88113 100 26 -0.716837 100 30 0 0 0 0 0 0 0 0
32700 -252.534 -3.55852 100 52 0 0 0 0 0 0 0 0 0 -1.92343 100 21 -0.568464 100 21 0 0 0 0 0 0 0 0
32800 -250.823 -2.03697 100 50 0 0 0 0 0 0 0 0 0 -1.97901 100 26 -0.0693849 100 29 0 0 0 0 0 0 0 0
32900 -250.667 -1.30721 100 39 0 0 0 0 0 0 0 0 0 -1.97389 100 22 -0.561544 100 30 0 0 0 0 0 0 0 0
33000 -252.039 -3.5044 100 37 0 0 0 0 0 0 0 0 0 -1.89524 100 25 -0.448903 100 22 0 0 0 0 0 0 0 0
33100 -250.503 -2.12557 100 46 0 0 0 0 0 0 0 0 0 -1.71348 100 32 -0.507257 100 29 0 0 0 0 0 0 0 0
33200 -251.664 -0.710345 100 48 0 0 0 0 0 0 0 0 0 -2.135 100 29 -0.0476264 100 21 0 0 0 0 0 0 0 0
33300 -251.756 -3.00295 100 41 0 0 0 0 0 0 0 0 0 -1.66682 100 27 -0.737258 100 21 0 0 0 0 0 0 0 0
33400 -252.164 -2.10612 100 41 0 0 0 0 0 0 0 0 0 -1.67296 100 27 -0.220954 100 17 0 0 0 0 0 0 0 0
33500 -250.442 -2.03712 100 46 0 0 0 0 0 0 0 0 0 -1.81347 100 22 -0.269489 100 24 0 0 0 0 0 0 0 0
33600 -251.025 -0.830042 100 37 0 0 0 0 0 0 0 0 0 -1.98203 100 20 -0.128798 100 23 0 0 0 0 0 0 0 0
33700 -251.913 -0.596032 100 41 0 0 0 0 0 0 0 0 0 -2.14133 100 27 -0.0621145 100 28 0 0 0 0 0 0 0 0
33800 -252.204 -3.48837 100 45 0 0 0 0 0 0 0 0 0 -1.84101 100 29 -0.636763 100 22 0 0 0 0 0 0 0 0
33900 -251.703 -1.66985 100 40 0 0 0 0 0 0 0 0 0 -1.96887 100 26 0.0935686 100 15 0 0 0 0 0 0 0 0
34000 -250.677 -2.6043 100 39 0 0 0 0 0 0 0 0 0 -1.80223 100 12 -0.392839 100 20 0 0 0 0 0 0 0 0
34100 -251.281 -1.88626 100 53 0 0 0 0 0 0 0 0 0 -1.62465 100 25 -0.821753 100 26 0 0 0 0 0 0 0 0
34200 -253.265 -0.509434 100 36 0 0 0 0 0 0 0 0 0 -2.21663 100 13 0.209938 100 14 0 0 0 0 0 0 0 0
34300 -251.894 -2.42154 100 47 0 0 0 0 0 0 0 0 0 -2.10609 100 15 0.0232737 100 20 0 0 0 0 0 0 0 0
34400 -250.88 -1.03155 100 53 0 0 0 0 0 0 0 0 0 -1.77812 100 26 -0.371625 100 26 0 0 0 0 0 0 0 0
34500 -252.593 -1.03345 100 37 0 0 0 0 0 0 0 0 0 -1.95527 100 28 -0.883195 100 26 0 0 0 0 0 0 0 0
34600 -251.691 -0.596708 100 39 0 0 0 0 0 0 0 0 0 -1.87538 100 23 -0.269974 100 23 0 0 0 0 0 0 0 0
34700 -250.889 -0.969232 100 52 0 0 0 0 0 0 0 0 0 -2.04486 100 21 -0.384464 100 26 0 0 0 0 0 0 0 0
34800 -251.021 -2.0509 100 47 0 0 0 0 0 0 0 0 0 -1.68813 100 27 -0.37456 100 24 0 0 0 0 0 0 0 0
34900 -251.34 -2.64121 100 52 0 0 0 0 0 0 0 0 0 -1.64615 100 20 -0.601114 100 21 0 0 0 0 0 0 0 0
35000 -250.113 -1.90859 100 38 0 0 0 0 0 0 0 0 0 -1.9424 100 22 -0.317633 100 21 0 0 0 0 0 0 0 0
35100 -251.234 -1.92245 100 48 0 0 0 0 0 0 0 0 0 -1.86331 100 22 -0.825074 100 26 0 0 0 0 0 0 0 0
35200 -250.763 -1.223 100 47 0 0 0 0 0 0 0 0 0 -1.72489 100 25 -0.479081 100 16 0 0 0 0 0 0 0 0
35300 -252.118 -1.03073 100 44 0 0 0 0 0 0 0 0 0 -2.06434 100 27 0.16297 100 21 0 0 0 0 0 0 0 0
35400 -250.708 -1.41856 100 49 0 0 0 0 0 0 0 0 0 -1.77094 100 31 -0.757044 100 28 0 0 0 0 0 0 0 0
35500 -250.711 -0.914923 100 40 0 0 0 0 0 0 0 0 0 -2.00911 100 21 -0.344196 100 24 0 0 0 0 0 0 0 0
35600 -252.192 -1.65048 100 45 0 0 0 0 0 0 0 0 0 -2.18579 100 27 0.17166 100 28 0 0 0 0 0 0 0 0
35700 -250.629 -1.48137 100 40 0 0 0 0 0 0 0 0 0 -1.78837 100 21 -0.748029 100 23 0 0 0 0 0 0 0 0
35800 -253.317 -1.3393 100 45 0 0 0 0 0 0 0 0 0 -1.73486 100 20 -1.18341 100 28 0 0 0 0 0 0 0 0
35900 -250.659 -2.57368 100 40 0 0 0 0 0 0 0 0 0 -1.88651 100 25 -0.309038 100 14 0 0 0 0 0 0 0 0
36000 -252.265 -3.62553 100 41 0 0 0 0 0 0 0 0 0 -1.89866 100 19 -0.310963 100 29 0 0 0 0 0 0 0 0
36100 -254.187 -4.54966 100 51 0 0 0 0 0 0 0 0 0 -1.76608 100 16 -0.722747 100 17 0 0 0 0 0 0 0 0
36200 -250.211 -1.33366 100 38 0 0 0 0 0 0 0 0 0 -1.93739 100 21 -0.215192 100 22 0 0 0 0 0 0 0 0
36300 -251.12 -2.69198 100 30 0 0 0 0 0 0 0 0 0 -1.95008 100 22 -0.18344 100 32 0 0 0 0 0 0 0 0
36400 -251.187 -2.96013 100 52 0 0 0 0 0 0 0 0 0 -1.85307 100 29 -0.546112 100 30 0 0 0 0 0 0 0 0
36500 -250.856 -1.54884 100 46 0 0 0 0 0 0 0 0 0 -2.0561 100 24 -0.0205706 100 16 0 0 0 0 0 0 0 0
36600 -250.738 -1.11927 100 39 0 0 0 0 0 0 0 0 0 -1.88586 100 29 -0.163426 100 23 0 0 0 0 0 0 0 0
36700 -250.157 -2.05476 100 39 0 0 0 0 0 0 0 0 0 -1.82335 100 30 -0.366571 100 18 0 0 0 0 0 0 0 0
36800 -250.262 -1.17255 100 46 0 0 0 0 0 0 0 0 0 -1.83723 100 26 -0.466546 100 24 0 0 0 0 0 0 0 0
36900 -250.172 -1.36575 100 42 0 0 0 0 0 0 0 0 0 -1.96055 100 12 -0.227292 100 19 0 0 0 0 0 0 0 0
37000 -250.175 -1.6031 100 47 0 0 0 0 0 0 0 0 0 -1.77146 100 16 -0.435214 100 17 0 0 0 0 0 0 0 0
37100 -251.99 -2.43347 100 35 0 0 0 0 0 0 0 0 0 -2.141 100 28 -0.264701 100 29 0 0 0 0 0 0 0 0
37200 -251.916 -3.086 100 53 0 0 0 0 0 0 0 0 0 -1.959 100 26 -0.118831 100 22 0 0 0 0 0 0 0 0
37300 -250.844 -2.60469 100 47 0 0 0 0 0 0 0 0 0 -1.817 100 24 -0.29815 100 25 0 0 0 0 0 0 0 0
37400 -250.5 -2.49136 100 43 0 0 0 0 0 0 0 0 0 -1.84122 100 28 -0.509358 100 28 0 0 0 0 0 0 0 0
37500 -250.137 -1.66243 100 44 0 0 0 0 0 0 0 0 0 -1.824 100 22 -0.600558 100 25 0 0 0 0 0 0 0 0
37600 -250.564 -1.73283 100 43 0 0 0 0 0 0 0 0 0 -2.04985 100 21 -0.144351 100 18 0 0 0 0 0 0 0 0
37700 -250.152 -1.2376 100 46 0 0 0 0 0 0 0 0 0 -1.9241 100 27 -0.421519 100 19 0 0 0 0 0 0 0 0
37800 -253.221 -0.611518 100 47 0 0 0 0 0 0 0 0 0 -1.67035 100 18 -0.741461 100 27 0 0 0 0 0 0 0 0
37900 -256.782 -1.47699 100 43 0 0 0 0 0 0 0 0 0 -2.15416 100 26 0.589145 100 30 0 0 0 0 0 0 0 0
38000 -250.973 -1.9751 100 43 0 0 0 0 0 0 0 0 0 -1.82959 100 18 -0.136148 100 24 0 0 0 0 0 0 0 0
38100 -252.033 -3.27218 100 44 0 0 0 0 0 0 0 0 0 -1.66482 100 20 -0.614318 100 18 0 0 0 0 0 0 0 0
38200 -253.808 -1.05703 100 38 0 0 0 0 0 0 0 0 0 -1.5104 100 22 -0.874522 100 18 0 0 0 0 0 0 0 0
38300 -250.193 -1.82021 100 44 0 0 0 0 0 0 0 0 0 -1.76684 100 21 -0.427604 100 26 0 0 0 0 0 0 0 0
38400 -250.257 -2.2566 100 45 0 0 0 0 0 0 0 0 0 -1.81596 100 28 -0.509162 100 22 0 0 0 0 0 0 0 0
38500 -251.45 -0.851709 100 53 0 0 0 0 0 0 0 0 0 -1.75429 100 21 -0.648871 100 27 0 0 0 0 0 0 0 0
38600 -251.82 -1.80447 100 39 0 0 0 0 0 0 0 0 0 -1.72069 100 17 -1.00879 100 21 0 0 0 0 0 0 0 0
38700 -251.987 -3.12903 100 45 0 0 0 0 0 0 0 0 0 -1.99006 100 25 -0.458355 100 36 0 0 0 0 0 0 0 0
38800 -253.549 -2.37589 100 47 0 0 0 0 0 0 0 0 0 -2.12421 100 29 -0.671458 100 15 0 0 0 0 0 0 0 0
38900 -251.808 -1.04228 100 43 0 0 0 0 0 0 0 0 0 -1.92511 100 19 0.0328486 100 26 0 0 0 0 0 0 0 0
39000 -250.762 -1.99796 100 37 0 0 0 0 0 0 0 0 0 -1.88972 100 21 -0.694041 100 18 0 0 0 0 0 0 0 0
39100 -251.988 -2.85706 100 46 0 0 0 0 0 0 0 0 0 -1.84124 100 26 -0.816379 100 25 0 0 0 0 0 0 0 0
39200 -250.916 -1.29747 100 48 0 0 0 0 0 0 0 0 0 -2.05113 100 23 -0.467159 100 18 0 0 0 0 0 0 0 0
39300 -254.945 -1.83602 100 48 0 0 0 0 0 0 0 0 0 -2.43912 100 27 0.16649 100 31 0 0 0 0 0 0 0 0
39400 -250.262 -1.37388 100 44 0 0 0 0 0 0 0 0 0 -1.82984 100 26 -0.303908 100 19 0 0 0 0 0 0 0 0
39500 -251.769 -2.90829 100 33 0 0 0 0 0 0 0 0 0 -1.66223 100 29 -0.789041 100 25 0 0 0 0 0 0 0 0
39600 -250.582 -1.64886 100 42 0 0 0 0 0 0 0 0 0 -1.75497 100 29 -0.316788 100 27 0 0 0 0 0 0 0 0
39700 -250.272 -1.40778 100 42 0 0 0 0 0 0 0 0 0 -1.99857 100 27 -0.192759 100 32 0 0 0 0 0 0 0 0
39800 -250.448 -1.69912 100 49 0 0 0 0 0 0 0 0 0 -1.98851 100 21 -0.476152 100 20 0 0 0 0 0 0 0 0
39900 -251.988 -3.24386 100 45 0 0 0 0 0 0 0 0 0 -1.95147 100 24 -0.170055 100 29 0 0 0 0 0 0 0 0
40000 -251.113 -0.960542 100 42 0 0 0 0 0 0 0 0 0 -1.87508 100 27 -0.681815 100 25 0 0 0 0 0 0 0 0
40100 -250.328 -2.03092 100 43 0 0 0 0 0 0 0 0 0 -1.78845 100 20 -0.344551 100 19 0 0 0 0 0 0 0 0
40200 -251.841 -0.641731 100 39 0 0 0 0 0 0 0 0 0 -2.15431 100 25 -0.103438 100 24 0 0 0 0 0 0 0 0
40300 -253.765 -2.17224 100 47 0 0 0 0 0 0 0 0 0 -1.45976 100 29 -1.0717 100 23 0 0 0 0 0 0 0 0
40400 -250.22 -1.41044 100 48 0 0 0 0 0 0 0 0 0 -1.89915 100 19 -0.552032 100 31 0 0 0 0 0 0 0 0
40500 -250.24 -2.2439 100 40 0 0 0 0 0 0 0 0 0 -1.83878 100 30 -0.386575 100 24 0 0 0 0 0 0 0 0
40600 -250.895 -2.16357 100 48 0 0 0 0 0 0 0 0 0 -2.0099 100 28 -0.467688 100 21 0 0 0 0 0 0 0 0
40700 -251.469 -0.730664 100 42 0 0 0 0 0 0 0 0 0 -2.09689 100 27 -0.0603293 100 28 0 0 0 0 0 0 0 0
40800 -252.284 -3.27663 100 52 0 0 0 0 0 0 0 0 0 -2.03202 100 13 -0.306682 100 22 0 0 0 0 0 0 0 0
40900 -251.456 -2.9592 100 38 0 0 0 0 0 0 0 0 0 -1.70823 100 23 -0.689972 100 24 0 0 0 0 0 0 0 0
41000 -253.219 -3.08975 100 46 0 0 0 0 0 0 0 0 0 -1.70696 100 21 -0.159095 100 25 0 0 0 0 0 0 0 0
41100 -250.335 -1.64189 100 32 0 0 0 0 0 0 0 0 0 -1.74128 100 22 -0.441913 100 27 0 0 0 0 0 0 0 0
41200 -250.592 -2.1172 100 40 0 0 0 0 0 0 0 0 0 -1.73871 100 20 -0.716845 100 22 0 0 0 0 0 0 0 0
41300 -254.217 -1.07519 100 45 0 0 0 0 0 0 0 0 0 -2.26186 100 19 -0.543162 100 22 0 0 0 0 0 0 0 0
41400 -250.073 -1.35646 100 36 0 0 0 0 0 0 0 0 0 -1.85517 100 28 -0.360957 100 22 0 0 0 0 0 0 0 0
41500 -249.969 -1.58166 100 37 0 0 0 0 0 0 0 0 0 -1.84507 100 29 -0.387205 100 21 0 0 0 0 0 0 0 0
41600 -250.462 -1.27745 100 52 0 0 0 0 0 0 0 0 0 -1.84417 100 24 -0.242916 100 14 0 0 0 0 0 0 0 0
41700 -253.176 -1.20023 100 45 0 0 0 0 0 0 0 0 0 -2.16799 100 22 -0.621855 100 19 0 0 0 0 0 0 0 0
41800 -250.06 -1.64647 100 45 0 0 0 0 0 0 0 0 0 -1.84133 100 19 -0.325309 100 18 0 0 0 0 0 0 0 0
41900 -252.251 -3.10976 100 42 0 0 0 0 0 0 0 0 0 -2.04535 100 23 -0.0941125 100 27 0 0 0 0 0 0 0 0
42000 -250.557 -1.75931 100 48 0 0 0 0 0 0 0 0 0 -1.68664 100 20 -0.580776 100 19 0 0 0 0 0 0 0 0
42100 -251.063 -1.86669 100 38 0 0 0 0 0 0 0 0 0 -1.93127 100 22 -0.0242231 100 25 0 0 0 0 0 0 0 0
42200 -254.172 -4.73261 100 46 0 0 0 0 0 0 0 0 0 -1.81822 100 21 -0.401917 100 21 0 0 0 0 0 0 0 0
42300 -252.546 -0.31444 100 46 0 0 0 0 0 0 0 0 0 -2.0437 100 26 -0.339153 100 25 0 0 0 0 0 0 0 0
42400 -250.296 -2.22995 100 42 0 0 0 0 0 0 0 0 0 -1.90301 100 22 -0.309622 100 28 0 0 0 0 0 0 0 0
42500 -251.194 -1.10567 100 48 0 0 0 0 0 0 0 0 0 -1.84187 100 24 -0.773234 100 28 0 0 0 0 0 0 0 0
42600 -250.96 -1.66385 100 44 0 0 0 0 0 0 0 0 0 -2.11905 100 25 -0.198933 100 23 0 0 0 0 0 0 0 0
42700 -250.495 -2.43256 100 39 0 0 0 0 0 0 0 0 0 -1.83598 100 26 -0.554628 100 26 0 0 0 0 0 0 0 0
42800 -252.436 -0.647361 100 45 0 0 0 0 0 0 0 0 0 -1.76511 100 24 -0.762054 100 18 0 0 0 0 0 0 0 0
42900 -250.904 -2.23758 100 41 0 0 0 0 0 0 0 0 0 -1.69311 100 29 -0.421497 100 20 0 0 0 0 0 0 0 0
43000 -251.464 -0.850653 100 47 0 0 0 0 0 0 0 0 0 -1.88624 100 24 -0.701846 100 24 0 0 0 0 0 0 0 0
43100 -251.559 -1.39579 100 45 0 0 0 0 0 0 0 0 0 -1.60663 100 22 -0.68985 100 21 0 0 0 0 0 0 0 0
43200 -250.815 -1.61741 100 49 0 0 0 0 0 0 0 0 0 -2.00624 100 18 -0.548563 100 18 0 0 0 0 0 0 0 0
43300 -251.252 -2.72446 100 42 0 0 0 0 0 0 0 0 0 -2.00612 100 32 -0.311711 100 24 0 0 0 0 0 0 0 0
43400 -253.157 -3.35313 100 46 0 0 0 0 0 0 0 0 0 -1.77934 100 20 -0.945152 100 31 0 0 0 0 0 0 0 0
43500 -254.349 -2.37223 100 46 0 0 0 0 0 0 0 0 0 -1.95085 100 23 -1.08362 100 22 0 0 0 0 0 0 0 0
43600 -256.116 -0.825192 100 46 0 0 0 0 0 0 0 0 0 -1.82106 100 25 -1.34899 100 23 0 0 0 0 0 0 0 0
43700 -253.83 -0.0591775 100 45 0 0 0 0 0 0 0 0 0 -2.06691 100 15 -0.279341 100 28 0 0 0 0 0 0 0 0
43800 -251.9 -1.27793 100 28 0 0 0 0 0 0 0 0 0 -2.00409 100 29 -0.748685 100 28 0 0 0 0 0 0 0 0
43900 -252.349 -3.68332 100 47 0 0 0 0 0 0 0 0 0 -1.78328 100 21 -0.608223 100 24 0 0 0 0 0 0 0 0
44000 -252.79 -3.68217 100 45 0 0 0 0 0 0 0 0 0 -1.77891 100 29 -0.764172 100 19 0 0 0 0 0 0 0 0
44100 -250.651 -2.59598 100 40 0 0 0 0 0 0 0 0 0 -1.7792 100 30 -0.469834 100 23 0 0 0 0 0 0 0 0
44200 -250.256 -1.64549 100 37 0 0 0 0 0 0 0 0 0 -1.97874 100 32 -0.428606 100 21 0 0 0 0 0 0 0 0
44300 -252.035 -1.15228 100 52 0 0 0 0 0 0 0 0 0 -2.23074 100 24 0.0761969 100 28 0 0 0 0 0 0 0 0
44400 -251.208 -1.34071 100 45 0 0 0 0 0 0 0 0 0 -2.11849 100 19 -0.364204 100 23 0 0 0 0 0 0 0 0
44500 -251.113 -2.45452 100 37 0 0 0 0 0 0 0 0 0 -1.78615 100 24 -0.232299 100 19 0 0 0 0 0 0 0 0
44600 -252.572 -0.821312 100 49 0 0 0 0 0 0 0 0 0 -1.99643 100 20 -0.777266 100 20 0 0 0 0 0 0 0 0
44700 -250.258 -1.39992 100 46 0 0 0 0 0 0 0 0 0 -1.87774 100 33 -0.58541 100 22 0 0 0 0 0 0 0 0
44800 -250.567 -1.75977 100 45 0 0 0 0 0 0 0 0 0 -2.00282 100 29 -0.473505 100 22 0 0 0 0 0 0 0 0
44900 -250.845 -0.847586 100 47 0 0 0 0 0 0 0 0 0 -1.96851 100 22 -0.439718 100 22 0 0 0 0 0 0 0 0
45000 -249.939 -1.65855 100 39 0 0 0 0 0 0 0 0 0 -1.89346 100 22 -0.372353 100 30 0 0 0 0 0 0 0 0
45100 -250.684 -0.94759 100 42 0 0 0 0 0 0 0 0 0 -2.02135 100 27 -0.199752 100 24 0 0 0 0 0 0 0 0
45200 -251.209 -2.08354 100 42 0 0 0 0 0 0 0 0 0 -1.66586 100 24 -0.855736 100 25 0 0 0 0 0 0 0 0
45300 -251.323 -2.39451 100 43 0 0 0 0 0 0 0 0 0 -1.95739 100 24 -0.0424099 100 22 0 0 0 0 0 0 0 0
45400 -250.053 -1.56303 100 47 0 0 0 0 0 0 0 0 0 -1.84226 100 29 -0.33382 100 25 0 0 0 0 0 0 0 0
45500 -250.489 -2.22607 100 41 0 0 0 0 0 0 0 0 0 -1.94398 100 19 -0.462331 100 17 0 0 0 0 0 0 0 0
45600 -251.319 -2.30052 100 53 0 0 0 0 0 0 0 0 0 -2.08107 100 23 -0.324481 100 23 0 0 0 0 0 0 0 0
45700 -250.407 -1.11541 100 60 0 0 0 0 0 0 0 0 0 -1.97884 100 27 -0.204118 100 22 0 0 0 0 0 0 0 0
45800 -250.274 -1.40584 100 43 0 0 0 0 0 0 0 0 0 -1.76467 100 20 -0.488138 100 18 0 0 0 0 0 0 0 0
45900 -250.767 -1.90103 100 49 0 0 0 0 0 0 0 0 0 -2.03313 100 27 -0.431084 100 22 0 0 0 0 0 0 0 0
46000 -249.983 -1.81376 100 36 0 0 0 0 0 0 0 0 0 -1.82328 100 14 -0.465089 100 20 0 0 0 0 0 0 0 0
46100 -250.193 -1.62472 100 53 0 0 0 0 0 0 0 0 0 -1.84316 100 19 -0.271411 100 23 0 0 0 0 0 0 0 0
46200 -250.688 -1.19509 100 44 0 0 0 0 0 0 0 0 0 -2.05224 100 32 -0.0943776 100 37 0 0 0 0 0 0 0 0
46300 -252.305 -2.45348 100 39 0 0 0 0 0 0 0 0 0 -1.88537 100 28 0.0377853 100 19 0 0 0 0 0 0 0 0
46400 -252.692 -1.41071 100 54 0 0 0 0 0 0 0 0 0 -2.28395 100 20 -0.158075 100 21 0 0 0 0 0 0 0 0
46500 -251.358 -1.39348 100 41 0 0 0 0 0 0 0 0 0 -1.66801 100 18 -0.396519 100 26 0 0 0 0 0 0 0 0
46600 -250.767 -0.890854 100 51 0 0 0 0 0 0 0 0 0 -1.92007 100 21 -0.227003 100 20 0 0 0 0 0 0 0 0
46700 -252.65 -3.19201 100 50 0 0 0 0 0 0 0 0 0 -2.01702 100 26 -0.549012 100 18 0 0 0 0 0 0 0 0
46800 -253.935 -3.39927 100 49 0 0 0 0 0 0 0 0 0 -1.99657 100 27 -0.766205 100 20 0 0 0 0 0 0 0 0
46900 -250.218 -1.16279 100 46 0 0 0 0 0 0 0 0 0 -1.89743 100 28 -0.320689 100 21 0 0 0 0 0 0 0 0
47000 -251.681 -1.71907 100 48 0 0 0 0 0 0 0 0 0 -1.6105 100 19 -0.907631 100 32 0 0 0 0 0 0 0 0
47100 -250.462 -2.02286 100 42 0 0 0 0 0 0 0 0 0 -1.70664 100 29 -0.577441 100 15 0 0 0 0 0 0 0 0
47200 -254.286 -0.954072 100 39 0 0 0 0 0 0 0 0 0 -2.42338 100 22 0.124633 100 27 0 0 0 0 0 0 0 0
47300 -250.056 -1.89109 100 43 0 0 0 0 0 0 0 0 0 -1.89841 100 22 -0.459456 100 22 0 0 0 0 0 0 0 0
47400 -250.862 -1.57946 100 38 0 0 0 0 0 0 0 0 0 -1.75926 100 22 -0.252317 100 24 0 0 0 0 0 0 0 0
47500 -250.891 -2.20379 100 43 0 0 0 0 0 0 0 0 0 -1.69186 100 21 -0.422167 100 23 0 0 0 0 0 0 0 0
47600 -254.813 -4.17104 100 49 0 0 0 0 0 0 0 0 0 -1.6037 100 15 -1.00467 100 16 0 0 0 0 0 0 0 0
47700 -250.231 -1.98513 100 39 0 0 0 0 0 0 0 0 0 -1.89968 100 24 -0.526171 100 15 0 0 0 0 0 0 0 0
47800 -250.806 -0.892143 100 46 0 0 0 0 0 0 0 0 0 -1.83617 100 23 -0.504061 100 19 0 0 0 0 0 0 0 0
47900 -250.555 -1.34682 100 43 0 0 0 0 0 0 0 0 0 -1.98781 100 18 -0.509825 100 20 0 0 0 0 0 0 0 0
48000 -251.86 -2.35774 100 34 0 0 0 0 0 0 0 0 0 -2.08484 100 17 0.0526901 100 18 0 0 0 0 0 0 0 0
48100 -251.026 -1.94736 100 48 0 0 0 0 0 0 0 0 0 -1.97611 100 24 -0.622747 100 19 0 0 0 0 0 0 0 0
48200 -250.494 -2.29146 100 46 0 0 0 0 0 0 0 0 0 -1.73236 100 31 -0.55544 100 26 0 0 0 0 0 0 0 0
48300 -250.419 -1.01529 100 44 0 0 0 0 0 0 0 0 0 -1.96386 100 16 -0.303887 100 29 0 0 0 0 0 0 0 0
48400 -252.799 -3.78619 100 42 0 0 0 0 0 0 0 0 0 -1.80674 100 17 -0.2656 100 29 0 0 0 0 0 0 0 0
48500 -251.151 -2.67939 100 41 0 0 0 0 0 0 0 0 0 -1.86881 100 23 -0.190638 100 20 0 0 0 0 0 0 0 0
48600 -252.766 -3.65411 100 51 0 0 0 0 0 0 0 0 0 -2.00025 100 19 -0.36697 100 21 0 0 0 0 0 0 0 0
48700 -251.53 -0.594256 100 40 0 0 0 0 0 0 0 0 0 -1.93143 100 26 -0.226554 100 24 0 0 0 0 0 0 0 0
48800 -252.253 -1.63609 100 55 0 0 0 0 0 0 0 0 0 -1.53381 100 26 -0.768535 100 23 0 0 0 0 0 0 0 0
48900 -250.367 -1.11102 100 45 0 0 0 0 0 0 0 0 0 -1.9936 100 23 -0.294173 100 24 0 0 0 0 0 0 0 0
49000 -250.929 -1.6392 100 41 0 0 0 0 0 0 0 0 0 -1.89092 100 29 -0.0660499 100 20 0 0 0 0 0 0 0 0
49100 -250.153 -1.50667 100 45 0 0 0 0 0 0 0 0 0 -1.81454 100 17 -0.59055 100 26 0 0 0 0 0 0 0 0
49200 -251.632 -1.25911 100 55 0 0 0 0 0 0 0 0 0 -2.20322 100 25 -0.133942 100 21 0 0 0 0 0 0 0 0
49300 -253.092 -2.30838 100 35 0 0 0 0 0 0 0 0 0 -2.25813 100 26 -0.148625 100 19 0 0 0 0 0 0 0 0
49400 -255.169 -1.82139 100 32 0 0 0 0 0 0 0 0 0 -2.23853 100 23 -0.69723 100 24 0 0 0 0 0 0 0 0
49500 -251.513 -1.5977 100 37 0 0 0 0 0 0 0 0 0 -2.17414 100 23 -0.227766 100 33 0 0 0 0 0 0 0 0
49600 -252.571 -1.07014 100 56 0 0 0 0 0 0 0 0 0 -2.24634 100 30 0.196532 100 19 0 0 0 0 0 0 0 0
49700 -251.658 -3.00392 100 59 0 0 0 0 0 0 0 0 0 -1.68932 100 18 -0.730918 100 21 0 0 0 0 0 0 0 0
49800 -250.261 -1.7405 100 43 0 0 0 0 0 0 0 0 0 -1.74459 100 25 -0.608452 100 27 0 0 0 0 0 0 0 0
49900 -252.381 -3.58809 100 45 0 0 0 0 0 0 0 0 0 -1.71325 100 21 -0.676455 100 20 0 0 0 0 0 0 0 0
50000 -249.992 -1.78241 100 47 0 0 0 0 0 0 0 0 0 -1.90677 100 18 -0.330649 100 16 0 0 0 0 0 0 0 0
50100 -252.146 -0.621462 100 46 0 0 0 0 0 0 0 0 0 -1.78279 100 23 -0.660928 100 25 0 0 0 0 0 0 0 0
50200 -250.563 -1.9325 100 42 0 0 0 0 0 0 0 0 0 -1.70694 100 26 -0.700223 100 17 0 0 0 0 0 0 0 0
50300 -252.255 -2.09724 100 48 0 0 0 0 0 0 0 0 0 -1.5279 100 30 -0.677267 100 30 0 0 0 0 0 0 0 0
50400 -251.734 -1.50045 100 47 0 0 0 0 0 0 0 0 0 -1.84492 100 28 -0.928358 100 26 0 0 0 0 0 0 0 0
50500 -252.583 -3.52246 100 40 0 0 0 0 0 0 0 0 0 -1.82638 100 32 -0.192649 100 18 0 0 0 0 0 0 0 0
50600 -250.229 -1.47531 100 44 0 0 0 0 0 0 0 0 0 -2.00176 100 21 -0.333843 100 23 0 0 0 0 0 0 0 0
50700 -253.146 -3.14492 100 46 0 0 0 0 0 0 0 0 0 -2.16225 100 17 -0.139403 100 17 0 0 0 0 0 0 0 0
50800 -250.485 -1.49497 100 42 0 0 0 0 0 0 0 0 0 -1.74843 100 23 -0.381661 100 21 0 0 0 0 0 0 0 0
50900 -251.007 -0.843682 100 46 0 0 0 0 0 0 0 0 0 -1.83809 100 23 -0.562134 100 18 0 0 0 0 0 0 0 0
51000 -250.854 -1.89347 100 46 0 0 0 0 0 0 0 0 0 -1.85866 100 27 -0.117936 100 23 0 0 0 0 0 0 0 0
51100 -250.603 -2.38733 100 37 0 0 0 0 0 0 0 0 0 -1.8146 100 24 -0.639267 100 26 0 0 0 0 0 0 0 0
51200 -250.853 -1.85773 100 42 0 0 0 0 0 0 0 0 0 -2.09097 100 18 -0.214377 100 23 0 0 0 0 0 0 0 0
51300 -250.922 -1.63254 100 33 0 0 0 0 0 0 0 0 0 -1.92055 100 21 -0.0429921 100 17 0 0 0 0 0 0 0 0
51400 -251.531 -3.08414 100 45 0 0 0 0 0 0 0 0 0 -1.74318 100 20 -0.672875 100 17 0 0 0 0 0 0 0 0
51500 -252.048 -2.69289 100 47 0 0 0 0 0 0 0 0 0 -1.8321 100 31 -0.0752036 100 22 0 0 0 0 0 0 0 0
51600 -251.318 -1.19722 100 46 0 0 0 0 0 0 0 0 0 -2.01479 100 25 -0.621045 100 25 0 0 0 0 0 0 0 0
51700 -250.835 -0.975221 100 41 0 0 0 0 0 0 0 0 0 -2.06393 100 21 -0.142216 100 16 0 0 0 0 0 0 0 0
51800 -251.13 -1.04413 100 50 0 0 0 0 0 0 0 0 0 -1.73894 100 23 -0.397272 100 28 0 0 0 0 0 0 0 0
51900 -250.699 -2.59077 100 47 0 0 0 0 0 0 0 0 0 -1.75938 100 28 -0.559536 100 22 0 0 0 0 0 0 0 0
52000 -254.603 -0.4005 100 43 0 0 0 0 0 0 0 0 0 -2.38185 100 22 -0.063809 100 18 0 0 0 0 0 0 0 0
52100 -250.42 -2.44636 100 37 0 0 0 0 0 0 0 0 0 -1.83256 100 23 -0.479951 100 17 0 0 0 0 0 0 0 0
52200 -250.769 -1.19853 100 43 0 0 0 0 0 0 0 0 0 -2.08754 100 25 -0.119495 100 18 0 0 0 0 0 0 0 0
52300 -250.841 -0.97123 100 34 0 0 0 0 0 0 0 0 0 -1.9033 100 27 -0.595663 100 21 0 0 0 0 0 0 0 0
52400 -251.318 -2.98357 100 54 0 0 0 0 0 0 0 0 0 -1.72642 100 27 -0.506399 100 26 0 0 0 0 0 0 0 0
52500 -252.594 -3.48059 100 55 0 0 0 0 0 0 0 0 0 -2.02535 100 20 -0.321391 100 14 0 0 0 0 0 0 0 0
52600 -250.189 -1.68035 100 44 0 0 0 0 0 0 0 0 0 -1.75252 100 25 -0.530618 100 18 0 0 0 0 0 0 0 0
52700 -250.69 -1.05875 100 40 0 0 0 0 0 0 0 0 0 -1.9205 100 25 -0.577264 100 15 0 0 0 0 0 0 0 0
52800 -252.291 -2.16877 100 50 0 0 0 0 0 0 0 0 0 -1.95452 100 25 0.117184 100 25 0 0 0 0 0 0 0 0
52900 -250.761 -2.24322 100 29 0 0 0 0 0 0 0 0 0 -1.74054 100 24 -0.346862 100 21 0 0 0 0 0 0 0 0
53000 -250.431 -2.35128 100 41 0 0 0 0 0 0 0 0 0 -1.79699 100 14 -0.582131 100 15 0 0 0 0 0 0 0 0
53100 -251.662 -3.0025 100 48 0 0 0 0 0 0 0 0 0 -1.68177 100 23 -0.720964 100 20 0 0 0 0 0 0 0 0
53200 -250.468 -1.75768 100 48 0 0 0 0 0 0 0 0 0 -2.03706 100 17 -0.183541 100 26 0 0 0 0 0 0 0 0
53300 -251.22 -3.00396 100 43 0 0 0 0 0 0 0 0 0 -1.89743 100 25 -0.421831 100 19 0 0 0 0 0 0 0 0
53400 -250.086 -1.52351 100 50 0 0 0 0 0 0 0 0 0 -1.88095 100 27 -0.532374 100 24 0 0 0 0 0 0 0 0
53500 -250.655 -0.930458 100 43 0 0 0 0 0 0 0 0 0 -1.98712 100 12 -0.382985 100 24 0 0 0 0 0 0 0 0
53600 -250.981 -2.35442 100 42 0 0 0 0 0 0 0 0 0 -2.00728 100 13 -0.434041 100 22 0 0 0 0 0 0 0 0
53700 -251.234 -1.04563 100 46 0 0 0 0 0 0 0 0 0 -2.07808 100 22 -0.442894 100 25 0 0 0 0 0 0 0 0
53800 -254.219 -0.497698 100 37 0 0 0 0 0 0 0 0 0 -2.37279 100 20 -0.0358677 100 30 0 0 0 0 0 0 0 0
53900 -251.642 -1.08946 100 46 0 0 0 0 0 0 0 0 0 -1.65515 100 30 -0.714711 100 24 0 0 0 0 0 0 0 0
54000 -250.309 -2.18632 100 46 0 0 0 0 0 0 0 0 0 -1.82794 100 28 -0.328284 100 32 0 0 0 0 0 0 0 0
54100 -251.337 -2.76013 100 42 0 0 0 0 0 0 0 0 0 -1.70353 100 24 -0.746121 100 26 0 0 0 0 0 0 0 0
54200 -251.44 -2.08675 100 51 0 0 0 0 0 0 0 0 0 -1.6182 100 27 -0.484849 100 23 0 0 0 0 0 0 0 0
54300 -250.355 -1.16605 100 42 0 0 0 0 0 0 0 0 0 -1.80923 100 24 -0.455467 100 23 0 0 0 0 0 0 0 0
54400 -250.508 -2.13382 100 44 0 0 0 0 0 0 0 0 0 -1.96407 100 19 -0.457581 100 21 0 0 0 0 0 0 0 0
54500 -250.692 -1.98727 100 47 0 0 0 0 0 0 0 0 0 -2.01385 100 23 -0.104032 100 20 0 0 0 0 0 0 0 0
54600 -251.426 -1.95226 100 47 0 0 0 0 0 0 0 0 0 -1.908 100 15 0.00380516 100 21 0 0 0 0 0 0 0 0
54700 -251.309 -1.08932 100 43 0 0 0 0 0 0 0 0 0 -1.79143 100 17 -0.803899 100 25 0 0 0 0 0 0 0 0
54800 -253.398 -0.498152 100 39 0 0 0 0 0 0 0 0 0 -1.92653 100 25 -0.827909 100 24 0 0 0 0 0 0 0 0
54900 -250.128 -1.39674 100 47 0 0 0 0 0 0 0 0 0 -1.97332 100 20 -0.275917 100 25 0 0 0 0 0 0 0 0
55000 -253.138 -1.3824 100 44 0 0 0 0 0 0 0 0 0 -1.97867 100 14 0.238469 100 22 0 0 0 0 0 0 0 0
55100 -250.608 -2.11242 100 44 0 0 0 0 0 0 0 0 0 -2.01477 100 18 -0.195074 100 25 0 0 0 0 0 0 0 0
55200 -250.077 -1.84557 100 42 0 0 0 0 0 0 0 0 0 -1.91029 100 19 -0.463949 100 25 0 0 0 0 0 0 0 0
55300 -250.745 -2.08741 100 48 0 0 0 0 0 0 0 0 0 -2.03943 100 19 -0.157588 100 26 0 0 0 0 0 0 0 0
55400 -250.384 -1.10768 100 43 0 0 0 0 0 0 0 0 0 -1.84324 100 31 -0.514947 100 24 0 0 0 0 0 0 0 0
55500 -250.58 -2.432 100 50 0 0 0 0 0 0 0 0 0 -1.93019 100 29 -0.276492 100 34 0 0 0 0 0 0 0 0
55600 -250.698 -1.64382 100 45 0 0 0 0 0 0 0 0 0 -2.08229 100 22 -0.141321 100 28 0 0 0 0 0 0 0 0
55700 -251.349 -2.48705 100 34 0 0 0 0 0 0 0 0 0 -1.7894 100 22 -0.824732 100 23 0 0 0 0 0 0 0 0
55800 -254.182 -4.39302 100 47 0 0 0 0 0 0 0 0 0 -1.63025 100 24 -0.640384 100 20 0 0 0 0 0 0 0 0
55900 -254.307 -2.76534 100 43 0 0 0 0 0 0 0 0 0 -1.56225 100 19 -1.25401 100 25 0 0 0 0 0 0 0 0
56000 -250.687 -1.38562 100 44 0 0 0 0 0 0 0 0 0 -2.00891 100 32 -0.507976 100 20 0 0 0 0 0 0 0 0
56100 -252.342 -1.90762 100 30 0 0 0 0 0 0 0 0 0 -1.55618 100 28 -0.982772 100 23 0 0 0 0 0 0 0 0
56200 -252.751 -3.61163 100 48 0 0 0 0 0 0 0 0 0 -1.65222 100 23 -0.737192 100 35 0 0 0 0 0 0 0 0
56300 -250.97 -0.754547 100 42 0 0 0 0 0 0 0 0 0 -1.99642 100 33 -0.239578 100 21 0 0 0 0 0 0 0 0
56400 -252.607 -2.30218 100 52 0 0 0 0 0 0 0 0 0 -1.88456 100 24 -0.967562 100 26 0 0 0 0 0 0 0 0
56500 -250.647 -1.63692 100 44 0 0 0 0 0 0 0 0 0 -2.0705 100 22 -0.128594 100 22 0 0 0 0 0 0 0 0
56600 -250.049 -1.90238 100 41 0 0 0 0 0 0 0 0 0 -1.81151 100 23 -0.419797 100 23 0 0 0 0 0 0 0 0
56700 -250.047 -1.74645 100 37 0 0 0 0 0 0 0 0 0 -1.93107 100 19 -0.416065 100 19 0 0 0 0 0 0 0 0
56800 -250.185 -1.56169 100 48 0 0 0 0 0 0 0 0 0 -1.9195 100 23 -0.525793 100 20 0 0 0 0 0 0 0 0
56900 -250.905 -1.11293 100 42 0 0 0 0 0 0 0 0 0 -2.06607 100 27 -0.0486024 100 17 0 0 0 0 0 0 0 0
57000 -250.412 -1.22492 100 43 0 0 0 0 0 0 0 0 0 -1.90878 100 21 -0.191928 100 22 0 0 0 0 0 0 0 0
57100 -255.457 -2.58892 100 50 0 0 0 0 0 0 0 0 0 -2.26897 100 25 0.433966 100 31 0 0 0 0 0 0 0 0
57200 -250.995 -2.49567 100 43 0 0 0 0 0 0 0 0 0 -1.68346 100 21 -0.687923 100 23 0 0 0 0 0 0 0 0
57300 -251.195 -2.06124 100 38 0 0 0 0 0 0 0 0 0 -1.6255 100 21 -0.540636 100 23 0 0 0 0 0 0 0 0
57400 -252.116 -0.828608 100 38 0 0 0 0 0 0 0 0 0 -2.22859 100 22 -0.0122735 100 27 0 0 0 0 0 0 0 0
57500 -251.371 -0.747562 100 40 0 0 0 0 0 0 0 0 0 -1.90121 100 24 -0.603784 100 20 0 0 0 0 0 0 0 0
57600 -251.796 -3.07792 100 52 0 0 0 0 0 0 0 0 0 -1.79964 100 26 -0.745095 100 22 0 0 0 0 0 0 0 0
57700 -251.72 -1.10031 100 48 0 0 0 0 0 0 0 0 0 -2.08572 100 19 -0.548033 100 22 0 0 0 0 0 0 0 0
57800 -250.586 -1.81101 100 47 0 0 0 0 0 0 0 0 0 -1.79389 100 28 -0.750836 100 16 0 0 0 0 0 0 0 0
57900 -250.699 -1.69024 100 46 0 0 0 0 0 0 0 0 0 -1.88329 100 31 -0.713402 100 20 0 0 0 0 0 0 0 0
58000 -250.721 -2.22158 100 54 0 0 0 0 0 0 0 0 0 -1.81454 100 24 -0.231272 100 23 0 0 0 0 0 0 0 0
58100 -251.15 -0.746566 100 41 0 0 0 0 0 0 0 0 0 -2.01855 100 22 -0.139164 100 24 0 0 0 0 0 0 0 0
58200 -251.818 -2.4758 100 43 0 0 0 0 0 0 0 0 0 -1.59764 100 14 -0.524533 100 20 0 0 0 0 0 0 0 0
58300 -250.471 -1.77835 100 40 0 0 0 0 0 0 0 0 0 -1.92268 100 28 -0.602467 100 30 0 0 0 0 0 0 0 0
58400 -250.594 -2.18509 100 46 0 0 0 0 0 0 0 0 0 -1.84614 100 26 -0.217537 100 12 0 0 0 0 0 0 0 0
58500 -250.34 -1.90181 100 49 0 0 0 0 0 0 0 0 0 -1.96296 100 21 -0.461945 100 15 0 0 0 0 0 0 0 0
58600 -252.848 -0.671994 100 34 0 0 0 0 0 0 0 0 0 -1.96214 100 23 -0.803839 100 19 0 0 0 0 0 0 0 0
58700 -250.291 -2.03703 100 40 0 0 0 0 0 0 0 0 0 -1.87591 100 22 -0.24637 100 27 0 0 0 0 0 0 0 0
58800 -252.975 -1.84794 100 35 0 0 0 0 0 0 0 0 0 -2.11152 100 24 0.277218 100 20 0 0 0 0 0 0 0 0
58900 -251.155 -2.26079 100 51 0 0 0 0 0 0 0 0 0 -1.96799 100 30 -0.607663 100 28 0 0 0 0 0 0 0 0
59000 -250.838 -1.76238 100 44 0 0 0 0 0 0 0 0 0 -2.07835 100 26 -0.333483 100 25 0 0 0 0 0 0 0 0
59100 -251.402 -1.76294 100 48 0 0 0 0 0 0 0 0 0 -1.8438 100 24 -0.880925 100 19 0 0 0 0 0 0 0 0
59200 -251.655 -1.08045 100 42 0 0 0 0 0 0 0 0 0 -1.75091 100 27 -0.86696 100 21 0 0 0 0 0 0 0 0
59300 -252.138 -1.28405 100 42 0 0 0 0 0 0 0 0 0 -2.24365 100 24 0.0836249 100 24 0 0 0 0 0 0 0 0
59400 -254.647 -3.1982 100 41 0 0 0 0 0 0 0 0 0 -2.2579 100 17 0.165268 100 22 0 0 0 0 0 0 0 0
59500 -250.694 -1.30209 100 38 0 0 0 0 0 0 0 0 0 -1.7702 100 22 -0.313764 100 18 0 0 0 0 0 0 0 0
59600 -252.088 -1.59842 100 47 0 0 0 0 0 0 0 0 0 -2.15033 100 16 -0.4762 100 13 0 0 0 0 0 0 0 0
59700 -251.201 -2.03089 100 44 0 0 0 0 0 0 0 0 0 -1.93158 100 28 -0.0181521 100 21 0 0 0 0 0 0 0 0
59800 -252.633 -1.10689 100 39 0 0 0 0 0 0 0 0 0 -2.27897 100 24 -0.166269 100 21 0 0 0 0 0 0 0 0
59900 -251.939 -2.47349 100 39 0 0 0 0 0 0 0 0 0 -2.11828 100 22 -0.331343 100 21 0 0 0 0 0 0 0 0
60000 -251.55 -2.29067 100 41 0 0 0 0 0 0 0 0 0 -1.63592 100 25 -0.423515 100 25 0 0 0 0 0 0 0 0
60100 -250.319 -1.47308 100 42 0 0 0 0 0 0 0 0 0 -1.96217 100 24 -0.495183 100 17 0 0 0 0 0 0 0 0
60200 -250.692 -1.10572 100 39 0 0 0 0 0 0 0 0 0 -1.82153 100 24 -0.279742 100 23 0 0 0 0 0 0 0 0
60300 -256.416 -5.34566 100 45 0 0 0 0 0 0 0 0 0 -1.85172 100 24 -0.0938152 100 27 0 0 0 0 0 0 0 0
60400 -251.447 -2.79028 100 41 0 0 0 0 0 0 0 0 0 -1.71443 100 23 -0.777647 100 29 0 0 0 0 0 0 0 0
60500 -250.321 -2.05454 100 50 0 0 0 0 0 0 0 0 0 -1.79844 100 26 -0.33341 100 25 0 0 0 0 0 0 0 0
60600 -251.253 -3.06443 100 53 0 0 0 0 0 0 0 0 0 -1.87473 100 25 -0.40709 100 21 0 0 0 0 0 0 0 0
60700 -255.106 -2.88653 100 42 0 0 0 0 0 0 0 0 0 -2.00623 100 26 0.314983 100 26 0 0 0 0 0 0 0 0
60800 -250.028 -1.70379 100 44 0 0 0 0 0 0 0 0 0 -1.7969 100 21 -0.472067 100 21 0 0 0 0 0 0 0 0
60900 -253.318 -0.193814 100 38 0 0 0 0 0 0 0 0 0 -2.14069 100 29 -0.251682 100 19 0 0 0 0 0 0 0 0
61000 -253.059 -2.14677 100 51 0 0 0 0 0 0 0 0 0 -1.47296 100 20 -0.848298 100 22 0 0 0 0 0 0 0 0
61100 -252.24 -1.11335 100 37 0 0 0 0 0 0 0 0 0 -1.60016 100 21 -0.590481 100 23 0 0 0 0 0 0 0 0
61200 -250.755 -2.111 100 45 0 0 0 0 0 0 0 0 0 -2.02851 100 25 -0.138324 100 29 0 0 0 0 0 0 0 0
61300 -250.628 -1.52798 100 45 0 0 0 0 0 0 0 0 0 -1.83 100 24 -0.738739 100 28 0 0 0 0 0 0 0 0
61400 -250.044 -1.85746 100 43 0 0 0 0 0 0 0 0 0 -1.80275 100 23 -0.517045 100 18 0 0 0 0 0 0 0 0
61500 -250.168 -1.8683 100 46 0 0 0 0 0 0 0 0 0 -1.86795 100 25 -0.568321 100 17 0 0 0 0 0 0 0 0
61600 -252.278 -0.843575 100 53 0 0 0 0 0 0 0 0 0 -1.66391 100 24 -0.719335 100 17 0 0 0 0 0 0 0 0
61700 -250.181 -1.9981 100 44 0 0 0 0 0 0 0 0 0 -1.77598 100 28 -0.445221 100 25 0 0 0 0 0 0 0 0
61800 -250.366 -1.7 100 44 0 0 0 0 0 0 0 0 0 -1.76652 100 14 -0.686758 100 19 0 0 0 0 0 0 0 0
61900 -250.866 -2.17748 100 56 0 0 0 0 0 0 0 0 0 -1.81248 100 30 -0.766165 100 18 0 0 0 0 0 0 0 0
62000 -251.27 -2.60594 100 46 0 0 0 0 0 0 0 0 0 -1.97933 100 22 -0.50525 100 20 0 0 0 0 0 0 0 0
62100 -251.296 -2.24049 100 41 0 0 0 0 0 0 0 0 0 -2.07158 100 22 -0.382849 100 21 0 0 0 0 0 0 0 0
62200 -253.203 -1.24492 100 59 0 0 0 0 0 0 0 0 0 -1.73053 100 26 -1.15436 100 23 0 0 0 0 0 0 0 0
62300 -251.469 -2.49272 100 42 0 0 0 0 0 0 0 0 0 -2.072 100 20 -0.0976685 100 11 0 0 0 0 0 0 0 0
62400 -250.648 -2.47606 100 51 0 0 0 0 0 0 0 0 0 -1.73519 100 21 -0.551751 100 15 0 0 0 0 0 0 0 0
62500 -250.679 -1.21945 100 46 0 0 0 0 0 0 0 0 0 -1.8201 100 24 -0.242856 100 23 0 0 0 0 0 0 0 0
62600 -250.438 -1.44202 100 49 0 0 0 0 0 0 0 0 0 -1.75713 100 27 -0.66521 100 24 0 0 0 0 0 0 0 0
62700 -253.394 -2.91328 100 45 0 0 0 0 0 0 0 0 0 -1.76513 100 23 -0.0351792 100 27 0 0 0 0 0 0 0 0
62800 -252.58 -2.22718 100 46 0 0 0 0 0 0 0 0 0 -2.10333 100 20 0.189337 100 26 0 0 0 0 0 0 0 0
62900 -250.755 -2.09143 100 33 0 0 0 0 0 0 0 0 0 -1.71023 100 26 -0.758638 100 29 0 0 0 0 0 0 0 0
63000 -250.227 -1.66736 100 46 0 0 0 0 0 0 0 0 0 -1.76359 100 20 -0.419489 100 24 0 0 0 0 0 0 0 0
63100 -251.109 -0.816384 100 38 0 0 0 0 0 0 0 0 0 -2.06099 100 26 -0.114753 100 21 0 0 0 0 0 0 0 0
63200 -250.584 -1.47345 100 45 0 0 0 0 0 0 0 0 0 -1.81424 100 26 -0.729832 100 23 0 0 0 0 0 0 0 0
63300 -252.014 -2.5148 100 48 0 0 0 0 0 0 0 0 0 -2.13647 100 29 -0.0458572 100 29 0 0 0 0 0 0 0 0
63400 -250.526 -2.5497 100 46 0 0 0 0 0 0 0 0 0 -1.83836 100 27 -0.450696 100 21 0 0 0 0 0 0 0 0
63500 -250.729 -2.67627 100 46 0 0 0 0 0 0 0 0 0 -1.88297 100 23 -0.433621 100 21 0 0 0 0 0 0 0 0
63600 -250.36 -2.05396 100 51 0 0 0 0 0 0 0 0 0 -1.79371 100 20 -0.65514 100 16 0 0 0 0 0 0 0 0
63700 -254.937 -1.06215 100 45 0 0 0 0 0 0 0 0 0 -1.99242 100 19 -1.11806 100 20 0 0 0 0 0 0 0 0
63800 -250.548 -1.73021 100 31 0 0 0 0 0 0 0 0 0 -1.77326 100 29 -0.746335 100 25 0 0 0 0 0 0 0 0
63900 -252.502 -3.15247 100 40 0 0 0 0 0 0 0 0 0 -1.59 100 20 -0.616335 100 21 0 0 0 0 0 0 0 0
64000 -251.344 -1.39934 100 45 0 0 0 0 0 0 0 0 0 -1.66546 100 31 -0.406625 100 24 0 0 0 0 0 0 0 0
64100 -250.154 -1.21134 100 49 0 0 0 0 0 0 0 0 0 -1.88945 100 29 -0.343388 100 29 0 0 0 0 0 0 0 0
64200 -255.558 -1.80982 100 42 0 0 0 0 0 0 0 0 0 -2.26771 100 26 -0.675357 100 26 0 0 0 0 0 0 0 0
64300 -252.065 -1.95885 100 43 0 0 0 0 0 0 0 0 0 -1.96855 100 23 -0.816011 100 25 0 0 0 0 0 0 0 0
64400 -251.046 -1.0248 100 51 0 0 0 0 0 0 0 0 0 -1.80335 100 23 -0.260879 100 24 0 0 0 0 0 0 0 0
64500 -251.393 -1.24395 100 51 0 0 0 0 0 0 0 0 0 -2.17243 100 25 -0.0232007 100 22 0 0 0 0 0 0 0 0
64600 -253.771 -2.52422 100 46 0 0 0 0 0 0 0 0 0 -2.20589 100 28 -0.461896 100 27 0 0 0 0 0 0 0 0
64700 -250.191 -1.38434 100 45 0 0 0 0 0 0 0 0 0 -1.81412 100 21 -0.571801 100 28 0 0 0 0 0 0 0 0
64800 -252.089 -1.70488 100 48 0 0 0 0 0 0 0 0 0 -2.018 100 22 -0.757626 100 23 0 0 0 0 0 0 0 0
64900 -251.182 -1.12666 100 48 0 0 0 0 0 0 0 0 0 -1.72303 100 29 -0.74883 100 22 0 0 0 0 0 0 0 0
65000 -250.516 -1.03087 100 46 0 0 0 0 0 0 0 0 0 -1.85582 100 27 -0.325914 100 21 0 0 0 0 0 0 0 0
65100 -253.033 -2.63534 100 53 0 0 0 0 0 0 0 0 0 -2.15303 100 19 0.160402 100 19 0 0 0 0 0 0 0 0
65200 -251.951 -1.15235 100 40 0 0 0 0 0 0 0 0 0 -2.21857 100 17 0.0785078 100 21 0 0 0 0 0 0 0 0
65300 -251.297 -2.05938 100 37 0 0 0 0 0 0 0 0 0 -2.09705 100 24 -0.0213706 100 22 0 0 0 0 0 0 0 0
65400 -250.232 -1.55029 100 48 0 0 0 0 0 0 0 0 0 -1.98157 100 20 -0.413821 100 17 0 0 0 0 0 0 0 0
65500 -250.412 -2.25456 100 45 0 0 0 0 0 0 0 0 0 -1.94297 100 25 -0.281153 100 21 0 0 0 0 0 0 0 0
65600 -250.591 -0.998988 100 44 0 0 0 0 0 0 0 0 0 -1.84042 100 24 -0.357207 100 23 0 0 0 0 0 0 0 0
65700 -250.937 -0.927767 100 48 0 0 0 0 0 0 0 0 0 -1.79358 100 12 -0.405253 100 24 0 0 0 0 0 0 0 0
65800 -250.159 -1.96117 100 43 0 0 0 0 0 0 0 0 0 -1.93877 100 17 -0.399943 100 20 0 0 0 0 0 0 0 0
65900 -250.234 -1.39533 100 39 0 0 0 0 0 0 0 0 0 -1.84984 100 21 -0.594687 100 24 0 0 0 0 0 0 0 0
66000 -250.264 -1.92009 100 44 0 0 0 0 0 0 0 0 0 -1.81527 100 30 -0.303335 100 24 0 0 0 0 0 0 0 0
66100 -252.632 -3.88393 100 37 0 0 0 0 0 0 0 0 0 -1.79922 100 38 -0.560127 100 35 0 0 0 0 0 0 0 0
66200 -250.059 -1.45986 100 40 0 0 0 0 0 0 0 0 0 -1.9291 100 20 -0.269001 100 29 0 0 0 0 0 0 0 0
66300 -252.589 -0.52055 100 41 0 0 0 0 0 0 0 0 0 -2.19058 100 20 0.072606 100 15 0 0 0 0 0 0 0 0
66400 -250.84 -1.31987 100 44 0 0 0 0 0 0 0 0 0 -1.71034 100 20 -0.711101 100 22 0 0 0 0 0 0 0 0
66500 -251.23 -1.46771 100 39 0 0 0 0 0 0 0 0 0 -1.83791 100 30 -0.849607 100 23 0 0 0 0 0 0 0 0
66600 -252.072 -3.41972 100 49 0 0 0 0 0 0 0 0 0 -1.70898 100 25 -0.645853 100 15 0 0 0 0 0 0 0 0
66700 -252.541 -1.55898 100 36 0 0 0 0 0 0 0 0 0 -2.28283 100 15 0.0299375 100 25 0 0 0 0 0 0 0 0
66800 -250.833 -0.987027 100 44 0 0 0 0 0 0 0 0 0 -2.07053 100 27 -0.15224 100 20 0 0 0 0 0 0 0 0
66900 -251.451 -2.44127 100 43 0 0 0 0 0 0 0 0 0 -2.08208 100 24 -0.297546 100 28 0 0 0 0 0 0 0 0
67000 -250.433 -2.43829 100 48 0 0 0 0 0 0 0 0 0 -1.82507 100 21 -0.3999 100 20 0 0 0 0 0 0 0 0
67100 -253.083 -3.0888 100 54 0 0 0 0 0 0 0 0 0 -1.6047 100 22 -1.01092 100 23 0 0 0 0 0 0 0 0
67200 -251.072 -1.86344 100 47 0 0 0 0 0 0 0 0 0 -2.03177 100 21 -0.528617 100 27 0 0 0 0 0 0 0 0
67300 -251.265 -3.06512 100 47 0 0 0 0 0 0 0 0 0 -1.78631 100 31 -0.453149 100 22 0 0 0 0 0 0 0 0
67400 -249.969 -1.74198 100 46 0 0 0 0 0 0 0 0 0 -1.8798 100 27 -0.342206 100 21 0 0 0 0 0 0 0 0
67500 -252.801 -2.96334 100 34 0 0 0 0 0 0 0 0 0 -2.09226 100 26 -0.466749 100 19 0 0 0 0 0 0 0 0
67600 -252.498 -0.910595 100 44 0 0 0 0 0 0 0 0 0 -2.02684 100 25 -0.747706 100 24 0 0 0 0 0 0 0 0
67700 -250.767 -2.41687 100 39 0 0 0 0 0 0 0 0 0 -1.96792 100 29 -0.199234 100 21 0 0 0 0 0 0 0 0
67800 -251.146 -0.802505 100 45 0 0 0 0 0 0 0 0 0 -2.04302 100 24 -0.0973661 100 25 0 0 0 0 0 0 0 0
67900 -250.223 -1.5661 100 43 0 0 0 0 0 0 0 0 0 -1.87008 100 20 -0.232067 100 23 0 0 0 0 0 0 0 0
68000 -253.46 -3.68444 100 45 0 0 0 0 0 0 0 0 0 -1.62405 100 25 -0.903928 100 18 0 0 0 0 0 0 0 0
68100 -251.03 -1.32925 100 56 0 0 0 0 0 0 0 0 0 -1.88744 100 23 -0.75664 100 21 0 0 0 0 0 0 0 0
68200 -250.672 -1.97514 100 49 0 0 0 0 0 0 0 0 0 -1.73216 100 26 -0.349204 100 23 0 0 0 0 0 0 0 0
68300 -251.873 -1.95843 100 45 0 0 0 0 0 0 0 0 0 -2.09861 100 40 0.124984 100 22 0 0 0 0 0 0 0 0
68400 -250.665 -2.08792 100 42 0 0 0 0 0 0 0 0 0 -2.00856 100 19 -0.139859 100 24 0 0 0 0 0 0 0 0
68500 -251.071 -2.51506 100 60 0 0 0 0 0 0 0 0 0 -1.71817 100 25 -0.759995 100 25 0 0 0 0 0 0 0 0
68600 -252.507 -1.41963 100 46 0 0 0 0 0 0 0 0 0 -2.26602 100 21 0.145295 100 24 0 0 0 0 0 0 0 0
68700 -250.474 -2.36152 100 39 0 0 0 0 0 0 0 0 0 -1.84998 100 29 -0.56695 100 25 0 0 0 0 0 0 0 0
68800 -250.129 -1.43305 100 46 0 0 0 0 0 0 0 0 0 -1.847 100 23 -0.559615 100 24 0 0 0 0 0 0 0 0
68900 -250.653 -2.28363 100 38 0 0 0 0 0 0 0 0 0 -1.95677 100 22 -0.477354 100 29 0 0 0 0 0 0 0 0
69000 -250.351 -1.169 100 48 0 0 0 0 0 0 0 0 0 -2.00512 100 28 -0.260208 100 20 0 0 0 0 0 0 0 0
69100 -250.129 -1.90302 100 46 0 0 0 0 0 0 0 0 0 -1.90815 100 21 -0.483836 100 24 0 0 0 0 0 0 0 0
69200 -252.498 -1.52511 100 47 0 0 0 0 0 0 0 0 0 -1.53591 100 23 -0.88943 100 22 0 0 0 0 0 0 0 0
69300 -250.189 -1.61782 100 46 0 0 0 0 0 0 0 0 0 -1.98365 100 26 -0.374708 100 20 0 0 0 0 0 0 0 0
69400 -250.46 -1.68311 100 46 0 0 0 0 0 0 0 0 0 -1.99082 100 18 -0.476608 100 29 0 0 0 0 0 0 0 0
69500 -250.416 -2.44973 100 44 0 0 0 0 0 0 0 0 0 -1.82876 100 17 -0.452341 100 25 0 0 0 0 0 0 0 0
69600 -250.593 -0.919686 100 49 0 0 0 0 0 0 0 0 0 -1.96771 100 26 -0.359942 100 19 0 0 0 0 0 0 0 0
69700 -250.551 -2.54618 100 52 0 0 0 0 0 0 0 0 0 -1.87506 100 17 -0.380611 100 14 0 0 0 0 0 0 0 0
69800 -252.585 -2.0998 100 54 0 0 0 0 0 0 0 0 0 -1.54686 100 25 -0.473162 100 31 0 0 0 0 0 0 0 0
69900 -250.467 -1.65982 100 45 0 0 0 0 0 0 0 0 0 -1.75965 100 26 -0.716874 100 35 0 0 0 0 0 0 0 0
70000 -254.319 -0.413343 100 42 0 0 0 0 0 0 0 0 0 -1.82205 100 18 -0.0423483 100 19 0 0 0 0 0 0 0 0
70100 -251.481 -2.50631 100 32 0 0 0 0 0 0 0 0 0 -2.08536 100 26 -0.207063 100 17 0 0 0 0 0 0 0 0
70200 -252.592 -2.99059 100 44 0 0 0 0 0 0 0 0 0 -1.74376 100 23 -0.163713 100 20 0 0 0 0 0 0 0 0
70300 -250.632 -2.00109 100 44 0 0 0 0 0 0 0 0 0 -2.00552 100 19 -0.436764 100 19 0 0 0 0 0 0 0 0
70400 -250.726 -1.03326 100 44 0 0 0 0 0 0 0 0 0 -1.82895 100 17 -0.618662 100 18 0 0 0 0 0 0 0 0
70500 -252.069 -1.20625 100 35 0 0 0 0 0 0 0 0 0 -1.6017 100 24 -0.805175 100 24 0 0 0 0 0 0 0 0
70600 -252.388 -2.73214 100 43 0 0 0 0 0 0 0 0 0 -2.15178 100 23 -0.150347 100 27 0 0 0 0 0 0 0 0
70700 -254.167 -3.92798 100 38 0 0 0 0 0 0 0 0 0 -1.62637 100 21 -0.975325 100 21 0 0 0 0 0 0 0 0
70800 -250.098 -1.73545 100 47 0 0 0 0 0 0 0 0 0 -1.77428 100 32 -0.519693 100 27 0 0 0 0 0 0 0 0
70900 -254.719 -0.66738 100 40 0 0 0 0 0 0 0 0 0 -1.54941 100 29 -0.823047 100 24 0 0 0 0 0 0 0 0
71000 -251.51 -2.94306 100 45 0 0 0 0 0 0 0 0 0 -1.67439 100 21 -0.634926 100 23 0 0 0 0 0 0 0 0
71100 -250.23 -1.31521 100 45 0 0 0 0 0 0 0 0 0 -1.98266 100 25 -0.222631 100 22 0 0 0 0 0 0 0 0
71200 -251.281 -1.15178 100 52 0 0 0 0 0 0 0 0 0 -1.71265 100 24 -0.369154 100 16 0 0 0 0 0 0 0 0
71300 -252.493 -0.718531 100 48 0 0 0 0 0 0 0 0 0 -2.07204 100 30 -0.617258 100 24 0 0 0 0 0 0 0 0
71400 -252.083 -1.57089 100 42 0 0 0 0 0 0 0 0 0 -2.19575 100 24 -0.336417 100 25 0 0 0 0 0 0 0 0
71500 -252.078 -3.20362 100 43 0 0 0 0 0 0 0 0 0 -1.98379 100 22 -0.13694 100 30 0 0 0 0 0 0 0 0
71600 -251.334 -3.01783 100 54 0 0 0 0 0 0 0 0 0 -1.89221 100 19 -0.273142 100 18 0 0 0 0 0 0 0 0
71700 -254.622 -1.26722 100 41 0 0 0 0 0 0 0 0 0 -2.42226 100 24 0.337166 100 23 0 0 0 0 0 0 0 0
71800 -251.225 -1.28499 100 33 0 0 0 0 0 0 0 0 0 -1.96917 100 20 0.0228134 100 21 0 0 0 0 0 0 0 0
71900 -250.847 -1.74113 100 40 0 0 0 0 0 0 0 0 0 -1.97265 100 28 -0.0309989 100 24 0 0 0 0 0 0 0 0
72000 -250.4 -1.74669 100 50 0 0 0 0 0 0 0 0 0 -2.03111 100 26 -0.265707 100 21 0 0 0 0 0 0 0 0
72100 -250.421 -1.11907 100 44 0 0 0 0 0 0 0 0 0 -1.85706 100 17 -0.552287 100 14 0 0 0 0 0 0 0 0
72200 -251.833 -1.42707 100 47 0 0 0 0 0 0 0 0 0 -1.58679 100 29 -0.600422 100 22 0 0 0 0 0 0 0 0
72300 -252.644 -1.70392 100 54 0 0 0 0 0 0 0 0 0 -1.54582 100 23 -1.01617 100 29 0 0 0 0 0 0 0 0
72400 -253.705 -4.47294 100 46 0 0 0 0 0 0 0 0 0 -1.76328 100 14 -0.51675 100 23 0 0 0 0 0 0 0 0
72500 -252.171 -1.17381 100 43 0 0 0 0 0 0 0 0 0 -2.16837 100 23 0.188984 100 21 0 0 0 0 0 0 0 0
72600 -251.369 -2.41603 100 45 0 0 0 0 0 0 0 0 0 -1.95141 100 20 -0.0404115 100 18 0 0 0 0 0 0 0 0
72700 -250.604 -2.5328 100 52 0 0 0 0 0 0 0 0 0 -1.90572 100 26 -0.328209 100 19 0 0 0 0 0 0 0 0
72800 -250.89 -0.991418 100 30 0 0 0 0 0 0 0 0 0 -1.95837 100 32 -0.101882 100 24 0 0 0 0 0 0 0 0
72900 -250.651 -1.30446 100 48 0 0 0 0 0 0 0 0 0 -1.73169 100 33 -0.658133 100 27 0 0 0 0 0 0 0 0
73000 -250.927 -1.33001 100 46 0 0 0 0 0 0 0 0 0 -1.68017 100 30 -0.548762 100 24 0 0 0 0 0 0 0 0
73100 -250.449 -2.10949 100 46 0 0 0 0 0 0 0 0 0 -1.88564 100 31 -0.596293 100 23 0 0 0 0 0 0 0 0
73200 -250.335 -1.80681 100 33 0 0 0 0 0 0 0 0 0 -1.76267 100 25 -0.672689 100 18 0 0 0 0 0 0 0 0
73300 -250.805 -2.17055 100 47 0 0 0 0 0 0 0 0 0 -1.93448 100 13 -0.107227 100 19 0 0 0 0 0 0 0 0
73400 -252.414 -2.86868 100 39 0 0 0 0 0 0 0 0 0 -1.63255 100 27 -0.952618 100 23 0 0 0 0 0 0 0 0
73500 -251.13 -1.64889 100 45 0 0 0 0 0 0 0 0 0 -1.64481 100 25 -0.486473 100 19 0 0 0 0 0 0 0 0
73600 -250.288 -1.6252 100 53 0 0 0 0 0 0 0 0 0 -2.01328 100 38 -0.216032 100 22 0 0 0 0 0 0 0 0
73700 -250.284 -1.63753 100 44 0 0 0 0 0 0 0 0 0 -1.94167 100 21 -0.16539 100 29 0 0 0 0 0 0 0 0
73800 -251.243 -2.52124 100 46 0 0 0 0 0 0 0 0 0 -1.80267 100 19 -0.199422 100 26 0 0 0 0 0 0 0 0
73900 -250.074 -1.62314 100 42 0 0 0 0 0 0 0 0 0 -1.94504 100 22 -0.417569 100 21 0 0 0 0 0 0 0 0
74000 -251.379 -2.93944 100 53 0 0 0 0 0 0 0 0 0 -1.95324 100 26 -0.228086 100 28 0 0 0 0 0 0 0 0
74100 -251.818 -0.945399 100 46 0 0 0 0 0 0 0 0 0 -1.79941 100 23 -0.155056 100 20 0 0 0 0 0 0 0 0
74200 -250.587 -1.75862 100 37 0 0 0 0 0 0 0 0 0 -1.7648 100 33 -0.756928 100 23 0 0 0 0 0 0 0 0
74300 -250.912 -1.3615 100 52 0 0 0 0 0 0 0 0 0 -1.78335 100 30 -0.795944 100 18 0 0 0 0 0 0 0 0
74400 -251.195 -3.01995 100 49 0 0 0 0 0 0 0 0 0 -1.81548 100 23 -0.396433 100 23 0 0 0 0 0 0 0 0
74500 -250.941 -2.69493 100 46 0 0 0 0 0 0 0 0 0 -1.95138 100 22 -0.354435 100 22 0 0 0 0 0 0 0 0
74600 -251.341 -1.87311 100 52 0 0 0 0 0 0 0 0 0 -1.83464 100 32 -0.873774 100 21 0 0 0 0 0 0 0 0
74700 -250.158 -2.08556 100 44 0 0 0 0 0 0 0 0 0 -1.87489 100 25 -0.491029 100 18 0 0 0 0 0 0 0 0
74800 -249.998 -1.73522 100 40 0 0 0 0 0 0 0 0 0 -1.81822 100 24 -0.415803 100 24 0 0 0 0 0 0 0 0
74900 -250.878 -1.64143 100 48 0 0 0 0 0 0 0 0 0 -2.10471 100 21 -0.25338 100 19 0 0 0 0 0 0 0 0
75000 -250.191 -1.61702 100 33 0 0 0 0 0 0 0 0 0 -1.77195 100 16 -0.419595 100 20 0 0 0 0 0 0 0 0
75100 -252.6 -3.54967 100 40 0 0 0 0 0 0 0 0 0 -2.01327 100 25 -0.262213 100 9 0 0 0 0 0 0 0 0
75200 -254.613 -2.75982 100 40 0 0 0 0 0 0 0 0 0 -1.88913 100 31 0.208188 100 28 0 0 0 0 0 0 0 0
75300 -250.627 -1.04258 100 33 0 0 0 0 0 0 0 0 0 -2.03616 100 19 -0.175633 100 16 0 0 0 0 0 0 0 0
75400 -250.614 -1.49428 100 46 0 0 0 0 0 0 0 0 0 -1.70594 100 28 -0.671765 100 25 0 0 0 0 0 0 0 0
75500 -250.449 -2.08339 100 56 0 0 0 0 0 0 0 0 0 -1.85544 100 27 -0.225879 100 20 0 0 0 0 0 0 0 0
75600 -250.08 -1.85232 100 45 0 0 0 0 0 0 0 0 0 -1.88516 100 19 -0.508505 100 20 0 0 0 0 0 0 0 0
75700 -251.771 -1.88628 100 46 0 0 0 0 0 0 0 0 0 -2.09764 100 30 0.117741 100 27 0 0 0 0 0 0 0 0
75800 -251.573 -0.801023 100 45 0 0 0 0 0 0 0 0 0 -1.74716 100 25 -0.472165 100 29 0 0 0 0 0 0 0 0
75900 -250.034 -1.90873 100 52 0 0 0 0 0 0 0 0 0 -1.85807 100 29 -0.350699 100 26 0 0 0 0 0 0 0 0
76000 -250.086 -1.42512 100 41 0 0 0 0 0 0 0 0 0 -1.80893 100 20 -0.478397 100 25 0 0 0 0 0 0 0 0
76100 -250.202 -1.63436 100 47 0 0 0 0 0 0 0 0 0 -1.79446 100 19 -0.351889 100 17 0 0 0 0 0 0 0 0
76200 -251.246 -2.39732 100 38 0 0 0 0 0 0 0 0 0 -1.64447 100 27 -0.764797 100 17 0 0 0 0 0 0 0 0
76300 -250.412 -1.71991 100 51 0 0 0 0 0 0 0 0 0 -1.82482 100 20 -0.693574 100 24 0 0 0 0 0 0 0 0
76400 -251.677 -2.29973 100 40 0 0 0 0 0 0 0 0 0 -1.6778 100 18 -0.297272 100 21 0 0 0 0 0 0 0 0
76500 -251.066 -1.81643 100 42 0 0 0 0 0 0 0 0 0 -1.64519 100 18 -0.489663 100 24 0 0 0 0 0 0 0 0
76600 -252.005 -0.513987 100 44 0 0 0 0 0 0 0 0 0 -1.85966 100 22 -0.521079 100 19 0 0 0 0 0 0 0 0
76700 -250.934 -1.27203 100 37 0 0 0 0 0 0 0 0 0 -1.7034 100 32 -0.452299 100 20 0 0 0 0 0 0 0 0
76800 -251.268 -1.44474 100 51 0 0 0 0 0 0 0 0 0 -2.02251 100 16 -0.616404 100 16 0 0 0 0 0 0 0 0
76900 -254.091 -0.271812 100 39 0 0 0 0 0 0 0 0 0 -1.92519 100 22 0.00678639 100 23 0 0 0 0 0 0 0 0
77000 -251.495 -1.9578 100 42 0 0 0 0 0 0 0 0 0 -1.8506 100 35 -0.039616 100 22 0 0 0 0 0 0 0 0
77100 -252.542 -3.83607 100 47 0 0 0 0 0 0 0 0 0 -1.87144 100 16 -0.372814 100 24 0 0 0 0 0 0 0 0
77200 -252.736 -2.99967 100 49 0 0 0 0 0 0 0 0 0 -2.02504 100 22 -0.614297 100 28 0 0 0 0 0 0 0 0
77300 -250.7 -1.47039 100 36 0 0 0 0 0 0 0 0 0 -1.94544 100 22 -0.630225 100 25 0 0 0 0 0 0 0 0
77400 -251.107 -2.24596 100 46 0 0 0 0 0 0 0 0 0 -1.86544 100 32 -0.756585 100 26 0 0 0 0 0 0 0 0
77500 -254.326 -1.37107 100 44 0 0 0 0 0 0 0 0 0 -2.42213 100 29 0.10327 100 29 0 0 0 0 0 0 0 0
77600 -251.731 -2.67379 100 37 0 0 0 0 0 0 0 0 0 -1.86349 100 18 -0.086476 100 31 0 0 0 0 0 0 0 0
77700 -251.41 -2.09928 100 42 0 0 0 0 0 0 0 0 0 -2.04057 100 29 -0.54335 100 36 0 0 0 0 0 0 0 0
77800 -252.008 -1.42201 100 42 0 0 0 0 0 0 0 0 0 -1.5829 100 26 -0.85387 100 19 0 0 0 0 0 0 0 0
77900 -252.874 -1.79723 100 49 0 0 0 0 0 0 0 0 0 -2.27323 100 20 -0.196784 100 24 0 0 0 0 0 0 0 0
78000 -251.152 -0.979733 100 49 0 0 0 0 0 0 0 0 0 -1.7312 100 17 -0.535952 100 19 0 0 0 0 0 0 0 0
78100 -250.388 -2.12726 100 53 0 0 0 0 0 0 0 0 0 -1.79636 100 22 -0.647846 100 20 0 0 0 0 0 0 0 0
78200 -250.863 -2.582 100 48 0 0 0 0 0 0 0 0 0 -1.96015 100 27 -0.390298 100 18 0 0 0 0 0 0 0 0
78300 -250.664 -1.45517 100 46 0 0 0 0 0 0 0 0 0 -1.69286 100 35 -0.592774 100 22 0 0 0 0 0 0 0 0
78400 -250.52 -1.0041 100 34 0 0 0 0 0 0 0 0 0 -1.951 100 21 -0.441898 100 26 0 0 0 0 0 0 0 0
78500 -251.469 -2.24854 100 42 0 0 0 0 0 0 0 0 0 -2.01451 100 27 0.0208947 100 27 0 0 0 0 0 0 0 0
78600 -250.331 -1.98248 100 40 0 0 0 0 0 0 0 0 0 -1.75788 100 24 -0.647349 100 29 0 0 0 0 0 0 0 0
78700 -250.071 -1.8298 100 43 0 0 0 0 0 0 0 0 0 -1.92342 100 26 -0.28301 100 21 0 0 0 0 0 0 0 0
78800 -250.175 -1.26161 100 43 0 0 0 0 0 0 0 0 0 -1.89143 100 19 -0.493549 100 22 0 0 0 0 0 0 0 0
78900 -251.681 -0.762497 100 47 0 0 0 0 0 0 0 0 0 -1.79219 100 22 -0.298556 100 23 0 0 0 0 0 0 0 0
79000 -252.227 -1.39236 100 47 0 0 0 0 0 0 0 0 0 -2.08486 100 21 0.206424 100 20 0 0 0 0 0 0 0 0
79100 -251.502 -2.60853 100 37 0 0 0 0 0 0 0 0 0 -1.6645 100 17 -0.822338 100 31 0 0 0 0 0 0 0 0
79200 -251.909 -3.16626 100 47 0 0 0 0 0 0 0 0 0 -1.71273 100 28 -0.758815 100 24 0 0 0 0 0 0 0 0
79300 -254.187 -1.60412 100 51 0 0 0 0 0 0 0 0 0 -1.59776 100 18 -1.31027 100 15 0 0 0 0 0 0 0 0
79400 -251.062 -2.46247 100 39 0 0 0 0 0 0 0 0 0 -1.76389 100 23 -0.277947 100 30 0 0 0 0 0 0 0 0
79500 -252.195 -1.7042 100 51 0 0 0 0 0 0 0 0 0 -1.96421 100 27 -0.859195 100 15 0 0 0 0 0 0 0 0
79600 -251.475 -1.1245 100 44 0 0 0 0 0 0 0 0 0 -1.74638 100 24 -0.252994 100 27 0 0 0 0 0 0 0 0
79700 -250.692 -1.1843 100 52 0 0 0 0 0 0 0 0 0 -2.05382 100 28 -0.0972993 100 20 0 0 0 0 0 0 0 0
79800 -251.165 -2.84009 100 36 0 0 0 0 0 0 0 0 0 -1.76308 100 17 -0.374912 100 20 0 0 0 0 0 0 0 0
79900 -250.639 -2.02396 100 54 0 0 0 0 0 0 0 0 0 -1.76343 100 20 -0.29892 100 21 0 0 0 0 0 0 0 0
80000 -250.705 -2.0652 100 49 0 0 0 0 0 0 0 0 0 -2.0239 100 24 -0.384161 100 14 0 0 0 0 0 0 0 0
80100 -251.304 -1.3698 100 41 0 0 0 0 0 0 0 0 0 -2.1675 100 29 -0.171128 100 25 0 0 0 0 0 0 0 0
80200 -250.639 -2.48854 100 46 0 0 0 0 0 0 0 0 0 -1.75536 100 25 -0.449607 100 15 0 0 0 0 0 0 0 0
80300 -251.786 -1.35558 100 44 0 0 0 0 0 0 0 0 0 -1.76522 100 25 -0.125814 100 21 0 0 0 0 0 0 0 0
80400 -252.344 -2.06231 100 37 0 0 0 0 0 0 0 0 0 -2.22907 100 31 -0.00856873 100 21 0 0 0 0 0 0 0 0
80500 -250.821 -1.83346 100 39 0 0 0 0 0 0 0 0 0 -1.84618 100 24 -0.769728 100 27 0 0 0 0 0 0 0 0
80600 -251.353 -0.804257 100 44 0 0 0 0 0 0 0 0 0 -1.8308 100 19 -0.260404 100 22 0 0 0 0 0 0 0 0
80700 -250.674 -2.1451 100 47 0 0 0 0 0 0 0 0 0 -1.74325 100 23 -0.346871 100 24 0 0 0 0 0 0 0 0
80800 -250.613 -1.20969 100 47 0 0 0 0 0 0 0 0 0 -1.7636 100 29 -0.401417 100 34 0 0 0 0 0 0 0 0
80900 -253.717 -2.35907 100 32 0 0 0 0 0 0 0 0 0 -2.30837 100 22 -0.0457255 100 20 0 0 0 0 0 0 0 0
81000 -250.391 -1.93245 100 53 0 0 0 0 0 0 0 0 0 -1.75455 100 24 -0.680243 100 21 0 0 0 0 0 0 0 0
81100 -250.102 -1.91066 100 48 0 0 0 0 0 0 0 0 0 -1.83842 100 21 -0.33324 100 18 0 0 0 0 0 0 0 0
81200 -251.82 -2.47304 100 53 0 0 0 0 0 0 0 0 0 -2.06917 100 30 0.0229253 100 29 0 0 0 0 0 0 0 0
81300 -252.242 -2.36924 100 45 0 0 0 0 0 0 0 0 0 -1.80207 100 24 -0.989017 100 28 0 0 0 0 0 0 0 0
81400 -249.99 -1.56613 100 41 0 0 0 0 0 0 0 0 0 -1.84526 100 25 -0.50259 100 23 0 0 0 0 0 0 0 0
81500 -252.248 -2.08132 100 37 0 0 0 0 0 0 0 0 0 -2.21944 100 23 -0.090808 100 21 0 0 0 0 0 0 0 0
81600 -250.993 -2.01183 100 44 0 0 0 0 0 0 0 0 0 -1.82582 100 26 -0.140426 100 23 0 0 0 0 0 0 0 0
81700 -251.261 -0.788788 100 32 0 0 0 0 0 0 0 0 0 -1.85948 100 20 -0.614322 100 25 0 0 0 0 0 0 0 0
81800 -251.16 -2.227 100 53 0 0 0 0 0 0 0 0 0 -1.782 100 25 -0.192704 100 22 0 0 0 0 0 0 0 0
81900 -250.396 -1.85525 100 49 0 0 0 0 0 0 0 0 0 -1.71248 100 28 -0.537472 100 22 0 0 0 0 0 0 0 0
82000 -250.33 -2.03509 100 49 0 0 0 0 0 0 0 0 0 -1.74074 100 20 -0.604193 100 23 0 0 0 0 0 0 0 0
82100 -250.547 -1.47191 100 48 0 0 0 0 0 0 0 0 0 -2.05678 100 25 -0.31842 100 28 0 0 0 0 0 0 0 0
82200 -254.796 -2.1577 100 46 0 0 0 0 0 0 0 0 0 -1.46277 100 19 -1.2821 100 27 0 0 0 0 0 0 0 0
82300 -251.087 -1.82834 100 48 0 0 0 0 0 0 0 0 0 -1.9842 100 29 -0.635277 100 29 0 0 0 0 0 0 0 0
82400 -250.861 -1.79027 100 44 0 0 0 0 0 0 0 0 0 -2.09215 100 23 -0.265162 100 25 0 0 0 0 0 0 0 0
82500 -250.656 -2.12059 100 41 0 0 0 0 0 0 0 0 0 -1.84603 100 22 -0.698224 100 19 0 0 0 0 0 0 0 0
82600 -250.817 -2.56674 100 41 0 0 0 0 0 0 0 0 0 -1.77874 100 22 -0.349986 100 20 0 0 0 0 0 0 0 0
82700 -252.798 -2.5234 100 42 0 0 0 0 0 0 0 0 0 -1.50182 100 29 -0.801145 100 20 0 0 0 0 0 0 0 0
82800 -252.654 -2.14506 100 43 0 0 0 0 0 0 0 0 0 -2.24919 100 22 -0.0229293 100 23 0 0 0 0 0 0 0 0
82900 -251.893 -3.16928 100 47 0 0 0 0 0 0 0 0 0 -1.71499 100 21 -0.389606 100 14 0 0 0 0 0 0 0 0
83000 -251.551 -3.2724 100 44 0 0 0 0 0 0 0 0 0 -1.80585 100 24 -0.447912 100 19 0 0 0 0 0 0 0 0
83100 -250.027 -1.53604 100 41 0 0 0 0 0 0 0 0 0 -1.81271 100 24 -0.437396 100 24 0 0 0 0 0 0 0 0
83200 -252.235 -3.05497 100 33 0 0 0 0 0 0 0 0 0 -2.0058 100 21 -0.0412046 100 28 0 0 0 0 0 0 0 0
83300 -250.925 -2.48262 100 44 0 0 0 0 0 0 0 0 0 -1.92305 100 24 -0.160155 100 12 0 0 0 0 0 0 0 0
83400 -252.613 -1.71557 100 44 0 0 0 0 0 0 0 0 0 -2.26441 100 27 0.131784 100 27 0 0 0 0 0 0 0 0
83500 -252.661 -0.42307 100 50 0 0 0 0 0 0 0 0 0 -1.80928 100 26 -0.48703 100 18 0 0 0 0 0 0 0 0
83600 -251.515 -0.677477 100 48 0 0 0 0 0 0 0 0 0 -2.10323 100 32 -0.110854 100 25 0 0 0 0 0 0 0 0
83700 -252.387 -3.40093 100 40 0 0 0 0 0 0 0 0 0 -1.93462 100 30 -0.581009 100 26 0 0 0 0 0 0 0 0
83800 -250.723 -2.45601 100 41 0 0 0 0 0 0 0 0 0 -1.97322 100 26 -0.301548 100 27 0 0 0 0 0 0 0 0
83900 -252.108 -1.47494 100 42 0 0 0 0 0 0 0 0 0 -2.18589 100 19 -0.384352 100 25 0 0 0 0 0 0 0 0
84000 -251.054 -2.00919 100 45 0 0 0 0 0 0 0 0 0 -1.6758 100 17 -0.829849 100 21 0 0 0 0 0 0 0 0
84100 -251.664 -1.196 100 55 0 0 0 0 0 0 0 0 0 -2.1135 100 27 0.120037 100 26 0 0 0 0 0 0 0 0
84200 -250.069 -1.71079 100 42 0 0 0 0 0 0 0 0 0 -1.92617 100 17 -0.451987 100 17 0 0 0 0 0 0 0 0
84300 -251.105 -2.50454 100 33 0 0 0 0 0 0 0 0 0 -1.96513 100 20 -0.528258 100 22 0 0 0 0 0 0 0 0
84400 -254.154 -3.47012 100 39 0 0 0 0 0 0 0 0 0 -1.62189 100 17 -1.11128 100 26 0 0 0 0 0 0 0 0
84500 -250.462 -1.99889 100 39 0 0 0 0 0 0 0 0 0 -2.01107 100 27 -0.309131 100 25 0 0 0 0 0 0 0 0
84600 -252.968 -1.23539 100 35 0 0 0 0 0 0 0 0 0 -2.23008 100 20 -0.432769 100 24 0 0 0 0 0 0 0 0
84700 -250.95 -1.52471 100 32 0 0 0 0 0 0 0 0 0 -1.82408 100 19 -0.811007 100 22 0 0 0 0 0 0 0 0
84800 -251.115 -0.876047 100 43 0 0 0 0 0 0 0 0 0 -2.02606 100 29 -0.45945 100 20 0 0 0 0 0 0 0 0
84900 -250.044 -1.63351 100 43 0 0 0 0 0 0 0 0 0 -1.84198 100 21 -0.332831 100 27 0 0 0 0 0 0 0 0
85000 -250.952 -2.48391 100 49 0 0 0 0 0 0 0 0 0 -2.0021 100 18 -0.358359 100 26 0 0 0 0 0 0 0 0
85100 -251.832 -2.42316 100 34 0 0 0 0 0 0 0 0 0 -2.13889 100 18 -0.159141 100 22 0 0 0 0 0 0 0 0
85200 -252.551 -0.853046 100 38 0 0 0 0 0 0 0 0 0 -2.25429 100 23 0.135115 100 22 0 0 0 0 0 0 0 0
85300 -250.306 -2.16444 100 49 0 0 0 0 0 0 0 0 0 -1.93745 100 20 -0.396234 100 21 0 0 0 0 0 0 0 0
85400 -251.528 -2.61635 100 50 0 0 0 0 0 0 0 0 0 -1.94669 100 20 -0.638583 100 17 0 0 0 0 0 0 0 0
85500 -251.731 -0.881358 100 47 0 0 0 0 0 0 0 0 0 -1.90958 100 26 -0.753065 100 23 0 0 0 0 0 0 0 0
85600 -250.711 -1.97825 100 52 0 0 0 0 0 0 0 0 0 -2.05303 100 20 -0.164679 100 36 0 0 0 0 0 0 0 0
85700 -250.657 -2.50904 100 39 0 0 0 0 0 0 0 0 0 -1.90705 100 34 -0.483001 100 23 0 0 0 0 0 0 0 0
85800 -251.83 -2.42235 100 49 0 0 0 0 0 0 0 0 0 -2.11448 100 28 -0.00968979 100 24 0 0 0 0 0 0 0 0
85900 -252.577 -0.59186 100 29 0 0 0 0 0 0 0 0 0 -2.23737 100 26 -0.1017 100 30 0 0 0 0 0 0 0 0
86000 -250.429 -1.73118 100 43 0 0 0 0 0 0 0 0 0 -1.84617 100 28 -0.683656 100 23 0 0 0 0 0 0 0 0
86100 -250.286 -1.98677 100 42 0 0 0 0 0 0 0 0 0 -1.95565 100 23 -0.42714 100 24 0 0 0 0 0 0 0 0
86200 -250.109 -1.96253 100 58 0 0 0 0 0 0 0 0 0 -1.78921 100 23 -0.526996 100 17 0 0 0 0 0 0 0 0
86300 -249.97 -1.67849 100 47 0 0 0 0 0 0 0 0 0 -1.84168 100 25 -0.384263 100 22 0 0 0 0 0 0 0 0
86400 -252.935 -2.94226 100 40 0 0 0 0 0 0 0 0 0 -1.79982 100 21 -0.991166 100 23 0 0 0 0 0 0 0 0
86500 -251.058 -2.72089 100 46 0 0 0 0 0 0 0 0 0 -1.86773 100 17 -0.230118 100 26 0 0 0 0 0 0 0 0
86600 -251.413 -1.0348 100 47 0 0 0 0 0 0 0 0 0 -1.72213 100 28 -0.760274 100 18 0 0 0 0 0 0 0 0
86700 -251.436 -1.11072 100 40 0 0 0 0 0 0 0 0 0 -2.17791 100 28 -0.140122 100 24 0 0 0 0 0 0 0 0
86800 -251.203 -0.767474 100 39 0 0 0 0 0 0 0 0 0 -1.86484 100 24 -0.571772 100 25 0 0 0 0 0 0 0 0
86900 -251.075 -1.98863 100 42 0 0 0 0 0 0 0 0 0 -1.63412 100 16 -0.752893 100 26 0 0 0 0 0 0 0 0
87000 -250.708 -2.0693 100 51 0 0 0 0 0 0 0 0 0 -1.82774 100 32 -0.194754 100 18 0 0 0 0 0 0 0 0
87100 -252.28 -2.23416 100 41 0 0 0 0 0 0 0 0 0 -2.0447 100 22 -0.674147 100 24 0 0 0 0 0 0 0 0
87200 -252.418 -0.643492 100 36 0 0 0 0 0 0 0 0 0 -1.72886 100 18 -0.432271 100 24 0 0 0 0 0 0 0 0
87300 -250.704 -1.81266 100 44 0 0 0 0 0 0 0 0 0 -1.94319 100 27 -0.0750724 100 15 0 0 0 0 0 0 0 0
87400 -250.686 -2.42301 100 49 0 0 0 0 0 0 0 0 0 -1.95794 100 25 -0.235412 100 22 0 0 0 0 0 0 0 0
87500 -250.152 -1.64561 100 40 0 0 0 0 0 0 0 0 0 -1.98205 100 20 -0.257484 100 17 0 0 0 0 0 0 0 0
87600 -251 -1.83201 100 48 0 0 0 0 0 0 0 0 0 -1.68166 100 18 -0.828319 100 28 0 0 0 0 0 0 0 0
87700 -253.452 -4.30813 100 40 0 0 0 0 0 0 0 0 0 -1.85265 100 18 -0.327003 100 21 0 0 0 0 0 0 0 0
87800 -251.096 -2.28727 100 45 0 0 0 0 0 0 0 0 0 -1.99209 100 18 -0.0609747 100 21 0 0 0 0 0 0 0 0
87900 -253.006 -0.63892 100 46 0 0 0 0 0 0 0 0 0 -1.66945 100 19 -0.684875 100 28 0 0 0 0 0 0 0 0
88000 -251.828 -2.22756 100 43 0 0 0 0 0 0 0 0 0 -1.6226 100 24 -0.947741 100 26 0 0 0 0 0 0 0 0
88100 -252.936 -1.47615 100 44 0 0 0 0 0 0 0 0 0 -2.00519 100 30 0.241356 100 16 0 0 0 0 0 0 0 0
88200 -251.663 -2.42117 100 42 0 0 0 0 0 0 0 0 0 -1.99103 100 31 0.0185691 100 23 0 0 0 0 0 0 0 0
88300 -250.584 -2.15902 100 40 0 0 0 0 0 0 0 0 0 -1.71627 100 28 -0.454396 100 24 0 0 0 0 0 0 0 0
88400 -250.442 -1.42715 100 43 0 0 0 0 0 0 0 0 0 -1.99997 100 26 -0.453252 100 20 0 0 0 0 0 0 0 0
88500 -253.731 -3.76268 100 41 0 0 0 0 0 0 0 0 0 -2.07774 100 24 -0.393432 100 18 0 0 0 0 0 0 0 0
88600 -252.457 -3.44516 100 54 0 0 0 0 0 0 0 0 0 -1.64621 100 27 -0.695509 100 23 0 0 0 0 0 0 0 0
88700 -250.419 -1.64292 100 40 0 0 0 0 0 0 0 0 0 -2.03763 100 23 -0.297584 100 24 0 0 0 0 0 0 0 0
88800 -253.257 -2.5029 100 47 0 0 0 0 0 0 0 0 0 -2.24693 100 29 0.102541 100 29 0 0 0 0 0 0 0 0
88900 -252.092 -1.25708 100 55 0 0 0 0 0 0 0 0 0 -1.74546 100 22 -0.135168 100 25 0 0 0 0 0 0 0 0
89000 -251.591 -1.21774 100 38 0 0 0 0 0 0 0 0 0 -1.65908 100 24 -0.821933 100 30 0 0 0 0 0 0 0 0
89100 -250.131 -1.8935 100 51 0 0 0 0 0 0 0 0 0 -1.94887 100 23 -0.368063 100 23 0 0 0 0 0 0 0 0
89200 -251.311 -0.866004 100 37 0 0 0 0 0 0 0 0 0 -1.99293 100 28 -0.56505 100 16 0 0 0 0 0 0 0 0
89300 -251.663 -1.41343 100 47 0 0 0 0 0 0 0 0 0 -2.15296 100 25 -0.382827 100 23 0 0 0 0 0 0 0 0
89400 -252.352 -0.930528 100 41 0 0 0 0 0 0 0 0 0 -1.74313 100 30 -0.188976 100 24 0 0 0 0 0 0 0 0
89500 -256.537 -3.28214 100 38 0 0 0 0 0 0 0 0 0 -1.62697 100 21 -0.0230806 100 21 0 0 0 0 0 0 0 0
89600 -250.476 -1.7501 100 44 0 0 0 0 0 0 0 0 0 -1.97335 100 25 -0.11391 100 27 0 0 0 0 0 0 0 0
89700 -250.526 -1.05602 100 45 0 0 0 0 0 0 0 0 0 -1.81168 100 18 -0.488876 100 21 0 0 0 0 0 0 0 0
89800 -251.042 -1.39584 100 31 0 0 0 0 0 0 0 0 0 -2.13084 100 29 -0.0620791 100 22 0 0 0 0 0 0 0 0
89900 -252.678 -1.6303 100 34 0 0 0 0 0 0 0 0 0 -1.8063 100 24 -1.09227 100 19 0 0 0 0 0 0 0 0
90000 -250.132 -2.01594 100 48 0 0 0 0 0 0 0 0 0 -1.78628 100 24 -0.481647 100 19 0 0 0 0 0 0 0 0
90100 -250.402 -1.01188 100 46 0 0 0 0 0 0 0 0 0 -1.94478 100 23 -0.355324 100 25 0 0 0 0 0 0 0 0
90200 -250.866 -2.20746 100 43 0 0 0 0 0 0 0 0 0 -1.83051 100 24 -0.746931 100 28 0 0 0 0 0 0 0 0
90300 -251.619 -2.24296 100 41 0 0 0 0 0 0 0 0 0 -2.13976 100 25 -0.122381 100 29 0 0 0 0 0 0 0 0
90400 -252.165 -2.97018 100 43 0 0 0 0 0 0 0 0 0 -1.99476 100 22 -0.0261086 100 24 0 0 0 0 0 0 0 0
90500 -252.004 -3.20016 100 45 0 0 0 0 0 0 0 0 0 -1.8394 100 29 -0.191452 100 29 0 0 0 0 0 0 0 0
90600 -251.164 -1.22577 100 40 0 0 0 0 0 0 0 0 0 -2.11935 100 19 -0.336362 100 19 0 0 0 0 0 0 0 0
90700 -250.177 -1.75265 100 47 0 0 0 0 0 0 0 0 0 -1.92856 100 21 -0.497335 100 26 0 0 0 0 0 0 0 0
90800 -253.04 -0.294524 100 39 0 0 0 0 0 0 0 0 0 -2.1189 100 25 0.029105 100 30 0 0 0 0 0 0 0 0
90900 -251.445 -1.9537 100 35 0 0 0 0 0 0 0 0 0 -1.59212 100 27 -0.766738 100 24 0 0 0 0 0 0 0 0
91000 -252.579 -1.56874 100 45 0 0 0 0 0 0 0 0 0 -2.2729 100 30 0.125065 100 24 0 0 0 0 0 0 0 0
91100 -254.907 -2.27747 100 54 0 0 0 0 0 0 0 0 0 -1.64595 100 25 -0.0261955 100 21 0 0 0 0 0 0 0 0
91200 -252.06 -3.31402 100 45 0 0 0 0 0 0 0 0 0 -1.98228 100 30 -0.366401 100 26 0 0 0 0 0 0 0 0
91300 -252.378 -2.27847 100 43 0 0 0 0 0 0 0 0 0 -2.20629 100 30 0.00268225 100 26 0 0 0 0 0 0 0 0
91400 -251.907 -2.02356 100 53 0 0 0 0 0 0 0 0 0 -1.57592 100 26 -0.906315 100 31 0 0 0 0 0 0 0 0
91500 -251.092 -1.60248 100 39 0 0 0 0 0 0 0 0 0 -1.81761 100 24 -0.846262 100 26 0 0 0 0 0 0 0 0
91600 -250.568 -1.6729 100 42 0 0 0 0 0 0 0 0 0 -2.05076 100 18 -0.129265 100 15 0 0 0 0 0 0 0 0
91700 -250.646 -1.02028 100 42 0 0 0 0 0 0 0 0 0 -1.81854 100 23 -0.561919 100 22 0 0 0 0 0 0 0 0
91800 -250.565 -2.30174 100 47 0 0 0 0 0 0 0 0 0 -1.73975 100 19 -0.437597 100 26 0 0 0 0 0 0 0 0
91900 -250.849 -1.20736 100 45 0 0 0 0 0 0 0 0 0 -2.0553 100 19 -0.039582 100 24 0 0 0 0 0 0 0 0
92000 -250.759 -1.94749 100 44 0 0 0 0 0 0 0 0 0 -1.67069 100 28 -0.512485 100 18 0 0 0 0 0 0 0 0
92100 -250.218 -2.02074 100 48 0 0 0 0 0 0 0 0 0 -1.90899 100 32 -0.492384 100 23 0 0 0 0 0 0 0 0
92200 -252.072 -1.85164 100 47 0 0 0 0 0 0 0 0 0 -2.12928 100 22 0.161343 100 23 0 0 0 0 0 0 0 0
92300 -252.842 -0.520624 100 45 0 0 0 0 0 0 0 0 0 -1.7318 100 28 -0.571178 100 24 0 0 0 0 0 0 0 0
92400 -250.661 -2.3708 100 41 0 0 0 0 0 0 0 0 0 -1.77048 100 21 -0.680189 100 21 0 0 0 0 0 0 0 0
92500 -250.315 -1.42354 100 46 0 0 0 0 0 0 0 0 0 -1.79746 100 33 -0.336332 100 20 0 0 0 0 0 0 0 0
92600 -255.659 -1.0834 100 47 0 0 0 0 0 0 0 0 0 -2.51441 100 26 0.236887 100 30 0 0 0 0 0 0 0 0
92700 -250.417 -2.09461 100 46 0 0 0 0 0 0 0 0 0 -1.82989 100 21 -0.649262 100 17 0 0 0 0 0 0 0 0
92800 -251.911 -0.907543 100 40 0 0 0 0 0 0 0 0 0 -1.78854 100 28 -0.847168 100 19 0 0 0 0 0 0 0 0
92900 -250.699 -1.46255 100 41 0 0 0 0 0 0 0 0 0 -1.97314 100 25 -0.05394 100 29 0 0 0 0 0 0 0 0
93000 -250.629 -1.25243 100 37 0 0 0 0 0 0 0 0 0 -1.99662 100 19 -0.49995 100 21 0 0 0 0 0 0 0 0
93100 -251.088 -1.26683 100 46 0 0 0 0 0 0 0 0 0 -1.85999 100 25 -0.781093 100 20 0 0 0 0 0 0 0 0
93200 -249.976 -1.85653 100 43 0 0 0 0 0 0 0 0 0 -1.88326 100 18 -0.401914 100 27 0 0 0 0 0 0 0 0
93300 -251.446 -0.610306 100 36 0 0 0 0 0 0 0 0 0 -1.88702 100 28 -0.367847 100 25 0 0 0 0 0 0 0 0
93400 -253.684 -2.26637 100 44 0 0 0 0 0 0 0 0 0 -1.83229 100 27 0.127544 100 31 0 0 0 0 0 0 0 0
93500 -250.65 -1.69082 100 46 0 0 0 0 0 0 0 0 0 -1.84195 100 19 -0.741486 100 32 0 0 0 0 0 0 0 0
93600 -253.323 -3.28307 100 41 0 0 0 0 0 0 0 0 0 -1.62379 100 18 -1.01651 100 26 0 0 0 0 0 0 0 0
93700 -251.385 -2.04015 100 47 0 0 0 0 0 0 0 0 0 -1.90252 100 16 -0.0131404 100 28 0 0 0 0 0 0 0 0
93800 -252.074 -2.66761 100 46 0 0 0 0 0 0 0 0 0 -2.10932 100 25 -0.0311728 100 18 0 0 0 0 0 0 0 0
93900 -249.953 -1.61311 100 55 0 0 0 0 0 0 0 0 0 -1.90998 100 29 -0.363991 100 25 0 0 0 0 0 0 0 0
94000 -252.01 -3.34277 100 40 0 0 0 0 0 0 0 0 0 -1.68876 100 18 -0.564719 100 23 0 0 0 0 0 0 0 0
94100 -254.657 -3.73631 100 43 0 0 0 0 0 0 0 0 0 -2.03242 100 22 -0.716229 100 23 0 0 0 0 0 0 0 0
94200 -253.334 -1.59119 100 55 0 0 0 0 0 0 0 0 0 -2.14482 100 28 0.333629 100 32 0 0 0 0 0 0 0 0
94300 -250.721 -1.00509 100 46 0 0 0 0 0 0 0 0 0 -2.05748 100 24 -0.218168 100 26 0 0 0 0 0 0 0 0
94400 -250.696 -1.94339 100 37 0 0 0 0 0 0 0 0 0 -1.78383 100 25 -0.244324 100 19 0 0 0 0 0 0 0 0
94500 -256.564 -1.58299 100 47 0 0 0 0 0 0 0 0 0 -2.35284 100 23 -0.601093 100 29 0 0 0 0 0 0 0 0
94600 -251.473 -2.30238 100 40 0 0 0 0 0 0 0 0 0 -1.60928 100 22 -0.552749 100 24 0 0 0 0 0 0 0 0
94700 -251.388 -0.610679 100 46 0 0 0 0 0 0 0 0 0 -1.96056 100 23 -0.412057 100 32 0 0 0 0 0 0 0 0
94800 -252.492 -3.31302 100 47 0 0 0 0 0 0 0 0 0 -1.74708 100 18 -0.851513 100 18 0 0 0 0 0 0 0 0
94900 -251.874 -1.07436 100 42 0 0 0 0 0 0 0 0 0 -2.21392 100 24 0.0453579 100 24 0 0 0 0 0 0 0 0
95000 -253.296 -0.560283 100 50 0 0 0 0 0 0 0 0 0 -2.07903 100 25 -0.673947 100 23 0 0 0 0 0 0 0 0
95100 -252.16 -3.16213 100 40 0 0 0 0 0 0 0 0 0 -1.92685 100 25 -0.0946302 100 17 0 0 0 0 0 0 0 0
95200 -252.17 -0.506805 100 40 0 0 0 0 0 0 0 0 0 -2.15362 100 26 -0.16624 100 21 0 0 0 0 0 0 0 0
95300 -250.898 -1.13647 100 37 0 0 0 0 0 0 0 0 0 -2.09253 100 26 -0.30401 100 19 0 0 0 0 0 0 0 0
95400 -251.037 -2.77726 100 41 0 0 0 0 0 0 0 0 0 -1.87586 100 25 -0.560425 100 19 0 0 0 0 0 0 0 0
95500 -250.437 -1.7391 100 37 0 0 0 0 0 0 0 0 0 -2.01585 100 22 -0.147362 100 24 0 0 0 0 0 0 0 0
95600 -250.588 -0.97942 100 47 0 0 0 0 0 0 0 0 0 -1.86605 100 28 -0.315427 100 30 0 0 0 0 0 0 0 0
95700 -250.609 -1.79619 100 40 0 0 0 0 0 0 0 0 0 -1.90212 100 27 -0.665026 100 29 0 0 0 0 0 0 0 0
95800 -250.2 -1.35296 100 30 0 0 0 0 0 0 0 0 0 -1.95241 100 22 -0.21338 100 12 0 0 0 0 0 0 0 0
95900 -251.684 -1.44037 100 51 0 0 0 0 0 0 0 0 0 -2.19664 100 29 0.0374323 100 22 0 0 0 0 0 0 0 0
96000 -250.376 -1.12883 100 41 0 0 0 0 0 0 0 0 0 -2.00216 100 20 -0.292956 100 24 0 0 0 0 0 0 0 0
96100 -249.993 -1.83411 100 40 0 0 0 0 0 0 0 0 0 -1.82257 100 14 -0.480536 100 22 0 0 0 0 0 0 0 0
96200 -250.531 -2.13795 100 40 0 0 0 0 0 0 0 0 0 -2.00002 100 18 -0.232368 100 24 0 0 0 0 0 0 0 0
96300 -250.971 -0.769928 100 47 0 0 0 0 0 0 0 0 0 -2.00484 100 20 -0.342478 100 30 0 0 0 0 0 0 0 0
96400 -253.06 -0.425872 100 46 0 0 0 0 0 0 0 0 0 -1.78032 100 24 -0.357464 100 28 0 0 0 0 0 0 0 0
96500 -254.907 -3.64058 100 47 0 0 0 0 0 0 0 0 0 -2.16134 100 22 0.191415 100 23 0 0 0 0 0 0 0 0
96600 -251.68 -1.31732 100 39 0 0 0 0 0 0 0 0 0 -2.16594 100 22 -0.344586 100 21 0 0 0 0 0 0 0 0
96700 -251.554 -1.16796 100 47 0 0 0 0 0 0 0 0 0 -2.16672 100 25 0.0524957 100 20 0 0 0 0 0 0 0 0
96800 -252.862 -2.89298 100 37 0 0 0 0 0 0 0 0 0 -1.72824 100 21 -1.03489 100 21 0 0 0 0 0 0 0 0
96900 -250.947 -0.990086 100 35 0 0 0 0 0 0 0 0 0 -2.09768 100 15 -0.188869 100 14 0 0 0 0 0 0 0 0
97000 -253.476 -3.1414 100 47 0 0 0 0 0 0 0 0 0 -2.16381 100 26 0.0719515 100 21 0 0 0 0 0 0 0 0
97100 -250.798 -1.06783 100 47 0 0 0 0 0 0 0 0 0 -2.0667 100 21 -0.323618 100 26 0 0 0 0 0 0 0 0
97200 -252.027 -1.35916 100 40 0 0 0 0 0 0 0 0 0 -1.57568 100 19 -0.764314 100 23 0 0 0 0 0 0 0 0
97300 -252.929 -0.398523 100 38 0 0 0 0 0 0 0 0 0 -2.15656 100 25 0.093661 100 19 0 0 0 0 0 0 0 0
97400 -251.013 -2.43776 100 48 0 0 0 0 0 0 0 0 0 -1.71017 100 25 -0.391694 100 19 0 0 0 0 0 0 0 0
97500 -252.34 -3.44465 100 41 0 0 0 0 0 0 0 0 0 -1.78165 100 19 -0.749096 100 15 0 0 0 0 0 0 0 0
97600 -250.51 -2.1196 100 48 0 0 0 0 0 0 0 0 0 -1.98724 100 29 -0.199384 100 24 0 0 0 0 0 0 0 0
97700 -251.313 -2.43976 100 41 0 0 0 0 0 0 0 0 0 -1.7631 100 25 -0.226251 100 29 0 0 0 0 0 0 0 0
97800 -251.782 -0.538076 100 44 0 0 0 0 0 0 0 0 0 -2.08288 100 28 -0.266324 100 19 0 0 0 0 0 0 0 0
97900 -250.38 -2.28545 100 42 0 0 0 0 0 0 0 0 0 -1.87673 100 21 -0.290928 100 28 0 0 0 0 0 0 0 0
98000 -250.851 -2.01256 100 45 0 0 0 0 0 0 0 0 0 -2.06752 100 21 -0.290695 100 27 0 0 0 0 0 0 0 0
98100 -251.021 -2.0821 100 40 0 0 0 0 0 0 0 0 0 -1.95951 100 22 -0.0409574 100 25 0 0 0 0 0 0 0 0
98200 -252.663 -2.52965 100 45 0 0 0 0 0 0 0 0 0 -1.6318 100 20 -0.277455 100 17 0 0 0 0 0 0 0 0
98300 -251.74 -1.82481 100 43 0 0 0 0 0 0 0 0 0 -1.90767 100 16 -0.863597 100 21 0 0 0 0 0 0 0 0
98400 -252.509 -2.93979 100 39 0 0 0 0 0 0 0 0 0 -1.93236 100 22 -0.765962 100 25 0 0 0 0 0 0 0 0
98500 -253.639 -2.09363 100 41 0 0 0 0 0 0 0 0 0 -1.80954 100 27 0.109546 100 26 0 0 0 0 0 0 0 0
98600 -251.279 -1.41425 100 45 0 0 0 0 0 0 0 0 0 -1.72809 100 21 -0.880299 100 23 0 0 0 0 0 0 0 0
98700 -252.649 -2.44494 100 42 0 0 0 0 0 0 0 0 0 -1.51667 100 28 -0.887275 100 26 0 0 0 0 0 0 0 0
98800 -253.026 -1.6865 100 47 0 0 0 0 0 0 0 0 0 -1.89336 100 26 0.160371 100 23 0 0 0 0 0 0 0 0
98900 -250.776 -1.07989 100 39 0 0 0 0 0 0 0 0 0 -2.02325 100 24 -0.444432 100 20 0 0 0 0 0 0 0 0
99000 -252.403 -3.20378 100 39 0 0 0 0 0 0 0 0 0 -1.79836 100 22 -0.838116 100 23 0 0 0 0 0 0 0 0
99100 -251.735 -2.52853 100 50 0 0 0 0 0 0 0 0 0 -1.60647 100 20 -0.823929 100 29 0 0 0 0 0 0 0 0
99200 -250.343 -1.50594 100 39 0 0 0 0 0 0 0 0 0 -1.81415 100 26 -0.665555 100 26 0 0 0 0 0 0 0 0
99300 -250.639 -1.60932 100 47 0 0 0 0 0 0 0 0 0 -2.00608 100 30 -0.502642 100 20 0 0 0 0 0 0 0 0
99400 -250.102 -1.89997 100 48 0 0 0 0 0 0 0 0 0 -1.9204 100 31 -0.439267 100 23 0 0 0 0 0 0 0 0
99500 -250.713 -1.32934 100 38 0 0 0 0 0 0 0 0 0 -1.84252 100 20 -0.724683 100 22 0 0 0 0 0 0 0 0
99600 -252.789 -3.35712 100 38 0 0 0 0 0 0 0 0 0 -1.91128 100 30 -0.730719 100 33 0 0 0 0 0 0 0 0
99700 -250.765 -2.14872 100 40 0 0 0 0 0 0 0 0 0 -1.96689 100 25 -0.536935 100 24 0 0 0 0 0 0 0 0
99800 -254.315 -3.61382 100 35 0 0 0 0 0 0 0 0 0 -1.90525 100 28 0.0831761 100 22 0 0 0 0 0 0 0 0
99900 -251.374 -2.05659 100 47 0 0 0 0 0 0 0 0 0 -1.99557 100 26 -0.640517 100 24 0 0 0 0 0 0 0 0
100000 -251.394 -3.14556 100 42 0 0 0 0 0 0 0 0 0 -1.80211 100 23 -0.550502 100 15 0 0 0 0 0 0 0 0
