iteration logLik intercept1 intercept1_p intercept1_a pcov2 pcov2_p pcov2_a pcov3 pcov3_p pcov3_a pcov4 pcov4_p pcov4_a intercept2 intercept2_p intercept2_a intercept3 intercept3_p intercept3_a intercept4 intercept4_p intercept4_a pcov pcov_p pcov_a data_p data_a
0 -1.51185e+12 -2.88833 0 0 0 0 0 0 0 0 0 0 0 15.1742 0 0 7.57987 0 0 0 0 0 0 0 0 0 0
100 -253.639 -0.77391 100 33 0 0 0 0 0 0 0 0 0 -1.84144 100 46 -0.734367 100 41 0 0 0 0 0 0 0 0
200 -252.545 -0.780582 100 19 0 0 0 0 0 0 0 0 0 -1.83728 100 23 -0.510072 100 15 0 0 0 0 0 0 0 0
300 -253.066 -0.606557 100 28 0 0 0 0 0 0 0 0 0 -1.58848 100 31 -0.587289 100 28 0 0 0 0 0 0 0 0
400 -252.745 -0.553116 100 16 0 0 0 0 0 0 0 0 0 -1.92662 100 27 -0.309789 100 23 0 0 0 0 0 0 0 0
500 -252.638 -1.15117 100 19 0 0 0 0 0 0 0 0 0 -1.696 100 23 -0.663186 100 28 0 0 0 0 0 0 0 0
600 -254.098 -1.17301 100 27 0 0 0 0 0 0 0 0 0 -1.91216 100 26 -0.0951805 100 22 0 0 0 0 0 0 0 0
700 -255.698 -0.716227 100 25 0 0 0 0 0 0 0 0 0 -2.268 100 31 0.0825208 100 21 0 0 0 0 0 0 0 0
800 -252.497 -0.87956 100 30 0 0 0 0 0 0 0 0 0 -1.58143 100 29 -0.521419 100 19 0 0 0 0 0 0 0 0
900 -252.368 -1.01139 100 27 0 0 0 0 0 0 0 0 0 -1.71682 100 22 -0.393329 100 28 0 0 0 0 0 0 0 0
1000 -252.58 -1.24464 100 21 0 0 0 0 0 0 0 0 0 -1.66743 100 25 -0.545421 100 26 0 0 0 0 0 0 0 0
1100 -253.57 -1.11174 100 13 0 0 0 0 0 0 0 0 0 -1.87781 100 23 -0.146273 100 20 0 0 0 0 0 0 0 0
1200 -255.064 -1.61821 100 25 0 0 0 0 0 0 0 0 0 -1.50425 100 20 -0.371092 100 24 0 0 0 0 0 0 0 0
1300 -252.563 -0.900154 100 29 0 0 0 0 0 0 0 0 0 -1.84485 100 24 -0.454037 100 18 0 0 0 0 0 0 0 0
1400 -254.593 -1.63187 100 23 0 0 0 0 0 0 0 0 0 -1.43883 100 20 -1.0643 100 25 0 0 0 0 0 0 0 0
1500 -254.159 -0.530572 100 30 0 0 0 0 0 0 0 0 0 -1.53327 100 28 -0.532092 100 27 0 0 0 0 0 0 0 0
1600 -252.694 -0.906963 100 26 0 0 0 0 0 0 0 0 0 -1.5053 100 25 -0.667746 100 16 0 0 0 0 0 0 0 0
1700 -254.011 -1.71074 100 24 0 0 0 0 0 0 0 0 0 -1.54523 100 27 -0.682915 100 22 0 0 0 0 0 0 0 0
1800 -254.329 -1.74146 100 20 0 0 0 0 0 0 0 0 0 -1.38974 100 28 -0.795268 100 24 0 0 0 0 0 0 0 0
1900 -252.24 -0.743464 100 26 0 0 0 0 0 0 0 0 0 -1.7405 100 20 -0.519289 100 17 0 0 0 0 0 0 0 0
2000 -252.992 -0.826605 100 23 0 0 0 0 0 0 0 0 0 -1.92741 100 20 -0.420755 100 28 0 0 0 0 0 0 0 0
2100 -253.044 -0.673729 100 15 0 0 0 0 0 0 0 0 0 -1.58166 100 19 -0.778991 100 19 0 0 0 0 0 0 0 0
2200 -253.871 -0.632874 100 27 0 0 0 0 0 0 0 0 0 -2.06253 100 26 0.0270222 100 17 0 0 0 0 0 0 0 0
2300 -252.948 -0.493718 100 21 0 0 0 0 0 0 0 0 0 -1.72667 100 30 -0.589471 100 19 0 0 0 0 0 0 0 0
2400 -252.503 -0.696306 100 24 0 0 0 0 0 0 0 0 0 -1.74619 100 29 -0.330053 100 25 0 0 0 0 0 0 0 0
2500 -252.65 -0.746829 100 26 0 0 0 0 0 0 0 0 0 -1.86687 100 26 -0.485358 100 23 0 0 0 0 0 0 0 0
2600 -255.894 -1.79572 100 17 0 0 0 0 0 0 0 0 0 -1.47168 100 25 -0.394495 100 23 0 0 0 0 0 0 0 0
2700 -253.299 -1.1292 100 27 0 0 0 0 0 0 0 0 0 -1.8933 100 23 -0.346515 100 22 0 0 0 0 0 0 0 0
2800 -252.607 -0.675846 100 18 0 0 0 0 0 0 0 0 0 -1.73181 100 21 -0.326666 100 16 0 0 0 0 0 0 0 0
2900 -252.976 -1.21924 100 23 0 0 0 0 0 0 0 0 0 -1.79215 100 21 -0.384702 100 21 0 0 0 0 0 0 0 0
3000 -257.257 -0.43087 100 28 0 0 0 0 0 0 0 0 0 -2.24388 100 25 -0.477284 100 24 0 0 0 0 0 0 0 0
3100 -252.268 -0.836159 100 22 0 0 0 0 0 0 0 0 0 -1.68136 100 30 -0.632466 100 19 0 0 0 0 0 0 0 0
3200 -252.556 -1.19717 100 19 0 0 0 0 0 0 0 0 0 -1.52253 100 25 -0.739303 100 19 0 0 0 0 0 0 0 0
3300 -256.121 -1.98511 100 24 0 0 0 0 0 0 0 0 0 -1.24775 100 30 -0.904349 100 19 0 0 0 0 0 0 0 0
3400 -254.802 -0.933901 100 20 0 0 0 0 0 0 0 0 0 -1.35398 100 27 -1.15957 100 16 0 0 0 0 0 0 0 0
3500 -254.676 -1.16163 100 26 0 0 0 0 0 0 0 0 0 -1.3235 100 26 -1.19022 100 25 0 0 0 0 0 0 0 0
3600 -252.97 -1.21895 100 22 0 0 0 0 0 0 0 0 0 -1.59117 100 21 -0.848906 100 26 0 0 0 0 0 0 0 0
3700 -252.57 -0.756478 100 28 0 0 0 0 0 0 0 0 0 -1.58543 100 23 -0.598 100 17 0 0 0 0 0 0 0 0
3800 -255.496 -0.592524 100 17 0 0 0 0 0 0 0 0 0 -1.78021 100 22 0.0472827 100 25 0 0 0 0 0 0 0 0
3900 -253.599 -0.458087 100 25 0 0 0 0 0 0 0 0 0 -1.92096 100 17 -0.564725 100 15 0 0 0 0 0 0 0 0
4000 -253.139 -1.10095 100 17 0 0 0 0 0 0 0 0 0 -1.7849 100 24 -0.218729 100 23 0 0 0 0 0 0 0 0
4100 -253.596 -0.964922 100 26 0 0 0 0 0 0 0 0 0 -1.57657 100 20 -0.315031 100 19 0 0 0 0 0 0 0 0
4200 -253.893 -0.362166 100 20 0 0 0 0 0 0 0 0 0 -2.06236 100 27 -0.334098 100 25 0 0 0 0 0 0 0 0
4300 -253.903 -1.56747 100 21 0 0 0 0 0 0 0 0 0 -1.7092 100 20 -0.560487 100 20 0 0 0 0 0 0 0 0
4400 -253.545 -1.52611 100 16 0 0 0 0 0 0 0 0 0 -1.41553 100 25 -0.755165 100 17 0 0 0 0 0 0 0 0
4500 -252.58 -1.16822 100 24 0 0 0 0 0 0 0 0 0 -1.61131 100 28 -0.470333 100 26 0 0 0 0 0 0 0 0
4600 -252.215 -1.01368 100 25 0 0 0 0 0 0 0 0 0 -1.63447 100 28 -0.539826 100 23 0 0 0 0 0 0 0 0
4700 -253.86 -1.34963 100 25 0 0 0 0 0 0 0 0 0 -1.85587 100 23 -0.409517 100 22 0 0 0 0 0 0 0 0
4800 -253.549 -0.392937 100 31 0 0 0 0 0 0 0 0 0 -1.78912 100 25 -0.230436 100 19 0 0 0 0 0 0 0 0
4900 -253.547 -1.41792 100 18 0 0 0 0 0 0 0 0 0 -1.69525 100 20 -0.349073 100 13 0 0 0 0 0 0 0 0
5000 -252.445 -0.894229 100 21 0 0 0 0 0 0 0 0 0 -1.80992 100 23 -0.315191 100 23 0 0 0 0 0 0 0 0
5100 -252.27 -0.940878 100 24 0 0 0 0 0 0 0 0 0 -1.70364 100 22 -0.415777 100 21 0 0 0 0 0 0 0 0
5200 -254.113 -0.87589 100 23 0 0 0 0 0 0 0 0 0 -1.97509 100 25 -0.542795 100 18 0 0 0 0 0 0 0 0
5300 -253.631 -1.13298 100 25 0 0 0 0 0 0 0 0 0 -1.38819 100 25 -1.02648 100 14 0 0 0 0 0 0 0 0
5400 -252.409 -0.845541 100 18 0 0 0 0 0 0 0 0 0 -1.69211 100 28 -0.376929 100 16 0 0 0 0 0 0 0 0
5500 -253.11 -1.1694 100 24 0 0 0 0 0 0 0 0 0 -1.40225 100 25 -0.798228 100 19 0 0 0 0 0 0 0 0
5600 -252.798 -0.677432 100 21 0 0 0 0 0 0 0 0 0 -1.6781 100 27 -0.733501 100 24 0 0 0 0 0 0 0 0
5700 -252.946 -1.00749 100 26 0 0 0 0 0 0 0 0 0 -1.86209 100 23 -0.229792 100 16 0 0 0 0 0 0 0 0
5800 -253.221 -0.518631 100 24 0 0 0 0 0 0 0 0 0 -1.90632 100 21 -0.105555 100 29 0 0 0 0 0 0 0 0
5900 -254.958 0.00382448 100 27 0 0 0 0 0 0 0 0 0 -2.08246 100 19 -0.154811 100 23 0 0 0 0 0 0 0 0
6000 -253.145 -0.41477 100 26 0 0 0 0 0 0 0 0 0 -1.97551 100 26 -0.299192 100 22 0 0 0 0 0 0 0 0
6100 -252.647 -1.16166 100 24 0 0 0 0 0 0 0 0 0 -1.75158 100 21 -0.519038 100 23 0 0 0 0 0 0 0 0
6200 -253.742 -1.58774 100 21 0 0 0 0 0 0 0 0 0 -1.62481 100 25 -0.495815 100 19 0 0 0 0 0 0 0 0
6300 -252.616 -0.959023 100 27 0 0 0 0 0 0 0 0 0 -1.77461 100 28 -0.279953 100 17 0 0 0 0 0 0 0 0
6400 -256.566 -1.09602 100 17 0 0 0 0 0 0 0 0 0 -1.98119 100 23 -0.774221 100 19 0 0 0 0 0 0 0 0
6500 -253.24 -1.2373 100 25 0 0 0 0 0 0 0 0 0 -1.38984 100 22 -0.769082 100 17 0 0 0 0 0 0 0 0
6600 -253.313 -0.581382 100 26 0 0 0 0 0 0 0 0 0 -2.04234 100 21 -0.168067 100 16 0 0 0 0 0 0 0 0
6700 -252.826 -0.68568 100 27 0 0 0 0 0 0 0 0 0 -1.61381 100 23 -0.744005 100 22 0 0 0 0 0 0 0 0
6800 -255.623 -0.951359 100 31 0 0 0 0 0 0 0 0 0 -2.06734 100 25 0.190086 100 19 0 0 0 0 0 0 0 0
6900 -253.435 -1.02025 100 32 0 0 0 0 0 0 0 0 0 -1.38193 100 22 -0.79535 100 19 0 0 0 0 0 0 0 0
7000 -253.041 -1.42635 100 22 0 0 0 0 0 0 0 0 0 -1.58928 100 25 -0.704345 100 16 0 0 0 0 0 0 0 0
7100 -253.104 -0.523717 100 26 0 0 0 0 0 0 0 0 0 -1.64647 100 23 -0.512488 100 17 0 0 0 0 0 0 0 0
7200 -255.561 0.09571 100 28 0 0 0 0 0 0 0 0 0 -2.0969 100 27 -0.121675 100 22 0 0 0 0 0 0 0 0
7300 -253.846 -0.254067 100 27 0 0 0 0 0 0 0 0 0 -2.00498 100 25 -0.357523 100 22 0 0 0 0 0 0 0 0
7400 -253.395 -0.310213 100 26 0 0 0 0 0 0 0 0 0 -1.90878 100 22 -0.401546 100 14 0 0 0 0 0 0 0 0
7500 -252.696 -0.598563 100 22 0 0 0 0 0 0 0 0 0 -1.89815 100 20 -0.410221 100 15 0 0 0 0 0 0 0 0
7600 -253.449 -0.663934 100 26 0 0 0 0 0 0 0 0 0 -1.55655 100 27 -0.863223 100 19 0 0 0 0 0 0 0 0
7700 -254.393 -0.876348 100 36 0 0 0 0 0 0 0 0 0 -1.70961 100 21 -0.0871324 100 19 0 0 0 0 0 0 0 0
7800 -252.995 -1.15288 100 25 0 0 0 0 0 0 0 0 0 -1.5608 100 22 -0.898405 100 17 0 0 0 0 0 0 0 0
7900 -252.558 -0.977477 100 22 0 0 0 0 0 0 0 0 0 -1.52238 100 26 -0.77199 100 14 0 0 0 0 0 0 0 0
8000 -252.688 -0.687853 100 17 0 0 0 0 0 0 0 0 0 -1.74301 100 23 -0.67075 100 16 0 0 0 0 0 0 0 0
8100 -253.412 -1.20879 100 23 0 0 0 0 0 0 0 0 0 -1.85331 100 19 -0.257068 100 14 0 0 0 0 0 0 0 0
8200 -252.862 -0.811469 100 18 0 0 0 0 0 0 0 0 0 -1.7781 100 22 -0.207106 100 19 0 0 0 0 0 0 0 0
8300 -252.774 -1.04431 100 30 0 0 0 0 0 0 0 0 0 -1.46358 100 26 -0.713592 100 25 0 0 0 0 0 0 0 0
8400 -252.743 -0.783853 100 21 0 0 0 0 0 0 0 0 0 -1.5996 100 20 -0.790001 100 17 0 0 0 0 0 0 0 0
8500 -254.169 -1.45333 100 30 0 0 0 0 0 0 0 0 0 -1.79686 100 28 -0.590291 100 21 0 0 0 0 0 0 0 0
8600 -256.237 -1.54711 100 24 0 0 0 0 0 0 0 0 0 -1.62 100 15 -1.14527 100 20 0 0 0 0 0 0 0 0
8700 -253.875 -0.443659 100 27 0 0 0 0 0 0 0 0 0 -1.74271 100 25 -0.20487 100 20 0 0 0 0 0 0 0 0
8800 -252.712 -1.07201 100 22 0 0 0 0 0 0 0 0 0 -1.54885 100 23 -0.496905 100 20 0 0 0 0 0 0 0 0
8900 -252.609 -1.26872 100 19 0 0 0 0 0 0 0 0 0 -1.53532 100 22 -0.684458 100 16 0 0 0 0 0 0 0 0
9000 -252.448 -0.830006 100 22 0 0 0 0 0 0 0 0 0 -1.69173 100 16 -0.368661 100 17 0 0 0 0 0 0 0 0
9100 -252.88 -0.893688 100 20 0 0 0 0 0 0 0 0 0 -1.91051 100 17 -0.383162 100 14 0 0 0 0 0 0 0 0
9200 -254.659 -0.0849235 100 26 0 0 0 0 0 0 0 0 0 -2.00675 100 28 -0.366837 100 19 0 0 0 0 0 0 0 0
9300 -252.705 -0.601201 100 18 0 0 0 0 0 0 0 0 0 -1.73198 100 26 -0.344758 100 17 0 0 0 0 0 0 0 0
9400 -252.91 -0.898823 100 27 0 0 0 0 0 0 0 0 0 -1.90025 100 19 -0.432914 100 18 0 0 0 0 0 0 0 0
9500 -254.631 -0.378323 100 30 0 0 0 0 0 0 0 0 0 -2.14994 100 23 0.149813 100 19 0 0 0 0 0 0 0 0
9600 -254.275 -0.453285 100 24 0 0 0 0 0 0 0 0 0 -1.7993 100 28 -0.803528 100 16 0 0 0 0 0 0 0 0
9700 -253.733 -1.42554 100 17 0 0 0 0 0 0 0 0 0 -1.65408 100 20 -0.81412 100 25 0 0 0 0 0 0 0 0
9800 -253.822 -1.40322 100 25 0 0 0 0 0 0 0 0 0 -1.82159 100 23 -0.372625 100 21 0 0 0 0 0 0 0 0
9900 -253.081 -1.22453 100 27 0 0 0 0 0 0 0 0 0 -1.79611 100 28 -0.510027 100 21 0 0 0 0 0 0 0 0
10000 -253.545 -0.709297 100 17 0 0 0 0 0 0 0 0 0 -1.63139 100 28 -0.913923 100 19 0 0 0 0 0 0 0 0
10100 -253.636 -0.421951 100 24 0 0 0 0 0 0 0 0 0 -2.06351 100 21 -0.27144 100 19 0 0 0 0 0 0 0 0
10200 -253.322 -1.25745 100 26 0 0 0 0 0 0 0 0 0 -1.39906 100 23 -0.695557 100 19 0 0 0 0 0 0 0 0
10300 -254.04 -0.307664 100 21 0 0 0 0 0 0 0 0 0 -2.04602 100 18 0.0240747 100 25 0 0 0 0 0 0 0 0
10400 -253.697 -0.795215 100 25 0 0 0 0 0 0 0 0 0 -1.5051 100 18 -0.987008 100 23 0 0 0 0 0 0 0 0
10500 -252.562 -0.826119 100 21 0 0 0 0 0 0 0 0 0 -1.5533 100 24 -0.645509 100 15 0 0 0 0 0 0 0 0
10600 -255.367 -1.75423 100 27 0 0 0 0 0 0 0 0 0 -1.66045 100 29 -0.294056 100 17 0 0 0 0 0 0 0 0
10700 -255.815 -0.869873 100 31 0 0 0 0 0 0 0 0 0 -2.19132 100 24 -0.258757 100 28 0 0 0 0 0 0 0 0
10800 -252.805 -1.08247 100 24 0 0 0 0 0 0 0 0 0 -1.83645 100 26 -0.386161 100 24 0 0 0 0 0 0 0 0
10900 -259.561 -2.53674 100 21 0 0 0 0 0 0 0 0 0 -1.33652 100 24 -0.612194 100 22 0 0 0 0 0 0 0 0
11000 -253.188 -0.766591 100 27 0 0 0 0 0 0 0 0 0 -1.7609 100 27 -0.172136 100 22 0 0 0 0 0 0 0 0
11100 -254.543 -0.719795 100 13 0 0 0 0 0 0 0 0 0 -1.57653 100 31 -0.25765 100 24 0 0 0 0 0 0 0 0
11200 -253.948 -1.38916 100 26 0 0 0 0 0 0 0 0 0 -1.33981 100 25 -1.03516 100 19 0 0 0 0 0 0 0 0
11300 -259.156 0.147587 100 21 0 0 0 0 0 0 0 0 0 -2.60571 100 21 0.550243 100 18 0 0 0 0 0 0 0 0
11400 -254.216 -1.03189 100 23 0 0 0 0 0 0 0 0 0 -1.86754 100 23 -0.0168888 100 23 0 0 0 0 0 0 0 0
11500 -256.351 -1.84208 100 22 0 0 0 0 0 0 0 0 0 -1.85112 100 24 -0.400144 100 25 0 0 0 0 0 0 0 0
11600 -254.096 -0.543587 100 17 0 0 0 0 0 0 0 0 0 -2.12426 100 21 -0.23128 100 19 0 0 0 0 0 0 0 0
11700 -252.389 -1.11737 100 24 0 0 0 0 0 0 0 0 0 -1.57976 100 32 -0.710213 100 17 0 0 0 0 0 0 0 0
11800 -253.201 -0.97098 100 31 0 0 0 0 0 0 0 0 0 -1.90644 100 17 -0.162604 100 15 0 0 0 0 0 0 0 0
11900 -253.244 -0.858633 100 26 0 0 0 0 0 0 0 0 0 -1.87498 100 32 -0.105025 100 24 0 0 0 0 0 0 0 0
12000 -253.678 -1.5292 100 22 0 0 0 0 0 0 0 0 0 -1.70287 100 23 -0.497715 100 20 0 0 0 0 0 0 0 0
12100 -253.023 -1.40445 100 27 0 0 0 0 0 0 0 0 0 -1.61743 100 25 -0.515626 100 17 0 0 0 0 0 0 0 0
12200 -253.303 -1.35242 100 18 0 0 0 0 0 0 0 0 0 -1.60391 100 19 -0.841221 100 15 0 0 0 0 0 0 0 0
12300 -254.382 -1.19978 100 27 0 0 0 0 0 0 0 0 0 -1.98859 100 17 -0.29168 100 16 0 0 0 0 0 0 0 0
12400 -253.935 -0.763085 100 24 0 0 0 0 0 0 0 0 0 -1.77284 100 26 -0.865812 100 15 0 0 0 0 0 0 0 0
12500 -253.01 -1.00699 100 14 0 0 0 0 0 0 0 0 0 -1.85189 100 23 -0.534806 100 18 0 0 0 0 0 0 0 0
12600 -252.334 -0.749995 100 23 0 0 0 0 0 0 0 0 0 -1.82445 100 25 -0.367027 100 21 0 0 0 0 0 0 0 0
12700 -253.448 -0.392239 100 23 0 0 0 0 0 0 0 0 0 -2.01259 100 23 -0.328546 100 26 0 0 0 0 0 0 0 0
12800 -252.914 -0.481841 100 27 0 0 0 0 0 0 0 0 0 -1.92528 100 19 -0.208624 100 13 0 0 0 0 0 0 0 0
12900 -255.528 -1.8848 100 20 0 0 0 0 0 0 0 0 0 -1.31468 100 17 -0.740197 100 23 0 0 0 0 0 0 0 0
13000 -253.25 -0.400123 100 20 0 0 0 0 0 0 0 0 0 -2.00716 100 16 -0.204126 100 25 0 0 0 0 0 0 0 0
13100 -254.052 -1.29577 100 21 0 0 0 0 0 0 0 0 0 -1.75404 100 19 -0.171262 100 18 0 0 0 0 0 0 0 0
13200 -253.092 -0.786108 100 30 0 0 0 0 0 0 0 0 0 -1.9117 100 22 -0.505818 100 18 0 0 0 0 0 0 0 0
13300 -253.274 -0.771596 100 29 0 0 0 0 0 0 0 0 0 -1.72548 100 23 -0.821785 100 18 0 0 0 0 0 0 0 0
13400 -252.375 -1.04652 100 22 0 0 0 0 0 0 0 0 0 -1.66656 100 28 -0.671482 100 19 0 0 0 0 0 0 0 0
13500 -254.811 -1.81997 100 16 0 0 0 0 0 0 0 0 0 -1.39633 100 27 -0.958781 100 22 0 0 0 0 0 0 0 0
13600 -253.635 -1.04716 100 21 0 0 0 0 0 0 0 0 0 -1.54886 100 22 -0.346501 100 24 0 0 0 0 0 0 0 0
13700 -252.343 -0.96424 100 22 0 0 0 0 0 0 0 0 0 -1.76619 100 22 -0.51878 100 21 0 0 0 0 0 0 0 0
13800 -252.439 -1.20699 100 24 0 0 0 0 0 0 0 0 0 -1.59169 100 24 -0.625727 100 23 0 0 0 0 0 0 0 0
13900 -252.896 -0.495173 100 15 0 0 0 0 0 0 0 0 0 -1.75798 100 18 -0.347093 100 16 0 0 0 0 0 0 0 0
14000 -253.376 -1.48635 100 23 0 0 0 0 0 0 0 0 0 -1.66416 100 22 -0.603206 100 20 0 0 0 0 0 0 0 0
14100 -254.818 -0.181533 100 22 0 0 0 0 0 0 0 0 0 -2.22273 100 22 -0.00935122 100 23 0 0 0 0 0 0 0 0
14200 -255.499 -0.0830006 100 26 0 0 0 0 0 0 0 0 0 -1.83925 100 34 -0.62529 100 27 0 0 0 0 0 0 0 0
14300 -256.406 0.0132037 100 27 0 0 0 0 0 0 0 0 0 -2.38072 100 25 0.175164 100 15 0 0 0 0 0 0 0 0
14400 -252.656 -0.717659 100 19 0 0 0 0 0 0 0 0 0 -1.699 100 23 -0.339371 100 19 0 0 0 0 0 0 0 0
14500 -252.747 -0.796946 100 25 0 0 0 0 0 0 0 0 0 -1.69413 100 20 -0.305314 100 24 0 0 0 0 0 0 0 0
14600 -254.13 -1.72901 100 26 0 0 0 0 0 0 0 0 0 -1.49876 100 25 -0.79522 100 21 0 0 0 0 0 0 0 0
14700 -253.063 -1.30121 100 20 0 0 0 0 0 0 0 0 0 -1.42102 100 26 -0.816501 100 18 0 0 0 0 0 0 0 0
14800 -253.628 -1.31405 100 22 0 0 0 0 0 0 0 0 0 -1.59876 100 24 -0.336328 100 15 0 0 0 0 0 0 0 0
14900 -253.155 -1.1545 100 26 0 0 0 0 0 0 0 0 0 -1.81898 100 29 -0.552075 100 17 0 0 0 0 0 0 0 0
15000 -253.736 -1.282 100 25 0 0 0 0 0 0 0 0 0 -1.60394 100 25 -0.306837 100 13 0 0 0 0 0 0 0 0
15100 -253.431 -0.770764 100 14 0 0 0 0 0 0 0 0 0 -1.90853 100 18 -0.0529637 100 20 0 0 0 0 0 0 0 0
15200 -252.641 -0.898978 100 29 0 0 0 0 0 0 0 0 0 -1.85431 100 20 -0.464171 100 17 0 0 0 0 0 0 0 0
15300 -253.941 -0.268084 100 18 0 0 0 0 0 0 0 0 0 -1.94464 100 19 -0.482813 100 24 0 0 0 0 0 0 0 0
15400 -253.054 -0.791497 100 28 0 0 0 0 0 0 0 0 0 -1.76552 100 20 -0.186051 100 23 0 0 0 0 0 0 0 0
15500 -252.616 -0.833839 100 18 0 0 0 0 0 0 0 0 0 -1.87034 100 24 -0.438338 100 20 0 0 0 0 0 0 0 0
15600 -253.839 -1.10911 100 26 0 0 0 0 0 0 0 0 0 -1.49583 100 26 -1.0809 100 20 0 0 0 0 0 0 0 0
15700 -253.769 -0.694291 100 27 0 0 0 0 0 0 0 0 0 -2.07979 100 29 -0.218515 100 21 0 0 0 0 0 0 0 0
15800 -253.356 -1.38819 100 19 0 0 0 0 0 0 0 0 0 -1.41653 100 30 -0.918572 100 15 0 0 0 0 0 0 0 0
15900 -256.056 -1.341 100 28 0 0 0 0 0 0 0 0 0 -1.16573 100 26 -1.2513 100 22 0 0 0 0 0 0 0 0
16000 -255.117 -0.718541 100 28 0 0 0 0 0 0 0 0 0 -2.21663 100 25 -0.0475458 100 19 0 0 0 0 0 0 0 0
16100 -254.184 -0.871907 100 27 0 0 0 0 0 0 0 0 0 -1.42937 100 20 -0.521315 100 22 0 0 0 0 0 0 0 0
16200 -253.309 -0.923193 100 26 0 0 0 0 0 0 0 0 0 -1.69818 100 25 -0.210914 100 16 0 0 0 0 0 0 0 0
16300 -254.926 -1.88487 100 8 0 0 0 0 0 0 0 0 0 -1.38506 100 22 -0.840586 100 19 0 0 0 0 0 0 0 0
16400 -252.817 -1.05578 100 16 0 0 0 0 0 0 0 0 0 -1.6471 100 23 -0.811411 100 16 0 0 0 0 0 0 0 0
16500 -253.455 -1.42271 100 24 0 0 0 0 0 0 0 0 0 -1.55114 100 22 -0.887076 100 14 0 0 0 0 0 0 0 0
16600 -252.984 -0.812897 100 25 0 0 0 0 0 0 0 0 0 -1.54621 100 26 -0.495471 100 27 0 0 0 0 0 0 0 0
16700 -252.541 -0.821888 100 20 0 0 0 0 0 0 0 0 0 -1.5732 100 24 -0.72433 100 16 0 0 0 0 0 0 0 0
16800 -253.153 -0.711397 100 30 0 0 0 0 0 0 0 0 0 -1.53341 100 23 -0.800094 100 19 0 0 0 0 0 0 0 0
16900 -253.821 -0.491212 100 31 0 0 0 0 0 0 0 0 0 -1.80302 100 24 -0.110534 100 21 0 0 0 0 0 0 0 0
17000 -252.318 -1.07644 100 19 0 0 0 0 0 0 0 0 0 -1.67057 100 20 -0.47376 100 17 0 0 0 0 0 0 0 0
17100 -252.372 -0.911714 100 23 0 0 0 0 0 0 0 0 0 -1.61089 100 25 -0.49524 100 19 0 0 0 0 0 0 0 0
17200 -252.952 -0.716231 100 24 0 0 0 0 0 0 0 0 0 -1.85216 100 37 -0.595715 100 25 0 0 0 0 0 0 0 0
17300 -256.816 -2.1684 100 35 0 0 0 0 0 0 0 0 0 -1.63601 100 22 -0.619581 100 17 0 0 0 0 0 0 0 0
17400 -255.691 -0.914765 100 23 0 0 0 0 0 0 0 0 0 -1.64971 100 21 -1.19226 100 20 0 0 0 0 0 0 0 0
17500 -253.918 -0.367842 100 27 0 0 0 0 0 0 0 0 0 -1.86587 100 30 -0.639791 100 16 0 0 0 0 0 0 0 0
17600 -252.938 -1.32582 100 16 0 0 0 0 0 0 0 0 0 -1.48067 100 22 -0.830552 100 23 0 0 0 0 0 0 0 0
17700 -254.653 -0.0653505 100 25 0 0 0 0 0 0 0 0 0 -1.96875 100 26 -0.344459 100 17 0 0 0 0 0 0 0 0
17800 -255.567 -0.131582 100 27 0 0 0 0 0 0 0 0 0 -2.16399 100 17 0.231009 100 23 0 0 0 0 0 0 0 0
17900 -255.202 -0.125526 100 25 0 0 0 0 0 0 0 0 0 -1.95152 100 19 -0.583465 100 22 0 0 0 0 0 0 0 0
18000 -252.667 -0.979974 100 19 0 0 0 0 0 0 0 0 0 -1.49419 100 17 -0.77677 100 18 0 0 0 0 0 0 0 0
18100 -252.345 -0.89091 100 19 0 0 0 0 0 0 0 0 0 -1.78987 100 21 -0.501925 100 16 0 0 0 0 0 0 0 0
18200 -252.759 -1.08974 100 23 0 0 0 0 0 0 0 0 0 -1.75663 100 20 -0.302091 100 22 0 0 0 0 0 0 0 0
18300 -253.044 -0.750233 100 29 0 0 0 0 0 0 0 0 0 -1.6661 100 16 -0.299878 100 19 0 0 0 0 0 0 0 0
18400 -253.817 -0.8432 100 24 0 0 0 0 0 0 0 0 0 -1.41279 100 27 -0.952928 100 21 0 0 0 0 0 0 0 0
18500 -254.571 -0.650393 100 23 0 0 0 0 0 0 0 0 0 -1.67084 100 23 -1.01428 100 22 0 0 0 0 0 0 0 0
18600 -253.289 -1.04971 100 21 0 0 0 0 0 0 0 0 0 -1.39082 100 20 -0.826146 100 22 0 0 0 0 0 0 0 0
18700 -253.029 -0.535087 100 27 0 0 0 0 0 0 0 0 0 -1.93656 100 31 -0.430119 100 18 0 0 0 0 0 0 0 0
18800 -253.078 -0.667473 100 19 0 0 0 0 0 0 0 0 0 -1.74838 100 23 -0.743239 100 13 0 0 0 0 0 0 0 0
18900 -254.438 -1.65363 100 23 0 0 0 0 0 0 0 0 0 -1.72123 100 27 -0.402876 100 21 0 0 0 0 0 0 0 0
19000 -253.244 -0.851521 100 27 0 0 0 0 0 0 0 0 0 -1.9802 100 28 -0.172242 100 17 0 0 0 0 0 0 0 0
19100 -254.339 -0.194235 100 24 0 0 0 0 0 0 0 0 0 -1.77656 100 27 -0.43772 100 18 0 0 0 0 0 0 0 0
19200 -255.335 -0.405908 100 26 0 0 0 0 0 0 0 0 0 -1.91857 100 10 0.130436 100 15 0 0 0 0 0 0 0 0
19300 -252.242 -0.772162 100 31 0 0 0 0 0 0 0 0 0 -1.69176 100 24 -0.476362 100 27 0 0 0 0 0 0 0 0
19400 -253.791 -1.51971 100 18 0 0 0 0 0 0 0 0 0 -1.43727 100 23 -0.967546 100 27 0 0 0 0 0 0 0 0
19500 -255.332 -0.430351 100 22 0 0 0 0 0 0 0 0 0 -1.88046 100 26 -0.849046 100 22 0 0 0 0 0 0 0 0
19600 -252.937 -1.35203 100 26 0 0 0 0 0 0 0 0 0 -1.58232 100 27 -0.76501 100 22 0 0 0 0 0 0 0 0
19700 -253.241 -1.00856 100 21 0 0 0 0 0 0 0 0 0 -1.41132 100 18 -0.883054 100 19 0 0 0 0 0 0 0 0
19800 -253.059 -0.941209 100 25 0 0 0 0 0 0 0 0 0 -1.58895 100 26 -0.371758 100 22 0 0 0 0 0 0 0 0
19900 -252.501 -1.21606 100 19 0 0 0 0 0 0 0 0 0 -1.5559 100 20 -0.694925 100 22 0 0 0 0 0 0 0 0
20000 -253.411 -0.909513 100 24 0 0 0 0 0 0 0 0 0 -1.91124 100 25 -0.54033 100 23 0 0 0 0 0 0 0 0
20100 -252.587 -1.02627 100 26 0 0 0 0 0 0 0 0 0 -1.52233 100 27 -0.591222 100 11 0 0 0 0 0 0 0 0
20200 -252.989 -1.315 100 25 0 0 0 0 0 0 0 0 0 -1.73079 100 27 -0.458139 100 19 0 0 0 0 0 0 0 0
20300 -252.863 -0.986469 100 21 0 0 0 0 0 0 0 0 0 -1.55114 100 21 -0.88531 100 26 0 0 0 0 0 0 0 0
20400 -252.28 -0.891117 100 19 0 0 0 0 0 0 0 0 0 -1.7643 100 20 -0.380769 100 21 0 0 0 0 0 0 0 0
20500 -254.858 -0.503422 100 21 0 0 0 0 0 0 0 0 0 -1.58288 100 16 -0.315117 100 17 0 0 0 0 0 0 0 0
20600 -253.912 -1.44316 100 29 0 0 0 0 0 0 0 0 0 -1.61062 100 33 -0.340079 100 11 0 0 0 0 0 0 0 0
20700 -256.27 -1.59287 100 18 0 0 0 0 0 0 0 0 0 -1.40455 100 22 -1.33175 100 25 0 0 0 0 0 0 0 0
20800 -252.618 -1.1223 100 27 0 0 0 0 0 0 0 0 0 -1.7736 100 15 -0.477098 100 21 0 0 0 0 0 0 0 0
20900 -254.267 -1.54653 100 20 0 0 0 0 0 0 0 0 0 -1.3397 100 15 -1.047 100 22 0 0 0 0 0 0 0 0
21000 -255.51 -2.00885 100 20 0 0 0 0 0 0 0 0 0 -1.52974 100 22 -0.628949 100 15 0 0 0 0 0 0 0 0
21100 -253.499 -0.912611 100 28 0 0 0 0 0 0 0 0 0 -1.47881 100 20 -0.994615 100 26 0 0 0 0 0 0 0 0
21200 -253.899 -1.37205 100 23 0 0 0 0 0 0 0 0 0 -1.4678 100 23 -1.0543 100 23 0 0 0 0 0 0 0 0
21300 -253.232 -1.16606 100 24 0 0 0 0 0 0 0 0 0 -1.45368 100 31 -0.568697 100 22 0 0 0 0 0 0 0 0
21400 -253.445 -1.11336 100 20 0 0 0 0 0 0 0 0 0 -1.92102 100 23 -0.298128 100 21 0 0 0 0 0 0 0 0
21500 -254.755 -1.51953 100 32 0 0 0 0 0 0 0 0 0 -1.36671 100 21 -1.17013 100 22 0 0 0 0 0 0 0 0
21600 -252.209 -0.818333 100 33 0 0 0 0 0 0 0 0 0 -1.7083 100 26 -0.572381 100 21 0 0 0 0 0 0 0 0
21700 -252.889 -0.924224 100 27 0 0 0 0 0 0 0 0 0 -1.82931 100 25 -0.592495 100 19 0 0 0 0 0 0 0 0
21800 -252.991 -0.472889 100 22 0 0 0 0 0 0 0 0 0 -1.80604 100 31 -0.561266 100 22 0 0 0 0 0 0 0 0
21900 -252.578 -0.698554 100 28 0 0 0 0 0 0 0 0 0 -1.74026 100 36 -0.314835 100 17 0 0 0 0 0 0 0 0
22000 -254.165 -0.966515 100 28 0 0 0 0 0 0 0 0 0 -1.32866 100 26 -0.951045 100 26 0 0 0 0 0 0 0 0
22100 -253.742 -1.59617 100 24 0 0 0 0 0 0 0 0 0 -1.56741 100 23 -0.522559 100 20 0 0 0 0 0 0 0 0
22200 -254.77 -0.684126 100 14 0 0 0 0 0 0 0 0 0 -2.11215 100 24 -0.388757 100 12 0 0 0 0 0 0 0 0
22300 -254.743 -1.2932 100 20 0 0 0 0 0 0 0 0 0 -1.92327 100 12 -0.0674716 100 17 0 0 0 0 0 0 0 0
22400 -252.463 -1.19572 100 28 0 0 0 0 0 0 0 0 0 -1.59174 100 25 -0.563641 100 25 0 0 0 0 0 0 0 0
22500 -253.784 -0.859014 100 22 0 0 0 0 0 0 0 0 0 -1.9572 100 27 -0.0121211 100 22 0 0 0 0 0 0 0 0
22600 -253.148 -1.26837 100 21 0 0 0 0 0 0 0 0 0 -1.47135 100 24 -0.569907 100 18 0 0 0 0 0 0 0 0
22700 -255.14 -0.092155 100 24 0 0 0 0 0 0 0 0 0 -1.84791 100 16 -0.187464 100 24 0 0 0 0 0 0 0 0
22800 -252.969 -0.519267 100 20 0 0 0 0 0 0 0 0 0 -1.67224 100 23 -0.582826 100 27 0 0 0 0 0 0 0 0
22900 -252.475 -1.21 100 20 0 0 0 0 0 0 0 0 0 -1.64897 100 26 -0.54406 100 25 0 0 0 0 0 0 0 0
23000 -255.776 -0.750941 100 22 0 0 0 0 0 0 0 0 0 -1.3429 100 14 -1.17547 100 15 0 0 0 0 0 0 0 0
23100 -253.306 -0.961415 100 26 0 0 0 0 0 0 0 0 0 -1.44108 100 23 -0.617965 100 21 0 0 0 0 0 0 0 0
23200 -252.453 -0.923195 100 29 0 0 0 0 0 0 0 0 0 -1.73895 100 26 -0.328347 100 24 0 0 0 0 0 0 0 0
23300 -253.431 -1.01971 100 22 0 0 0 0 0 0 0 0 0 -1.65932 100 24 -0.239748 100 19 0 0 0 0 0 0 0 0
23400 -252.628 -1.04253 100 24 0 0 0 0 0 0 0 0 0 -1.6788 100 28 -0.352503 100 19 0 0 0 0 0 0 0 0
23500 -252.974 -0.455367 100 24 0 0 0 0 0 0 0 0 0 -1.9565 100 24 -0.269422 100 23 0 0 0 0 0 0 0 0
23600 -253.461 -1.00019 100 28 0 0 0 0 0 0 0 0 0 -1.90548 100 32 -0.115727 100 20 0 0 0 0 0 0 0 0
23700 -252.644 -1.02596 100 23 0 0 0 0 0 0 0 0 0 -1.69239 100 22 -0.72753 100 20 0 0 0 0 0 0 0 0
23800 -253.751 -1.07642 100 27 0 0 0 0 0 0 0 0 0 -1.66648 100 24 -0.943307 100 21 0 0 0 0 0 0 0 0
23900 -253.344 -0.540685 100 19 0 0 0 0 0 0 0 0 0 -1.79855 100 25 -0.697067 100 17 0 0 0 0 0 0 0 0
24000 -253.778 -1.16582 100 26 0 0 0 0 0 0 0 0 0 -1.47895 100 26 -1.07404 100 23 0 0 0 0 0 0 0 0
24100 -252.988 -1.15337 100 19 0 0 0 0 0 0 0 0 0 -1.64759 100 23 -0.818698 100 22 0 0 0 0 0 0 0 0
24200 -252.344 -0.704889 100 22 0 0 0 0 0 0 0 0 0 -1.76894 100 20 -0.532154 100 22 0 0 0 0 0 0 0 0
24300 -254.248 -1.1333 100 20 0 0 0 0 0 0 0 0 0 -1.89496 100 18 -0.627509 100 21 0 0 0 0 0 0 0 0
24400 -252.528 -0.874027 100 21 0 0 0 0 0 0 0 0 0 -1.54298 100 27 -0.697485 100 19 0 0 0 0 0 0 0 0
24500 -253.701 -1.50373 100 15 0 0 0 0 0 0 0 0 0 -1.43289 100 23 -0.622163 100 20 0 0 0 0 0 0 0 0
24600 -253.545 -0.503319 100 28 0 0 0 0 0 0 0 0 0 -2.04078 100 30 -0.327742 100 20 0 0 0 0 0 0 0 0
24700 -253.25 -0.611823 100 26 0 0 0 0 0 0 0 0 0 -1.58241 100 23 -0.507533 100 24 0 0 0 0 0 0 0 0
24800 -253.2 -0.60247 100 20 0 0 0 0 0 0 0 0 0 -1.70058 100 26 -0.770707 100 21 0 0 0 0 0 0 0 0
24900 -254.4 -0.728501 100 24 0 0 0 0 0 0 0 0 0 -2.09364 100 26 -0.349812 100 28 0 0 0 0 0 0 0 0
25000 -252.395 -0.835319 100 24 0 0 0 0 0 0 0 0 0 -1.60405 100 25 -0.535784 100 23 0 0 0 0 0 0 0 0
25100 -253.873 -0.874103 100 17 0 0 0 0 0 0 0 0 0 -1.95844 100 25 -0.00259001 100 20 0 0 0 0 0 0 0 0
25200 -253.02 -0.759572 100 31 0 0 0 0 0 0 0 0 0 -1.97171 100 22 -0.196285 100 21 0 0 0 0 0 0 0 0
25300 -252.734 -1.02845 100 22 0 0 0 0 0 0 0 0 0 -1.63443 100 21 -0.810305 100 23 0 0 0 0 0 0 0 0
25400 -252.979 -0.579394 100 22 0 0 0 0 0 0 0 0 0 -1.72946 100 33 -0.294634 100 24 0 0 0 0 0 0 0 0
25500 -257.704 -2.28227 100 17 0 0 0 0 0 0 0 0 0 -1.25784 100 19 -1.10678 100 21 0 0 0 0 0 0 0 0
25600 -253.04 -0.955313 100 23 0 0 0 0 0 0 0 0 0 -1.5667 100 25 -0.91509 100 17 0 0 0 0 0 0 0 0
25700 -252.331 -1.10486 100 17 0 0 0 0 0 0 0 0 0 -1.57332 100 25 -0.642135 100 20 0 0 0 0 0 0 0 0
25800 -253.842 -0.246686 100 29 0 0 0 0 0 0 0 0 0 -1.81115 100 26 -0.464063 100 18 0 0 0 0 0 0 0 0
25900 -254.109 -0.140899 100 21 0 0 0 0 0 0 0 0 0 -1.99689 100 26 -0.186988 100 21 0 0 0 0 0 0 0 0
26000 -254.583 -0.848386 100 25 0 0 0 0 0 0 0 0 0 -1.91887 100 25 -0.73052 100 17 0 0 0 0 0 0 0 0
26100 -254.221 -0.306295 100 25 0 0 0 0 0 0 0 0 0 -2.15717 100 27 -0.00452883 100 13 0 0 0 0 0 0 0 0
26200 -252.542 -0.717902 100 23 0 0 0 0 0 0 0 0 0 -1.6302 100 24 -0.502346 100 17 0 0 0 0 0 0 0 0
26300 -252.661 -1.05096 100 19 0 0 0 0 0 0 0 0 0 -1.66625 100 27 -0.756582 100 14 0 0 0 0 0 0 0 0
26400 -252.332 -0.702498 100 20 0 0 0 0 0 0 0 0 0 -1.80376 100 20 -0.364139 100 15 0 0 0 0 0 0 0 0
26500 -258.149 -2.44051 100 18 0 0 0 0 0 0 0 0 0 -1.391 100 19 -0.705365 100 18 0 0 0 0 0 0 0 0
26600 -252.611 -0.754585 100 28 0 0 0 0 0 0 0 0 0 -1.83121 100 25 -0.545697 100 18 0 0 0 0 0 0 0 0
26700 -257.692 -1.31633 100 30 0 0 0 0 0 0 0 0 0 -1.18039 100 28 -0.615866 100 21 0 0 0 0 0 0 0 0
26800 -252.405 -0.648791 100 22 0 0 0 0 0 0 0 0 0 -1.71779 100 19 -0.538918 100 19 0 0 0 0 0 0 0 0
26900 -252.523 -0.799511 100 15 0 0 0 0 0 0 0 0 0 -1.85493 100 29 -0.452884 100 24 0 0 0 0 0 0 0 0
27000 -252.281 -0.795524 100 20 0 0 0 0 0 0 0 0 0 -1.79343 100 24 -0.373115 100 27 0 0 0 0 0 0 0 0
27100 -253.568 -1.00996 100 10 0 0 0 0 0 0 0 0 0 -1.91271 100 32 -0.52153 100 27 0 0 0 0 0 0 0 0
27200 -252.852 -0.509948 100 26 0 0 0 0 0 0 0 0 0 -1.94043 100 26 -0.312376 100 26 0 0 0 0 0 0 0 0
27300 -253.236 -0.528895 100 28 0 0 0 0 0 0 0 0 0 -1.61496 100 25 -0.61219 100 14 0 0 0 0 0 0 0 0
27400 -255.966 -0.661185 100 22 0 0 0 0 0 0 0 0 0 -2.13612 100 25 -0.517939 100 17 0 0 0 0 0 0 0 0
27500 -257.46 -1.53254 100 23 0 0 0 0 0 0 0 0 0 -1.52741 100 27 -1.37399 100 17 0 0 0 0 0 0 0 0
27600 -252.53 -0.601656 100 22 0 0 0 0 0 0 0 0 0 -1.79812 100 23 -0.324752 100 17 0 0 0 0 0 0 0 0
27700 -254.123 -0.761409 100 22 0 0 0 0 0 0 0 0 0 -1.72647 100 29 -0.939379 100 21 0 0 0 0 0 0 0 0
27800 -254.304 -0.291697 100 17 0 0 0 0 0 0 0 0 0 -1.75673 100 21 -0.246262 100 22 0 0 0 0 0 0 0 0
27900 -253.481 -1.06245 100 26 0 0 0 0 0 0 0 0 0 -1.93612 100 26 -0.368494 100 22 0 0 0 0 0 0 0 0
28000 -256.637 -2.11231 100 23 0 0 0 0 0 0 0 0 0 -1.28334 100 16 -0.800822 100 21 0 0 0 0 0 0 0 0
28100 -253.818 -1.05487 100 18 0 0 0 0 0 0 0 0 0 -1.54607 100 29 -0.329262 100 18 0 0 0 0 0 0 0 0
28200 -253.328 -0.527298 100 18 0 0 0 0 0 0 0 0 0 -1.64138 100 16 -0.729807 100 17 0 0 0 0 0 0 0 0
28300 -253.122 -1.23958 100 20 0 0 0 0 0 0 0 0 0 -1.40764 100 18 -0.751867 100 26 0 0 0 0 0 0 0 0
28400 -252.322 -0.954229 100 24 0 0 0 0 0 0 0 0 0 -1.62307 100 25 -0.487654 100 13 0 0 0 0 0 0 0 0
28500 -252.337 -0.777694 100 23 0 0 0 0 0 0 0 0 0 -1.6317 100 21 -0.606743 100 24 0 0 0 0 0 0 0 0
28600 -252.813 -0.987978 100 28 0 0 0 0 0 0 0 0 0 -1.47294 100 19 -0.818563 100 16 0 0 0 0 0 0 0 0
28700 -253.32 -0.725671 100 23 0 0 0 0 0 0 0 0 0 -1.60529 100 28 -0.889407 100 21 0 0 0 0 0 0 0 0
28800 -257.105 -0.784639 100 25 0 0 0 0 0 0 0 0 0 -1.32019 100 30 -1.3669 100 24 0 0 0 0 0 0 0 0
28900 -253.322 -0.873648 100 24 0 0 0 0 0 0 0 0 0 -1.91932 100 23 -0.0943633 100 29 0 0 0 0 0 0 0 0
29000 -252.757 -1.01599 100 19 0 0 0 0 0 0 0 0 0 -1.82834 100 21 -0.275471 100 23 0 0 0 0 0 0 0 0
29100 -254.507 -0.148532 100 19 0 0 0 0 0 0 0 0 0 -1.93882 100 26 -0.482454 100 18 0 0 0 0 0 0 0 0
29200 -253.898 -0.907542 100 22 0 0 0 0 0 0 0 0 0 -2.0086 100 24 -0.393292 100 21 0 0 0 0 0 0 0 0
29300 -253.136 -0.895189 100 19 0 0 0 0 0 0 0 0 0 -1.92439 100 22 -0.441324 100 25 0 0 0 0 0 0 0 0
29400 -252.228 -1.01387 100 20 0 0 0 0 0 0 0 0 0 -1.62179 100 29 -0.550884 100 23 0 0 0 0 0 0 0 0
29500 -253.464 -1.16729 100 23 0 0 0 0 0 0 0 0 0 -1.89339 100 24 -0.38845 100 24 0 0 0 0 0 0 0 0
29600 -253.275 -0.958784 100 25 0 0 0 0 0 0 0 0 0 -1.73776 100 24 -0.184669 100 33 0 0 0 0 0 0 0 0
29700 -253.504 -1.32207 100 31 0 0 0 0 0 0 0 0 0 -1.70755 100 22 -0.286359 100 15 0 0 0 0 0 0 0 0
29800 -252.649 -0.96321 100 20 0 0 0 0 0 0 0 0 0 -1.85583 100 24 -0.337641 100 22 0 0 0 0 0 0 0 0
29900 -253.257 -0.487377 100 18 0 0 0 0 0 0 0 0 0 -1.67384 100 25 -0.422716 100 26 0 0 0 0 0 0 0 0
30000 -253.253 -0.351211 100 20 0 0 0 0 0 0 0 0 0 -1.96806 100 23 -0.287354 100 23 0 0 0 0 0 0 0 0
30100 -253.262 -1.30328 100 21 0 0 0 0 0 0 0 0 0 -1.45031 100 30 -0.94822 100 22 0 0 0 0 0 0 0 0
30200 -254.525 -1.49771 100 21 0 0 0 0 0 0 0 0 0 -1.47504 100 23 -1.10121 100 31 0 0 0 0 0 0 0 0
30300 -252.734 -0.524653 100 30 0 0 0 0 0 0 0 0 0 -1.76883 100 32 -0.544132 100 23 0 0 0 0 0 0 0 0
30400 -253.18 -0.622839 100 19 0 0 0 0 0 0 0 0 0 -1.67688 100 26 -0.310719 100 22 0 0 0 0 0 0 0 0
30500 -255.924 -1.8226 100 22 0 0 0 0 0 0 0 0 0 -1.81348 100 31 -0.351965 100 31 0 0 0 0 0 0 0 0
30600 -254.118 -1.21854 100 20 0 0 0 0 0 0 0 0 0 -1.29374 100 33 -0.853311 100 15 0 0 0 0 0 0 0 0
30700 -252.658 -0.624007 100 21 0 0 0 0 0 0 0 0 0 -1.6942 100 19 -0.64495 100 13 0 0 0 0 0 0 0 0
30800 -256.227 -0.534684 100 28 0 0 0 0 0 0 0 0 0 -2.33862 100 21 0.00290202 100 21 0 0 0 0 0 0 0 0
30900 -252.709 -0.915737 100 24 0 0 0 0 0 0 0 0 0 -1.68983 100 23 -0.761967 100 21 0 0 0 0 0 0 0 0
31000 -255.659 -1.68915 100 24 0 0 0 0 0 0 0 0 0 -1.195 100 22 -1.1152 100 14 0 0 0 0 0 0 0 0
31100 -253.338 -1.13259 100 27 0 0 0 0 0 0 0 0 0 -1.84963 100 17 -0.201351 100 15 0 0 0 0 0 0 0 0
31200 -253.002 -0.407553 100 24 0 0 0 0 0 0 0 0 0 -1.83558 100 25 -0.315887 100 14 0 0 0 0 0 0 0 0
31300 -253.026 -1.15238 100 21 0 0 0 0 0 0 0 0 0 -1.41757 100 23 -0.754274 100 19 0 0 0 0 0 0 0 0
31400 -255.539 0.0346376 100 23 0 0 0 0 0 0 0 0 0 -1.91279 100 23 -0.275704 100 16 0 0 0 0 0 0 0 0
31500 -257.781 -0.898293 100 28 0 0 0 0 0 0 0 0 0 -1.43072 100 25 -0.205892 100 21 0 0 0 0 0 0 0 0
31600 -252.174 -0.92561 100 16 0 0 0 0 0 0 0 0 0 -1.71519 100 27 -0.531404 100 19 0 0 0 0 0 0 0 0
31700 -252.494 -0.582645 100 16 0 0 0 0 0 0 0 0 0 -1.83808 100 29 -0.380411 100 18 0 0 0 0 0 0 0 0
31800 -252.414 -1.06755 100 21 0 0 0 0 0 0 0 0 0 -1.54587 100 18 -0.728686 100 22 0 0 0 0 0 0 0 0
31900 -254.257 -0.112248 100 26 0 0 0 0 0 0 0 0 0 -1.97383 100 23 -0.253169 100 22 0 0 0 0 0 0 0 0
32000 -256.083 -1.23431 100 23 0 0 0 0 0 0 0 0 0 -2.0457 100 21 -0.491359 100 22 0 0 0 0 0 0 0 0
32100 -253.357 -0.394274 100 27 0 0 0 0 0 0 0 0 0 -1.72132 100 18 -0.446871 100 15 0 0 0 0 0 0 0 0
32200 -254.297 -0.715811 100 24 0 0 0 0 0 0 0 0 0 -1.67253 100 22 -0.998281 100 22 0 0 0 0 0 0 0 0
32300 -253.372 -0.878941 100 20 0 0 0 0 0 0 0 0 0 -1.63342 100 24 -0.927925 100 32 0 0 0 0 0 0 0 0
32400 -253.125 -0.951144 100 18 0 0 0 0 0 0 0 0 0 -1.87018 100 23 -0.551309 100 22 0 0 0 0 0 0 0 0
32500 -255.681 -0.286945 100 19 0 0 0 0 0 0 0 0 0 -2.33178 100 25 0.0968184 100 20 0 0 0 0 0 0 0 0
32600 -254.943 -1.19288 100 19 0 0 0 0 0 0 0 0 0 -1.33972 100 31 -1.24611 100 19 0 0 0 0 0 0 0 0
32700 -253.526 -1.54139 100 24 0 0 0 0 0 0 0 0 0 -1.47074 100 21 -0.641332 100 15 0 0 0 0 0 0 0 0
32800 -252.423 -1.01915 100 26 0 0 0 0 0 0 0 0 0 -1.58281 100 24 -0.753641 100 16 0 0 0 0 0 0 0 0
32900 -252.976 -0.789095 100 22 0 0 0 0 0 0 0 0 0 -1.50724 100 24 -0.769218 100 16 0 0 0 0 0 0 0 0
33000 -253.068 -0.786842 100 25 0 0 0 0 0 0 0 0 0 -1.97427 100 23 -0.198491 100 21 0 0 0 0 0 0 0 0
33100 -254.895 -0.422716 100 23 0 0 0 0 0 0 0 0 0 -2.01595 100 31 -0.614194 100 22 0 0 0 0 0 0 0 0
33200 -253.614 -0.400893 100 17 0 0 0 0 0 0 0 0 0 -2.03117 100 30 -0.344489 100 18 0 0 0 0 0 0 0 0
33300 -252.856 -0.465158 100 32 0 0 0 0 0 0 0 0 0 -1.76347 100 20 -0.434728 100 15 0 0 0 0 0 0 0 0
33400 -252.402 -0.975157 100 25 0 0 0 0 0 0 0 0 0 -1.72368 100 27 -0.627996 100 22 0 0 0 0 0 0 0 0
33500 -253.699 -1.21582 100 24 0 0 0 0 0 0 0 0 0 -1.33654 100 19 -0.957935 100 17 0 0 0 0 0 0 0 0
33600 -254.13 -0.611801 100 24 0 0 0 0 0 0 0 0 0 -1.82144 100 19 -0.816232 100 23 0 0 0 0 0 0 0 0
33700 -253.12 -0.761179 100 25 0 0 0 0 0 0 0 0 0 -1.71837 100 32 -0.223524 100 23 0 0 0 0 0 0 0 0
33800 -254.61 -0.361307 100 23 0 0 0 0 0 0 0 0 0 -1.72546 100 24 -0.827537 100 19 0 0 0 0 0 0 0 0
33900 -253.225 -0.687728 100 31 0 0 0 0 0 0 0 0 0 -2.01752 100 26 -0.171545 100 29 0 0 0 0 0 0 0 0
34000 -254.33 -0.888727 100 28 0 0 0 0 0 0 0 0 0 -1.81124 100 28 -0.862386 100 29 0 0 0 0 0 0 0 0
34100 -256.713 -0.807895 100 27 0 0 0 0 0 0 0 0 0 -2.31696 100 24 0.188556 100 23 0 0 0 0 0 0 0 0
34200 -254.709 -0.068547 100 17 0 0 0 0 0 0 0 0 0 -1.91399 100 20 -0.238451 100 17 0 0 0 0 0 0 0 0
34300 -252.692 -0.693994 100 26 0 0 0 0 0 0 0 0 0 -1.92591 100 26 -0.277221 100 22 0 0 0 0 0 0 0 0
34400 -255.013 -1.33488 100 20 0 0 0 0 0 0 0 0 0 -1.94731 100 27 -0.486277 100 19 0 0 0 0 0 0 0 0
34500 -254.445 -0.519288 100 10 0 0 0 0 0 0 0 0 0 -2.16669 100 18 0.0853158 100 16 0 0 0 0 0 0 0 0
34600 -253.119 -1.09104 100 10 0 0 0 0 0 0 0 0 0 -1.409 100 25 -0.761353 100 20 0 0 0 0 0 0 0 0
34700 -256.586 -2.06597 100 26 0 0 0 0 0 0 0 0 0 -1.70511 100 17 -0.560591 100 18 0 0 0 0 0 0 0 0
34800 -253.604 -1.32046 100 26 0 0 0 0 0 0 0 0 0 -1.72021 100 25 -0.749528 100 21 0 0 0 0 0 0 0 0
34900 -252.572 -1.14639 100 23 0 0 0 0 0 0 0 0 0 -1.54198 100 31 -0.564372 100 18 0 0 0 0 0 0 0 0
35000 -252.169 -0.824701 100 25 0 0 0 0 0 0 0 0 0 -1.72689 100 26 -0.468898 100 22 0 0 0 0 0 0 0 0
35100 -252.555 -1.04098 100 15 0 0 0 0 0 0 0 0 0 -1.53016 100 28 -0.582214 100 18 0 0 0 0 0 0 0 0
35200 -253.008 -1.39557 100 26 0 0 0 0 0 0 0 0 0 -1.6438 100 23 -0.511685 100 13 0 0 0 0 0 0 0 0
35300 -254.987 -1.21211 100 13 0 0 0 0 0 0 0 0 0 -1.49011 100 32 -0.298925 100 25 0 0 0 0 0 0 0 0
35400 -256.179 -1.27138 100 21 0 0 0 0 0 0 0 0 0 -2.02402 100 22 -0.53853 100 16 0 0 0 0 0 0 0 0
35500 -252.548 -0.812797 100 24 0 0 0 0 0 0 0 0 0 -1.86826 100 23 -0.417315 100 15 0 0 0 0 0 0 0 0
35600 -252.326 -0.78975 100 13 0 0 0 0 0 0 0 0 0 -1.67648 100 23 -0.441655 100 25 0 0 0 0 0 0 0 0
35700 -254.983 -0.535889 100 23 0 0 0 0 0 0 0 0 0 -2.21857 100 17 0.146458 100 26 0 0 0 0 0 0 0 0
35800 -252.797 -0.526203 100 20 0 0 0 0 0 0 0 0 0 -1.82116 100 24 -0.26364 100 18 0 0 0 0 0 0 0 0
35900 -257.134 -1.72426 100 22 0 0 0 0 0 0 0 0 0 -1.55677 100 23 -1.23721 100 20 0 0 0 0 0 0 0 0
36000 -255.07 -1.77792 100 28 0 0 0 0 0 0 0 0 0 -1.31287 100 28 -0.757368 100 20 0 0 0 0 0 0 0 0
36100 -254.29 -1.66574 100 30 0 0 0 0 0 0 0 0 0 -1.45579 100 15 -0.966591 100 20 0 0 0 0 0 0 0 0
36200 -253.018 -0.653112 100 24 0 0 0 0 0 0 0 0 0 -1.98727 100 18 -0.187342 100 14 0 0 0 0 0 0 0 0
36300 -252.896 -0.568811 100 17 0 0 0 0 0 0 0 0 0 -1.65668 100 22 -0.643712 100 20 0 0 0 0 0 0 0 0
36400 -252.839 -0.844933 100 19 0 0 0 0 0 0 0 0 0 -1.9135 100 19 -0.391294 100 18 0 0 0 0 0 0 0 0
36500 -252.824 -1.1573 100 20 0 0 0 0 0 0 0 0 0 -1.54089 100 23 -0.86749 100 25 0 0 0 0 0 0 0 0
36600 -256.576 -1.91548 100 28 0 0 0 0 0 0 0 0 0 -1.58771 100 25 -0.284669 100 23 0 0 0 0 0 0 0 0
36700 -254.061 -1.57731 100 26 0 0 0 0 0 0 0 0 0 -1.45029 100 22 -0.560627 100 23 0 0 0 0 0 0 0 0
36800 -253.219 -1.3125 100 22 0 0 0 0 0 0 0 0 0 -1.76109 100 21 -0.357448 100 18 0 0 0 0 0 0 0 0
36900 -254.215 -0.998454 100 22 0 0 0 0 0 0 0 0 0 -2.00606 100 23 -0.0177157 100 27 0 0 0 0 0 0 0 0
37000 -252.341 -0.744101 100 24 0 0 0 0 0 0 0 0 0 -1.8297 100 19 -0.394456 100 22 0 0 0 0 0 0 0 0
37100 -252.507 -0.683219 100 31 0 0 0 0 0 0 0 0 0 -1.67382 100 27 -0.641102 100 20 0 0 0 0 0 0 0 0
37200 -252.96 -0.587587 100 18 0 0 0 0 0 0 0 0 0 -1.62651 100 25 -0.516639 100 19 0 0 0 0 0 0 0 0
37300 -255.223 -1.43364 100 18 0 0 0 0 0 0 0 0 0 -1.96223 100 27 -0.172009 100 17 0 0 0 0 0 0 0 0
37400 -252.663 -0.771847 100 19 0 0 0 0 0 0 0 0 0 -1.55793 100 23 -0.672105 100 25 0 0 0 0 0 0 0 0
37500 -252.517 -1.07261 100 21 0 0 0 0 0 0 0 0 0 -1.69447 100 19 -0.380225 100 19 0 0 0 0 0 0 0 0
37600 -252.93 -0.664884 100 21 0 0 0 0 0 0 0 0 0 -1.86818 100 29 -0.15121 100 20 0 0 0 0 0 0 0 0
37700 -253.526 -0.84449 100 19 0 0 0 0 0 0 0 0 0 -1.76719 100 22 -0.12238 100 17 0 0 0 0 0 0 0 0
37800 -253.31 -0.362952 100 22 0 0 0 0 0 0 0 0 0 -1.78577 100 19 -0.511108 100 20 0 0 0 0 0 0 0 0
37900 -252.597 -0.811174 100 27 0 0 0 0 0 0 0 0 0 -1.58599 100 27 -0.512026 100 17 0 0 0 0 0 0 0 0
38000 -253.377 -1.07913 100 24 0 0 0 0 0 0 0 0 0 -1.42262 100 24 -0.984541 100 26 0 0 0 0 0 0 0 0
38100 -253.839 -1.02041 100 21 0 0 0 0 0 0 0 0 0 -1.69053 100 28 -0.937261 100 22 0 0 0 0 0 0 0 0
38200 -253.576 -1.16483 100 21 0 0 0 0 0 0 0 0 0 -1.6469 100 29 -0.25695 100 28 0 0 0 0 0 0 0 0
38300 -253.372 -0.935887 100 23 0 0 0 0 0 0 0 0 0 -1.96689 100 25 -0.340176 100 24 0 0 0 0 0 0 0 0
38400 -254.593 -0.853098 100 22 0 0 0 0 0 0 0 0 0 -1.94483 100 21 -0.683994 100 22 0 0 0 0 0 0 0 0
38500 -253.522 -0.975709 100 19 0 0 0 0 0 0 0 0 0 -1.39268 100 21 -0.723017 100 15 0 0 0 0 0 0 0 0
38600 -253.326 -1.24532 100 31 0 0 0 0 0 0 0 0 0 -1.78291 100 32 -0.265019 100 19 0 0 0 0 0 0 0 0
38700 -256.312 -0.882115 100 26 0 0 0 0 0 0 0 0 0 -1.84966 100 30 -1.02095 100 24 0 0 0 0 0 0 0 0
38800 -254.505 -1.50635 100 22 0 0 0 0 0 0 0 0 0 -1.82998 100 25 -0.267038 100 19 0 0 0 0 0 0 0 0
38900 -252.681 -0.624246 100 19 0 0 0 0 0 0 0 0 0 -1.86129 100 23 -0.493048 100 20 0 0 0 0 0 0 0 0
39000 -254.929 -0.611283 100 18 0 0 0 0 0 0 0 0 0 -2.11984 100 27 0.191013 100 20 0 0 0 0 0 0 0 0
39100 -252.556 -0.857349 100 20 0 0 0 0 0 0 0 0 0 -1.85965 100 30 -0.427342 100 21 0 0 0 0 0 0 0 0
39200 -252.774 -0.952255 100 25 0 0 0 0 0 0 0 0 0 -1.76417 100 35 -0.246673 100 13 0 0 0 0 0 0 0 0
39300 -252.966 -0.958624 100 17 0 0 0 0 0 0 0 0 0 -1.65549 100 21 -0.302549 100 30 0 0 0 0 0 0 0 0
39400 -253.838 -1.31714 100 20 0 0 0 0 0 0 0 0 0 -1.33663 100 22 -0.751542 100 20 0 0 0 0 0 0 0 0
39500 -252.925 -0.626348 100 16 0 0 0 0 0 0 0 0 0 -1.96841 100 22 -0.308134 100 25 0 0 0 0 0 0 0 0
39600 -253.223 -0.871973 100 27 0 0 0 0 0 0 0 0 0 -1.5697 100 25 -0.933242 100 16 0 0 0 0 0 0 0 0
39700 -253.059 -0.634438 100 20 0 0 0 0 0 0 0 0 0 -1.69599 100 22 -0.29765 100 18 0 0 0 0 0 0 0 0
39800 -252.543 -1.15917 100 19 0 0 0 0 0 0 0 0 0 -1.51122 100 23 -0.676733 100 27 0 0 0 0 0 0 0 0
39900 -252.644 -0.892495 100 23 0 0 0 0 0 0 0 0 0 -1.87884 100 26 -0.319481 100 20 0 0 0 0 0 0 0 0
40000 -254.871 -1.84605 100 24 0 0 0 0 0 0 0 0 0 -1.35964 100 23 -0.812507 100 22 0 0 0 0 0 0 0 0
40100 -256.566 -1.7825 100 26 0 0 0 0 0 0 0 0 0 -1.1407 100 24 -0.972601 100 19 0 0 0 0 0 0 0 0
40200 -253.896 -1.01287 100 20 0 0 0 0 0 0 0 0 0 -1.36873 100 29 -1.0282 100 21 0 0 0 0 0 0 0 0
40300 -253.275 -0.705977 100 21 0 0 0 0 0 0 0 0 0 -2.01987 100 20 -0.15285 100 23 0 0 0 0 0 0 0 0
40400 -254.231 -0.713403 100 24 0 0 0 0 0 0 0 0 0 -1.59047 100 30 -1.03117 100 21 0 0 0 0 0 0 0 0
40500 -252.651 -0.760974 100 21 0 0 0 0 0 0 0 0 0 -1.80768 100 21 -0.23237 100 23 0 0 0 0 0 0 0 0
40600 -252.26 -0.797117 100 26 0 0 0 0 0 0 0 0 0 -1.6578 100 19 -0.604706 100 21 0 0 0 0 0 0 0 0
40700 -255.273 -0.196004 100 23 0 0 0 0 0 0 0 0 0 -1.79971 100 23 -0.74688 100 17 0 0 0 0 0 0 0 0
40800 -253.733 -0.834476 100 24 0 0 0 0 0 0 0 0 0 -2.05185 100 30 -0.162938 100 26 0 0 0 0 0 0 0 0
40900 -254.078 -0.301322 100 18 0 0 0 0 0 0 0 0 0 -1.9736 100 19 -0.50221 100 24 0 0 0 0 0 0 0 0
41000 -252.545 -0.869049 100 19 0 0 0 0 0 0 0 0 0 -1.60746 100 22 -0.770177 100 26 0 0 0 0 0 0 0 0
41100 -252.837 -0.864487 100 24 0 0 0 0 0 0 0 0 0 -1.78897 100 19 -0.208031 100 22 0 0 0 0 0 0 0 0
41200 -254.914 -0.984871 100 18 0 0 0 0 0 0 0 0 0 -2.10568 100 28 -0.253032 100 22 0 0 0 0 0 0 0 0
41300 -253.191 -1.09588 100 21 0 0 0 0 0 0 0 0 0 -1.84714 100 19 -0.537125 100 20 0 0 0 0 0 0 0 0
41400 -252.677 -1.15409 100 26 0 0 0 0 0 0 0 0 0 -1.60848 100 21 -0.786394 100 25 0 0 0 0 0 0 0 0
41500 -252.863 -1.09505 100 27 0 0 0 0 0 0 0 0 0 -1.68244 100 24 -0.769587 100 16 0 0 0 0 0 0 0 0
41600 -252.433 -0.617839 100 15 0 0 0 0 0 0 0 0 0 -1.76109 100 22 -0.506819 100 16 0 0 0 0 0 0 0 0
41700 -254.349 -1.01935 100 17 0 0 0 0 0 0 0 0 0 -1.63091 100 19 -1.06306 100 21 0 0 0 0 0 0 0 0
41800 -253.296 -1.29967 100 33 0 0 0 0 0 0 0 0 0 -1.56339 100 25 -0.908886 100 17 0 0 0 0 0 0 0 0
41900 -255.556 -0.731277 100 19 0 0 0 0 0 0 0 0 0 -1.63687 100 22 -1.16738 100 20 0 0 0 0 0 0 0 0
42000 -253.468 -0.294508 100 18 0 0 0 0 0 0 0 0 0 -1.99323 100 27 -0.243798 100 18 0 0 0 0 0 0 0 0
42100 -253.139 -1.38768 100 34 0 0 0 0 0 0 0 0 0 -1.6278 100 26 -0.447387 100 27 0 0 0 0 0 0 0 0
42200 -253.171 -0.822006 100 24 0 0 0 0 0 0 0 0 0 -1.95934 100 29 -0.384365 100 16 0 0 0 0 0 0 0 0
42300 -253.223 -0.352954 100 24 0 0 0 0 0 0 0 0 0 -1.94982 100 27 -0.319045 100 20 0 0 0 0 0 0 0 0
42400 -254.684 -1.27468 100 17 0 0 0 0 0 0 0 0 0 -1.74997 100 23 -0.894503 100 19 0 0 0 0 0 0 0 0
42500 -254.412 -0.923211 100 24 0 0 0 0 0 0 0 0 0 -2.01272 100 25 0.0529568 100 19 0 0 0 0 0 0 0 0
42600 -252.585 -1.15143 100 19 0 0 0 0 0 0 0 0 0 -1.68873 100 25 -0.405079 100 25 0 0 0 0 0 0 0 0
42700 -255.042 -0.515472 100 17 0 0 0 0 0 0 0 0 0 -1.87617 100 24 -0.844135 100 22 0 0 0 0 0 0 0 0
42800 -253.33 -1.21677 100 21 0 0 0 0 0 0 0 0 0 -1.78441 100 22 -0.243713 100 25 0 0 0 0 0 0 0 0
42900 -253.627 -0.74074 100 30 0 0 0 0 0 0 0 0 0 -2.05862 100 27 -0.108384 100 14 0 0 0 0 0 0 0 0
43000 -253.316 -0.587347 100 33 0 0 0 0 0 0 0 0 0 -1.6031 100 20 -0.45853 100 21 0 0 0 0 0 0 0 0
43100 -252.97 -0.539266 100 26 0 0 0 0 0 0 0 0 0 -1.78534 100 20 -0.24768 100 17 0 0 0 0 0 0 0 0
43200 -252.849 -0.782254 100 27 0 0 0 0 0 0 0 0 0 -1.81255 100 20 -0.637241 100 14 0 0 0 0 0 0 0 0
43300 -254.336 -0.211084 100 25 0 0 0 0 0 0 0 0 0 -2.15149 100 26 -0.0219235 100 23 0 0 0 0 0 0 0 0
43400 -252.421 -0.657395 100 17 0 0 0 0 0 0 0 0 0 -1.82065 100 33 -0.464306 100 15 0 0 0 0 0 0 0 0
43500 -255.29 -1.4569 100 16 0 0 0 0 0 0 0 0 0 -1.88212 100 23 -0.0814502 100 27 0 0 0 0 0 0 0 0
43600 -254.293 -1.34173 100 23 0 0 0 0 0 0 0 0 0 -1.48893 100 26 -0.386132 100 21 0 0 0 0 0 0 0 0
43700 -255.819 -1.65417 100 22 0 0 0 0 0 0 0 0 0 -1.90797 100 23 -0.250752 100 24 0 0 0 0 0 0 0 0
43800 -255.809 -1.09135 100 18 0 0 0 0 0 0 0 0 0 -1.18839 100 28 -0.966013 100 19 0 0 0 0 0 0 0 0
43900 -253.007 -1.03137 100 20 0 0 0 0 0 0 0 0 0 -1.42946 100 31 -0.762123 100 18 0 0 0 0 0 0 0 0
44000 -257.923 -2.39546 100 22 0 0 0 0 0 0 0 0 0 -1.33642 100 23 -0.776492 100 16 0 0 0 0 0 0 0 0
44100 -252.834 -1.29097 100 25 0 0 0 0 0 0 0 0 0 -1.46728 100 32 -0.752061 100 23 0 0 0 0 0 0 0 0
44200 -252.705 -1.02205 100 23 0 0 0 0 0 0 0 0 0 -1.72137 100 16 -0.300932 100 22 0 0 0 0 0 0 0 0
44300 -254.487 -0.264437 100 26 0 0 0 0 0 0 0 0 0 -1.73983 100 31 -0.685399 100 22 0 0 0 0 0 0 0 0
44400 -252.207 -0.99413 100 28 0 0 0 0 0 0 0 0 0 -1.6179 100 26 -0.615159 100 17 0 0 0 0 0 0 0 0
44500 -253.25 -1.37635 100 17 0 0 0 0 0 0 0 0 0 -1.45354 100 20 -0.624783 100 20 0 0 0 0 0 0 0 0
44600 -252.349 -0.794948 100 22 0 0 0 0 0 0 0 0 0 -1.72359 100 23 -0.620524 100 27 0 0 0 0 0 0 0 0
44700 -252.822 -0.790439 100 20 0 0 0 0 0 0 0 0 0 -1.78796 100 25 -0.667675 100 20 0 0 0 0 0 0 0 0
44800 -252.384 -1.07117 100 27 0 0 0 0 0 0 0 0 0 -1.57581 100 27 -0.72748 100 22 0 0 0 0 0 0 0 0
44900 -253.502 -0.652165 100 25 0 0 0 0 0 0 0 0 0 -1.88313 100 19 -0.0496081 100 13 0 0 0 0 0 0 0 0
45000 -254.376 -0.913451 100 21 0 0 0 0 0 0 0 0 0 -1.33267 100 26 -0.779013 100 18 0 0 0 0 0 0 0 0
45100 -252.989 -1.00538 100 24 0 0 0 0 0 0 0 0 0 -1.49298 100 18 -0.913165 100 23 0 0 0 0 0 0 0 0
45200 -252.998 -0.399918 100 17 0 0 0 0 0 0 0 0 0 -1.90077 100 22 -0.3514 100 21 0 0 0 0 0 0 0 0
45300 -253.017 -1.43412 100 35 0 0 0 0 0 0 0 0 0 -1.51232 100 24 -0.70159 100 24 0 0 0 0 0 0 0 0
45400 -255.984 -0.732741 100 24 0 0 0 0 0 0 0 0 0 -2.25297 100 27 -0.168322 100 23 0 0 0 0 0 0 0 0
45500 -254.062 -1.55204 100 17 0 0 0 0 0 0 0 0 0 -1.39122 100 26 -1.01402 100 25 0 0 0 0 0 0 0 0
45600 -252.911 -0.846913 100 23 0 0 0 0 0 0 0 0 0 -1.49069 100 23 -0.763386 100 19 0 0 0 0 0 0 0 0
45700 -255.46 -1.43569 100 18 0 0 0 0 0 0 0 0 0 -1.28078 100 23 -0.621298 100 22 0 0 0 0 0 0 0 0
45800 -255.399 -0.901033 100 23 0 0 0 0 0 0 0 0 0 -2.17255 100 23 -0.198507 100 19 0 0 0 0 0 0 0 0
45900 -252.991 -0.710363 100 19 0 0 0 0 0 0 0 0 0 -1.97949 100 26 -0.231076 100 18 0 0 0 0 0 0 0 0
46000 -252.87 -0.81927 100 19 0 0 0 0 0 0 0 0 0 -1.91771 100 34 -0.19481 100 24 0 0 0 0 0 0 0 0
46100 -253.479 -0.652136 100 17 0 0 0 0 0 0 0 0 0 -1.55641 100 33 -0.474634 100 19 0 0 0 0 0 0 0 0
46200 -253.325 -0.843252 100 23 0 0 0 0 0 0 0 0 0 -1.89015 100 22 -0.0855203 100 24 0 0 0 0 0 0 0 0
46300 -252.688 -1.09595 100 26 0 0 0 0 0 0 0 0 0 -1.64028 100 27 -0.387281 100 22 0 0 0 0 0 0 0 0
46400 -253.411 -0.787976 100 21 0 0 0 0 0 0 0 0 0 -2.01431 100 28 -0.119045 100 16 0 0 0 0 0 0 0 0
46500 -253.382 -0.755261 100 22 0 0 0 0 0 0 0 0 0 -1.55414 100 23 -0.916737 100 19 0 0 0 0 0 0 0 0
46600 -252.987 -0.959895 100 21 0 0 0 0 0 0 0 0 0 -1.91175 100 30 -0.253647 100 23 0 0 0 0 0 0 0 0
46700 -252.372 -1.01796 100 27 0 0 0 0 0 0 0 0 0 -1.66455 100 24 -0.682991 100 12 0 0 0 0 0 0 0 0
46800 -254.378 -0.678061 100 28 0 0 0 0 0 0 0 0 0 -2.11503 100 28 0.0834188 100 18 0 0 0 0 0 0 0 0
46900 -254.487 -0.2396 100 30 0 0 0 0 0 0 0 0 0 -2.15466 100 28 0.0738141 100 18 0 0 0 0 0 0 0 0
47000 -254.825 -0.040655 100 18 0 0 0 0 0 0 0 0 0 -2.07166 100 31 -0.0359255 100 23 0 0 0 0 0 0 0 0
47100 -252.473 -0.816775 100 34 0 0 0 0 0 0 0 0 0 -1.85789 100 20 -0.395935 100 18 0 0 0 0 0 0 0 0
47200 -252.567 -0.736032 100 19 0 0 0 0 0 0 0 0 0 -1.83817 100 21 -0.245898 100 26 0 0 0 0 0 0 0 0
47300 -253.931 -0.837495 100 20 0 0 0 0 0 0 0 0 0 -1.43502 100 24 -0.56712 100 19 0 0 0 0 0 0 0 0
47400 -253.81 -0.95607 100 30 0 0 0 0 0 0 0 0 0 -1.46697 100 35 -1.06271 100 19 0 0 0 0 0 0 0 0
47500 -255.274 -0.943431 100 25 0 0 0 0 0 0 0 0 0 -1.58471 100 20 -1.20323 100 27 0 0 0 0 0 0 0 0
47600 -252.884 -0.729196 100 26 0 0 0 0 0 0 0 0 0 -1.55037 100 33 -0.735857 100 16 0 0 0 0 0 0 0 0
47700 -254.329 -0.713215 100 20 0 0 0 0 0 0 0 0 0 -1.56421 100 24 -1.05053 100 14 0 0 0 0 0 0 0 0
47800 -253.464 -0.499813 100 27 0 0 0 0 0 0 0 0 0 -1.61177 100 22 -0.676801 100 24 0 0 0 0 0 0 0 0
47900 -257.762 0.281821 100 15 0 0 0 0 0 0 0 0 0 -2.09411 100 21 -0.357441 100 18 0 0 0 0 0 0 0 0
48000 -253.877 -0.36978 100 21 0 0 0 0 0 0 0 0 0 -1.75607 100 25 -0.696763 100 27 0 0 0 0 0 0 0 0
48100 -253.824 -0.524233 100 28 0 0 0 0 0 0 0 0 0 -1.5754 100 21 -0.802701 100 26 0 0 0 0 0 0 0 0
48200 -253.562 -0.838199 100 25 0 0 0 0 0 0 0 0 0 -1.77983 100 28 -0.10823 100 16 0 0 0 0 0 0 0 0
48300 -252.337 -0.91041 100 18 0 0 0 0 0 0 0 0 0 -1.57749 100 28 -0.612412 100 22 0 0 0 0 0 0 0 0
48400 -252.976 -0.493735 100 24 0 0 0 0 0 0 0 0 0 -1.72391 100 25 -0.600962 100 17 0 0 0 0 0 0 0 0
48500 -254.535 -0.388215 100 26 0 0 0 0 0 0 0 0 0 -2.20743 100 24 0.0196364 100 25 0 0 0 0 0 0 0 0
48600 -252.308 -1.00148 100 24 0 0 0 0 0 0 0 0 0 -1.71686 100 25 -0.58713 100 20 0 0 0 0 0 0 0 0
48700 -254.149 -0.443151 100 17 0 0 0 0 0 0 0 0 0 -1.9392 100 25 0.035748 100 18 0 0 0 0 0 0 0 0
48800 -252.911 -1.37805 100 22 0 0 0 0 0 0 0 0 0 -1.58209 100 21 -0.549906 100 19 0 0 0 0 0 0 0 0
48900 -255.031 -0.866173 100 25 0 0 0 0 0 0 0 0 0 -1.80293 100 15 -0.956996 100 29 0 0 0 0 0 0 0 0
49000 -253.836 -1.64031 100 21 0 0 0 0 0 0 0 0 0 -1.45196 100 30 -0.68867 100 15 0 0 0 0 0 0 0 0
49100 -254.264 -1.36408 100 17 0 0 0 0 0 0 0 0 0 -1.29767 100 23 -0.774777 100 18 0 0 0 0 0 0 0 0
49200 -255.651 -1.00441 100 22 0 0 0 0 0 0 0 0 0 -1.21504 100 23 -1.0459 100 16 0 0 0 0 0 0 0 0
49300 -253.559 -0.435879 100 26 0 0 0 0 0 0 0 0 0 -1.7564 100 22 -0.241625 100 26 0 0 0 0 0 0 0 0
49400 -254.264 -1.49496 100 20 0 0 0 0 0 0 0 0 0 -1.81521 100 33 -0.490837 100 21 0 0 0 0 0 0 0 0
49500 -253.737 -1.32728 100 21 0 0 0 0 0 0 0 0 0 -1.63287 100 22 -0.901588 100 20 0 0 0 0 0 0 0 0
49600 -252.974 -0.462853 100 18 0 0 0 0 0 0 0 0 0 -1.93686 100 28 -0.362166 100 17 0 0 0 0 0 0 0 0
49700 -252.743 -0.924549 100 20 0 0 0 0 0 0 0 0 0 -1.75293 100 19 -0.253816 100 21 0 0 0 0 0 0 0 0
49800 -252.231 -0.901295 100 18 0 0 0 0 0 0 0 0 0 -1.62231 100 26 -0.553917 100 18 0 0 0 0 0 0 0 0
49900 -253.951 -0.913322 100 24 0 0 0 0 0 0 0 0 0 -1.44244 100 24 -1.06501 100 20 0 0 0 0 0 0 0 0
50000 -252.364 -0.85409 100 22 0 0 0 0 0 0 0 0 0 -1.81188 100 23 -0.467872 100 21 0 0 0 0 0 0 0 0
50100 -254.382 -0.700035 100 20 0 0 0 0 0 0 0 0 0 -2.11667 100 20 0.0734737 100 18 0 0 0 0 0 0 0 0
50200 -252.24 -0.873622 100 29 0 0 0 0 0 0 0 0 0 -1.6736 100 24 -0.632351 100 20 0 0 0 0 0 0 0 0
50300 -252.499 -0.817388 100 23 0 0 0 0 0 0 0 0 0 -1.69931 100 25 -0.349127 100 26 0 0 0 0 0 0 0 0
50400 -253.982 -0.765956 100 19 0 0 0 0 0 0 0 0 0 -1.99908 100 25 -0.499485 100 27 0 0 0 0 0 0 0 0
50500 -254.455 -0.708591 100 26 0 0 0 0 0 0 0 0 0 -1.59438 100 20 -1.05771 100 23 0 0 0 0 0 0 0 0
50600 -254.22 -0.950031 100 25 0 0 0 0 0 0 0 0 0 -1.50732 100 32 -0.348533 100 15 0 0 0 0 0 0 0 0
50700 -253.623 -1.22082 100 22 0 0 0 0 0 0 0 0 0 -1.54199 100 28 -0.374069 100 16 0 0 0 0 0 0 0 0
50800 -252.603 -1.10703 100 18 0 0 0 0 0 0 0 0 0 -1.71571 100 30 -0.645668 100 23 0 0 0 0 0 0 0 0
50900 -254.575 -0.503284 100 25 0 0 0 0 0 0 0 0 0 -2.11763 100 21 -0.372913 100 22 0 0 0 0 0 0 0 0
51000 -253.084 -1.38558 100 28 0 0 0 0 0 0 0 0 0 -1.52262 100 24 -0.560143 100 10 0 0 0 0 0 0 0 0
51100 -253.029 -1.37541 100 21 0 0 0 0 0 0 0 0 0 -1.68273 100 31 -0.580457 100 13 0 0 0 0 0 0 0 0
51200 -252.609 -0.997414 100 21 0 0 0 0 0 0 0 0 0 -1.82373 100 20 -0.465573 100 14 0 0 0 0 0 0 0 0
51300 -252.917 -0.506313 100 19 0 0 0 0 0 0 0 0 0 -1.87551 100 25 -0.489817 100 21 0 0 0 0 0 0 0 0
51400 -255.329 -0.619483 100 23 0 0 0 0 0 0 0 0 0 -2.25858 100 30 0.0653978 100 22 0 0 0 0 0 0 0 0
51500 -253.843 -0.590063 100 22 0 0 0 0 0 0 0 0 0 -1.78418 100 30 -0.0970871 100 17 0 0 0 0 0 0 0 0
51600 -252.296 -0.981025 100 23 0 0 0 0 0 0 0 0 0 -1.75382 100 30 -0.500407 100 14 0 0 0 0 0 0 0 0
51700 -252.862 -0.679466 100 22 0 0 0 0 0 0 0 0 0 -1.73727 100 17 -0.262778 100 16 0 0 0 0 0 0 0 0
51800 -252.802 -0.758606 100 20 0 0 0 0 0 0 0 0 0 -1.76591 100 24 -0.689939 100 14 0 0 0 0 0 0 0 0
51900 -257.663 -1.20073 100 26 0 0 0 0 0 0 0 0 0 -1.13321 100 27 -0.764853 100 26 0 0 0 0 0 0 0 0
52000 -254.706 -0.157889 100 20 0 0 0 0 0 0 0 0 0 -1.83796 100 16 -0.191499 100 24 0 0 0 0 0 0 0 0
52100 -254.255 -1.20837 100 31 0 0 0 0 0 0 0 0 0 -1.36717 100 22 -0.57884 100 20 0 0 0 0 0 0 0 0
52200 -252.388 -1.10295 100 24 0 0 0 0 0 0 0 0 0 -1.67447 100 29 -0.454958 100 23 0 0 0 0 0 0 0 0
52300 -252.65 -0.862989 100 25 0 0 0 0 0 0 0 0 0 -1.87698 100 24 -0.266925 100 16 0 0 0 0 0 0 0 0
52400 -254.743 -0.994609 100 26 0 0 0 0 0 0 0 0 0 -2.07251 100 28 -0.328616 100 21 0 0 0 0 0 0 0 0
52500 -253.156 -1.3249 100 20 0 0 0 0 0 0 0 0 0 -1.75294 100 17 -0.402049 100 20 0 0 0 0 0 0 0 0
52600 -253.37 -0.844767 100 27 0 0 0 0 0 0 0 0 0 -1.93097 100 27 -0.0776602 100 25 0 0 0 0 0 0 0 0
52700 -254.249 -0.357126 100 30 0 0 0 0 0 0 0 0 0 -2.1198 100 22 -0.283729 100 17 0 0 0 0 0 0 0 0
52800 -254.788 -0.680679 100 18 0 0 0 0 0 0 0 0 0 -1.73933 100 29 -0.0369886 100 22 0 0 0 0 0 0 0 0
52900 -254.635 -0.387745 100 25 0 0 0 0 0 0 0 0 0 -1.56617 100 28 -0.732353 100 18 0 0 0 0 0 0 0 0
53000 -252.242 -0.826932 100 22 0 0 0 0 0 0 0 0 0 -1.69681 100 24 -0.436839 100 30 0 0 0 0 0 0 0 0
53100 -253.955 -0.873262 100 19 0 0 0 0 0 0 0 0 0 -1.44418 100 25 -0.520674 100 27 0 0 0 0 0 0 0 0
53200 -253.485 -0.94112 100 19 0 0 0 0 0 0 0 0 0 -1.84153 100 21 -0.684231 100 19 0 0 0 0 0 0 0 0
53300 -253.582 -0.78768 100 24 0 0 0 0 0 0 0 0 0 -2.04328 100 31 -0.219186 100 24 0 0 0 0 0 0 0 0
53400 -254.062 -0.667223 100 26 0 0 0 0 0 0 0 0 0 -1.44195 100 25 -0.785992 100 17 0 0 0 0 0 0 0 0
53500 -252.167 -0.852355 100 19 0 0 0 0 0 0 0 0 0 -1.69088 100 22 -0.491179 100 10 0 0 0 0 0 0 0 0
53600 -252.723 -0.601501 100 21 0 0 0 0 0 0 0 0 0 -1.86583 100 20 -0.49118 100 19 0 0 0 0 0 0 0 0
53700 -253.338 -0.664664 100 23 0 0 0 0 0 0 0 0 0 -1.7449 100 17 -0.183224 100 25 0 0 0 0 0 0 0 0
53800 -254.012 -1.02271 100 17 0 0 0 0 0 0 0 0 0 -1.66075 100 23 -0.99202 100 23 0 0 0 0 0 0 0 0
53900 -252.851 -0.714934 100 18 0 0 0 0 0 0 0 0 0 -1.79019 100 19 -0.206671 100 19 0 0 0 0 0 0 0 0
54000 -253.323 -0.405857 100 21 0 0 0 0 0 0 0 0 0 -2.02662 100 26 -0.182236 100 29 0 0 0 0 0 0 0 0
54100 -255.184 -1.72578 100 20 0 0 0 0 0 0 0 0 0 -1.24738 100 23 -0.906431 100 21 0 0 0 0 0 0 0 0
54200 -255.661 -0.687992 100 22 0 0 0 0 0 0 0 0 0 -1.73675 100 25 -1.08974 100 14 0 0 0 0 0 0 0 0
54300 -252.929 -1.28218 100 25 0 0 0 0 0 0 0 0 0 -1.64061 100 15 -0.415156 100 19 0 0 0 0 0 0 0 0
54400 -254.968 -1.90829 100 22 0 0 0 0 0 0 0 0 0 -1.41886 100 27 -0.83869 100 15 0 0 0 0 0 0 0 0
54500 -252.974 -1.05445 100 24 0 0 0 0 0 0 0 0 0 -1.55742 100 19 -0.428923 100 27 0 0 0 0 0 0 0 0
54600 -253.75 -1.06876 100 16 0 0 0 0 0 0 0 0 0 -1.95834 100 29 -0.141728 100 13 0 0 0 0 0 0 0 0
54700 -252.662 -0.77952 100 18 0 0 0 0 0 0 0 0 0 -1.86211 100 24 -0.219368 100 18 0 0 0 0 0 0 0 0
54800 -253.047 -0.688915 100 25 0 0 0 0 0 0 0 0 0 -1.57098 100 22 -0.786896 100 24 0 0 0 0 0 0 0 0
54900 -252.262 -1.08197 100 24 0 0 0 0 0 0 0 0 0 -1.65187 100 21 -0.537234 100 21 0 0 0 0 0 0 0 0
55000 -253.367 -0.409366 100 22 0 0 0 0 0 0 0 0 0 -1.97334 100 29 -0.0951566 100 21 0 0 0 0 0 0 0 0
55100 -252.71 -0.757013 100 28 0 0 0 0 0 0 0 0 0 -1.76914 100 22 -0.244874 100 24 0 0 0 0 0 0 0 0
55200 -252.376 -1.01598 100 27 0 0 0 0 0 0 0 0 0 -1.61547 100 25 -0.725212 100 23 0 0 0 0 0 0 0 0
55300 -253.011 -0.546505 100 21 0 0 0 0 0 0 0 0 0 -1.69781 100 19 -0.365807 100 17 0 0 0 0 0 0 0 0
55400 -253.555 -1.39367 100 17 0 0 0 0 0 0 0 0 0 -1.70438 100 30 -0.711457 100 18 0 0 0 0 0 0 0 0
55500 -254.046 -0.497102 100 33 0 0 0 0 0 0 0 0 0 -1.56818 100 25 -0.809846 100 21 0 0 0 0 0 0 0 0
55600 -252.603 -0.867784 100 16 0 0 0 0 0 0 0 0 0 -1.75776 100 24 -0.657112 100 19 0 0 0 0 0 0 0 0
55700 -255.385 -1.54946 100 21 0 0 0 0 0 0 0 0 0 -1.23975 100 25 -1.21499 100 18 0 0 0 0 0 0 0 0
55800 -252.579 -1.12566 100 22 0 0 0 0 0 0 0 0 0 -1.65083 100 28 -0.414815 100 16 0 0 0 0 0 0 0 0
55900 -258.182 -2.46297 100 20 0 0 0 0 0 0 0 0 0 -1.45372 100 20 -0.696785 100 18 0 0 0 0 0 0 0 0
56000 -255.013 -0.504503 100 25 0 0 0 0 0 0 0 0 0 -1.7044 100 23 -0.987895 100 25 0 0 0 0 0 0 0 0
56100 -253.078 -1.01847 100 23 0 0 0 0 0 0 0 0 0 -1.8846 100 25 -0.215917 100 17 0 0 0 0 0 0 0 0
56200 -252.347 -1.05422 100 22 0 0 0 0 0 0 0 0 0 -1.56813 100 17 -0.594648 100 22 0 0 0 0 0 0 0 0
56300 -255.472 -0.857434 100 18 0 0 0 0 0 0 0 0 0 -1.28206 100 20 -1.09342 100 15 0 0 0 0 0 0 0 0
56400 -253.222 -1.3122 100 18 0 0 0 0 0 0 0 0 0 -1.78283 100 19 -0.442215 100 17 0 0 0 0 0 0 0 0
56500 -253.588 -0.786613 100 21 0 0 0 0 0 0 0 0 0 -1.84234 100 25 -0.724683 100 21 0 0 0 0 0 0 0 0
56600 -253.641 -0.921835 100 27 0 0 0 0 0 0 0 0 0 -1.93341 100 22 -0.0541703 100 21 0 0 0 0 0 0 0 0
56700 -252.922 -1.3019 100 17 0 0 0 0 0 0 0 0 0 -1.70241 100 21 -0.425993 100 10 0 0 0 0 0 0 0 0
56800 -258.276 -1.69224 100 27 0 0 0 0 0 0 0 0 0 -2.07498 100 20 0.0359542 100 17 0 0 0 0 0 0 0 0
56900 -253.917 -1.50531 100 19 0 0 0 0 0 0 0 0 0 -1.40976 100 32 -0.616616 100 25 0 0 0 0 0 0 0 0
57000 -253.946 -0.863997 100 24 0 0 0 0 0 0 0 0 0 -1.77511 100 26 -0.0712576 100 26 0 0 0 0 0 0 0 0
57100 -253.077 -0.752014 100 17 0 0 0 0 0 0 0 0 0 -1.88079 100 19 -0.571596 100 24 0 0 0 0 0 0 0 0
57200 -252.679 -1.17368 100 15 0 0 0 0 0 0 0 0 0 -1.7531 100 24 -0.414133 100 18 0 0 0 0 0 0 0 0
57300 -255.043 -1.24363 100 27 0 0 0 0 0 0 0 0 0 -1.81991 100 18 -0.0130017 100 15 0 0 0 0 0 0 0 0
57400 -252.323 -1.08198 100 29 0 0 0 0 0 0 0 0 0 -1.70669 100 21 -0.493621 100 28 0 0 0 0 0 0 0 0
57500 -252.26 -0.951009 100 22 0 0 0 0 0 0 0 0 0 -1.67577 100 27 -0.444768 100 28 0 0 0 0 0 0 0 0
57600 -252.179 -0.871193 100 25 0 0 0 0 0 0 0 0 0 -1.65724 100 27 -0.585113 100 12 0 0 0 0 0 0 0 0
57700 -252.889 -0.951764 100 26 0 0 0 0 0 0 0 0 0 -1.62305 100 22 -0.352594 100 16 0 0 0 0 0 0 0 0
57800 -252.666 -0.554297 100 15 0 0 0 0 0 0 0 0 0 -1.73279 100 24 -0.41408 100 26 0 0 0 0 0 0 0 0
57900 -253.106 -1.17501 100 19 0 0 0 0 0 0 0 0 0 -1.82563 100 28 -0.296372 100 22 0 0 0 0 0 0 0 0
58000 -253.28 -0.642708 100 30 0 0 0 0 0 0 0 0 0 -1.55224 100 25 -0.555783 100 16 0 0 0 0 0 0 0 0
58100 -253.266 -0.946783 100 25 0 0 0 0 0 0 0 0 0 -1.56976 100 15 -0.954302 100 19 0 0 0 0 0 0 0 0
58200 -253.36 -0.726162 100 21 0 0 0 0 0 0 0 0 0 -1.82031 100 24 -0.720209 100 20 0 0 0 0 0 0 0 0
58300 -252.38 -0.967827 100 27 0 0 0 0 0 0 0 0 0 -1.73858 100 20 -0.364045 100 20 0 0 0 0 0 0 0 0
58400 -253.421 -0.885258 100 26 0 0 0 0 0 0 0 0 0 -1.43627 100 28 -0.915493 100 22 0 0 0 0 0 0 0 0
58500 -257.804 0.0090506 100 24 0 0 0 0 0 0 0 0 0 -1.65136 100 19 -0.578695 100 19 0 0 0 0 0 0 0 0
58600 -252.875 -0.780309 100 23 0 0 0 0 0 0 0 0 0 -1.53051 100 19 -0.60728 100 16 0 0 0 0 0 0 0 0
58700 -256.543 -1.69572 100 29 0 0 0 0 0 0 0 0 0 -1.94591 100 24 -0.160784 100 19 0 0 0 0 0 0 0 0
58800 -253.047 -0.407913 100 22 0 0 0 0 0 0 0 0 0 -1.79526 100 19 -0.365684 100 30 0 0 0 0 0 0 0 0
58900 -256.033 -1.20086 100 17 0 0 0 0 0 0 0 0 0 -1.6714 100 24 -0.0264083 100 22 0 0 0 0 0 0 0 0
59000 -253.189 -0.728101 100 21 0 0 0 0 0 0 0 0 0 -1.57937 100 28 -0.426924 100 21 0 0 0 0 0 0 0 0
59100 -253.456 -0.981446 100 11 0 0 0 0 0 0 0 0 0 -1.8928 100 32 -0.560496 100 25 0 0 0 0 0 0 0 0
59200 -256.549 -0.30685 100 28 0 0 0 0 0 0 0 0 0 -2.2132 100 24 -0.457034 100 15 0 0 0 0 0 0 0 0
59300 -253.731 -0.619794 100 22 0 0 0 0 0 0 0 0 0 -2.00029 100 27 0.0202977 100 19 0 0 0 0 0 0 0 0
59400 -254.835 -1.07204 100 25 0 0 0 0 0 0 0 0 0 -1.98228 100 15 -0.556878 100 22 0 0 0 0 0 0 0 0
59500 -259.758 -2.16322 100 29 0 0 0 0 0 0 0 0 0 -1.06784 100 29 -0.858321 100 17 0 0 0 0 0 0 0 0
59600 -252.186 -0.878182 100 15 0 0 0 0 0 0 0 0 0 -1.66212 100 21 -0.509395 100 14 0 0 0 0 0 0 0 0
59700 -252.797 -0.699837 100 16 0 0 0 0 0 0 0 0 0 -1.82884 100 19 -0.595943 100 18 0 0 0 0 0 0 0 0
59800 -254.355 -0.831228 100 25 0 0 0 0 0 0 0 0 0 -2.07673 100 21 0.0462328 100 14 0 0 0 0 0 0 0 0
59900 -253.009 -1.44012 100 24 0 0 0 0 0 0 0 0 0 -1.55335 100 20 -0.644238 100 19 0 0 0 0 0 0 0 0
60000 -252.787 -0.897548 100 19 0 0 0 0 0 0 0 0 0 -1.64733 100 26 -0.342251 100 10 0 0 0 0 0 0 0 0
60100 -252.523 -0.896876 100 16 0 0 0 0 0 0 0 0 0 -1.84177 100 22 -0.443388 100 29 0 0 0 0 0 0 0 0
60200 -253.532 -0.826657 100 24 0 0 0 0 0 0 0 0 0 -1.47743 100 17 -0.537649 100 19 0 0 0 0 0 0 0 0
60300 -252.367 -0.87081 100 16 0 0 0 0 0 0 0 0 0 -1.61613 100 21 -0.499583 100 20 0 0 0 0 0 0 0 0
60400 -254.057 -0.7874 100 19 0 0 0 0 0 0 0 0 0 -1.43738 100 26 -1.00353 100 17 0 0 0 0 0 0 0 0
60500 -252.471 -0.731992 100 22 0 0 0 0 0 0 0 0 0 -1.80122 100 27 -0.287474 100 18 0 0 0 0 0 0 0 0
60600 -254.728 -1.57536 100 29 0 0 0 0 0 0 0 0 0 -1.77035 100 24 -0.661372 100 24 0 0 0 0 0 0 0 0
60700 -253.868 -1.39446 100 26 0 0 0 0 0 0 0 0 0 -1.69802 100 25 -0.269709 100 20 0 0 0 0 0 0 0 0
60800 -252.508 -0.832541 100 23 0 0 0 0 0 0 0 0 0 -1.8587 100 26 -0.414338 100 26 0 0 0 0 0 0 0 0
60900 -254.357 -1.62806 100 23 0 0 0 0 0 0 0 0 0 -1.72728 100 24 -0.58989 100 20 0 0 0 0 0 0 0 0
61000 -252.457 -0.875622 100 34 0 0 0 0 0 0 0 0 0 -1.84044 100 26 -0.413377 100 16 0 0 0 0 0 0 0 0
61100 -252.296 -0.758326 100 20 0 0 0 0 0 0 0 0 0 -1.6891 100 23 -0.454793 100 22 0 0 0 0 0 0 0 0
61200 -255.037 -1.57795 100 23 0 0 0 0 0 0 0 0 0 -1.26019 100 30 -0.777289 100 19 0 0 0 0 0 0 0 0
61300 -255.205 -1.79897 100 25 0 0 0 0 0 0 0 0 0 -1.41394 100 20 -1.07231 100 19 0 0 0 0 0 0 0 0
61400 -252.794 -0.488998 100 27 0 0 0 0 0 0 0 0 0 -1.9128 100 28 -0.318315 100 22 0 0 0 0 0 0 0 0
61500 -254.825 -1.15496 100 25 0 0 0 0 0 0 0 0 0 -1.86384 100 21 -0.767041 100 19 0 0 0 0 0 0 0 0
61600 -252.858 -1.03144 100 22 0 0 0 0 0 0 0 0 0 -1.64267 100 28 -0.828721 100 20 0 0 0 0 0 0 0 0
61700 -252.916 -1.10904 100 21 0 0 0 0 0 0 0 0 0 -1.53507 100 21 -0.900562 100 20 0 0 0 0 0 0 0 0
61800 -255.044 -0.0618409 100 22 0 0 0 0 0 0 0 0 0 -2.20462 100 30 -0.0630997 100 25 0 0 0 0 0 0 0 0
61900 -253.08 -0.925911 100 25 0 0 0 0 0 0 0 0 0 -1.92983 100 26 -0.373281 100 20 0 0 0 0 0 0 0 0
62000 -252.185 -0.896236 100 24 0 0 0 0 0 0 0 0 0 -1.64088 100 33 -0.59196 100 22 0 0 0 0 0 0 0 0
62100 -252.47 -0.712853 100 18 0 0 0 0 0 0 0 0 0 -1.6632 100 22 -0.458649 100 24 0 0 0 0 0 0 0 0
62200 -252.394 -0.944872 100 17 0 0 0 0 0 0 0 0 0 -1.65048 100 27 -0.424675 100 23 0 0 0 0 0 0 0 0
62300 -252.167 -0.907582 100 21 0 0 0 0 0 0 0 0 0 -1.71686 100 20 -0.472275 100 23 0 0 0 0 0 0 0 0
62400 -253.517 -1.35052 100 14 0 0 0 0 0 0 0 0 0 -1.45396 100 24 -0.992385 100 16 0 0 0 0 0 0 0 0
62500 -256.318 -1.41273 100 17 0 0 0 0 0 0 0 0 0 -2.07504 100 19 -0.199235 100 28 0 0 0 0 0 0 0 0
62600 -252.569 -0.685292 100 30 0 0 0 0 0 0 0 0 0 -1.64418 100 23 -0.657402 100 21 0 0 0 0 0 0 0 0
62700 -252.876 -0.875445 100 27 0 0 0 0 0 0 0 0 0 -1.80059 100 28 -0.653447 100 15 0 0 0 0 0 0 0 0
62800 -258.218 -1.75394 100 25 0 0 0 0 0 0 0 0 0 -2.02315 100 24 0.0270812 100 20 0 0 0 0 0 0 0 0
62900 -253.247 -1.03114 100 26 0 0 0 0 0 0 0 0 0 -1.59697 100 26 -0.937358 100 18 0 0 0 0 0 0 0 0
63000 -253.295 -1.38784 100 23 0 0 0 0 0 0 0 0 0 -1.61055 100 27 -0.806658 100 22 0 0 0 0 0 0 0 0
63100 -254.606 -1.26585 100 29 0 0 0 0 0 0 0 0 0 -1.76457 100 33 -0.0899209 100 28 0 0 0 0 0 0 0 0
63200 -253.284 -1.00484 100 26 0 0 0 0 0 0 0 0 0 -1.40826 100 28 -0.726854 100 23 0 0 0 0 0 0 0 0
63300 -252.309 -0.674528 100 19 0 0 0 0 0 0 0 0 0 -1.77241 100 19 -0.428685 100 19 0 0 0 0 0 0 0 0
63400 -252.339 -0.996747 100 16 0 0 0 0 0 0 0 0 0 -1.59908 100 24 -0.522188 100 22 0 0 0 0 0 0 0 0
63500 -256.668 -0.745228 100 22 0 0 0 0 0 0 0 0 0 -2.33335 100 24 0.182832 100 21 0 0 0 0 0 0 0 0
63600 -254.232 -0.825743 100 20 0 0 0 0 0 0 0 0 0 -2.10062 100 28 -0.198772 100 22 0 0 0 0 0 0 0 0
63700 -252.229 -1.06093 100 23 0 0 0 0 0 0 0 0 0 -1.65165 100 30 -0.565392 100 22 0 0 0 0 0 0 0 0
63800 -252.529 -0.581715 100 26 0 0 0 0 0 0 0 0 0 -1.85227 100 28 -0.398881 100 9 0 0 0 0 0 0 0 0
63900 -252.369 -0.724193 100 28 0 0 0 0 0 0 0 0 0 -1.81112 100 15 -0.483621 100 22 0 0 0 0 0 0 0 0
64000 -257.022 -0.579941 100 25 0 0 0 0 0 0 0 0 0 -1.84592 100 34 0.207893 100 17 0 0 0 0 0 0 0 0
64100 -254.803 -1.43992 100 23 0 0 0 0 0 0 0 0 0 -1.30186 100 23 -0.665765 100 18 0 0 0 0 0 0 0 0
64200 -255.747 -0.0724465 100 18 0 0 0 0 0 0 0 0 0 -1.8863 100 23 -0.0417974 100 21 0 0 0 0 0 0 0 0
64300 -254.141 -0.548834 100 34 0 0 0 0 0 0 0 0 0 -1.69142 100 17 -0.903097 100 23 0 0 0 0 0 0 0 0
64400 -254.881 -0.113717 100 22 0 0 0 0 0 0 0 0 0 -1.89285 100 28 -0.122514 100 25 0 0 0 0 0 0 0 0
64500 -253.027 -0.774356 100 27 0 0 0 0 0 0 0 0 0 -1.92597 100 21 -0.133755 100 26 0 0 0 0 0 0 0 0
64600 -254.068 -1.19197 100 21 0 0 0 0 0 0 0 0 0 -1.73992 100 21 -0.858897 100 17 0 0 0 0 0 0 0 0
64700 -252.578 -1.05952 100 16 0 0 0 0 0 0 0 0 0 -1.61786 100 21 -0.780365 100 18 0 0 0 0 0 0 0 0
64800 -252.498 -0.746804 100 17 0 0 0 0 0 0 0 0 0 -1.70133 100 27 -0.36522 100 23 0 0 0 0 0 0 0 0
64900 -253.453 -0.637595 100 25 0 0 0 0 0 0 0 0 0 -1.85405 100 24 -0.0757779 100 18 0 0 0 0 0 0 0 0
65000 -254.511 -1.61958 100 20 0 0 0 0 0 0 0 0 0 -1.63728 100 19 -0.842805 100 17 0 0 0 0 0 0 0 0
65100 -254.585 -1.47963 100 24 0 0 0 0 0 0 0 0 0 -1.25227 100 27 -0.943348 100 20 0 0 0 0 0 0 0 0
65200 -252.349 -1.01652 100 25 0 0 0 0 0 0 0 0 0 -1.71851 100 26 -0.596081 100 20 0 0 0 0 0 0 0 0
65300 -255.961 -0.908377 100 21 0 0 0 0 0 0 0 0 0 -1.55479 100 25 -0.143506 100 22 0 0 0 0 0 0 0 0
65400 -253.762 -1.1903 100 21 0 0 0 0 0 0 0 0 0 -1.50073 100 30 -0.407139 100 25 0 0 0 0 0 0 0 0
65500 -254.627 -0.182466 100 23 0 0 0 0 0 0 0 0 0 -2.1705 100 20 -0.161466 100 18 0 0 0 0 0 0 0 0
65600 -256.943 -0.722503 100 30 0 0 0 0 0 0 0 0 0 -1.79123 100 23 -1.15641 100 17 0 0 0 0 0 0 0 0
65700 -254.356 -0.761131 100 22 0 0 0 0 0 0 0 0 0 -1.64371 100 26 -1.0358 100 24 0 0 0 0 0 0 0 0
65800 -253.706 -1.60684 100 33 0 0 0 0 0 0 0 0 0 -1.58051 100 25 -0.548396 100 18 0 0 0 0 0 0 0 0
65900 -252.629 -0.652915 100 21 0 0 0 0 0 0 0 0 0 -1.6381 100 27 -0.62129 100 17 0 0 0 0 0 0 0 0
66000 -252.563 -0.859485 100 15 0 0 0 0 0 0 0 0 0 -1.76427 100 29 -0.638101 100 21 0 0 0 0 0 0 0 0
66100 -253.426 -0.67695 100 25 0 0 0 0 0 0 0 0 0 -1.54974 100 32 -0.481427 100 22 0 0 0 0 0 0 0 0
66200 -253.44 -1.54209 100 22 0 0 0 0 0 0 0 0 0 -1.60861 100 28 -0.657593 100 27 0 0 0 0 0 0 0 0
66300 -254.909 -1.05587 100 16 0 0 0 0 0 0 0 0 0 -2.06625 100 25 0.0255478 100 15 0 0 0 0 0 0 0 0
66400 -252.775 -1.34133 100 17 0 0 0 0 0 0 0 0 0 -1.52193 100 31 -0.6914 100 19 0 0 0 0 0 0 0 0
66500 -252.35 -0.69125 100 20 0 0 0 0 0 0 0 0 0 -1.73548 100 28 -0.406881 100 25 0 0 0 0 0 0 0 0
66600 -253.211 -0.816751 100 29 0 0 0 0 0 0 0 0 0 -1.46712 100 29 -0.687054 100 15 0 0 0 0 0 0 0 0
66700 -254.133 -1.05858 100 19 0 0 0 0 0 0 0 0 0 -2.02044 100 24 -0.247384 100 16 0 0 0 0 0 0 0 0
66800 -252.596 -0.65247 100 17 0 0 0 0 0 0 0 0 0 -1.79323 100 20 -0.276549 100 20 0 0 0 0 0 0 0 0
66900 -256.572 0.074812 100 17 0 0 0 0 0 0 0 0 0 -2.27927 100 20 -0.192284 100 18 0 0 0 0 0 0 0 0
67000 -253.619 -1.17564 100 25 0 0 0 0 0 0 0 0 0 -1.78624 100 17 -0.16955 100 30 0 0 0 0 0 0 0 0
67100 -253.087 -1.37887 100 21 0 0 0 0 0 0 0 0 0 -1.47321 100 23 -0.849057 100 14 0 0 0 0 0 0 0 0
67200 -254.769 -1.46527 100 17 0 0 0 0 0 0 0 0 0 -1.89104 100 22 -0.218078 100 18 0 0 0 0 0 0 0 0
67300 -254.253 -1.066 100 22 0 0 0 0 0 0 0 0 0 -1.88789 100 21 -0.676184 100 19 0 0 0 0 0 0 0 0
67400 -256.783 -0.018754 100 23 0 0 0 0 0 0 0 0 0 -2.27549 100 29 0.374996 100 17 0 0 0 0 0 0 0 0
67500 -252.493 -0.608855 100 21 0 0 0 0 0 0 0 0 0 -1.77797 100 30 -0.524163 100 18 0 0 0 0 0 0 0 0
67600 -252.881 -0.541653 100 16 0 0 0 0 0 0 0 0 0 -1.67956 100 16 -0.607704 100 24 0 0 0 0 0 0 0 0
67700 -253.387 -0.698968 100 29 0 0 0 0 0 0 0 0 0 -1.69675 100 18 -0.84863 100 27 0 0 0 0 0 0 0 0
67800 -252.446 -1.12945 100 19 0 0 0 0 0 0 0 0 0 -1.60813 100 17 -0.501858 100 30 0 0 0 0 0 0 0 0
67900 -252.967 -1.26649 100 22 0 0 0 0 0 0 0 0 0 -1.43938 100 27 -0.838729 100 17 0 0 0 0 0 0 0 0
68000 -257.083 0.215936 100 24 0 0 0 0 0 0 0 0 0 -2.32247 100 27 0.260381 100 22 0 0 0 0 0 0 0 0
68100 -253.523 -0.843352 100 25 0 0 0 0 0 0 0 0 0 -1.62644 100 26 -0.268736 100 19 0 0 0 0 0 0 0 0
68200 -253.905 -0.303491 100 22 0 0 0 0 0 0 0 0 0 -1.92601 100 25 -0.0712657 100 18 0 0 0 0 0 0 0 0
68300 -252.288 -1.1115 100 15 0 0 0 0 0 0 0 0 0 -1.62603 100 26 -0.578908 100 16 0 0 0 0 0 0 0 0
68400 -253.525 -1.24877 100 25 0 0 0 0 0 0 0 0 0 -1.86714 100 21 -0.326799 100 17 0 0 0 0 0 0 0 0
68500 -252.731 -1.0994 100 32 0 0 0 0 0 0 0 0 0 -1.77399 100 25 -0.572697 100 23 0 0 0 0 0 0 0 0
68600 -252.525 -1.04646 100 20 0 0 0 0 0 0 0 0 0 -1.58874 100 18 -0.478966 100 23 0 0 0 0 0 0 0 0
68700 -253.777 -1.20123 100 22 0 0 0 0 0 0 0 0 0 -1.91363 100 20 -0.216824 100 24 0 0 0 0 0 0 0 0
68800 -253.047 -0.969769 100 33 0 0 0 0 0 0 0 0 0 -1.52966 100 23 -0.926046 100 21 0 0 0 0 0 0 0 0
68900 -253.906 -0.246732 100 26 0 0 0 0 0 0 0 0 0 -2.04308 100 31 -0.295612 100 30 0 0 0 0 0 0 0 0
69000 -252.453 -0.860914 100 24 0 0 0 0 0 0 0 0 0 -1.56692 100 29 -0.694248 100 12 0 0 0 0 0 0 0 0
69100 -254.257 -0.725718 100 21 0 0 0 0 0 0 0 0 0 -1.60534 100 26 -0.24124 100 22 0 0 0 0 0 0 0 0
69200 -252.84 -0.911637 100 26 0 0 0 0 0 0 0 0 0 -1.79682 100 18 -0.210985 100 22 0 0 0 0 0 0 0 0
69300 -253.543 -1.25386 100 21 0 0 0 0 0 0 0 0 0 -1.82317 100 20 -0.234234 100 17 0 0 0 0 0 0 0 0
69400 -253.178 -0.447305 100 23 0 0 0 0 0 0 0 0 0 -1.79334 100 22 -0.598746 100 15 0 0 0 0 0 0 0 0
69500 -255.476 -0.0422799 100 19 0 0 0 0 0 0 0 0 0 -2.1581 100 22 0.163633 100 20 0 0 0 0 0 0 0 0
69600 -254.741 -1.26711 100 21 0 0 0 0 0 0 0 0 0 -1.98129 100 24 -0.369116 100 17 0 0 0 0 0 0 0 0
69700 -254.308 -1.19542 100 30 0 0 0 0 0 0 0 0 0 -1.29634 100 23 -0.772051 100 17 0 0 0 0 0 0 0 0
69800 -252.208 -0.78491 100 28 0 0 0 0 0 0 0 0 0 -1.70339 100 21 -0.552664 100 16 0 0 0 0 0 0 0 0
69900 -253.05 -0.782517 100 15 0 0 0 0 0 0 0 0 0 -1.61326 100 22 -0.860148 100 14 0 0 0 0 0 0 0 0
70000 -253.9 -0.619966 100 19 0 0 0 0 0 0 0 0 0 -1.93643 100 26 0.028089 100 28 0 0 0 0 0 0 0 0
70100 -257.766 -1.38923 100 16 0 0 0 0 0 0 0 0 0 -1.53026 100 22 -1.43642 100 21 0 0 0 0 0 0 0 0
70200 -252.511 -0.679301 100 26 0 0 0 0 0 0 0 0 0 -1.69959 100 29 -0.400389 100 20 0 0 0 0 0 0 0 0
70300 -254.39 -0.49352 100 21 0 0 0 0 0 0 0 0 0 -2.13572 100 21 -0.28587 100 28 0 0 0 0 0 0 0 0
70400 -252.589 -0.787851 100 14 0 0 0 0 0 0 0 0 0 -1.59514 100 24 -0.508775 100 22 0 0 0 0 0 0 0 0
70500 -252.289 -1.05426 100 20 0 0 0 0 0 0 0 0 0 -1.66183 100 25 -0.480262 100 19 0 0 0 0 0 0 0 0
70600 -253.249 -0.911768 100 20 0 0 0 0 0 0 0 0 0 -1.47342 100 15 -0.934543 100 25 0 0 0 0 0 0 0 0
70700 -253.215 -0.93791 100 22 0 0 0 0 0 0 0 0 0 -1.82301 100 24 -0.669456 100 19 0 0 0 0 0 0 0 0
70800 -252.385 -0.63977 100 28 0 0 0 0 0 0 0 0 0 -1.81522 100 22 -0.412231 100 16 0 0 0 0 0 0 0 0
70900 -252.609 -1.02986 100 19 0 0 0 0 0 0 0 0 0 -1.67773 100 16 -0.354501 100 19 0 0 0 0 0 0 0 0
71000 -252.389 -0.690217 100 25 0 0 0 0 0 0 0 0 0 -1.83173 100 27 -0.432086 100 20 0 0 0 0 0 0 0 0
71100 -254.166 -0.351217 100 20 0 0 0 0 0 0 0 0 0 -2.01477 100 28 -0.482575 100 21 0 0 0 0 0 0 0 0
71200 -253.255 -0.639384 100 27 0 0 0 0 0 0 0 0 0 -1.96502 100 22 -0.444806 100 16 0 0 0 0 0 0 0 0
71300 -253.48 -1.46467 100 21 0 0 0 0 0 0 0 0 0 -1.58909 100 22 -0.819114 100 11 0 0 0 0 0 0 0 0
71400 -254.349 -0.582491 100 20 0 0 0 0 0 0 0 0 0 -1.58359 100 31 -0.976532 100 20 0 0 0 0 0 0 0 0
71500 -254.552 -1.11711 100 41 0 0 0 0 0 0 0 0 0 -1.33616 100 21 -0.617119 100 19 0 0 0 0 0 0 0 0
71600 -253.99 -1.46422 100 31 0 0 0 0 0 0 0 0 0 -1.80781 100 24 -0.421732 100 20 0 0 0 0 0 0 0 0
71700 -254.626 -1.29876 100 32 0 0 0 0 0 0 0 0 0 -1.94312 100 24 -0.441319 100 25 0 0 0 0 0 0 0 0
71800 -253.968 -0.963612 100 30 0 0 0 0 0 0 0 0 0 -1.68026 100 26 -0.971302 100 23 0 0 0 0 0 0 0 0
71900 -253.164 -1.23643 100 23 0 0 0 0 0 0 0 0 0 -1.7049 100 18 -0.303641 100 18 0 0 0 0 0 0 0 0
72000 -252.411 -0.779586 100 25 0 0 0 0 0 0 0 0 0 -1.73002 100 30 -0.348125 100 16 0 0 0 0 0 0 0 0
72100 -255.02 -1.06823 100 24 0 0 0 0 0 0 0 0 0 -1.32125 100 25 -1.22367 100 17 0 0 0 0 0 0 0 0
72200 -254.827 -0.839414 100 27 0 0 0 0 0 0 0 0 0 -1.80118 100 26 -0.938529 100 23 0 0 0 0 0 0 0 0
72300 -253.396 -0.377548 100 18 0 0 0 0 0 0 0 0 0 -1.95383 100 23 -0.421442 100 15 0 0 0 0 0 0 0 0
72400 -255.205 -0.245807 100 19 0 0 0 0 0 0 0 0 0 -1.62512 100 21 -0.65636 100 15 0 0 0 0 0 0 0 0
72500 -253.262 -1.27067 100 14 0 0 0 0 0 0 0 0 0 -1.63714 100 24 -0.836909 100 20 0 0 0 0 0 0 0 0
72600 -252.375 -0.75093 100 19 0 0 0 0 0 0 0 0 0 -1.83202 100 24 -0.334095 100 24 0 0 0 0 0 0 0 0
72700 -256.084 -1.46315 100 23 0 0 0 0 0 0 0 0 0 -1.18834 100 19 -1.3055 100 27 0 0 0 0 0 0 0 0
72800 -253.009 -1.02104 100 28 0 0 0 0 0 0 0 0 0 -1.72597 100 26 -0.762116 100 13 0 0 0 0 0 0 0 0
72900 -253.33 -0.775206 100 17 0 0 0 0 0 0 0 0 0 -1.50755 100 21 -0.893452 100 21 0 0 0 0 0 0 0 0
73000 -254.146 -1.66931 100 23 0 0 0 0 0 0 0 0 0 -1.48997 100 25 -0.902423 100 18 0 0 0 0 0 0 0 0
73100 -252.618 -0.940648 100 17 0 0 0 0 0 0 0 0 0 -1.79722 100 17 -0.57715 100 17 0 0 0 0 0 0 0 0
73200 -253.283 -0.316542 100 28 0 0 0 0 0 0 0 0 0 -1.91804 100 22 -0.281937 100 14 0 0 0 0 0 0 0 0
73300 -254.723 -0.372819 100 32 0 0 0 0 0 0 0 0 0 -2.18326 100 21 -0.22932 100 19 0 0 0 0 0 0 0 0
73400 -252.471 -0.731421 100 21 0 0 0 0 0 0 0 0 0 -1.82425 100 24 -0.508009 100 14 0 0 0 0 0 0 0 0
73500 -254.956 -1.0569 100 25 0 0 0 0 0 0 0 0 0 -1.90091 100 24 -0.753102 100 25 0 0 0 0 0 0 0 0
73600 -256.471 -0.63505 100 29 0 0 0 0 0 0 0 0 0 -1.59249 100 20 -1.25331 100 18 0 0 0 0 0 0 0 0
73700 -252.431 -0.606462 100 29 0 0 0 0 0 0 0 0 0 -1.76176 100 23 -0.469524 100 23 0 0 0 0 0 0 0 0
73800 -253.516 -1.2717 100 23 0 0 0 0 0 0 0 0 0 -1.56001 100 27 -0.378832 100 23 0 0 0 0 0 0 0 0
73900 -254.025 -0.653229 100 19 0 0 0 0 0 0 0 0 0 -1.98792 100 28 -0.550262 100 16 0 0 0 0 0 0 0 0
74000 -252.796 -0.842067 100 15 0 0 0 0 0 0 0 0 0 -1.64238 100 26 -0.353666 100 15 0 0 0 0 0 0 0 0
74100 -252.881 -1.36394 100 24 0 0 0 0 0 0 0 0 0 -1.50596 100 23 -0.661988 100 16 0 0 0 0 0 0 0 0
74200 -252.853 -0.456781 100 27 0 0 0 0 0 0 0 0 0 -1.88674 100 29 -0.390722 100 20 0 0 0 0 0 0 0 0
74300 -254.394 -0.107121 100 24 0 0 0 0 0 0 0 0 0 -2.07768 100 22 -0.18613 100 17 0 0 0 0 0 0 0 0
74400 -256 -0.644712 100 28 0 0 0 0 0 0 0 0 0 -1.76764 100 25 0.0763458 100 24 0 0 0 0 0 0 0 0
74500 -252.676 -0.58072 100 23 0 0 0 0 0 0 0 0 0 -1.73514 100 21 -0.367714 100 14 0 0 0 0 0 0 0 0
74600 -254.28 -1.50479 100 25 0 0 0 0 0 0 0 0 0 -1.29569 100 23 -0.842296 100 15 0 0 0 0 0 0 0 0
74700 -252.189 -0.927839 100 24 0 0 0 0 0 0 0 0 0 -1.73058 100 26 -0.466292 100 17 0 0 0 0 0 0 0 0
74800 -254.476 -1.74338 100 28 0 0 0 0 0 0 0 0 0 -1.55656 100 23 -0.498311 100 22 0 0 0 0 0 0 0 0
74900 -254.3 -1.23138 100 23 0 0 0 0 0 0 0 0 0 -1.91864 100 26 -0.508281 100 24 0 0 0 0 0 0 0 0
75000 -254.541 -0.714942 100 20 0 0 0 0 0 0 0 0 0 -1.93992 100 23 0.0993166 100 25 0 0 0 0 0 0 0 0
75100 -253.361 -0.795171 100 22 0 0 0 0 0 0 0 0 0 -1.73988 100 23 -0.823174 100 20 0 0 0 0 0 0 0 0
75200 -255.092 -0.0914301 100 20 0 0 0 0 0 0 0 0 0 -2.22661 100 23 -0.0556762 100 20 0 0 0 0 0 0 0 0
75300 -253.228 -0.897135 100 24 0 0 0 0 0 0 0 0 0 -1.46338 100 26 -0.60633 100 23 0 0 0 0 0 0 0 0
75400 -256.443 -1.53957 100 27 0 0 0 0 0 0 0 0 0 -1.16232 100 20 -1.3222 100 18 0 0 0 0 0 0 0 0
75500 -253.674 -0.767662 100 29 0 0 0 0 0 0 0 0 0 -1.57932 100 27 -0.973713 100 21 0 0 0 0 0 0 0 0
75600 -252.609 -0.599215 100 21 0 0 0 0 0 0 0 0 0 -1.68494 100 26 -0.505797 100 15 0 0 0 0 0 0 0 0
75700 -253.042 -0.739959 100 25 0 0 0 0 0 0 0 0 0 -1.62096 100 18 -0.83837 100 15 0 0 0 0 0 0 0 0
75800 -252.744 -0.622166 100 28 0 0 0 0 0 0 0 0 0 -1.9165 100 24 -0.392135 100 25 0 0 0 0 0 0 0 0
75900 -253.114 -1.4161 100 23 0 0 0 0 0 0 0 0 0 -1.45317 100 20 -0.773228 100 24 0 0 0 0 0 0 0 0
76000 -252.63 -0.898714 100 20 0 0 0 0 0 0 0 0 0 -1.51567 100 22 -0.683803 100 15 0 0 0 0 0 0 0 0
76100 -252.413 -1.0649 100 21 0 0 0 0 0 0 0 0 0 -1.74263 100 23 -0.531805 100 22 0 0 0 0 0 0 0 0
76200 -253.08 -0.438687 100 27 0 0 0 0 0 0 0 0 0 -1.96527 100 28 -0.184996 100 17 0 0 0 0 0 0 0 0
76300 -254.411 -0.271306 100 20 0 0 0 0 0 0 0 0 0 -2.14495 100 22 -0.227076 100 21 0 0 0 0 0 0 0 0
76400 -253.666 -0.889699 100 22 0 0 0 0 0 0 0 0 0 -1.40907 100 25 -0.677479 100 18 0 0 0 0 0 0 0 0
76500 -252.872 -1.10269 100 21 0 0 0 0 0 0 0 0 0 -1.82331 100 27 -0.482562 100 24 0 0 0 0 0 0 0 0
76600 -254.116 -1.56815 100 19 0 0 0 0 0 0 0 0 0 -1.48799 100 25 -0.983681 100 18 0 0 0 0 0 0 0 0
76700 -254.243 -1.29442 100 28 0 0 0 0 0 0 0 0 0 -1.42944 100 26 -1.14244 100 25 0 0 0 0 0 0 0 0
76800 -254.493 -0.791922 100 24 0 0 0 0 0 0 0 0 0 -1.96715 100 24 -0.641329 100 29 0 0 0 0 0 0 0 0
76900 -253.111 -0.474306 100 21 0 0 0 0 0 0 0 0 0 -1.73247 100 32 -0.350148 100 20 0 0 0 0 0 0 0 0
77000 -254.637 -0.307294 100 21 0 0 0 0 0 0 0 0 0 -1.98647 100 24 -0.584321 100 20 0 0 0 0 0 0 0 0
77100 -253.768 -0.988317 100 17 0 0 0 0 0 0 0 0 0 -1.50311 100 24 -1.0616 100 26 0 0 0 0 0 0 0 0
77200 -257.301 -1.89644 100 25 0 0 0 0 0 0 0 0 0 -1.41356 100 19 -1.30937 100 19 0 0 0 0 0 0 0 0
77300 -252.937 -1.1006 100 12 0 0 0 0 0 0 0 0 0 -1.57817 100 26 -0.410737 100 22 0 0 0 0 0 0 0 0
77400 -253.682 -1.46581 100 19 0 0 0 0 0 0 0 0 0 -1.75714 100 23 -0.468035 100 26 0 0 0 0 0 0 0 0
77500 -253.791 -1.53695 100 25 0 0 0 0 0 0 0 0 0 -1.39756 100 20 -0.944179 100 22 0 0 0 0 0 0 0 0
77600 -254.931 -1.7557 100 21 0 0 0 0 0 0 0 0 0 -1.72694 100 18 -0.54624 100 15 0 0 0 0 0 0 0 0
77700 -252.74 -0.588266 100 17 0 0 0 0 0 0 0 0 0 -1.87923 100 29 -0.213684 100 12 0 0 0 0 0 0 0 0
77800 -252.855 -0.509398 100 25 0 0 0 0 0 0 0 0 0 -1.91752 100 27 -0.388957 100 23 0 0 0 0 0 0 0 0
77900 -255.942 -0.778923 100 27 0 0 0 0 0 0 0 0 0 -1.39411 100 28 -1.26794 100 15 0 0 0 0 0 0 0 0
78000 -253.83 -1.03381 100 28 0 0 0 0 0 0 0 0 0 -1.39424 100 32 -0.607575 100 20 0 0 0 0 0 0 0 0
78100 -255.446 -1.46304 100 25 0 0 0 0 0 0 0 0 0 -1.20015 100 29 -0.860054 100 22 0 0 0 0 0 0 0 0
78200 -254.931 -0.0232425 100 19 0 0 0 0 0 0 0 0 0 -1.95078 100 24 -0.208032 100 32 0 0 0 0 0 0 0 0
78300 -252.838 -1.07104 100 20 0 0 0 0 0 0 0 0 0 -1.68272 100 21 -0.77152 100 21 0 0 0 0 0 0 0 0
78400 -252.725 -0.606674 100 30 0 0 0 0 0 0 0 0 0 -1.93005 100 32 -0.318643 100 17 0 0 0 0 0 0 0 0
78500 -252.462 -0.681581 100 22 0 0 0 0 0 0 0 0 0 -1.72562 100 25 -0.610377 100 14 0 0 0 0 0 0 0 0
78600 -254.483 -1.68631 100 25 0 0 0 0 0 0 0 0 0 -1.34347 100 30 -0.759266 100 23 0 0 0 0 0 0 0 0
78700 -253.022 -0.841209 100 30 0 0 0 0 0 0 0 0 0 -1.49394 100 26 -0.6145 100 28 0 0 0 0 0 0 0 0
78800 -252.797 -0.947688 100 26 0 0 0 0 0 0 0 0 0 -1.88906 100 21 -0.308161 100 23 0 0 0 0 0 0 0 0
78900 -253.376 -0.336202 100 27 0 0 0 0 0 0 0 0 0 -1.8205 100 22 -0.304406 100 22 0 0 0 0 0 0 0 0
79000 -252.905 -0.910288 100 20 0 0 0 0 0 0 0 0 0 -1.89309 100 23 -0.44667 100 19 0 0 0 0 0 0 0 0
79100 -252.395 -1.03784 100 26 0 0 0 0 0 0 0 0 0 -1.57282 100 20 -0.551747 100 25 0 0 0 0 0 0 0 0
79200 -252.36 -1.08609 100 25 0 0 0 0 0 0 0 0 0 -1.70808 100 17 -0.456137 100 22 0 0 0 0 0 0 0 0
79300 -255.212 -0.848386 100 18 0 0 0 0 0 0 0 0 0 -1.63409 100 25 -1.15295 100 19 0 0 0 0 0 0 0 0
79400 -253.29 -0.620954 100 22 0 0 0 0 0 0 0 0 0 -1.54744 100 23 -0.637803 100 20 0 0 0 0 0 0 0 0
79500 -252.57 -1.09436 100 24 0 0 0 0 0 0 0 0 0 -1.68599 100 19 -0.690645 100 17 0 0 0 0 0 0 0 0
79600 -252.799 -0.517696 100 22 0 0 0 0 0 0 0 0 0 -1.72417 100 24 -0.55391 100 20 0 0 0 0 0 0 0 0
79700 -252.346 -0.700116 100 27 0 0 0 0 0 0 0 0 0 -1.68953 100 26 -0.563258 100 13 0 0 0 0 0 0 0 0
79800 -252.547 -1.00969 100 21 0 0 0 0 0 0 0 0 0 -1.51284 100 20 -0.650891 100 22 0 0 0 0 0 0 0 0
79900 -252.231 -0.952143 100 27 0 0 0 0 0 0 0 0 0 -1.60602 100 24 -0.633898 100 20 0 0 0 0 0 0 0 0
80000 -253.554 -0.847244 100 26 0 0 0 0 0 0 0 0 0 -1.97991 100 36 -0.059721 100 16 0 0 0 0 0 0 0 0
80100 -253.508 -1.49372 100 21 0 0 0 0 0 0 0 0 0 -1.42399 100 28 -0.696796 100 19 0 0 0 0 0 0 0 0
80200 -252.297 -1.1104 100 23 0 0 0 0 0 0 0 0 0 -1.63706 100 21 -0.548324 100 16 0 0 0 0 0 0 0 0
80300 -252.582 -0.777302 100 26 0 0 0 0 0 0 0 0 0 -1.64077 100 32 -0.421985 100 15 0 0 0 0 0 0 0 0
80400 -252.68 -0.829263 100 27 0 0 0 0 0 0 0 0 0 -1.58858 100 20 -0.794277 100 26 0 0 0 0 0 0 0 0
80500 -254.077 -0.970487 100 14 0 0 0 0 0 0 0 0 0 -1.35556 100 30 -1.02477 100 23 0 0 0 0 0 0 0 0
80600 -253.305 -1.053 100 21 0 0 0 0 0 0 0 0 0 -1.81606 100 13 -0.163206 100 20 0 0 0 0 0 0 0 0
80700 -252.645 -1.12622 100 13 0 0 0 0 0 0 0 0 0 -1.57244 100 32 -0.485444 100 19 0 0 0 0 0 0 0 0
80800 -253.699 -1.45016 100 28 0 0 0 0 0 0 0 0 0 -1.74329 100 21 -0.595739 100 18 0 0 0 0 0 0 0 0
80900 -254.131 -0.409685 100 30 0 0 0 0 0 0 0 0 0 -2.04814 100 23 -0.434216 100 21 0 0 0 0 0 0 0 0
81000 -252.562 -1.07255 100 20 0 0 0 0 0 0 0 0 0 -1.61398 100 30 -0.439516 100 21 0 0 0 0 0 0 0 0
81100 -252.507 -1.14067 100 23 0 0 0 0 0 0 0 0 0 -1.5157 100 18 -0.709924 100 15 0 0 0 0 0 0 0 0
81200 -255.817 -1.69719 100 29 0 0 0 0 0 0 0 0 0 -1.56833 100 16 -1.08673 100 22 0 0 0 0 0 0 0 0
81300 -252.474 -0.752626 100 25 0 0 0 0 0 0 0 0 0 -1.80938 100 18 -0.281255 100 20 0 0 0 0 0 0 0 0
81400 -255.85 -0.104839 100 28 0 0 0 0 0 0 0 0 0 -1.6937 100 19 -0.500921 100 28 0 0 0 0 0 0 0 0
81500 -254.346 -1.71589 100 15 0 0 0 0 0 0 0 0 0 -1.37348 100 22 -0.77168 100 23 0 0 0 0 0 0 0 0
81600 -253.416 -1.41104 100 24 0 0 0 0 0 0 0 0 0 -1.68071 100 20 -0.377135 100 16 0 0 0 0 0 0 0 0
81700 -255.156 -1.12718 100 22 0 0 0 0 0 0 0 0 0 -1.92866 100 28 0.0711407 100 21 0 0 0 0 0 0 0 0
81800 -252.6 -1.13634 100 20 0 0 0 0 0 0 0 0 0 -1.72094 100 22 -0.612393 100 17 0 0 0 0 0 0 0 0
81900 -252.478 -0.740294 100 21 0 0 0 0 0 0 0 0 0 -1.76415 100 20 -0.605964 100 15 0 0 0 0 0 0 0 0
82000 -252.154 -0.871939 100 22 0 0 0 0 0 0 0 0 0 -1.71859 100 22 -0.504807 100 25 0 0 0 0 0 0 0 0
82100 -252.696 -0.653523 100 20 0 0 0 0 0 0 0 0 0 -1.62741 100 19 -0.528665 100 18 0 0 0 0 0 0 0 0
82200 -255.963 -0.0280783 100 29 0 0 0 0 0 0 0 0 0 -1.79624 100 20 -0.583316 100 24 0 0 0 0 0 0 0 0
82300 -252.843 -1.24194 100 30 0 0 0 0 0 0 0 0 0 -1.45309 100 18 -0.787389 100 17 0 0 0 0 0 0 0 0
82400 -252.272 -0.77828 100 22 0 0 0 0 0 0 0 0 0 -1.70899 100 21 -0.425386 100 21 0 0 0 0 0 0 0 0
82500 -253.129 -1.13814 100 25 0 0 0 0 0 0 0 0 0 -1.81237 100 22 -0.242621 100 22 0 0 0 0 0 0 0 0
82600 -256.577 -0.992475 100 28 0 0 0 0 0 0 0 0 0 -1.16702 100 17 -1.10313 100 17 0 0 0 0 0 0 0 0
82700 -252.242 -1.00342 100 14 0 0 0 0 0 0 0 0 0 -1.62288 100 25 -0.655515 100 17 0 0 0 0 0 0 0 0
82800 -252.539 -1.07823 100 22 0 0 0 0 0 0 0 0 0 -1.68951 100 26 -0.683628 100 13 0 0 0 0 0 0 0 0
82900 -252.689 -0.885229 100 27 0 0 0 0 0 0 0 0 0 -1.51672 100 27 -0.764708 100 15 0 0 0 0 0 0 0 0
83000 -252.981 -1.17968 100 16 0 0 0 0 0 0 0 0 0 -1.80605 100 21 -0.491768 100 12 0 0 0 0 0 0 0 0
83100 -252.657 -0.787351 100 22 0 0 0 0 0 0 0 0 0 -1.56968 100 30 -0.742045 100 19 0 0 0 0 0 0 0 0
83200 -253.949 -1.34005 100 27 0 0 0 0 0 0 0 0 0 -1.56263 100 28 -1.00681 100 15 0 0 0 0 0 0 0 0
83300 -253.676 -1.33781 100 21 0 0 0 0 0 0 0 0 0 -1.6516 100 24 -0.29605 100 17 0 0 0 0 0 0 0 0
83400 -256.025 -1.88531 100 19 0 0 0 0 0 0 0 0 0 -1.6315 100 24 -0.309263 100 22 0 0 0 0 0 0 0 0
83500 -253.631 -1.29031 100 25 0 0 0 0 0 0 0 0 0 -1.38098 100 15 -0.665656 100 18 0 0 0 0 0 0 0 0
83600 -252.954 -0.578982 100 18 0 0 0 0 0 0 0 0 0 -1.973 100 24 -0.185172 100 23 0 0 0 0 0 0 0 0
83700 -253.605 -1.58062 100 27 0 0 0 0 0 0 0 0 0 -1.46857 100 25 -0.83121 100 22 0 0 0 0 0 0 0 0
83800 -254.476 -0.772151 100 27 0 0 0 0 0 0 0 0 0 -2.03408 100 23 -0.503337 100 24 0 0 0 0 0 0 0 0
83900 -252.887 -1.02122 100 26 0 0 0 0 0 0 0 0 0 -1.4695 100 23 -0.63397 100 17 0 0 0 0 0 0 0 0
84000 -254.488 -1.05069 100 19 0 0 0 0 0 0 0 0 0 -1.29045 100 27 -1.03352 100 21 0 0 0 0 0 0 0 0
84100 -253.362 -1.09642 100 23 0 0 0 0 0 0 0 0 0 -1.3832 100 28 -0.758585 100 23 0 0 0 0 0 0 0 0
84200 -253.025 -1.25333 100 19 0 0 0 0 0 0 0 0 0 -1.46239 100 22 -0.898878 100 23 0 0 0 0 0 0 0 0
84300 -256.681 -1.56413 100 21 0 0 0 0 0 0 0 0 0 -1.51959 100 22 -0.197853 100 24 0 0 0 0 0 0 0 0
84400 -252.926 -1.01312 100 21 0 0 0 0 0 0 0 0 0 -1.88404 100 24 -0.374782 100 21 0 0 0 0 0 0 0 0
84500 -254.3 -0.134454 100 27 0 0 0 0 0 0 0 0 0 -1.91364 100 21 -0.212242 100 26 0 0 0 0 0 0 0 0
84600 -252.457 -0.873153 100 20 0 0 0 0 0 0 0 0 0 -1.81315 100 18 -0.508566 100 13 0 0 0 0 0 0 0 0
84700 -255.16 -0.693484 100 29 0 0 0 0 0 0 0 0 0 -1.45093 100 26 -0.436455 100 23 0 0 0 0 0 0 0 0
84800 -252.207 -0.987257 100 26 0 0 0 0 0 0 0 0 0 -1.61501 100 25 -0.602457 100 25 0 0 0 0 0 0 0 0
84900 -256.271 -0.0551135 100 21 0 0 0 0 0 0 0 0 0 -2.37023 100 30 0.239663 100 26 0 0 0 0 0 0 0 0
85000 -252.682 -0.675196 100 24 0 0 0 0 0 0 0 0 0 -1.6132 100 27 -0.656339 100 19 0 0 0 0 0 0 0 0
85100 -254.757 -0.745928 100 22 0 0 0 0 0 0 0 0 0 -2.13506 100 28 0.115453 100 28 0 0 0 0 0 0 0 0
85200 -253.374 -1.19629 100 19 0 0 0 0 0 0 0 0 0 -1.69437 100 26 -0.814373 100 22 0 0 0 0 0 0 0 0
85300 -252.971 -1.03372 100 28 0 0 0 0 0 0 0 0 0 -1.71898 100 31 -0.761221 100 21 0 0 0 0 0 0 0 0
85400 -253.575 -1.18871 100 17 0 0 0 0 0 0 0 0 0 -1.77583 100 23 -0.184965 100 23 0 0 0 0 0 0 0 0
85500 -252.665 -1.15059 100 20 0 0 0 0 0 0 0 0 0 -1.56429 100 19 -0.814986 100 16 0 0 0 0 0 0 0 0
85600 -252.939 -1.33121 100 18 0 0 0 0 0 0 0 0 0 -1.45595 100 21 -0.764566 100 14 0 0 0 0 0 0 0 0
85700 -252.633 -0.770792 100 21 0 0 0 0 0 0 0 0 0 -1.79108 100 21 -0.244927 100 17 0 0 0 0 0 0 0 0
85800 -253.234 -0.720296 100 14 0 0 0 0 0 0 0 0 0 -1.54206 100 26 -0.509651 100 19 0 0 0 0 0 0 0 0
85900 -252.266 -0.941991 100 20 0 0 0 0 0 0 0 0 0 -1.59174 100 24 -0.609956 100 12 0 0 0 0 0 0 0 0
86000 -254.049 -0.306356 100 20 0 0 0 0 0 0 0 0 0 -2.07687 100 26 0.0257864 100 20 0 0 0 0 0 0 0 0
86100 -252.516 -1.09428 100 14 0 0 0 0 0 0 0 0 0 -1.66639 100 19 -0.407545 100 13 0 0 0 0 0 0 0 0
86200 -253.872 -0.369692 100 19 0 0 0 0 0 0 0 0 0 -1.91573 100 24 -0.579514 100 22 0 0 0 0 0 0 0 0
86300 -253.222 -0.389049 100 21 0 0 0 0 0 0 0 0 0 -1.81209 100 22 -0.529536 100 25 0 0 0 0 0 0 0 0
86400 -252.627 -0.624688 100 29 0 0 0 0 0 0 0 0 0 -1.90227 100 30 -0.363582 100 26 0 0 0 0 0 0 0 0
86500 -255.92 -1.92804 100 25 0 0 0 0 0 0 0 0 0 -1.55008 100 22 -0.957315 100 18 0 0 0 0 0 0 0 0
86600 -252.946 -0.85535 100 29 0 0 0 0 0 0 0 0 0 -1.55957 100 20 -0.456843 100 23 0 0 0 0 0 0 0 0
86700 -252.919 -0.544481 100 23 0 0 0 0 0 0 0 0 0 -1.90436 100 27 -0.169595 100 21 0 0 0 0 0 0 0 0
86800 -252.422 -0.727472 100 19 0 0 0 0 0 0 0 0 0 -1.8462 100 20 -0.426582 100 26 0 0 0 0 0 0 0 0
86900 -256.108 -0.217768 100 18 0 0 0 0 0 0 0 0 0 -2.35098 100 17 -0.0176059 100 16 0 0 0 0 0 0 0 0
87000 -252.243 -0.753321 100 28 0 0 0 0 0 0 0 0 0 -1.68983 100 22 -0.520078 100 16 0 0 0 0 0 0 0 0
87100 -253.386 -0.569631 100 16 0 0 0 0 0 0 0 0 0 -1.56595 100 23 -0.63984 100 24 0 0 0 0 0 0 0 0
87200 -253.008 -0.85545 100 22 0 0 0 0 0 0 0 0 0 -1.93246 100 23 -0.392435 100 21 0 0 0 0 0 0 0 0
87300 -253.514 -0.855496 100 18 0 0 0 0 0 0 0 0 0 -2.00131 100 30 -0.334849 100 15 0 0 0 0 0 0 0 0
87400 -257.711 -1.84016 100 21 0 0 0 0 0 0 0 0 0 -1.2753 100 23 -1.44994 100 22 0 0 0 0 0 0 0 0
87500 -253.194 -0.439835 100 25 0 0 0 0 0 0 0 0 0 -1.99929 100 31 -0.158067 100 20 0 0 0 0 0 0 0 0
87600 -252.806 -1.17517 100 24 0 0 0 0 0 0 0 0 0 -1.7877 100 28 -0.429091 100 28 0 0 0 0 0 0 0 0
87700 -253.033 -1.19667 100 26 0 0 0 0 0 0 0 0 0 -1.78068 100 27 -0.573816 100 15 0 0 0 0 0 0 0 0
87800 -252.236 -0.862517 100 23 0 0 0 0 0 0 0 0 0 -1.69182 100 28 -0.437762 100 13 0 0 0 0 0 0 0 0
87900 -252.658 -1.02733 100 26 0 0 0 0 0 0 0 0 0 -1.77112 100 25 -0.602772 100 17 0 0 0 0 0 0 0 0
88000 -253.252 -0.926722 100 21 0 0 0 0 0 0 0 0 0 -1.92648 100 28 -0.451705 100 16 0 0 0 0 0 0 0 0
88100 -257.003 -1.86983 100 17 0 0 0 0 0 0 0 0 0 -1.72245 100 29 -0.888496 100 20 0 0 0 0 0 0 0 0
88200 -252.776 -0.620783 100 23 0 0 0 0 0 0 0 0 0 -1.66853 100 29 -0.681287 100 24 0 0 0 0 0 0 0 0
88300 -254.014 -0.169398 100 14 0 0 0 0 0 0 0 0 0 -1.97114 100 20 -0.167804 100 29 0 0 0 0 0 0 0 0
88400 -252.277 -0.951584 100 20 0 0 0 0 0 0 0 0 0 -1.58591 100 29 -0.615233 100 18 0 0 0 0 0 0 0 0
88500 -253.03 -1.43583 100 18 0 0 0 0 0 0 0 0 0 -1.56554 100 23 -0.710103 100 19 0 0 0 0 0 0 0 0
88600 -252.676 -0.984399 100 27 0 0 0 0 0 0 0 0 0 -1.80439 100 27 -0.559899 100 19 0 0 0 0 0 0 0 0
88700 -252.547 -1.09264 100 25 0 0 0 0 0 0 0 0 0 -1.53363 100 29 -0.579144 100 24 0 0 0 0 0 0 0 0
88800 -253.252 -0.489861 100 25 0 0 0 0 0 0 0 0 0 -1.66729 100 29 -0.663811 100 21 0 0 0 0 0 0 0 0
88900 -253.391 -0.806445 100 16 0 0 0 0 0 0 0 0 0 -1.49356 100 27 -0.537592 100 17 0 0 0 0 0 0 0 0
89000 -252.58 -1.11919 100 28 0 0 0 0 0 0 0 0 0 -1.54199 100 17 -0.553706 100 25 0 0 0 0 0 0 0 0
89100 -252.262 -0.995415 100 24 0 0 0 0 0 0 0 0 0 -1.58716 100 21 -0.620552 100 19 0 0 0 0 0 0 0 0
89200 -256.882 -1.72048 100 17 0 0 0 0 0 0 0 0 0 -1.10971 100 25 -1.22767 100 20 0 0 0 0 0 0 0 0
89300 -252.794 -1.05024 100 31 0 0 0 0 0 0 0 0 0 -1.59912 100 16 -0.403853 100 15 0 0 0 0 0 0 0 0
89400 -252.662 -0.594741 100 26 0 0 0 0 0 0 0 0 0 -1.74187 100 20 -0.606875 100 12 0 0 0 0 0 0 0 0
89500 -255.196 -0.219184 100 18 0 0 0 0 0 0 0 0 0 -2.19674 100 21 -0.267703 100 18 0 0 0 0 0 0 0 0
89600 -253.368 -1.24719 100 21 0 0 0 0 0 0 0 0 0 -1.78857 100 27 -0.25774 100 25 0 0 0 0 0 0 0 0
89700 -255.492 -1.63015 100 23 0 0 0 0 0 0 0 0 0 -1.52432 100 27 -0.310673 100 19 0 0 0 0 0 0 0 0
89800 -252.391 -0.793951 100 30 0 0 0 0 0 0 0 0 0 -1.72126 100 20 -0.63779 100 21 0 0 0 0 0 0 0 0
89900 -253.588 -0.963533 100 23 0 0 0 0 0 0 0 0 0 -1.44125 100 24 -0.555231 100 22 0 0 0 0 0 0 0 0
90000 -252.707 -0.76354 100 18 0 0 0 0 0 0 0 0 0 -1.9145 100 21 -0.359253 100 20 0 0 0 0 0 0 0 0
90100 -253.175 -1.28217 100 28 0 0 0 0 0 0 0 0 0 -1.67763 100 25 -0.754075 100 20 0 0 0 0 0 0 0 0
90200 -253.652 -0.974248 100 32 0 0 0 0 0 0 0 0 0 -1.62266 100 26 -0.98173 100 17 0 0 0 0 0 0 0 0
90300 -253.478 -0.93898 100 24 0 0 0 0 0 0 0 0 0 -1.39459 100 17 -0.805187 100 23 0 0 0 0 0 0 0 0
90400 -257.49 0.0561085 100 26 0 0 0 0 0 0 0 0 0 -2.4805 100 26 0.168074 100 22 0 0 0 0 0 0 0 0
90500 -254.41 -0.562921 100 27 0 0 0 0 0 0 0 0 0 -1.6117 100 18 -0.277906 100 25 0 0 0 0 0 0 0 0
90600 -255.939 -1.42633 100 27 0 0 0 0 0 0 0 0 0 -1.97295 100 29 0.00173341 100 20 0 0 0 0 0 0 0 0
90700 -252.588 -0.89798 100 25 0 0 0 0 0 0 0 0 0 -1.55038 100 27 -0.556824 100 19 0 0 0 0 0 0 0 0
90800 -254.623 -0.477399 100 20 0 0 0 0 0 0 0 0 0 -1.99587 100 18 -0.618689 100 14 0 0 0 0 0 0 0 0
90900 -252.877 -1.18008 100 23 0 0 0 0 0 0 0 0 0 -1.78042 100 21 -0.529246 100 20 0 0 0 0 0 0 0 0
91000 -253.209 -0.96429 100 25 0 0 0 0 0 0 0 0 0 -1.89438 100 26 -0.506472 100 16 0 0 0 0 0 0 0 0
91100 -253.309 -0.828596 100 32 0 0 0 0 0 0 0 0 0 -1.45612 100 27 -0.850153 100 16 0 0 0 0 0 0 0 0
91200 -252.518 -1.18105 100 21 0 0 0 0 0 0 0 0 0 -1.67007 100 29 -0.462651 100 21 0 0 0 0 0 0 0 0
91300 -252.505 -0.655939 100 15 0 0 0 0 0 0 0 0 0 -1.87756 100 19 -0.328972 100 20 0 0 0 0 0 0 0 0
91400 -253.609 -1.51487 100 20 0 0 0 0 0 0 0 0 0 -1.65787 100 23 -0.685643 100 21 0 0 0 0 0 0 0 0
91500 -254.009 -1.31973 100 25 0 0 0 0 0 0 0 0 0 -1.88256 100 16 -0.42939 100 26 0 0 0 0 0 0 0 0
91600 -252.803 -0.609777 100 21 0 0 0 0 0 0 0 0 0 -1.69394 100 26 -0.372814 100 21 0 0 0 0 0 0 0 0
91700 -255.25 -1.40167 100 21 0 0 0 0 0 0 0 0 0 -1.5887 100 23 -0.199069 100 22 0 0 0 0 0 0 0 0
91800 -254.32 -1.29655 100 20 0 0 0 0 0 0 0 0 0 -1.27369 100 24 -0.86496 100 12 0 0 0 0 0 0 0 0
91900 -253.541 -0.259465 100 20 0 0 0 0 0 0 0 0 0 -1.89046 100 20 -0.307516 100 22 0 0 0 0 0 0 0 0
92000 -253.267 -1.17844 100 18 0 0 0 0 0 0 0 0 0 -1.68081 100 20 -0.821201 100 26 0 0 0 0 0 0 0 0
92100 -253.116 -1.18576 100 14 0 0 0 0 0 0 0 0 0 -1.40248 100 20 -0.782914 100 21 0 0 0 0 0 0 0 0
92200 -252.416 -1.01157 100 23 0 0 0 0 0 0 0 0 0 -1.74175 100 19 -0.583776 100 27 0 0 0 0 0 0 0 0
92300 -256.44 -0.315783 100 23 0 0 0 0 0 0 0 0 0 -2.28408 100 25 0.383777 100 16 0 0 0 0 0 0 0 0
92400 -254.165 -1.46953 100 20 0 0 0 0 0 0 0 0 0 -1.45123 100 17 -1.06913 100 21 0 0 0 0 0 0 0 0
92500 -253.291 -1.2547 100 26 0 0 0 0 0 0 0 0 0 -1.8297 100 15 -0.3821 100 25 0 0 0 0 0 0 0 0
92600 -254.849 -0.513881 100 25 0 0 0 0 0 0 0 0 0 -1.55746 100 24 -0.361548 100 19 0 0 0 0 0 0 0 0
92700 -252.551 -0.70788 100 24 0 0 0 0 0 0 0 0 0 -1.68537 100 21 -0.678313 100 24 0 0 0 0 0 0 0 0
92800 -252.375 -1.10306 100 26 0 0 0 0 0 0 0 0 0 -1.70853 100 18 -0.544821 100 19 0 0 0 0 0 0 0 0
92900 -253.328 -0.616534 100 24 0 0 0 0 0 0 0 0 0 -1.56673 100 22 -0.778829 100 18 0 0 0 0 0 0 0 0
93000 -256.006 -1.51252 100 20 0 0 0 0 0 0 0 0 0 -1.68696 100 23 -1.0443 100 16 0 0 0 0 0 0 0 0
93100 -253.931 -0.403052 100 20 0 0 0 0 0 0 0 0 0 -1.64287 100 34 -0.451133 100 24 0 0 0 0 0 0 0 0
93200 -253.336 -0.504184 100 30 0 0 0 0 0 0 0 0 0 -1.98202 100 26 -0.066058 100 20 0 0 0 0 0 0 0 0
93300 -253.481 -0.397865 100 26 0 0 0 0 0 0 0 0 0 -1.99158 100 22 -0.390786 100 22 0 0 0 0 0 0 0 0
93400 -254.034 -1.49988 100 21 0 0 0 0 0 0 0 0 0 -1.75585 100 26 -0.324802 100 20 0 0 0 0 0 0 0 0
93500 -252.598 -1.27892 100 27 0 0 0 0 0 0 0 0 0 -1.60567 100 27 -0.645903 100 24 0 0 0 0 0 0 0 0
93600 -253.708 -0.489884 100 18 0 0 0 0 0 0 0 0 0 -1.59519 100 27 -0.726691 100 19 0 0 0 0 0 0 0 0
93700 -252.763 -0.485838 100 23 0 0 0 0 0 0 0 0 0 -1.87727 100 26 -0.287498 100 20 0 0 0 0 0 0 0 0
93800 -252.413 -1.03538 100 26 0 0 0 0 0 0 0 0 0 -1.68253 100 29 -0.669663 100 17 0 0 0 0 0 0 0 0
93900 -252.31 -0.716446 100 24 0 0 0 0 0 0 0 0 0 -1.78965 100 24 -0.371316 100 19 0 0 0 0 0 0 0 0
94000 -252.814 -1.33827 100 21 0 0 0 0 0 0 0 0 0 -1.50282 100 29 -0.688249 100 26 0 0 0 0 0 0 0 0
94100 -253.298 -1.24353 100 22 0 0 0 0 0 0 0 0 0 -1.82882 100 21 -0.319952 100 20 0 0 0 0 0 0 0 0
94200 -252.54 -0.899669 100 22 0 0 0 0 0 0 0 0 0 -1.53271 100 22 -0.659355 100 23 0 0 0 0 0 0 0 0
94300 -254.881 -1.38955 100 24 0 0 0 0 0 0 0 0 0 -1.69182 100 19 -0.958262 100 20 0 0 0 0 0 0 0 0
94400 -253.851 -0.520547 100 30 0 0 0 0 0 0 0 0 0 -1.8232 100 25 -0.0756886 100 18 0 0 0 0 0 0 0 0
94500 -253.151 -1.28092 100 20 0 0 0 0 0 0 0 0 0 -1.75093 100 28 -0.60214 100 16 0 0 0 0 0 0 0 0
94600 -253.259 -1.38086 100 22 0 0 0 0 0 0 0 0 0 -1.73479 100 25 -0.534509 100 19 0 0 0 0 0 0 0 0
94700 -253.718 -0.691187 100 26 0 0 0 0 0 0 0 0 0 -1.46637 100 27 -0.814301 100 15 0 0 0 0 0 0 0 0
94800 -252.162 -0.931477 100 24 0 0 0 0 0 0 0 0 0 -1.68673 100 23 -0.496375 100 21 0 0 0 0 0 0 0 0
94900 -253.482 -0.550419 100 27 0 0 0 0 0 0 0 0 0 -1.61098 100 22 -0.783383 100 25 0 0 0 0 0 0 0 0
95000 -252.695 -0.841882 100 20 0 0 0 0 0 0 0 0 0 -1.80828 100 17 -0.225565 100 21 0 0 0 0 0 0 0 0
95100 -252.948 -1.24994 100 22 0 0 0 0 0 0 0 0 0 -1.61879 100 23 -0.800402 100 16 0 0 0 0 0 0 0 0
95200 -255.211 -1.70998 100 26 0 0 0 0 0 0 0 0 0 -1.72315 100 25 -0.273278 100 28 0 0 0 0 0 0 0 0
95300 -252.898 -0.618561 100 20 0 0 0 0 0 0 0 0 0 -1.64359 100 25 -0.711295 100 19 0 0 0 0 0 0 0 0
95400 -254.818 -1.25128 100 19 0 0 0 0 0 0 0 0 0 -1.5511 100 20 -1.15661 100 18 0 0 0 0 0 0 0 0
95500 -252.457 -0.943128 100 23 0 0 0 0 0 0 0 0 0 -1.81837 100 22 -0.359991 100 16 0 0 0 0 0 0 0 0
95600 -252.239 -0.953892 100 30 0 0 0 0 0 0 0 0 0 -1.72899 100 22 -0.42971 100 16 0 0 0 0 0 0 0 0
95700 -252.301 -0.783162 100 24 0 0 0 0 0 0 0 0 0 -1.73285 100 22 -0.383817 100 23 0 0 0 0 0 0 0 0
95800 -252.846 -0.754955 100 18 0 0 0 0 0 0 0 0 0 -1.54239 100 27 -0.611815 100 18 0 0 0 0 0 0 0 0
95900 -253.937 -1.3789 100 18 0 0 0 0 0 0 0 0 0 -1.3083 100 26 -0.915799 100 20 0 0 0 0 0 0 0 0
96000 -252.648 -0.933107 100 18 0 0 0 0 0 0 0 0 0 -1.58578 100 26 -0.454838 100 21 0 0 0 0 0 0 0 0
96100 -253.227 -1.00732 100 18 0 0 0 0 0 0 0 0 0 -1.53346 100 26 -0.425393 100 17 0 0 0 0 0 0 0 0
96200 -252.325 -0.99916 100 29 0 0 0 0 0 0 0 0 0 -1.57476 100 26 -0.697939 100 28 0 0 0 0 0 0 0 0
96300 -253.512 -1.43858 100 30 0 0 0 0 0 0 0 0 0 -1.42875 100 22 -0.945378 100 18 0 0 0 0 0 0 0 0
96400 -257.673 -0.11392 100 25 0 0 0 0 0 0 0 0 0 -2.45976 100 26 0.474747 100 25 0 0 0 0 0 0 0 0
96500 -252.715 -0.607205 100 26 0 0 0 0 0 0 0 0 0 -1.85799 100 27 -0.220374 100 17 0 0 0 0 0 0 0 0
96600 -253.374 -1.3411 100 23 0 0 0 0 0 0 0 0 0 -1.37608 100 22 -0.848626 100 21 0 0 0 0 0 0 0 0
96700 -254.991 -0.760877 100 25 0 0 0 0 0 0 0 0 0 -1.81877 100 18 0.0579818 100 25 0 0 0 0 0 0 0 0
96800 -253.574 -1.07266 100 29 0 0 0 0 0 0 0 0 0 -1.4823 100 21 -1.0414 100 16 0 0 0 0 0 0 0 0
96900 -252.719 -1.30606 100 17 0 0 0 0 0 0 0 0 0 -1.58547 100 21 -0.549692 100 16 0 0 0 0 0 0 0 0
97000 -253.895 -0.342953 100 23 0 0 0 0 0 0 0 0 0 -1.73646 100 30 -0.307807 100 21 0 0 0 0 0 0 0 0
97100 -254.193 -1.4543 100 22 0 0 0 0 0 0 0 0 0 -1.46669 100 24 -1.07262 100 19 0 0 0 0 0 0 0 0
97200 -252.921 -0.646418 100 29 0 0 0 0 0 0 0 0 0 -1.95629 100 27 -0.169543 100 18 0 0 0 0 0 0 0 0
97300 -253.532 -0.953129 100 31 0 0 0 0 0 0 0 0 0 -1.91037 100 18 -0.549315 100 26 0 0 0 0 0 0 0 0
97400 -253.575 -0.682103 100 21 0 0 0 0 0 0 0 0 0 -2.00737 100 24 -0.414357 100 19 0 0 0 0 0 0 0 0
97500 -252.959 -1.29283 100 18 0 0 0 0 0 0 0 0 0 -1.63955 100 27 -0.415158 100 24 0 0 0 0 0 0 0 0
97600 -252.952 -1.1801 100 16 0 0 0 0 0 0 0 0 0 -1.66277 100 26 -0.781269 100 23 0 0 0 0 0 0 0 0
97700 -252.519 -0.758504 100 23 0 0 0 0 0 0 0 0 0 -1.61461 100 20 -0.694931 100 13 0 0 0 0 0 0 0 0
97800 -253.538 -1.10636 100 21 0 0 0 0 0 0 0 0 0 -1.75085 100 34 -0.792421 100 21 0 0 0 0 0 0 0 0
97900 -256.115 -2.01284 100 22 0 0 0 0 0 0 0 0 0 -1.39804 100 27 -0.591544 100 27 0 0 0 0 0 0 0 0
98000 -253.953 -0.871232 100 19 0 0 0 0 0 0 0 0 0 -1.9541 100 15 0.0103356 100 25 0 0 0 0 0 0 0 0
98100 -253.94 -1.54606 100 18 0 0 0 0 0 0 0 0 0 -1.71191 100 22 -0.390762 100 18 0 0 0 0 0 0 0 0
98200 -255.269 -1.16695 100 22 0 0 0 0 0 0 0 0 0 -1.53971 100 25 -0.210849 100 21 0 0 0 0 0 0 0 0
98300 -252.281 -0.821559 100 15 0 0 0 0 0 0 0 0 0 -1.75481 100 20 -0.555355 100 14 0 0 0 0 0 0 0 0
98400 -254.5 -1.57119 100 20 0 0 0 0 0 0 0 0 0 -1.46049 100 25 -0.471631 100 20 0 0 0 0 0 0 0 0
98500 -252.603 -1.28288 100 20 0 0 0 0 0 0 0 0 0 -1.61068 100 15 -0.630274 100 9 0 0 0 0 0 0 0 0
98600 -252.564 -1.14145 100 23 0 0 0 0 0 0 0 0 0 -1.74354 100 33 -0.424986 100 23 0 0 0 0 0 0 0 0
98700 -252.956 -0.493344 100 16 0 0 0 0 0 0 0 0 0 -1.77819 100 26 -0.296067 100 15 0 0 0 0 0 0 0 0
98800 -252.818 -0.559361 100 23 0 0 0 0 0 0 0 0 0 -1.67278 100 26 -0.491593 100 24 0 0 0 0 0 0 0 0
98900 -253.081 -0.810654 100 22 0 0 0 0 0 0 0 0 0 -1.55376 100 29 -0.882197 100 9 0 0 0 0 0 0 0 0
99000 -253.954 -1.14691 100 20 0 0 0 0 0 0 0 0 0 -1.92302 100 26 -0.48598 100 29 0 0 0 0 0 0 0 0
99100 -253.88 -0.186395 100 30 0 0 0 0 0 0 0 0 0 -1.94619 100 25 -0.310047 100 19 0 0 0 0 0 0 0 0
99200 -256.9 -0.787576 100 36 0 0 0 0 0 0 0 0 0 -1.57308 100 26 -0.0740767 100 18 0 0 0 0 0 0 0 0
99300 -253.619 -1.56611 100 28 0 0 0 0 0 0 0 0 0 -1.42623 100 27 -0.836982 100 24 0 0 0 0 0 0 0 0
99400 -252.734 -0.62904 100 30 0 0 0 0 0 0 0 0 0 -1.88663 100 29 -0.202802 100 15 0 0 0 0 0 0 0 0
99500 -254.231 -0.457777 100 22 0 0 0 0 0 0 0 0 0 -2.169 100 28 -0.0847096 100 18 0 0 0 0 0 0 0 0
99600 -253.35 -0.472732 100 26 0 0 0 0 0 0 0 0 0 -1.77995 100 22 -0.671496 100 23 0 0 0 0 0 0 0 0
99700 -256.313 -1.87752 100 19 0 0 0 0 0 0 0 0 0 -1.82308 100 20 -0.425579 100 23 0 0 0 0 0 0 0 0
99800 -255.036 -0.961744 100 27 0 0 0 0 0 0 0 0 0 -1.6813 100 19 -1.09451 100 17 0 0 0 0 0 0 0 0
99900 -254.454 -0.585362 100 29 0 0 0 0 0 0 0 0 0 -1.8826 100 28 -0.778136 100 28 0 0 0 0 0 0 0 0
100000 -255.131 -1.07105 100 20 0 0 0 0 0 0 0 0 0 -2.11429 100 20 -0.124419 100 16 0 0 0 0 0 0 0 0
