iteration logLik intercept1 intercept1_p intercept1_a pcov2 pcov2_p pcov2_a pcov3 pcov3_p pcov3_a pcov4 pcov4_p pcov4_a intercept2 intercept2_p intercept2_a intercept3 intercept3_p intercept3_a intercept4 intercept4_p intercept4_a pcov pcov_p pcov_a data_p data_a
0 -414.6 -12.5071 0 0 0 0 0 0 0 0 0 0 0 -12.3742 0 0 -8.28914 0 0 0 0 0 0 0 0 0 0
100 -127.564 -0.532006 100 55 0 0 0 0 0 0 0 0 0 -1.7443 100 43 -0.360099 100 33 0 0 0 0 0 0 0 0
200 -125.645 -2.53792 100 62 0 0 0 0 0 0 0 0 0 -1.86543 100 31 -0.623038 100 38 0 0 0 0 0 0 0 0
300 -126.716 -1.68431 100 63 0 0 0 0 0 0 0 0 0 -2.33235 100 38 0.22031 100 29 0 0 0 0 0 0 0 0
400 -126.27 -2.7067 100 61 0 0 0 0 0 0 0 0 0 -2.1662 100 41 -0.125702 100 25 0 0 0 0 0 0 0 0
500 -130.853 -4.23134 100 56 0 0 0 0 0 0 0 0 0 -2.12831 100 30 -1.28522 100 35 0 0 0 0 0 0 0 0
600 -129.975 0.140787 100 56 0 0 0 0 0 0 0 0 0 -2.04578 100 33 -0.970298 100 29 0 0 0 0 0 0 0 0
700 -128.207 -3.56614 100 56 0 0 0 0 0 0 0 0 0 -1.37499 100 38 -1.21936 100 30 0 0 0 0 0 0 0 0
800 -127.558 -1.51742 100 63 0 0 0 0 0 0 0 0 0 -1.6507 100 33 -1.39556 100 30 0 0 0 0 0 0 0 0
900 -127.377 -1.84048 100 57 0 0 0 0 0 0 0 0 0 -2.21182 100 33 -0.803835 100 25 0 0 0 0 0 0 0 0
1000 -128.727 -5.22963 100 65 0 0 0 0 0 0 0 0 0 -2.11959 100 30 -0.585407 100 32 0 0 0 0 0 0 0 0
1100 -127.08 -1.79801 100 60 0 0 0 0 0 0 0 0 0 -1.61183 100 38 -0.324108 100 30 0 0 0 0 0 0 0 0
1200 -129.293 0.36575 100 48 0 0 0 0 0 0 0 0 0 -2.47497 100 30 -0.11011 100 31 0 0 0 0 0 0 0 0
1300 -127.149 -4.07781 100 50 0 0 0 0 0 0 0 0 0 -2.06124 100 31 -0.182392 100 33 0 0 0 0 0 0 0 0
1400 -128.424 -1.72767 100 62 0 0 0 0 0 0 0 0 0 -2.33512 100 39 0.555791 100 31 0 0 0 0 0 0 0 0
1500 -126.851 -1.86452 100 59 0 0 0 0 0 0 0 0 0 -1.46902 100 37 -1.00987 100 32 0 0 0 0 0 0 0 0
1600 -125.514 -1.23505 100 64 0 0 0 0 0 0 0 0 0 -1.97862 100 35 -0.386772 100 35 0 0 0 0 0 0 0 0
1700 -127.222 -3.80228 100 48 0 0 0 0 0 0 0 0 0 -1.59771 100 42 -0.552394 100 35 0 0 0 0 0 0 0 0
1800 -128.206 -1.02855 100 58 0 0 0 0 0 0 0 0 0 -1.52493 100 43 -1.338 100 35 0 0 0 0 0 0 0 0
1900 -128.685 -4.89027 100 58 0 0 0 0 0 0 0 0 0 -2.28754 100 36 -0.0185101 100 26 0 0 0 0 0 0 0 0
2000 -125.812 -0.991372 100 58 0 0 0 0 0 0 0 0 0 -1.93815 100 28 -0.310752 100 27 0 0 0 0 0 0 0 0
2100 -127.38 -1.60077 100 45 0 0 0 0 0 0 0 0 0 -2.20569 100 30 -0.828609 100 33 0 0 0 0 0 0 0 0
2200 -129.175 -1.28153 100 47 0 0 0 0 0 0 0 0 0 -2.62463 100 27 -0.366015 100 30 0 0 0 0 0 0 0 0
2300 -126.507 -3.70634 100 58 0 0 0 0 0 0 0 0 0 -1.95072 100 30 -0.425562 100 30 0 0 0 0 0 0 0 0
2400 -126.628 -0.562242 100 66 0 0 0 0 0 0 0 0 0 -2.22743 100 23 0.0462183 100 31 0 0 0 0 0 0 0 0
2500 -126.088 -1.47453 100 56 0 0 0 0 0 0 0 0 0 -2.00166 100 37 -0.0263511 100 22 0 0 0 0 0 0 0 0
2600 -126.397 -2.68205 100 57 0 0 0 0 0 0 0 0 0 -2.13358 100 31 -0.51875 100 27 0 0 0 0 0 0 0 0
2700 -128.175 -3.43471 100 62 0 0 0 0 0 0 0 0 0 -2.11045 100 38 0.25909 100 28 0 0 0 0 0 0 0 0
2800 -127.322 -4.54165 100 49 0 0 0 0 0 0 0 0 0 -1.76548 100 38 -0.774692 100 31 0 0 0 0 0 0 0 0
2900 -127.732 -4.14092 100 57 0 0 0 0 0 0 0 0 0 -1.71219 100 43 -1.12844 100 35 0 0 0 0 0 0 0 0
3000 -131.457 -5.73638 100 64 0 0 0 0 0 0 0 0 0 -1.232 100 32 -0.951159 100 31 0 0 0 0 0 0 0 0
3100 -126.371 -1.3376 100 59 0 0 0 0 0 0 0 0 0 -1.78679 100 29 -1.03066 100 27 0 0 0 0 0 0 0 0
3200 -125.941 -1.52596 100 49 0 0 0 0 0 0 0 0 0 -2.21991 100 32 -0.285282 100 36 0 0 0 0 0 0 0 0
3300 -125.964 -1.57874 100 53 0 0 0 0 0 0 0 0 0 -1.65074 100 39 -0.821484 100 23 0 0 0 0 0 0 0 0
3400 -125.713 -2.57082 100 53 0 0 0 0 0 0 0 0 0 -1.97504 100 40 -0.335568 100 34 0 0 0 0 0 0 0 0
3500 -125.59 -1.47565 100 54 0 0 0 0 0 0 0 0 0 -1.77412 100 31 -0.611161 100 27 0 0 0 0 0 0 0 0
3600 -126.347 -2.31313 100 59 0 0 0 0 0 0 0 0 0 -2.01197 100 30 -0.811375 100 30 0 0 0 0 0 0 0 0
3700 -125.781 -1.69696 100 58 0 0 0 0 0 0 0 0 0 -1.8767 100 38 -0.226189 100 32 0 0 0 0 0 0 0 0
3800 -126.11 -1.88062 100 47 0 0 0 0 0 0 0 0 0 -1.79333 100 33 -0.235983 100 35 0 0 0 0 0 0 0 0
3900 -126.148 -1.83268 100 58 0 0 0 0 0 0 0 0 0 -2.25614 100 27 -0.258993 100 29 0 0 0 0 0 0 0 0
4000 -126.219 -0.857911 100 55 0 0 0 0 0 0 0 0 0 -2.23996 100 32 -0.284116 100 21 0 0 0 0 0 0 0 0
4100 -128.311 -2.09574 100 58 0 0 0 0 0 0 0 0 0 -2.50397 100 37 0.529379 100 25 0 0 0 0 0 0 0 0
4200 -126.111 -1.46273 100 61 0 0 0 0 0 0 0 0 0 -2.26039 100 32 0.0166043 100 34 0 0 0 0 0 0 0 0
4300 -126.361 -3.14248 100 57 0 0 0 0 0 0 0 0 0 -1.62365 100 42 -0.756401 100 33 0 0 0 0 0 0 0 0
4400 -125.524 -2.08851 100 50 0 0 0 0 0 0 0 0 0 -2.01559 100 28 -0.321985 100 26 0 0 0 0 0 0 0 0
4500 -126.345 -2.54223 100 56 0 0 0 0 0 0 0 0 0 -1.67384 100 43 -0.40518 100 32 0 0 0 0 0 0 0 0
4600 -128.828 -0.435672 100 64 0 0 0 0 0 0 0 0 0 -1.65327 100 40 -0.349227 100 37 0 0 0 0 0 0 0 0
4700 -128.415 -5.46781 100 63 0 0 0 0 0 0 0 0 0 -1.71819 100 35 -0.913831 100 35 0 0 0 0 0 0 0 0
4800 -127.928 -4.77466 100 55 0 0 0 0 0 0 0 0 0 -2.02636 100 38 -0.633074 100 37 0 0 0 0 0 0 0 0
4900 -128.501 -1.32866 100 56 0 0 0 0 0 0 0 0 0 -2.69217 100 30 0.073107 100 29 0 0 0 0 0 0 0 0
5000 -126.828 -2.11988 100 61 0 0 0 0 0 0 0 0 0 -1.67485 100 38 -1.24526 100 35 0 0 0 0 0 0 0 0
5100 -126.047 -1.61748 100 49 0 0 0 0 0 0 0 0 0 -2.23154 100 35 -0.320022 100 25 0 0 0 0 0 0 0 0
5200 -126.657 -3.69923 100 52 0 0 0 0 0 0 0 0 0 -1.67235 100 32 -0.782147 100 32 0 0 0 0 0 0 0 0
5300 -126.724 -1.38107 100 66 0 0 0 0 0 0 0 0 0 -1.58327 100 39 -0.553001 100 32 0 0 0 0 0 0 0 0
5400 -127.266 -4.58047 100 52 0 0 0 0 0 0 0 0 0 -1.90128 100 38 -0.55147 100 28 0 0 0 0 0 0 0 0
5500 -126.953 -3.89086 100 54 0 0 0 0 0 0 0 0 0 -2.05552 100 30 -0.472156 100 22 0 0 0 0 0 0 0 0
5600 -125.869 -2.03151 100 54 0 0 0 0 0 0 0 0 0 -2.12866 100 40 -0.437903 100 33 0 0 0 0 0 0 0 0
5700 -126.639 -0.912639 100 54 0 0 0 0 0 0 0 0 0 -2.20813 100 44 -0.574368 100 32 0 0 0 0 0 0 0 0
5800 -126.096 -2.57319 100 58 0 0 0 0 0 0 0 0 0 -2.06113 100 33 -0.573271 100 38 0 0 0 0 0 0 0 0
5900 -128.672 -4.38488 100 63 0 0 0 0 0 0 0 0 0 -1.75637 100 35 -0.0903776 100 29 0 0 0 0 0 0 0 0
6000 -130.657 -6.67506 100 57 0 0 0 0 0 0 0 0 0 -2.17302 100 39 -0.645045 100 28 0 0 0 0 0 0 0 0
6100 -126.128 -1.54543 100 54 0 0 0 0 0 0 0 0 0 -1.68222 100 36 -0.456718 100 33 0 0 0 0 0 0 0 0
6200 -126.228 -1.46112 100 60 0 0 0 0 0 0 0 0 0 -2.03721 100 31 0.0343588 100 32 0 0 0 0 0 0 0 0
6300 -125.766 -1.59533 100 57 0 0 0 0 0 0 0 0 0 -2.16092 100 37 -0.117312 100 33 0 0 0 0 0 0 0 0
6400 -125.998 -1.17261 100 56 0 0 0 0 0 0 0 0 0 -2.22944 100 32 -0.267395 100 27 0 0 0 0 0 0 0 0
6500 -126.545 -1.41626 100 54 0 0 0 0 0 0 0 0 0 -2.35287 100 38 0.152587 100 31 0 0 0 0 0 0 0 0
6600 -125.699 -1.78885 100 56 0 0 0 0 0 0 0 0 0 -1.88483 100 41 -0.244876 100 34 0 0 0 0 0 0 0 0
6700 -126.454 -3.26924 100 62 0 0 0 0 0 0 0 0 0 -1.95009 100 35 -0.184768 100 23 0 0 0 0 0 0 0 0
6800 -126.976 -1.47201 100 54 0 0 0 0 0 0 0 0 0 -2.45006 100 31 -0.106553 100 28 0 0 0 0 0 0 0 0
6900 -126.582 -1.73508 100 59 0 0 0 0 0 0 0 0 0 -2.19361 100 34 0.18946 100 38 0 0 0 0 0 0 0 0
7000 -127.832 -0.460733 100 41 0 0 0 0 0 0 0 0 0 -2.5576 100 31 0.360296 100 26 0 0 0 0 0 0 0 0
7100 -126.705 -0.555143 100 57 0 0 0 0 0 0 0 0 0 -2.18312 100 33 -0.491946 100 29 0 0 0 0 0 0 0 0
7200 -126.834 -1.30512 100 54 0 0 0 0 0 0 0 0 0 -2.04005 100 37 -0.941297 100 26 0 0 0 0 0 0 0 0
7300 -125.505 -2.27998 100 55 0 0 0 0 0 0 0 0 0 -1.85385 100 35 -0.467981 100 27 0 0 0 0 0 0 0 0
7400 -127.443 -4.39778 100 53 0 0 0 0 0 0 0 0 0 -1.61169 100 39 -0.70091 100 27 0 0 0 0 0 0 0 0
7500 -126.564 -1.80111 100 60 0 0 0 0 0 0 0 0 0 -2.18553 100 32 -0.637318 100 30 0 0 0 0 0 0 0 0
7600 -126.249 -2.22541 100 46 0 0 0 0 0 0 0 0 0 -1.64999 100 30 -1.0517 100 28 0 0 0 0 0 0 0 0
7700 -127.438 -3.82116 100 66 0 0 0 0 0 0 0 0 0 -2.23508 100 37 -0.0744302 100 27 0 0 0 0 0 0 0 0
7800 -126.713 -2.06246 100 51 0 0 0 0 0 0 0 0 0 -2.04678 100 40 0.1274 100 31 0 0 0 0 0 0 0 0
7900 -126.275 -1.79927 100 56 0 0 0 0 0 0 0 0 0 -1.97943 100 31 -0.883259 100 39 0 0 0 0 0 0 0 0
8000 -126.724 -0.855463 100 58 0 0 0 0 0 0 0 0 0 -2.03342 100 37 -0.830123 100 30 0 0 0 0 0 0 0 0
8100 -126.868 -1.48248 100 53 0 0 0 0 0 0 0 0 0 -1.64071 100 37 -1.20939 100 29 0 0 0 0 0 0 0 0
8200 -126.197 -2.65296 100 53 0 0 0 0 0 0 0 0 0 -1.89437 100 36 -0.167954 100 25 0 0 0 0 0 0 0 0
8300 -125.608 -1.19608 100 52 0 0 0 0 0 0 0 0 0 -1.91042 100 38 -0.584732 100 33 0 0 0 0 0 0 0 0
8400 -126.862 -3.5928 100 54 0 0 0 0 0 0 0 0 0 -2.13131 100 35 -0.353349 100 29 0 0 0 0 0 0 0 0
8500 -127.484 -3.16786 100 56 0 0 0 0 0 0 0 0 0 -2.29072 100 34 -0.40991 100 34 0 0 0 0 0 0 0 0
8600 -126.29 -2.47312 100 52 0 0 0 0 0 0 0 0 0 -1.73075 100 40 -1.0397 100 23 0 0 0 0 0 0 0 0
8700 -126.825 -1.46455 100 55 0 0 0 0 0 0 0 0 0 -1.9083 100 29 -1.09576 100 27 0 0 0 0 0 0 0 0
8800 -126.267 -2.53928 100 50 0 0 0 0 0 0 0 0 0 -1.86248 100 28 -0.935485 100 34 0 0 0 0 0 0 0 0
8900 -128.316 -4.33791 100 65 0 0 0 0 0 0 0 0 0 -2.00219 100 44 0.08295 100 24 0 0 0 0 0 0 0 0
9000 -125.837 -2.17652 100 54 0 0 0 0 0 0 0 0 0 -2.1426 100 36 -0.266403 100 32 0 0 0 0 0 0 0 0
9100 -126.362 -1.20203 100 46 0 0 0 0 0 0 0 0 0 -2.31181 100 42 -0.260327 100 31 0 0 0 0 0 0 0 0
9200 -125.847 -1.9296 100 47 0 0 0 0 0 0 0 0 0 -2.00702 100 33 -0.0978874 100 22 0 0 0 0 0 0 0 0
9300 -126.768 -0.446527 100 49 0 0 0 0 0 0 0 0 0 -2.28582 100 45 -0.215085 100 25 0 0 0 0 0 0 0 0
9400 -129.503 -0.102341 100 52 0 0 0 0 0 0 0 0 0 -1.67128 100 23 -0.648199 100 36 0 0 0 0 0 0 0 0
9500 -128.16 -4.17634 100 58 0 0 0 0 0 0 0 0 0 -2.2104 100 36 -0.538215 100 38 0 0 0 0 0 0 0 0
9600 -127.327 -3.73783 100 58 0 0 0 0 0 0 0 0 0 -2.22596 100 27 -0.0802322 100 33 0 0 0 0 0 0 0 0
9700 -126.237 -2.69182 100 49 0 0 0 0 0 0 0 0 0 -1.59357 100 36 -0.866868 100 33 0 0 0 0 0 0 0 0
9800 -127.033 -4.33583 100 50 0 0 0 0 0 0 0 0 0 -1.76891 100 32 -0.587601 100 37 0 0 0 0 0 0 0 0
9900 -125.529 -1.71731 100 50 0 0 0 0 0 0 0 0 0 -2.07223 100 39 -0.268109 100 35 0 0 0 0 0 0 0 0
10000 -126.097 -1.53578 100 59 0 0 0 0 0 0 0 0 0 -2.28061 100 37 -0.105513 100 29 0 0 0 0 0 0 0 0
10100 -130.048 0.539482 100 61 0 0 0 0 0 0 0 0 0 -2.3009 100 33 0.04927 100 30 0 0 0 0 0 0 0 0
10200 -127.362 -2.39553 100 56 0 0 0 0 0 0 0 0 0 -1.77103 100 33 -0.0497985 100 31 0 0 0 0 0 0 0 0
10300 -128.359 -3.65238 100 49 0 0 0 0 0 0 0 0 0 -2.42637 100 42 0.215484 100 26 0 0 0 0 0 0 0 0
10400 -125.521 -1.34684 100 55 0 0 0 0 0 0 0 0 0 -1.85418 100 31 -0.499956 100 25 0 0 0 0 0 0 0 0
10500 -125.922 -2.2319 100 41 0 0 0 0 0 0 0 0 0 -1.71417 100 31 -0.441017 100 26 0 0 0 0 0 0 0 0
10600 -126.544 -3.58962 100 52 0 0 0 0 0 0 0 0 0 -2.02528 100 29 -0.410204 100 31 0 0 0 0 0 0 0 0
10700 -126.739 -0.701237 100 53 0 0 0 0 0 0 0 0 0 -2.13148 100 36 -0.658084 100 38 0 0 0 0 0 0 0 0
10800 -132.321 -2.06495 100 54 0 0 0 0 0 0 0 0 0 -2.83256 100 40 -0.427042 100 31 0 0 0 0 0 0 0 0
10900 -130.488 -6.9523 100 60 0 0 0 0 0 0 0 0 0 -1.64242 100 40 -0.3753 100 24 0 0 0 0 0 0 0 0
11000 -126.919 -1.63165 100 49 0 0 0 0 0 0 0 0 0 -1.97198 100 28 0.116384 100 31 0 0 0 0 0 0 0 0
11100 -128.023 -1.98995 100 56 0 0 0 0 0 0 0 0 0 -2.00231 100 38 -1.24692 100 39 0 0 0 0 0 0 0 0
11200 -127.435 -0.131551 100 60 0 0 0 0 0 0 0 0 0 -2.34119 100 36 0.0037108 100 36 0 0 0 0 0 0 0 0
11300 -126 -2.72008 100 65 0 0 0 0 0 0 0 0 0 -2.03154 100 43 -0.527651 100 30 0 0 0 0 0 0 0 0
11400 -126.272 -0.642926 100 57 0 0 0 0 0 0 0 0 0 -1.96171 100 34 -0.548299 100 31 0 0 0 0 0 0 0 0
11500 -127.026 -1.83948 100 51 0 0 0 0 0 0 0 0 0 -1.55525 100 31 -1.26832 100 35 0 0 0 0 0 0 0 0
11600 -126.594 -1.30345 100 61 0 0 0 0 0 0 0 0 0 -1.61511 100 42 -1.02761 100 30 0 0 0 0 0 0 0 0
11700 -125.957 -1.91982 100 60 0 0 0 0 0 0 0 0 0 -2.17881 100 40 -0.0491347 100 34 0 0 0 0 0 0 0 0
11800 -127.892 -2.48841 100 56 0 0 0 0 0 0 0 0 0 -2.16122 100 30 0.350226 100 35 0 0 0 0 0 0 0 0
11900 -126.144 -0.95123 100 47 0 0 0 0 0 0 0 0 0 -1.82902 100 32 -0.356755 100 27 0 0 0 0 0 0 0 0
12000 -127.856 -2.66979 100 52 0 0 0 0 0 0 0 0 0 -1.95216 100 36 0.183529 100 39 0 0 0 0 0 0 0 0
12100 -128.692 -3.82708 100 52 0 0 0 0 0 0 0 0 0 -2.39566 100 43 -0.341747 100 25 0 0 0 0 0 0 0 0
12200 -125.513 -2.23814 100 52 0 0 0 0 0 0 0 0 0 -1.87179 100 31 -0.414495 100 39 0 0 0 0 0 0 0 0
12300 -126.273 -0.598194 100 57 0 0 0 0 0 0 0 0 0 -2.14381 100 32 -0.306127 100 28 0 0 0 0 0 0 0 0
12400 -125.598 -1.35662 100 54 0 0 0 0 0 0 0 0 0 -2.08114 100 38 -0.404943 100 29 0 0 0 0 0 0 0 0
12500 -128.31 -3.71155 100 54 0 0 0 0 0 0 0 0 0 -1.46034 100 30 -0.539916 100 31 0 0 0 0 0 0 0 0
12600 -130.29 -5.18151 100 56 0 0 0 0 0 0 0 0 0 -2.13096 100 34 -1.00209 100 28 0 0 0 0 0 0 0 0
12700 -127.276 -0.810183 100 53 0 0 0 0 0 0 0 0 0 -1.62804 100 35 -0.969765 100 36 0 0 0 0 0 0 0 0
12800 -125.806 -1.5361 100 47 0 0 0 0 0 0 0 0 0 -2.1389 100 36 -0.439588 100 34 0 0 0 0 0 0 0 0
12900 -126.417 -1.16718 100 56 0 0 0 0 0 0 0 0 0 -2.2856 100 40 0.141941 100 34 0 0 0 0 0 0 0 0
13000 -126.012 -2.00098 100 57 0 0 0 0 0 0 0 0 0 -1.8244 100 42 -0.945043 100 32 0 0 0 0 0 0 0 0
13100 -127.253 -1.4921 100 53 0 0 0 0 0 0 0 0 0 -2.52153 100 35 0.1115 100 28 0 0 0 0 0 0 0 0
13200 -125.525 -2.34515 100 63 0 0 0 0 0 0 0 0 0 -1.93055 100 29 -0.440837 100 20 0 0 0 0 0 0 0 0
13300 -128.341 -3.47068 100 49 0 0 0 0 0 0 0 0 0 -2.26965 100 35 -0.654354 100 26 0 0 0 0 0 0 0 0
13400 -125.593 -1.84297 100 60 0 0 0 0 0 0 0 0 0 -1.75383 100 26 -0.519762 100 26 0 0 0 0 0 0 0 0
13500 -127.015 -4.32485 100 62 0 0 0 0 0 0 0 0 0 -1.78891 100 33 -0.651916 100 28 0 0 0 0 0 0 0 0
13600 -126.643 -1.50954 100 56 0 0 0 0 0 0 0 0 0 -2.40551 100 31 -0.0190515 100 28 0 0 0 0 0 0 0 0
13700 -126.943 -2.88356 100 50 0 0 0 0 0 0 0 0 0 -1.85 100 35 -1.08534 100 34 0 0 0 0 0 0 0 0
13800 -125.655 -1.96494 100 58 0 0 0 0 0 0 0 0 0 -2.09294 100 39 -0.384889 100 36 0 0 0 0 0 0 0 0
13900 -125.519 -1.9708 100 53 0 0 0 0 0 0 0 0 0 -1.76681 100 31 -0.672084 100 26 0 0 0 0 0 0 0 0
14000 -126.728 -2.04482 100 56 0 0 0 0 0 0 0 0 0 -2.32827 100 38 0.170725 100 33 0 0 0 0 0 0 0 0
14100 -125.577 -2.46221 100 57 0 0 0 0 0 0 0 0 0 -1.85841 100 32 -0.584787 100 30 0 0 0 0 0 0 0 0
14200 -125.935 -2.27526 100 52 0 0 0 0 0 0 0 0 0 -2.13737 100 31 -0.372856 100 34 0 0 0 0 0 0 0 0
14300 -126.605 -1.71657 100 53 0 0 0 0 0 0 0 0 0 -1.64027 100 42 -1.16598 100 28 0 0 0 0 0 0 0 0
14400 -125.939 -1.1305 100 42 0 0 0 0 0 0 0 0 0 -1.8644 100 30 -0.286042 100 27 0 0 0 0 0 0 0 0
14500 -126.622 -2.8547 100 63 0 0 0 0 0 0 0 0 0 -1.74605 100 32 -1.07766 100 28 0 0 0 0 0 0 0 0
14600 -125.597 -2.47727 100 52 0 0 0 0 0 0 0 0 0 -1.80887 100 30 -0.593116 100 31 0 0 0 0 0 0 0 0
14700 -127.241 -0.187061 100 56 0 0 0 0 0 0 0 0 0 -2.2368 100 31 -0.297281 100 30 0 0 0 0 0 0 0 0
14800 -126.271 -2.9499 100 46 0 0 0 0 0 0 0 0 0 -2.00964 100 36 -0.637135 100 20 0 0 0 0 0 0 0 0
14900 -127.321 -0.82748 100 54 0 0 0 0 0 0 0 0 0 -2.20432 100 37 0.300551 100 26 0 0 0 0 0 0 0 0
15000 -125.928 -1.27177 100 51 0 0 0 0 0 0 0 0 0 -2.14909 100 41 -0.0247312 100 28 0 0 0 0 0 0 0 0
15100 -127.304 -0.983136 100 59 0 0 0 0 0 0 0 0 0 -1.88505 100 39 -1.14287 100 35 0 0 0 0 0 0 0 0
15200 -126.427 -1.97725 100 62 0 0 0 0 0 0 0 0 0 -1.53645 100 36 -0.981857 100 26 0 0 0 0 0 0 0 0
15300 -127.126 -0.370031 100 52 0 0 0 0 0 0 0 0 0 -1.92544 100 42 -0.677632 100 31 0 0 0 0 0 0 0 0
15400 -125.735 -1.65343 100 51 0 0 0 0 0 0 0 0 0 -1.80417 100 38 -0.837453 100 33 0 0 0 0 0 0 0 0
15500 -126.474 -0.999232 100 52 0 0 0 0 0 0 0 0 0 -2.31645 100 28 0.124388 100 29 0 0 0 0 0 0 0 0
15600 -126.57 -0.53337 100 55 0 0 0 0 0 0 0 0 0 -1.93455 100 31 -0.595675 100 28 0 0 0 0 0 0 0 0
15700 -130.478 -0.034927 100 55 0 0 0 0 0 0 0 0 0 -2.60903 100 35 0.825782 100 37 0 0 0 0 0 0 0 0
15800 -126.511 -2.37276 100 51 0 0 0 0 0 0 0 0 0 -1.54209 100 33 -0.655889 100 27 0 0 0 0 0 0 0 0
15900 -125.736 -1.77002 100 49 0 0 0 0 0 0 0 0 0 -1.89283 100 34 -0.222317 100 46 0 0 0 0 0 0 0 0
16000 -126.646 -1.02577 100 59 0 0 0 0 0 0 0 0 0 -2.17418 100 32 -0.659338 100 41 0 0 0 0 0 0 0 0
16100 -126.486 -2.11673 100 46 0 0 0 0 0 0 0 0 0 -1.77474 100 35 -1.11595 100 35 0 0 0 0 0 0 0 0
16200 -126.219 -3.41483 100 54 0 0 0 0 0 0 0 0 0 -1.90346 100 37 -0.453104 100 36 0 0 0 0 0 0 0 0
16300 -126.954 -0.381032 100 49 0 0 0 0 0 0 0 0 0 -1.9711 100 34 -0.230252 100 39 0 0 0 0 0 0 0 0
16400 -127.674 -0.980241 100 55 0 0 0 0 0 0 0 0 0 -2.38545 100 41 -0.542522 100 40 0 0 0 0 0 0 0 0
16500 -126.456 -2.22697 100 49 0 0 0 0 0 0 0 0 0 -1.64136 100 43 -1.1273 100 35 0 0 0 0 0 0 0 0
16600 -128.424 -2.52294 100 66 0 0 0 0 0 0 0 0 0 -1.40243 100 49 -1.53625 100 31 0 0 0 0 0 0 0 0
16700 -127.655 -4.15381 100 70 0 0 0 0 0 0 0 0 0 -1.51492 100 29 -0.766898 100 23 0 0 0 0 0 0 0 0
16800 -129.629 -2.15581 100 46 0 0 0 0 0 0 0 0 0 -2.30093 100 42 0.655878 100 28 0 0 0 0 0 0 0 0
16900 -128.625 -2.3048 100 68 0 0 0 0 0 0 0 0 0 -1.32629 100 39 -1.48672 100 29 0 0 0 0 0 0 0 0
17000 -126.451 -1.26883 100 42 0 0 0 0 0 0 0 0 0 -2.23965 100 34 0.167607 100 28 0 0 0 0 0 0 0 0
17100 -125.966 -1.77645 100 58 0 0 0 0 0 0 0 0 0 -1.69157 100 33 -0.94459 100 25 0 0 0 0 0 0 0 0
17200 -126.413 -1.29768 100 57 0 0 0 0 0 0 0 0 0 -2.35062 100 34 0.0665449 100 27 0 0 0 0 0 0 0 0
17300 -126.737 -3.46637 100 60 0 0 0 0 0 0 0 0 0 -1.62514 100 31 -0.584713 100 24 0 0 0 0 0 0 0 0
17400 -125.945 -1.31677 100 50 0 0 0 0 0 0 0 0 0 -1.92961 100 28 -0.800398 100 31 0 0 0 0 0 0 0 0
17500 -126.91 -1.91775 100 47 0 0 0 0 0 0 0 0 0 -1.45605 100 33 -0.861872 100 25 0 0 0 0 0 0 0 0
17600 -128.026 -3.83436 100 48 0 0 0 0 0 0 0 0 0 -1.85729 100 32 -1.16332 100 21 0 0 0 0 0 0 0 0
17700 -125.952 -2.018 100 52 0 0 0 0 0 0 0 0 0 -2.10936 100 40 -0.0397372 100 34 0 0 0 0 0 0 0 0
17800 -126.921 -1.45468 100 69 0 0 0 0 0 0 0 0 0 -2.29065 100 33 0.29641 100 16 0 0 0 0 0 0 0 0
17900 -127.148 -4.42293 100 52 0 0 0 0 0 0 0 0 0 -1.87921 100 31 -0.391803 100 33 0 0 0 0 0 0 0 0
18000 -126.719 -1.57057 100 55 0 0 0 0 0 0 0 0 0 -2.39685 100 31 0.162128 100 31 0 0 0 0 0 0 0 0
18100 -125.755 -1.99969 100 58 0 0 0 0 0 0 0 0 0 -1.86739 100 29 -0.251492 100 32 0 0 0 0 0 0 0 0
18200 -127.119 -4.43288 100 57 0 0 0 0 0 0 0 0 0 -1.89642 100 31 -0.545967 100 27 0 0 0 0 0 0 0 0
18300 -129.345 -4.8459 100 58 0 0 0 0 0 0 0 0 0 -1.47953 100 37 -0.484633 100 34 0 0 0 0 0 0 0 0
18400 -125.7 -1.49291 100 56 0 0 0 0 0 0 0 0 0 -1.72922 100 34 -0.661409 100 31 0 0 0 0 0 0 0 0
18500 -129.001 -2.45348 100 53 0 0 0 0 0 0 0 0 0 -1.32822 100 34 -0.601738 100 27 0 0 0 0 0 0 0 0
18600 -125.707 -2.01399 100 61 0 0 0 0 0 0 0 0 0 -2.11275 100 48 -0.347996 100 40 0 0 0 0 0 0 0 0
18700 -126.435 -2.40692 100 49 0 0 0 0 0 0 0 0 0 -2.24485 100 26 -0.306373 100 30 0 0 0 0 0 0 0 0
18800 -126.481 -3.66199 100 52 0 0 0 0 0 0 0 0 0 -1.85082 100 32 -0.404348 100 28 0 0 0 0 0 0 0 0
18900 -126.073 -0.801035 100 53 0 0 0 0 0 0 0 0 0 -1.87879 100 31 -0.544833 100 24 0 0 0 0 0 0 0 0
19000 -126.273 -2.39185 100 60 0 0 0 0 0 0 0 0 0 -1.55702 100 35 -0.800062 100 22 0 0 0 0 0 0 0 0
19100 -126.322 -3.28353 100 55 0 0 0 0 0 0 0 0 0 -1.96395 100 37 -0.611277 100 32 0 0 0 0 0 0 0 0
19200 -128.053 -4.56969 100 54 0 0 0 0 0 0 0 0 0 -1.95273 100 38 -0.0496564 100 35 0 0 0 0 0 0 0 0
19300 -127.726 -1.12599 100 58 0 0 0 0 0 0 0 0 0 -1.51499 100 30 -1.22668 100 33 0 0 0 0 0 0 0 0
19400 -125.957 -2.55213 100 55 0 0 0 0 0 0 0 0 0 -1.64796 100 33 -0.711917 100 32 0 0 0 0 0 0 0 0
19500 -126.073 -1.4987 100 65 0 0 0 0 0 0 0 0 0 -1.95623 100 35 -0.843216 100 30 0 0 0 0 0 0 0 0
19600 -126.169 -1.5533 100 54 0 0 0 0 0 0 0 0 0 -1.90496 100 38 -0.928467 100 29 0 0 0 0 0 0 0 0
19700 -127.482 -0.287603 100 54 0 0 0 0 0 0 0 0 0 -2.22742 100 31 -0.539465 100 24 0 0 0 0 0 0 0 0
19800 -126.338 -2.01519 100 55 0 0 0 0 0 0 0 0 0 -1.53814 100 37 -0.851055 100 24 0 0 0 0 0 0 0 0
19900 -127.315 -3.54216 100 57 0 0 0 0 0 0 0 0 0 -1.63599 100 43 -0.380034 100 20 0 0 0 0 0 0 0 0
20000 -125.557 -1.7706 100 47 0 0 0 0 0 0 0 0 0 -2.08444 100 31 -0.340801 100 30 0 0 0 0 0 0 0 0
20100 -125.923 -1.31602 100 51 0 0 0 0 0 0 0 0 0 -2.16516 100 41 -0.0241519 100 24 0 0 0 0 0 0 0 0
20200 -126.56 -2.73887 100 53 0 0 0 0 0 0 0 0 0 -2.24695 100 27 -0.106886 100 38 0 0 0 0 0 0 0 0
20300 -127.473 -3.37226 100 66 0 0 0 0 0 0 0 0 0 -1.54699 100 29 -0.482817 100 29 0 0 0 0 0 0 0 0
20400 -125.812 -2.61941 100 54 0 0 0 0 0 0 0 0 0 -1.97201 100 32 -0.568446 100 40 0 0 0 0 0 0 0 0
20500 -125.771 -1.38647 100 61 0 0 0 0 0 0 0 0 0 -2.12433 100 42 -0.445653 100 31 0 0 0 0 0 0 0 0
20600 -127.265 -2.80149 100 52 0 0 0 0 0 0 0 0 0 -1.77921 100 35 -0.0864602 100 38 0 0 0 0 0 0 0 0
20700 -126.672 -1.29363 100 46 0 0 0 0 0 0 0 0 0 -2.30625 100 41 -0.42888 100 27 0 0 0 0 0 0 0 0
20800 -128.014 -1.27865 100 57 0 0 0 0 0 0 0 0 0 -2.59196 100 33 0.488109 100 29 0 0 0 0 0 0 0 0
20900 -126.047 -3.12598 100 58 0 0 0 0 0 0 0 0 0 -1.89185 100 30 -0.615677 100 36 0 0 0 0 0 0 0 0
21000 -126.575 -2.05641 100 59 0 0 0 0 0 0 0 0 0 -1.66967 100 33 -1.17571 100 35 0 0 0 0 0 0 0 0
21100 -126.269 -1.2993 100 56 0 0 0 0 0 0 0 0 0 -1.62717 100 27 -0.729561 100 38 0 0 0 0 0 0 0 0
21200 -127.258 -4.52528 100 56 0 0 0 0 0 0 0 0 0 -1.86526 100 32 -0.660568 100 24 0 0 0 0 0 0 0 0
21300 -125.536 -1.71223 100 60 0 0 0 0 0 0 0 0 0 -1.77339 100 35 -0.536902 100 22 0 0 0 0 0 0 0 0
21400 -126.004 -0.964617 100 59 0 0 0 0 0 0 0 0 0 -2.02245 100 38 -0.126626 100 35 0 0 0 0 0 0 0 0
21500 -126.726 -1.39263 100 54 0 0 0 0 0 0 0 0 0 -2.03902 100 36 -0.922482 100 25 0 0 0 0 0 0 0 0
21600 -126.234 -3.3455 100 58 0 0 0 0 0 0 0 0 0 -1.97207 100 44 -0.404061 100 29 0 0 0 0 0 0 0 0
21700 -125.57 -1.7873 100 51 0 0 0 0 0 0 0 0 0 -1.79501 100 31 -0.439607 100 36 0 0 0 0 0 0 0 0
21800 -126.127 -2.50227 100 58 0 0 0 0 0 0 0 0 0 -1.98465 100 32 -0.742775 100 37 0 0 0 0 0 0 0 0
21900 -126.399 -1.98058 100 57 0 0 0 0 0 0 0 0 0 -1.94389 100 33 -0.952864 100 26 0 0 0 0 0 0 0 0
22000 -125.46 -1.73126 100 64 0 0 0 0 0 0 0 0 0 -1.88127 100 30 -0.372194 100 32 0 0 0 0 0 0 0 0
22100 -127.15 -4.0678 100 59 0 0 0 0 0 0 0 0 0 -1.80795 100 32 -0.298062 100 22 0 0 0 0 0 0 0 0
22200 -128.812 -0.557834 100 64 0 0 0 0 0 0 0 0 0 -1.96871 100 34 0.238436 100 26 0 0 0 0 0 0 0 0
22300 -130.322 -2.03828 100 55 0 0 0 0 0 0 0 0 0 -1.98472 100 30 -1.65803 100 27 0 0 0 0 0 0 0 0
22400 -126.831 -0.451424 100 58 0 0 0 0 0 0 0 0 0 -1.90248 100 39 -0.366136 100 34 0 0 0 0 0 0 0 0
22500 -127.808 -1.57181 100 54 0 0 0 0 0 0 0 0 0 -1.63225 100 34 -0.183555 100 26 0 0 0 0 0 0 0 0
22600 -126.269 -2.71231 100 59 0 0 0 0 0 0 0 0 0 -1.58395 100 39 -0.839941 100 33 0 0 0 0 0 0 0 0
22700 -127.137 -1.8608 100 60 0 0 0 0 0 0 0 0 0 -1.72726 100 34 -1.30843 100 32 0 0 0 0 0 0 0 0
22800 -129.804 -2.06803 100 52 0 0 0 0 0 0 0 0 0 -2.51609 100 40 -0.685792 100 32 0 0 0 0 0 0 0 0
22900 -126.275 -3.15801 100 58 0 0 0 0 0 0 0 0 0 -1.93204 100 37 -0.233255 100 24 0 0 0 0 0 0 0 0
23000 -126.227 -1.25053 100 60 0 0 0 0 0 0 0 0 0 -1.99939 100 37 -0.815021 100 33 0 0 0 0 0 0 0 0
23100 -125.451 -1.61081 100 60 0 0 0 0 0 0 0 0 0 -2.01096 100 32 -0.299548 100 33 0 0 0 0 0 0 0 0
23200 -126.309 -3.14493 100 60 0 0 0 0 0 0 0 0 0 -1.82411 100 38 -0.839274 100 29 0 0 0 0 0 0 0 0
23300 -126.476 -1.42731 100 52 0 0 0 0 0 0 0 0 0 -2.08389 100 34 -0.795017 100 27 0 0 0 0 0 0 0 0
23400 -127.465 -2.53335 100 57 0 0 0 0 0 0 0 0 0 -2.19169 100 37 -0.777033 100 32 0 0 0 0 0 0 0 0
23500 -127.165 -4.42737 100 53 0 0 0 0 0 0 0 0 0 -1.94273 100 28 -0.38014 100 29 0 0 0 0 0 0 0 0
23600 -129.023 -1.59718 100 57 0 0 0 0 0 0 0 0 0 -2.31514 100 41 -0.974985 100 37 0 0 0 0 0 0 0 0
23700 -127.989 -1.65273 100 63 0 0 0 0 0 0 0 0 0 -2.6259 100 37 0.322345 100 26 0 0 0 0 0 0 0 0
23800 -126.489 -1.57802 100 60 0 0 0 0 0 0 0 0 0 -2.35978 100 32 0.078338 100 27 0 0 0 0 0 0 0 0
23900 -126.849 -0.913469 100 60 0 0 0 0 0 0 0 0 0 -1.69876 100 35 -0.413833 100 29 0 0 0 0 0 0 0 0
24000 -128.126 -1.22037 100 53 0 0 0 0 0 0 0 0 0 -2.38436 100 38 -0.66744 100 31 0 0 0 0 0 0 0 0
24100 -125.925 -1.54682 100 63 0 0 0 0 0 0 0 0 0 -2.17924 100 33 -0.406301 100 33 0 0 0 0 0 0 0 0
24200 -126.107 -1.5407 100 62 0 0 0 0 0 0 0 0 0 -1.98373 100 35 -0.0331529 100 29 0 0 0 0 0 0 0 0
24300 -126.22 -1.32769 100 54 0 0 0 0 0 0 0 0 0 -1.63514 100 23 -0.679665 100 39 0 0 0 0 0 0 0 0
24400 -125.954 -2.08175 100 62 0 0 0 0 0 0 0 0 0 -2.1942 100 28 -0.204907 100 27 0 0 0 0 0 0 0 0
24500 -125.975 -2.44455 100 48 0 0 0 0 0 0 0 0 0 -1.91443 100 29 -0.791428 100 31 0 0 0 0 0 0 0 0
24600 -125.779 -1.54022 100 53 0 0 0 0 0 0 0 0 0 -1.69868 100 37 -0.728744 100 37 0 0 0 0 0 0 0 0
24700 -126.548 -0.57393 100 52 0 0 0 0 0 0 0 0 0 -2.19456 100 38 0.00906127 100 30 0 0 0 0 0 0 0 0
24800 -126.216 -1.22107 100 56 0 0 0 0 0 0 0 0 0 -2.2748 100 36 0.0575451 100 26 0 0 0 0 0 0 0 0
24900 -128.415 -4.40029 100 56 0 0 0 0 0 0 0 0 0 -1.67871 100 42 -0.235796 100 30 0 0 0 0 0 0 0 0
25000 -127.138 -2.51967 100 64 0 0 0 0 0 0 0 0 0 -1.42464 100 32 -0.878963 100 41 0 0 0 0 0 0 0 0
25100 -127.176 -1.16545 100 62 0 0 0 0 0 0 0 0 0 -1.54702 100 37 -0.611165 100 36 0 0 0 0 0 0 0 0
25200 -125.536 -2.40267 100 44 0 0 0 0 0 0 0 0 0 -1.88662 100 34 -0.523539 100 34 0 0 0 0 0 0 0 0
25300 -127.063 -3.08936 100 48 0 0 0 0 0 0 0 0 0 -1.68208 100 31 -1.19046 100 31 0 0 0 0 0 0 0 0
25400 -125.81 -2.20287 100 53 0 0 0 0 0 0 0 0 0 -2.11332 100 41 -0.374848 100 28 0 0 0 0 0 0 0 0
25500 -125.49 -1.46033 100 41 0 0 0 0 0 0 0 0 0 -1.846 100 34 -0.472997 100 23 0 0 0 0 0 0 0 0
25600 -130.236 -3.89538 100 52 0 0 0 0 0 0 0 0 0 -1.30503 100 28 -0.577565 100 28 0 0 0 0 0 0 0 0
25700 -127.217 -2.13771 100 47 0 0 0 0 0 0 0 0 0 -2.33763 100 40 0.308674 100 31 0 0 0 0 0 0 0 0
25800 -125.814 -1.38321 100 49 0 0 0 0 0 0 0 0 0 -2.14112 100 36 -0.432103 100 28 0 0 0 0 0 0 0 0
25900 -131.325 -3.9973 100 57 0 0 0 0 0 0 0 0 0 -1.10311 100 44 -1.22221 100 29 0 0 0 0 0 0 0 0
26000 -125.981 -1.51438 100 59 0 0 0 0 0 0 0 0 0 -2.04379 100 47 -0.0245028 100 24 0 0 0 0 0 0 0 0
26100 -128.577 -5.23545 100 52 0 0 0 0 0 0 0 0 0 -2.08644 100 24 -0.595316 100 28 0 0 0 0 0 0 0 0
26200 -126.125 -2.98133 100 54 0 0 0 0 0 0 0 0 0 -2.04576 100 30 -0.251131 100 37 0 0 0 0 0 0 0 0
26300 -126.115 -2.42767 100 65 0 0 0 0 0 0 0 0 0 -2.17752 100 40 -0.29436 100 28 0 0 0 0 0 0 0 0
26400 -127.142 -3.70634 100 50 0 0 0 0 0 0 0 0 0 -1.55135 100 37 -0.701759 100 32 0 0 0 0 0 0 0 0
26500 -126.791 -3.72812 100 60 0 0 0 0 0 0 0 0 0 -1.86167 100 39 -0.810484 100 26 0 0 0 0 0 0 0 0
26600 -130.046 -0.494458 100 51 0 0 0 0 0 0 0 0 0 -2.92516 100 38 0.35383 100 28 0 0 0 0 0 0 0 0
26700 -128.926 -4.97585 100 54 0 0 0 0 0 0 0 0 0 -1.558 100 35 -1.274 100 31 0 0 0 0 0 0 0 0
26800 -127.926 -0.562461 100 50 0 0 0 0 0 0 0 0 0 -2.30583 100 43 -0.677541 100 34 0 0 0 0 0 0 0 0
26900 -127.349 -1.51171 100 48 0 0 0 0 0 0 0 0 0 -1.87343 100 40 -1.24788 100 30 0 0 0 0 0 0 0 0
27000 -125.636 -1.47767 100 50 0 0 0 0 0 0 0 0 0 -2.11777 100 35 -0.353585 100 29 0 0 0 0 0 0 0 0
27100 -125.729 -2.16191 100 45 0 0 0 0 0 0 0 0 0 -2.09658 100 32 -0.215809 100 25 0 0 0 0 0 0 0 0
27200 -126.903 -1.52668 100 52 0 0 0 0 0 0 0 0 0 -1.48734 100 36 -0.931023 100 33 0 0 0 0 0 0 0 0
27300 -127.378 -1.56512 100 58 0 0 0 0 0 0 0 0 0 -1.43933 100 35 -0.774299 100 33 0 0 0 0 0 0 0 0
27400 -125.713 -1.85415 100 50 0 0 0 0 0 0 0 0 0 -2.01095 100 33 -0.140297 100 32 0 0 0 0 0 0 0 0
27500 -127.818 -3.83555 100 52 0 0 0 0 0 0 0 0 0 -2.28634 100 34 -0.300072 100 36 0 0 0 0 0 0 0 0
27600 -127.692 -4.69344 100 54 0 0 0 0 0 0 0 0 0 -1.93104 100 39 -0.204812 100 30 0 0 0 0 0 0 0 0
27700 -126.266 -0.912311 100 59 0 0 0 0 0 0 0 0 0 -2.26386 100 29 -0.275947 100 25 0 0 0 0 0 0 0 0
27800 -127.656 -0.402029 100 55 0 0 0 0 0 0 0 0 0 -2.36119 100 39 0.341025 100 30 0 0 0 0 0 0 0 0
27900 -127.538 -0.790707 100 47 0 0 0 0 0 0 0 0 0 -2.51248 100 36 -0.152055 100 33 0 0 0 0 0 0 0 0
28000 -126.058 -1.43208 100 47 0 0 0 0 0 0 0 0 0 -1.83483 100 33 -0.927264 100 30 0 0 0 0 0 0 0 0
28100 -126.933 -3.94277 100 67 0 0 0 0 0 0 0 0 0 -1.87862 100 36 -0.267224 100 34 0 0 0 0 0 0 0 0
28200 -126.698 -0.405276 100 51 0 0 0 0 0 0 0 0 0 -2.18355 100 37 -0.335317 100 39 0 0 0 0 0 0 0 0
28300 -126.783 -1.8228 100 56 0 0 0 0 0 0 0 0 0 -1.6675 100 40 -0.281791 100 28 0 0 0 0 0 0 0 0
28400 -125.498 -2.0237 100 60 0 0 0 0 0 0 0 0 0 -2.01788 100 38 -0.341228 100 21 0 0 0 0 0 0 0 0
28500 -125.838 -2.15692 100 49 0 0 0 0 0 0 0 0 0 -1.64927 100 41 -0.726569 100 31 0 0 0 0 0 0 0 0
28600 -128.114 -0.252401 100 67 0 0 0 0 0 0 0 0 0 -2.31325 100 27 -0.586012 100 28 0 0 0 0 0 0 0 0
28700 -125.933 -1.06513 100 64 0 0 0 0 0 0 0 0 0 -1.80733 100 45 -0.715103 100 25 0 0 0 0 0 0 0 0
28800 -126.816 -4.09371 100 58 0 0 0 0 0 0 0 0 0 -1.76426 100 43 -0.607243 100 28 0 0 0 0 0 0 0 0
28900 -127.028 -4.00545 100 66 0 0 0 0 0 0 0 0 0 -1.85903 100 32 -0.268778 100 35 0 0 0 0 0 0 0 0
29000 -129.774 -1.41416 100 64 0 0 0 0 0 0 0 0 0 -1.22674 100 41 -1.25318 100 31 0 0 0 0 0 0 0 0
29100 -126.819 -3.92722 100 60 0 0 0 0 0 0 0 0 0 -1.90887 100 35 -0.675048 100 34 0 0 0 0 0 0 0 0
29200 -128.369 -1.0547 100 57 0 0 0 0 0 0 0 0 0 -1.72174 100 42 -1.46098 100 32 0 0 0 0 0 0 0 0
29300 -126.979 -0.869951 100 50 0 0 0 0 0 0 0 0 0 -1.64687 100 31 -0.921868 100 25 0 0 0 0 0 0 0 0
29400 -126.621 -2.21876 100 53 0 0 0 0 0 0 0 0 0 -2.03853 100 33 0.0921789 100 23 0 0 0 0 0 0 0 0
29500 -127.782 -4.20163 100 50 0 0 0 0 0 0 0 0 0 -2.01605 100 36 -0.799675 100 29 0 0 0 0 0 0 0 0
29600 -126.967 -1.09444 100 65 0 0 0 0 0 0 0 0 0 -2.44483 100 34 0.24205 100 36 0 0 0 0 0 0 0 0
29700 -127.028 -0.87824 100 52 0 0 0 0 0 0 0 0 0 -2.44928 100 32 -0.123031 100 34 0 0 0 0 0 0 0 0
29800 -126.01 -2.69484 100 51 0 0 0 0 0 0 0 0 0 -1.9167 100 32 -0.220427 100 39 0 0 0 0 0 0 0 0
29900 -129.77 -1.70642 100 54 0 0 0 0 0 0 0 0 0 -1.90542 100 34 -1.6638 100 33 0 0 0 0 0 0 0 0
30000 -126.671 -3.45798 100 55 0 0 0 0 0 0 0 0 0 -1.96319 100 31 -0.154345 100 30 0 0 0 0 0 0 0 0
30100 -127.296 -0.303052 100 65 0 0 0 0 0 0 0 0 0 -2.38556 100 33 0.145982 100 29 0 0 0 0 0 0 0 0
30200 -125.891 -2.16444 100 58 0 0 0 0 0 0 0 0 0 -1.71405 100 40 -0.448384 100 28 0 0 0 0 0 0 0 0
30300 -129.01 0.236909 100 59 0 0 0 0 0 0 0 0 0 -2.39063 100 33 -0.331254 100 29 0 0 0 0 0 0 0 0
30400 -126.981 -1.70486 100 62 0 0 0 0 0 0 0 0 0 -2.0719 100 37 -0.945083 100 31 0 0 0 0 0 0 0 0
30500 -127.342 -3.64545 100 58 0 0 0 0 0 0 0 0 0 -1.86853 100 26 -0.0907475 100 27 0 0 0 0 0 0 0 0
30600 -126.517 -3.69977 100 53 0 0 0 0 0 0 0 0 0 -1.74041 100 41 -0.698807 100 33 0 0 0 0 0 0 0 0
30700 -125.381 -1.87863 100 58 0 0 0 0 0 0 0 0 0 -1.90935 100 30 -0.509451 100 31 0 0 0 0 0 0 0 0
30800 -125.55 -1.17514 100 60 0 0 0 0 0 0 0 0 0 -1.96843 100 37 -0.439787 100 24 0 0 0 0 0 0 0 0
30900 -125.846 -2.21386 100 58 0 0 0 0 0 0 0 0 0 -1.65924 100 32 -0.814817 100 21 0 0 0 0 0 0 0 0
31000 -126.653 -1.13301 100 61 0 0 0 0 0 0 0 0 0 -2.07379 100 36 0.127268 100 38 0 0 0 0 0 0 0 0
31100 -129.827 0.45301 100 59 0 0 0 0 0 0 0 0 0 -2.28195 100 31 -0.377907 100 25 0 0 0 0 0 0 0 0
31200 -128.007 -0.30235 100 54 0 0 0 0 0 0 0 0 0 -2.57454 100 44 0.0327039 100 32 0 0 0 0 0 0 0 0
31300 -126.87 -3.35173 100 61 0 0 0 0 0 0 0 0 0 -1.87438 100 36 -0.137583 100 30 0 0 0 0 0 0 0 0
31400 -126.762 -2.92138 100 63 0 0 0 0 0 0 0 0 0 -2.00186 100 30 -0.840186 100 32 0 0 0 0 0 0 0 0
31500 -127.849 -1.75512 100 53 0 0 0 0 0 0 0 0 0 -1.36434 100 42 -1.18132 100 29 0 0 0 0 0 0 0 0
31600 -129.605 -3.53553 100 53 0 0 0 0 0 0 0 0 0 -1.2492 100 42 -1.46781 100 31 0 0 0 0 0 0 0 0
31700 -126.189 -1.50871 100 56 0 0 0 0 0 0 0 0 0 -1.62012 100 37 -0.899536 100 26 0 0 0 0 0 0 0 0
31800 -125.397 -1.98288 100 61 0 0 0 0 0 0 0 0 0 -1.91401 100 29 -0.447782 100 31 0 0 0 0 0 0 0 0
31900 -126.075 -0.989582 100 57 0 0 0 0 0 0 0 0 0 -2.2478 100 37 -0.13898 100 30 0 0 0 0 0 0 0 0
32000 -127.247 -3.13747 100 59 0 0 0 0 0 0 0 0 0 -1.56422 100 37 -0.462624 100 28 0 0 0 0 0 0 0 0
32100 -126.12 -2.06644 100 52 0 0 0 0 0 0 0 0 0 -2.24174 100 28 -0.122177 100 27 0 0 0 0 0 0 0 0
32200 -125.815 -1.90648 100 54 0 0 0 0 0 0 0 0 0 -2.00774 100 40 -0.106785 100 40 0 0 0 0 0 0 0 0
32300 -126.607 -2.87249 100 53 0 0 0 0 0 0 0 0 0 -1.73978 100 41 -1.07249 100 30 0 0 0 0 0 0 0 0
32400 -126.644 -2.56368 100 49 0 0 0 0 0 0 0 0 0 -2.10867 100 30 -0.696624 100 28 0 0 0 0 0 0 0 0
32500 -125.749 -2.51432 100 54 0 0 0 0 0 0 0 0 0 -1.71998 100 28 -0.635716 100 33 0 0 0 0 0 0 0 0
32600 -125.602 -1.85345 100 46 0 0 0 0 0 0 0 0 0 -2.09503 100 25 -0.243824 100 34 0 0 0 0 0 0 0 0
32700 -127.152 -1.9992 100 52 0 0 0 0 0 0 0 0 0 -2.03083 100 37 0.193193 100 14 0 0 0 0 0 0 0 0
32800 -125.413 -1.55318 100 55 0 0 0 0 0 0 0 0 0 -1.86891 100 33 -0.527708 100 26 0 0 0 0 0 0 0 0
32900 -128.107 -1.24324 100 61 0 0 0 0 0 0 0 0 0 -1.65227 100 41 -1.4636 100 30 0 0 0 0 0 0 0 0
33000 -128.526 -0.148019 100 46 0 0 0 0 0 0 0 0 0 -2.65964 100 36 0.333779 100 27 0 0 0 0 0 0 0 0
33100 -125.755 -1.90382 100 51 0 0 0 0 0 0 0 0 0 -2.10203 100 31 -0.116808 100 36 0 0 0 0 0 0 0 0
33200 -126.112 -1.42636 100 50 0 0 0 0 0 0 0 0 0 -1.66616 100 26 -0.905355 100 25 0 0 0 0 0 0 0 0
33300 -126.154 -0.64106 100 68 0 0 0 0 0 0 0 0 0 -2.0893 100 36 -0.313224 100 27 0 0 0 0 0 0 0 0
33400 -126.963 -3.66983 100 55 0 0 0 0 0 0 0 0 0 -2.14145 100 36 -0.151111 100 24 0 0 0 0 0 0 0 0
33500 -126.397 -2.57837 100 58 0 0 0 0 0 0 0 0 0 -1.54287 100 33 -0.85301 100 35 0 0 0 0 0 0 0 0
33600 -126.771 -0.856616 100 58 0 0 0 0 0 0 0 0 0 -2.16665 100 36 -0.671394 100 30 0 0 0 0 0 0 0 0
33700 -129.623 -3.37797 100 47 0 0 0 0 0 0 0 0 0 -1.30957 100 26 -0.608306 100 25 0 0 0 0 0 0 0 0
33800 -126.298 -2.66846 100 50 0 0 0 0 0 0 0 0 0 -1.64485 100 36 -1.00324 100 38 0 0 0 0 0 0 0 0
33900 -130.558 0.233439 100 52 0 0 0 0 0 0 0 0 0 -2.10279 100 28 0.283324 100 31 0 0 0 0 0 0 0 0
34000 -126.021 -0.826124 100 50 0 0 0 0 0 0 0 0 0 -2.06081 100 24 -0.16009 100 29 0 0 0 0 0 0 0 0
34100 -128.082 -0.161444 100 61 0 0 0 0 0 0 0 0 0 -2.01742 100 28 0.00592836 100 34 0 0 0 0 0 0 0 0
34200 -127.147 -0.772028 100 58 0 0 0 0 0 0 0 0 0 -2.36858 100 42 -0.386644 100 27 0 0 0 0 0 0 0 0
34300 -126.117 -2.13755 100 49 0 0 0 0 0 0 0 0 0 -1.62338 100 27 -0.973202 100 28 0 0 0 0 0 0 0 0
34400 -127.498 -0.719149 100 63 0 0 0 0 0 0 0 0 0 -1.65562 100 33 -0.46396 100 32 0 0 0 0 0 0 0 0
34500 -125.797 -2.46485 100 51 0 0 0 0 0 0 0 0 0 -2.06888 100 38 -0.29377 100 29 0 0 0 0 0 0 0 0
34600 -127.897 -3.2409 100 56 0 0 0 0 0 0 0 0 0 -1.61909 100 31 -1.3955 100 27 0 0 0 0 0 0 0 0
34700 -128.453 -2.0309 100 63 0 0 0 0 0 0 0 0 0 -1.35185 100 29 -1.46854 100 33 0 0 0 0 0 0 0 0
34800 -127.869 -4.62784 100 57 0 0 0 0 0 0 0 0 0 -2.10351 100 29 -0.0879471 100 30 0 0 0 0 0 0 0 0
34900 -127.313 -1.24079 100 51 0 0 0 0 0 0 0 0 0 -1.49402 100 35 -0.734475 100 28 0 0 0 0 0 0 0 0
35000 -126.369 -2.71777 100 62 0 0 0 0 0 0 0 0 0 -1.60698 100 30 -0.578121 100 19 0 0 0 0 0 0 0 0
35100 -126.548 -1.09011 100 61 0 0 0 0 0 0 0 0 0 -1.63378 100 40 -0.658055 100 32 0 0 0 0 0 0 0 0
35200 -126.481 -1.22972 100 61 0 0 0 0 0 0 0 0 0 -1.68251 100 37 -1.01657 100 26 0 0 0 0 0 0 0 0
35300 -125.663 -1.73352 100 63 0 0 0 0 0 0 0 0 0 -2.12855 100 31 -0.195934 100 32 0 0 0 0 0 0 0 0
35400 -129.618 -4.60658 100 64 0 0 0 0 0 0 0 0 0 -1.40954 100 29 -1.48439 100 31 0 0 0 0 0 0 0 0
35500 -125.716 -2.68158 100 53 0 0 0 0 0 0 0 0 0 -1.81998 100 36 -0.497103 100 32 0 0 0 0 0 0 0 0
35600 -127.282 -1.1081 100 71 0 0 0 0 0 0 0 0 0 -1.58338 100 23 -1.15968 100 25 0 0 0 0 0 0 0 0
35700 -127.683 -1.51722 100 52 0 0 0 0 0 0 0 0 0 -2.17509 100 36 -0.948374 100 30 0 0 0 0 0 0 0 0
35800 -126.341 -2.50531 100 52 0 0 0 0 0 0 0 0 0 -1.56689 100 29 -0.961386 100 33 0 0 0 0 0 0 0 0
35900 -127.309 -3.54657 100 58 0 0 0 0 0 0 0 0 0 -1.69004 100 36 -0.29465 100 28 0 0 0 0 0 0 0 0
36000 -126.948 -1.53121 100 64 0 0 0 0 0 0 0 0 0 -1.53814 100 50 -0.565362 100 38 0 0 0 0 0 0 0 0
36100 -126.03 -1.54396 100 59 0 0 0 0 0 0 0 0 0 -1.9002 100 32 -0.88731 100 28 0 0 0 0 0 0 0 0
36200 -126.046 -1.68027 100 54 0 0 0 0 0 0 0 0 0 -2.12855 100 32 0.0288851 100 38 0 0 0 0 0 0 0 0
36300 -128.242 -0.868145 100 55 0 0 0 0 0 0 0 0 0 -1.58858 100 41 -0.355765 100 27 0 0 0 0 0 0 0 0
36400 -126.669 -3.76622 100 66 0 0 0 0 0 0 0 0 0 -1.97083 100 39 -0.554571 100 27 0 0 0 0 0 0 0 0
36500 -130.508 -6.70226 100 57 0 0 0 0 0 0 0 0 0 -2.2605 100 37 0.0726534 100 28 0 0 0 0 0 0 0 0
36600 -127.97 -2.77451 100 57 0 0 0 0 0 0 0 0 0 -1.3414 100 40 -0.89208 100 37 0 0 0 0 0 0 0 0
36700 -128.687 -3.08475 100 49 0 0 0 0 0 0 0 0 0 -1.721 100 36 -1.53952 100 27 0 0 0 0 0 0 0 0
36800 -127.227 -4.35415 100 60 0 0 0 0 0 0 0 0 0 -1.89779 100 40 -0.70402 100 35 0 0 0 0 0 0 0 0
36900 -125.734 -1.16767 100 55 0 0 0 0 0 0 0 0 0 -1.99369 100 33 -0.200566 100 27 0 0 0 0 0 0 0 0
37000 -127.122 -2.49065 100 61 0 0 0 0 0 0 0 0 0 -2.16396 100 43 0.223228 100 35 0 0 0 0 0 0 0 0
37100 -127.329 -3.78406 100 57 0 0 0 0 0 0 0 0 0 -1.53567 100 37 -0.68175 100 21 0 0 0 0 0 0 0 0
37200 -127.126 -2.44025 100 55 0 0 0 0 0 0 0 0 0 -1.52294 100 40 -0.501793 100 46 0 0 0 0 0 0 0 0
37300 -129.313 -3.62723 100 58 0 0 0 0 0 0 0 0 0 -1.25296 100 34 -1.3054 100 35 0 0 0 0 0 0 0 0
37400 -125.888 -2.07166 100 58 0 0 0 0 0 0 0 0 0 -1.63411 100 29 -0.732099 100 38 0 0 0 0 0 0 0 0
37500 -126.33 -2.43104 100 49 0 0 0 0 0 0 0 0 0 -1.56054 100 42 -0.706061 100 35 0 0 0 0 0 0 0 0
37600 -125.953 -1.99052 100 54 0 0 0 0 0 0 0 0 0 -2.20534 100 33 -0.164104 100 30 0 0 0 0 0 0 0 0
37700 -125.927 -1.87431 100 60 0 0 0 0 0 0 0 0 0 -1.98962 100 30 -0.0796934 100 26 0 0 0 0 0 0 0 0
37800 -125.98 -2.10512 100 62 0 0 0 0 0 0 0 0 0 -1.83063 100 36 -0.230153 100 31 0 0 0 0 0 0 0 0
37900 -128.271 -1.03098 100 62 0 0 0 0 0 0 0 0 0 -2.23816 100 28 0.483375 100 35 0 0 0 0 0 0 0 0
38000 -125.91 -1.06365 100 58 0 0 0 0 0 0 0 0 0 -2.10176 100 21 -0.0844641 100 33 0 0 0 0 0 0 0 0
38100 -126.522 -2.76229 100 61 0 0 0 0 0 0 0 0 0 -1.99891 100 38 -0.803588 100 32 0 0 0 0 0 0 0 0
38200 -127.224 -1.95198 100 50 0 0 0 0 0 0 0 0 0 -1.86544 100 31 0.0550548 100 33 0 0 0 0 0 0 0 0
38300 -126.391 -3.51677 100 63 0 0 0 0 0 0 0 0 0 -1.86535 100 34 -0.682187 100 43 0 0 0 0 0 0 0 0
38400 -125.749 -0.987157 100 48 0 0 0 0 0 0 0 0 0 -1.92499 100 33 -0.413674 100 21 0 0 0 0 0 0 0 0
38500 -126.744 -1.27023 100 60 0 0 0 0 0 0 0 0 0 -1.59434 100 39 -0.558094 100 33 0 0 0 0 0 0 0 0
38600 -128.794 -0.0569566 100 57 0 0 0 0 0 0 0 0 0 -2.50585 100 42 0.507467 100 38 0 0 0 0 0 0 0 0
38700 -126.479 -1.95281 100 58 0 0 0 0 0 0 0 0 0 -2.10446 100 33 0.120094 100 29 0 0 0 0 0 0 0 0
38800 -125.639 -1.89386 100 45 0 0 0 0 0 0 0 0 0 -1.8351 100 35 -0.33379 100 30 0 0 0 0 0 0 0 0
38900 -126.596 -3.30587 100 57 0 0 0 0 0 0 0 0 0 -2.09588 100 36 -0.128192 100 37 0 0 0 0 0 0 0 0
39000 -125.797 -1.56782 100 66 0 0 0 0 0 0 0 0 0 -2.13373 100 36 -0.446165 100 24 0 0 0 0 0 0 0 0
39100 -126.404 -1.87845 100 59 0 0 0 0 0 0 0 0 0 -1.7673 100 37 -0.203386 100 28 0 0 0 0 0 0 0 0
39200 -125.784 -0.911754 100 54 0 0 0 0 0 0 0 0 0 -2.02418 100 35 -0.341236 100 35 0 0 0 0 0 0 0 0
39300 -129.241 -6.35003 100 65 0 0 0 0 0 0 0 0 0 -2.0479 100 43 -0.415837 100 20 0 0 0 0 0 0 0 0
39400 -126.465 -2.60829 100 52 0 0 0 0 0 0 0 0 0 -1.98529 100 34 -0.0212552 100 29 0 0 0 0 0 0 0 0
39500 -130.452 -0.553565 100 46 0 0 0 0 0 0 0 0 0 -2.92735 100 33 0.870331 100 34 0 0 0 0 0 0 0 0
39600 -126 -3.05546 100 57 0 0 0 0 0 0 0 0 0 -1.79698 100 36 -0.483669 100 38 0 0 0 0 0 0 0 0
39700 -126.018 -1.85114 100 68 0 0 0 0 0 0 0 0 0 -1.80986 100 34 -0.959857 100 32 0 0 0 0 0 0 0 0
39800 -125.736 -2.08679 100 52 0 0 0 0 0 0 0 0 0 -1.70862 100 31 -0.821697 100 30 0 0 0 0 0 0 0 0
39900 -125.568 -1.9606 100 61 0 0 0 0 0 0 0 0 0 -1.98399 100 40 -0.580843 100 32 0 0 0 0 0 0 0 0
40000 -126.056 -2.9708 100 50 0 0 0 0 0 0 0 0 0 -1.92625 100 28 -0.656747 100 28 0 0 0 0 0 0 0 0
40100 -128.278 -4.12793 100 55 0 0 0 0 0 0 0 0 0 -1.93747 100 36 0.063355 100 30 0 0 0 0 0 0 0 0
40200 -125.788 -2.38343 100 52 0 0 0 0 0 0 0 0 0 -1.74196 100 41 -0.826389 100 33 0 0 0 0 0 0 0 0
40300 -125.408 -1.87985 100 54 0 0 0 0 0 0 0 0 0 -1.86371 100 28 -0.591641 100 25 0 0 0 0 0 0 0 0
40400 -126.675 -0.381508 100 63 0 0 0 0 0 0 0 0 0 -2.16941 100 33 -0.159608 100 32 0 0 0 0 0 0 0 0
40500 -129.449 -4.99105 100 60 0 0 0 0 0 0 0 0 0 -2.2416 100 32 -0.629449 100 31 0 0 0 0 0 0 0 0
40600 -125.796 -1.70466 100 60 0 0 0 0 0 0 0 0 0 -1.86609 100 36 -0.233681 100 30 0 0 0 0 0 0 0 0
40700 -126.496 -2.94518 100 50 0 0 0 0 0 0 0 0 0 -1.62356 100 33 -1.01376 100 38 0 0 0 0 0 0 0 0
40800 -130.236 -4.42201 100 56 0 0 0 0 0 0 0 0 0 -2.22316 100 37 0.477177 100 24 0 0 0 0 0 0 0 0
40900 -127.731 -2.46145 100 56 0 0 0 0 0 0 0 0 0 -1.68108 100 40 -0.117663 100 26 0 0 0 0 0 0 0 0
41000 -126.046 -2.73889 100 59 0 0 0 0 0 0 0 0 0 -1.94623 100 38 -0.705707 100 29 0 0 0 0 0 0 0 0
41100 -125.451 -1.43448 100 58 0 0 0 0 0 0 0 0 0 -1.87639 100 33 -0.539809 100 32 0 0 0 0 0 0 0 0
41200 -125.914 -2.5955 100 53 0 0 0 0 0 0 0 0 0 -1.73945 100 31 -0.848223 100 38 0 0 0 0 0 0 0 0
41300 -127.626 -3.4486 100 55 0 0 0 0 0 0 0 0 0 -1.71837 100 33 -0.177398 100 21 0 0 0 0 0 0 0 0
41400 -127.91 -3.83364 100 46 0 0 0 0 0 0 0 0 0 -1.45834 100 35 -1.17886 100 31 0 0 0 0 0 0 0 0
41500 -125.632 -2.32711 100 52 0 0 0 0 0 0 0 0 0 -2.01978 100 36 -0.32051 100 31 0 0 0 0 0 0 0 0
41600 -126.303 -1.68781 100 58 0 0 0 0 0 0 0 0 0 -2.15561 100 35 0.111466 100 31 0 0 0 0 0 0 0 0
41700 -125.847 -1.81323 100 51 0 0 0 0 0 0 0 0 0 -2.03796 100 33 -0.651505 100 35 0 0 0 0 0 0 0 0
41800 -125.756 -1.33474 100 68 0 0 0 0 0 0 0 0 0 -1.85793 100 36 -0.767962 100 30 0 0 0 0 0 0 0 0
41900 -128.304 -2.65068 100 56 0 0 0 0 0 0 0 0 0 -1.54104 100 36 -0.263652 100 35 0 0 0 0 0 0 0 0
42000 -125.74 -2.33971 100 54 0 0 0 0 0 0 0 0 0 -1.70644 100 35 -0.599063 100 28 0 0 0 0 0 0 0 0
42100 -129.478 -3.15444 100 55 0 0 0 0 0 0 0 0 0 -1.37039 100 33 -0.461125 100 22 0 0 0 0 0 0 0 0
42200 -126.916 -3.32881 100 66 0 0 0 0 0 0 0 0 0 -2.02001 100 38 -0.0196242 100 32 0 0 0 0 0 0 0 0
42300 -126.504 -0.975406 100 53 0 0 0 0 0 0 0 0 0 -2.19654 100 32 -0.562999 100 30 0 0 0 0 0 0 0 0
42400 -125.426 -1.47282 100 56 0 0 0 0 0 0 0 0 0 -1.96122 100 32 -0.48491 100 29 0 0 0 0 0 0 0 0
42500 -128.82 -3.34307 100 57 0 0 0 0 0 0 0 0 0 -2.56936 100 36 0.172156 100 34 0 0 0 0 0 0 0 0
42600 -126.021 -2.09134 100 54 0 0 0 0 0 0 0 0 0 -1.60206 100 41 -0.81059 100 34 0 0 0 0 0 0 0 0
42700 -127.83 -3.20597 100 54 0 0 0 0 0 0 0 0 0 -2.391 100 33 -0.220255 100 32 0 0 0 0 0 0 0 0
42800 -125.884 -2.74204 100 60 0 0 0 0 0 0 0 0 0 -2.02932 100 39 -0.367853 100 29 0 0 0 0 0 0 0 0
42900 -126.296 -1.56612 100 46 0 0 0 0 0 0 0 0 0 -1.59713 100 32 -0.639111 100 32 0 0 0 0 0 0 0 0
43000 -131.482 -6.21889 100 55 0 0 0 0 0 0 0 0 0 -1.26661 100 36 -1.28382 100 24 0 0 0 0 0 0 0 0
43100 -126.03 -2.29981 100 55 0 0 0 0 0 0 0 0 0 -2.14494 100 35 -0.413771 100 36 0 0 0 0 0 0 0 0
43200 -127.053 -4.27506 100 59 0 0 0 0 0 0 0 0 0 -1.93593 100 33 -0.564879 100 27 0 0 0 0 0 0 0 0
43300 -125.751 -2.3766 100 47 0 0 0 0 0 0 0 0 0 -1.99258 100 35 -0.580313 100 23 0 0 0 0 0 0 0 0
43400 -129.581 -3.62767 100 55 0 0 0 0 0 0 0 0 0 -1.51215 100 37 -0.223963 100 30 0 0 0 0 0 0 0 0
43500 -127.687 -0.190771 100 62 0 0 0 0 0 0 0 0 0 -1.88635 100 35 -0.554473 100 33 0 0 0 0 0 0 0 0
43600 -125.499 -1.63461 100 53 0 0 0 0 0 0 0 0 0 -2.0087 100 33 -0.512885 100 24 0 0 0 0 0 0 0 0
43700 -125.439 -1.41514 100 51 0 0 0 0 0 0 0 0 0 -1.93059 100 43 -0.50948 100 37 0 0 0 0 0 0 0 0
43800 -128.397 -3.22389 100 48 0 0 0 0 0 0 0 0 0 -2.3302 100 48 0.395672 100 35 0 0 0 0 0 0 0 0
43900 -127.694 -3.10702 100 63 0 0 0 0 0 0 0 0 0 -1.41669 100 38 -1.23079 100 37 0 0 0 0 0 0 0 0
44000 -125.387 -1.73803 100 55 0 0 0 0 0 0 0 0 0 -1.87357 100 36 -0.472549 100 35 0 0 0 0 0 0 0 0
44100 -126.06 -3.08832 100 58 0 0 0 0 0 0 0 0 0 -1.92615 100 36 -0.32977 100 30 0 0 0 0 0 0 0 0
44200 -125.416 -1.50379 100 51 0 0 0 0 0 0 0 0 0 -1.91963 100 29 -0.526787 100 25 0 0 0 0 0 0 0 0
44300 -127.105 -1.59938 100 54 0 0 0 0 0 0 0 0 0 -1.59707 100 34 -1.28378 100 26 0 0 0 0 0 0 0 0
44400 -125.617 -1.37871 100 45 0 0 0 0 0 0 0 0 0 -2.1116 100 39 -0.223319 100 28 0 0 0 0 0 0 0 0
44500 -126.664 -0.748081 100 62 0 0 0 0 0 0 0 0 0 -2.26872 100 28 0.151612 100 30 0 0 0 0 0 0 0 0
44600 -127.874 -0.10343 100 50 0 0 0 0 0 0 0 0 0 -1.96218 100 35 -0.249745 100 21 0 0 0 0 0 0 0 0
44700 -126.029 -0.799438 100 48 0 0 0 0 0 0 0 0 0 -2.10287 100 33 -0.154692 100 26 0 0 0 0 0 0 0 0
44800 -126.879 -4.13777 100 58 0 0 0 0 0 0 0 0 0 -1.76868 100 43 -0.699479 100 30 0 0 0 0 0 0 0 0
44900 -127.393 -1.08991 100 58 0 0 0 0 0 0 0 0 0 -1.50584 100 24 -0.796543 100 30 0 0 0 0 0 0 0 0
45000 -125.918 -1.27192 100 56 0 0 0 0 0 0 0 0 0 -2.21485 100 39 -0.268073 100 35 0 0 0 0 0 0 0 0
45100 -125.734 -2.15449 100 56 0 0 0 0 0 0 0 0 0 -2.02251 100 35 -0.168053 100 37 0 0 0 0 0 0 0 0
45200 -127.621 -4.95196 100 56 0 0 0 0 0 0 0 0 0 -1.7591 100 33 -0.664871 100 33 0 0 0 0 0 0 0 0
45300 -126.316 -0.904129 100 48 0 0 0 0 0 0 0 0 0 -2.30292 100 31 -0.0122012 100 36 0 0 0 0 0 0 0 0
45400 -125.578 -1.40228 100 65 0 0 0 0 0 0 0 0 0 -1.80974 100 33 -0.649692 100 25 0 0 0 0 0 0 0 0
45500 -127.587 -3.3754 100 57 0 0 0 0 0 0 0 0 0 -2.34213 100 29 -0.17847 100 27 0 0 0 0 0 0 0 0
45600 -126.713 -1.97048 100 55 0 0 0 0 0 0 0 0 0 -2.3574 100 42 -0.212586 100 22 0 0 0 0 0 0 0 0
45700 -128.204 -5.516 100 43 0 0 0 0 0 0 0 0 0 -1.92806 100 34 -0.376445 100 35 0 0 0 0 0 0 0 0
45800 -125.685 -1.35122 100 60 0 0 0 0 0 0 0 0 0 -2.07611 100 31 -0.141807 100 27 0 0 0 0 0 0 0 0
45900 -128.325 -1.64539 100 54 0 0 0 0 0 0 0 0 0 -2.2898 100 39 0.525694 100 27 0 0 0 0 0 0 0 0
46000 -127.286 -2.35682 100 59 0 0 0 0 0 0 0 0 0 -1.4092 100 29 -0.837982 100 30 0 0 0 0 0 0 0 0
46100 -126.483 -2.64369 100 57 0 0 0 0 0 0 0 0 0 -1.62123 100 39 -1.07832 100 29 0 0 0 0 0 0 0 0
46200 -126.59 -2.10918 100 56 0 0 0 0 0 0 0 0 0 -1.67938 100 35 -0.300628 100 29 0 0 0 0 0 0 0 0
46300 -127.447 -3.30574 100 52 0 0 0 0 0 0 0 0 0 -2.29774 100 36 -0.315497 100 33 0 0 0 0 0 0 0 0
46400 -126.085 -2.43691 100 55 0 0 0 0 0 0 0 0 0 -1.86532 100 37 -0.887464 100 35 0 0 0 0 0 0 0 0
46500 -125.514 -1.68618 100 43 0 0 0 0 0 0 0 0 0 -1.85679 100 32 -0.372463 100 26 0 0 0 0 0 0 0 0
46600 -126.809 -3.98604 100 47 0 0 0 0 0 0 0 0 0 -1.97733 100 32 -0.470805 100 34 0 0 0 0 0 0 0 0
46700 -128.831 -4.67085 100 52 0 0 0 0 0 0 0 0 0 -2.13419 100 30 0.185688 100 32 0 0 0 0 0 0 0 0
46800 -126.072 -1.38565 100 49 0 0 0 0 0 0 0 0 0 -2.25659 100 39 -0.260171 100 33 0 0 0 0 0 0 0 0
46900 -126.092 -1.91079 100 51 0 0 0 0 0 0 0 0 0 -1.61419 100 38 -0.938232 100 43 0 0 0 0 0 0 0 0
47000 -125.625 -1.76986 100 56 0 0 0 0 0 0 0 0 0 -1.72016 100 31 -0.672799 100 29 0 0 0 0 0 0 0 0
47100 -132.835 -6.01979 100 56 0 0 0 0 0 0 0 0 0 -2.13794 100 38 0.537426 100 30 0 0 0 0 0 0 0 0
47200 -128.81 -0.091566 100 67 0 0 0 0 0 0 0 0 0 -2.36792 100 34 -0.594617 100 29 0 0 0 0 0 0 0 0
47300 -128.261 -0.72928 100 64 0 0 0 0 0 0 0 0 0 -2.28805 100 38 0.485597 100 30 0 0 0 0 0 0 0 0
47400 -126.792 -1.8841 100 61 0 0 0 0 0 0 0 0 0 -2.33883 100 38 -0.339297 100 33 0 0 0 0 0 0 0 0
47500 -125.434 -1.62019 100 57 0 0 0 0 0 0 0 0 0 -1.99711 100 34 -0.463824 100 31 0 0 0 0 0 0 0 0
47600 -127.121 -3.55542 100 57 0 0 0 0 0 0 0 0 0 -1.63516 100 33 -1.10315 100 38 0 0 0 0 0 0 0 0
47700 -125.729 -1.89951 100 51 0 0 0 0 0 0 0 0 0 -1.85368 100 31 -0.272584 100 31 0 0 0 0 0 0 0 0
47800 -125.705 -2.47164 100 54 0 0 0 0 0 0 0 0 0 -1.84406 100 35 -0.375497 100 27 0 0 0 0 0 0 0 0
47900 -127.397 -1.89016 100 67 0 0 0 0 0 0 0 0 0 -1.43135 100 34 -1.23079 100 26 0 0 0 0 0 0 0 0
48000 -127.955 -2.48258 100 59 0 0 0 0 0 0 0 0 0 -1.32456 100 37 -1.12254 100 24 0 0 0 0 0 0 0 0
48100 -129.37 -4.24467 100 68 0 0 0 0 0 0 0 0 0 -1.71837 100 34 -0.0224476 100 28 0 0 0 0 0 0 0 0
48200 -126.041 -3.13326 100 58 0 0 0 0 0 0 0 0 0 -1.94318 100 28 -0.39513 100 33 0 0 0 0 0 0 0 0
48300 -128.434 -3.745 100 59 0 0 0 0 0 0 0 0 0 -2.29889 100 33 -0.543636 100 31 0 0 0 0 0 0 0 0
48400 -125.548 -1.23446 100 53 0 0 0 0 0 0 0 0 0 -1.92615 100 28 -0.540978 100 34 0 0 0 0 0 0 0 0
48500 -126.19 -1.99528 100 65 0 0 0 0 0 0 0 0 0 -1.61634 100 33 -0.551541 100 29 0 0 0 0 0 0 0 0
48600 -126.431 -1.04986 100 65 0 0 0 0 0 0 0 0 0 -2.03675 100 36 -0.794731 100 34 0 0 0 0 0 0 0 0
48700 -126.64 -0.772505 100 49 0 0 0 0 0 0 0 0 0 -2.34593 100 35 -0.206011 100 25 0 0 0 0 0 0 0 0
48800 -126.405 -1.26912 100 57 0 0 0 0 0 0 0 0 0 -2.35482 100 35 -0.103866 100 30 0 0 0 0 0 0 0 0
48900 -126.148 -0.806792 100 62 0 0 0 0 0 0 0 0 0 -2.22586 100 28 -0.136679 100 30 0 0 0 0 0 0 0 0
49000 -125.484 -2.05013 100 57 0 0 0 0 0 0 0 0 0 -1.99748 100 35 -0.342602 100 22 0 0 0 0 0 0 0 0
49100 -127.554 -3.00869 100 50 0 0 0 0 0 0 0 0 0 -1.39096 100 30 -0.969188 100 34 0 0 0 0 0 0 0 0
49200 -126.406 -0.97036 100 61 0 0 0 0 0 0 0 0 0 -1.70129 100 45 -0.783278 100 25 0 0 0 0 0 0 0 0
49300 -125.861 -2.62097 100 57 0 0 0 0 0 0 0 0 0 -1.69453 100 41 -0.648888 100 35 0 0 0 0 0 0 0 0
49400 -135.804 -2.9622 100 49 0 0 0 0 0 0 0 0 0 -1.70725 100 39 0.506274 100 29 0 0 0 0 0 0 0 0
49500 -126.359 -2.7428 100 48 0 0 0 0 0 0 0 0 0 -2.0544 100 28 -0.0412298 100 30 0 0 0 0 0 0 0 0
49600 -128.988 -1.95412 100 52 0 0 0 0 0 0 0 0 0 -1.68167 100 36 0.0413813 100 32 0 0 0 0 0 0 0 0
49700 -127.355 -0.503678 100 63 0 0 0 0 0 0 0 0 0 -2.49558 100 43 0.0431976 100 33 0 0 0 0 0 0 0 0
49800 -125.83 -1.46846 100 56 0 0 0 0 0 0 0 0 0 -1.94835 100 36 -0.147331 100 34 0 0 0 0 0 0 0 0
49900 -127.939 -1.64533 100 63 0 0 0 0 0 0 0 0 0 -2.26 100 27 0.459579 100 29 0 0 0 0 0 0 0 0
50000 -129.707 -6.67957 100 61 0 0 0 0 0 0 0 0 0 -1.81655 100 30 -0.900188 100 30 0 0 0 0 0 0 0 0
50100 -125.954 -0.841685 100 60 0 0 0 0 0 0 0 0 0 -1.98933 100 31 -0.538192 100 28 0 0 0 0 0 0 0 0
50200 -125.638 -1.90447 100 55 0 0 0 0 0 0 0 0 0 -1.97843 100 32 -0.194012 100 33 0 0 0 0 0 0 0 0
50300 -129.827 -2.11754 100 63 0 0 0 0 0 0 0 0 0 -2.83946 100 38 0.372511 100 33 0 0 0 0 0 0 0 0
50400 -127.953 -3.79152 100 54 0 0 0 0 0 0 0 0 0 -2.24099 100 46 -0.515049 100 27 0 0 0 0 0 0 0 0
50500 -126.983 -1.7494 100 53 0 0 0 0 0 0 0 0 0 -1.96507 100 32 0.12034 100 28 0 0 0 0 0 0 0 0
50600 -128.744 -3.91425 100 62 0 0 0 0 0 0 0 0 0 -1.57642 100 38 -0.2647 100 29 0 0 0 0 0 0 0 0
50700 -128 -3.16757 100 55 0 0 0 0 0 0 0 0 0 -1.831 100 30 -1.30377 100 22 0 0 0 0 0 0 0 0
50800 -126.867 -0.982389 100 69 0 0 0 0 0 0 0 0 0 -2.19678 100 41 -0.67949 100 31 0 0 0 0 0 0 0 0
50900 -125.799 -2.55852 100 54 0 0 0 0 0 0 0 0 0 -1.7946 100 34 -0.414709 100 31 0 0 0 0 0 0 0 0
51000 -126.919 -3.07711 100 54 0 0 0 0 0 0 0 0 0 -1.97073 100 38 -0.898276 100 41 0 0 0 0 0 0 0 0
51100 -125.415 -1.79223 100 54 0 0 0 0 0 0 0 0 0 -1.98343 100 38 -0.351718 100 22 0 0 0 0 0 0 0 0
51200 -129.284 -2.07219 100 54 0 0 0 0 0 0 0 0 0 -2.26908 100 38 -1.07215 100 36 0 0 0 0 0 0 0 0
51300 -125.563 -1.50291 100 49 0 0 0 0 0 0 0 0 0 -2.09861 100 36 -0.291843 100 27 0 0 0 0 0 0 0 0
51400 -126.667 -2.66019 100 58 0 0 0 0 0 0 0 0 0 -1.55456 100 31 -1.09978 100 32 0 0 0 0 0 0 0 0
51500 -126.246 -1.64771 100 54 0 0 0 0 0 0 0 0 0 -2.0227 100 37 -0.820217 100 27 0 0 0 0 0 0 0 0
51600 -126.469 -0.750759 100 60 0 0 0 0 0 0 0 0 0 -2.17924 100 36 0.0636345 100 42 0 0 0 0 0 0 0 0
51700 -126.203 -3.06584 100 51 0 0 0 0 0 0 0 0 0 -1.65827 100 30 -0.721748 100 32 0 0 0 0 0 0 0 0
51800 -127.097 -4.42518 100 62 0 0 0 0 0 0 0 0 0 -1.80479 100 36 -0.531945 100 31 0 0 0 0 0 0 0 0
51900 -127.752 -2.38217 100 54 0 0 0 0 0 0 0 0 0 -1.95516 100 38 -1.22072 100 37 0 0 0 0 0 0 0 0
52000 -126.204 -2.66522 100 62 0 0 0 0 0 0 0 0 0 -2.11646 100 36 -0.0876969 100 27 0 0 0 0 0 0 0 0
52100 -127.607 -0.682897 100 69 0 0 0 0 0 0 0 0 0 -2.57593 100 39 0.234893 100 28 0 0 0 0 0 0 0 0
52200 -125.84 -2.30944 100 61 0 0 0 0 0 0 0 0 0 -1.69919 100 42 -0.856244 100 33 0 0 0 0 0 0 0 0
52300 -127.654 -2.55842 100 51 0 0 0 0 0 0 0 0 0 -2.33982 100 28 -0.503822 100 27 0 0 0 0 0 0 0 0
52400 -127.468 -2.5105 100 56 0 0 0 0 0 0 0 0 0 -1.93262 100 29 -1.17397 100 27 0 0 0 0 0 0 0 0
52500 -125.464 -2.02003 100 63 0 0 0 0 0 0 0 0 0 -1.79758 100 23 -0.594971 100 28 0 0 0 0 0 0 0 0
52600 -128.228 -2.71773 100 53 0 0 0 0 0 0 0 0 0 -1.30193 100 22 -1.15075 100 21 0 0 0 0 0 0 0 0
52700 -125.85 -2.53072 100 59 0 0 0 0 0 0 0 0 0 -2.067 100 34 -0.252194 100 29 0 0 0 0 0 0 0 0
52800 -126.014 -2.27627 100 56 0 0 0 0 0 0 0 0 0 -1.89604 100 36 -0.856114 100 35 0 0 0 0 0 0 0 0
52900 -126.703 -3.27925 100 55 0 0 0 0 0 0 0 0 0 -1.94779 100 37 -0.107446 100 31 0 0 0 0 0 0 0 0
53000 -127.376 -1.50794 100 48 0 0 0 0 0 0 0 0 0 -2.23555 100 33 -0.776958 100 32 0 0 0 0 0 0 0 0
53100 -126.255 -1.48856 100 56 0 0 0 0 0 0 0 0 0 -2.26116 100 33 0.094783 100 38 0 0 0 0 0 0 0 0
53200 -127.393 -1.81964 100 62 0 0 0 0 0 0 0 0 0 -1.51163 100 41 -0.470477 100 33 0 0 0 0 0 0 0 0
53300 -127.131 -4.43768 100 58 0 0 0 0 0 0 0 0 0 -1.9176 100 42 -0.496767 100 34 0 0 0 0 0 0 0 0
53400 -125.878 -1.11211 100 59 0 0 0 0 0 0 0 0 0 -2.17758 100 31 -0.109597 100 33 0 0 0 0 0 0 0 0
53500 -127.553 -2.84962 100 52 0 0 0 0 0 0 0 0 0 -2.39261 100 45 0.219054 100 29 0 0 0 0 0 0 0 0
53600 -126.089 -0.758486 100 51 0 0 0 0 0 0 0 0 0 -2.07046 100 23 -0.163745 100 25 0 0 0 0 0 0 0 0
53700 -126.04 -2.03801 100 46 0 0 0 0 0 0 0 0 0 -2.20931 100 32 -0.289451 100 26 0 0 0 0 0 0 0 0
53800 -126.456 -1.8002 100 62 0 0 0 0 0 0 0 0 0 -1.52733 100 35 -0.861658 100 30 0 0 0 0 0 0 0 0
53900 -127.999 -4.86688 100 59 0 0 0 0 0 0 0 0 0 -1.76278 100 34 -0.317573 100 35 0 0 0 0 0 0 0 0
54000 -125.884 -1.08477 100 53 0 0 0 0 0 0 0 0 0 -2.15073 100 22 -0.0927881 100 21 0 0 0 0 0 0 0 0
54100 -127.994 -3.01419 100 49 0 0 0 0 0 0 0 0 0 -2.40093 100 44 -0.332272 100 23 0 0 0 0 0 0 0 0
54200 -126.141 -1.2949 100 59 0 0 0 0 0 0 0 0 0 -2.17814 100 33 0.0642591 100 34 0 0 0 0 0 0 0 0
54300 -128.721 -0.840683 100 65 0 0 0 0 0 0 0 0 0 -1.42734 100 32 -0.880128 100 34 0 0 0 0 0 0 0 0
54400 -125.765 -2.15452 100 55 0 0 0 0 0 0 0 0 0 -1.67109 100 35 -0.727496 100 33 0 0 0 0 0 0 0 0
54500 -127.718 -4.13813 100 58 0 0 0 0 0 0 0 0 0 -2.23235 100 37 -0.0787569 100 29 0 0 0 0 0 0 0 0
54600 -128.311 -2.49024 100 57 0 0 0 0 0 0 0 0 0 -2.59856 100 40 0.166098 100 34 0 0 0 0 0 0 0 0
54700 -127.967 -0.214346 100 60 0 0 0 0 0 0 0 0 0 -2.06825 100 33 0.0897588 100 24 0 0 0 0 0 0 0 0
54800 -125.99 -2.75044 100 50 0 0 0 0 0 0 0 0 0 -1.87937 100 31 -0.76169 100 27 0 0 0 0 0 0 0 0
54900 -125.823 -1.28064 100 49 0 0 0 0 0 0 0 0 0 -1.91485 100 39 -0.753434 100 34 0 0 0 0 0 0 0 0
55000 -127.576 -4.36425 100 60 0 0 0 0 0 0 0 0 0 -1.59718 100 42 -0.970906 100 33 0 0 0 0 0 0 0 0
55100 -126.441 -1.13896 100 50 0 0 0 0 0 0 0 0 0 -2.31853 100 28 0.128547 100 25 0 0 0 0 0 0 0 0
55200 -126.494 -1.87724 100 59 0 0 0 0 0 0 0 0 0 -2.15774 100 30 0.149324 100 23 0 0 0 0 0 0 0 0
55300 -126.9 -2.31704 100 54 0 0 0 0 0 0 0 0 0 -2.00034 100 40 -0.98035 100 31 0 0 0 0 0 0 0 0
55400 -127.444 -1.15976 100 65 0 0 0 0 0 0 0 0 0 -2.0394 100 38 -1.06681 100 30 0 0 0 0 0 0 0 0
55500 -130.308 -6.30002 100 61 0 0 0 0 0 0 0 0 0 -2.32855 100 34 0.058722 100 32 0 0 0 0 0 0 0 0
55600 -126.95 -1.94228 100 56 0 0 0 0 0 0 0 0 0 -1.77305 100 35 -1.24204 100 29 0 0 0 0 0 0 0 0
55700 -128.311 -2.14022 100 58 0 0 0 0 0 0 0 0 0 -2.23256 100 41 -0.943797 100 36 0 0 0 0 0 0 0 0
55800 -125.704 -1.85663 100 58 0 0 0 0 0 0 0 0 0 -1.94154 100 26 -0.72532 100 31 0 0 0 0 0 0 0 0
55900 -125.84 -1.5766 100 64 0 0 0 0 0 0 0 0 0 -2.145 100 32 -0.444022 100 25 0 0 0 0 0 0 0 0
56000 -128.448 -3.82414 100 50 0 0 0 0 0 0 0 0 0 -2.19794 100 37 -0.750092 100 25 0 0 0 0 0 0 0 0
56100 -126.088 -2.0731 100 55 0 0 0 0 0 0 0 0 0 -1.78716 100 33 -0.989042 100 36 0 0 0 0 0 0 0 0
56200 -125.874 -2.44339 100 50 0 0 0 0 0 0 0 0 0 -2.04979 100 34 -0.169479 100 29 0 0 0 0 0 0 0 0
56300 -127.98 -5.21647 100 59 0 0 0 0 0 0 0 0 0 -1.91923 100 29 -0.626945 100 31 0 0 0 0 0 0 0 0
56400 -128.726 -3.83049 100 65 0 0 0 0 0 0 0 0 0 -1.52761 100 38 -1.48799 100 26 0 0 0 0 0 0 0 0
56500 -127.406 -2.15292 100 60 0 0 0 0 0 0 0 0 0 -2.13229 100 39 0.289687 100 34 0 0 0 0 0 0 0 0
56600 -125.49 -1.9522 100 55 0 0 0 0 0 0 0 0 0 -2.02302 100 40 -0.320901 100 30 0 0 0 0 0 0 0 0
56700 -126.213 -0.88149 100 47 0 0 0 0 0 0 0 0 0 -2.26808 100 33 -0.176015 100 25 0 0 0 0 0 0 0 0
56800 -127.083 -3.77462 100 58 0 0 0 0 0 0 0 0 0 -1.88061 100 41 -0.167613 100 32 0 0 0 0 0 0 0 0
56900 -128.523 -0.687419 100 46 0 0 0 0 0 0 0 0 0 -1.94437 100 35 -1.26858 100 32 0 0 0 0 0 0 0 0
57000 -125.716 -1.59221 100 55 0 0 0 0 0 0 0 0 0 -1.82316 100 35 -0.331451 100 34 0 0 0 0 0 0 0 0
57100 -127.381 -3.88211 100 52 0 0 0 0 0 0 0 0 0 -1.77857 100 33 -0.222421 100 34 0 0 0 0 0 0 0 0
57200 -128.723 -0.536938 100 64 0 0 0 0 0 0 0 0 0 -2.43159 100 30 0.599553 100 28 0 0 0 0 0 0 0 0
57300 -125.596 -1.79686 100 50 0 0 0 0 0 0 0 0 0 -1.77813 100 39 -0.767595 100 30 0 0 0 0 0 0 0 0
57400 -127.758 -0.0969204 100 53 0 0 0 0 0 0 0 0 0 -2.3037 100 31 0.169041 100 34 0 0 0 0 0 0 0 0
57500 -129.212 -6.55522 100 52 0 0 0 0 0 0 0 0 0 -1.83682 100 37 -0.427995 100 19 0 0 0 0 0 0 0 0
57600 -125.498 -1.49259 100 55 0 0 0 0 0 0 0 0 0 -1.83825 100 45 -0.633886 100 37 0 0 0 0 0 0 0 0
57700 -127.545 -2.15357 100 59 0 0 0 0 0 0 0 0 0 -1.71145 100 37 -1.40271 100 30 0 0 0 0 0 0 0 0
57800 -125.782 -1.74009 100 60 0 0 0 0 0 0 0 0 0 -1.72859 100 29 -0.861938 100 25 0 0 0 0 0 0 0 0
57900 -125.898 -2.02893 100 72 0 0 0 0 0 0 0 0 0 -2.04648 100 31 -0.634773 100 29 0 0 0 0 0 0 0 0
58000 -126.27 -1.09575 100 48 0 0 0 0 0 0 0 0 0 -2.3167 100 33 -0.122197 100 26 0 0 0 0 0 0 0 0
58100 -131.1 -0.928688 100 49 0 0 0 0 0 0 0 0 0 -1.88961 100 41 -1.8113 100 28 0 0 0 0 0 0 0 0
58200 -126.53 -1.0649 100 57 0 0 0 0 0 0 0 0 0 -2.09826 100 39 -0.748089 100 31 0 0 0 0 0 0 0 0
58300 -128.907 -3.192 100 52 0 0 0 0 0 0 0 0 0 -1.81213 100 44 0.130504 100 33 0 0 0 0 0 0 0 0
58400 -127.767 -1.04145 100 47 0 0 0 0 0 0 0 0 0 -2.18376 100 32 -0.928659 100 27 0 0 0 0 0 0 0 0
58500 -125.888 -2.83368 100 56 0 0 0 0 0 0 0 0 0 -1.92759 100 34 -0.323335 100 25 0 0 0 0 0 0 0 0
58600 -127.928 -0.353215 100 59 0 0 0 0 0 0 0 0 0 -1.74637 100 35 -0.839692 100 34 0 0 0 0 0 0 0 0
58700 -126.348 -2.98308 100 59 0 0 0 0 0 0 0 0 0 -1.81225 100 31 -0.912845 100 34 0 0 0 0 0 0 0 0
58800 -125.485 -2.18228 100 52 0 0 0 0 0 0 0 0 0 -1.82509 100 34 -0.619926 100 29 0 0 0 0 0 0 0 0
58900 -125.705 -2.2544 100 60 0 0 0 0 0 0 0 0 0 -1.77367 100 42 -0.804164 100 34 0 0 0 0 0 0 0 0
59000 -126.249 -3.47568 100 59 0 0 0 0 0 0 0 0 0 -1.82405 100 36 -0.559769 100 31 0 0 0 0 0 0 0 0
59100 -127.867 -2.16352 100 57 0 0 0 0 0 0 0 0 0 -1.78302 100 41 0.0418835 100 26 0 0 0 0 0 0 0 0
59200 -130.143 -2.199 100 60 0 0 0 0 0 0 0 0 0 -2.1315 100 38 0.588195 100 33 0 0 0 0 0 0 0 0
59300 -125.864 -2.72898 100 50 0 0 0 0 0 0 0 0 0 -2.00166 100 38 -0.481003 100 26 0 0 0 0 0 0 0 0
59400 -125.568 -2.27938 100 55 0 0 0 0 0 0 0 0 0 -1.83687 100 35 -0.423638 100 27 0 0 0 0 0 0 0 0
59500 -126.638 -1.498 100 56 0 0 0 0 0 0 0 0 0 -1.65151 100 38 -0.375482 100 18 0 0 0 0 0 0 0 0
59600 -126.91 -2.17991 100 52 0 0 0 0 0 0 0 0 0 -1.66351 100 33 -1.26657 100 33 0 0 0 0 0 0 0 0
59700 -125.571 -2.44578 100 51 0 0 0 0 0 0 0 0 0 -1.88439 100 27 -0.565339 100 37 0 0 0 0 0 0 0 0
59800 -127.413 -3.8361 100 58 0 0 0 0 0 0 0 0 0 -1.84491 100 35 -0.133368 100 36 0 0 0 0 0 0 0 0
59900 -126.276 -2.80693 100 53 0 0 0 0 0 0 0 0 0 -2.00836 100 33 -0.0985358 100 37 0 0 0 0 0 0 0 0
60000 -127.029 -1.03704 100 56 0 0 0 0 0 0 0 0 0 -2.05088 100 29 -0.938596 100 26 0 0 0 0 0 0 0 0
60100 -125.796 -1.4403 100 61 0 0 0 0 0 0 0 0 0 -1.71152 100 37 -0.633765 100 28 0 0 0 0 0 0 0 0
60200 -127.507 -0.318623 100 51 0 0 0 0 0 0 0 0 0 -2.20433 100 42 -0.601264 100 22 0 0 0 0 0 0 0 0
60300 -126.937 -1.08728 100 53 0 0 0 0 0 0 0 0 0 -1.92647 100 33 0.0332759 100 25 0 0 0 0 0 0 0 0
60400 -126.232 -2.82948 100 53 0 0 0 0 0 0 0 0 0 -1.97651 100 27 -0.71554 100 27 0 0 0 0 0 0 0 0
60500 -126.726 -1.91685 100 54 0 0 0 0 0 0 0 0 0 -1.49145 100 33 -0.762213 100 26 0 0 0 0 0 0 0 0
60600 -125.658 -1.87152 100 58 0 0 0 0 0 0 0 0 0 -1.71391 100 36 -0.592243 100 22 0 0 0 0 0 0 0 0
60700 -127.392 -0.949735 100 55 0 0 0 0 0 0 0 0 0 -2.39642 100 30 -0.434496 100 29 0 0 0 0 0 0 0 0
60800 -125.868 -2.12714 100 60 0 0 0 0 0 0 0 0 0 -1.81749 100 35 -0.885611 100 28 0 0 0 0 0 0 0 0
60900 -125.735 -1.16166 100 59 0 0 0 0 0 0 0 0 0 -1.88791 100 41 -0.33482 100 25 0 0 0 0 0 0 0 0
61000 -127.583 -2.78383 100 51 0 0 0 0 0 0 0 0 0 -1.82489 100 35 0.0147843 100 34 0 0 0 0 0 0 0 0
61100 -126.366 -0.709322 100 54 0 0 0 0 0 0 0 0 0 -2.27695 100 28 -0.0875754 100 34 0 0 0 0 0 0 0 0
61200 -125.57 -1.47943 100 61 0 0 0 0 0 0 0 0 0 -1.78855 100 36 -0.544196 100 36 0 0 0 0 0 0 0 0
61300 -128.521 -4.68758 100 67 0 0 0 0 0 0 0 0 0 -2.27052 100 34 -0.298761 100 30 0 0 0 0 0 0 0 0
61400 -127.866 -5.1371 100 58 0 0 0 0 0 0 0 0 0 -1.88298 100 31 -0.358174 100 18 0 0 0 0 0 0 0 0
61500 -126.171 -2.56533 100 54 0 0 0 0 0 0 0 0 0 -2.07753 100 35 -0.0636639 100 37 0 0 0 0 0 0 0 0
61600 -128 -1.50672 100 62 0 0 0 0 0 0 0 0 0 -2.56414 100 31 -0.172935 100 27 0 0 0 0 0 0 0 0
61700 -125.955 -2.21421 100 55 0 0 0 0 0 0 0 0 0 -2.02806 100 44 -0.660724 100 34 0 0 0 0 0 0 0 0
61800 -126.053 -1.71665 100 62 0 0 0 0 0 0 0 0 0 -1.82896 100 37 -0.957954 100 33 0 0 0 0 0 0 0 0
61900 -127.224 -0.45905 100 56 0 0 0 0 0 0 0 0 0 -2.40527 100 32 0.218275 100 23 0 0 0 0 0 0 0 0
62000 -125.899 -1.81463 100 62 0 0 0 0 0 0 0 0 0 -1.68886 100 25 -0.499903 100 26 0 0 0 0 0 0 0 0
62100 -126.75 -0.841058 100 59 0 0 0 0 0 0 0 0 0 -2.17844 100 31 -0.641795 100 32 0 0 0 0 0 0 0 0
62200 -125.796 -0.913344 100 55 0 0 0 0 0 0 0 0 0 -2.06169 100 37 -0.321514 100 32 0 0 0 0 0 0 0 0
62300 -125.64 -1.4941 100 48 0 0 0 0 0 0 0 0 0 -1.93094 100 33 -0.233972 100 30 0 0 0 0 0 0 0 0
62400 -125.749 -1.14764 100 55 0 0 0 0 0 0 0 0 0 -1.93043 100 29 -0.656351 100 36 0 0 0 0 0 0 0 0
62500 -126.315 -2.22313 100 62 0 0 0 0 0 0 0 0 0 -1.65742 100 35 -1.08036 100 23 0 0 0 0 0 0 0 0
62600 -128.114 -2.62347 100 67 0 0 0 0 0 0 0 0 0 -2.18794 100 38 -0.920544 100 35 0 0 0 0 0 0 0 0
62700 -128.291 -0.881233 100 57 0 0 0 0 0 0 0 0 0 -2.63838 100 38 -0.0630549 100 29 0 0 0 0 0 0 0 0
62800 -126.131 -1.29303 100 48 0 0 0 0 0 0 0 0 0 -1.68109 100 35 -0.864639 100 28 0 0 0 0 0 0 0 0
62900 -126.779 -1.42086 100 50 0 0 0 0 0 0 0 0 0 -2.33042 100 32 -0.407993 100 32 0 0 0 0 0 0 0 0
63000 -128.713 -5.69879 100 60 0 0 0 0 0 0 0 0 0 -1.70181 100 31 -0.952243 100 29 0 0 0 0 0 0 0 0
63100 -128.174 -0.523083 100 55 0 0 0 0 0 0 0 0 0 -2.47713 100 39 -0.403121 100 29 0 0 0 0 0 0 0 0
63200 -128.92 -1.12453 100 59 0 0 0 0 0 0 0 0 0 -2.28614 100 42 0.594315 100 34 0 0 0 0 0 0 0 0
63300 -127.736 -3.35187 100 55 0 0 0 0 0 0 0 0 0 -2.32227 100 40 -0.355055 100 32 0 0 0 0 0 0 0 0
63400 -125.963 -1.69932 100 61 0 0 0 0 0 0 0 0 0 -2.13051 100 37 -0.00153195 100 31 0 0 0 0 0 0 0 0
63500 -127.125 -2.02782 100 60 0 0 0 0 0 0 0 0 0 -1.6061 100 34 -0.31915 100 33 0 0 0 0 0 0 0 0
63600 -125.678 -1.8069 100 57 0 0 0 0 0 0 0 0 0 -1.70852 100 24 -0.756902 100 35 0 0 0 0 0 0 0 0
63700 -126.999 -4.31851 100 55 0 0 0 0 0 0 0 0 0 -1.87814 100 34 -0.557445 100 20 0 0 0 0 0 0 0 0
63800 -129.638 -6.28747 100 60 0 0 0 0 0 0 0 0 0 -1.77573 100 31 -0.231882 100 29 0 0 0 0 0 0 0 0
63900 -126.76 -2.64671 100 47 0 0 0 0 0 0 0 0 0 -1.64071 100 35 -0.366245 100 24 0 0 0 0 0 0 0 0
64000 -126.54 -2.98646 100 59 0 0 0 0 0 0 0 0 0 -1.8192 100 32 -0.97513 100 21 0 0 0 0 0 0 0 0
64100 -127.971 -3.45548 100 58 0 0 0 0 0 0 0 0 0 -2.41515 100 33 0.0139466 100 37 0 0 0 0 0 0 0 0
64200 -125.564 -2.1638 100 57 0 0 0 0 0 0 0 0 0 -1.85715 100 47 -0.371095 100 23 0 0 0 0 0 0 0 0
64300 -127.075 -0.418471 100 57 0 0 0 0 0 0 0 0 0 -2.31582 100 26 -0.317055 100 32 0 0 0 0 0 0 0 0
64400 -125.475 -1.37106 100 49 0 0 0 0 0 0 0 0 0 -1.89069 100 38 -0.44806 100 33 0 0 0 0 0 0 0 0
64500 -126.146 -2.04722 100 48 0 0 0 0 0 0 0 0 0 -1.78619 100 41 -1.01054 100 35 0 0 0 0 0 0 0 0
64600 -129.388 -2.98253 100 67 0 0 0 0 0 0 0 0 0 -1.41285 100 37 -1.72698 100 31 0 0 0 0 0 0 0 0
64700 -126.286 -0.854212 100 56 0 0 0 0 0 0 0 0 0 -1.85073 100 31 -0.312505 100 34 0 0 0 0 0 0 0 0
64800 -126.626 -1.98721 100 52 0 0 0 0 0 0 0 0 0 -1.59138 100 40 -0.463151 100 22 0 0 0 0 0 0 0 0
64900 -126.311 -1.78583 100 53 0 0 0 0 0 0 0 0 0 -1.96064 100 29 -0.00437514 100 37 0 0 0 0 0 0 0 0
65000 -126.725 -1.27583 100 60 0 0 0 0 0 0 0 0 0 -1.90729 100 30 -1.04961 100 38 0 0 0 0 0 0 0 0
65100 -129.145 -5.56445 100 56 0 0 0 0 0 0 0 0 0 -1.89123 100 34 -0.995768 100 31 0 0 0 0 0 0 0 0
65200 -125.554 -2.30236 100 64 0 0 0 0 0 0 0 0 0 -1.78868 100 25 -0.640681 100 24 0 0 0 0 0 0 0 0
65300 -125.962 -2.85275 100 56 0 0 0 0 0 0 0 0 0 -1.80203 100 30 -0.775149 100 29 0 0 0 0 0 0 0 0
65400 -125.9 -2.36357 100 51 0 0 0 0 0 0 0 0 0 -1.92677 100 34 -0.186458 100 30 0 0 0 0 0 0 0 0
65500 -126.573 -3.66616 100 59 0 0 0 0 0 0 0 0 0 -1.85206 100 37 -0.346631 100 30 0 0 0 0 0 0 0 0
65600 -126.636 -2.74262 100 61 0 0 0 0 0 0 0 0 0 -1.82857 100 40 -0.139547 100 34 0 0 0 0 0 0 0 0
65700 -127.724 -2.10742 100 46 0 0 0 0 0 0 0 0 0 -2.50484 100 44 -0.143107 100 32 0 0 0 0 0 0 0 0
65800 -125.935 -1.23144 100 58 0 0 0 0 0 0 0 0 0 -1.92 100 37 -0.179608 100 29 0 0 0 0 0 0 0 0
65900 -125.863 -2.37825 100 64 0 0 0 0 0 0 0 0 0 -1.99943 100 35 -0.632022 100 34 0 0 0 0 0 0 0 0
66000 -125.818 -2.39654 100 55 0 0 0 0 0 0 0 0 0 -2.0164 100 40 -0.184376 100 36 0 0 0 0 0 0 0 0
66100 -126.998 -1.11577 100 63 0 0 0 0 0 0 0 0 0 -1.55016 100 33 -0.777355 100 30 0 0 0 0 0 0 0 0
66200 -126.178 -2.01079 100 54 0 0 0 0 0 0 0 0 0 -2.26306 100 26 -0.0992101 100 34 0 0 0 0 0 0 0 0
66300 -125.957 -0.977882 100 57 0 0 0 0 0 0 0 0 0 -2.02132 100 34 -0.606817 100 27 0 0 0 0 0 0 0 0
66400 -126.432 -3.20221 100 48 0 0 0 0 0 0 0 0 0 -2.05875 100 32 -0.154632 100 31 0 0 0 0 0 0 0 0
66500 -126.128 -2.62489 100 62 0 0 0 0 0 0 0 0 0 -1.60771 100 38 -0.777279 100 31 0 0 0 0 0 0 0 0
66600 -129.465 -5.88545 100 47 0 0 0 0 0 0 0 0 0 -2.23121 100 29 -0.298077 100 22 0 0 0 0 0 0 0 0
66700 -129.703 -1.61594 100 54 0 0 0 0 0 0 0 0 0 -1.31055 100 36 -0.585804 100 37 0 0 0 0 0 0 0 0
66800 -127.105 -1.11732 100 55 0 0 0 0 0 0 0 0 0 -2.20597 100 40 -0.747158 100 32 0 0 0 0 0 0 0 0
66900 -127.775 -0.428588 100 56 0 0 0 0 0 0 0 0 0 -1.85587 100 34 -0.982453 100 30 0 0 0 0 0 0 0 0
67000 -126.983 -2.033 100 58 0 0 0 0 0 0 0 0 0 -1.78509 100 44 -1.24033 100 21 0 0 0 0 0 0 0 0
67100 -128.435 -3.27876 100 52 0 0 0 0 0 0 0 0 0 -2.3881 100 27 0.387865 100 23 0 0 0 0 0 0 0 0
67200 -126.269 -2.8841 100 60 0 0 0 0 0 0 0 0 0 -1.6593 100 34 -0.935547 100 27 0 0 0 0 0 0 0 0
67300 -126.171 -1.00113 100 61 0 0 0 0 0 0 0 0 0 -1.74658 100 37 -0.546203 100 24 0 0 0 0 0 0 0 0
67400 -125.434 -1.89442 100 56 0 0 0 0 0 0 0 0 0 -1.84698 100 29 -0.452763 100 20 0 0 0 0 0 0 0 0
67500 -125.843 -1.29171 100 54 0 0 0 0 0 0 0 0 0 -2.11853 100 36 -0.489192 100 31 0 0 0 0 0 0 0 0
67600 -126.266 -1.74217 100 60 0 0 0 0 0 0 0 0 0 -1.78884 100 40 -1.04857 100 28 0 0 0 0 0 0 0 0
67700 -126.253 -1.11221 100 49 0 0 0 0 0 0 0 0 0 -1.8646 100 20 -0.186698 100 28 0 0 0 0 0 0 0 0
67800 -127.534 -2.99526 100 52 0 0 0 0 0 0 0 0 0 -1.41699 100 38 -1.17923 100 26 0 0 0 0 0 0 0 0
67900 -125.439 -1.76241 100 55 0 0 0 0 0 0 0 0 0 -1.95403 100 29 -0.319925 100 26 0 0 0 0 0 0 0 0
68000 -125.933 -2.15774 100 59 0 0 0 0 0 0 0 0 0 -2.16478 100 28 -0.31831 100 26 0 0 0 0 0 0 0 0
68100 -129.939 -0.605695 100 56 0 0 0 0 0 0 0 0 0 -2.92242 100 37 0.398853 100 28 0 0 0 0 0 0 0 0
68200 -125.935 -0.91568 100 55 0 0 0 0 0 0 0 0 0 -1.95724 100 27 -0.612196 100 35 0 0 0 0 0 0 0 0
68300 -126.874 -1.43127 100 55 0 0 0 0 0 0 0 0 0 -2.02504 100 33 0.150381 100 23 0 0 0 0 0 0 0 0
68400 -125.932 -1.57305 100 58 0 0 0 0 0 0 0 0 0 -1.65382 100 36 -0.686876 100 28 0 0 0 0 0 0 0 0
68500 -125.77 -2.0297 100 49 0 0 0 0 0 0 0 0 0 -1.81673 100 34 -0.852548 100 36 0 0 0 0 0 0 0 0
68600 -126.481 -0.922398 100 54 0 0 0 0 0 0 0 0 0 -1.7371 100 39 -0.861528 100 26 0 0 0 0 0 0 0 0
68700 -125.847 -1.51648 100 51 0 0 0 0 0 0 0 0 0 -2.12966 100 30 -0.0452173 100 28 0 0 0 0 0 0 0 0
68800 -126.187 -0.869065 100 58 0 0 0 0 0 0 0 0 0 -1.94252 100 34 -0.188675 100 29 0 0 0 0 0 0 0 0
68900 -127.099 -0.393428 100 47 0 0 0 0 0 0 0 0 0 -2.2292 100 30 0.126572 100 35 0 0 0 0 0 0 0 0
69000 -126.643 -0.401477 100 63 0 0 0 0 0 0 0 0 0 -2.03506 100 24 -0.384558 100 34 0 0 0 0 0 0 0 0
69100 -126.678 -3.7505 100 48 0 0 0 0 0 0 0 0 0 -1.67347 100 28 -0.696446 100 21 0 0 0 0 0 0 0 0
69200 -127.233 -1.97524 100 59 0 0 0 0 0 0 0 0 0 -2.46172 100 44 -0.0908919 100 33 0 0 0 0 0 0 0 0
69300 -128.512 -1.10295 100 44 0 0 0 0 0 0 0 0 0 -1.43395 100 41 -1.32522 100 34 0 0 0 0 0 0 0 0
69400 -128.015 -2.27074 100 56 0 0 0 0 0 0 0 0 0 -1.96943 100 35 -1.26614 100 29 0 0 0 0 0 0 0 0
69500 -127.694 -2.79899 100 47 0 0 0 0 0 0 0 0 0 -1.50654 100 31 -0.440736 100 40 0 0 0 0 0 0 0 0
69600 -126.469 -2.94123 100 56 0 0 0 0 0 0 0 0 0 -1.56406 100 32 -0.828125 100 30 0 0 0 0 0 0 0 0
69700 -127.319 -0.246964 100 60 0 0 0 0 0 0 0 0 0 -2.29317 100 32 0.126002 100 25 0 0 0 0 0 0 0 0
69800 -126.893 -3.58135 100 55 0 0 0 0 0 0 0 0 0 -1.83108 100 37 -0.222702 100 28 0 0 0 0 0 0 0 0
69900 -125.609 -2.54785 100 57 0 0 0 0 0 0 0 0 0 -1.8915 100 33 -0.510383 100 26 0 0 0 0 0 0 0 0
70000 -127.803 -2.57227 100 58 0 0 0 0 0 0 0 0 0 -1.79073 100 45 -1.37569 100 29 0 0 0 0 0 0 0 0
70100 -127.005 -2.90086 100 55 0 0 0 0 0 0 0 0 0 -1.55867 100 29 -0.502094 100 25 0 0 0 0 0 0 0 0
70200 -125.983 -1.35487 100 57 0 0 0 0 0 0 0 0 0 -2.06309 100 46 -0.659416 100 29 0 0 0 0 0 0 0 0
70300 -125.658 -2.32396 100 58 0 0 0 0 0 0 0 0 0 -1.86374 100 26 -0.716622 100 24 0 0 0 0 0 0 0 0
70400 -129.883 -1.89959 100 52 0 0 0 0 0 0 0 0 0 -1.27383 100 32 -1.70195 100 27 0 0 0 0 0 0 0 0
70500 -125.937 -2.11939 100 61 0 0 0 0 0 0 0 0 0 -1.69255 100 35 -0.471254 100 35 0 0 0 0 0 0 0 0
70600 -125.991 -2.07673 100 52 0 0 0 0 0 0 0 0 0 -1.63497 100 37 -0.600602 100 27 0 0 0 0 0 0 0 0
70700 -126.74 -1.12915 100 54 0 0 0 0 0 0 0 0 0 -1.68807 100 37 -1.07214 100 25 0 0 0 0 0 0 0 0
70800 -128.264 -1.51228 100 56 0 0 0 0 0 0 0 0 0 -1.59878 100 24 -0.181688 100 29 0 0 0 0 0 0 0 0
70900 -127.673 -4.62427 100 49 0 0 0 0 0 0 0 0 0 -1.59929 100 37 -0.749337 100 27 0 0 0 0 0 0 0 0
71000 -127.432 -0.18899 100 58 0 0 0 0 0 0 0 0 0 -2.39396 100 35 0.0563397 100 28 0 0 0 0 0 0 0 0
71100 -126.124 -2.9312 100 52 0 0 0 0 0 0 0 0 0 -2.07332 100 37 -0.355614 100 23 0 0 0 0 0 0 0 0
71200 -127.611 -3.40497 100 59 0 0 0 0 0 0 0 0 0 -1.76752 100 32 -0.1127 100 35 0 0 0 0 0 0 0 0
71300 -127.283 -0.251 100 56 0 0 0 0 0 0 0 0 0 -1.96549 100 31 -0.280272 100 30 0 0 0 0 0 0 0 0
71400 -127.127 -4.00305 100 56 0 0 0 0 0 0 0 0 0 -2.0534 100 36 -0.149212 100 31 0 0 0 0 0 0 0 0
71500 -126.716 -0.522194 100 52 0 0 0 0 0 0 0 0 0 -1.92879 100 36 -0.674449 100 25 0 0 0 0 0 0 0 0
71600 -128.861 -0.391818 100 54 0 0 0 0 0 0 0 0 0 -1.83425 100 35 0.00192585 100 32 0 0 0 0 0 0 0 0
71700 -127.208 -3.09696 100 61 0 0 0 0 0 0 0 0 0 -1.98284 100 36 -0.956786 100 33 0 0 0 0 0 0 0 0
71800 -125.63 -1.75681 100 51 0 0 0 0 0 0 0 0 0 -2.0377 100 38 -0.547047 100 23 0 0 0 0 0 0 0 0
71900 -125.62 -2.42483 100 54 0 0 0 0 0 0 0 0 0 -1.77501 100 38 -0.657238 100 30 0 0 0 0 0 0 0 0
72000 -125.814 -2.21041 100 59 0 0 0 0 0 0 0 0 0 -1.71923 100 41 -0.868761 100 28 0 0 0 0 0 0 0 0
72100 -126.051 -2.54877 100 57 0 0 0 0 0 0 0 0 0 -1.63607 100 33 -0.63853 100 38 0 0 0 0 0 0 0 0
72200 -128.802 -1.35654 100 56 0 0 0 0 0 0 0 0 0 -2.10919 100 32 0.461717 100 30 0 0 0 0 0 0 0 0
72300 -126.434 -0.944334 100 44 0 0 0 0 0 0 0 0 0 -1.84513 100 31 -0.89979 100 32 0 0 0 0 0 0 0 0
72400 -125.474 -1.68969 100 59 0 0 0 0 0 0 0 0 0 -1.79497 100 37 -0.586717 100 25 0 0 0 0 0 0 0 0
72500 -126.211 -2.23447 100 60 0 0 0 0 0 0 0 0 0 -1.61876 100 31 -1.0127 100 33 0 0 0 0 0 0 0 0
72600 -127.965 -0.257274 100 58 0 0 0 0 0 0 0 0 0 -2.38213 100 31 0.366128 100 31 0 0 0 0 0 0 0 0
72700 -125.567 -1.54266 100 60 0 0 0 0 0 0 0 0 0 -2.07314 100 36 -0.207141 100 29 0 0 0 0 0 0 0 0
72800 -130.587 -1.22323 100 52 0 0 0 0 0 0 0 0 0 -2.99243 100 41 0.724929 100 29 0 0 0 0 0 0 0 0
72900 -127.344 -2.01725 100 53 0 0 0 0 0 0 0 0 0 -1.49923 100 43 -1.33315 100 24 0 0 0 0 0 0 0 0
73000 -127.281 -2.96578 100 58 0 0 0 0 0 0 0 0 0 -2.13809 100 34 0.179046 100 35 0 0 0 0 0 0 0 0
73100 -125.616 -1.21771 100 66 0 0 0 0 0 0 0 0 0 -2.00351 100 33 -0.525342 100 34 0 0 0 0 0 0 0 0
73200 -125.549 -1.90919 100 61 0 0 0 0 0 0 0 0 0 -2.04093 100 32 -0.242231 100 28 0 0 0 0 0 0 0 0
73300 -127.423 -0.673216 100 56 0 0 0 0 0 0 0 0 0 -2.35812 100 36 -0.47543 100 31 0 0 0 0 0 0 0 0
73400 -126.489 -0.934645 100 58 0 0 0 0 0 0 0 0 0 -2.27255 100 30 0.137433 100 32 0 0 0 0 0 0 0 0
73500 -129.402 0.182806 100 57 0 0 0 0 0 0 0 0 0 -2.00684 100 35 -0.0559796 100 26 0 0 0 0 0 0 0 0
73600 -126.707 -0.412191 100 67 0 0 0 0 0 0 0 0 0 -2.21713 100 36 -0.286676 100 18 0 0 0 0 0 0 0 0
73700 -127.183 -3.05727 100 57 0 0 0 0 0 0 0 0 0 -1.48489 100 33 -0.679245 100 26 0 0 0 0 0 0 0 0
73800 -127.349 -3.90439 100 50 0 0 0 0 0 0 0 0 0 -1.98015 100 32 -0.804068 100 34 0 0 0 0 0 0 0 0
73900 -125.955 -1.67928 100 55 0 0 0 0 0 0 0 0 0 -1.63902 100 43 -0.679122 100 19 0 0 0 0 0 0 0 0
74000 -125.625 -1.63067 100 51 0 0 0 0 0 0 0 0 0 -1.96101 100 38 -0.666299 100 34 0 0 0 0 0 0 0 0
74100 -126.888 -1.93171 100 51 0 0 0 0 0 0 0 0 0 -1.49107 100 36 -0.670397 100 25 0 0 0 0 0 0 0 0
74200 -126.205 -2.04522 100 60 0 0 0 0 0 0 0 0 0 -1.81108 100 37 -0.192715 100 34 0 0 0 0 0 0 0 0
74300 -126.895 -2.65934 100 45 0 0 0 0 0 0 0 0 0 -2.32783 100 34 -0.150196 100 36 0 0 0 0 0 0 0 0
74400 -126.226 -1.36457 100 57 0 0 0 0 0 0 0 0 0 -2.02217 100 24 -0.80178 100 29 0 0 0 0 0 0 0 0
74500 -129.482 -5.51924 100 52 0 0 0 0 0 0 0 0 0 -1.43416 100 39 -0.771619 100 33 0 0 0 0 0 0 0 0
74600 -126.998 -3.57851 100 49 0 0 0 0 0 0 0 0 0 -1.57126 100 38 -0.987379 100 31 0 0 0 0 0 0 0 0
74700 -131.743 -4.64095 100 65 0 0 0 0 0 0 0 0 0 -2.52067 100 35 -0.620793 100 32 0 0 0 0 0 0 0 0
74800 -128.596 -4.90681 100 61 0 0 0 0 0 0 0 0 0 -2.25402 100 36 -0.267839 100 24 0 0 0 0 0 0 0 0
74900 -128.122 -0.0938967 100 49 0 0 0 0 0 0 0 0 0 -1.91668 100 41 -0.275311 100 25 0 0 0 0 0 0 0 0
75000 -126.112 -2.04945 100 56 0 0 0 0 0 0 0 0 0 -2.15283 100 30 0.0152867 100 34 0 0 0 0 0 0 0 0
75100 -132.444 0.492849 100 66 0 0 0 0 0 0 0 0 0 -2.00689 100 35 0.161217 100 32 0 0 0 0 0 0 0 0
75200 -126.375 -2.37008 100 48 0 0 0 0 0 0 0 0 0 -2.23755 100 44 0.00108366 100 31 0 0 0 0 0 0 0 0
75300 -129.055 -0.859242 100 53 0 0 0 0 0 0 0 0 0 -2.30587 100 33 -0.974798 100 31 0 0 0 0 0 0 0 0
75400 -126.946 -1.12188 100 55 0 0 0 0 0 0 0 0 0 -2.46838 100 35 0.159086 100 38 0 0 0 0 0 0 0 0
75500 -126.407 -3.19796 100 55 0 0 0 0 0 0 0 0 0 -1.67513 100 32 -0.528862 100 30 0 0 0 0 0 0 0 0
75600 -126.561 -0.924768 100 58 0 0 0 0 0 0 0 0 0 -2.378 100 34 0.0216807 100 34 0 0 0 0 0 0 0 0
75700 -127.767 -3.80764 100 57 0 0 0 0 0 0 0 0 0 -2.24807 100 41 -0.415144 100 32 0 0 0 0 0 0 0 0
75800 -127.092 -2.09459 100 59 0 0 0 0 0 0 0 0 0 -2.26757 100 38 -0.590332 100 30 0 0 0 0 0 0 0 0
75900 -126.039 -1.3248 100 55 0 0 0 0 0 0 0 0 0 -2.24393 100 33 -0.278001 100 23 0 0 0 0 0 0 0 0
76000 -126.56 -3.78441 100 56 0 0 0 0 0 0 0 0 0 -1.7525 100 37 -0.643214 100 27 0 0 0 0 0 0 0 0
76100 -127.669 -0.127434 100 49 0 0 0 0 0 0 0 0 0 -2.38499 100 36 -0.186071 100 31 0 0 0 0 0 0 0 0
76200 -126.338 -0.533747 100 58 0 0 0 0 0 0 0 0 0 -2.10178 100 37 -0.306124 100 30 0 0 0 0 0 0 0 0
76300 -125.886 -1.57512 100 55 0 0 0 0 0 0 0 0 0 -2.10607 100 32 -0.554795 100 41 0 0 0 0 0 0 0 0
76400 -129.023 0.0201979 100 53 0 0 0 0 0 0 0 0 0 -2.71153 100 33 0.290785 100 31 0 0 0 0 0 0 0 0
76500 -129.548 -2.66833 100 66 0 0 0 0 0 0 0 0 0 -1.2021 100 39 -1.43073 100 25 0 0 0 0 0 0 0 0
76600 -126.973 -1.73943 100 60 0 0 0 0 0 0 0 0 0 -2.45041 100 39 -0.0218794 100 33 0 0 0 0 0 0 0 0
76700 -126.46 -1.28133 100 52 0 0 0 0 0 0 0 0 0 -2.03065 100 37 -0.851819 100 32 0 0 0 0 0 0 0 0
76800 -127.199 -4.02006 100 55 0 0 0 0 0 0 0 0 0 -2.08954 100 39 -0.467363 100 33 0 0 0 0 0 0 0 0
76900 -126.65 -3.86645 100 52 0 0 0 0 0 0 0 0 0 -1.89645 100 24 -0.606488 100 30 0 0 0 0 0 0 0 0
77000 -125.973 -2.02465 100 55 0 0 0 0 0 0 0 0 0 -1.84178 100 35 -0.213826 100 29 0 0 0 0 0 0 0 0
77100 -126.267 -2.23791 100 62 0 0 0 0 0 0 0 0 0 -2.25598 100 26 -0.160181 100 27 0 0 0 0 0 0 0 0
77200 -125.651 -1.45126 100 64 0 0 0 0 0 0 0 0 0 -1.88889 100 31 -0.727933 100 21 0 0 0 0 0 0 0 0
77300 -125.883 -2.33366 100 53 0 0 0 0 0 0 0 0 0 -1.6488 100 32 -0.780711 100 27 0 0 0 0 0 0 0 0
77400 -125.994 -1.98445 100 61 0 0 0 0 0 0 0 0 0 -1.76487 100 33 -0.311591 100 28 0 0 0 0 0 0 0 0
77500 -128.522 -0.681895 100 53 0 0 0 0 0 0 0 0 0 -2.72957 100 37 0.411589 100 21 0 0 0 0 0 0 0 0
77600 -127.164 -1.13107 100 55 0 0 0 0 0 0 0 0 0 -2.44615 100 43 0.328133 100 40 0 0 0 0 0 0 0 0
77700 -127.715 -0.940314 100 64 0 0 0 0 0 0 0 0 0 -1.58503 100 40 -1.20333 100 39 0 0 0 0 0 0 0 0
77800 -127.262 -3.70192 100 57 0 0 0 0 0 0 0 0 0 -1.88619 100 36 -0.102581 100 40 0 0 0 0 0 0 0 0
77900 -126.258 -3.12402 100 58 0 0 0 0 0 0 0 0 0 -1.99196 100 37 -0.207945 100 29 0 0 0 0 0 0 0 0
78000 -126.101 -0.885107 100 48 0 0 0 0 0 0 0 0 0 -1.83596 100 35 -0.679516 100 29 0 0 0 0 0 0 0 0
78100 -125.87 -1.39887 100 64 0 0 0 0 0 0 0 0 0 -2.01203 100 29 -0.0872106 100 32 0 0 0 0 0 0 0 0
78200 -125.557 -2.33538 100 60 0 0 0 0 0 0 0 0 0 -1.84244 100 33 -0.446036 100 31 0 0 0 0 0 0 0 0
78300 -126.45 -1.78089 100 63 0 0 0 0 0 0 0 0 0 -2.18444 100 32 -0.603965 100 34 0 0 0 0 0 0 0 0
78400 -126.161 -3.32312 100 53 0 0 0 0 0 0 0 0 0 -1.92744 100 33 -0.456053 100 34 0 0 0 0 0 0 0 0
78500 -126.55 -0.429852 100 60 0 0 0 0 0 0 0 0 0 -2.11421 100 41 -0.322757 100 22 0 0 0 0 0 0 0 0
78600 -126.997 -1.47687 100 55 0 0 0 0 0 0 0 0 0 -2.47689 100 33 0.0956454 100 35 0 0 0 0 0 0 0 0
78700 -127.574 -1.29164 100 58 0 0 0 0 0 0 0 0 0 -2.08756 100 35 -1.04682 100 25 0 0 0 0 0 0 0 0
78800 -126.857 -1.54824 100 53 0 0 0 0 0 0 0 0 0 -2.39114 100 27 -0.256364 100 23 0 0 0 0 0 0 0 0
78900 -128.755 -5.18463 100 57 0 0 0 0 0 0 0 0 0 -1.92167 100 44 -0.95174 100 31 0 0 0 0 0 0 0 0
79000 -126.79 -1.3901 100 62 0 0 0 0 0 0 0 0 0 -1.97725 100 34 -1.0122 100 24 0 0 0 0 0 0 0 0
79100 -127.283 -1.69665 100 47 0 0 0 0 0 0 0 0 0 -1.62827 100 39 -1.35147 100 32 0 0 0 0 0 0 0 0
79200 -125.514 -1.67083 100 66 0 0 0 0 0 0 0 0 0 -2.05407 100 39 -0.250437 100 27 0 0 0 0 0 0 0 0
79300 -126.071 -2.67784 100 61 0 0 0 0 0 0 0 0 0 -1.65794 100 37 -0.874929 100 36 0 0 0 0 0 0 0 0
79400 -129.613 -0.69228 100 53 0 0 0 0 0 0 0 0 0 -2.87676 100 33 0.637558 100 35 0 0 0 0 0 0 0 0
79500 -128.038 -3.99822 100 57 0 0 0 0 0 0 0 0 0 -1.46574 100 35 -0.674537 100 30 0 0 0 0 0 0 0 0
79600 -127.03 -4.14744 100 54 0 0 0 0 0 0 0 0 0 -1.92518 100 32 -0.278071 100 29 0 0 0 0 0 0 0 0
79700 -129.211 0.384822 100 52 0 0 0 0 0 0 0 0 0 -2.40054 100 34 -0.1204 100 36 0 0 0 0 0 0 0 0
79800 -126.474 -2.83602 100 62 0 0 0 0 0 0 0 0 0 -2.06034 100 37 -0.0235946 100 28 0 0 0 0 0 0 0 0
79900 -125.725 -2.44514 100 51 0 0 0 0 0 0 0 0 0 -1.90341 100 38 -0.682562 100 25 0 0 0 0 0 0 0 0
80000 -128.25 -2.45474 100 66 0 0 0 0 0 0 0 0 0 -2.59452 100 30 0.229214 100 28 0 0 0 0 0 0 0 0
80100 -126.079 -1.00456 100 58 0 0 0 0 0 0 0 0 0 -1.76425 100 31 -0.56169 100 26 0 0 0 0 0 0 0 0
80200 -126.402 -2.0796 100 57 0 0 0 0 0 0 0 0 0 -2.17448 100 39 -0.570682 100 24 0 0 0 0 0 0 0 0
80300 -128.825 -2.11413 100 50 0 0 0 0 0 0 0 0 0 -2.48588 100 34 -0.537593 100 34 0 0 0 0 0 0 0 0
80400 -127.135 -0.588706 100 58 0 0 0 0 0 0 0 0 0 -2.32447 100 33 0.256892 100 33 0 0 0 0 0 0 0 0
80500 -125.553 -1.464 100 56 0 0 0 0 0 0 0 0 0 -1.85271 100 39 -0.682324 100 24 0 0 0 0 0 0 0 0
80600 -125.493 -1.6814 100 52 0 0 0 0 0 0 0 0 0 -1.9033 100 35 -0.324427 100 26 0 0 0 0 0 0 0 0
80700 -125.795 -0.906878 100 53 0 0 0 0 0 0 0 0 0 -1.9727 100 35 -0.414366 100 35 0 0 0 0 0 0 0 0
80800 -131.681 -4.83148 100 50 0 0 0 0 0 0 0 0 0 -2.70276 100 34 -0.0376752 100 29 0 0 0 0 0 0 0 0
80900 -125.6 -2.46967 100 56 0 0 0 0 0 0 0 0 0 -1.94757 100 36 -0.443853 100 28 0 0 0 0 0 0 0 0
81000 -126.082 -2.0135 100 52 0 0 0 0 0 0 0 0 0 -2.23251 100 28 -0.0833366 100 30 0 0 0 0 0 0 0 0
81100 -126.601 -3.42317 100 54 0 0 0 0 0 0 0 0 0 -1.9802 100 34 -0.162364 100 38 0 0 0 0 0 0 0 0
81200 -127.246 -3.80771 100 54 0 0 0 0 0 0 0 0 0 -1.92712 100 27 -0.0948348 100 21 0 0 0 0 0 0 0 0
81300 -125.886 -2.0048 100 56 0 0 0 0 0 0 0 0 0 -2.14588 100 41 -0.0841858 100 35 0 0 0 0 0 0 0 0
81400 -128.547 -4.24475 100 51 0 0 0 0 0 0 0 0 0 -1.39355 100 28 -0.834926 100 33 0 0 0 0 0 0 0 0
81500 -127.342 -4.63236 100 54 0 0 0 0 0 0 0 0 0 -1.81782 100 34 -0.695137 100 32 0 0 0 0 0 0 0 0
81600 -126.101 -2.79792 100 63 0 0 0 0 0 0 0 0 0 -2.09855 100 33 -0.231006 100 35 0 0 0 0 0 0 0 0
81700 -126.048 -2.53899 100 59 0 0 0 0 0 0 0 0 0 -1.87936 100 31 -0.840262 100 26 0 0 0 0 0 0 0 0
81800 -126.681 -2.58893 100 46 0 0 0 0 0 0 0 0 0 -2.14316 100 40 -0.635082 100 25 0 0 0 0 0 0 0 0
81900 -126.927 -1.32117 100 56 0 0 0 0 0 0 0 0 0 -2.23297 100 32 0.283483 100 30 0 0 0 0 0 0 0 0
82000 -125.802 -1.96282 100 50 0 0 0 0 0 0 0 0 0 -2.13201 100 38 -0.397112 100 30 0 0 0 0 0 0 0 0
82100 -127.034 -3.75921 100 59 0 0 0 0 0 0 0 0 0 -1.62127 100 36 -0.985366 100 32 0 0 0 0 0 0 0 0
82200 -125.828 -0.880194 100 60 0 0 0 0 0 0 0 0 0 -2.01838 100 35 -0.316792 100 29 0 0 0 0 0 0 0 0
82300 -128.16 -1.42459 100 56 0 0 0 0 0 0 0 0 0 -1.88235 100 33 -1.3959 100 33 0 0 0 0 0 0 0 0
82400 -125.857 -1.34484 100 60 0 0 0 0 0 0 0 0 0 -1.71244 100 38 -0.677475 100 28 0 0 0 0 0 0 0 0
82500 -127.036 -2.29634 100 60 0 0 0 0 0 0 0 0 0 -1.59943 100 38 -1.29404 100 33 0 0 0 0 0 0 0 0
82600 -126.534 -3.64965 100 45 0 0 0 0 0 0 0 0 0 -1.88377 100 42 -0.682097 100 36 0 0 0 0 0 0 0 0
82700 -127.147 -3.45479 100 65 0 0 0 0 0 0 0 0 0 -2.02558 100 32 -0.79224 100 33 0 0 0 0 0 0 0 0
82800 -127.298 -0.747173 100 62 0 0 0 0 0 0 0 0 0 -2.52159 100 29 0.0838481 100 28 0 0 0 0 0 0 0 0
82900 -126.97 -1.55661 100 51 0 0 0 0 0 0 0 0 0 -1.89347 100 41 -1.14949 100 29 0 0 0 0 0 0 0 0
83000 -126.108 -2.8638 100 63 0 0 0 0 0 0 0 0 0 -1.67543 100 41 -0.846212 100 39 0 0 0 0 0 0 0 0
83100 -126.416 -1.156 100 60 0 0 0 0 0 0 0 0 0 -2.35395 100 35 -0.109836 100 28 0 0 0 0 0 0 0 0
83200 -127.264 -0.485924 100 60 0 0 0 0 0 0 0 0 0 -2.17837 100 40 -0.659645 100 24 0 0 0 0 0 0 0 0
83300 -126.503 -1.56543 100 59 0 0 0 0 0 0 0 0 0 -1.82295 100 42 -1.0871 100 23 0 0 0 0 0 0 0 0
83400 -125.987 -1.91258 100 61 0 0 0 0 0 0 0 0 0 -1.72828 100 27 -0.375031 100 36 0 0 0 0 0 0 0 0
83500 -126.173 -0.902997 100 59 0 0 0 0 0 0 0 0 0 -1.78189 100 34 -0.65893 100 28 0 0 0 0 0 0 0 0
83600 -126.502 -0.55782 100 55 0 0 0 0 0 0 0 0 0 -1.95032 100 35 -0.287614 100 27 0 0 0 0 0 0 0 0
83700 -126.451 -3.51416 100 55 0 0 0 0 0 0 0 0 0 -2.00986 100 36 -0.323223 100 30 0 0 0 0 0 0 0 0
83800 -126.552 -3.42159 100 48 0 0 0 0 0 0 0 0 0 -2.05864 100 30 -0.194501 100 32 0 0 0 0 0 0 0 0
83900 -127.251 -3.26647 100 60 0 0 0 0 0 0 0 0 0 -1.46442 100 38 -0.812582 100 27 0 0 0 0 0 0 0 0
84000 -126.478 -2.19513 100 48 0 0 0 0 0 0 0 0 0 -2.12128 100 35 -0.685958 100 27 0 0 0 0 0 0 0 0
84100 -126.429 -0.764019 100 54 0 0 0 0 0 0 0 0 0 -1.78144 100 47 -0.65077 100 43 0 0 0 0 0 0 0 0
84200 -127.161 -3.77386 100 58 0 0 0 0 0 0 0 0 0 -2.14722 100 34 -0.0755649 100 34 0 0 0 0 0 0 0 0
84300 -126.704 -0.506537 100 56 0 0 0 0 0 0 0 0 0 -2.10527 100 33 -0.5595 100 34 0 0 0 0 0 0 0 0
84400 -125.479 -1.61721 100 55 0 0 0 0 0 0 0 0 0 -2.04989 100 33 -0.369163 100 26 0 0 0 0 0 0 0 0
84500 -126.478 -3.27107 100 58 0 0 0 0 0 0 0 0 0 -1.97705 100 30 -0.163808 100 33 0 0 0 0 0 0 0 0
84600 -126.176 -2.5288 100 61 0 0 0 0 0 0 0 0 0 -2.12547 100 36 -0.476754 100 35 0 0 0 0 0 0 0 0
84700 -125.855 -1.98488 100 54 0 0 0 0 0 0 0 0 0 -2.00976 100 43 -0.684225 100 30 0 0 0 0 0 0 0 0
84800 -126.113 -0.883629 100 47 0 0 0 0 0 0 0 0 0 -2.21397 100 40 -0.0604638 100 29 0 0 0 0 0 0 0 0
84900 -127.547 -1.78619 100 50 0 0 0 0 0 0 0 0 0 -1.40813 100 38 -0.765565 100 25 0 0 0 0 0 0 0 0
85000 -126.988 -4.18053 100 48 0 0 0 0 0 0 0 0 0 -1.71688 100 29 -0.588871 100 34 0 0 0 0 0 0 0 0
85100 -125.887 -2.82 100 57 0 0 0 0 0 0 0 0 0 -1.89851 100 35 -0.651919 100 35 0 0 0 0 0 0 0 0
85200 -126.697 -3.80157 100 51 0 0 0 0 0 0 0 0 0 -1.97755 100 30 -0.288577 100 32 0 0 0 0 0 0 0 0
85300 -127.842 -3.16015 100 58 0 0 0 0 0 0 0 0 0 -1.57817 100 41 -0.315553 100 26 0 0 0 0 0 0 0 0
85400 -128.854 -0.88651 100 54 0 0 0 0 0 0 0 0 0 -1.58521 100 30 -1.47701 100 35 0 0 0 0 0 0 0 0
85500 -127.488 -0.125684 100 51 0 0 0 0 0 0 0 0 0 -2.08324 100 33 -0.477087 100 30 0 0 0 0 0 0 0 0
85600 -129.081 0.265999 100 53 0 0 0 0 0 0 0 0 0 -2.36669 100 39 -0.349081 100 27 0 0 0 0 0 0 0 0
85700 -130.431 -2.8112 100 55 0 0 0 0 0 0 0 0 0 -2.56687 100 34 0.791597 100 29 0 0 0 0 0 0 0 0
85800 -125.634 -2.22143 100 55 0 0 0 0 0 0 0 0 0 -1.90179 100 43 -0.688155 100 29 0 0 0 0 0 0 0 0
85900 -128.745 -2.29069 100 52 0 0 0 0 0 0 0 0 0 -2.41574 100 31 0.585587 100 39 0 0 0 0 0 0 0 0
86000 -126.668 -0.652951 100 59 0 0 0 0 0 0 0 0 0 -2.35227 100 41 0.0373766 100 38 0 0 0 0 0 0 0 0
86100 -127.235 -1.68853 100 57 0 0 0 0 0 0 0 0 0 -2.4785 100 30 0.274099 100 24 0 0 0 0 0 0 0 0
86200 -125.79 -1.60324 100 58 0 0 0 0 0 0 0 0 0 -1.84054 100 32 -0.275254 100 26 0 0 0 0 0 0 0 0
86300 -129.93 -3.83423 100 56 0 0 0 0 0 0 0 0 0 -2.45866 100 42 -0.533944 100 32 0 0 0 0 0 0 0 0
86400 -126.666 -2.28132 100 57 0 0 0 0 0 0 0 0 0 -2.24449 100 24 -0.465934 100 27 0 0 0 0 0 0 0 0
86500 -129.332 -1.66311 100 58 0 0 0 0 0 0 0 0 0 -2.68383 100 33 0.72979 100 31 0 0 0 0 0 0 0 0
86600 -125.689 -1.30583 100 58 0 0 0 0 0 0 0 0 0 -1.85064 100 35 -0.363371 100 37 0 0 0 0 0 0 0 0
86700 -126.317 -3.52111 100 53 0 0 0 0 0 0 0 0 0 -1.82379 100 33 -0.648109 100 21 0 0 0 0 0 0 0 0
86800 -129.158 -5.42898 100 55 0 0 0 0 0 0 0 0 0 -1.78287 100 34 -1.14417 100 28 0 0 0 0 0 0 0 0
86900 -126.504 -3.46912 100 58 0 0 0 0 0 0 0 0 0 -1.94942 100 48 -0.233783 100 28 0 0 0 0 0 0 0 0
87000 -125.731 -1.10811 100 58 0 0 0 0 0 0 0 0 0 -1.99615 100 37 -0.567666 100 24 0 0 0 0 0 0 0 0
87100 -127.197 -3.39888 100 49 0 0 0 0 0 0 0 0 0 -1.48505 100 36 -0.815691 100 27 0 0 0 0 0 0 0 0
87200 -126.167 -2.77445 100 58 0 0 0 0 0 0 0 0 0 -1.61679 100 33 -0.789743 100 30 0 0 0 0 0 0 0 0
87300 -126.798 -0.417953 100 57 0 0 0 0 0 0 0 0 0 -2.30434 100 30 -0.0725724 100 26 0 0 0 0 0 0 0 0
87400 -125.39 -1.75987 100 53 0 0 0 0 0 0 0 0 0 -1.86121 100 38 -0.554544 100 33 0 0 0 0 0 0 0 0
87500 -127.593 -0.542882 100 69 0 0 0 0 0 0 0 0 0 -2.3979 100 29 0.376777 100 26 0 0 0 0 0 0 0 0
87600 -125.457 -2.19282 100 50 0 0 0 0 0 0 0 0 0 -1.91906 100 34 -0.448931 100 24 0 0 0 0 0 0 0 0
87700 -126.778 -2.80719 100 61 0 0 0 0 0 0 0 0 0 -1.84024 100 38 -1.06334 100 38 0 0 0 0 0 0 0 0
87800 -126.487 -2.29714 100 53 0 0 0 0 0 0 0 0 0 -2.30035 100 34 -0.0792804 100 33 0 0 0 0 0 0 0 0
87900 -126.679 -2.02089 100 45 0 0 0 0 0 0 0 0 0 -1.52754 100 44 -0.619458 100 31 0 0 0 0 0 0 0 0
88000 -125.451 -1.64416 100 51 0 0 0 0 0 0 0 0 0 -1.83565 100 41 -0.474432 100 34 0 0 0 0 0 0 0 0
88100 -125.532 -2.33723 100 62 0 0 0 0 0 0 0 0 0 -1.86314 100 29 -0.601426 100 36 0 0 0 0 0 0 0 0
88200 -127.165 -3.17936 100 54 0 0 0 0 0 0 0 0 0 -2.16357 100 29 0.116884 100 25 0 0 0 0 0 0 0 0
88300 -126.548 -0.557294 100 58 0 0 0 0 0 0 0 0 0 -2.2806 100 42 -0.0738592 100 33 0 0 0 0 0 0 0 0
88400 -126.034 -1.07998 100 55 0 0 0 0 0 0 0 0 0 -2.07124 100 36 -0.615625 100 21 0 0 0 0 0 0 0 0
88500 -126.516 -2.96005 100 59 0 0 0 0 0 0 0 0 0 -2.13382 100 37 -0.476029 100 34 0 0 0 0 0 0 0 0
88600 -126.124 -1.70173 100 58 0 0 0 0 0 0 0 0 0 -2.0215 100 34 -0.783059 100 26 0 0 0 0 0 0 0 0
88700 -127.972 -4.49663 100 49 0 0 0 0 0 0 0 0 0 -1.53579 100 40 -1.04891 100 32 0 0 0 0 0 0 0 0
88800 -126.62 -0.840991 100 63 0 0 0 0 0 0 0 0 0 -1.70557 100 37 -0.768479 100 30 0 0 0 0 0 0 0 0
88900 -129.699 -2.77489 100 51 0 0 0 0 0 0 0 0 0 -2.20932 100 35 0.568818 100 27 0 0 0 0 0 0 0 0
89000 -126.398 -3.103 100 57 0 0 0 0 0 0 0 0 0 -1.82669 100 41 -0.888074 100 19 0 0 0 0 0 0 0 0
89100 -126.822 -2.08518 100 48 0 0 0 0 0 0 0 0 0 -1.59917 100 35 -1.23858 100 32 0 0 0 0 0 0 0 0
89200 -125.411 -1.89372 100 56 0 0 0 0 0 0 0 0 0 -1.85351 100 32 -0.595322 100 37 0 0 0 0 0 0 0 0
89300 -125.773 -2.52624 100 57 0 0 0 0 0 0 0 0 0 -1.71987 100 39 -0.738041 100 29 0 0 0 0 0 0 0 0
89400 -129.756 -3.7557 100 60 0 0 0 0 0 0 0 0 0 -1.64488 100 31 -1.68636 100 37 0 0 0 0 0 0 0 0
89500 -125.884 -2.49935 100 53 0 0 0 0 0 0 0 0 0 -1.68699 100 41 -0.580482 100 29 0 0 0 0 0 0 0 0
89600 -127.301 -2.47761 100 52 0 0 0 0 0 0 0 0 0 -1.52521 100 35 -1.32874 100 34 0 0 0 0 0 0 0 0
89700 -126.328 -3.41271 100 49 0 0 0 0 0 0 0 0 0 -1.72408 100 35 -0.58685 100 37 0 0 0 0 0 0 0 0
89800 -126.129 -1.30685 100 54 0 0 0 0 0 0 0 0 0 -2.16983 100 25 0.0600972 100 29 0 0 0 0 0 0 0 0
89900 -129.269 -1.56847 100 66 0 0 0 0 0 0 0 0 0 -2.69792 100 33 -0.161306 100 32 0 0 0 0 0 0 0 0
90000 -125.459 -1.88185 100 52 0 0 0 0 0 0 0 0 0 -1.79411 100 41 -0.607791 100 33 0 0 0 0 0 0 0 0
90100 -128.579 -4.97651 100 63 0 0 0 0 0 0 0 0 0 -1.71236 100 38 -1.15078 100 32 0 0 0 0 0 0 0 0
90200 -127.741 -0.555548 100 52 0 0 0 0 0 0 0 0 0 -1.69804 100 31 -0.409964 100 37 0 0 0 0 0 0 0 0
90300 -126.977 -3.75991 100 55 0 0 0 0 0 0 0 0 0 -1.98114 100 26 -0.128866 100 25 0 0 0 0 0 0 0 0
90400 -126.651 -0.910214 100 49 0 0 0 0 0 0 0 0 0 -1.9554 100 34 -0.89982 100 24 0 0 0 0 0 0 0 0
90500 -127.011 -1.70321 100 58 0 0 0 0 0 0 0 0 0 -1.47722 100 34 -1.11345 100 29 0 0 0 0 0 0 0 0
90600 -128.867 -4.44112 100 65 0 0 0 0 0 0 0 0 0 -2.41153 100 34 0.0157535 100 42 0 0 0 0 0 0 0 0
90700 -125.926 -1.3061 100 61 0 0 0 0 0 0 0 0 0 -2.12717 100 32 -0.517066 100 34 0 0 0 0 0 0 0 0
90800 -125.713 -1.803 100 54 0 0 0 0 0 0 0 0 0 -1.9775 100 25 -0.156232 100 24 0 0 0 0 0 0 0 0
90900 -127.486 -1.68976 100 62 0 0 0 0 0 0 0 0 0 -1.41177 100 38 -0.813186 100 32 0 0 0 0 0 0 0 0
91000 -126.47 -2.91325 100 64 0 0 0 0 0 0 0 0 0 -1.64326 100 41 -0.48919 100 33 0 0 0 0 0 0 0 0
91100 -125.753 -1.41239 100 59 0 0 0 0 0 0 0 0 0 -1.98165 100 32 -0.68313 100 19 0 0 0 0 0 0 0 0
91200 -126.251 -1.57963 100 48 0 0 0 0 0 0 0 0 0 -2.19272 100 31 -0.528218 100 32 0 0 0 0 0 0 0 0
91300 -126.444 -1.68573 100 60 0 0 0 0 0 0 0 0 0 -1.83008 100 35 -1.07407 100 34 0 0 0 0 0 0 0 0
91400 -126.844 -3.60897 100 57 0 0 0 0 0 0 0 0 0 -1.92585 100 38 -0.160664 100 32 0 0 0 0 0 0 0 0
91500 -126.871 -3.59979 100 48 0 0 0 0 0 0 0 0 0 -2.07107 100 43 -0.545211 100 32 0 0 0 0 0 0 0 0
91600 -127.21 -2.7853 100 65 0 0 0 0 0 0 0 0 0 -2.16329 100 39 -0.717084 100 29 0 0 0 0 0 0 0 0
91700 -127.534 -0.295192 100 60 0 0 0 0 0 0 0 0 0 -2.20464 100 35 -0.593049 100 31 0 0 0 0 0 0 0 0
91800 -125.47 -1.42904 100 46 0 0 0 0 0 0 0 0 0 -1.88755 100 35 -0.581794 100 31 0 0 0 0 0 0 0 0
91900 -127.197 -1.15725 100 52 0 0 0 0 0 0 0 0 0 -2.03809 100 51 -1.01308 100 29 0 0 0 0 0 0 0 0
92000 -126.792 -3.2371 100 57 0 0 0 0 0 0 0 0 0 -1.647 100 38 -0.442552 100 36 0 0 0 0 0 0 0 0
92100 -127.977 -3.49139 100 53 0 0 0 0 0 0 0 0 0 -1.38752 100 28 -0.853345 100 26 0 0 0 0 0 0 0 0
92200 -126.38 -1.27692 100 55 0 0 0 0 0 0 0 0 0 -1.61442 100 29 -0.702245 100 34 0 0 0 0 0 0 0 0
92300 -126.929 -1.84788 100 54 0 0 0 0 0 0 0 0 0 -2.31249 100 45 -0.468958 100 32 0 0 0 0 0 0 0 0
92400 -127.613 -3.94046 100 64 0 0 0 0 0 0 0 0 0 -2.22228 100 35 -0.350894 100 27 0 0 0 0 0 0 0 0
92500 -128.681 -1.48007 100 60 0 0 0 0 0 0 0 0 0 -1.47205 100 23 -0.368938 100 23 0 0 0 0 0 0 0 0
92600 -126.287 -0.945728 100 55 0 0 0 0 0 0 0 0 0 -1.78765 100 40 -0.388848 100 36 0 0 0 0 0 0 0 0
92700 -125.564 -1.15702 100 58 0 0 0 0 0 0 0 0 0 -1.95297 100 27 -0.430638 100 30 0 0 0 0 0 0 0 0
92800 -126.164 -1.73727 100 56 0 0 0 0 0 0 0 0 0 -2.15699 100 35 0.0682772 100 33 0 0 0 0 0 0 0 0
92900 -125.498 -1.60494 100 51 0 0 0 0 0 0 0 0 0 -2.05172 100 35 -0.40306 100 32 0 0 0 0 0 0 0 0
93000 -126.684 -2.36511 100 42 0 0 0 0 0 0 0 0 0 -2.02371 100 31 -0.884791 100 33 0 0 0 0 0 0 0 0
93100 -126.465 -1.07933 100 46 0 0 0 0 0 0 0 0 0 -1.7147 100 35 -0.414865 100 28 0 0 0 0 0 0 0 0
93200 -127.594 -1.41289 100 56 0 0 0 0 0 0 0 0 0 -1.93893 100 43 -1.23249 100 39 0 0 0 0 0 0 0 0
93300 -130.129 -6.03918 100 55 0 0 0 0 0 0 0 0 0 -1.71562 100 35 -0.160666 100 28 0 0 0 0 0 0 0 0
93400 -125.553 -1.76491 100 56 0 0 0 0 0 0 0 0 0 -1.8736 100 41 -0.322739 100 34 0 0 0 0 0 0 0 0
93500 -127.433 -1.55543 100 61 0 0 0 0 0 0 0 0 0 -1.46604 100 35 -1.23519 100 26 0 0 0 0 0 0 0 0
93600 -126.137 -2.08538 100 60 0 0 0 0 0 0 0 0 0 -2.17124 100 32 -0.464603 100 23 0 0 0 0 0 0 0 0
93700 -125.625 -2.11676 100 53 0 0 0 0 0 0 0 0 0 -2.05187 100 27 -0.243915 100 32 0 0 0 0 0 0 0 0
93800 -127.725 -1.51788 100 56 0 0 0 0 0 0 0 0 0 -2.27386 100 29 -0.787785 100 36 0 0 0 0 0 0 0 0
93900 -129.104 -4.92034 100 57 0 0 0 0 0 0 0 0 0 -1.55531 100 29 -0.396273 100 32 0 0 0 0 0 0 0 0
94000 -125.444 -2.0892 100 60 0 0 0 0 0 0 0 0 0 -1.94116 100 28 -0.49691 100 26 0 0 0 0 0 0 0 0
94100 -130.674 -1.69472 100 58 0 0 0 0 0 0 0 0 0 -2.73779 100 31 0.940173 100 27 0 0 0 0 0 0 0 0
94200 -127.287 -0.214893 100 59 0 0 0 0 0 0 0 0 0 -2.10098 100 28 -0.514901 100 26 0 0 0 0 0 0 0 0
94300 -126.769 -3.31741 100 65 0 0 0 0 0 0 0 0 0 -1.64017 100 34 -1.03434 100 37 0 0 0 0 0 0 0 0
94400 -126.555 -0.630242 100 51 0 0 0 0 0 0 0 0 0 -2.06038 100 30 -0.636281 100 33 0 0 0 0 0 0 0 0
94500 -126.008 -0.761697 100 61 0 0 0 0 0 0 0 0 0 -2.05865 100 30 -0.422432 100 39 0 0 0 0 0 0 0 0
94600 -126.584 -2.46599 100 63 0 0 0 0 0 0 0 0 0 -1.94991 100 36 -0.00312192 100 30 0 0 0 0 0 0 0 0
94700 -125.846 -2.16249 100 47 0 0 0 0 0 0 0 0 0 -1.81849 100 41 -0.292845 100 25 0 0 0 0 0 0 0 0
94800 -127.734 -4.79108 100 60 0 0 0 0 0 0 0 0 0 -1.80528 100 37 -0.85432 100 32 0 0 0 0 0 0 0 0
94900 -126.083 -1.98478 100 56 0 0 0 0 0 0 0 0 0 -2.20037 100 41 -0.00896622 100 27 0 0 0 0 0 0 0 0
95000 -126.523 -0.444907 100 48 0 0 0 0 0 0 0 0 0 -2.13309 100 39 -0.302085 100 32 0 0 0 0 0 0 0 0
95100 -129.034 -4.70784 100 56 0 0 0 0 0 0 0 0 0 -2.15474 100 36 0.225422 100 35 0 0 0 0 0 0 0 0
95200 -126.629 -1.28382 100 50 0 0 0 0 0 0 0 0 0 -2.40874 100 33 0.0566993 100 32 0 0 0 0 0 0 0 0
95300 -127.107 -0.582642 100 49 0 0 0 0 0 0 0 0 0 -2.44902 100 36 0.154629 100 27 0 0 0 0 0 0 0 0
95400 -127.562 -0.881484 100 59 0 0 0 0 0 0 0 0 0 -2.56162 100 29 0.330504 100 19 0 0 0 0 0 0 0 0
95500 -127.847 -2.24087 100 56 0 0 0 0 0 0 0 0 0 -1.34041 100 30 -1.16867 100 27 0 0 0 0 0 0 0 0
95600 -128.388 -4.25182 100 44 0 0 0 0 0 0 0 0 0 -1.41375 100 28 -0.828984 100 25 0 0 0 0 0 0 0 0
95700 -125.807 -2.36221 100 53 0 0 0 0 0 0 0 0 0 -1.81379 100 34 -0.33984 100 27 0 0 0 0 0 0 0 0
95800 -128.974 -5.29003 100 54 0 0 0 0 0 0 0 0 0 -1.52942 100 36 -1.16954 100 36 0 0 0 0 0 0 0 0
95900 -127.414 -4.07658 100 57 0 0 0 0 0 0 0 0 0 -1.63933 100 39 -1.04824 100 31 0 0 0 0 0 0 0 0
96000 -127.484 -0.747139 100 53 0 0 0 0 0 0 0 0 0 -2.38527 100 30 -0.454626 100 35 0 0 0 0 0 0 0 0
96100 -126.4 -0.762766 100 55 0 0 0 0 0 0 0 0 0 -2.09021 100 39 -0.616937 100 35 0 0 0 0 0 0 0 0
96200 -125.771 -1.03078 100 56 0 0 0 0 0 0 0 0 0 -2.10979 100 30 -0.207557 100 35 0 0 0 0 0 0 0 0
96300 -127.152 -0.611345 100 58 0 0 0 0 0 0 0 0 0 -1.93021 100 33 -0.919836 100 40 0 0 0 0 0 0 0 0
96400 -125.453 -1.83879 100 56 0 0 0 0 0 0 0 0 0 -2.01591 100 34 -0.410979 100 28 0 0 0 0 0 0 0 0
96500 -130.017 -1.6556 100 55 0 0 0 0 0 0 0 0 0 -1.65888 100 40 -1.87069 100 41 0 0 0 0 0 0 0 0
96600 -126.516 -2.00551 100 51 0 0 0 0 0 0 0 0 0 -1.5085 100 28 -0.854164 100 35 0 0 0 0 0 0 0 0
96700 -125.989 -1.53261 100 54 0 0 0 0 0 0 0 0 0 -2.15595 100 40 0.0147377 100 26 0 0 0 0 0 0 0 0
96800 -128.286 -4.10352 100 61 0 0 0 0 0 0 0 0 0 -1.49574 100 34 -1.28896 100 29 0 0 0 0 0 0 0 0
96900 -126.302 -1.61938 100 53 0 0 0 0 0 0 0 0 0 -2.29953 100 44 0.0686259 100 31 0 0 0 0 0 0 0 0
97000 -126.491 -2.05296 100 54 0 0 0 0 0 0 0 0 0 -1.89632 100 26 -1.02502 100 34 0 0 0 0 0 0 0 0
97100 -125.965 -1.62568 100 54 0 0 0 0 0 0 0 0 0 -2.16129 100 38 -0.470909 100 35 0 0 0 0 0 0 0 0
97200 -126.318 -3.54926 100 60 0 0 0 0 0 0 0 0 0 -1.86893 100 32 -0.564692 100 43 0 0 0 0 0 0 0 0
97300 -126.061 -3.19537 100 56 0 0 0 0 0 0 0 0 0 -1.87152 100 32 -0.431591 100 34 0 0 0 0 0 0 0 0
97400 -126.752 -1.65415 100 64 0 0 0 0 0 0 0 0 0 -2.05902 100 31 -0.908549 100 29 0 0 0 0 0 0 0 0
97500 -127.301 -1.19529 100 58 0 0 0 0 0 0 0 0 0 -2.5175 100 41 0.292746 100 30 0 0 0 0 0 0 0 0
97600 -127.353 -2.69917 100 59 0 0 0 0 0 0 0 0 0 -2.04833 100 27 0.181499 100 32 0 0 0 0 0 0 0 0
97700 -129.542 -6.27305 100 61 0 0 0 0 0 0 0 0 0 -1.54498 100 39 -0.713492 100 29 0 0 0 0 0 0 0 0
97800 -125.579 -2.3722 100 58 0 0 0 0 0 0 0 0 0 -1.86847 100 29 -0.635202 100 31 0 0 0 0 0 0 0 0
97900 -126.271 -0.859651 100 59 0 0 0 0 0 0 0 0 0 -1.77268 100 31 -0.585676 100 27 0 0 0 0 0 0 0 0
98000 -127.815 -2.17924 100 59 0 0 0 0 0 0 0 0 0 -2.42302 100 45 0.42894 100 26 0 0 0 0 0 0 0 0
98100 -128.05 -0.0624232 100 45 0 0 0 0 0 0 0 0 0 -2.25462 100 45 0.200669 100 42 0 0 0 0 0 0 0 0
98200 -128.456 -0.377167 100 50 0 0 0 0 0 0 0 0 0 -2.69357 100 32 0.25646 100 31 0 0 0 0 0 0 0 0
98300 -127.563 -4.25494 100 44 0 0 0 0 0 0 0 0 0 -2.12972 100 32 -0.44354 100 29 0 0 0 0 0 0 0 0
98400 -125.561 -1.25456 100 60 0 0 0 0 0 0 0 0 0 -2.03241 100 41 -0.273325 100 30 0 0 0 0 0 0 0 0
98500 -127.833 -2.00385 100 61 0 0 0 0 0 0 0 0 0 -1.87964 100 36 0.148153 100 26 0 0 0 0 0 0 0 0
98600 -125.95 -1.63904 100 51 0 0 0 0 0 0 0 0 0 -2.13393 100 37 -0.525327 100 32 0 0 0 0 0 0 0 0
98700 -127.715 -1.29825 100 46 0 0 0 0 0 0 0 0 0 -2.51233 100 28 -0.248717 100 26 0 0 0 0 0 0 0 0
98800 -127.139 -4.04297 100 53 0 0 0 0 0 0 0 0 0 -1.74909 100 24 -0.930941 100 35 0 0 0 0 0 0 0 0
98900 -126.351 -1.28472 100 63 0 0 0 0 0 0 0 0 0 -1.81861 100 30 -0.189614 100 31 0 0 0 0 0 0 0 0
99000 -125.495 -1.57449 100 54 0 0 0 0 0 0 0 0 0 -1.85024 100 35 -0.413482 100 23 0 0 0 0 0 0 0 0
99100 -126.311 -3.18825 100 61 0 0 0 0 0 0 0 0 0 -1.67832 100 34 -0.844222 100 33 0 0 0 0 0 0 0 0
99200 -125.523 -1.71428 100 59 0 0 0 0 0 0 0 0 0 -1.8764 100 35 -0.69428 100 27 0 0 0 0 0 0 0 0
99300 -127.109 -1.88488 100 54 0 0 0 0 0 0 0 0 0 -1.96949 100 33 -1.10317 100 36 0 0 0 0 0 0 0 0
99400 -129.133 -2.07735 100 64 0 0 0 0 0 0 0 0 0 -1.2445 100 36 -1.41018 100 30 0 0 0 0 0 0 0 0
99500 -126.893 -1.63623 100 44 0 0 0 0 0 0 0 0 0 -2.19149 100 42 -0.731233 100 26 0 0 0 0 0 0 0 0
99600 -126.938 -1.0173 100 60 0 0 0 0 0 0 0 0 0 -2.27388 100 36 0.280523 100 32 0 0 0 0 0 0 0 0
99700 -126.144 -1.08334 100 53 0 0 0 0 0 0 0 0 0 -2.1183 100 25 -0.588473 100 29 0 0 0 0 0 0 0 0
99800 -126.251 -3.05041 100 61 0 0 0 0 0 0 0 0 0 -1.84196 100 44 -0.285902 100 27 0 0 0 0 0 0 0 0
99900 -127.551 -1.95962 100 53 0 0 0 0 0 0 0 0 0 -2.14598 100 29 0.331021 100 38 0 0 0 0 0 0 0 0
100000 -127.167 -3.8149 100 57 0 0 0 0 0 0 0 0 0 -1.69592 100 27 -0.378985 100 30 0 0 0 0 0 0 0 0
