iteration logLik intercept1 intercept1_p intercept1_a pcov2 pcov2_p pcov2_a pcov3 pcov3_p pcov3_a pcov4 pcov4_p pcov4_a intercept2 intercept2_p intercept2_a intercept3 intercept3_p intercept3_a intercept4 intercept4_p intercept4_a pcov pcov_p pcov_a data_p data_a
0 -828.059 -6.33487 0 0 0 0 0 0 0 0 0 0 0 -16.2988 0 0 7.86568 0 0 0 0 0 0 0 0 0 0
100 -300.05 0.740787 100 45 0 0 0 0 0 0 0 0 0 -3.91698 100 33 2.62283 100 26 0 0 0 0 0 0 0 0
200 -265.988 -0.659772 100 33 0 0 0 0 0 0 0 0 0 -2.17785 100 18 0.28719 100 27 0 0 0 0 0 0 0 0
300 -266.651 -1.62834 100 41 0 0 0 0 0 0 0 0 0 -2.0854 100 21 0.480922 100 19 0 0 0 0 0 0 0 0
400 -267.871 -1.9529 100 40 0 0 0 0 0 0 0 0 0 -1.87434 100 26 -0.457366 100 19 0 0 0 0 0 0 0 0
500 -266.401 -1.34995 100 39 0 0 0 0 0 0 0 0 0 -1.85364 100 31 -0.348812 100 16 0 0 0 0 0 0 0 0
600 -265.503 -1.04314 100 36 0 0 0 0 0 0 0 0 0 -1.86509 100 26 -0.137069 100 24 0 0 0 0 0 0 0 0
700 -265.319 -1.46952 100 46 0 0 0 0 0 0 0 0 0 -2.08053 100 28 0.127838 100 16 0 0 0 0 0 0 0 0
800 -270.692 -4.18873 100 31 0 0 0 0 0 0 0 0 0 -1.76727 100 26 -0.221334 100 24 0 0 0 0 0 0 0 0
900 -268.655 -1.04922 100 44 0 0 0 0 0 0 0 0 0 -2.42385 100 19 0.248097 100 26 0 0 0 0 0 0 0 0
1000 -266.438 -2.08161 100 39 0 0 0 0 0 0 0 0 0 -1.67341 100 29 -0.322936 100 14 0 0 0 0 0 0 0 0
1100 -270.972 -0.95737 100 38 0 0 0 0 0 0 0 0 0 -2.60773 100 22 0.406907 100 24 0 0 0 0 0 0 0 0
1200 -267.537 -1.40489 100 44 0 0 0 0 0 0 0 0 0 -2.05215 100 22 0.550438 100 26 0 0 0 0 0 0 0 0
1300 -265.33 -1.8583 100 31 0 0 0 0 0 0 0 0 0 -1.8269 100 19 -0.0762636 100 15 0 0 0 0 0 0 0 0
1400 -266.555 -0.82506 100 40 0 0 0 0 0 0 0 0 0 -1.79118 100 23 0.0613587 100 21 0 0 0 0 0 0 0 0
1500 -268.948 -1.45355 100 35 0 0 0 0 0 0 0 0 0 -1.58642 100 30 -0.691975 100 14 0 0 0 0 0 0 0 0
1600 -270.458 -0.876641 100 34 0 0 0 0 0 0 0 0 0 -1.73181 100 22 0.326881 100 20 0 0 0 0 0 0 0 0
1700 -265.558 -1.07814 100 42 0 0 0 0 0 0 0 0 0 -1.92355 100 28 0.210464 100 23 0 0 0 0 0 0 0 0
1800 -267.86 -1.6683 100 28 0 0 0 0 0 0 0 0 0 -1.76674 100 32 0.267346 100 16 0 0 0 0 0 0 0 0
1900 -266.045 -0.792659 100 43 0 0 0 0 0 0 0 0 0 -2.2127 100 26 0.409103 100 16 0 0 0 0 0 0 0 0
2000 -266.848 -2.18692 100 35 0 0 0 0 0 0 0 0 0 -1.92153 100 20 -0.257774 100 21 0 0 0 0 0 0 0 0
2100 -266.543 -2.49239 100 45 0 0 0 0 0 0 0 0 0 -1.89645 100 24 0.15436 100 22 0 0 0 0 0 0 0 0
2200 -265.691 -1.26397 100 43 0 0 0 0 0 0 0 0 0 -1.90914 100 19 0.236844 100 16 0 0 0 0 0 0 0 0
2300 -265.605 -1.4966 100 29 0 0 0 0 0 0 0 0 0 -2.02037 100 23 0.321314 100 22 0 0 0 0 0 0 0 0
2400 -265.096 -1.20731 100 41 0 0 0 0 0 0 0 0 0 -1.93891 100 14 -0.0327349 100 14 0 0 0 0 0 0 0 0
2500 -265.605 -1.71515 100 33 0 0 0 0 0 0 0 0 0 -2.05494 100 23 0.295473 100 21 0 0 0 0 0 0 0 0
2600 -265.715 -1.11294 100 41 0 0 0 0 0 0 0 0 0 -1.93849 100 23 0.26043 100 20 0 0 0 0 0 0 0 0
2700 -266.417 -2.24095 100 42 0 0 0 0 0 0 0 0 0 -1.76144 100 20 -0.298214 100 18 0 0 0 0 0 0 0 0
2800 -265.951 -1.66248 100 38 0 0 0 0 0 0 0 0 0 -1.96134 100 22 0.312362 100 14 0 0 0 0 0 0 0 0
2900 -265.623 -1.81978 100 26 0 0 0 0 0 0 0 0 0 -1.79741 100 24 -0.220248 100 12 0 0 0 0 0 0 0 0
3000 -265.267 -1.8713 100 42 0 0 0 0 0 0 0 0 0 -1.91314 100 20 0.0625322 100 24 0 0 0 0 0 0 0 0
3100 -268.448 -0.986247 100 42 0 0 0 0 0 0 0 0 0 -1.77372 100 28 -0.561075 100 8 0 0 0 0 0 0 0 0
3200 -265.771 -1.72461 100 43 0 0 0 0 0 0 0 0 0 -2.04567 100 21 0.327971 100 12 0 0 0 0 0 0 0 0
3300 -267.659 -0.622561 100 45 0 0 0 0 0 0 0 0 0 -1.74802 100 25 -0.288151 100 20 0 0 0 0 0 0 0 0
3400 -267.536 -1.64596 100 39 0 0 0 0 0 0 0 0 0 -1.81982 100 29 -0.494887 100 19 0 0 0 0 0 0 0 0
3500 -268.078 -0.238484 100 35 0 0 0 0 0 0 0 0 0 -2.37067 100 19 0.584973 100 17 0 0 0 0 0 0 0 0
3600 -268.225 -2.51155 100 38 0 0 0 0 0 0 0 0 0 -2.03677 100 30 0.466293 100 18 0 0 0 0 0 0 0 0
3700 -266.617 -1.64147 100 37 0 0 0 0 0 0 0 0 0 -1.7182 100 22 -0.431883 100 15 0 0 0 0 0 0 0 0
3800 -270.474 -4.06657 100 38 0 0 0 0 0 0 0 0 0 -1.73886 100 27 -0.0314166 100 15 0 0 0 0 0 0 0 0
3900 -265.332 -1.24545 100 38 0 0 0 0 0 0 0 0 0 -2.09719 100 24 0.12839 100 14 0 0 0 0 0 0 0 0
4000 -270.415 -2.25729 100 35 0 0 0 0 0 0 0 0 0 -2.1203 100 24 0.711317 100 23 0 0 0 0 0 0 0 0
4100 -267.292 -0.585439 100 39 0 0 0 0 0 0 0 0 0 -1.8099 100 20 -0.235378 100 14 0 0 0 0 0 0 0 0
4200 -266.9 -1.99223 100 32 0 0 0 0 0 0 0 0 0 -1.84391 100 23 0.261499 100 16 0 0 0 0 0 0 0 0
4300 -265.704 -0.918988 100 35 0 0 0 0 0 0 0 0 0 -2.14794 100 27 0.368751 100 15 0 0 0 0 0 0 0 0
4400 -265.862 -1.75499 100 45 0 0 0 0 0 0 0 0 0 -2.13397 100 22 0.183254 100 21 0 0 0 0 0 0 0 0
4500 -265.921 -1.68829 100 35 0 0 0 0 0 0 0 0 0 -1.78889 100 19 0.101216 100 20 0 0 0 0 0 0 0 0
4600 -266.782 -1.68386 100 30 0 0 0 0 0 0 0 0 0 -1.70284 100 23 0.0696902 100 14 0 0 0 0 0 0 0 0
4700 -265.321 -1.60166 100 33 0 0 0 0 0 0 0 0 0 -2.04745 100 26 0.0833993 100 17 0 0 0 0 0 0 0 0
4800 -265.143 -0.997954 100 44 0 0 0 0 0 0 0 0 0 -1.98921 100 19 0.108049 100 18 0 0 0 0 0 0 0 0
4900 -266.925 -0.684535 100 32 0 0 0 0 0 0 0 0 0 -2.2944 100 24 0.568973 100 18 0 0 0 0 0 0 0 0
5000 -265.591 -1.61987 100 35 0 0 0 0 0 0 0 0 0 -1.89661 100 22 -0.189307 100 14 0 0 0 0 0 0 0 0
5100 -265.239 -1.37604 100 33 0 0 0 0 0 0 0 0 0 -1.98162 100 21 0.231803 100 16 0 0 0 0 0 0 0 0
5200 -265.376 -0.975381 100 30 0 0 0 0 0 0 0 0 0 -2.11373 100 24 0.248507 100 10 0 0 0 0 0 0 0 0
5300 -268.041 -0.303301 100 36 0 0 0 0 0 0 0 0 0 -1.92327 100 24 -0.148813 100 14 0 0 0 0 0 0 0 0
5400 -265.051 -1.12291 100 43 0 0 0 0 0 0 0 0 0 -1.94801 100 34 0.0942595 100 20 0 0 0 0 0 0 0 0
5500 -266.687 -2.19123 100 43 0 0 0 0 0 0 0 0 0 -2.08087 100 21 0.00925567 100 18 0 0 0 0 0 0 0 0
5600 -265.415 -0.844156 100 38 0 0 0 0 0 0 0 0 0 -2.04336 100 28 0.211992 100 22 0 0 0 0 0 0 0 0
5700 -265.433 -0.932815 100 38 0 0 0 0 0 0 0 0 0 -2.11908 100 23 0.261223 100 17 0 0 0 0 0 0 0 0
5800 -268.26 -1.7953 100 40 0 0 0 0 0 0 0 0 0 -1.94674 100 18 -0.435637 100 15 0 0 0 0 0 0 0 0
5900 -265.374 -1.69329 100 30 0 0 0 0 0 0 0 0 0 -1.94996 100 23 0.201098 100 15 0 0 0 0 0 0 0 0
6000 -267.966 -0.457185 100 36 0 0 0 0 0 0 0 0 0 -1.7992 100 22 0.0535464 100 18 0 0 0 0 0 0 0 0
6100 -266.293 -1.48521 100 34 0 0 0 0 0 0 0 0 0 -2.2388 100 26 0.439046 100 19 0 0 0 0 0 0 0 0
6200 -265.478 -1.03374 100 45 0 0 0 0 0 0 0 0 0 -1.8943 100 26 0.138664 100 17 0 0 0 0 0 0 0 0
6300 -265.554 -1.04044 100 37 0 0 0 0 0 0 0 0 0 -2.13114 100 20 0.349816 100 10 0 0 0 0 0 0 0 0
6400 -268.369 -0.806736 100 35 0 0 0 0 0 0 0 0 0 -2.03116 100 25 -0.339739 100 10 0 0 0 0 0 0 0 0
6500 -266.502 -2.47105 100 33 0 0 0 0 0 0 0 0 0 -2.01599 100 30 0.0822681 100 13 0 0 0 0 0 0 0 0
6600 -266.019 -0.704023 100 36 0 0 0 0 0 0 0 0 0 -1.97084 100 20 -0.0637664 100 18 0 0 0 0 0 0 0 0
6700 -265.641 -0.881165 100 38 0 0 0 0 0 0 0 0 0 -1.89926 100 23 0.119558 100 10 0 0 0 0 0 0 0 0
6800 -266.001 -2.12846 100 38 0 0 0 0 0 0 0 0 0 -2.02472 100 25 0.0356663 100 23 0 0 0 0 0 0 0 0
6900 -265.717 -1.44607 100 42 0 0 0 0 0 0 0 0 0 -1.80875 100 29 0.106748 100 20 0 0 0 0 0 0 0 0
7000 -266.444 -1.49427 100 25 0 0 0 0 0 0 0 0 0 -2.23013 100 41 0.195446 100 23 0 0 0 0 0 0 0 0
7100 -265.082 -1.22377 100 41 0 0 0 0 0 0 0 0 0 -1.96825 100 23 -0.00375666 100 21 0 0 0 0 0 0 0 0
7200 -265.555 -1.33962 100 35 0 0 0 0 0 0 0 0 0 -1.76154 100 24 -0.193276 100 17 0 0 0 0 0 0 0 0
7300 -265.277 -1.86059 100 46 0 0 0 0 0 0 0 0 0 -1.95663 100 19 0.0716968 100 19 0 0 0 0 0 0 0 0
7400 -266.013 -1.13855 100 44 0 0 0 0 0 0 0 0 0 -1.79249 100 20 0.0889693 100 19 0 0 0 0 0 0 0 0
7500 -267.202 -1.14758 100 35 0 0 0 0 0 0 0 0 0 -2.37257 100 20 0.58152 100 15 0 0 0 0 0 0 0 0
7600 -269.017 -0.478823 100 31 0 0 0 0 0 0 0 0 0 -2.01761 100 31 -0.329842 100 20 0 0 0 0 0 0 0 0
7700 -266.835 -1.40995 100 39 0 0 0 0 0 0 0 0 0 -1.68716 100 20 0.0381354 100 14 0 0 0 0 0 0 0 0
7800 -265.782 -1.29427 100 34 0 0 0 0 0 0 0 0 0 -2.0072 100 13 0.347491 100 23 0 0 0 0 0 0 0 0
7900 -266.057 -1.86636 100 47 0 0 0 0 0 0 0 0 0 -1.90646 100 19 -0.224224 100 22 0 0 0 0 0 0 0 0
8000 -265.418 -1.78451 100 41 0 0 0 0 0 0 0 0 0 -2.0434 100 23 0.185418 100 32 0 0 0 0 0 0 0 0
8100 -267.078 -1.84713 100 31 0 0 0 0 0 0 0 0 0 -1.72317 100 18 -0.481723 100 14 0 0 0 0 0 0 0 0
8200 -265.454 -1.63753 100 33 0 0 0 0 0 0 0 0 0 -2.05788 100 16 0.0693289 100 16 0 0 0 0 0 0 0 0
8300 -265.931 -1.41114 100 29 0 0 0 0 0 0 0 0 0 -1.79407 100 15 -0.310172 100 17 0 0 0 0 0 0 0 0
8400 -269.376 -2.98159 100 32 0 0 0 0 0 0 0 0 0 -2.09523 100 15 0.500249 100 14 0 0 0 0 0 0 0 0
8500 -266.409 -0.929516 100 35 0 0 0 0 0 0 0 0 0 -2.08177 100 29 0.459414 100 23 0 0 0 0 0 0 0 0
8600 -265.491 -0.955643 100 41 0 0 0 0 0 0 0 0 0 -2.06052 100 28 0.302068 100 10 0 0 0 0 0 0 0 0
8700 -267.169 -0.735793 100 34 0 0 0 0 0 0 0 0 0 -2.24724 100 26 0.0922959 100 12 0 0 0 0 0 0 0 0
8800 -265.567 -1.67815 100 34 0 0 0 0 0 0 0 0 0 -2.06215 100 27 0.295825 100 13 0 0 0 0 0 0 0 0
8900 -270.435 0.172588 100 40 0 0 0 0 0 0 0 0 0 -2.50073 100 31 0.542796 100 16 0 0 0 0 0 0 0 0
9000 -265.787 -0.651448 100 33 0 0 0 0 0 0 0 0 0 -2.07959 100 18 0.214456 100 19 0 0 0 0 0 0 0 0
9100 -265.175 -1.62955 100 37 0 0 0 0 0 0 0 0 0 -1.9637 100 30 -0.0107429 100 17 0 0 0 0 0 0 0 0
9200 -266.373 -0.7674 100 30 0 0 0 0 0 0 0 0 0 -2.00347 100 17 0.353591 100 19 0 0 0 0 0 0 0 0
9300 -265.832 -0.837683 100 34 0 0 0 0 0 0 0 0 0 -1.92604 100 24 -0.115863 100 14 0 0 0 0 0 0 0 0
9400 -265.017 -1.44201 100 32 0 0 0 0 0 0 0 0 0 -1.99639 100 24 0.143888 100 24 0 0 0 0 0 0 0 0
9500 -265.11 -1.57496 100 32 0 0 0 0 0 0 0 0 0 -1.93089 100 22 -0.0403001 100 22 0 0 0 0 0 0 0 0
9600 -266.332 -1.95248 100 42 0 0 0 0 0 0 0 0 0 -1.81079 100 23 -0.328915 100 14 0 0 0 0 0 0 0 0
9700 -268.223 -0.567435 100 36 0 0 0 0 0 0 0 0 0 -2.00022 100 23 -0.297145 100 14 0 0 0 0 0 0 0 0
9800 -266.1 -1.84997 100 40 0 0 0 0 0 0 0 0 0 -1.88114 100 14 0.231783 100 13 0 0 0 0 0 0 0 0
9900 -267.17 -2.53946 100 39 0 0 0 0 0 0 0 0 0 -1.81959 100 28 0.16273 100 15 0 0 0 0 0 0 0 0
10000 -266.928 -2.47826 100 39 0 0 0 0 0 0 0 0 0 -2.05578 100 21 0.306052 100 14 0 0 0 0 0 0 0 0
10100 -265.521 -1.36161 100 38 0 0 0 0 0 0 0 0 0 -1.87013 100 15 -0.203698 100 14 0 0 0 0 0 0 0 0
10200 -267.313 -2.40998 100 40 0 0 0 0 0 0 0 0 0 -1.78309 100 21 -0.391423 100 12 0 0 0 0 0 0 0 0
10300 -265.087 -1.57881 100 31 0 0 0 0 0 0 0 0 0 -1.97989 100 24 0.147925 100 13 0 0 0 0 0 0 0 0
10400 -267.051 -2.45404 100 45 0 0 0 0 0 0 0 0 0 -1.74655 100 24 -0.356766 100 26 0 0 0 0 0 0 0 0
10500 -265.207 -1.26939 100 36 0 0 0 0 0 0 0 0 0 -2.01381 100 24 0.245224 100 20 0 0 0 0 0 0 0 0
10600 -268.084 -3.23021 100 32 0 0 0 0 0 0 0 0 0 -1.74149 100 24 -0.145576 100 13 0 0 0 0 0 0 0 0
10700 -267.219 -0.657413 100 37 0 0 0 0 0 0 0 0 0 -2.38077 100 16 0.46569 100 24 0 0 0 0 0 0 0 0
10800 -267.233 -0.264506 100 38 0 0 0 0 0 0 0 0 0 -2.1326 100 18 0.15224 100 16 0 0 0 0 0 0 0 0
10900 -265.347 -1.30386 100 43 0 0 0 0 0 0 0 0 0 -2.09685 100 21 0.297433 100 18 0 0 0 0 0 0 0 0
11000 -266.135 -1.36629 100 37 0 0 0 0 0 0 0 0 0 -1.73098 100 22 0.022151 100 16 0 0 0 0 0 0 0 0
11100 -267.066 -0.820631 100 39 0 0 0 0 0 0 0 0 0 -2.31979 100 18 0.609217 100 19 0 0 0 0 0 0 0 0
11200 -266.685 -1.22021 100 41 0 0 0 0 0 0 0 0 0 -1.75635 100 23 -0.410529 100 15 0 0 0 0 0 0 0 0
11300 -265.324 -1.69958 100 39 0 0 0 0 0 0 0 0 0 -1.87479 100 28 0.109989 100 22 0 0 0 0 0 0 0 0
11400 -267.801 -2.05369 100 33 0 0 0 0 0 0 0 0 0 -1.93447 100 25 0.423493 100 19 0 0 0 0 0 0 0 0
11500 -266.133 -0.708206 100 35 0 0 0 0 0 0 0 0 0 -1.89446 100 21 0.123572 100 20 0 0 0 0 0 0 0 0
11600 -266.207 -1.17889 100 34 0 0 0 0 0 0 0 0 0 -2.2701 100 20 0.397836 100 23 0 0 0 0 0 0 0 0
11700 -267.085 -0.962197 100 33 0 0 0 0 0 0 0 0 0 -2.38059 100 23 0.501105 100 22 0 0 0 0 0 0 0 0
11800 -270.368 -1.68987 100 31 0 0 0 0 0 0 0 0 0 -2.39594 100 29 0.89523 100 12 0 0 0 0 0 0 0 0
11900 -265.825 -0.933831 100 39 0 0 0 0 0 0 0 0 0 -2.05567 100 14 0.361457 100 13 0 0 0 0 0 0 0 0
12000 -266.733 -0.757884 100 42 0 0 0 0 0 0 0 0 0 -2.01993 100 19 0.411288 100 14 0 0 0 0 0 0 0 0
12100 -266.997 -2.45771 100 38 0 0 0 0 0 0 0 0 0 -1.84345 100 22 -0.288534 100 14 0 0 0 0 0 0 0 0
12200 -265.665 -1.42477 100 41 0 0 0 0 0 0 0 0 0 -1.93876 100 26 0.268789 100 16 0 0 0 0 0 0 0 0
12300 -265.712 -0.705345 100 40 0 0 0 0 0 0 0 0 0 -2.07121 100 19 0.12307 100 18 0 0 0 0 0 0 0 0
12400 -269.102 -0.0931928 100 37 0 0 0 0 0 0 0 0 0 -2.45655 100 22 0.471452 100 18 0 0 0 0 0 0 0 0
12500 -265.242 -1.84784 100 40 0 0 0 0 0 0 0 0 0 -1.94027 100 23 0.0500518 100 23 0 0 0 0 0 0 0 0
12600 -266.577 -2.10973 100 46 0 0 0 0 0 0 0 0 0 -2.14479 100 24 0.359656 100 13 0 0 0 0 0 0 0 0
12700 -267.538 -2.9193 100 38 0 0 0 0 0 0 0 0 0 -1.89114 100 26 -0.159402 100 22 0 0 0 0 0 0 0 0
12800 -268.443 -3.31482 100 37 0 0 0 0 0 0 0 0 0 -2.00171 100 24 0.0703261 100 8 0 0 0 0 0 0 0 0
12900 -266.928 -1.26911 100 41 0 0 0 0 0 0 0 0 0 -2.17515 100 26 0.578512 100 24 0 0 0 0 0 0 0 0
13000 -266.572 -2.52816 100 38 0 0 0 0 0 0 0 0 0 -1.76463 100 28 -0.203759 100 20 0 0 0 0 0 0 0 0
13100 -266.93 -2.24528 100 36 0 0 0 0 0 0 0 0 0 -1.80047 100 19 0.17392 100 17 0 0 0 0 0 0 0 0
13200 -265.929 -1.1136 100 27 0 0 0 0 0 0 0 0 0 -2.10691 100 20 0.427465 100 11 0 0 0 0 0 0 0 0
13300 -266.037 -1.26077 100 44 0 0 0 0 0 0 0 0 0 -1.70218 100 21 -0.122594 100 19 0 0 0 0 0 0 0 0
13400 -267.554 -1.59862 100 30 0 0 0 0 0 0 0 0 0 -1.57225 100 26 -0.128799 100 20 0 0 0 0 0 0 0 0
13500 -267.781 -1.83282 100 37 0 0 0 0 0 0 0 0 0 -1.57721 100 22 -0.0785481 100 18 0 0 0 0 0 0 0 0
13600 -268.146 -2.09451 100 33 0 0 0 0 0 0 0 0 0 -1.56321 100 24 -0.0857757 100 15 0 0 0 0 0 0 0 0
13700 -266.136 -1.33643 100 36 0 0 0 0 0 0 0 0 0 -2.14413 100 29 0.0372572 100 21 0 0 0 0 0 0 0 0
13800 -265.522 -1.87591 100 37 0 0 0 0 0 0 0 0 0 -1.81405 100 24 0.0294577 100 22 0 0 0 0 0 0 0 0
13900 -267.209 -1.35056 100 38 0 0 0 0 0 0 0 0 0 -1.57925 100 31 -0.254111 100 22 0 0 0 0 0 0 0 0
14000 -265.89 -1.88381 100 37 0 0 0 0 0 0 0 0 0 -2.10614 100 27 0.288362 100 19 0 0 0 0 0 0 0 0
14100 -265.087 -1.67071 100 34 0 0 0 0 0 0 0 0 0 -1.91441 100 15 -0.0106409 100 12 0 0 0 0 0 0 0 0
14200 -266.141 -1.07674 100 36 0 0 0 0 0 0 0 0 0 -2.26367 100 22 0.355673 100 13 0 0 0 0 0 0 0 0
14300 -265.545 -1.11941 100 26 0 0 0 0 0 0 0 0 0 -1.79277 100 23 -0.115752 100 18 0 0 0 0 0 0 0 0
14400 -265.743 -1.25975 100 32 0 0 0 0 0 0 0 0 0 -1.98169 100 23 0.3201 100 16 0 0 0 0 0 0 0 0
14500 -266.732 -1.26283 100 37 0 0 0 0 0 0 0 0 0 -2.1634 100 22 -0.0220068 100 18 0 0 0 0 0 0 0 0
14600 -265.766 -2.05025 100 36 0 0 0 0 0 0 0 0 0 -1.94585 100 19 0.19024 100 17 0 0 0 0 0 0 0 0
14700 -266.961 -2.69984 100 29 0 0 0 0 0 0 0 0 0 -1.7289 100 21 -0.191757 100 10 0 0 0 0 0 0 0 0
14800 -265.11 -1.1921 100 39 0 0 0 0 0 0 0 0 0 -1.88512 100 25 -0.0437716 100 18 0 0 0 0 0 0 0 0
14900 -267.555 -2.8127 100 34 0 0 0 0 0 0 0 0 0 -1.75838 100 19 0.052195 100 19 0 0 0 0 0 0 0 0
15000 -268.606 -0.141796 100 42 0 0 0 0 0 0 0 0 0 -2.19644 100 30 0.0523095 100 17 0 0 0 0 0 0 0 0
15100 -266.122 -0.719176 100 36 0 0 0 0 0 0 0 0 0 -2.22913 100 21 0.361063 100 20 0 0 0 0 0 0 0 0
15200 -267.866 -3.1935 100 37 0 0 0 0 0 0 0 0 0 -1.92225 100 28 0.0423045 100 21 0 0 0 0 0 0 0 0
15300 -265.456 -1.10839 100 38 0 0 0 0 0 0 0 0 0 -1.92126 100 21 0.193526 100 20 0 0 0 0 0 0 0 0
15400 -266.038 -1.07577 100 30 0 0 0 0 0 0 0 0 0 -1.73129 100 17 -0.150281 100 18 0 0 0 0 0 0 0 0
15500 -266.405 -2.48463 100 33 0 0 0 0 0 0 0 0 0 -1.77115 100 27 -0.0643647 100 11 0 0 0 0 0 0 0 0
15600 -266.415 -1.44206 100 28 0 0 0 0 0 0 0 0 0 -2.26858 100 26 0.333994 100 16 0 0 0 0 0 0 0 0
15700 -267.585 -1.43687 100 38 0 0 0 0 0 0 0 0 0 -1.70913 100 28 0.158672 100 13 0 0 0 0 0 0 0 0
15800 -267.264 -2.55189 100 40 0 0 0 0 0 0 0 0 0 -1.69587 100 18 -0.0180872 100 14 0 0 0 0 0 0 0 0
15900 -265.477 -1.03532 100 44 0 0 0 0 0 0 0 0 0 -1.83555 100 23 -0.0966093 100 21 0 0 0 0 0 0 0 0
16000 -266.101 -0.767637 100 39 0 0 0 0 0 0 0 0 0 -2.0033 100 17 0.314253 100 15 0 0 0 0 0 0 0 0
16100 -268.988 -1.62613 100 36 0 0 0 0 0 0 0 0 0 -2.39933 100 23 0.224498 100 17 0 0 0 0 0 0 0 0
16200 -265.675 -0.939547 100 43 0 0 0 0 0 0 0 0 0 -1.82607 100 16 -0.0531047 100 24 0 0 0 0 0 0 0 0
16300 -266.438 -2.27554 100 40 0 0 0 0 0 0 0 0 0 -1.68393 100 17 -0.192157 100 18 0 0 0 0 0 0 0 0
16400 -265.953 -1.5025 100 33 0 0 0 0 0 0 0 0 0 -1.95389 100 27 0.3184 100 17 0 0 0 0 0 0 0 0
16500 -267.199 -2.87734 100 38 0 0 0 0 0 0 0 0 0 -1.78703 100 32 -0.166331 100 22 0 0 0 0 0 0 0 0
16600 -266.692 -1.28675 100 35 0 0 0 0 0 0 0 0 0 -1.84639 100 21 -0.385276 100 14 0 0 0 0 0 0 0 0
16700 -269.186 -1.62162 100 29 0 0 0 0 0 0 0 0 0 -1.43375 100 33 -0.517497 100 18 0 0 0 0 0 0 0 0
16800 -265.288 -1.76759 100 35 0 0 0 0 0 0 0 0 0 -1.85642 100 35 0.0544741 100 16 0 0 0 0 0 0 0 0
16900 -265.432 -1.47622 100 33 0 0 0 0 0 0 0 0 0 -1.76021 100 12 -0.134553 100 18 0 0 0 0 0 0 0 0
17000 -273.462 0.490758 100 43 0 0 0 0 0 0 0 0 0 -2.69498 100 30 0.792374 100 15 0 0 0 0 0 0 0 0
17100 -265.297 -1.66704 100 37 0 0 0 0 0 0 0 0 0 -2.03494 100 23 0.093586 100 22 0 0 0 0 0 0 0 0
17200 -265.116 -1.60515 100 40 0 0 0 0 0 0 0 0 0 -1.93578 100 24 -0.0299117 100 11 0 0 0 0 0 0 0 0
17300 -267.466 -0.711573 100 42 0 0 0 0 0 0 0 0 0 -2.15339 100 26 -0.0883776 100 16 0 0 0 0 0 0 0 0
17400 -266.441 -1.42113 100 33 0 0 0 0 0 0 0 0 0 -1.63629 100 16 -0.223636 100 11 0 0 0 0 0 0 0 0
17500 -266.193 -0.736944 100 46 0 0 0 0 0 0 0 0 0 -1.8765 100 24 -0.143665 100 22 0 0 0 0 0 0 0 0
17600 -265.103 -1.37673 100 53 0 0 0 0 0 0 0 0 0 -1.89576 100 22 -0.081804 100 18 0 0 0 0 0 0 0 0
17700 -265.672 -1.9045 100 38 0 0 0 0 0 0 0 0 0 -1.84691 100 27 0.112227 100 22 0 0 0 0 0 0 0 0
17800 -266.342 -0.709091 100 38 0 0 0 0 0 0 0 0 0 -2.19181 100 24 0.140769 100 19 0 0 0 0 0 0 0 0
17900 -266.243 -1.06048 100 36 0 0 0 0 0 0 0 0 0 -2.17885 100 27 0.0778998 100 26 0 0 0 0 0 0 0 0
18000 -266.666 -0.475194 100 37 0 0 0 0 0 0 0 0 0 -2.00144 100 21 -0.0254911 100 18 0 0 0 0 0 0 0 0
18100 -267.128 -0.517106 100 26 0 0 0 0 0 0 0 0 0 -2.12756 100 23 -0.0226714 100 16 0 0 0 0 0 0 0 0
18200 -268.417 -1.9688 100 34 0 0 0 0 0 0 0 0 0 -1.7592 100 21 0.281837 100 20 0 0 0 0 0 0 0 0
18300 -265.378 -1.53244 100 32 0 0 0 0 0 0 0 0 0 -1.94436 100 24 0.220445 100 12 0 0 0 0 0 0 0 0
18400 -267.768 -0.257762 100 42 0 0 0 0 0 0 0 0 0 -2.20919 100 29 0.515095 100 17 0 0 0 0 0 0 0 0
18500 -265.915 -1.90225 100 40 0 0 0 0 0 0 0 0 0 -2.09788 100 28 0.126657 100 18 0 0 0 0 0 0 0 0
18600 -265.195 -1.28323 100 38 0 0 0 0 0 0 0 0 0 -1.89177 100 22 0.117824 100 20 0 0 0 0 0 0 0 0
18700 -266.496 -0.992792 100 30 0 0 0 0 0 0 0 0 0 -1.95772 100 19 -0.245522 100 15 0 0 0 0 0 0 0 0
18800 -265.118 -1.6411 100 33 0 0 0 0 0 0 0 0 0 -1.86098 100 22 -0.0636271 100 20 0 0 0 0 0 0 0 0
18900 -265.501 -1.67571 100 43 0 0 0 0 0 0 0 0 0 -1.77383 100 33 -0.0208284 100 15 0 0 0 0 0 0 0 0
19000 -266.123 -1.75247 100 37 0 0 0 0 0 0 0 0 0 -1.70941 100 31 -0.336014 100 19 0 0 0 0 0 0 0 0
19100 -268.082 -2.06084 100 27 0 0 0 0 0 0 0 0 0 -1.49833 100 21 -0.415605 100 15 0 0 0 0 0 0 0 0
19200 -265.51 -1.77463 100 38 0 0 0 0 0 0 0 0 0 -1.941 100 23 -0.101682 100 14 0 0 0 0 0 0 0 0
19300 -265.457 -1.02997 100 42 0 0 0 0 0 0 0 0 0 -2.14115 100 27 0.223673 100 13 0 0 0 0 0 0 0 0
19400 -269.156 -2.10938 100 36 0 0 0 0 0 0 0 0 0 -2.3131 100 25 0.716988 100 12 0 0 0 0 0 0 0 0
19500 -266.248 -2.02978 100 39 0 0 0 0 0 0 0 0 0 -1.92443 100 21 -0.202014 100 14 0 0 0 0 0 0 0 0
19600 -265.675 -0.807596 100 35 0 0 0 0 0 0 0 0 0 -1.98005 100 27 0.218115 100 18 0 0 0 0 0 0 0 0
19700 -267.067 -1.56543 100 28 0 0 0 0 0 0 0 0 0 -1.88521 100 28 -0.399399 100 17 0 0 0 0 0 0 0 0
19800 -265.71 -2.13425 100 35 0 0 0 0 0 0 0 0 0 -1.83121 100 28 -0.119048 100 21 0 0 0 0 0 0 0 0
19900 -265.183 -1.43322 100 36 0 0 0 0 0 0 0 0 0 -2.04256 100 30 0.231813 100 25 0 0 0 0 0 0 0 0
20000 -266.925 -0.753791 100 33 0 0 0 0 0 0 0 0 0 -1.80009 100 14 0.108355 100 20 0 0 0 0 0 0 0 0
20100 -265.149 -1.59225 100 34 0 0 0 0 0 0 0 0 0 -1.97946 100 26 0.0139113 100 18 0 0 0 0 0 0 0 0
20200 -266.659 -2.13373 100 48 0 0 0 0 0 0 0 0 0 -1.88197 100 30 0.256501 100 19 0 0 0 0 0 0 0 0
20300 -266.785 -0.539194 100 33 0 0 0 0 0 0 0 0 0 -2.22942 100 23 0.498235 100 20 0 0 0 0 0 0 0 0
20400 -265.825 -1.14531 100 35 0 0 0 0 0 0 0 0 0 -2.03376 100 18 -0.0875756 100 21 0 0 0 0 0 0 0 0
20500 -265.246 -1.29592 100 29 0 0 0 0 0 0 0 0 0 -2.09763 100 26 0.230521 100 16 0 0 0 0 0 0 0 0
20600 -265.649 -1.68048 100 33 0 0 0 0 0 0 0 0 0 -1.87474 100 24 -0.211102 100 18 0 0 0 0 0 0 0 0
20700 -266.339 -2.27018 100 37 0 0 0 0 0 0 0 0 0 -1.91172 100 19 -0.165303 100 17 0 0 0 0 0 0 0 0
20800 -265.018 -1.36397 100 40 0 0 0 0 0 0 0 0 0 -2.01694 100 25 0.136326 100 20 0 0 0 0 0 0 0 0
20900 -267.264 -2.66441 100 34 0 0 0 0 0 0 0 0 0 -1.98656 100 19 -0.086477 100 15 0 0 0 0 0 0 0 0
21000 -265.706 -1.36081 100 42 0 0 0 0 0 0 0 0 0 -2.0127 100 26 0.34018 100 24 0 0 0 0 0 0 0 0
21100 -265.3 -1.58325 100 39 0 0 0 0 0 0 0 0 0 -2.06754 100 24 0.212526 100 16 0 0 0 0 0 0 0 0
21200 -265.949 -1.6195 100 35 0 0 0 0 0 0 0 0 0 -1.71823 100 21 -0.306951 100 16 0 0 0 0 0 0 0 0
21300 -265.47 -1.50795 100 33 0 0 0 0 0 0 0 0 0 -1.92106 100 22 -0.153735 100 18 0 0 0 0 0 0 0 0
21400 -265.81 -1.10583 100 33 0 0 0 0 0 0 0 0 0 -1.75918 100 30 -0.176414 100 17 0 0 0 0 0 0 0 0
21500 -266.085 -1.69739 100 33 0 0 0 0 0 0 0 0 0 -1.77376 100 23 -0.337472 100 24 0 0 0 0 0 0 0 0
21600 -266.451 -1.52203 100 32 0 0 0 0 0 0 0 0 0 -1.84482 100 27 -0.362504 100 17 0 0 0 0 0 0 0 0
21700 -265.967 -0.657127 100 41 0 0 0 0 0 0 0 0 0 -2.09693 100 24 0.0998201 100 10 0 0 0 0 0 0 0 0
21800 -265.184 -0.970131 100 40 0 0 0 0 0 0 0 0 0 -1.98735 100 18 0.0814408 100 14 0 0 0 0 0 0 0 0
21900 -265.867 -1.29632 100 35 0 0 0 0 0 0 0 0 0 -2.05347 100 27 0.391718 100 14 0 0 0 0 0 0 0 0
22000 -266.249 -1.66068 100 40 0 0 0 0 0 0 0 0 0 -2.20359 100 27 0.409404 100 12 0 0 0 0 0 0 0 0
22100 -270.015 -2.8919 100 27 0 0 0 0 0 0 0 0 0 -2.14445 100 19 -0.12199 100 20 0 0 0 0 0 0 0 0
22200 -265.684 -0.813198 100 39 0 0 0 0 0 0 0 0 0 -2.15332 100 18 0.234771 100 18 0 0 0 0 0 0 0 0
22300 -265.343 -1.61281 100 38 0 0 0 0 0 0 0 0 0 -2.07086 100 30 0.219505 100 23 0 0 0 0 0 0 0 0
22400 -265.163 -1.0973 100 39 0 0 0 0 0 0 0 0 0 -2.01863 100 25 0.0543 100 15 0 0 0 0 0 0 0 0
22500 -266.231 -1.58401 100 41 0 0 0 0 0 0 0 0 0 -2.21112 100 26 0.226455 100 15 0 0 0 0 0 0 0 0
22600 -265.116 -1.34406 100 30 0 0 0 0 0 0 0 0 0 -1.8636 100 27 -0.0880534 100 16 0 0 0 0 0 0 0 0
22700 -265.617 -1.0544 100 43 0 0 0 0 0 0 0 0 0 -1.85006 100 22 0.0986059 100 16 0 0 0 0 0 0 0 0
22800 -266.07 -0.816296 100 23 0 0 0 0 0 0 0 0 0 -2.08182 100 29 -0.0134328 100 21 0 0 0 0 0 0 0 0
22900 -265.169 -1.28319 100 36 0 0 0 0 0 0 0 0 0 -1.84451 100 22 -0.0878788 100 23 0 0 0 0 0 0 0 0
23000 -267.907 -2.57559 100 40 0 0 0 0 0 0 0 0 0 -1.57641 100 28 -0.403119 100 16 0 0 0 0 0 0 0 0
23100 -268.275 -0.529678 100 36 0 0 0 0 0 0 0 0 0 -2.48517 100 17 0.592723 100 16 0 0 0 0 0 0 0 0
23200 -265.151 -1.39272 100 39 0 0 0 0 0 0 0 0 0 -1.83883 100 23 -0.0997431 100 19 0 0 0 0 0 0 0 0
23300 -267.164 -1.83366 100 43 0 0 0 0 0 0 0 0 0 -1.91849 100 22 0.380302 100 18 0 0 0 0 0 0 0 0
23400 -266.134 -0.567244 100 41 0 0 0 0 0 0 0 0 0 -2.16268 100 24 0.292508 100 18 0 0 0 0 0 0 0 0
23500 -265.111 -1.51668 100 36 0 0 0 0 0 0 0 0 0 -1.99641 100 14 0.183095 100 16 0 0 0 0 0 0 0 0
23600 -265.567 -1.4368 100 31 0 0 0 0 0 0 0 0 0 -1.84438 100 16 0.13731 100 16 0 0 0 0 0 0 0 0
23700 -266.073 -1.52508 100 31 0 0 0 0 0 0 0 0 0 -2.21582 100 16 0.298919 100 11 0 0 0 0 0 0 0 0
23800 -266.394 -2.13488 100 46 0 0 0 0 0 0 0 0 0 -1.71745 100 22 -0.0165096 100 16 0 0 0 0 0 0 0 0
23900 -265.193 -1.04024 100 29 0 0 0 0 0 0 0 0 0 -2.06531 100 34 0.194412 100 20 0 0 0 0 0 0 0 0
24000 -265.184 -1.23146 100 39 0 0 0 0 0 0 0 0 0 -1.84145 100 30 -0.0530764 100 18 0 0 0 0 0 0 0 0
24100 -265.342 -0.90023 100 39 0 0 0 0 0 0 0 0 0 -1.93997 100 25 0.0800599 100 22 0 0 0 0 0 0 0 0
24200 -265.794 -0.872286 100 37 0 0 0 0 0 0 0 0 0 -1.88853 100 24 -0.1324 100 16 0 0 0 0 0 0 0 0
24300 -267.136 -2.02008 100 39 0 0 0 0 0 0 0 0 0 -2.11631 100 22 -0.0480189 100 24 0 0 0 0 0 0 0 0
24400 -267.608 -1.49357 100 40 0 0 0 0 0 0 0 0 0 -1.55019 100 20 -0.458601 100 16 0 0 0 0 0 0 0 0
24500 -265.669 -1.79034 100 41 0 0 0 0 0 0 0 0 0 -2.04514 100 27 0.288822 100 21 0 0 0 0 0 0 0 0
24600 -265.193 -1.73056 100 32 0 0 0 0 0 0 0 0 0 -1.96131 100 22 0.135401 100 14 0 0 0 0 0 0 0 0
24700 -266.528 -1.02729 100 31 0 0 0 0 0 0 0 0 0 -1.75413 100 23 -0.335425 100 15 0 0 0 0 0 0 0 0
24800 -265.909 -1.61971 100 34 0 0 0 0 0 0 0 0 0 -1.81372 100 19 0.142242 100 18 0 0 0 0 0 0 0 0
24900 -266.341 -1.18728 100 36 0 0 0 0 0 0 0 0 0 -1.68939 100 21 -0.293852 100 21 0 0 0 0 0 0 0 0
25000 -265.157 -1.49987 100 42 0 0 0 0 0 0 0 0 0 -1.9891 100 25 0.202087 100 17 0 0 0 0 0 0 0 0
25100 -268.623 -2.12105 100 39 0 0 0 0 0 0 0 0 0 -1.9553 100 30 0.492867 100 18 0 0 0 0 0 0 0 0
25200 -265.956 -1.26772 100 44 0 0 0 0 0 0 0 0 0 -1.725 100 29 -0.26632 100 19 0 0 0 0 0 0 0 0
25300 -265.377 -1.72826 100 33 0 0 0 0 0 0 0 0 0 -1.83428 100 22 -0.161714 100 25 0 0 0 0 0 0 0 0
25400 -269.131 -3.07028 100 38 0 0 0 0 0 0 0 0 0 -1.61265 100 22 -0.0612558 100 13 0 0 0 0 0 0 0 0
25500 -265.811 -0.991957 100 37 0 0 0 0 0 0 0 0 0 -2.06806 100 18 -0.0225192 100 15 0 0 0 0 0 0 0 0
25600 -267.453 -0.630297 100 43 0 0 0 0 0 0 0 0 0 -1.85219 100 23 -0.308562 100 15 0 0 0 0 0 0 0 0
25700 -268.886 -2.60524 100 38 0 0 0 0 0 0 0 0 0 -2.29295 100 24 0.302036 100 25 0 0 0 0 0 0 0 0
25800 -265.766 -0.758422 100 44 0 0 0 0 0 0 0 0 0 -2.06076 100 24 0.299521 100 22 0 0 0 0 0 0 0 0
25900 -266.494 -1.26129 100 39 0 0 0 0 0 0 0 0 0 -1.76004 100 20 0.119572 100 18 0 0 0 0 0 0 0 0
26000 -267.356 -0.696681 100 36 0 0 0 0 0 0 0 0 0 -2.25448 100 27 0.630592 100 22 0 0 0 0 0 0 0 0
26100 -266.862 -0.375064 100 39 0 0 0 0 0 0 0 0 0 -2.2101 100 27 0.393733 100 19 0 0 0 0 0 0 0 0
26200 -266.696 -1.16354 100 38 0 0 0 0 0 0 0 0 0 -2.0261 100 23 0.461137 100 21 0 0 0 0 0 0 0 0
26300 -265.359 -1.4063 100 31 0 0 0 0 0 0 0 0 0 -1.87574 100 32 0.142595 100 18 0 0 0 0 0 0 0 0
26400 -265.773 -1.41842 100 33 0 0 0 0 0 0 0 0 0 -2.0704 100 24 0.381133 100 21 0 0 0 0 0 0 0 0
26500 -268.541 -1.86922 100 37 0 0 0 0 0 0 0 0 0 -1.47893 100 21 -0.273319 100 19 0 0 0 0 0 0 0 0
26600 -266.408 -0.574027 100 38 0 0 0 0 0 0 0 0 0 -2.19236 100 32 0.188511 100 12 0 0 0 0 0 0 0 0
26700 -265.11 -1.53105 100 31 0 0 0 0 0 0 0 0 0 -1.96324 100 22 -0.0101173 100 17 0 0 0 0 0 0 0 0
26800 -271.288 -0.202412 100 36 0 0 0 0 0 0 0 0 0 -1.75251 100 25 -0.442738 100 18 0 0 0 0 0 0 0 0
26900 -267.686 -1.51429 100 32 0 0 0 0 0 0 0 0 0 -2.37297 100 21 0.618424 100 24 0 0 0 0 0 0 0 0
27000 -265.345 -1.19743 100 41 0 0 0 0 0 0 0 0 0 -1.81307 100 32 -0.0420024 100 15 0 0 0 0 0 0 0 0
27100 -265.377 -1.15647 100 40 0 0 0 0 0 0 0 0 0 -2.13303 100 25 0.238422 100 19 0 0 0 0 0 0 0 0
27200 -265.618 -1.0462 100 46 0 0 0 0 0 0 0 0 0 -2.1477 100 22 0.158304 100 13 0 0 0 0 0 0 0 0
27300 -266.569 -1.95123 100 45 0 0 0 0 0 0 0 0 0 -2.18005 100 22 0.183548 100 22 0 0 0 0 0 0 0 0
27400 -267.406 -1.00464 100 33 0 0 0 0 0 0 0 0 0 -2.11504 100 23 -0.170263 100 18 0 0 0 0 0 0 0 0
27500 -268.35 -2.26827 100 37 0 0 0 0 0 0 0 0 0 -2.27748 100 28 0.580001 100 21 0 0 0 0 0 0 0 0
27600 -268.538 -1.13122 100 43 0 0 0 0 0 0 0 0 0 -2.38639 100 20 0.181981 100 24 0 0 0 0 0 0 0 0
27700 -265.934 -2.20283 100 34 0 0 0 0 0 0 0 0 0 -1.84931 100 24 -0.156854 100 25 0 0 0 0 0 0 0 0
27800 -267.788 -1.19846 100 42 0 0 0 0 0 0 0 0 0 -2.03639 100 19 -0.315494 100 22 0 0 0 0 0 0 0 0
27900 -265.934 -1.4494 100 44 0 0 0 0 0 0 0 0 0 -1.68851 100 24 -0.18065 100 20 0 0 0 0 0 0 0 0
28000 -266.118 -1.09037 100 36 0 0 0 0 0 0 0 0 0 -2.23286 100 26 0.462847 100 24 0 0 0 0 0 0 0 0
28100 -265.597 -1.08171 100 45 0 0 0 0 0 0 0 0 0 -1.85772 100 23 -0.177645 100 20 0 0 0 0 0 0 0 0
28200 -266.807 -0.449233 100 35 0 0 0 0 0 0 0 0 0 -2.22413 100 17 0.450482 100 22 0 0 0 0 0 0 0 0
28300 -265.131 -1.49468 100 38 0 0 0 0 0 0 0 0 0 -1.96793 100 26 -0.0181311 100 19 0 0 0 0 0 0 0 0
28400 -265.338 -1.2489 100 34 0 0 0 0 0 0 0 0 0 -1.9766 100 21 -0.0716073 100 17 0 0 0 0 0 0 0 0
28500 -267.87 -2.58135 100 31 0 0 0 0 0 0 0 0 0 -1.82927 100 15 -0.387355 100 18 0 0 0 0 0 0 0 0
28600 -270.789 -1.14603 100 37 0 0 0 0 0 0 0 0 0 -2.51411 100 17 0.216148 100 13 0 0 0 0 0 0 0 0
28700 -269.614 0.118268 100 42 0 0 0 0 0 0 0 0 0 -2.22717 100 20 0.179166 100 25 0 0 0 0 0 0 0 0
28800 -267.988 -0.651198 100 33 0 0 0 0 0 0 0 0 0 -1.79676 100 25 -0.393005 100 14 0 0 0 0 0 0 0 0
28900 -266.187 -2.36525 100 36 0 0 0 0 0 0 0 0 0 -1.79102 100 20 -0.0172814 100 13 0 0 0 0 0 0 0 0
29000 -266.704 -2.4393 100 40 0 0 0 0 0 0 0 0 0 -2.00485 100 24 -0.0374434 100 19 0 0 0 0 0 0 0 0
29100 -266.654 -2.13558 100 38 0 0 0 0 0 0 0 0 0 -2.11241 100 24 0.385199 100 23 0 0 0 0 0 0 0 0
29200 -267.345 -1.17894 100 47 0 0 0 0 0 0 0 0 0 -2.39608 100 26 0.474649 100 25 0 0 0 0 0 0 0 0
29300 -265.436 -1.7078 100 34 0 0 0 0 0 0 0 0 0 -2.07289 100 36 0.199746 100 16 0 0 0 0 0 0 0 0
29400 -265.279 -1.20499 100 37 0 0 0 0 0 0 0 0 0 -2.02693 100 19 0.0110898 100 18 0 0 0 0 0 0 0 0
29500 -266.541 -1.40659 100 48 0 0 0 0 0 0 0 0 0 -1.91727 100 28 0.346531 100 24 0 0 0 0 0 0 0 0
29600 -265.583 -0.980503 100 38 0 0 0 0 0 0 0 0 0 -1.93017 100 29 0.199844 100 20 0 0 0 0 0 0 0 0
29700 -269.037 -0.306313 100 34 0 0 0 0 0 0 0 0 0 -1.8228 100 22 -0.283547 100 18 0 0 0 0 0 0 0 0
29800 -268.5 -1.61939 100 34 0 0 0 0 0 0 0 0 0 -2.45086 100 19 0.62273 100 15 0 0 0 0 0 0 0 0
29900 -266.79 -1.24388 100 36 0 0 0 0 0 0 0 0 0 -1.69922 100 15 0.0354616 100 14 0 0 0 0 0 0 0 0
30000 -269.261 -0.389047 100 37 0 0 0 0 0 0 0 0 0 -2.33005 100 19 0.052385 100 18 0 0 0 0 0 0 0 0
30100 -265.998 -1.28551 100 42 0 0 0 0 0 0 0 0 0 -2.01998 100 22 -0.136315 100 21 0 0 0 0 0 0 0 0
30200 -265.826 -1.80478 100 37 0 0 0 0 0 0 0 0 0 -1.96722 100 18 0.279383 100 16 0 0 0 0 0 0 0 0
30300 -265.865 -0.668083 100 41 0 0 0 0 0 0 0 0 0 -2.1383 100 20 0.221115 100 8 0 0 0 0 0 0 0 0
30400 -266.609 -2.61242 100 31 0 0 0 0 0 0 0 0 0 -1.90137 100 25 -0.0764763 100 18 0 0 0 0 0 0 0 0
30500 -267.268 -1.14378 100 40 0 0 0 0 0 0 0 0 0 -1.6277 100 26 -0.108315 100 17 0 0 0 0 0 0 0 0
30600 -268.095 -2.2912 100 38 0 0 0 0 0 0 0 0 0 -1.5135 100 17 -0.402771 100 25 0 0 0 0 0 0 0 0
30700 -265.984 -2.08016 100 48 0 0 0 0 0 0 0 0 0 -1.74273 100 23 -0.0488818 100 24 0 0 0 0 0 0 0 0
30800 -265.237 -0.977505 100 31 0 0 0 0 0 0 0 0 0 -2.00027 100 18 0.0461795 100 16 0 0 0 0 0 0 0 0
30900 -271.782 -3.95709 100 39 0 0 0 0 0 0 0 0 0 -1.70963 100 20 -0.536865 100 16 0 0 0 0 0 0 0 0
31000 -265.926 -1.82866 100 36 0 0 0 0 0 0 0 0 0 -2.07949 100 26 0.33868 100 25 0 0 0 0 0 0 0 0
31100 -265.309 -0.99161 100 37 0 0 0 0 0 0 0 0 0 -1.89107 100 25 0.0305703 100 19 0 0 0 0 0 0 0 0
31200 -266.018 -1.57862 100 33 0 0 0 0 0 0 0 0 0 -1.67833 100 31 -0.1476 100 10 0 0 0 0 0 0 0 0
31300 -267.587 -2.35633 100 31 0 0 0 0 0 0 0 0 0 -2.14158 100 20 0.0305684 100 17 0 0 0 0 0 0 0 0
31400 -266.519 -0.575508 100 34 0 0 0 0 0 0 0 0 0 -1.93539 100 19 0.192358 100 18 0 0 0 0 0 0 0 0
31500 -268.26 -3.30077 100 36 0 0 0 0 0 0 0 0 0 -1.95763 100 28 0.022555 100 17 0 0 0 0 0 0 0 0
31600 -265.143 -1.20411 100 31 0 0 0 0 0 0 0 0 0 -1.86098 100 27 -0.0405659 100 22 0 0 0 0 0 0 0 0
31700 -268.526 -3.01966 100 46 0 0 0 0 0 0 0 0 0 -2.10646 100 22 0.367931 100 15 0 0 0 0 0 0 0 0
31800 -265.22 -1.04081 100 41 0 0 0 0 0 0 0 0 0 -2.04459 100 29 0.0900614 100 18 0 0 0 0 0 0 0 0
31900 -267.245 -0.862679 100 37 0 0 0 0 0 0 0 0 0 -2.35573 100 24 0.62753 100 18 0 0 0 0 0 0 0 0
32000 -266.695 -0.967779 100 32 0 0 0 0 0 0 0 0 0 -2.01642 100 28 -0.20871 100 19 0 0 0 0 0 0 0 0
32100 -268.673 -3.07081 100 29 0 0 0 0 0 0 0 0 0 -1.81298 100 28 0.196953 100 14 0 0 0 0 0 0 0 0
32200 -267.296 -0.9841 100 45 0 0 0 0 0 0 0 0 0 -1.63699 100 27 -0.178803 100 23 0 0 0 0 0 0 0 0
32300 -267.539 -1.44264 100 39 0 0 0 0 0 0 0 0 0 -1.64761 100 23 -0.543561 100 23 0 0 0 0 0 0 0 0
32400 -267.083 -2.24089 100 37 0 0 0 0 0 0 0 0 0 -1.90572 100 22 0.307373 100 17 0 0 0 0 0 0 0 0
32500 -265.418 -1.30741 100 35 0 0 0 0 0 0 0 0 0 -2.04943 100 23 0.313364 100 25 0 0 0 0 0 0 0 0
32600 -267.139 -2.85517 100 52 0 0 0 0 0 0 0 0 0 -1.93642 100 31 -0.014215 100 19 0 0 0 0 0 0 0 0
32700 -267.819 -0.758728 100 42 0 0 0 0 0 0 0 0 0 -2.01766 100 27 -0.292629 100 21 0 0 0 0 0 0 0 0
32800 -268.511 -2.42191 100 38 0 0 0 0 0 0 0 0 0 -2.26332 100 23 0.558669 100 14 0 0 0 0 0 0 0 0
32900 -266.525 -1.99628 100 34 0 0 0 0 0 0 0 0 0 -1.85982 100 31 0.239505 100 17 0 0 0 0 0 0 0 0
33000 -265.586 -1.4821 100 34 0 0 0 0 0 0 0 0 0 -1.8428 100 20 -0.232509 100 15 0 0 0 0 0 0 0 0
33100 -268.296 -1.93884 100 37 0 0 0 0 0 0 0 0 0 -1.55465 100 22 -0.607998 100 20 0 0 0 0 0 0 0 0
33200 -266.198 -1.32335 100 40 0 0 0 0 0 0 0 0 0 -2.17348 100 23 0.0830111 100 25 0 0 0 0 0 0 0 0
33300 -265.088 -1.55945 100 39 0 0 0 0 0 0 0 0 0 -1.85331 100 24 -0.00214644 100 16 0 0 0 0 0 0 0 0
33400 -267.255 -1.13865 100 39 0 0 0 0 0 0 0 0 0 -2.24927 100 21 0.0609655 100 21 0 0 0 0 0 0 0 0
33500 -267.296 -0.249663 100 35 0 0 0 0 0 0 0 0 0 -2.1554 100 22 0.178431 100 22 0 0 0 0 0 0 0 0
33600 -265.043 -1.21157 100 36 0 0 0 0 0 0 0 0 0 -2.03018 100 21 0.144117 100 21 0 0 0 0 0 0 0 0
33700 -265.89 -1.23405 100 25 0 0 0 0 0 0 0 0 0 -1.73818 100 23 -0.044851 100 17 0 0 0 0 0 0 0 0
33800 -265.103 -1.32384 100 36 0 0 0 0 0 0 0 0 0 -2.05297 100 22 0.189736 100 15 0 0 0 0 0 0 0 0
33900 -266.788 -1.07464 100 32 0 0 0 0 0 0 0 0 0 -1.66313 100 16 -0.305951 100 15 0 0 0 0 0 0 0 0
34000 -266.72 -2.01114 100 42 0 0 0 0 0 0 0 0 0 -2.15139 100 18 0.0917554 100 19 0 0 0 0 0 0 0 0
34100 -267.982 -1.18564 100 34 0 0 0 0 0 0 0 0 0 -1.5442 100 28 -0.308613 100 16 0 0 0 0 0 0 0 0
34200 -266.326 -0.800914 100 30 0 0 0 0 0 0 0 0 0 -1.97195 100 24 -0.164763 100 18 0 0 0 0 0 0 0 0
34300 -265.413 -1.19929 100 38 0 0 0 0 0 0 0 0 0 -2.03417 100 19 0.303546 100 17 0 0 0 0 0 0 0 0
34400 -265.321 -1.1896 100 38 0 0 0 0 0 0 0 0 0 -1.98437 100 28 -0.0539364 100 13 0 0 0 0 0 0 0 0
34500 -266.677 -0.522696 100 28 0 0 0 0 0 0 0 0 0 -1.89878 100 20 -0.0595598 100 19 0 0 0 0 0 0 0 0
34600 -266.077 -2.37372 100 41 0 0 0 0 0 0 0 0 0 -1.80729 100 30 -0.073895 100 22 0 0 0 0 0 0 0 0
34700 -265.577 -0.978643 100 33 0 0 0 0 0 0 0 0 0 -1.85756 100 23 0.067583 100 24 0 0 0 0 0 0 0 0
34800 -266.355 -0.925955 100 36 0 0 0 0 0 0 0 0 0 -1.95026 100 24 -0.220238 100 13 0 0 0 0 0 0 0 0
34900 -266.098 -1.25952 100 40 0 0 0 0 0 0 0 0 0 -1.76327 100 19 -0.323418 100 15 0 0 0 0 0 0 0 0
35000 -266.017 -0.957929 100 31 0 0 0 0 0 0 0 0 0 -1.78372 100 20 -0.00956143 100 14 0 0 0 0 0 0 0 0
35100 -265.274 -1.4275 100 38 0 0 0 0 0 0 0 0 0 -1.79418 100 19 -0.104216 100 19 0 0 0 0 0 0 0 0
35200 -266.586 -2.18732 100 32 0 0 0 0 0 0 0 0 0 -1.69967 100 33 -0.029348 100 20 0 0 0 0 0 0 0 0
35300 -265.302 -1.61938 100 33 0 0 0 0 0 0 0 0 0 -1.79516 100 19 -0.043692 100 16 0 0 0 0 0 0 0 0
35400 -266.068 -1.18148 100 36 0 0 0 0 0 0 0 0 0 -2.23779 100 27 0.271064 100 18 0 0 0 0 0 0 0 0
35500 -266.155 -1.88608 100 26 0 0 0 0 0 0 0 0 0 -1.66599 100 21 -0.194246 100 17 0 0 0 0 0 0 0 0
35600 -266.651 -0.60626 100 34 0 0 0 0 0 0 0 0 0 -2.08014 100 24 -0.0416092 100 18 0 0 0 0 0 0 0 0
35700 -265.629 -1.38657 100 36 0 0 0 0 0 0 0 0 0 -1.84207 100 23 -0.239266 100 10 0 0 0 0 0 0 0 0
35800 -269.504 -0.499287 100 47 0 0 0 0 0 0 0 0 0 -2.41848 100 30 0.1601 100 21 0 0 0 0 0 0 0 0
35900 -267.954 -1.31622 100 34 0 0 0 0 0 0 0 0 0 -2.08487 100 21 -0.269288 100 15 0 0 0 0 0 0 0 0
36000 -265.307 -1.00927 100 40 0 0 0 0 0 0 0 0 0 -1.91117 100 23 0.103475 100 18 0 0 0 0 0 0 0 0
36100 -267.081 -0.932955 100 34 0 0 0 0 0 0 0 0 0 -2.2628 100 21 0.622501 100 17 0 0 0 0 0 0 0 0
36200 -265.292 -1.83757 100 48 0 0 0 0 0 0 0 0 0 -1.83565 100 13 -0.0691649 100 24 0 0 0 0 0 0 0 0
36300 -267.505 -0.93202 100 47 0 0 0 0 0 0 0 0 0 -2.4149 100 17 0.610685 100 14 0 0 0 0 0 0 0 0
36400 -266.263 -1.40183 100 39 0 0 0 0 0 0 0 0 0 -1.83308 100 14 -0.344881 100 14 0 0 0 0 0 0 0 0
36500 -265.795 -0.831326 100 40 0 0 0 0 0 0 0 0 0 -2.15998 100 20 0.181917 100 21 0 0 0 0 0 0 0 0
36600 -266.148 -0.885724 100 40 0 0 0 0 0 0 0 0 0 -1.78343 100 23 -0.171906 100 18 0 0 0 0 0 0 0 0
36700 -266.112 -0.87074 100 37 0 0 0 0 0 0 0 0 0 -2.16105 100 26 0.0896631 100 18 0 0 0 0 0 0 0 0
36800 -265.42 -1.6357 100 41 0 0 0 0 0 0 0 0 0 -1.76298 100 19 -0.130775 100 19 0 0 0 0 0 0 0 0
36900 -265.477 -1.55786 100 39 0 0 0 0 0 0 0 0 0 -2.11552 100 21 0.234517 100 16 0 0 0 0 0 0 0 0
37000 -266.749 -1.73902 100 37 0 0 0 0 0 0 0 0 0 -1.78081 100 23 -0.426982 100 13 0 0 0 0 0 0 0 0
37100 -268.875 -2.05676 100 42 0 0 0 0 0 0 0 0 0 -2.10254 100 24 -0.25501 100 20 0 0 0 0 0 0 0 0
37200 -265.257 -1.24786 100 34 0 0 0 0 0 0 0 0 0 -1.90524 100 30 -0.113584 100 26 0 0 0 0 0 0 0 0
37300 -265.321 -1.8355 100 36 0 0 0 0 0 0 0 0 0 -1.97254 100 19 0.144969 100 18 0 0 0 0 0 0 0 0
37400 -265.571 -0.852721 100 37 0 0 0 0 0 0 0 0 0 -1.89406 100 30 0.0401286 100 18 0 0 0 0 0 0 0 0
37500 -265.074 -1.20171 100 49 0 0 0 0 0 0 0 0 0 -1.91905 100 14 0.0998391 100 16 0 0 0 0 0 0 0 0
37600 -268.069 -3.14692 100 37 0 0 0 0 0 0 0 0 0 -1.77277 100 18 -0.25342 100 12 0 0 0 0 0 0 0 0
37700 -266.133 -1.26465 100 37 0 0 0 0 0 0 0 0 0 -1.69555 100 20 -0.271306 100 18 0 0 0 0 0 0 0 0
37800 -266.784 -1.26696 100 42 0 0 0 0 0 0 0 0 0 -1.81459 100 26 0.237827 100 17 0 0 0 0 0 0 0 0
37900 -268.377 -0.92917 100 28 0 0 0 0 0 0 0 0 0 -2.38066 100 24 0.18227 100 24 0 0 0 0 0 0 0 0
38000 -268.83 -2.31084 100 31 0 0 0 0 0 0 0 0 0 -1.98803 100 26 -0.368112 100 16 0 0 0 0 0 0 0 0
38100 -265.656 -0.896324 100 40 0 0 0 0 0 0 0 0 0 -1.86996 100 19 -0.0985705 100 21 0 0 0 0 0 0 0 0
38200 -266.118 -1.05479 100 40 0 0 0 0 0 0 0 0 0 -1.8907 100 27 -0.254493 100 24 0 0 0 0 0 0 0 0
38300 -265.378 -1.14188 100 32 0 0 0 0 0 0 0 0 0 -1.92393 100 22 0.187033 100 24 0 0 0 0 0 0 0 0
38400 -264.99 -1.33238 100 38 0 0 0 0 0 0 0 0 0 -1.92621 100 24 0.0912121 100 19 0 0 0 0 0 0 0 0
38500 -266.699 -1.63348 100 44 0 0 0 0 0 0 0 0 0 -2.04861 100 33 0.463439 100 15 0 0 0 0 0 0 0 0
38600 -266.335 -1.73432 100 45 0 0 0 0 0 0 0 0 0 -2.14088 100 26 0.440939 100 21 0 0 0 0 0 0 0 0
38700 -267.071 -1.96437 100 39 0 0 0 0 0 0 0 0 0 -1.63135 100 22 -0.0587787 100 21 0 0 0 0 0 0 0 0
38800 -265.39 -1.36465 100 29 0 0 0 0 0 0 0 0 0 -2.07377 100 22 0.0651105 100 16 0 0 0 0 0 0 0 0
38900 -265.944 -0.666059 100 44 0 0 0 0 0 0 0 0 0 -2.06994 100 21 0.302364 100 12 0 0 0 0 0 0 0 0
39000 -266.198 -1.09954 100 37 0 0 0 0 0 0 0 0 0 -1.75099 100 25 -0.294112 100 15 0 0 0 0 0 0 0 0
39100 -266.102 -2.10588 100 35 0 0 0 0 0 0 0 0 0 -1.76933 100 21 0.0313101 100 11 0 0 0 0 0 0 0 0
39200 -265.685 -1.68466 100 40 0 0 0 0 0 0 0 0 0 -2.12298 100 24 0.287953 100 18 0 0 0 0 0 0 0 0
39300 -265.516 -1.31139 100 29 0 0 0 0 0 0 0 0 0 -1.82787 100 19 -0.212568 100 13 0 0 0 0 0 0 0 0
39400 -265.063 -1.09876 100 40 0 0 0 0 0 0 0 0 0 -2.00901 100 16 0.136156 100 13 0 0 0 0 0 0 0 0
39500 -267.098 -0.53999 100 31 0 0 0 0 0 0 0 0 0 -2.31926 100 13 0.547584 100 19 0 0 0 0 0 0 0 0
39600 -266.54 -1.40408 100 36 0 0 0 0 0 0 0 0 0 -1.73572 100 26 0.0951038 100 17 0 0 0 0 0 0 0 0
39700 -267.195 -0.900482 100 28 0 0 0 0 0 0 0 0 0 -2.38736 100 23 0.560631 100 14 0 0 0 0 0 0 0 0
39800 -265.846 -1.26116 100 46 0 0 0 0 0 0 0 0 0 -2.06029 100 25 -0.0578862 100 22 0 0 0 0 0 0 0 0
39900 -268.235 -0.290793 100 31 0 0 0 0 0 0 0 0 0 -1.92703 100 22 0.243806 100 20 0 0 0 0 0 0 0 0
40000 -265.239 -1.62633 100 41 0 0 0 0 0 0 0 0 0 -2.03801 100 20 0.119418 100 22 0 0 0 0 0 0 0 0
40100 -265.533 -1.51371 100 32 0 0 0 0 0 0 0 0 0 -2.09845 100 16 0.321921 100 20 0 0 0 0 0 0 0 0
40200 -267.693 -2.95349 100 48 0 0 0 0 0 0 0 0 0 -2.02493 100 19 0.220412 100 11 0 0 0 0 0 0 0 0
40300 -265.419 -1.18179 100 41 0 0 0 0 0 0 0 0 0 -2.11132 100 22 0.322341 100 15 0 0 0 0 0 0 0 0
40400 -265.216 -1.49371 100 32 0 0 0 0 0 0 0 0 0 -1.80596 100 25 -0.0613224 100 12 0 0 0 0 0 0 0 0
40500 -265.325 -0.924556 100 27 0 0 0 0 0 0 0 0 0 -1.94845 100 22 0.00624494 100 18 0 0 0 0 0 0 0 0
40600 -265.585 -1.2601 100 31 0 0 0 0 0 0 0 0 0 -1.79432 100 20 -0.215433 100 12 0 0 0 0 0 0 0 0
40700 -266.597 -0.689912 100 39 0 0 0 0 0 0 0 0 0 -2.14535 100 26 0.483173 100 12 0 0 0 0 0 0 0 0
40800 -265.512 -2.07396 100 29 0 0 0 0 0 0 0 0 0 -1.90337 100 26 0.0225185 100 14 0 0 0 0 0 0 0 0
40900 -266.372 -1.47772 100 38 0 0 0 0 0 0 0 0 0 -1.80615 100 26 0.192216 100 16 0 0 0 0 0 0 0 0
41000 -266.756 -1.94434 100 41 0 0 0 0 0 0 0 0 0 -1.60186 100 22 -0.268813 100 15 0 0 0 0 0 0 0 0
41100 -266.864 -2.69837 100 42 0 0 0 0 0 0 0 0 0 -1.7595 100 22 -0.0721661 100 20 0 0 0 0 0 0 0 0
41200 -265.119 -1.69373 100 39 0 0 0 0 0 0 0 0 0 -1.95891 100 31 0.0457752 100 19 0 0 0 0 0 0 0 0
41300 -267.371 -1.02891 100 43 0 0 0 0 0 0 0 0 0 -2.16207 100 24 -0.100467 100 14 0 0 0 0 0 0 0 0
41400 -266.381 -0.867791 100 33 0 0 0 0 0 0 0 0 0 -1.98852 100 28 0.362299 100 14 0 0 0 0 0 0 0 0
41500 -267.993 -3.14523 100 43 0 0 0 0 0 0 0 0 0 -1.77595 100 22 0.0113195 100 12 0 0 0 0 0 0 0 0
41600 -268.589 -2.68601 100 34 0 0 0 0 0 0 0 0 0 -1.67046 100 30 -0.537142 100 19 0 0 0 0 0 0 0 0
41700 -265.659 -1.74254 100 32 0 0 0 0 0 0 0 0 0 -1.94135 100 19 -0.13948 100 17 0 0 0 0 0 0 0 0
41800 -265.021 -1.33522 100 42 0 0 0 0 0 0 0 0 0 -1.91483 100 17 -0.0329497 100 21 0 0 0 0 0 0 0 0
41900 -267.458 -2.1712 100 39 0 0 0 0 0 0 0 0 0 -1.86694 100 22 0.315193 100 21 0 0 0 0 0 0 0 0
42000 -266.078 -2.19624 100 32 0 0 0 0 0 0 0 0 0 -2.05094 100 21 0.185319 100 20 0 0 0 0 0 0 0 0
42100 -266.321 -0.608336 100 32 0 0 0 0 0 0 0 0 0 -2.01206 100 21 -0.0456289 100 15 0 0 0 0 0 0 0 0
42200 -265.31 -1.60464 100 34 0 0 0 0 0 0 0 0 0 -2.03997 100 23 0.0713657 100 13 0 0 0 0 0 0 0 0
42300 -265.887 -1.08555 100 37 0 0 0 0 0 0 0 0 0 -1.80021 100 29 -0.241554 100 17 0 0 0 0 0 0 0 0
42400 -267.291 -0.841029 100 43 0 0 0 0 0 0 0 0 0 -1.83545 100 25 -0.380385 100 12 0 0 0 0 0 0 0 0
42500 -265.216 -1.38914 100 38 0 0 0 0 0 0 0 0 0 -1.81006 100 23 -0.0825313 100 19 0 0 0 0 0 0 0 0
42600 -265.854 -0.969884 100 37 0 0 0 0 0 0 0 0 0 -1.9307 100 22 -0.16716 100 20 0 0 0 0 0 0 0 0
42700 -265.662 -2.02284 100 46 0 0 0 0 0 0 0 0 0 -2.02095 100 35 0.127038 100 15 0 0 0 0 0 0 0 0
42800 -267.039 -1.03766 100 37 0 0 0 0 0 0 0 0 0 -1.9259 100 31 -0.342015 100 15 0 0 0 0 0 0 0 0
42900 -267.589 -2.33812 100 40 0 0 0 0 0 0 0 0 0 -2.22495 100 24 0.422418 100 26 0 0 0 0 0 0 0 0
43000 -265.553 -1.65043 100 39 0 0 0 0 0 0 0 0 0 -1.74263 100 26 -0.181613 100 16 0 0 0 0 0 0 0 0
43100 -265.152 -1.58112 100 32 0 0 0 0 0 0 0 0 0 -1.83743 100 21 -0.00114412 100 23 0 0 0 0 0 0 0 0
43200 -265.111 -1.28959 100 36 0 0 0 0 0 0 0 0 0 -1.99897 100 22 0.0192354 100 18 0 0 0 0 0 0 0 0
43300 -268.646 -1.4196 100 27 0 0 0 0 0 0 0 0 0 -2.23221 100 25 -0.104675 100 21 0 0 0 0 0 0 0 0
43400 -266.191 -2.21519 100 30 0 0 0 0 0 0 0 0 0 -1.83601 100 29 -0.224921 100 17 0 0 0 0 0 0 0 0
43500 -266.387 -1.21066 100 31 0 0 0 0 0 0 0 0 0 -1.92575 100 19 0.336047 100 23 0 0 0 0 0 0 0 0
43600 -267.39 -2.87118 100 33 0 0 0 0 0 0 0 0 0 -1.97232 100 24 0.199015 100 19 0 0 0 0 0 0 0 0
43700 -268.291 -2.21396 100 42 0 0 0 0 0 0 0 0 0 -1.87016 100 20 -0.46592 100 16 0 0 0 0 0 0 0 0
43800 -266.841 -1.93448 100 34 0 0 0 0 0 0 0 0 0 -1.74708 100 24 0.133387 100 18 0 0 0 0 0 0 0 0
43900 -266.649 -0.6734 100 44 0 0 0 0 0 0 0 0 0 -2.23145 100 25 0.519472 100 13 0 0 0 0 0 0 0 0
44000 -266.681 -2.22876 100 28 0 0 0 0 0 0 0 0 0 -1.75177 100 28 0.07456 100 16 0 0 0 0 0 0 0 0
44100 -266.274 -1.12889 100 42 0 0 0 0 0 0 0 0 0 -2.2722 100 23 0.317794 100 22 0 0 0 0 0 0 0 0
44200 -268.252 -1.28886 100 43 0 0 0 0 0 0 0 0 0 -2.45975 100 21 0.475743 100 22 0 0 0 0 0 0 0 0
44300 -265.005 -1.45808 100 46 0 0 0 0 0 0 0 0 0 -1.99258 100 16 0.121225 100 25 0 0 0 0 0 0 0 0
44400 -265.705 -2.11902 100 30 0 0 0 0 0 0 0 0 0 -1.80482 100 27 -0.0408641 100 14 0 0 0 0 0 0 0 0
44500 -266.229 -1.66458 100 36 0 0 0 0 0 0 0 0 0 -1.67366 100 27 -0.338176 100 26 0 0 0 0 0 0 0 0
44600 -265.668 -1.13638 100 48 0 0 0 0 0 0 0 0 0 -1.97265 100 26 -0.130845 100 21 0 0 0 0 0 0 0 0
44700 -265.928 -0.689144 100 40 0 0 0 0 0 0 0 0 0 -2.15522 100 29 0.200963 100 17 0 0 0 0 0 0 0 0
44800 -265.275 -1.33399 100 40 0 0 0 0 0 0 0 0 0 -2.09595 100 19 0.256326 100 19 0 0 0 0 0 0 0 0
44900 -271.958 -2.75103 100 35 0 0 0 0 0 0 0 0 0 -2.52907 100 25 0.662748 100 22 0 0 0 0 0 0 0 0
45000 -265.868 -0.898763 100 34 0 0 0 0 0 0 0 0 0 -2.20198 100 24 0.248682 100 24 0 0 0 0 0 0 0 0
45100 -265.312 -1.88553 100 39 0 0 0 0 0 0 0 0 0 -1.88887 100 24 0.0590275 100 19 0 0 0 0 0 0 0 0
45200 -265.439 -0.854727 100 38 0 0 0 0 0 0 0 0 0 -1.94438 100 18 0.0157605 100 17 0 0 0 0 0 0 0 0
45300 -265.947 -1.79757 100 32 0 0 0 0 0 0 0 0 0 -2.08601 100 24 0.0436307 100 15 0 0 0 0 0 0 0 0
45400 -265.322 -1.0428 100 29 0 0 0 0 0 0 0 0 0 -1.90006 100 20 0.106112 100 23 0 0 0 0 0 0 0 0
45500 -265.469 -1.64184 100 49 0 0 0 0 0 0 0 0 0 -2.09624 100 16 0.224955 100 19 0 0 0 0 0 0 0 0
45600 -265.94 -2.1365 100 39 0 0 0 0 0 0 0 0 0 -1.76728 100 27 -0.0291265 100 21 0 0 0 0 0 0 0 0
45700 -265.463 -1.4104 100 39 0 0 0 0 0 0 0 0 0 -2.13184 100 30 0.282531 100 15 0 0 0 0 0 0 0 0
45800 -266.049 -0.98071 100 31 0 0 0 0 0 0 0 0 0 -2.25062 100 28 0.36926 100 14 0 0 0 0 0 0 0 0
45900 -265.387 -1.82734 100 36 0 0 0 0 0 0 0 0 0 -1.83185 100 26 0.0304719 100 12 0 0 0 0 0 0 0 0
46000 -266.469 -2.21996 100 37 0 0 0 0 0 0 0 0 0 -2.10804 100 26 0.160011 100 19 0 0 0 0 0 0 0 0
46100 -268.334 -0.296277 100 37 0 0 0 0 0 0 0 0 0 -2.04852 100 19 -0.148376 100 16 0 0 0 0 0 0 0 0
46200 -265.488 -1.03389 100 26 0 0 0 0 0 0 0 0 0 -2.12241 100 12 0.144942 100 26 0 0 0 0 0 0 0 0
46300 -271.999 -2.56033 100 32 0 0 0 0 0 0 0 0 0 -2.52566 100 26 0.434964 100 10 0 0 0 0 0 0 0 0
46400 -265.854 -2.15322 100 32 0 0 0 0 0 0 0 0 0 -1.76576 100 20 -0.124077 100 8 0 0 0 0 0 0 0 0
46500 -265.122 -1.43237 100 38 0 0 0 0 0 0 0 0 0 -1.89995 100 19 0.115348 100 10 0 0 0 0 0 0 0 0
46600 -265.64 -0.873434 100 33 0 0 0 0 0 0 0 0 0 -2.12569 100 16 0.142652 100 20 0 0 0 0 0 0 0 0
46700 -265.479 -0.861499 100 41 0 0 0 0 0 0 0 0 0 -2.06029 100 20 0.0869408 100 15 0 0 0 0 0 0 0 0
46800 -266.221 -0.848958 100 49 0 0 0 0 0 0 0 0 0 -2.26772 100 21 0.370125 100 13 0 0 0 0 0 0 0 0
46900 -266.187 -1.88698 100 38 0 0 0 0 0 0 0 0 0 -1.83598 100 19 -0.301093 100 13 0 0 0 0 0 0 0 0
47000 -265.43 -1.48469 100 41 0 0 0 0 0 0 0 0 0 -2.04672 100 20 0.0186153 100 17 0 0 0 0 0 0 0 0
47100 -267.505 -1.63595 100 42 0 0 0 0 0 0 0 0 0 -1.54448 100 28 -0.246193 100 14 0 0 0 0 0 0 0 0
47200 -266.528 -1.92822 100 39 0 0 0 0 0 0 0 0 0 -2.12982 100 29 0.426178 100 21 0 0 0 0 0 0 0 0
47300 -265.758 -0.851643 100 32 0 0 0 0 0 0 0 0 0 -2.0988 100 25 0.356195 100 18 0 0 0 0 0 0 0 0
47400 -265.323 -1.07476 100 36 0 0 0 0 0 0 0 0 0 -2.11149 100 14 0.193877 100 15 0 0 0 0 0 0 0 0
47500 -265.624 -1.68142 100 42 0 0 0 0 0 0 0 0 0 -2.11888 100 23 0.241194 100 15 0 0 0 0 0 0 0 0
47600 -265.891 -1.14519 100 37 0 0 0 0 0 0 0 0 0 -1.9623 100 29 -0.178231 100 16 0 0 0 0 0 0 0 0
47700 -266.75 -0.801189 100 39 0 0 0 0 0 0 0 0 0 -1.79799 100 14 0.100087 100 18 0 0 0 0 0 0 0 0
47800 -265.583 -2.09236 100 39 0 0 0 0 0 0 0 0 0 -1.85139 100 27 -0.0732895 100 17 0 0 0 0 0 0 0 0
47900 -265.213 -1.47924 100 29 0 0 0 0 0 0 0 0 0 -1.84518 100 19 0.0545939 100 18 0 0 0 0 0 0 0 0
48000 -265.242 -1.06238 100 31 0 0 0 0 0 0 0 0 0 -1.99673 100 29 0.00529055 100 15 0 0 0 0 0 0 0 0
48100 -268.179 -2.96251 100 33 0 0 0 0 0 0 0 0 0 -2.05473 100 24 0.335321 100 13 0 0 0 0 0 0 0 0
48200 -267.191 -1.71571 100 41 0 0 0 0 0 0 0 0 0 -1.64661 100 28 -0.50531 100 23 0 0 0 0 0 0 0 0
48300 -265.385 -1.2668 100 34 0 0 0 0 0 0 0 0 0 -2.12265 100 24 0.294127 100 15 0 0 0 0 0 0 0 0
48400 -267.46 -0.791835 100 43 0 0 0 0 0 0 0 0 0 -1.78083 100 19 -0.390004 100 24 0 0 0 0 0 0 0 0
48500 -265.514 -1.62709 100 47 0 0 0 0 0 0 0 0 0 -1.75814 100 17 -0.197526 100 15 0 0 0 0 0 0 0 0
48600 -265.243 -1.35592 100 31 0 0 0 0 0 0 0 0 0 -2.09297 100 15 0.213601 100 22 0 0 0 0 0 0 0 0
48700 -266.442 -2.11841 100 39 0 0 0 0 0 0 0 0 0 -2.10769 100 28 0.344975 100 26 0 0 0 0 0 0 0 0
48800 -265.2 -1.54341 100 41 0 0 0 0 0 0 0 0 0 -1.81078 100 23 -0.0894187 100 14 0 0 0 0 0 0 0 0
48900 -266.774 -2.53322 100 34 0 0 0 0 0 0 0 0 0 -1.69785 100 32 -0.187903 100 11 0 0 0 0 0 0 0 0
49000 -268.066 -2.65434 100 38 0 0 0 0 0 0 0 0 0 -1.92038 100 22 -0.29978 100 28 0 0 0 0 0 0 0 0
49100 -267.115 -0.327073 100 44 0 0 0 0 0 0 0 0 0 -1.98528 100 24 0.0716565 100 15 0 0 0 0 0 0 0 0
49200 -265.525 -1.48131 100 32 0 0 0 0 0 0 0 0 0 -1.76007 100 21 -0.0438421 100 15 0 0 0 0 0 0 0 0
49300 -265.043 -1.23912 100 42 0 0 0 0 0 0 0 0 0 -2.0026 100 21 0.176468 100 16 0 0 0 0 0 0 0 0
49400 -265.908 -1.12873 100 40 0 0 0 0 0 0 0 0 0 -1.84014 100 26 -0.257713 100 11 0 0 0 0 0 0 0 0
49500 -266.352 -1.36454 100 35 0 0 0 0 0 0 0 0 0 -2.25303 100 10 0.259996 100 23 0 0 0 0 0 0 0 0
49600 -267.717 -1.89958 100 29 0 0 0 0 0 0 0 0 0 -1.82407 100 26 0.316933 100 18 0 0 0 0 0 0 0 0
49700 -266.1 -2.2384 100 33 0 0 0 0 0 0 0 0 0 -2.03274 100 25 0.190849 100 23 0 0 0 0 0 0 0 0
49800 -268.377 -1.50615 100 33 0 0 0 0 0 0 0 0 0 -1.97218 100 23 0.535095 100 19 0 0 0 0 0 0 0 0
49900 -266.062 -2.14313 100 38 0 0 0 0 0 0 0 0 0 -1.75916 100 22 -0.0105353 100 11 0 0 0 0 0 0 0 0
50000 -265.709 -1.51516 100 40 0 0 0 0 0 0 0 0 0 -1.87048 100 23 -0.238252 100 17 0 0 0 0 0 0 0 0
50100 -265.02 -1.50602 100 31 0 0 0 0 0 0 0 0 0 -1.98284 100 20 0.125845 100 12 0 0 0 0 0 0 0 0
50200 -266.609 -1.71021 100 26 0 0 0 0 0 0 0 0 0 -2.07244 100 29 -0.110383 100 14 0 0 0 0 0 0 0 0
50300 -267.07 -2.43298 100 47 0 0 0 0 0 0 0 0 0 -2.13831 100 19 0.303544 100 19 0 0 0 0 0 0 0 0
50400 -266.107 -2.34628 100 37 0 0 0 0 0 0 0 0 0 -1.79725 100 22 -0.148809 100 21 0 0 0 0 0 0 0 0
50500 -265.367 -1.92532 100 34 0 0 0 0 0 0 0 0 0 -1.9266 100 21 -0.0135811 100 14 0 0 0 0 0 0 0 0
50600 -265.271 -1.32171 100 39 0 0 0 0 0 0 0 0 0 -2.07134 100 19 0.276268 100 15 0 0 0 0 0 0 0 0
50700 -266.386 -1.5248 100 34 0 0 0 0 0 0 0 0 0 -2.16617 100 24 0.0610544 100 17 0 0 0 0 0 0 0 0
50800 -265.91 -1.75877 100 40 0 0 0 0 0 0 0 0 0 -1.78838 100 21 0.0923159 100 13 0 0 0 0 0 0 0 0
50900 -267.317 -2.85296 100 28 0 0 0 0 0 0 0 0 0 -1.7292 100 18 -0.217554 100 14 0 0 0 0 0 0 0 0
51000 -265.168 -1.65319 100 32 0 0 0 0 0 0 0 0 0 -1.98969 100 23 0.0477587 100 15 0 0 0 0 0 0 0 0
51100 -266.644 -1.55301 100 41 0 0 0 0 0 0 0 0 0 -1.97267 100 19 0.405489 100 15 0 0 0 0 0 0 0 0
51200 -267.733 -2.47048 100 40 0 0 0 0 0 0 0 0 0 -2.20986 100 26 0.250644 100 24 0 0 0 0 0 0 0 0
51300 -268.615 -1.93155 100 36 0 0 0 0 0 0 0 0 0 -1.9959 100 22 0.545368 100 18 0 0 0 0 0 0 0 0
51400 -266.31 -1.00187 100 35 0 0 0 0 0 0 0 0 0 -2.08955 100 20 -0.0736765 100 20 0 0 0 0 0 0 0 0
51500 -268.132 -0.727891 100 32 0 0 0 0 0 0 0 0 0 -1.64379 100 27 -0.283142 100 18 0 0 0 0 0 0 0 0
51600 -265.749 -1.55824 100 33 0 0 0 0 0 0 0 0 0 -1.73812 100 24 -0.266548 100 21 0 0 0 0 0 0 0 0
51700 -270.774 -4.15515 100 38 0 0 0 0 0 0 0 0 0 -1.74946 100 27 -0.277545 100 14 0 0 0 0 0 0 0 0
51800 -265.5 -1.51719 100 41 0 0 0 0 0 0 0 0 0 -2.05713 100 28 0.0252618 100 21 0 0 0 0 0 0 0 0
51900 -266.378 -2.54446 100 31 0 0 0 0 0 0 0 0 0 -1.87791 100 20 -0.0626821 100 21 0 0 0 0 0 0 0 0
52000 -266.842 -1.1338 100 32 0 0 0 0 0 0 0 0 0 -2.34503 100 21 0.507951 100 18 0 0 0 0 0 0 0 0
52100 -265.771 -0.718588 100 28 0 0 0 0 0 0 0 0 0 -2.10417 100 21 0.300581 100 15 0 0 0 0 0 0 0 0
52200 -265.97 -1.88886 100 38 0 0 0 0 0 0 0 0 0 -1.85996 100 26 -0.247844 100 14 0 0 0 0 0 0 0 0
52300 -267.04 -2.70844 100 34 0 0 0 0 0 0 0 0 0 -1.71615 100 27 -0.208618 100 14 0 0 0 0 0 0 0 0
52400 -266.342 -2.29339 100 33 0 0 0 0 0 0 0 0 0 -1.92955 100 23 -0.135738 100 23 0 0 0 0 0 0 0 0
52500 -265.484 -0.951059 100 34 0 0 0 0 0 0 0 0 0 -2.05883 100 21 0.298006 100 14 0 0 0 0 0 0 0 0
52600 -265.523 -0.79824 100 34 0 0 0 0 0 0 0 0 0 -2.03753 100 20 0.224963 100 13 0 0 0 0 0 0 0 0
52700 -265.559 -1.21303 100 37 0 0 0 0 0 0 0 0 0 -1.77866 100 25 -0.0410683 100 15 0 0 0 0 0 0 0 0
52800 -265.595 -1.92795 100 38 0 0 0 0 0 0 0 0 0 -1.82004 100 21 -0.178839 100 13 0 0 0 0 0 0 0 0
52900 -265.429 -1.06295 100 33 0 0 0 0 0 0 0 0 0 -2.04651 100 28 0.301001 100 17 0 0 0 0 0 0 0 0
53000 -267.835 -1.38063 100 41 0 0 0 0 0 0 0 0 0 -1.71556 100 25 -0.572028 100 12 0 0 0 0 0 0 0 0
53100 -265.913 -0.707839 100 38 0 0 0 0 0 0 0 0 0 -2.10891 100 21 0.342265 100 17 0 0 0 0 0 0 0 0
53200 -266.362 -1.04707 100 37 0 0 0 0 0 0 0 0 0 -2.28051 100 23 0.481851 100 20 0 0 0 0 0 0 0 0
53300 -266.029 -1.80887 100 32 0 0 0 0 0 0 0 0 0 -2.0988 100 16 0.36596 100 17 0 0 0 0 0 0 0 0
53400 -268.021 -0.744751 100 39 0 0 0 0 0 0 0 0 0 -1.66104 100 28 -0.101809 100 18 0 0 0 0 0 0 0 0
53500 -266.62 -0.699179 100 50 0 0 0 0 0 0 0 0 0 -2.12001 100 16 -0.0202828 100 16 0 0 0 0 0 0 0 0
53600 -266.089 -2.08035 100 35 0 0 0 0 0 0 0 0 0 -1.78934 100 22 0.0694422 100 20 0 0 0 0 0 0 0 0
53700 -267.276 -1.24238 100 40 0 0 0 0 0 0 0 0 0 -1.72706 100 20 0.145087 100 14 0 0 0 0 0 0 0 0
53800 -268.021 -2.33945 100 37 0 0 0 0 0 0 0 0 0 -1.53162 100 21 -0.439714 100 13 0 0 0 0 0 0 0 0
53900 -266.632 -0.485759 100 37 0 0 0 0 0 0 0 0 0 -2.2328 100 22 0.279371 100 15 0 0 0 0 0 0 0 0
54000 -265.678 -1.20108 100 29 0 0 0 0 0 0 0 0 0 -2.1437 100 22 0.38879 100 21 0 0 0 0 0 0 0 0
54100 -269.672 -3.11659 100 34 0 0 0 0 0 0 0 0 0 -1.95566 100 22 -0.315938 100 17 0 0 0 0 0 0 0 0
54200 -265.424 -1.00525 100 33 0 0 0 0 0 0 0 0 0 -1.99244 100 16 0.246352 100 13 0 0 0 0 0 0 0 0
54300 -265.297 -1.15771 100 35 0 0 0 0 0 0 0 0 0 -2.11227 100 18 0.251008 100 19 0 0 0 0 0 0 0 0
54400 -266.301 -0.804265 100 43 0 0 0 0 0 0 0 0 0 -1.84777 100 30 -0.2096 100 23 0 0 0 0 0 0 0 0
54500 -265.641 -1.33915 100 41 0 0 0 0 0 0 0 0 0 -1.99558 100 26 0.317938 100 21 0 0 0 0 0 0 0 0
54600 -266.622 -0.599686 100 34 0 0 0 0 0 0 0 0 0 -2.16905 100 23 0.084471 100 20 0 0 0 0 0 0 0 0
54700 -265.729 -2.0897 100 34 0 0 0 0 0 0 0 0 0 -1.85322 100 23 -0.142779 100 15 0 0 0 0 0 0 0 0
54800 -266.604 -1.7116 100 34 0 0 0 0 0 0 0 0 0 -2.19759 100 19 0.48492 100 14 0 0 0 0 0 0 0 0
54900 -265.537 -1.24835 100 36 0 0 0 0 0 0 0 0 0 -1.80706 100 23 -0.204228 100 15 0 0 0 0 0 0 0 0
55000 -265.032 -1.34561 100 34 0 0 0 0 0 0 0 0 0 -1.88235 100 26 0.0380896 100 16 0 0 0 0 0 0 0 0
55100 -265.469 -1.09441 100 41 0 0 0 0 0 0 0 0 0 -2.14833 100 24 0.228998 100 25 0 0 0 0 0 0 0 0
55200 -265.465 -1.08224 100 43 0 0 0 0 0 0 0 0 0 -1.82464 100 24 -0.0060094 100 17 0 0 0 0 0 0 0 0
55300 -265.258 -1.30761 100 28 0 0 0 0 0 0 0 0 0 -1.9832 100 26 -0.0468203 100 25 0 0 0 0 0 0 0 0
55400 -265.474 -1.39255 100 32 0 0 0 0 0 0 0 0 0 -1.90182 100 30 -0.174469 100 15 0 0 0 0 0 0 0 0
55500 -265.857 -1.25918 100 31 0 0 0 0 0 0 0 0 0 -1.98521 100 25 0.338412 100 14 0 0 0 0 0 0 0 0
55600 -266.448 -0.697502 100 37 0 0 0 0 0 0 0 0 0 -2.04073 100 20 -0.0867468 100 15 0 0 0 0 0 0 0 0
55700 -265.183 -1.78495 100 39 0 0 0 0 0 0 0 0 0 -1.92779 100 15 0.00823057 100 19 0 0 0 0 0 0 0 0
55800 -265.099 -1.20534 100 30 0 0 0 0 0 0 0 0 0 -2.01365 100 26 0.0531651 100 16 0 0 0 0 0 0 0 0
55900 -265.796 -0.775552 100 33 0 0 0 0 0 0 0 0 0 -2.14942 100 19 0.183681 100 15 0 0 0 0 0 0 0 0
56000 -266.353 -1.26305 100 34 0 0 0 0 0 0 0 0 0 -2.28227 100 27 0.423963 100 24 0 0 0 0 0 0 0 0
56100 -266.75 -1.72356 100 43 0 0 0 0 0 0 0 0 0 -1.59707 100 21 -0.247122 100 21 0 0 0 0 0 0 0 0
56200 -268.689 -2.77403 100 35 0 0 0 0 0 0 0 0 0 -1.59661 100 27 -0.521292 100 10 0 0 0 0 0 0 0 0
56300 -265.41 -0.890622 100 48 0 0 0 0 0 0 0 0 0 -1.96327 100 27 0.159764 100 23 0 0 0 0 0 0 0 0
56400 -265.498 -1.19594 100 33 0 0 0 0 0 0 0 0 0 -2.07607 100 25 0.0350638 100 25 0 0 0 0 0 0 0 0
56500 -268.263 -2.86831 100 36 0 0 0 0 0 0 0 0 0 -1.73654 100 13 -0.421974 100 16 0 0 0 0 0 0 0 0
56600 -265.03 -1.55079 100 41 0 0 0 0 0 0 0 0 0 -1.94764 100 27 0.0146944 100 19 0 0 0 0 0 0 0 0
56700 -266.28 -0.679327 100 36 0 0 0 0 0 0 0 0 0 -2.21011 100 24 0.207497 100 19 0 0 0 0 0 0 0 0
56800 -266.303 -1.16152 100 44 0 0 0 0 0 0 0 0 0 -2.15804 100 21 0.501415 100 23 0 0 0 0 0 0 0 0
56900 -265.257 -1.65533 100 43 0 0 0 0 0 0 0 0 0 -1.88229 100 19 -0.1169 100 17 0 0 0 0 0 0 0 0
57000 -265.966 -0.849786 100 35 0 0 0 0 0 0 0 0 0 -1.95088 100 21 -0.136017 100 14 0 0 0 0 0 0 0 0
57100 -268.984 -2.58213 100 46 0 0 0 0 0 0 0 0 0 -1.95552 100 19 -0.372094 100 30 0 0 0 0 0 0 0 0
57200 -265.989 -0.642104 100 27 0 0 0 0 0 0 0 0 0 -1.96058 100 27 0.00113911 100 20 0 0 0 0 0 0 0 0
57300 -269.064 -0.742872 100 32 0 0 0 0 0 0 0 0 0 -1.60872 100 24 -0.0917905 100 18 0 0 0 0 0 0 0 0
57400 -265.355 -1.80235 100 43 0 0 0 0 0 0 0 0 0 -1.80051 100 24 -0.0673949 100 24 0 0 0 0 0 0 0 0
57500 -266.952 -0.6498 100 37 0 0 0 0 0 0 0 0 0 -1.80426 100 18 -0.212983 100 18 0 0 0 0 0 0 0 0
57600 -266.182 -2.32967 100 32 0 0 0 0 0 0 0 0 0 -1.99193 100 19 0.18168 100 18 0 0 0 0 0 0 0 0
57700 -265.749 -1.67264 100 32 0 0 0 0 0 0 0 0 0 -1.70814 100 16 -0.173432 100 16 0 0 0 0 0 0 0 0
57800 -265.913 -1.70938 100 20 0 0 0 0 0 0 0 0 0 -1.81338 100 25 -0.292829 100 22 0 0 0 0 0 0 0 0
57900 -265.907 -0.836745 100 34 0 0 0 0 0 0 0 0 0 -2.21263 100 22 0.339836 100 21 0 0 0 0 0 0 0 0
58000 -265.389 -1.68981 100 34 0 0 0 0 0 0 0 0 0 -1.77424 100 28 -0.127344 100 20 0 0 0 0 0 0 0 0
58100 -265.766 -0.723562 100 36 0 0 0 0 0 0 0 0 0 -1.95256 100 26 0.137321 100 10 0 0 0 0 0 0 0 0
58200 -267.031 -2.58034 100 28 0 0 0 0 0 0 0 0 0 -1.90092 100 28 -0.19616 100 17 0 0 0 0 0 0 0 0
58300 -266.237 -1.5402 100 28 0 0 0 0 0 0 0 0 0 -1.80772 100 22 -0.355286 100 16 0 0 0 0 0 0 0 0
58400 -265.081 -1.52328 100 38 0 0 0 0 0 0 0 0 0 -2.01172 100 22 0.152122 100 23 0 0 0 0 0 0 0 0
58500 -266.636 -1.5648 100 42 0 0 0 0 0 0 0 0 0 -2.06913 100 25 0.476181 100 21 0 0 0 0 0 0 0 0
58600 -265.289 -1.61492 100 28 0 0 0 0 0 0 0 0 0 -2.04319 100 23 0.0936398 100 7 0 0 0 0 0 0 0 0
58700 -265.53 -1.6608 100 35 0 0 0 0 0 0 0 0 0 -1.81347 100 22 -0.219927 100 16 0 0 0 0 0 0 0 0
58800 -265.358 -1.4368 100 33 0 0 0 0 0 0 0 0 0 -1.80644 100 24 -0.178149 100 16 0 0 0 0 0 0 0 0
58900 -265.783 -1.89764 100 42 0 0 0 0 0 0 0 0 0 -1.80776 100 23 -0.240513 100 15 0 0 0 0 0 0 0 0
59000 -268.896 -0.933106 100 46 0 0 0 0 0 0 0 0 0 -1.64995 100 25 0.0871267 100 23 0 0 0 0 0 0 0 0
59100 -265.147 -1.01531 100 47 0 0 0 0 0 0 0 0 0 -2.01918 100 16 0.110193 100 12 0 0 0 0 0 0 0 0
59200 -269.279 -1.76663 100 39 0 0 0 0 0 0 0 0 0 -1.79809 100 21 -0.657219 100 20 0 0 0 0 0 0 0 0
59300 -267.564 -0.541641 100 31 0 0 0 0 0 0 0 0 0 -1.95066 100 20 0.349675 100 22 0 0 0 0 0 0 0 0
59400 -265.293 -1.6822 100 31 0 0 0 0 0 0 0 0 0 -1.81884 100 26 -0.138872 100 18 0 0 0 0 0 0 0 0
59500 -265.213 -1.54185 100 47 0 0 0 0 0 0 0 0 0 -1.99373 100 20 0.000693396 100 15 0 0 0 0 0 0 0 0
59600 -267.873 -2.44055 100 38 0 0 0 0 0 0 0 0 0 -2.21709 100 23 0.205508 100 12 0 0 0 0 0 0 0 0
59700 -267.408 -1.95101 100 33 0 0 0 0 0 0 0 0 0 -1.9327 100 23 -0.352285 100 12 0 0 0 0 0 0 0 0
59800 -266.087 -0.759248 100 33 0 0 0 0 0 0 0 0 0 -1.85296 100 20 -0.113358 100 19 0 0 0 0 0 0 0 0
59900 -266.569 -1.9824 100 34 0 0 0 0 0 0 0 0 0 -1.79272 100 26 -0.369149 100 22 0 0 0 0 0 0 0 0
60000 -267.24 -2.60836 100 41 0 0 0 0 0 0 0 0 0 -1.76547 100 26 0.0807017 100 17 0 0 0 0 0 0 0 0
60100 -266.598 -2.21352 100 33 0 0 0 0 0 0 0 0 0 -1.82521 100 19 0.169894 100 22 0 0 0 0 0 0 0 0
60200 -266.215 -1.69189 100 37 0 0 0 0 0 0 0 0 0 -2.15348 100 29 0.427291 100 17 0 0 0 0 0 0 0 0
60300 -265.206 -1.37487 100 29 0 0 0 0 0 0 0 0 0 -1.81661 100 23 -0.0381508 100 19 0 0 0 0 0 0 0 0
60400 -265.771 -1.3437 100 39 0 0 0 0 0 0 0 0 0 -1.74307 100 18 -0.0335854 100 15 0 0 0 0 0 0 0 0
60500 -265.497 -1.79409 100 35 0 0 0 0 0 0 0 0 0 -1.86691 100 26 0.123771 100 30 0 0 0 0 0 0 0 0
60600 -269.961 -0.589077 100 28 0 0 0 0 0 0 0 0 0 -1.65029 100 13 0.0436732 100 20 0 0 0 0 0 0 0 0
60700 -265.076 -1.59919 100 45 0 0 0 0 0 0 0 0 0 -1.98447 100 19 0.123719 100 18 0 0 0 0 0 0 0 0
60800 -265.499 -1.67637 100 31 0 0 0 0 0 0 0 0 0 -2.09509 100 18 0.214074 100 19 0 0 0 0 0 0 0 0
60900 -268.061 -0.485292 100 37 0 0 0 0 0 0 0 0 0 -2.24936 100 33 0.663246 100 22 0 0 0 0 0 0 0 0
61000 -267.842 -1.88147 100 45 0 0 0 0 0 0 0 0 0 -2.33257 100 20 0.314169 100 25 0 0 0 0 0 0 0 0
61100 -267.786 -0.573467 100 35 0 0 0 0 0 0 0 0 0 -1.7916 100 16 0.110188 100 21 0 0 0 0 0 0 0 0
61200 -269.17 -0.189774 100 34 0 0 0 0 0 0 0 0 0 -2.51498 100 26 0.582873 100 21 0 0 0 0 0 0 0 0
61300 -267.268 -1.03304 100 37 0 0 0 0 0 0 0 0 0 -2.02241 100 20 -0.272416 100 21 0 0 0 0 0 0 0 0
61400 -267.835 -1.83653 100 35 0 0 0 0 0 0 0 0 0 -2.34171 100 25 0.580753 100 24 0 0 0 0 0 0 0 0
61500 -266.361 -0.841987 100 39 0 0 0 0 0 0 0 0 0 -1.84202 100 14 -0.241714 100 22 0 0 0 0 0 0 0 0
61600 -265.952 -1.26571 100 36 0 0 0 0 0 0 0 0 0 -2.22702 100 24 0.30553 100 19 0 0 0 0 0 0 0 0
61700 -265.853 -1.1122 100 35 0 0 0 0 0 0 0 0 0 -1.84121 100 29 -0.243535 100 18 0 0 0 0 0 0 0 0
61800 -265.909 -1.3409 100 36 0 0 0 0 0 0 0 0 0 -1.74846 100 22 0.0147478 100 16 0 0 0 0 0 0 0 0
61900 -267.244 -2.09443 100 29 0 0 0 0 0 0 0 0 0 -2.09595 100 21 -0.0812447 100 17 0 0 0 0 0 0 0 0
62000 -265.393 -1.00286 100 31 0 0 0 0 0 0 0 0 0 -1.93278 100 23 0.166132 100 14 0 0 0 0 0 0 0 0
62100 -266.684 -1.91341 100 35 0 0 0 0 0 0 0 0 0 -2.1079 100 14 0.450658 100 22 0 0 0 0 0 0 0 0
62200 -267.219 -0.350608 100 39 0 0 0 0 0 0 0 0 0 -1.93624 100 15 0.0640681 100 8 0 0 0 0 0 0 0 0
62300 -265.126 -1.73443 100 39 0 0 0 0 0 0 0 0 0 -1.88893 100 20 -0.0110034 100 14 0 0 0 0 0 0 0 0
62400 -266.122 -1.82981 100 35 0 0 0 0 0 0 0 0 0 -2.16844 100 31 0.29874 100 13 0 0 0 0 0 0 0 0
62500 -266.52 -0.903682 100 32 0 0 0 0 0 0 0 0 0 -1.92085 100 22 0.305789 100 18 0 0 0 0 0 0 0 0
62600 -265.095 -1.45376 100 28 0 0 0 0 0 0 0 0 0 -2.00904 100 30 0.191109 100 15 0 0 0 0 0 0 0 0
62700 -264.982 -1.50933 100 37 0 0 0 0 0 0 0 0 0 -1.91139 100 20 0.041101 100 25 0 0 0 0 0 0 0 0
62800 -266.605 -2.49366 100 42 0 0 0 0 0 0 0 0 0 -1.75685 100 25 -0.0208457 100 20 0 0 0 0 0 0 0 0
62900 -266.838 -1.82306 100 40 0 0 0 0 0 0 0 0 0 -1.74567 100 23 -0.446278 100 14 0 0 0 0 0 0 0 0
63000 -265.238 -0.994441 100 30 0 0 0 0 0 0 0 0 0 -2.05918 100 21 0.215737 100 13 0 0 0 0 0 0 0 0
63100 -267.408 -2.47686 100 35 0 0 0 0 0 0 0 0 0 -1.78455 100 29 -0.387038 100 16 0 0 0 0 0 0 0 0
63200 -265.585 -1.25425 100 45 0 0 0 0 0 0 0 0 0 -2.16645 100 25 0.234925 100 17 0 0 0 0 0 0 0 0
63300 -266.034 -0.564937 100 37 0 0 0 0 0 0 0 0 0 -2.06103 100 16 0.223234 100 14 0 0 0 0 0 0 0 0
63400 -265.514 -2.06891 100 36 0 0 0 0 0 0 0 0 0 -1.91844 100 27 0.0412413 100 14 0 0 0 0 0 0 0 0
63500 -265.129 -1.34592 100 37 0 0 0 0 0 0 0 0 0 -1.92628 100 29 -0.0701594 100 23 0 0 0 0 0 0 0 0
63600 -266.748 -2.34893 100 46 0 0 0 0 0 0 0 0 0 -2.09964 100 24 0.309039 100 17 0 0 0 0 0 0 0 0
63700 -265.886 -1.13714 100 46 0 0 0 0 0 0 0 0 0 -2.22514 100 28 0.366523 100 21 0 0 0 0 0 0 0 0
63800 -265.413 -1.1737 100 32 0 0 0 0 0 0 0 0 0 -1.80229 100 21 -0.083876 100 20 0 0 0 0 0 0 0 0
63900 -265.219 -1.40868 100 35 0 0 0 0 0 0 0 0 0 -1.97132 100 26 -0.0492183 100 10 0 0 0 0 0 0 0 0
64000 -266.746 -2.40039 100 28 0 0 0 0 0 0 0 0 0 -2.06705 100 30 0.297835 100 14 0 0 0 0 0 0 0 0
64100 -267.843 -2.53723 100 32 0 0 0 0 0 0 0 0 0 -1.59771 100 24 -0.138882 100 20 0 0 0 0 0 0 0 0
64200 -266.992 -1.37766 100 37 0 0 0 0 0 0 0 0 0 -2.34147 100 21 0.504868 100 20 0 0 0 0 0 0 0 0
64300 -265.591 -0.824652 100 38 0 0 0 0 0 0 0 0 0 -1.93163 100 23 -0.0310242 100 19 0 0 0 0 0 0 0 0
64400 -266.034 -0.597931 100 43 0 0 0 0 0 0 0 0 0 -2.13711 100 25 0.201314 100 14 0 0 0 0 0 0 0 0
64500 -265.523 -1.11472 100 51 0 0 0 0 0 0 0 0 0 -1.80499 100 18 -0.0221539 100 18 0 0 0 0 0 0 0 0
64600 -265.166 -1.1642 100 32 0 0 0 0 0 0 0 0 0 -1.86594 100 17 -0.0414792 100 16 0 0 0 0 0 0 0 0
64700 -268.203 -1.97448 100 38 0 0 0 0 0 0 0 0 0 -1.51936 100 20 -0.189661 100 15 0 0 0 0 0 0 0 0
64800 -265.928 -2.0101 100 38 0 0 0 0 0 0 0 0 0 -1.76006 100 22 -0.252559 100 19 0 0 0 0 0 0 0 0
64900 -268.489 -1.1476 100 36 0 0 0 0 0 0 0 0 0 -2.29438 100 26 0.768684 100 18 0 0 0 0 0 0 0 0
65000 -265.753 -0.895906 100 36 0 0 0 0 0 0 0 0 0 -2.01477 100 27 -0.0557219 100 24 0 0 0 0 0 0 0 0
65100 -266.723 -2.20492 100 30 0 0 0 0 0 0 0 0 0 -1.67812 100 21 -0.0554856 100 22 0 0 0 0 0 0 0 0
65200 -267.241 -1.57213 100 47 0 0 0 0 0 0 0 0 0 -1.94363 100 20 -0.360597 100 15 0 0 0 0 0 0 0 0
65300 -269.694 -3.33708 100 43 0 0 0 0 0 0 0 0 0 -1.78198 100 28 0.199141 100 18 0 0 0 0 0 0 0 0
65400 -265.69 -1.10174 100 36 0 0 0 0 0 0 0 0 0 -1.86615 100 21 -0.202267 100 18 0 0 0 0 0 0 0 0
65500 -267.569 -0.535255 100 41 0 0 0 0 0 0 0 0 0 -2.05154 100 21 0.470162 100 11 0 0 0 0 0 0 0 0
65600 -266.023 -1.08685 100 40 0 0 0 0 0 0 0 0 0 -1.91283 100 19 -0.231834 100 14 0 0 0 0 0 0 0 0
65700 -268.881 -1.93843 100 33 0 0 0 0 0 0 0 0 0 -2.43483 100 18 0.492848 100 21 0 0 0 0 0 0 0 0
65800 -264.987 -1.45694 100 36 0 0 0 0 0 0 0 0 0 -1.89249 100 22 -0.0021039 100 16 0 0 0 0 0 0 0 0
65900 -266.55 -2.19932 100 38 0 0 0 0 0 0 0 0 0 -1.99375 100 23 -0.115495 100 15 0 0 0 0 0 0 0 0
66000 -265.777 -2.11093 100 37 0 0 0 0 0 0 0 0 0 -2.00039 100 13 0.168847 100 14 0 0 0 0 0 0 0 0
66100 -265.236 -1.20696 100 31 0 0 0 0 0 0 0 0 0 -1.90299 100 24 0.134902 100 13 0 0 0 0 0 0 0 0
66200 -268.038 -3.09795 100 36 0 0 0 0 0 0 0 0 0 -1.70719 100 23 -0.0839821 100 16 0 0 0 0 0 0 0 0
66300 -266.138 -2.35195 100 36 0 0 0 0 0 0 0 0 0 -1.98627 100 18 0.129863 100 17 0 0 0 0 0 0 0 0
66400 -265.153 -1.30907 100 36 0 0 0 0 0 0 0 0 0 -2.04257 100 24 0.234581 100 20 0 0 0 0 0 0 0 0
66500 -266.814 -1.0459 100 44 0 0 0 0 0 0 0 0 0 -1.67914 100 21 -0.333564 100 19 0 0 0 0 0 0 0 0
66600 -265.242 -0.974948 100 33 0 0 0 0 0 0 0 0 0 -1.9454 100 23 0.111778 100 14 0 0 0 0 0 0 0 0
66700 -269.96 -1.55197 100 36 0 0 0 0 0 0 0 0 0 -2.43546 100 23 0.883387 100 18 0 0 0 0 0 0 0 0
66800 -265.217 -1.06745 100 34 0 0 0 0 0 0 0 0 0 -1.92714 100 21 -0.0421161 100 16 0 0 0 0 0 0 0 0
66900 -266.422 -1.25768 100 41 0 0 0 0 0 0 0 0 0 -1.84536 100 23 -0.350506 100 14 0 0 0 0 0 0 0 0
67000 -265.57 -1.83409 100 33 0 0 0 0 0 0 0 0 0 -1.81823 100 21 0.0615678 100 16 0 0 0 0 0 0 0 0
67100 -267.705 -0.628386 100 47 0 0 0 0 0 0 0 0 0 -1.77921 100 19 0.106244 100 21 0 0 0 0 0 0 0 0
67200 -265.706 -2.14118 100 33 0 0 0 0 0 0 0 0 0 -1.82709 100 28 -0.110312 100 12 0 0 0 0 0 0 0 0
67300 -266.083 -1.35181 100 35 0 0 0 0 0 0 0 0 0 -1.88787 100 28 -0.283009 100 14 0 0 0 0 0 0 0 0
67400 -266.105 -0.535837 100 42 0 0 0 0 0 0 0 0 0 -2.04148 100 19 0.14091 100 17 0 0 0 0 0 0 0 0
67500 -265.721 -1.80712 100 41 0 0 0 0 0 0 0 0 0 -1.87713 100 29 -0.203557 100 17 0 0 0 0 0 0 0 0
67600 -265.213 -1.7159 100 44 0 0 0 0 0 0 0 0 0 -1.83146 100 25 -0.0239971 100 16 0 0 0 0 0 0 0 0
67700 -266.727 -1.60755 100 28 0 0 0 0 0 0 0 0 0 -1.7261 100 26 -0.447358 100 16 0 0 0 0 0 0 0 0
67800 -266.298 -1.54616 100 37 0 0 0 0 0 0 0 0 0 -1.6422 100 23 -0.252003 100 18 0 0 0 0 0 0 0 0
67900 -266.663 -2.60526 100 40 0 0 0 0 0 0 0 0 0 -1.9905 100 24 0.0918646 100 16 0 0 0 0 0 0 0 0
68000 -268.993 -3.02013 100 39 0 0 0 0 0 0 0 0 0 -2.20089 100 18 0.393799 100 19 0 0 0 0 0 0 0 0
68100 -265.75 -0.832798 100 34 0 0 0 0 0 0 0 0 0 -1.96635 100 20 -0.0733197 100 20 0 0 0 0 0 0 0 0
68200 -267.12 -1.14976 100 37 0 0 0 0 0 0 0 0 0 -2.3633 100 20 0.38149 100 15 0 0 0 0 0 0 0 0
68300 -265.344 -1.15324 100 35 0 0 0 0 0 0 0 0 0 -2.08344 100 23 0.300996 100 23 0 0 0 0 0 0 0 0
68400 -266.829 -1.09754 100 43 0 0 0 0 0 0 0 0 0 -1.92547 100 27 0.369184 100 17 0 0 0 0 0 0 0 0
68500 -265.567 -1.97264 100 41 0 0 0 0 0 0 0 0 0 -1.83672 100 27 -0.147483 100 22 0 0 0 0 0 0 0 0
68600 -265.264 -1.08408 100 44 0 0 0 0 0 0 0 0 0 -2.09375 100 26 0.171744 100 15 0 0 0 0 0 0 0 0
68700 -265.432 -1.9057 100 38 0 0 0 0 0 0 0 0 0 -1.9979 100 21 0.142581 100 18 0 0 0 0 0 0 0 0
68800 -266.083 -0.604439 100 34 0 0 0 0 0 0 0 0 0 -2.1737 100 19 0.301763 100 19 0 0 0 0 0 0 0 0
68900 -265.681 -1.79486 100 48 0 0 0 0 0 0 0 0 0 -1.73211 100 23 -0.198941 100 20 0 0 0 0 0 0 0 0
69000 -265.127 -1.71835 100 30 0 0 0 0 0 0 0 0 0 -1.89305 100 24 -0.0286015 100 12 0 0 0 0 0 0 0 0
69100 -268.286 -0.476484 100 34 0 0 0 0 0 0 0 0 0 -1.7353 100 20 -0.105174 100 19 0 0 0 0 0 0 0 0
69200 -265.799 -1.22396 100 41 0 0 0 0 0 0 0 0 0 -2.18494 100 19 0.401033 100 17 0 0 0 0 0 0 0 0
69300 -265.484 -1.8022 100 45 0 0 0 0 0 0 0 0 0 -1.92277 100 27 -0.109793 100 23 0 0 0 0 0 0 0 0
69400 -265.426 -1.08995 100 44 0 0 0 0 0 0 0 0 0 -1.84138 100 25 -0.122811 100 25 0 0 0 0 0 0 0 0
69500 -265.075 -1.39005 100 47 0 0 0 0 0 0 0 0 0 -2.02377 100 35 0.0891604 100 13 0 0 0 0 0 0 0 0
69600 -267.639 -2.3007 100 28 0 0 0 0 0 0 0 0 0 -1.55392 100 24 -0.282327 100 9 0 0 0 0 0 0 0 0
69700 -266.268 -1.90353 100 35 0 0 0 0 0 0 0 0 0 -1.98572 100 23 -0.155563 100 27 0 0 0 0 0 0 0 0
69800 -265.278 -1.60167 100 30 0 0 0 0 0 0 0 0 0 -1.79808 100 17 -0.0468159 100 22 0 0 0 0 0 0 0 0
69900 -264.994 -1.32089 100 35 0 0 0 0 0 0 0 0 0 -1.96723 100 23 0.136387 100 13 0 0 0 0 0 0 0 0
70000 -267.442 -2.09938 100 43 0 0 0 0 0 0 0 0 0 -2.21641 100 20 0.513725 100 16 0 0 0 0 0 0 0 0
70100 -265.487 -1.85931 100 34 0 0 0 0 0 0 0 0 0 -1.8808 100 18 0.123249 100 14 0 0 0 0 0 0 0 0
70200 -266.926 -0.943309 100 35 0 0 0 0 0 0 0 0 0 -1.70696 100 27 -0.0242739 100 17 0 0 0 0 0 0 0 0
70300 -266.937 -2.81252 100 40 0 0 0 0 0 0 0 0 0 -1.91246 100 26 0.0268915 100 16 0 0 0 0 0 0 0 0
70400 -265.763 -0.986752 100 42 0 0 0 0 0 0 0 0 0 -1.99287 100 25 -0.103095 100 24 0 0 0 0 0 0 0 0
70500 -267.982 -1.72284 100 47 0 0 0 0 0 0 0 0 0 -1.58922 100 27 -0.592945 100 19 0 0 0 0 0 0 0 0
70600 -266.33 -2.16203 100 46 0 0 0 0 0 0 0 0 0 -1.8961 100 16 -0.21375 100 13 0 0 0 0 0 0 0 0
70700 -266.305 -0.480554 100 43 0 0 0 0 0 0 0 0 0 -2.05676 100 18 0.218051 100 19 0 0 0 0 0 0 0 0
70800 -267.07 -1.61953 100 33 0 0 0 0 0 0 0 0 0 -2.32222 100 21 0.430497 100 18 0 0 0 0 0 0 0 0
70900 -266.681 -2.09241 100 36 0 0 0 0 0 0 0 0 0 -1.88839 100 27 -0.290463 100 15 0 0 0 0 0 0 0 0
71000 -265.338 -0.896668 100 44 0 0 0 0 0 0 0 0 0 -1.9819 100 20 0.157851 100 21 0 0 0 0 0 0 0 0
71100 -266.182 -1.0494 100 34 0 0 0 0 0 0 0 0 0 -2.07729 100 23 0.440944 100 21 0 0 0 0 0 0 0 0
71200 -266.914 -2.70694 100 33 0 0 0 0 0 0 0 0 0 -1.95825 100 21 0.165247 100 16 0 0 0 0 0 0 0 0
71300 -267.144 -1.53777 100 40 0 0 0 0 0 0 0 0 0 -2.24629 100 16 0.111093 100 16 0 0 0 0 0 0 0 0
71400 -268.219 -1.23287 100 42 0 0 0 0 0 0 0 0 0 -2.4654 100 26 0.662629 100 17 0 0 0 0 0 0 0 0
71500 -265.379 -0.939802 100 33 0 0 0 0 0 0 0 0 0 -1.93308 100 25 0.130928 100 20 0 0 0 0 0 0 0 0
71600 -268.319 -1.1232 100 40 0 0 0 0 0 0 0 0 0 -2.45412 100 19 0.735159 100 13 0 0 0 0 0 0 0 0
71700 -269.147 -0.324077 100 40 0 0 0 0 0 0 0 0 0 -2.27628 100 27 0.738492 100 22 0 0 0 0 0 0 0 0
71800 -268.317 -1.82782 100 42 0 0 0 0 0 0 0 0 0 -2.14018 100 21 0.635701 100 19 0 0 0 0 0 0 0 0
71900 -267.41 -0.655376 100 43 0 0 0 0 0 0 0 0 0 -1.77477 100 26 -0.295944 100 23 0 0 0 0 0 0 0 0
72000 -265.569 -1.00028 100 35 0 0 0 0 0 0 0 0 0 -2.13252 100 21 0.145677 100 16 0 0 0 0 0 0 0 0
72100 -266.415 -1.27646 100 41 0 0 0 0 0 0 0 0 0 -2.28997 100 29 0.402001 100 15 0 0 0 0 0 0 0 0
72200 -266.33 -2.17795 100 29 0 0 0 0 0 0 0 0 0 -1.74268 100 26 -0.300524 100 20 0 0 0 0 0 0 0 0
72300 -265.053 -1.22673 100 44 0 0 0 0 0 0 0 0 0 -1.99916 100 19 0.0500299 100 15 0 0 0 0 0 0 0 0
72400 -265.458 -1.34619 100 44 0 0 0 0 0 0 0 0 0 -1.90235 100 30 -0.169762 100 14 0 0 0 0 0 0 0 0
72500 -265.888 -1.77798 100 40 0 0 0 0 0 0 0 0 0 -2.13065 100 21 0.172396 100 16 0 0 0 0 0 0 0 0
72600 -268.564 -3.0581 100 40 0 0 0 0 0 0 0 0 0 -2.1045 100 21 0.0792175 100 14 0 0 0 0 0 0 0 0
72700 -271.792 0.246988 100 39 0 0 0 0 0 0 0 0 0 -1.97519 100 20 0.0753735 100 16 0 0 0 0 0 0 0 0
72800 -269.654 -3.24609 100 35 0 0 0 0 0 0 0 0 0 -1.94526 100 21 0.376367 100 19 0 0 0 0 0 0 0 0
72900 -266.435 -1.13615 100 40 0 0 0 0 0 0 0 0 0 -2.19231 100 22 0.0701917 100 18 0 0 0 0 0 0 0 0
73000 -265.534 -1.24205 100 37 0 0 0 0 0 0 0 0 0 -2.15681 100 32 0.222621 100 19 0 0 0 0 0 0 0 0
73100 -265.002 -1.23259 100 36 0 0 0 0 0 0 0 0 0 -1.92549 100 18 0.0736021 100 14 0 0 0 0 0 0 0 0
73200 -267.298 -2.75481 100 53 0 0 0 0 0 0 0 0 0 -1.84424 100 23 0.143303 100 17 0 0 0 0 0 0 0 0
73300 -267.489 -2.28171 100 42 0 0 0 0 0 0 0 0 0 -1.8523 100 30 -0.387711 100 17 0 0 0 0 0 0 0 0
73400 -267.953 -1.42408 100 39 0 0 0 0 0 0 0 0 0 -1.59053 100 24 -0.569852 100 16 0 0 0 0 0 0 0 0
73500 -265.85 -1.0584 100 38 0 0 0 0 0 0 0 0 0 -2.16631 100 23 0.133515 100 11 0 0 0 0 0 0 0 0
73600 -266.88 -0.344456 100 39 0 0 0 0 0 0 0 0 0 -2.20358 100 16 0.308032 100 12 0 0 0 0 0 0 0 0
73700 -266.825 -0.542857 100 37 0 0 0 0 0 0 0 0 0 -2.02163 100 21 -0.0946696 100 18 0 0 0 0 0 0 0 0
73800 -265.669 -0.843074 100 37 0 0 0 0 0 0 0 0 0 -2.16272 100 22 0.279895 100 21 0 0 0 0 0 0 0 0
73900 -268.509 -0.186834 100 38 0 0 0 0 0 0 0 0 0 -2.06292 100 22 -0.0838237 100 19 0 0 0 0 0 0 0 0
74000 -265.209 -1.62549 100 33 0 0 0 0 0 0 0 0 0 -1.87731 100 25 -0.109784 100 13 0 0 0 0 0 0 0 0
74100 -267.264 -2.01046 100 36 0 0 0 0 0 0 0 0 0 -1.59298 100 29 -0.134531 100 16 0 0 0 0 0 0 0 0
74200 -265.439 -1.22058 100 39 0 0 0 0 0 0 0 0 0 -2.01548 100 19 -0.044491 100 17 0 0 0 0 0 0 0 0
74300 -266.323 -0.98651 100 42 0 0 0 0 0 0 0 0 0 -1.84144 100 30 -0.290533 100 18 0 0 0 0 0 0 0 0
74400 -266.442 -0.560492 100 37 0 0 0 0 0 0 0 0 0 -2.20052 100 18 0.424407 100 11 0 0 0 0 0 0 0 0
74500 -265.083 -1.5587 100 36 0 0 0 0 0 0 0 0 0 -1.91972 100 24 -0.0429963 100 15 0 0 0 0 0 0 0 0
74600 -265.636 -1.39707 100 34 0 0 0 0 0 0 0 0 0 -1.86771 100 17 0.181421 100 12 0 0 0 0 0 0 0 0
74700 -268.538 -0.187331 100 31 0 0 0 0 0 0 0 0 0 -1.99524 100 24 0.321267 100 19 0 0 0 0 0 0 0 0
74800 -265.673 -1.63669 100 36 0 0 0 0 0 0 0 0 0 -1.82794 100 12 0.124917 100 18 0 0 0 0 0 0 0 0
74900 -265.732 -0.72825 100 39 0 0 0 0 0 0 0 0 0 -2.09298 100 22 0.126618 100 12 0 0 0 0 0 0 0 0
75000 -267.375 -2.24543 100 44 0 0 0 0 0 0 0 0 0 -1.7682 100 25 0.179285 100 17 0 0 0 0 0 0 0 0
75100 -268.225 -1.31631 100 39 0 0 0 0 0 0 0 0 0 -1.82773 100 23 0.369638 100 20 0 0 0 0 0 0 0 0
75200 -265.292 -1.6538 100 30 0 0 0 0 0 0 0 0 0 -1.90746 100 21 0.149115 100 27 0 0 0 0 0 0 0 0
75300 -265.728 -2.17772 100 34 0 0 0 0 0 0 0 0 0 -1.9141 100 15 -0.0288821 100 19 0 0 0 0 0 0 0 0
75400 -268.164 -2.47206 100 44 0 0 0 0 0 0 0 0 0 -2.26355 100 22 0.331408 100 20 0 0 0 0 0 0 0 0
75500 -267.565 -1.27229 100 43 0 0 0 0 0 0 0 0 0 -1.6076 100 31 -0.49255 100 22 0 0 0 0 0 0 0 0
75600 -265.753 -0.918067 100 45 0 0 0 0 0 0 0 0 0 -1.99992 100 18 -0.077304 100 13 0 0 0 0 0 0 0 0
75700 -268.53 -0.673074 100 39 0 0 0 0 0 0 0 0 0 -1.66456 100 28 -0.399741 100 14 0 0 0 0 0 0 0 0
75800 -265.274 -1.19876 100 33 0 0 0 0 0 0 0 0 0 -2.05471 100 21 0.0587018 100 25 0 0 0 0 0 0 0 0
75900 -267.004 -1.60626 100 35 0 0 0 0 0 0 0 0 0 -2.11616 100 25 -0.105048 100 12 0 0 0 0 0 0 0 0
76000 -265.5 -1.68887 100 38 0 0 0 0 0 0 0 0 0 -1.77404 100 23 -0.200124 100 20 0 0 0 0 0 0 0 0
76100 -266.676 -2.45699 100 30 0 0 0 0 0 0 0 0 0 -1.85563 100 20 0.153625 100 15 0 0 0 0 0 0 0 0
76200 -265.48 -1.42838 100 42 0 0 0 0 0 0 0 0 0 -2.04289 100 28 0.316051 100 16 0 0 0 0 0 0 0 0
76300 -267.787 -0.426416 100 34 0 0 0 0 0 0 0 0 0 -1.98998 100 32 -0.192389 100 17 0 0 0 0 0 0 0 0
76400 -266.598 -1.12012 100 39 0 0 0 0 0 0 0 0 0 -2.27502 100 23 0.225754 100 17 0 0 0 0 0 0 0 0
76500 -265.93 -0.763176 100 27 0 0 0 0 0 0 0 0 0 -1.95467 100 23 0.219747 100 18 0 0 0 0 0 0 0 0
76600 -266.008 -1.6931 100 38 0 0 0 0 0 0 0 0 0 -2.16191 100 22 0.367471 100 18 0 0 0 0 0 0 0 0
76700 -265.186 -1.34678 100 45 0 0 0 0 0 0 0 0 0 -1.85081 100 26 0.0486815 100 27 0 0 0 0 0 0 0 0
76800 -267.445 -1.42162 100 36 0 0 0 0 0 0 0 0 0 -2.20678 100 29 -0.0228122 100 23 0 0 0 0 0 0 0 0
76900 -269.36 -0.817552 100 35 0 0 0 0 0 0 0 0 0 -1.58521 100 28 -0.0733217 100 15 0 0 0 0 0 0 0 0
77000 -265.368 -1.89273 100 38 0 0 0 0 0 0 0 0 0 -1.88663 100 22 -0.0775978 100 19 0 0 0 0 0 0 0 0
77100 -265.762 -2.20118 100 32 0 0 0 0 0 0 0 0 0 -1.83942 100 23 -0.00287553 100 20 0 0 0 0 0 0 0 0
77200 -265.827 -0.849631 100 47 0 0 0 0 0 0 0 0 0 -1.84091 100 15 -0.00493449 100 15 0 0 0 0 0 0 0 0
77300 -265.371 -1.40156 100 36 0 0 0 0 0 0 0 0 0 -1.86982 100 29 0.136366 100 22 0 0 0 0 0 0 0 0
77400 -265.05 -1.35678 100 30 0 0 0 0 0 0 0 0 0 -1.87825 100 18 -0.0556081 100 22 0 0 0 0 0 0 0 0
77500 -265.518 -1.99078 100 29 0 0 0 0 0 0 0 0 0 -1.98238 100 27 0.0623672 100 15 0 0 0 0 0 0 0 0
77600 -267.495 -0.312096 100 33 0 0 0 0 0 0 0 0 0 -2.32989 100 25 0.473178 100 12 0 0 0 0 0 0 0 0
77700 -265.355 -1.77379 100 46 0 0 0 0 0 0 0 0 0 -2.03072 100 20 0.161332 100 18 0 0 0 0 0 0 0 0
77800 -266.222 -2.48299 100 39 0 0 0 0 0 0 0 0 0 -1.84621 100 20 -0.0305601 100 20 0 0 0 0 0 0 0 0
77900 -266.045 -2.19012 100 37 0 0 0 0 0 0 0 0 0 -1.84872 100 23 -0.191896 100 19 0 0 0 0 0 0 0 0
78000 -266.153 -0.73648 100 40 0 0 0 0 0 0 0 0 0 -1.94274 100 24 -0.126103 100 23 0 0 0 0 0 0 0 0
78100 -268.245 -1.52175 100 46 0 0 0 0 0 0 0 0 0 -1.58712 100 27 -0.00719182 100 21 0 0 0 0 0 0 0 0
78200 -265.437 -1.00458 100 34 0 0 0 0 0 0 0 0 0 -1.93615 100 21 0.182967 100 23 0 0 0 0 0 0 0 0
78300 -267.364 -2.46841 100 44 0 0 0 0 0 0 0 0 0 -1.60319 100 23 -0.314273 100 19 0 0 0 0 0 0 0 0
78400 -266.742 -0.859541 100 35 0 0 0 0 0 0 0 0 0 -2.2075 100 27 0.560484 100 16 0 0 0 0 0 0 0 0
78500 -269.871 -0.200511 100 42 0 0 0 0 0 0 0 0 0 -2.29198 100 28 -0.00811538 100 19 0 0 0 0 0 0 0 0
78600 -265.943 -2.14752 100 34 0 0 0 0 0 0 0 0 0 -1.78273 100 26 -0.207223 100 20 0 0 0 0 0 0 0 0
78700 -265.476 -2.00147 100 32 0 0 0 0 0 0 0 0 0 -1.85824 100 19 0.0297513 100 10 0 0 0 0 0 0 0 0
78800 -265.891 -1.616 100 38 0 0 0 0 0 0 0 0 0 -2.11225 100 33 0.384581 100 20 0 0 0 0 0 0 0 0
78900 -266.111 -1.50284 100 38 0 0 0 0 0 0 0 0 0 -1.6652 100 21 -0.242812 100 20 0 0 0 0 0 0 0 0
79000 -268.148 -2.69653 100 34 0 0 0 0 0 0 0 0 0 -2.13812 100 22 0.437762 100 20 0 0 0 0 0 0 0 0
79100 -268.739 -1.45714 100 36 0 0 0 0 0 0 0 0 0 -2.18582 100 26 -0.186013 100 21 0 0 0 0 0 0 0 0
79200 -265.214 -1.48894 100 38 0 0 0 0 0 0 0 0 0 -2.04698 100 20 0.23067 100 13 0 0 0 0 0 0 0 0
79300 -266.844 -2.12419 100 37 0 0 0 0 0 0 0 0 0 -1.80953 100 23 -0.372145 100 19 0 0 0 0 0 0 0 0
79400 -265.147 -1.68052 100 40 0 0 0 0 0 0 0 0 0 -1.84574 100 20 -0.0453503 100 18 0 0 0 0 0 0 0 0
79500 -265.687 -1.82328 100 31 0 0 0 0 0 0 0 0 0 -1.889 100 15 -0.183624 100 11 0 0 0 0 0 0 0 0
79600 -266.165 -0.552404 100 35 0 0 0 0 0 0 0 0 0 -1.99862 100 23 0.051634 100 18 0 0 0 0 0 0 0 0
79700 -265.493 -1.49649 100 38 0 0 0 0 0 0 0 0 0 -1.84493 100 27 0.12436 100 18 0 0 0 0 0 0 0 0
79800 -266.225 -0.760534 100 38 0 0 0 0 0 0 0 0 0 -1.8154 100 23 -0.0858484 100 18 0 0 0 0 0 0 0 0
79900 -269.729 -3.24188 100 36 0 0 0 0 0 0 0 0 0 -2.2001 100 25 0.445599 100 20 0 0 0 0 0 0 0 0
80000 -269.07 -1.23208 100 39 0 0 0 0 0 0 0 0 0 -2.05175 100 28 -0.406487 100 11 0 0 0 0 0 0 0 0
80100 -266.343 -2.09511 100 45 0 0 0 0 0 0 0 0 0 -1.67895 100 26 -0.121318 100 17 0 0 0 0 0 0 0 0
80200 -267.901 -2.97136 100 31 0 0 0 0 0 0 0 0 0 -1.67099 100 22 -0.291556 100 15 0 0 0 0 0 0 0 0
80300 -269.831 -3.09632 100 32 0 0 0 0 0 0 0 0 0 -2.27379 100 21 0.454147 100 20 0 0 0 0 0 0 0 0
80400 -265.847 -0.853947 100 34 0 0 0 0 0 0 0 0 0 -2.17227 100 16 0.388229 100 24 0 0 0 0 0 0 0 0
80500 -266.771 -2.52759 100 41 0 0 0 0 0 0 0 0 0 -1.9698 100 24 -0.0710619 100 11 0 0 0 0 0 0 0 0
80600 -265.744 -1.29708 100 39 0 0 0 0 0 0 0 0 0 -2.18909 100 18 0.358652 100 24 0 0 0 0 0 0 0 0
80700 -267.855 -2.10019 100 38 0 0 0 0 0 0 0 0 0 -1.51628 100 25 -0.362199 100 18 0 0 0 0 0 0 0 0
80800 -266.874 -2.33938 100 33 0 0 0 0 0 0 0 0 0 -1.6384 100 17 -0.207421 100 10 0 0 0 0 0 0 0 0
80900 -265.858 -0.978903 100 36 0 0 0 0 0 0 0 0 0 -2.20723 100 29 0.393181 100 18 0 0 0 0 0 0 0 0
81000 -268.306 -0.900476 100 37 0 0 0 0 0 0 0 0 0 -2.49067 100 20 0.690479 100 15 0 0 0 0 0 0 0 0
81100 -265.363 -1.70085 100 38 0 0 0 0 0 0 0 0 0 -1.97775 100 28 0.214987 100 14 0 0 0 0 0 0 0 0
81200 -266.985 -1.31535 100 32 0 0 0 0 0 0 0 0 0 -1.605 100 23 -0.356687 100 17 0 0 0 0 0 0 0 0
81300 -268.763 -2.99329 100 44 0 0 0 0 0 0 0 0 0 -1.62029 100 26 -0.465154 100 22 0 0 0 0 0 0 0 0
81400 -266.83 -1.73452 100 46 0 0 0 0 0 0 0 0 0 -1.86269 100 23 0.300606 100 18 0 0 0 0 0 0 0 0
81500 -265.112 -1.5526 100 33 0 0 0 0 0 0 0 0 0 -1.9367 100 22 -0.0395876 100 13 0 0 0 0 0 0 0 0
81600 -264.987 -1.53372 100 39 0 0 0 0 0 0 0 0 0 -1.91806 100 29 0.0464434 100 20 0 0 0 0 0 0 0 0
81700 -266.008 -1.41982 100 31 0 0 0 0 0 0 0 0 0 -1.82953 100 22 0.181351 100 21 0 0 0 0 0 0 0 0
81800 -265.856 -1.22144 100 33 0 0 0 0 0 0 0 0 0 -2.13208 100 27 0.424998 100 15 0 0 0 0 0 0 0 0
81900 -268.754 -2.11745 100 33 0 0 0 0 0 0 0 0 0 -1.92081 100 31 0.470234 100 15 0 0 0 0 0 0 0 0
82000 -268.166 -0.22623 100 32 0 0 0 0 0 0 0 0 0 -2.12308 100 29 -0.0181813 100 22 0 0 0 0 0 0 0 0
82100 -266.578 -0.721787 100 47 0 0 0 0 0 0 0 0 0 -2.299 100 23 0.356598 100 19 0 0 0 0 0 0 0 0
82200 -267.548 -0.47999 100 34 0 0 0 0 0 0 0 0 0 -1.80127 100 26 -0.0477557 100 14 0 0 0 0 0 0 0 0
82300 -265.683 -0.71136 100 33 0 0 0 0 0 0 0 0 0 -1.9759 100 29 0.109218 100 15 0 0 0 0 0 0 0 0
82400 -267.041 -1.81081 100 32 0 0 0 0 0 0 0 0 0 -1.80193 100 21 -0.443915 100 23 0 0 0 0 0 0 0 0
82500 -265.407 -1.7371 100 28 0 0 0 0 0 0 0 0 0 -1.94631 100 22 0.196757 100 23 0 0 0 0 0 0 0 0
82600 -266.361 -2.30086 100 41 0 0 0 0 0 0 0 0 0 -1.95223 100 22 0.232801 100 23 0 0 0 0 0 0 0 0
82700 -265.097 -1.69103 100 42 0 0 0 0 0 0 0 0 0 -1.89388 100 28 0.0373674 100 25 0 0 0 0 0 0 0 0
82800 -265.749 -1.95278 100 40 0 0 0 0 0 0 0 0 0 -1.87243 100 18 0.148541 100 20 0 0 0 0 0 0 0 0
82900 -266.28 -0.622581 100 35 0 0 0 0 0 0 0 0 0 -2.16317 100 19 0.139493 100 16 0 0 0 0 0 0 0 0
83000 -267.086 -0.363486 100 34 0 0 0 0 0 0 0 0 0 -1.97606 100 23 -0.00358962 100 21 0 0 0 0 0 0 0 0
83100 -266.623 -0.794579 100 37 0 0 0 0 0 0 0 0 0 -1.80936 100 24 -0.260072 100 16 0 0 0 0 0 0 0 0
83200 -265.384 -0.913592 100 31 0 0 0 0 0 0 0 0 0 -2.05762 100 24 0.250947 100 16 0 0 0 0 0 0 0 0
83300 -265.758 -1.8903 100 45 0 0 0 0 0 0 0 0 0 -1.8754 100 19 0.16727 100 18 0 0 0 0 0 0 0 0
83400 -265.13 -1.18596 100 34 0 0 0 0 0 0 0 0 0 -1.89632 100 19 -0.0578482 100 18 0 0 0 0 0 0 0 0
83500 -265.124 -1.43743 100 38 0 0 0 0 0 0 0 0 0 -1.96279 100 14 -0.0289865 100 26 0 0 0 0 0 0 0 0
83600 -265.598 -1.01621 100 40 0 0 0 0 0 0 0 0 0 -2.13841 100 23 0.146949 100 21 0 0 0 0 0 0 0 0
83700 -266.573 -1.50338 100 27 0 0 0 0 0 0 0 0 0 -2.21004 100 24 0.519312 100 22 0 0 0 0 0 0 0 0
83800 -265.898 -1.87699 100 46 0 0 0 0 0 0 0 0 0 -2.12012 100 21 0.214685 100 15 0 0 0 0 0 0 0 0
83900 -265.732 -1.34585 100 33 0 0 0 0 0 0 0 0 0 -2.18927 100 23 0.291983 100 29 0 0 0 0 0 0 0 0
84000 -266.186 -2.13164 100 43 0 0 0 0 0 0 0 0 0 -2.081 100 22 0.118658 100 18 0 0 0 0 0 0 0 0
84100 -265.925 -2.2594 100 34 0 0 0 0 0 0 0 0 0 -1.88938 100 33 0.0959199 100 23 0 0 0 0 0 0 0 0
84200 -265.089 -1.14542 100 42 0 0 0 0 0 0 0 0 0 -1.95604 100 23 0.142021 100 16 0 0 0 0 0 0 0 0
84300 -265.546 -0.820051 100 35 0 0 0 0 0 0 0 0 0 -1.95338 100 24 -0.00657616 100 16 0 0 0 0 0 0 0 0
84400 -267.548 -2.43356 100 42 0 0 0 0 0 0 0 0 0 -2.1065 100 28 -0.00813307 100 13 0 0 0 0 0 0 0 0
84500 -265.316 -1.54296 100 47 0 0 0 0 0 0 0 0 0 -1.86988 100 20 0.121102 100 16 0 0 0 0 0 0 0 0
84600 -269.347 -1.71572 100 45 0 0 0 0 0 0 0 0 0 -1.74496 100 31 0.333096 100 25 0 0 0 0 0 0 0 0
84700 -265.132 -1.67083 100 39 0 0 0 0 0 0 0 0 0 -1.86922 100 25 0.0329614 100 16 0 0 0 0 0 0 0 0
84800 -268.157 -1.5702 100 46 0 0 0 0 0 0 0 0 0 -1.6233 100 24 0.0615516 100 15 0 0 0 0 0 0 0 0
84900 -265.607 -1.82318 100 29 0 0 0 0 0 0 0 0 0 -1.82074 100 24 0.0768745 100 13 0 0 0 0 0 0 0 0
85000 -266.474 -1.67241 100 40 0 0 0 0 0 0 0 0 0 -1.73727 100 23 0.0932907 100 19 0 0 0 0 0 0 0 0
85100 -265.567 -1.39316 100 23 0 0 0 0 0 0 0 0 0 -1.75103 100 30 -0.1938 100 16 0 0 0 0 0 0 0 0
85200 -266.68 -1.82415 100 36 0 0 0 0 0 0 0 0 0 -2.23257 100 21 0.42897 100 23 0 0 0 0 0 0 0 0
85300 -265.696 -0.854933 100 35 0 0 0 0 0 0 0 0 0 -2.11628 100 29 0.347713 100 19 0 0 0 0 0 0 0 0
85400 -265.141 -1.42617 100 30 0 0 0 0 0 0 0 0 0 -1.91108 100 13 -0.085956 100 10 0 0 0 0 0 0 0 0
85500 -265.845 -0.791066 100 31 0 0 0 0 0 0 0 0 0 -2.06964 100 22 0.0245875 100 20 0 0 0 0 0 0 0 0
85600 -267.873 -0.957459 100 38 0 0 0 0 0 0 0 0 0 -1.91181 100 30 0.421539 100 17 0 0 0 0 0 0 0 0
85700 -266.694 -1.00346 100 34 0 0 0 0 0 0 0 0 0 -1.79026 100 23 -0.35993 100 13 0 0 0 0 0 0 0 0
85800 -267.405 -0.791859 100 33 0 0 0 0 0 0 0 0 0 -2.17511 100 22 -0.0639312 100 21 0 0 0 0 0 0 0 0
85900 -268.474 -1.2255 100 48 0 0 0 0 0 0 0 0 0 -2.49536 100 24 0.586777 100 18 0 0 0 0 0 0 0 0
86000 -266.516 -2.53823 100 35 0 0 0 0 0 0 0 0 0 -1.84945 100 15 0.0774687 100 16 0 0 0 0 0 0 0 0
86100 -265.667 -1.93631 100 34 0 0 0 0 0 0 0 0 0 -1.76377 100 24 -0.0561521 100 17 0 0 0 0 0 0 0 0
86200 -267.156 -2.76247 100 32 0 0 0 0 0 0 0 0 0 -1.89273 100 26 -0.15164 100 17 0 0 0 0 0 0 0 0
86300 -265.369 -1.57473 100 36 0 0 0 0 0 0 0 0 0 -1.78285 100 19 -0.163804 100 20 0 0 0 0 0 0 0 0
86400 -265.647 -1.76702 100 45 0 0 0 0 0 0 0 0 0 -1.95294 100 17 0.245165 100 11 0 0 0 0 0 0 0 0
86500 -265.128 -1.28896 100 39 0 0 0 0 0 0 0 0 0 -2.02948 100 18 0.224767 100 10 0 0 0 0 0 0 0 0
86600 -265.33 -1.2842 100 43 0 0 0 0 0 0 0 0 0 -1.80614 100 22 -0.0248798 100 20 0 0 0 0 0 0 0 0
86700 -265.97 -1.09063 100 39 0 0 0 0 0 0 0 0 0 -2.06326 100 27 0.407139 100 20 0 0 0 0 0 0 0 0
86800 -265.341 -1.08554 100 45 0 0 0 0 0 0 0 0 0 -2.12111 100 23 0.248536 100 22 0 0 0 0 0 0 0 0
86900 -267.454 -2.77689 100 42 0 0 0 0 0 0 0 0 0 -2.04883 100 25 0.269693 100 11 0 0 0 0 0 0 0 0
87000 -265.043 -1.61651 100 35 0 0 0 0 0 0 0 0 0 -1.91956 100 24 0.0016227 100 17 0 0 0 0 0 0 0 0
87100 -265.834 -1.04256 100 38 0 0 0 0 0 0 0 0 0 -2.05534 100 33 0.378209 100 15 0 0 0 0 0 0 0 0
87200 -265.731 -1.03648 100 35 0 0 0 0 0 0 0 0 0 -1.78402 100 23 -0.0852258 100 10 0 0 0 0 0 0 0 0
87300 -265.995 -0.7061 100 39 0 0 0 0 0 0 0 0 0 -2.09254 100 18 0.352532 100 22 0 0 0 0 0 0 0 0
87400 -266.105 -0.818221 100 32 0 0 0 0 0 0 0 0 0 -2.2131 100 25 0.215281 100 13 0 0 0 0 0 0 0 0
87500 -266.57 -1.08008 100 44 0 0 0 0 0 0 0 0 0 -2.31968 100 16 0.445396 100 20 0 0 0 0 0 0 0 0
87600 -266.566 -2.19577 100 47 0 0 0 0 0 0 0 0 0 -1.94355 100 20 0.288422 100 12 0 0 0 0 0 0 0 0
87700 -269.714 -0.495649 100 49 0 0 0 0 0 0 0 0 0 -1.67996 100 22 0.0281532 100 13 0 0 0 0 0 0 0 0
87800 -267.642 -0.6628 100 33 0 0 0 0 0 0 0 0 0 -1.90371 100 19 0.334208 100 15 0 0 0 0 0 0 0 0
87900 -265.034 -1.60642 100 43 0 0 0 0 0 0 0 0 0 -1.95299 100 29 0.0778186 100 21 0 0 0 0 0 0 0 0
88000 -265.51 -1.91093 100 38 0 0 0 0 0 0 0 0 0 -1.78169 100 18 -0.10216 100 15 0 0 0 0 0 0 0 0
88100 -268.465 -3.22888 100 33 0 0 0 0 0 0 0 0 0 -1.74456 100 24 -0.309309 100 16 0 0 0 0 0 0 0 0
88200 -266.112 -0.529637 100 48 0 0 0 0 0 0 0 0 0 -2.06196 100 24 0.163833 100 16 0 0 0 0 0 0 0 0
88300 -265.086 -1.34497 100 38 0 0 0 0 0 0 0 0 0 -1.9946 100 21 0.0226651 100 20 0 0 0 0 0 0 0 0
88400 -265.782 -1.54133 100 35 0 0 0 0 0 0 0 0 0 -1.97409 100 21 0.31143 100 14 0 0 0 0 0 0 0 0
88500 -266.199 -1.84603 100 44 0 0 0 0 0 0 0 0 0 -1.82565 100 26 0.178536 100 14 0 0 0 0 0 0 0 0
88600 -267.197 -0.434245 100 40 0 0 0 0 0 0 0 0 0 -1.94154 100 23 -0.118589 100 18 0 0 0 0 0 0 0 0
88700 -265.36 -1.42677 100 41 0 0 0 0 0 0 0 0 0 -1.81849 100 25 0.0461833 100 17 0 0 0 0 0 0 0 0
88800 -266.355 -2.18248 100 42 0 0 0 0 0 0 0 0 0 -1.8116 100 20 -0.282501 100 17 0 0 0 0 0 0 0 0
88900 -266.047 -0.763894 100 36 0 0 0 0 0 0 0 0 0 -2.18274 100 23 0.4146 100 21 0 0 0 0 0 0 0 0
89000 -267.304 -1.57921 100 34 0 0 0 0 0 0 0 0 0 -1.55745 100 19 -0.397506 100 15 0 0 0 0 0 0 0 0
89100 -269.905 -1.90422 100 34 0 0 0 0 0 0 0 0 0 -1.49303 100 22 -0.0554073 100 17 0 0 0 0 0 0 0 0
89200 -265.511 -1.16971 100 40 0 0 0 0 0 0 0 0 0 -1.79531 100 22 -0.151846 100 21 0 0 0 0 0 0 0 0
89300 -265.659 -1.13431 100 46 0 0 0 0 0 0 0 0 0 -2.14413 100 18 0.130677 100 24 0 0 0 0 0 0 0 0
89400 -265.265 -0.908889 100 40 0 0 0 0 0 0 0 0 0 -1.98632 100 30 0.115858 100 15 0 0 0 0 0 0 0 0
89500 -265.999 -2.19643 100 37 0 0 0 0 0 0 0 0 0 -1.87031 100 18 0.126199 100 18 0 0 0 0 0 0 0 0
89600 -267.335 -1.04283 100 37 0 0 0 0 0 0 0 0 0 -1.86554 100 20 0.333527 100 16 0 0 0 0 0 0 0 0
89700 -265.815 -1.05103 100 32 0 0 0 0 0 0 0 0 0 -2.02083 100 20 -0.0925624 100 17 0 0 0 0 0 0 0 0
89800 -266.256 -1.87059 100 37 0 0 0 0 0 0 0 0 0 -2.083 100 22 0.390437 100 20 0 0 0 0 0 0 0 0
89900 -265.818 -1.55734 100 39 0 0 0 0 0 0 0 0 0 -1.70008 100 21 -0.151536 100 18 0 0 0 0 0 0 0 0
90000 -267.935 -2.8021 100 39 0 0 0 0 0 0 0 0 0 -1.78324 100 20 -0.369795 100 11 0 0 0 0 0 0 0 0
90100 -267.318 -1.21461 100 30 0 0 0 0 0 0 0 0 0 -1.5863 100 26 -0.270218 100 8 0 0 0 0 0 0 0 0
90200 -270.833 -2.78865 100 37 0 0 0 0 0 0 0 0 0 -2.22204 100 18 0.713564 100 22 0 0 0 0 0 0 0 0
90300 -269.865 0.122239 100 40 0 0 0 0 0 0 0 0 0 -2.43605 100 24 0.641132 100 15 0 0 0 0 0 0 0 0
90400 -266.776 -1.63956 100 39 0 0 0 0 0 0 0 0 0 -2.10009 100 18 0.500582 100 17 0 0 0 0 0 0 0 0
90500 -267.133 -2.77391 100 30 0 0 0 0 0 0 0 0 0 -1.81957 100 28 0.0730119 100 21 0 0 0 0 0 0 0 0
90600 -267.642 -2.0827 100 31 0 0 0 0 0 0 0 0 0 -2.17563 100 24 0.0097932 100 24 0 0 0 0 0 0 0 0
90700 -267.181 -0.681356 100 42 0 0 0 0 0 0 0 0 0 -1.90273 100 26 0.29238 100 17 0 0 0 0 0 0 0 0
90800 -265.655 -1.73937 100 37 0 0 0 0 0 0 0 0 0 -2.07002 100 26 0.0671343 100 12 0 0 0 0 0 0 0 0
90900 -268.378 -2.35985 100 39 0 0 0 0 0 0 0 0 0 -1.90138 100 29 -0.418401 100 23 0 0 0 0 0 0 0 0
91000 -266.54 -2.00864 100 36 0 0 0 0 0 0 0 0 0 -1.64206 100 24 -0.329338 100 22 0 0 0 0 0 0 0 0
91100 -266.678 -0.893213 100 37 0 0 0 0 0 0 0 0 0 -1.9462 100 33 0.351865 100 19 0 0 0 0 0 0 0 0
91200 -269.189 -1.86713 100 27 0 0 0 0 0 0 0 0 0 -1.88481 100 25 0.48032 100 19 0 0 0 0 0 0 0 0
91300 -265.905 -1.14342 100 44 0 0 0 0 0 0 0 0 0 -1.89284 100 17 0.234807 100 23 0 0 0 0 0 0 0 0
91400 -266.299 -2.46319 100 31 0 0 0 0 0 0 0 0 0 -1.78361 100 18 -0.0826673 100 20 0 0 0 0 0 0 0 0
91500 -265.485 -1.06368 100 38 0 0 0 0 0 0 0 0 0 -2.11749 100 23 0.333853 100 19 0 0 0 0 0 0 0 0
91600 -265.36 -0.956915 100 37 0 0 0 0 0 0 0 0 0 -1.89313 100 26 0.0321747 100 16 0 0 0 0 0 0 0 0
91700 -265.473 -1.67826 100 38 0 0 0 0 0 0 0 0 0 -2.04696 100 24 0.269425 100 24 0 0 0 0 0 0 0 0
91800 -266.173 -1.73797 100 36 0 0 0 0 0 0 0 0 0 -1.6718 100 23 -0.115142 100 17 0 0 0 0 0 0 0 0
91900 -266.236 -2.40188 100 46 0 0 0 0 0 0 0 0 0 -1.94036 100 18 0.1467 100 18 0 0 0 0 0 0 0 0
92000 -267.852 -2.57202 100 38 0 0 0 0 0 0 0 0 0 -2.02812 100 22 0.409853 100 16 0 0 0 0 0 0 0 0
92100 -266.034 -2.36872 100 36 0 0 0 0 0 0 0 0 0 -1.84447 100 19 0.000359087 100 15 0 0 0 0 0 0 0 0
92200 -267.033 -2.16747 100 38 0 0 0 0 0 0 0 0 0 -1.95315 100 16 -0.248613 100 16 0 0 0 0 0 0 0 0
92300 -267.98 -0.618576 100 34 0 0 0 0 0 0 0 0 0 -2.16867 100 22 0.629752 100 23 0 0 0 0 0 0 0 0
92400 -266.608 -1.23026 100 28 0 0 0 0 0 0 0 0 0 -1.95111 100 24 0.385225 100 10 0 0 0 0 0 0 0 0
92500 -265.535 -1.66978 100 38 0 0 0 0 0 0 0 0 0 -2.09592 100 21 0.26406 100 13 0 0 0 0 0 0 0 0
92600 -264.993 -1.4854 100 40 0 0 0 0 0 0 0 0 0 -1.90241 100 19 -0.0124302 100 15 0 0 0 0 0 0 0 0
92700 -265.824 -1.34912 100 35 0 0 0 0 0 0 0 0 0 -1.91552 100 29 -0.223028 100 10 0 0 0 0 0 0 0 0
92800 -265.843 -1.15976 100 42 0 0 0 0 0 0 0 0 0 -1.98357 100 13 -0.150582 100 15 0 0 0 0 0 0 0 0
92900 -267.042 -1.50291 100 41 0 0 0 0 0 0 0 0 0 -1.61971 100 18 -0.0849358 100 17 0 0 0 0 0 0 0 0
93000 -268.652 -3.32078 100 46 0 0 0 0 0 0 0 0 0 -2.04736 100 21 0.130374 100 16 0 0 0 0 0 0 0 0
93100 -266.999 -1.48047 100 44 0 0 0 0 0 0 0 0 0 -2.33378 100 20 0.449725 100 18 0 0 0 0 0 0 0 0
93200 -265.31 -1.8962 100 41 0 0 0 0 0 0 0 0 0 -1.86108 100 26 -0.000498011 100 22 0 0 0 0 0 0 0 0
93300 -265.52 -0.875486 100 44 0 0 0 0 0 0 0 0 0 -2.02573 100 28 0.0198302 100 16 0 0 0 0 0 0 0 0
93400 -266.255 -0.980218 100 32 0 0 0 0 0 0 0 0 0 -1.9408 100 27 0.314372 100 17 0 0 0 0 0 0 0 0
93500 -266.932 -2.30518 100 40 0 0 0 0 0 0 0 0 0 -2.1347 100 26 0.362718 100 15 0 0 0 0 0 0 0 0
93600 -265.896 -2.17809 100 44 0 0 0 0 0 0 0 0 0 -1.84955 100 18 -0.156805 100 18 0 0 0 0 0 0 0 0
93700 -268.198 -0.145007 100 38 0 0 0 0 0 0 0 0 0 -2.09339 100 17 0.379378 100 18 0 0 0 0 0 0 0 0
93800 -266.959 -2.55327 100 35 0 0 0 0 0 0 0 0 0 -2.02855 100 25 0.00531094 100 24 0 0 0 0 0 0 0 0
93900 -267.824 -2.85286 100 38 0 0 0 0 0 0 0 0 0 -2.11111 100 25 0.240343 100 19 0 0 0 0 0 0 0 0
94000 -265.459 -1.72768 100 33 0 0 0 0 0 0 0 0 0 -2.06885 100 27 0.220383 100 23 0 0 0 0 0 0 0 0
94100 -265.515 -0.931125 100 39 0 0 0 0 0 0 0 0 0 -1.86285 100 27 -0.00858253 100 18 0 0 0 0 0 0 0 0
94200 -265.653 -0.913982 100 37 0 0 0 0 0 0 0 0 0 -2.09279 100 19 0.346266 100 13 0 0 0 0 0 0 0 0
94300 -265.151 -1.16346 100 40 0 0 0 0 0 0 0 0 0 -1.93221 100 22 -0.0479728 100 23 0 0 0 0 0 0 0 0
94400 -265.746 -2.12522 100 33 0 0 0 0 0 0 0 0 0 -1.99556 100 25 0.116681 100 11 0 0 0 0 0 0 0 0
94500 -265.147 -1.66689 100 38 0 0 0 0 0 0 0 0 0 -1.98255 100 23 0.0538137 100 25 0 0 0 0 0 0 0 0
94600 -266.079 -1.76131 100 42 0 0 0 0 0 0 0 0 0 -1.67335 100 20 -0.151091 100 22 0 0 0 0 0 0 0 0
94700 -265.402 -1.94772 100 44 0 0 0 0 0 0 0 0 0 -1.9595 100 23 0.0490424 100 23 0 0 0 0 0 0 0 0
94800 -265.384 -1.92207 100 44 0 0 0 0 0 0 0 0 0 -1.88561 100 26 0.0712275 100 21 0 0 0 0 0 0 0 0
94900 -266.795 -2.35835 100 40 0 0 0 0 0 0 0 0 0 -1.95152 100 21 0.285556 100 16 0 0 0 0 0 0 0 0
95000 -268.328 -1.86357 100 39 0 0 0 0 0 0 0 0 0 -1.702 100 20 0.202851 100 17 0 0 0 0 0 0 0 0
95100 -265.348 -0.8976 100 40 0 0 0 0 0 0 0 0 0 -1.95962 100 24 0.12921 100 19 0 0 0 0 0 0 0 0
95200 -269.527 -1.59652 100 34 0 0 0 0 0 0 0 0 0 -2.50712 100 21 0.787574 100 16 0 0 0 0 0 0 0 0
95300 -265.831 -1.76852 100 33 0 0 0 0 0 0 0 0 0 -1.87572 100 19 -0.231074 100 20 0 0 0 0 0 0 0 0
95400 -265.716 -2.14444 100 37 0 0 0 0 0 0 0 0 0 -1.96978 100 28 0.105298 100 18 0 0 0 0 0 0 0 0
95500 -266.252 -0.884406 100 35 0 0 0 0 0 0 0 0 0 -2.27467 100 31 0.411886 100 15 0 0 0 0 0 0 0 0
95600 -268.501 -2.34525 100 38 0 0 0 0 0 0 0 0 0 -1.50481 100 26 -0.252786 100 9 0 0 0 0 0 0 0 0
95700 -265.365 -1.93152 100 49 0 0 0 0 0 0 0 0 0 -1.84752 100 20 -0.0543457 100 15 0 0 0 0 0 0 0 0
95800 -266.702 -2.15774 100 38 0 0 0 0 0 0 0 0 0 -1.90979 100 22 -0.257332 100 15 0 0 0 0 0 0 0 0
95900 -265.048 -1.25625 100 33 0 0 0 0 0 0 0 0 0 -1.98202 100 25 0.170343 100 12 0 0 0 0 0 0 0 0
96000 -266.016 -1.83137 100 37 0 0 0 0 0 0 0 0 0 -1.96336 100 26 -0.159333 100 16 0 0 0 0 0 0 0 0
96100 -265.166 -1.73377 100 41 0 0 0 0 0 0 0 0 0 -1.86763 100 21 0.0223107 100 22 0 0 0 0 0 0 0 0
96200 -267.042 -1.11846 100 42 0 0 0 0 0 0 0 0 0 -1.62375 100 24 -0.242311 100 19 0 0 0 0 0 0 0 0
96300 -265.215 -1.2422 100 31 0 0 0 0 0 0 0 0 0 -1.84102 100 19 -0.0957685 100 17 0 0 0 0 0 0 0 0
96400 -265.376 -1.60631 100 39 0 0 0 0 0 0 0 0 0 -1.8998 100 23 0.166688 100 15 0 0 0 0 0 0 0 0
96500 -265.726 -2.13018 100 28 0 0 0 0 0 0 0 0 0 -1.93679 100 20 0.134241 100 23 0 0 0 0 0 0 0 0
96600 -265.411 -1.03774 100 41 0 0 0 0 0 0 0 0 0 -2.08246 100 28 0.0860472 100 17 0 0 0 0 0 0 0 0
96700 -265.187 -1.73631 100 40 0 0 0 0 0 0 0 0 0 -1.88552 100 21 -0.0639809 100 18 0 0 0 0 0 0 0 0
96800 -265.4 -1.57349 100 42 0 0 0 0 0 0 0 0 0 -2.08086 100 27 0.127787 100 16 0 0 0 0 0 0 0 0
96900 -266.551 -0.748771 100 38 0 0 0 0 0 0 0 0 0 -2.00128 100 19 0.368374 100 17 0 0 0 0 0 0 0 0
97000 -265.612 -2.00456 100 45 0 0 0 0 0 0 0 0 0 -1.88809 100 19 -0.114958 100 12 0 0 0 0 0 0 0 0
97100 -265.651 -1.55637 100 37 0 0 0 0 0 0 0 0 0 -1.75061 100 21 -0.0251665 100 20 0 0 0 0 0 0 0 0
97200 -268.982 -2.32666 100 42 0 0 0 0 0 0 0 0 0 -1.53527 100 28 -0.0821684 100 19 0 0 0 0 0 0 0 0
97300 -265.025 -1.17534 100 36 0 0 0 0 0 0 0 0 0 -1.98838 100 16 0.143505 100 19 0 0 0 0 0 0 0 0
97400 -266.944 -1.39268 100 36 0 0 0 0 0 0 0 0 0 -2.26106 100 20 0.584715 100 17 0 0 0 0 0 0 0 0
97500 -265.673 -1.76016 100 39 0 0 0 0 0 0 0 0 0 -2.03351 100 25 -0.00502639 100 24 0 0 0 0 0 0 0 0
97600 -269.694 -2.06704 100 38 0 0 0 0 0 0 0 0 0 -1.40091 100 23 -0.540288 100 20 0 0 0 0 0 0 0 0
97700 -266.177 -1.98669 100 28 0 0 0 0 0 0 0 0 0 -1.86676 100 24 -0.25773 100 16 0 0 0 0 0 0 0 0
97800 -265.113 -1.61812 100 40 0 0 0 0 0 0 0 0 0 -1.96446 100 20 0.144054 100 13 0 0 0 0 0 0 0 0
97900 -265.469 -1.28347 100 44 0 0 0 0 0 0 0 0 0 -1.78815 100 24 -0.0174814 100 17 0 0 0 0 0 0 0 0
98000 -265.359 -0.892707 100 28 0 0 0 0 0 0 0 0 0 -2.00246 100 25 0.190192 100 23 0 0 0 0 0 0 0 0
98100 -267.29 -1.79119 100 43 0 0 0 0 0 0 0 0 0 -1.68962 100 19 -0.518779 100 20 0 0 0 0 0 0 0 0
98200 -269.181 -1.88501 100 44 0 0 0 0 0 0 0 0 0 -2.45529 100 18 0.687183 100 24 0 0 0 0 0 0 0 0
98300 -266.704 -1.62882 100 44 0 0 0 0 0 0 0 0 0 -2.20679 100 26 0.518319 100 21 0 0 0 0 0 0 0 0
98400 -266.551 -2.1612 100 36 0 0 0 0 0 0 0 0 0 -2.14474 100 17 0.30161 100 25 0 0 0 0 0 0 0 0
98500 -265.489 -1.4748 100 34 0 0 0 0 0 0 0 0 0 -1.94968 100 22 0.249865 100 21 0 0 0 0 0 0 0 0
98600 -270.281 -1.35029 100 36 0 0 0 0 0 0 0 0 0 -2.07574 100 18 -0.466724 100 17 0 0 0 0 0 0 0 0
98700 -265.694 -1.31601 100 35 0 0 0 0 0 0 0 0 0 -1.77568 100 25 -0.249265 100 14 0 0 0 0 0 0 0 0
98800 -265.858 -1.2017 100 38 0 0 0 0 0 0 0 0 0 -2.17328 100 18 0.425201 100 22 0 0 0 0 0 0 0 0
98900 -265.677 -1.95259 100 38 0 0 0 0 0 0 0 0 0 -1.80239 100 26 0.0314064 100 15 0 0 0 0 0 0 0 0
99000 -267.937 -1.1396 100 31 0 0 0 0 0 0 0 0 0 -1.6245 100 20 -0.0133182 100 21 0 0 0 0 0 0 0 0
99100 -266.225 -1.75054 100 46 0 0 0 0 0 0 0 0 0 -1.70588 100 21 -0.00955229 100 15 0 0 0 0 0 0 0 0
99200 -267.033 -2.33714 100 40 0 0 0 0 0 0 0 0 0 -2.09161 100 22 0.385021 100 22 0 0 0 0 0 0 0 0
99300 -267.3 -1.99375 100 47 0 0 0 0 0 0 0 0 0 -2.28132 100 21 0.388248 100 17 0 0 0 0 0 0 0 0
99400 -266.411 -1.61174 100 42 0 0 0 0 0 0 0 0 0 -1.8141 100 24 -0.373487 100 14 0 0 0 0 0 0 0 0
99500 -265.051 -1.26071 100 42 0 0 0 0 0 0 0 0 0 -1.93874 100 26 -0.0233277 100 17 0 0 0 0 0 0 0 0
99600 -265.223 -1.34943 100 32 0 0 0 0 0 0 0 0 0 -2.05039 100 21 0.0707735 100 28 0 0 0 0 0 0 0 0
99700 -266.109 -0.787003 100 35 0 0 0 0 0 0 0 0 0 -2.02493 100 29 -0.0775564 100 15 0 0 0 0 0 0 0 0
99800 -265.381 -1.76982 100 37 0 0 0 0 0 0 0 0 0 -1.99998 100 16 0.0223476 100 18 0 0 0 0 0 0 0 0
99900 -270.011 -2.25666 100 33 0 0 0 0 0 0 0 0 0 -1.43388 100 27 -0.223775 100 12 0 0 0 0 0 0 0 0
100000 -265.987 -2.33867 100 32 0 0 0 0 0 0 0 0 0 -1.8229 100 23 -0.0610638 100 13 0 0 0 0 0 0 0 0
