iteration logLik intercept1 intercept1_p intercept1_a pcov2 pcov2_p pcov2_a pcov3 pcov3_p pcov3_a pcov4 pcov4_p pcov4_a intercept2 intercept2_p intercept2_a intercept3 intercept3_p intercept3_a intercept4 intercept4_p intercept4_a pcov pcov_p pcov_a data_p data_a
0 -2.99696e+07 6.99723 0 0 0 0 0 0 0 0 0 0 0 6.43897 0 0 -7.63208 0 0 0 0 0 0 0 0 0 0
100 -355.781 -1.26733 100 38 0 0 0 0 0 0 0 0 0 -1.23672 100 28 -0.895229 100 28 0 0 0 0 0 0 0 0
200 -355.577 -1.09815 100 32 0 0 0 0 0 0 0 0 0 -1.37652 100 14 -0.531897 100 25 0 0 0 0 0 0 0 0
300 -354.796 -1.06464 100 24 0 0 0 0 0 0 0 0 0 -1.44768 100 9 -0.540779 100 23 0 0 0 0 0 0 0 0
400 -354.607 -0.786761 100 24 0 0 0 0 0 0 0 0 0 -1.5146 100 19 -0.52057 100 29 0 0 0 0 0 0 0 0
500 -356.641 -2.39066 100 31 0 0 0 0 0 0 0 0 0 -1.45085 100 18 -0.891282 100 24 0 0 0 0 0 0 0 0
600 -355.944 -2.11614 100 35 0 0 0 0 0 0 0 0 0 -1.34826 100 18 -0.979821 100 29 0 0 0 0 0 0 0 0
700 -357.477 -0.365542 100 30 0 0 0 0 0 0 0 0 0 -1.62934 100 21 -1.22219 100 20 0 0 0 0 0 0 0 0
800 -355.101 -0.636003 100 37 0 0 0 0 0 0 0 0 0 -1.57527 100 18 -0.435511 100 22 0 0 0 0 0 0 0 0
900 -354.215 -1.14043 100 33 0 0 0 0 0 0 0 0 0 -1.45354 100 19 -1.00984 100 14 0 0 0 0 0 0 0 0
1000 -355.48 -1.04345 100 39 0 0 0 0 0 0 0 0 0 -1.3148 100 23 -1.31135 100 22 0 0 0 0 0 0 0 0
1100 -357.82 -2.38048 100 37 0 0 0 0 0 0 0 0 0 -1.22742 100 14 -0.959066 100 22 0 0 0 0 0 0 0 0
1200 -355.551 -0.457729 100 27 0 0 0 0 0 0 0 0 0 -1.40977 100 17 -1.21947 100 22 0 0 0 0 0 0 0 0
1300 -355.832 -1.02578 100 30 0 0 0 0 0 0 0 0 0 -1.66836 100 24 -0.870762 100 25 0 0 0 0 0 0 0 0
1400 -360.604 -2.11031 100 30 0 0 0 0 0 0 0 0 0 -1.52857 100 21 -1.55454 100 17 0 0 0 0 0 0 0 0
1500 -354.567 -0.949324 100 30 0 0 0 0 0 0 0 0 0 -1.546 100 27 -0.972411 100 24 0 0 0 0 0 0 0 0
1600 -354.857 -0.461053 100 30 0 0 0 0 0 0 0 0 0 -1.5898 100 29 -0.856574 100 25 0 0 0 0 0 0 0 0
1700 -354.564 -0.624184 100 31 0 0 0 0 0 0 0 0 0 -1.4959 100 23 -1.03361 100 18 0 0 0 0 0 0 0 0
1800 -355.282 -0.610631 100 29 0 0 0 0 0 0 0 0 0 -1.50007 100 28 -0.445236 100 14 0 0 0 0 0 0 0 0
1900 -354.17 -0.815934 100 31 0 0 0 0 0 0 0 0 0 -1.52079 100 20 -0.630293 100 23 0 0 0 0 0 0 0 0
2000 -355.452 -1.07924 100 38 0 0 0 0 0 0 0 0 0 -1.49345 100 19 -0.413968 100 19 0 0 0 0 0 0 0 0
2100 -354.392 -1.20624 100 36 0 0 0 0 0 0 0 0 0 -1.33842 100 12 -0.968151 100 29 0 0 0 0 0 0 0 0
2200 -355.696 -0.918884 100 33 0 0 0 0 0 0 0 0 0 -1.23379 100 18 -1.05201 100 19 0 0 0 0 0 0 0 0
2300 -355.271 -1.64828 100 33 0 0 0 0 0 0 0 0 0 -1.53048 100 28 -0.587299 100 24 0 0 0 0 0 0 0 0
2400 -354.124 -1.25907 100 34 0 0 0 0 0 0 0 0 0 -1.48776 100 14 -0.792018 100 16 0 0 0 0 0 0 0 0
2500 -354.763 -0.704056 100 37 0 0 0 0 0 0 0 0 0 -1.5629 100 15 -0.490072 100 17 0 0 0 0 0 0 0 0
2600 -354.326 -1.16511 100 36 0 0 0 0 0 0 0 0 0 -1.35084 100 20 -0.865946 100 26 0 0 0 0 0 0 0 0
2700 -357.258 -2.32525 100 30 0 0 0 0 0 0 0 0 0 -1.40072 100 14 -1.21752 100 18 0 0 0 0 0 0 0 0
2800 -355.584 -1.33569 100 31 0 0 0 0 0 0 0 0 0 -1.63 100 14 -0.478408 100 20 0 0 0 0 0 0 0 0
2900 -354.262 -0.961825 100 31 0 0 0 0 0 0 0 0 0 -1.55503 100 16 -0.638339 100 27 0 0 0 0 0 0 0 0
3000 -355.552 -1.25339 100 41 0 0 0 0 0 0 0 0 0 -1.30384 100 16 -0.692933 100 27 0 0 0 0 0 0 0 0
3100 -355.932 -2.05834 100 30 0 0 0 0 0 0 0 0 0 -1.35618 100 16 -1.07915 100 22 0 0 0 0 0 0 0 0
3200 -354.763 -1.27698 100 30 0 0 0 0 0 0 0 0 0 -1.50599 100 24 -1.03973 100 21 0 0 0 0 0 0 0 0
3300 -354.429 -1.51369 100 33 0 0 0 0 0 0 0 0 0 -1.42692 100 17 -0.903388 100 20 0 0 0 0 0 0 0 0
3400 -355.436 -1.263 100 33 0 0 0 0 0 0 0 0 0 -1.24449 100 28 -1.04787 100 25 0 0 0 0 0 0 0 0
3500 -354.016 -0.895683 100 32 0 0 0 0 0 0 0 0 0 -1.4677 100 20 -0.946279 100 20 0 0 0 0 0 0 0 0
3600 -355.899 -2.04764 100 30 0 0 0 0 0 0 0 0 0 -1.51503 100 20 -0.748664 100 16 0 0 0 0 0 0 0 0
3700 -355.238 -1.45459 100 38 0 0 0 0 0 0 0 0 0 -1.36037 100 19 -0.653495 100 21 0 0 0 0 0 0 0 0
3800 -354.573 -0.894352 100 34 0 0 0 0 0 0 0 0 0 -1.60873 100 9 -0.720513 100 15 0 0 0 0 0 0 0 0
3900 -356.296 -0.177424 100 38 0 0 0 0 0 0 0 0 0 -1.52967 100 19 -1.12508 100 22 0 0 0 0 0 0 0 0
4000 -355.184 -0.456474 100 29 0 0 0 0 0 0 0 0 0 -1.59704 100 25 -0.933215 100 20 0 0 0 0 0 0 0 0
4100 -355.833 -2.04424 100 42 0 0 0 0 0 0 0 0 0 -1.50612 100 25 -0.793317 100 19 0 0 0 0 0 0 0 0
4200 -354.862 -0.780458 100 29 0 0 0 0 0 0 0 0 0 -1.45492 100 20 -1.17329 100 25 0 0 0 0 0 0 0 0
4300 -354.66 -0.59979 100 30 0 0 0 0 0 0 0 0 0 -1.35832 100 23 -0.877818 100 25 0 0 0 0 0 0 0 0
4400 -357.271 -0.199947 100 34 0 0 0 0 0 0 0 0 0 -1.63559 100 21 -0.242337 100 22 0 0 0 0 0 0 0 0
4500 -355.706 -0.161201 100 36 0 0 0 0 0 0 0 0 0 -1.58459 100 16 -0.520508 100 16 0 0 0 0 0 0 0 0
4600 -355.26 -0.649673 100 29 0 0 0 0 0 0 0 0 0 -1.38267 100 17 -1.24013 100 24 0 0 0 0 0 0 0 0
4700 -354.085 -1.23462 100 45 0 0 0 0 0 0 0 0 0 -1.46561 100 17 -0.886621 100 21 0 0 0 0 0 0 0 0
4800 -355.391 -0.884568 100 26 0 0 0 0 0 0 0 0 0 -1.49494 100 19 -1.22686 100 18 0 0 0 0 0 0 0 0
4900 -355.994 -1.78515 100 35 0 0 0 0 0 0 0 0 0 -1.56508 100 13 -0.514748 100 26 0 0 0 0 0 0 0 0
5000 -354.481 -0.495829 100 35 0 0 0 0 0 0 0 0 0 -1.41514 100 26 -0.861782 100 19 0 0 0 0 0 0 0 0
5100 -356.227 -2.17471 100 34 0 0 0 0 0 0 0 0 0 -1.32378 100 23 -0.932956 100 25 0 0 0 0 0 0 0 0
5200 -357.62 -1.96305 100 40 0 0 0 0 0 0 0 0 0 -1.41399 100 30 -1.41833 100 22 0 0 0 0 0 0 0 0
5300 -355.847 -0.880422 100 35 0 0 0 0 0 0 0 0 0 -1.23379 100 16 -1.16348 100 24 0 0 0 0 0 0 0 0
5400 -357.934 -2.06203 100 33 0 0 0 0 0 0 0 0 0 -1.68843 100 16 -0.698018 100 21 0 0 0 0 0 0 0 0
5500 -356.535 -1.50461 100 36 0 0 0 0 0 0 0 0 0 -1.19791 100 20 -1.23176 100 21 0 0 0 0 0 0 0 0
5600 -357.111 -0.711228 100 38 0 0 0 0 0 0 0 0 0 -1.18806 100 15 -0.967051 100 21 0 0 0 0 0 0 0 0
5700 -354.471 -0.63601 100 35 0 0 0 0 0 0 0 0 0 -1.45915 100 22 -1.04746 100 25 0 0 0 0 0 0 0 0
5800 -354.312 -0.725631 100 23 0 0 0 0 0 0 0 0 0 -1.57189 100 19 -0.783032 100 18 0 0 0 0 0 0 0 0
5900 -354.994 -0.638153 100 37 0 0 0 0 0 0 0 0 0 -1.40841 100 27 -1.18669 100 18 0 0 0 0 0 0 0 0
6000 -355.813 -2.03964 100 38 0 0 0 0 0 0 0 0 0 -1.39456 100 29 -0.738433 100 29 0 0 0 0 0 0 0 0
6100 -354.26 -0.554377 100 39 0 0 0 0 0 0 0 0 0 -1.53458 100 21 -0.717495 100 22 0 0 0 0 0 0 0 0
6200 -355.222 -1.66604 100 28 0 0 0 0 0 0 0 0 0 -1.36093 100 21 -1.13888 100 18 0 0 0 0 0 0 0 0
6300 -354.648 -0.852639 100 22 0 0 0 0 0 0 0 0 0 -1.31603 100 20 -0.982681 100 21 0 0 0 0 0 0 0 0
6400 -355.992 -1.95673 100 36 0 0 0 0 0 0 0 0 0 -1.55621 100 17 -0.660377 100 21 0 0 0 0 0 0 0 0
6500 -354.669 -0.469229 100 32 0 0 0 0 0 0 0 0 0 -1.40128 100 7 -0.952922 100 22 0 0 0 0 0 0 0 0
6600 -353.925 -1.07434 100 31 0 0 0 0 0 0 0 0 0 -1.47133 100 27 -0.801909 100 18 0 0 0 0 0 0 0 0
6700 -356.12 -1.27699 100 38 0 0 0 0 0 0 0 0 0 -1.20562 100 15 -1.16351 100 32 0 0 0 0 0 0 0 0
6800 -359.067 -1.46905 100 30 0 0 0 0 0 0 0 0 0 -1.07779 100 23 -1.1786 100 27 0 0 0 0 0 0 0 0
6900 -357.395 -1.93841 100 30 0 0 0 0 0 0 0 0 0 -1.25297 100 21 -0.702415 100 19 0 0 0 0 0 0 0 0
7000 -355.657 -0.251863 100 28 0 0 0 0 0 0 0 0 0 -1.54243 100 17 -0.479161 100 29 0 0 0 0 0 0 0 0
7100 -355.05 -1.35631 100 44 0 0 0 0 0 0 0 0 0 -1.49078 100 25 -1.1076 100 24 0 0 0 0 0 0 0 0
7200 -356.668 -2.35483 100 30 0 0 0 0 0 0 0 0 0 -1.41176 100 21 -1.03311 100 30 0 0 0 0 0 0 0 0
7300 -354.629 -0.75196 100 31 0 0 0 0 0 0 0 0 0 -1.57327 100 18 -0.521121 100 20 0 0 0 0 0 0 0 0
7400 -354.316 -0.526376 100 30 0 0 0 0 0 0 0 0 0 -1.54216 100 15 -0.757781 100 25 0 0 0 0 0 0 0 0
7500 -354.163 -0.925414 100 38 0 0 0 0 0 0 0 0 0 -1.51804 100 20 -0.631722 100 26 0 0 0 0 0 0 0 0
7600 -355.19 -1.5333 100 34 0 0 0 0 0 0 0 0 0 -1.29674 100 19 -0.877772 100 22 0 0 0 0 0 0 0 0
7700 -355.706 -1.29653 100 35 0 0 0 0 0 0 0 0 0 -1.49134 100 19 -1.23781 100 19 0 0 0 0 0 0 0 0
7800 -356.826 -1.99913 100 33 0 0 0 0 0 0 0 0 0 -1.61895 100 17 -0.554325 100 24 0 0 0 0 0 0 0 0
7900 -354.529 -1.24767 100 43 0 0 0 0 0 0 0 0 0 -1.56031 100 21 -0.798729 100 29 0 0 0 0 0 0 0 0
8000 -354.843 -1.47768 100 41 0 0 0 0 0 0 0 0 0 -1.33299 100 25 -0.828896 100 21 0 0 0 0 0 0 0 0
8100 -354.648 -1.33679 100 32 0 0 0 0 0 0 0 0 0 -1.33788 100 21 -0.821531 100 25 0 0 0 0 0 0 0 0
8200 -354.461 -1.41481 100 39 0 0 0 0 0 0 0 0 0 -1.37096 100 20 -1.00249 100 23 0 0 0 0 0 0 0 0
8300 -354.756 -0.998883 100 39 0 0 0 0 0 0 0 0 0 -1.39067 100 26 -0.624079 100 20 0 0 0 0 0 0 0 0
8400 -354.212 -0.829408 100 39 0 0 0 0 0 0 0 0 0 -1.39735 100 13 -0.75926 100 22 0 0 0 0 0 0 0 0
8500 -354.027 -0.7907 100 33 0 0 0 0 0 0 0 0 0 -1.52611 100 23 -0.735024 100 26 0 0 0 0 0 0 0 0
8600 -354.484 -1.35925 100 31 0 0 0 0 0 0 0 0 0 -1.39429 100 26 -0.732959 100 15 0 0 0 0 0 0 0 0
8700 -355.98 -0.817088 100 32 0 0 0 0 0 0 0 0 0 -1.33545 100 23 -1.38798 100 22 0 0 0 0 0 0 0 0
8800 -354.63 -0.597134 100 26 0 0 0 0 0 0 0 0 0 -1.42357 100 19 -1.08353 100 16 0 0 0 0 0 0 0 0
8900 -354.466 -0.926563 100 27 0 0 0 0 0 0 0 0 0 -1.57162 100 7 -0.865813 100 23 0 0 0 0 0 0 0 0
9000 -355.709 -1.85715 100 37 0 0 0 0 0 0 0 0 0 -1.36783 100 25 -0.693515 100 17 0 0 0 0 0 0 0 0
9100 -357.574 -0.13058 100 33 0 0 0 0 0 0 0 0 0 -1.3222 100 18 -0.713537 100 18 0 0 0 0 0 0 0 0
9200 -355.681 -1.13626 100 39 0 0 0 0 0 0 0 0 0 -1.24132 100 16 -1.2079 100 22 0 0 0 0 0 0 0 0
9300 -354.614 -1.0267 100 26 0 0 0 0 0 0 0 0 0 -1.43792 100 12 -1.14535 100 27 0 0 0 0 0 0 0 0
9400 -355.053 -1.55923 100 33 0 0 0 0 0 0 0 0 0 -1.56391 100 22 -0.723478 100 15 0 0 0 0 0 0 0 0
9500 -354.529 -0.919194 100 40 0 0 0 0 0 0 0 0 0 -1.46375 100 18 -0.56539 100 22 0 0 0 0 0 0 0 0
9600 -355.686 -1.98702 100 35 0 0 0 0 0 0 0 0 0 -1.47789 100 21 -0.936877 100 25 0 0 0 0 0 0 0 0
9700 -355.515 -1.24776 100 34 0 0 0 0 0 0 0 0 0 -1.41255 100 21 -1.30348 100 31 0 0 0 0 0 0 0 0
9800 -354.931 -0.890783 100 29 0 0 0 0 0 0 0 0 0 -1.64396 100 16 -0.593721 100 20 0 0 0 0 0 0 0 0
9900 -356.351 -1.4451 100 33 0 0 0 0 0 0 0 0 0 -1.25454 100 20 -1.36945 100 28 0 0 0 0 0 0 0 0
10000 -357.252 -0.984596 100 27 0 0 0 0 0 0 0 0 0 -1.76095 100 19 -0.279608 100 25 0 0 0 0 0 0 0 0
10100 -355.083 -1.41175 100 33 0 0 0 0 0 0 0 0 0 -1.28323 100 18 -0.952319 100 21 0 0 0 0 0 0 0 0
10200 -354.584 -0.583335 100 28 0 0 0 0 0 0 0 0 0 -1.59226 100 13 -0.793639 100 27 0 0 0 0 0 0 0 0
10300 -354.048 -1.22466 100 34 0 0 0 0 0 0 0 0 0 -1.47245 100 28 -0.811014 100 26 0 0 0 0 0 0 0 0
10400 -356.951 -0.705252 100 22 0 0 0 0 0 0 0 0 0 -1.30367 100 18 -1.48879 100 15 0 0 0 0 0 0 0 0
10500 -354.662 -0.71228 100 31 0 0 0 0 0 0 0 0 0 -1.47889 100 16 -0.543664 100 25 0 0 0 0 0 0 0 0
10600 -354.853 -0.870315 100 33 0 0 0 0 0 0 0 0 0 -1.61528 100 17 -0.841547 100 17 0 0 0 0 0 0 0 0
10700 -356.895 -0.843791 100 34 0 0 0 0 0 0 0 0 0 -1.1873 100 17 -1.2585 100 29 0 0 0 0 0 0 0 0
10800 -354.676 -0.401681 100 28 0 0 0 0 0 0 0 0 0 -1.49462 100 23 -0.938123 100 18 0 0 0 0 0 0 0 0
10900 -354.046 -0.845972 100 26 0 0 0 0 0 0 0 0 0 -1.52003 100 24 -0.687534 100 25 0 0 0 0 0 0 0 0
11000 -354.339 -0.817378 100 30 0 0 0 0 0 0 0 0 0 -1.36823 100 21 -1.03168 100 27 0 0 0 0 0 0 0 0
11100 -356.015 -0.0628229 100 24 0 0 0 0 0 0 0 0 0 -1.57728 100 17 -0.547334 100 23 0 0 0 0 0 0 0 0
11200 -356.659 -1.33808 100 42 0 0 0 0 0 0 0 0 0 -1.66286 100 20 -0.971728 100 26 0 0 0 0 0 0 0 0
11300 -355.124 -0.992259 100 32 0 0 0 0 0 0 0 0 0 -1.65518 100 21 -0.6706 100 16 0 0 0 0 0 0 0 0
11400 -354.323 -0.803816 100 37 0 0 0 0 0 0 0 0 0 -1.52969 100 21 -0.943299 100 19 0 0 0 0 0 0 0 0
11500 -356.696 -0.336157 100 27 0 0 0 0 0 0 0 0 0 -1.66674 100 16 -0.272322 100 25 0 0 0 0 0 0 0 0
11600 -356.287 -1.73236 100 31 0 0 0 0 0 0 0 0 0 -1.50698 100 20 -1.1758 100 28 0 0 0 0 0 0 0 0
11700 -354.681 -1.11229 100 35 0 0 0 0 0 0 0 0 0 -1.39564 100 12 -1.17388 100 28 0 0 0 0 0 0 0 0
11800 -355.297 -1.83423 100 26 0 0 0 0 0 0 0 0 0 -1.34464 100 19 -1.00236 100 23 0 0 0 0 0 0 0 0
11900 -355.142 -1.27143 100 35 0 0 0 0 0 0 0 0 0 -1.62692 100 22 -0.635393 100 25 0 0 0 0 0 0 0 0
12000 -354.778 -1.38249 100 33 0 0 0 0 0 0 0 0 0 -1.3205 100 14 -1.07662 100 24 0 0 0 0 0 0 0 0
12100 -354.475 -0.655221 100 37 0 0 0 0 0 0 0 0 0 -1.39098 100 18 -1.0435 100 22 0 0 0 0 0 0 0 0
12200 -354.188 -0.637701 100 26 0 0 0 0 0 0 0 0 0 -1.47684 100 26 -0.935941 100 24 0 0 0 0 0 0 0 0
12300 -355.337 -0.456301 100 29 0 0 0 0 0 0 0 0 0 -1.63648 100 19 -0.853636 100 28 0 0 0 0 0 0 0 0
12400 -357.335 -2.59643 100 28 0 0 0 0 0 0 0 0 0 -1.47181 100 18 -0.80167 100 12 0 0 0 0 0 0 0 0
12500 -354.555 -0.949746 100 33 0 0 0 0 0 0 0 0 0 -1.35086 100 18 -0.762891 100 16 0 0 0 0 0 0 0 0
12600 -355.552 -0.731445 100 35 0 0 0 0 0 0 0 0 0 -1.43377 100 16 -0.465663 100 21 0 0 0 0 0 0 0 0
12700 -356.443 -0.0139165 100 30 0 0 0 0 0 0 0 0 0 -1.53081 100 19 -0.535609 100 15 0 0 0 0 0 0 0 0
12800 -355.745 -0.967228 100 36 0 0 0 0 0 0 0 0 0 -1.22926 100 20 -1.01258 100 22 0 0 0 0 0 0 0 0
12900 -354.612 -1.01356 100 34 0 0 0 0 0 0 0 0 0 -1.49781 100 10 -0.52939 100 24 0 0 0 0 0 0 0 0
13000 -357.922 -1.65814 100 33 0 0 0 0 0 0 0 0 0 -1.1602 100 29 -1.41144 100 22 0 0 0 0 0 0 0 0
13100 -356.906 -1.17171 100 38 0 0 0 0 0 0 0 0 0 -1.50494 100 32 -1.39963 100 26 0 0 0 0 0 0 0 0
13200 -355.82 -0.798277 100 41 0 0 0 0 0 0 0 0 0 -1.71415 100 21 -0.658722 100 26 0 0 0 0 0 0 0 0
13300 -355.293 -1.59717 100 35 0 0 0 0 0 0 0 0 0 -1.56721 100 19 -0.843633 100 22 0 0 0 0 0 0 0 0
13400 -356.431 -0.722505 100 39 0 0 0 0 0 0 0 0 0 -1.54807 100 22 -1.28972 100 25 0 0 0 0 0 0 0 0
13500 -355.399 -0.540492 100 42 0 0 0 0 0 0 0 0 0 -1.37676 100 16 -1.22001 100 28 0 0 0 0 0 0 0 0
13600 -354.467 -1.31978 100 39 0 0 0 0 0 0 0 0 0 -1.4445 100 19 -1.04362 100 23 0 0 0 0 0 0 0 0
13700 -355.963 -0.106005 100 37 0 0 0 0 0 0 0 0 0 -1.62394 100 27 -0.811125 100 24 0 0 0 0 0 0 0 0
13800 -354.241 -1.37667 100 39 0 0 0 0 0 0 0 0 0 -1.41476 100 19 -0.924913 100 19 0 0 0 0 0 0 0 0
13900 -354.429 -1.46875 100 47 0 0 0 0 0 0 0 0 0 -1.39484 100 13 -0.825671 100 21 0 0 0 0 0 0 0 0
14000 -356.851 -2.05427 100 30 0 0 0 0 0 0 0 0 0 -1.61233 100 20 -0.763185 100 20 0 0 0 0 0 0 0 0
14100 -356.36 -1.86476 100 33 0 0 0 0 0 0 0 0 0 -1.42115 100 15 -1.25972 100 18 0 0 0 0 0 0 0 0
14200 -356.131 -0.157857 100 34 0 0 0 0 0 0 0 0 0 -1.39822 100 23 -1.06352 100 26 0 0 0 0 0 0 0 0
14300 -354.362 -1.36042 100 40 0 0 0 0 0 0 0 0 0 -1.44777 100 20 -0.701253 100 19 0 0 0 0 0 0 0 0
14400 -355.739 -1.0624 100 31 0 0 0 0 0 0 0 0 0 -1.69557 100 18 -0.643256 100 23 0 0 0 0 0 0 0 0
14500 -356.933 -1.81169 100 34 0 0 0 0 0 0 0 0 0 -1.64492 100 23 -0.86479 100 24 0 0 0 0 0 0 0 0
14600 -355.865 -0.751529 100 32 0 0 0 0 0 0 0 0 0 -1.44526 100 16 -1.34027 100 21 0 0 0 0 0 0 0 0
14700 -354.091 -1.20184 100 34 0 0 0 0 0 0 0 0 0 -1.395 100 13 -0.862626 100 11 0 0 0 0 0 0 0 0
14800 -355.53 -0.113553 100 35 0 0 0 0 0 0 0 0 0 -1.49676 100 21 -0.804209 100 17 0 0 0 0 0 0 0 0
14900 -356.741 -2.29729 100 35 0 0 0 0 0 0 0 0 0 -1.33973 100 14 -1.12715 100 21 0 0 0 0 0 0 0 0
15000 -355.535 -1.12691 100 32 0 0 0 0 0 0 0 0 0 -1.46469 100 28 -0.430334 100 24 0 0 0 0 0 0 0 0
15100 -354.472 -1.34106 100 29 0 0 0 0 0 0 0 0 0 -1.37106 100 22 -1.05497 100 26 0 0 0 0 0 0 0 0
15200 -356.094 -1.22928 100 33 0 0 0 0 0 0 0 0 0 -1.6538 100 13 -0.927275 100 34 0 0 0 0 0 0 0 0
15300 -356.656 0.014525 100 31 0 0 0 0 0 0 0 0 0 -1.58218 100 18 -0.953258 100 23 0 0 0 0 0 0 0 0
15400 -354.099 -1.13466 100 40 0 0 0 0 0 0 0 0 0 -1.44647 100 12 -0.973892 100 22 0 0 0 0 0 0 0 0
15500 -354.689 -1.23806 100 32 0 0 0 0 0 0 0 0 0 -1.57082 100 17 -0.595202 100 17 0 0 0 0 0 0 0 0
15600 -354.247 -0.820977 100 40 0 0 0 0 0 0 0 0 0 -1.57088 100 20 -0.72691 100 19 0 0 0 0 0 0 0 0
15700 -354.658 -1.27499 100 34 0 0 0 0 0 0 0 0 0 -1.45827 100 25 -0.586477 100 20 0 0 0 0 0 0 0 0
15800 -355.224 -1.32684 100 32 0 0 0 0 0 0 0 0 0 -1.45165 100 13 -0.507483 100 16 0 0 0 0 0 0 0 0
15900 -356.27 -0.317723 100 36 0 0 0 0 0 0 0 0 0 -1.72314 100 17 -0.690473 100 32 0 0 0 0 0 0 0 0
16000 -357.504 -1.52921 100 41 0 0 0 0 0 0 0 0 0 -1.58839 100 22 -0.233103 100 21 0 0 0 0 0 0 0 0
16100 -356.334 -0.569975 100 28 0 0 0 0 0 0 0 0 0 -1.24456 100 21 -0.933683 100 22 0 0 0 0 0 0 0 0
16200 -354.941 -1.62712 100 39 0 0 0 0 0 0 0 0 0 -1.51873 100 17 -0.687718 100 23 0 0 0 0 0 0 0 0
16300 -354.867 -1.73602 100 29 0 0 0 0 0 0 0 0 0 -1.39753 100 21 -0.888379 100 19 0 0 0 0 0 0 0 0
16400 -356.152 -0.254395 100 28 0 0 0 0 0 0 0 0 0 -1.42087 100 18 -1.20232 100 21 0 0 0 0 0 0 0 0
16500 -354.997 -0.516272 100 29 0 0 0 0 0 0 0 0 0 -1.53605 100 16 -1.04072 100 24 0 0 0 0 0 0 0 0
16600 -355.503 -1.06846 100 34 0 0 0 0 0 0 0 0 0 -1.38245 100 18 -1.33262 100 17 0 0 0 0 0 0 0 0
16700 -354.601 -0.754422 100 27 0 0 0 0 0 0 0 0 0 -1.56512 100 24 -0.523316 100 15 0 0 0 0 0 0 0 0
16800 -355.284 -1.58505 100 35 0 0 0 0 0 0 0 0 0 -1.28302 100 27 -1.00667 100 27 0 0 0 0 0 0 0 0
16900 -355.639 -0.338252 100 38 0 0 0 0 0 0 0 0 0 -1.49139 100 22 -1.14245 100 27 0 0 0 0 0 0 0 0
17000 -354.611 -1.36034 100 43 0 0 0 0 0 0 0 0 0 -1.44372 100 22 -0.632366 100 25 0 0 0 0 0 0 0 0
17100 -354.407 -0.898988 100 22 0 0 0 0 0 0 0 0 0 -1.34866 100 12 -1.0446 100 25 0 0 0 0 0 0 0 0
17200 -357.272 -2.513 100 33 0 0 0 0 0 0 0 0 0 -1.32438 100 19 -1.06104 100 25 0 0 0 0 0 0 0 0
17300 -356.222 -1.73318 100 43 0 0 0 0 0 0 0 0 0 -1.49202 100 14 -1.19146 100 17 0 0 0 0 0 0 0 0
17400 -358.15 -0.212385 100 28 0 0 0 0 0 0 0 0 0 -1.48721 100 16 -1.44238 100 25 0 0 0 0 0 0 0 0
17500 -355.694 -0.174694 100 41 0 0 0 0 0 0 0 0 0 -1.42034 100 18 -0.967681 100 23 0 0 0 0 0 0 0 0
17600 -354.724 -0.388487 100 38 0 0 0 0 0 0 0 0 0 -1.4259 100 18 -0.869686 100 23 0 0 0 0 0 0 0 0
17700 -354.724 -1.21797 100 29 0 0 0 0 0 0 0 0 0 -1.32198 100 21 -0.82064 100 26 0 0 0 0 0 0 0 0
17800 -354.944 -0.44999 100 34 0 0 0 0 0 0 0 0 0 -1.60521 100 17 -0.829556 100 19 0 0 0 0 0 0 0 0
17900 -354.776 -1.39724 100 26 0 0 0 0 0 0 0 0 0 -1.41083 100 14 -1.12815 100 21 0 0 0 0 0 0 0 0
18000 -354.518 -0.66753 100 38 0 0 0 0 0 0 0 0 0 -1.38201 100 20 -1.05506 100 23 0 0 0 0 0 0 0 0
18100 -355.501 -1.94006 100 39 0 0 0 0 0 0 0 0 0 -1.44676 100 19 -0.978274 100 22 0 0 0 0 0 0 0 0
18200 -356.093 -0.339805 100 31 0 0 0 0 0 0 0 0 0 -1.5233 100 17 -0.391057 100 13 0 0 0 0 0 0 0 0
18300 -354.828 -0.871169 100 36 0 0 0 0 0 0 0 0 0 -1.29868 100 19 -1.01517 100 16 0 0 0 0 0 0 0 0
18400 -354.216 -0.824313 100 36 0 0 0 0 0 0 0 0 0 -1.38694 100 22 -0.792797 100 17 0 0 0 0 0 0 0 0
18500 -354.634 -0.629317 100 26 0 0 0 0 0 0 0 0 0 -1.57495 100 19 -0.895918 100 18 0 0 0 0 0 0 0 0
18600 -355.617 -1.58155 100 31 0 0 0 0 0 0 0 0 0 -1.48796 100 16 -1.14758 100 25 0 0 0 0 0 0 0 0
18700 -354.258 -1.07311 100 32 0 0 0 0 0 0 0 0 0 -1.35736 100 28 -1.00458 100 17 0 0 0 0 0 0 0 0
18800 -354.107 -1.05079 100 34 0 0 0 0 0 0 0 0 0 -1.40837 100 19 -1.00797 100 23 0 0 0 0 0 0 0 0
18900 -354.905 -0.441987 100 38 0 0 0 0 0 0 0 0 0 -1.44818 100 22 -0.628479 100 22 0 0 0 0 0 0 0 0
19000 -354.188 -1.31197 100 35 0 0 0 0 0 0 0 0 0 -1.39878 100 25 -0.847298 100 27 0 0 0 0 0 0 0 0
19100 -356.359 -1.92907 100 31 0 0 0 0 0 0 0 0 0 -1.50717 100 17 -0.491289 100 32 0 0 0 0 0 0 0 0
19200 -354.718 -0.602458 100 32 0 0 0 0 0 0 0 0 0 -1.36729 100 17 -0.788374 100 21 0 0 0 0 0 0 0 0
19300 -355.603 -1.78083 100 35 0 0 0 0 0 0 0 0 0 -1.3082 100 19 -1.1339 100 25 0 0 0 0 0 0 0 0
19400 -356.519 -0.0400581 100 33 0 0 0 0 0 0 0 0 0 -1.52012 100 19 -1.05361 100 28 0 0 0 0 0 0 0 0
19500 -354.108 -1.3046 100 29 0 0 0 0 0 0 0 0 0 -1.43904 100 12 -0.854229 100 24 0 0 0 0 0 0 0 0
19600 -355.302 -0.97473 100 35 0 0 0 0 0 0 0 0 0 -1.62054 100 25 -0.422102 100 15 0 0 0 0 0 0 0 0
19700 -354.89 -1.45261 100 28 0 0 0 0 0 0 0 0 0 -1.52032 100 21 -0.968138 100 20 0 0 0 0 0 0 0 0
19800 -355.134 -0.924641 100 35 0 0 0 0 0 0 0 0 0 -1.29663 100 16 -1.18979 100 21 0 0 0 0 0 0 0 0
19900 -355.723 -1.91242 100 27 0 0 0 0 0 0 0 0 0 -1.35573 100 23 -0.744625 100 25 0 0 0 0 0 0 0 0
20000 -354.848 -0.611654 100 36 0 0 0 0 0 0 0 0 0 -1.46927 100 16 -0.541417 100 28 0 0 0 0 0 0 0 0
20100 -355.138 -0.495915 100 37 0 0 0 0 0 0 0 0 0 -1.49848 100 25 -0.49553 100 18 0 0 0 0 0 0 0 0
20200 -355.08 -1.1738 100 39 0 0 0 0 0 0 0 0 0 -1.42551 100 18 -0.532784 100 26 0 0 0 0 0 0 0 0
20300 -354.669 -0.430787 100 40 0 0 0 0 0 0 0 0 0 -1.41975 100 18 -0.934875 100 21 0 0 0 0 0 0 0 0
20400 -354.998 -0.553689 100 38 0 0 0 0 0 0 0 0 0 -1.6305 100 8 -0.798501 100 26 0 0 0 0 0 0 0 0
20500 -355.786 -1.68687 100 34 0 0 0 0 0 0 0 0 0 -1.60175 100 16 -0.586406 100 23 0 0 0 0 0 0 0 0
20600 -354.416 -0.870469 100 31 0 0 0 0 0 0 0 0 0 -1.33835 100 12 -0.944053 100 21 0 0 0 0 0 0 0 0
20700 -355.753 -2.10045 100 37 0 0 0 0 0 0 0 0 0 -1.41548 100 15 -0.822938 100 16 0 0 0 0 0 0 0 0
20800 -354.276 -0.678088 100 30 0 0 0 0 0 0 0 0 0 -1.50527 100 16 -0.621723 100 26 0 0 0 0 0 0 0 0
20900 -355.393 -1.18852 100 31 0 0 0 0 0 0 0 0 0 -1.24744 100 16 -1.09043 100 25 0 0 0 0 0 0 0 0
21000 -354.517 -1.23436 100 32 0 0 0 0 0 0 0 0 0 -1.55357 100 31 -0.840244 100 19 0 0 0 0 0 0 0 0
21100 -355.067 -0.634033 100 26 0 0 0 0 0 0 0 0 0 -1.62892 100 21 -0.477322 100 23 0 0 0 0 0 0 0 0
21200 -355.962 -1.97068 100 44 0 0 0 0 0 0 0 0 0 -1.41089 100 18 -1.13862 100 22 0 0 0 0 0 0 0 0
21300 -354.508 -1.15729 100 35 0 0 0 0 0 0 0 0 0 -1.32095 100 17 -0.965225 100 24 0 0 0 0 0 0 0 0
21400 -354.447 -0.474322 100 33 0 0 0 0 0 0 0 0 0 -1.54134 100 19 -0.673791 100 15 0 0 0 0 0 0 0 0
21500 -355.187 -1.88714 100 29 0 0 0 0 0 0 0 0 0 -1.42193 100 27 -0.877525 100 19 0 0 0 0 0 0 0 0
21600 -354.204 -1.00418 100 31 0 0 0 0 0 0 0 0 0 -1.35798 100 24 -0.919652 100 21 0 0 0 0 0 0 0 0
21700 -358.208 -1.69245 100 29 0 0 0 0 0 0 0 0 0 -1.25733 100 20 -0.548917 100 24 0 0 0 0 0 0 0 0
21800 -354.935 -1.59955 100 34 0 0 0 0 0 0 0 0 0 -1.46332 100 24 -1.02222 100 27 0 0 0 0 0 0 0 0
21900 -354.402 -1.09504 100 33 0 0 0 0 0 0 0 0 0 -1.56944 100 22 -0.661966 100 22 0 0 0 0 0 0 0 0
22000 -355.322 -1.44181 100 35 0 0 0 0 0 0 0 0 0 -1.27239 100 29 -0.906658 100 24 0 0 0 0 0 0 0 0
22100 -354.337 -0.939197 100 32 0 0 0 0 0 0 0 0 0 -1.35003 100 15 -1.01902 100 23 0 0 0 0 0 0 0 0
22200 -354.475 -0.655267 100 38 0 0 0 0 0 0 0 0 0 -1.36905 100 28 -0.855176 100 25 0 0 0 0 0 0 0 0
22300 -354.669 -0.448015 100 31 0 0 0 0 0 0 0 0 0 -1.57113 100 21 -0.609646 100 23 0 0 0 0 0 0 0 0
22400 -354.935 -1.09107 100 27 0 0 0 0 0 0 0 0 0 -1.55162 100 21 -1.02552 100 20 0 0 0 0 0 0 0 0
22500 -355.845 -0.577997 100 35 0 0 0 0 0 0 0 0 0 -1.58873 100 22 -0.332946 100 17 0 0 0 0 0 0 0 0
22600 -356.934 -1.92967 100 35 0 0 0 0 0 0 0 0 0 -1.50276 100 23 -0.411264 100 25 0 0 0 0 0 0 0 0
22700 -355.232 -1.8692 100 42 0 0 0 0 0 0 0 0 0 -1.47134 100 18 -0.784078 100 26 0 0 0 0 0 0 0 0
22800 -354.68 -1.50305 100 33 0 0 0 0 0 0 0 0 0 -1.38727 100 27 -0.748218 100 24 0 0 0 0 0 0 0 0
22900 -354.25 -1.12072 100 30 0 0 0 0 0 0 0 0 0 -1.54706 100 15 -0.719463 100 28 0 0 0 0 0 0 0 0
23000 -354.873 -1.57939 100 34 0 0 0 0 0 0 0 0 0 -1.34651 100 29 -0.832895 100 21 0 0 0 0 0 0 0 0
23100 -357.356 -1.81367 100 35 0 0 0 0 0 0 0 0 0 -1.29633 100 20 -1.4727 100 28 0 0 0 0 0 0 0 0
23200 -354.99 -0.52732 100 26 0 0 0 0 0 0 0 0 0 -1.46706 100 19 -0.544374 100 19 0 0 0 0 0 0 0 0
23300 -355.466 -0.152668 100 40 0 0 0 0 0 0 0 0 0 -1.59512 100 20 -0.717519 100 24 0 0 0 0 0 0 0 0
23400 -354.915 -0.983521 100 32 0 0 0 0 0 0 0 0 0 -1.4932 100 14 -0.479587 100 31 0 0 0 0 0 0 0 0
23500 -354.842 -0.667423 100 32 0 0 0 0 0 0 0 0 0 -1.45183 100 16 -1.15003 100 25 0 0 0 0 0 0 0 0
23600 -355.167 -0.216028 100 41 0 0 0 0 0 0 0 0 0 -1.53975 100 21 -0.847629 100 15 0 0 0 0 0 0 0 0
23700 -357.48 -2.06041 100 41 0 0 0 0 0 0 0 0 0 -1.55993 100 22 -0.381084 100 25 0 0 0 0 0 0 0 0
23800 -354.257 -1.02435 100 32 0 0 0 0 0 0 0 0 0 -1.36613 100 21 -1.0321 100 17 0 0 0 0 0 0 0 0
23900 -354.493 -0.665864 100 41 0 0 0 0 0 0 0 0 0 -1.59732 100 25 -0.736864 100 17 0 0 0 0 0 0 0 0
24000 -354.986 -1.32471 100 32 0 0 0 0 0 0 0 0 0 -1.28264 100 18 -0.9967 100 21 0 0 0 0 0 0 0 0
24100 -354.704 -0.816833 100 34 0 0 0 0 0 0 0 0 0 -1.62656 100 21 -0.640923 100 21 0 0 0 0 0 0 0 0
24200 -354.915 -1.03689 100 22 0 0 0 0 0 0 0 0 0 -1.45916 100 25 -0.509329 100 19 0 0 0 0 0 0 0 0
24300 -354.903 -0.432396 100 35 0 0 0 0 0 0 0 0 0 -1.37961 100 18 -0.883052 100 21 0 0 0 0 0 0 0 0
24400 -354.434 -1.41246 100 41 0 0 0 0 0 0 0 0 0 -1.45403 100 18 -0.974576 100 20 0 0 0 0 0 0 0 0
24500 -354.948 -0.843385 100 36 0 0 0 0 0 0 0 0 0 -1.29661 100 19 -0.902634 100 25 0 0 0 0 0 0 0 0
24600 -357.064 -1.55849 100 26 0 0 0 0 0 0 0 0 0 -1.17766 100 19 -0.939793 100 20 0 0 0 0 0 0 0 0
24700 -354.852 -1.36686 100 32 0 0 0 0 0 0 0 0 0 -1.5137 100 19 -0.551575 100 25 0 0 0 0 0 0 0 0
24800 -354.209 -0.950768 100 24 0 0 0 0 0 0 0 0 0 -1.40053 100 17 -0.733386 100 23 0 0 0 0 0 0 0 0
24900 -355.853 -0.0791252 100 37 0 0 0 0 0 0 0 0 0 -1.4831 100 19 -0.91814 100 27 0 0 0 0 0 0 0 0
25000 -354.36 -0.566895 100 35 0 0 0 0 0 0 0 0 0 -1.41948 100 19 -0.787203 100 22 0 0 0 0 0 0 0 0
25100 -354.519 -1.52324 100 26 0 0 0 0 0 0 0 0 0 -1.48321 100 17 -0.827057 100 18 0 0 0 0 0 0 0 0
25200 -354.637 -1.17234 100 31 0 0 0 0 0 0 0 0 0 -1.38918 100 16 -0.660119 100 26 0 0 0 0 0 0 0 0
25300 -355.469 -1.07072 100 34 0 0 0 0 0 0 0 0 0 -1.60401 100 23 -1.003 100 20 0 0 0 0 0 0 0 0
25400 -354.727 -0.85467 100 30 0 0 0 0 0 0 0 0 0 -1.54566 100 16 -0.488594 100 22 0 0 0 0 0 0 0 0
25500 -354.906 -1.14541 100 32 0 0 0 0 0 0 0 0 0 -1.62231 100 15 -0.659893 100 22 0 0 0 0 0 0 0 0
25600 -354.224 -0.614358 100 34 0 0 0 0 0 0 0 0 0 -1.4886 100 20 -0.6763 100 25 0 0 0 0 0 0 0 0
25700 -354.689 -0.650011 100 35 0 0 0 0 0 0 0 0 0 -1.34265 100 24 -0.983014 100 23 0 0 0 0 0 0 0 0
25800 -354.273 -1.39269 100 38 0 0 0 0 0 0 0 0 0 -1.40934 100 12 -0.932124 100 18 0 0 0 0 0 0 0 0
25900 -355.283 -0.806424 100 36 0 0 0 0 0 0 0 0 0 -1.67056 100 19 -0.511839 100 15 0 0 0 0 0 0 0 0
26000 -354.465 -0.646983 100 31 0 0 0 0 0 0 0 0 0 -1.48767 100 22 -1.02456 100 25 0 0 0 0 0 0 0 0
26100 -354.772 -0.965409 100 33 0 0 0 0 0 0 0 0 0 -1.57595 100 23 -0.943241 100 16 0 0 0 0 0 0 0 0
26200 -354.195 -0.887216 100 30 0 0 0 0 0 0 0 0 0 -1.4978 100 15 -0.969633 100 25 0 0 0 0 0 0 0 0
26300 -355.577 -1.20735 100 25 0 0 0 0 0 0 0 0 0 -1.389 100 22 -1.33143 100 26 0 0 0 0 0 0 0 0
26400 -356.976 -2.39571 100 36 0 0 0 0 0 0 0 0 0 -1.515 100 18 -0.695367 100 24 0 0 0 0 0 0 0 0
26500 -355.11 -1.05768 100 33 0 0 0 0 0 0 0 0 0 -1.64924 100 12 -0.659802 100 19 0 0 0 0 0 0 0 0
26600 -354.265 -0.508792 100 45 0 0 0 0 0 0 0 0 0 -1.47599 100 10 -0.794304 100 22 0 0 0 0 0 0 0 0
26700 -355.835 -1.71163 100 38 0 0 0 0 0 0 0 0 0 -1.53181 100 21 -0.491278 100 30 0 0 0 0 0 0 0 0
26800 -357.689 -2.62591 100 29 0 0 0 0 0 0 0 0 0 -1.34182 100 17 -0.786727 100 16 0 0 0 0 0 0 0 0
26900 -358.6 -1.65037 100 29 0 0 0 0 0 0 0 0 0 -1.1975 100 18 -0.647953 100 21 0 0 0 0 0 0 0 0
27000 -355.493 -1.82033 100 35 0 0 0 0 0 0 0 0 0 -1.48353 100 23 -1.00639 100 27 0 0 0 0 0 0 0 0
27100 -354.129 -1.25482 100 38 0 0 0 0 0 0 0 0 0 -1.42514 100 16 -0.776649 100 29 0 0 0 0 0 0 0 0
27200 -354.151 -0.912908 100 39 0 0 0 0 0 0 0 0 0 -1.40116 100 15 -0.756184 100 25 0 0 0 0 0 0 0 0
27300 -354.476 -1.00232 100 26 0 0 0 0 0 0 0 0 0 -1.35233 100 24 -1.10046 100 21 0 0 0 0 0 0 0 0
27400 -355.268 -0.92517 100 26 0 0 0 0 0 0 0 0 0 -1.6221 100 17 -0.927423 100 22 0 0 0 0 0 0 0 0
27500 -356.645 -0.904139 100 25 0 0 0 0 0 0 0 0 0 -1.71287 100 26 -0.896396 100 22 0 0 0 0 0 0 0 0
27600 -354.112 -1.08167 100 28 0 0 0 0 0 0 0 0 0 -1.42601 100 17 -0.724019 100 20 0 0 0 0 0 0 0 0
27700 -355.345 -1.44204 100 34 0 0 0 0 0 0 0 0 0 -1.33685 100 17 -0.679672 100 18 0 0 0 0 0 0 0 0
27800 -355.425 -1.04277 100 31 0 0 0 0 0 0 0 0 0 -1.49844 100 20 -1.22088 100 19 0 0 0 0 0 0 0 0
27900 -356.014 -0.790621 100 40 0 0 0 0 0 0 0 0 0 -1.27154 100 18 -0.742953 100 18 0 0 0 0 0 0 0 0
28000 -354.228 -0.833984 100 35 0 0 0 0 0 0 0 0 0 -1.43812 100 23 -0.669031 100 25 0 0 0 0 0 0 0 0
28100 -356.608 -0.371991 100 32 0 0 0 0 0 0 0 0 0 -1.57059 100 22 -0.290648 100 25 0 0 0 0 0 0 0 0
28200 -354.844 -1.5042 100 35 0 0 0 0 0 0 0 0 0 -1.47235 100 20 -1.03247 100 23 0 0 0 0 0 0 0 0
28300 -354.049 -1.00315 100 40 0 0 0 0 0 0 0 0 0 -1.39482 100 25 -0.822979 100 27 0 0 0 0 0 0 0 0
28400 -356.515 -0.888872 100 34 0 0 0 0 0 0 0 0 0 -1.57404 100 13 -0.252831 100 17 0 0 0 0 0 0 0 0
28500 -356.497 -0.384587 100 28 0 0 0 0 0 0 0 0 0 -1.35632 100 19 -1.32328 100 24 0 0 0 0 0 0 0 0
28600 -357.339 -0.865456 100 42 0 0 0 0 0 0 0 0 0 -1.27219 100 23 -1.54998 100 26 0 0 0 0 0 0 0 0
28700 -355.187 -0.336872 100 34 0 0 0 0 0 0 0 0 0 -1.6346 100 23 -0.628937 100 24 0 0 0 0 0 0 0 0
28800 -355.326 -0.369348 100 31 0 0 0 0 0 0 0 0 0 -1.48559 100 18 -1.10224 100 27 0 0 0 0 0 0 0 0
28900 -354.247 -0.897427 100 32 0 0 0 0 0 0 0 0 0 -1.35706 100 20 -0.927575 100 16 0 0 0 0 0 0 0 0
29000 -354.532 -0.697976 100 39 0 0 0 0 0 0 0 0 0 -1.36122 100 20 -1.03548 100 18 0 0 0 0 0 0 0 0
29100 -355.081 -0.559588 100 37 0 0 0 0 0 0 0 0 0 -1.59154 100 24 -0.455857 100 27 0 0 0 0 0 0 0 0
29200 -356.993 -0.851347 100 37 0 0 0 0 0 0 0 0 0 -1.2383 100 17 -0.693071 100 11 0 0 0 0 0 0 0 0
29300 -354.668 -1.4515 100 31 0 0 0 0 0 0 0 0 0 -1.50956 100 18 -0.920649 100 18 0 0 0 0 0 0 0 0
29400 -356.096 -1.61057 100 26 0 0 0 0 0 0 0 0 0 -1.22249 100 12 -1.08245 100 20 0 0 0 0 0 0 0 0
29500 -354.799 -1.08874 100 36 0 0 0 0 0 0 0 0 0 -1.39091 100 14 -0.618734 100 21 0 0 0 0 0 0 0 0
29600 -358.134 0.0365729 100 30 0 0 0 0 0 0 0 0 0 -1.41081 100 21 -1.26433 100 28 0 0 0 0 0 0 0 0
29700 -354.255 -1.02157 100 32 0 0 0 0 0 0 0 0 0 -1.36337 100 15 -0.826879 100 18 0 0 0 0 0 0 0 0
29800 -356.741 -2.04185 100 32 0 0 0 0 0 0 0 0 0 -1.55576 100 20 -0.993044 100 24 0 0 0 0 0 0 0 0
29900 -354.31 -0.661351 100 30 0 0 0 0 0 0 0 0 0 -1.55512 100 11 -0.631291 100 18 0 0 0 0 0 0 0 0
30000 -356.004 -0.773527 100 34 0 0 0 0 0 0 0 0 0 -1.51234 100 14 -1.2895 100 21 0 0 0 0 0 0 0 0
30100 -356.395 -0.255561 100 41 0 0 0 0 0 0 0 0 0 -1.72602 100 17 -0.674475 100 24 0 0 0 0 0 0 0 0
30200 -355.347 -1.47908 100 36 0 0 0 0 0 0 0 0 0 -1.42436 100 18 -1.214 100 30 0 0 0 0 0 0 0 0
30300 -356.9 -1.27208 100 36 0 0 0 0 0 0 0 0 0 -1.53316 100 17 -1.33961 100 22 0 0 0 0 0 0 0 0
30400 -353.921 -0.805767 100 40 0 0 0 0 0 0 0 0 0 -1.48694 100 20 -0.780265 100 20 0 0 0 0 0 0 0 0
30500 -358.063 -0.895687 100 26 0 0 0 0 0 0 0 0 0 -1.75092 100 20 -1.00052 100 22 0 0 0 0 0 0 0 0
30600 -355.45 -1.55321 100 35 0 0 0 0 0 0 0 0 0 -1.35728 100 31 -0.648258 100 18 0 0 0 0 0 0 0 0
30700 -355.918 -1.31351 100 31 0 0 0 0 0 0 0 0 0 -1.62315 100 17 -0.9685 100 20 0 0 0 0 0 0 0 0
30800 -356.284 -0.237691 100 24 0 0 0 0 0 0 0 0 0 -1.71301 100 19 -0.461402 100 21 0 0 0 0 0 0 0 0
30900 -354.647 -1.08193 100 42 0 0 0 0 0 0 0 0 0 -1.47752 100 23 -1.10448 100 23 0 0 0 0 0 0 0 0
31000 -357.096 -0.339655 100 44 0 0 0 0 0 0 0 0 0 -1.57942 100 22 -0.244816 100 20 0 0 0 0 0 0 0 0
31100 -353.992 -1.08039 100 35 0 0 0 0 0 0 0 0 0 -1.40965 100 27 -0.828752 100 24 0 0 0 0 0 0 0 0
31200 -355.826 -0.495766 100 30 0 0 0 0 0 0 0 0 0 -1.28732 100 13 -0.915355 100 25 0 0 0 0 0 0 0 0
31300 -357.276 -0.258867 100 27 0 0 0 0 0 0 0 0 0 -1.5372 100 21 -0.279573 100 20 0 0 0 0 0 0 0 0
31400 -356.352 -0.407817 100 34 0 0 0 0 0 0 0 0 0 -1.32051 100 22 -0.692635 100 24 0 0 0 0 0 0 0 0
31500 -356.516 -1.19728 100 35 0 0 0 0 0 0 0 0 0 -1.69221 100 23 -0.878662 100 19 0 0 0 0 0 0 0 0
31600 -356.07 -0.379457 100 35 0 0 0 0 0 0 0 0 0 -1.636 100 20 -0.341568 100 26 0 0 0 0 0 0 0 0
31700 -359.77 -0.172959 100 32 0 0 0 0 0 0 0 0 0 -1.80063 100 21 -1.03311 100 19 0 0 0 0 0 0 0 0
31800 -355.874 -1.84174 100 28 0 0 0 0 0 0 0 0 0 -1.41324 100 20 -0.591172 100 22 0 0 0 0 0 0 0 0
31900 -354.06 -1.22546 100 37 0 0 0 0 0 0 0 0 0 -1.40981 100 17 -0.873468 100 19 0 0 0 0 0 0 0 0
32000 -356.537 -0.694279 100 30 0 0 0 0 0 0 0 0 0 -1.43376 100 26 -1.43022 100 25 0 0 0 0 0 0 0 0
32100 -355.352 -1.01733 100 31 0 0 0 0 0 0 0 0 0 -1.55894 100 19 -1.10239 100 20 0 0 0 0 0 0 0 0
32200 -355.996 -0.79786 100 29 0 0 0 0 0 0 0 0 0 -1.23306 100 19 -0.942141 100 20 0 0 0 0 0 0 0 0
32300 -354.995 -0.679803 100 41 0 0 0 0 0 0 0 0 0 -1.6368 100 26 -0.509527 100 14 0 0 0 0 0 0 0 0
32400 -355.336 -1.24009 100 31 0 0 0 0 0 0 0 0 0 -1.37965 100 20 -0.568259 100 18 0 0 0 0 0 0 0 0
32500 -355.317 -1.59754 100 29 0 0 0 0 0 0 0 0 0 -1.58092 100 27 -0.768106 100 23 0 0 0 0 0 0 0 0
32600 -355.322 -1.69907 100 33 0 0 0 0 0 0 0 0 0 -1.48996 100 11 -1.02355 100 17 0 0 0 0 0 0 0 0
32700 -357.033 -2.01343 100 39 0 0 0 0 0 0 0 0 0 -1.54251 100 18 -1.1059 100 22 0 0 0 0 0 0 0 0
32800 -355.464 -0.931051 100 23 0 0 0 0 0 0 0 0 0 -1.26786 100 19 -1.20804 100 22 0 0 0 0 0 0 0 0
32900 -357.978 -1.56196 100 43 0 0 0 0 0 0 0 0 0 -1.28768 100 14 -1.61154 100 16 0 0 0 0 0 0 0 0
33000 -355.645 -0.0999837 100 37 0 0 0 0 0 0 0 0 0 -1.481 100 23 -0.787761 100 27 0 0 0 0 0 0 0 0
33100 -354.871 -0.669443 100 35 0 0 0 0 0 0 0 0 0 -1.37355 100 22 -1.15654 100 20 0 0 0 0 0 0 0 0
33200 -354.107 -0.877981 100 31 0 0 0 0 0 0 0 0 0 -1.43729 100 19 -1.00544 100 25 0 0 0 0 0 0 0 0
33300 -354.168 -0.822876 100 36 0 0 0 0 0 0 0 0 0 -1.47875 100 31 -0.985471 100 20 0 0 0 0 0 0 0 0
33400 -361.387 -3.49849 100 37 0 0 0 0 0 0 0 0 0 -1.23201 100 13 -1.12626 100 16 0 0 0 0 0 0 0 0
33500 -354.932 -1.38568 100 42 0 0 0 0 0 0 0 0 0 -1.58558 100 17 -0.75374 100 21 0 0 0 0 0 0 0 0
33600 -354.293 -0.796513 100 33 0 0 0 0 0 0 0 0 0 -1.44684 100 18 -1.0498 100 18 0 0 0 0 0 0 0 0
33700 -354.668 -0.943361 100 33 0 0 0 0 0 0 0 0 0 -1.34078 100 13 -1.14081 100 16 0 0 0 0 0 0 0 0
33800 -354.471 -1.12492 100 30 0 0 0 0 0 0 0 0 0 -1.35133 100 17 -0.786969 100 26 0 0 0 0 0 0 0 0
33900 -354.642 -1.23833 100 37 0 0 0 0 0 0 0 0 0 -1.49635 100 15 -0.560943 100 25 0 0 0 0 0 0 0 0
34000 -354.383 -1.26478 100 34 0 0 0 0 0 0 0 0 0 -1.39817 100 21 -0.724731 100 17 0 0 0 0 0 0 0 0
34100 -355.476 -0.445271 100 30 0 0 0 0 0 0 0 0 0 -1.58599 100 18 -1.02132 100 15 0 0 0 0 0 0 0 0
34200 -355.372 -0.635522 100 43 0 0 0 0 0 0 0 0 0 -1.66531 100 21 -0.459884 100 22 0 0 0 0 0 0 0 0
34300 -355.225 -0.703068 100 28 0 0 0 0 0 0 0 0 0 -1.50507 100 27 -1.17377 100 16 0 0 0 0 0 0 0 0
34400 -355.156 -1.24837 100 34 0 0 0 0 0 0 0 0 0 -1.27749 100 17 -1.14615 100 25 0 0 0 0 0 0 0 0
34500 -354.229 -0.591164 100 36 0 0 0 0 0 0 0 0 0 -1.49407 100 23 -0.905979 100 23 0 0 0 0 0 0 0 0
34600 -354.315 -0.864596 100 39 0 0 0 0 0 0 0 0 0 -1.39715 100 22 -1.07352 100 19 0 0 0 0 0 0 0 0
34700 -356.294 -0.141654 100 32 0 0 0 0 0 0 0 0 0 -1.57498 100 19 -1.03925 100 18 0 0 0 0 0 0 0 0
34800 -355.325 -0.244678 100 38 0 0 0 0 0 0 0 0 0 -1.60573 100 23 -0.793959 100 21 0 0 0 0 0 0 0 0
34900 -355.967 -0.166401 100 35 0 0 0 0 0 0 0 0 0 -1.6332 100 14 -0.856382 100 21 0 0 0 0 0 0 0 0
35000 -354.608 -0.885245 100 36 0 0 0 0 0 0 0 0 0 -1.58698 100 20 -0.866938 100 23 0 0 0 0 0 0 0 0
35100 -354.858 -1.25226 100 26 0 0 0 0 0 0 0 0 0 -1.59222 100 13 -0.589513 100 19 0 0 0 0 0 0 0 0
35200 -355.215 -1.49326 100 38 0 0 0 0 0 0 0 0 0 -1.43602 100 17 -1.17255 100 17 0 0 0 0 0 0 0 0
35300 -356.785 -1.69173 100 33 0 0 0 0 0 0 0 0 0 -1.68546 100 15 -0.586378 100 26 0 0 0 0 0 0 0 0
35400 -356.152 -1.11297 100 29 0 0 0 0 0 0 0 0 0 -1.67485 100 24 -0.895676 100 20 0 0 0 0 0 0 0 0
35500 -355.781 -0.315312 100 27 0 0 0 0 0 0 0 0 0 -1.54472 100 23 -1.09689 100 15 0 0 0 0 0 0 0 0
35600 -354.399 -0.646271 100 37 0 0 0 0 0 0 0 0 0 -1.4002 100 21 -0.761749 100 17 0 0 0 0 0 0 0 0
35700 -355.842 -0.799232 100 36 0 0 0 0 0 0 0 0 0 -1.71141 100 19 -0.696139 100 17 0 0 0 0 0 0 0 0
35800 -357.684 -1.56901 100 36 0 0 0 0 0 0 0 0 0 -1.36658 100 31 -1.56394 100 25 0 0 0 0 0 0 0 0
35900 -355.239 -1.51432 100 36 0 0 0 0 0 0 0 0 0 -1.55811 100 18 -0.545486 100 23 0 0 0 0 0 0 0 0
36000 -355.428 -1.44831 100 32 0 0 0 0 0 0 0 0 0 -1.37972 100 16 -1.26471 100 24 0 0 0 0 0 0 0 0
36100 -362.823 -0.809147 100 26 0 0 0 0 0 0 0 0 0 -1.67053 100 18 -1.70436 100 24 0 0 0 0 0 0 0 0
36200 -357.036 -0.0596361 100 33 0 0 0 0 0 0 0 0 0 -1.35089 100 10 -0.86907 100 16 0 0 0 0 0 0 0 0
36300 -356.067 -0.864975 100 40 0 0 0 0 0 0 0 0 0 -1.72903 100 19 -0.63324 100 28 0 0 0 0 0 0 0 0
36400 -357.97 -0.0953236 100 29 0 0 0 0 0 0 0 0 0 -1.27745 100 20 -1.03297 100 29 0 0 0 0 0 0 0 0
36500 -354.589 -1.11297 100 35 0 0 0 0 0 0 0 0 0 -1.58353 100 22 -0.803399 100 24 0 0 0 0 0 0 0 0
36600 -354.369 -1.40147 100 36 0 0 0 0 0 0 0 0 0 -1.44732 100 19 -0.962486 100 22 0 0 0 0 0 0 0 0
36700 -355.559 -0.553601 100 35 0 0 0 0 0 0 0 0 0 -1.32306 100 11 -1.19665 100 26 0 0 0 0 0 0 0 0
36800 -356.199 -1.74182 100 35 0 0 0 0 0 0 0 0 0 -1.51776 100 20 -0.443474 100 22 0 0 0 0 0 0 0 0
36900 -355.045 -1.07887 100 26 0 0 0 0 0 0 0 0 0 -1.326 100 16 -1.23027 100 24 0 0 0 0 0 0 0 0
37000 -355.947 -0.538591 100 32 0 0 0 0 0 0 0 0 0 -1.28869 100 18 -0.809217 100 19 0 0 0 0 0 0 0 0
37100 -355.617 -0.915227 100 34 0 0 0 0 0 0 0 0 0 -1.48005 100 19 -1.28024 100 24 0 0 0 0 0 0 0 0
37200 -353.993 -1.02474 100 39 0 0 0 0 0 0 0 0 0 -1.40471 100 11 -0.832924 100 20 0 0 0 0 0 0 0 0
37300 -354.577 -1.46363 100 35 0 0 0 0 0 0 0 0 0 -1.36129 100 18 -1.01513 100 20 0 0 0 0 0 0 0 0
37400 -355.283 -1.43655 100 30 0 0 0 0 0 0 0 0 0 -1.29065 100 21 -1.17689 100 22 0 0 0 0 0 0 0 0
37500 -355.699 -1.1008 100 36 0 0 0 0 0 0 0 0 0 -1.64556 100 22 -0.908727 100 15 0 0 0 0 0 0 0 0
37600 -355.199 -0.994271 100 30 0 0 0 0 0 0 0 0 0 -1.64381 100 22 -0.491607 100 16 0 0 0 0 0 0 0 0
37700 -357.601 -1.91121 100 33 0 0 0 0 0 0 0 0 0 -1.16683 100 15 -1.1894 100 23 0 0 0 0 0 0 0 0
37800 -356.897 -1.77927 100 32 0 0 0 0 0 0 0 0 0 -1.26096 100 18 -1.38585 100 23 0 0 0 0 0 0 0 0
37900 -356.3 -2.06213 100 25 0 0 0 0 0 0 0 0 0 -1.34345 100 24 -1.18601 100 30 0 0 0 0 0 0 0 0
38000 -356.478 -0.568492 100 24 0 0 0 0 0 0 0 0 0 -1.72056 100 19 -0.845461 100 21 0 0 0 0 0 0 0 0
38100 -356.484 -1.07696 100 32 0 0 0 0 0 0 0 0 0 -1.23628 100 22 -1.39214 100 26 0 0 0 0 0 0 0 0
38200 -355.632 -0.587463 100 36 0 0 0 0 0 0 0 0 0 -1.27976 100 17 -0.942718 100 19 0 0 0 0 0 0 0 0
38300 -354.598 -0.460843 100 37 0 0 0 0 0 0 0 0 0 -1.41705 100 12 -0.805623 100 23 0 0 0 0 0 0 0 0
38400 -355.811 -1.17325 100 31 0 0 0 0 0 0 0 0 0 -1.33998 100 22 -0.570962 100 26 0 0 0 0 0 0 0 0
38500 -353.898 -0.979926 100 27 0 0 0 0 0 0 0 0 0 -1.4502 100 24 -0.792008 100 20 0 0 0 0 0 0 0 0
38600 -354.13 -0.983857 100 34 0 0 0 0 0 0 0 0 0 -1.51218 100 24 -0.906892 100 11 0 0 0 0 0 0 0 0
38700 -361.762 -1.45106 100 33 0 0 0 0 0 0 0 0 0 -1.95011 100 25 -0.366466 100 14 0 0 0 0 0 0 0 0
38800 -354.818 -0.88204 100 25 0 0 0 0 0 0 0 0 0 -1.40584 100 19 -1.20191 100 17 0 0 0 0 0 0 0 0
38900 -356.113 -0.598773 100 29 0 0 0 0 0 0 0 0 0 -1.32508 100 18 -1.34094 100 21 0 0 0 0 0 0 0 0
39000 -354.938 -0.345578 100 35 0 0 0 0 0 0 0 0 0 -1.4828 100 27 -0.984755 100 25 0 0 0 0 0 0 0 0
39100 -354.167 -1.14932 100 35 0 0 0 0 0 0 0 0 0 -1.42884 100 16 -1.01107 100 13 0 0 0 0 0 0 0 0
39200 -355.279 -0.735909 100 28 0 0 0 0 0 0 0 0 0 -1.35838 100 21 -0.630996 100 23 0 0 0 0 0 0 0 0
39300 -354.771 -1.21205 100 36 0 0 0 0 0 0 0 0 0 -1.47219 100 21 -0.542141 100 31 0 0 0 0 0 0 0 0
39400 -355.696 -0.161314 100 34 0 0 0 0 0 0 0 0 0 -1.54691 100 23 -0.536167 100 19 0 0 0 0 0 0 0 0
39500 -355.256 -1.57734 100 31 0 0 0 0 0 0 0 0 0 -1.45423 100 16 -0.564322 100 34 0 0 0 0 0 0 0 0
39600 -356.306 -0.547799 100 28 0 0 0 0 0 0 0 0 0 -1.74423 100 15 -0.659112 100 22 0 0 0 0 0 0 0 0
39700 -355.237 -1.22554 100 31 0 0 0 0 0 0 0 0 0 -1.64182 100 24 -0.652856 100 25 0 0 0 0 0 0 0 0
39800 -355.674 -0.124745 100 28 0 0 0 0 0 0 0 0 0 -1.61472 100 23 -0.627357 100 17 0 0 0 0 0 0 0 0
39900 -353.899 -0.834884 100 36 0 0 0 0 0 0 0 0 0 -1.47816 100 12 -0.796469 100 16 0 0 0 0 0 0 0 0
40000 -356.512 -1.26502 100 27 0 0 0 0 0 0 0 0 0 -1.21815 100 23 -1.35457 100 24 0 0 0 0 0 0 0 0
40100 -355.317 -0.232886 100 32 0 0 0 0 0 0 0 0 0 -1.55849 100 25 -0.563888 100 25 0 0 0 0 0 0 0 0
40200 -354.317 -1.09761 100 36 0 0 0 0 0 0 0 0 0 -1.34859 100 13 -0.869607 100 17 0 0 0 0 0 0 0 0
40300 -354.805 -1.62962 100 32 0 0 0 0 0 0 0 0 0 -1.42023 100 16 -1.0119 100 16 0 0 0 0 0 0 0 0
40400 -354.447 -1.07351 100 32 0 0 0 0 0 0 0 0 0 -1.44814 100 29 -1.09373 100 23 0 0 0 0 0 0 0 0
40500 -353.91 -0.860886 100 30 0 0 0 0 0 0 0 0 0 -1.43939 100 14 -0.819891 100 19 0 0 0 0 0 0 0 0
40600 -353.949 -0.877819 100 32 0 0 0 0 0 0 0 0 0 -1.50742 100 18 -0.80252 100 23 0 0 0 0 0 0 0 0
40700 -355.718 -0.141491 100 31 0 0 0 0 0 0 0 0 0 -1.48542 100 16 -0.627629 100 15 0 0 0 0 0 0 0 0
40800 -354.652 -1.22112 100 37 0 0 0 0 0 0 0 0 0 -1.57949 100 13 -0.785805 100 17 0 0 0 0 0 0 0 0
40900 -356.257 -0.99325 100 34 0 0 0 0 0 0 0 0 0 -1.40711 100 18 -0.414144 100 20 0 0 0 0 0 0 0 0
41000 -357.068 -0.16909 100 33 0 0 0 0 0 0 0 0 0 -1.46532 100 20 -0.41743 100 20 0 0 0 0 0 0 0 0
41100 -354.066 -0.947955 100 32 0 0 0 0 0 0 0 0 0 -1.40717 100 12 -0.774351 100 29 0 0 0 0 0 0 0 0
41200 -356.339 -1.35307 100 29 0 0 0 0 0 0 0 0 0 -1.65889 100 17 -0.366523 100 20 0 0 0 0 0 0 0 0
41300 -353.955 -0.7771 100 27 0 0 0 0 0 0 0 0 0 -1.45572 100 21 -0.88817 100 23 0 0 0 0 0 0 0 0
41400 -355.845 -1.69 100 31 0 0 0 0 0 0 0 0 0 -1.32048 100 14 -1.26299 100 18 0 0 0 0 0 0 0 0
41500 -354.209 -1.29219 100 23 0 0 0 0 0 0 0 0 0 -1.48547 100 20 -0.877722 100 24 0 0 0 0 0 0 0 0
41600 -356.053 -1.97104 100 35 0 0 0 0 0 0 0 0 0 -1.28536 100 26 -1.0711 100 25 0 0 0 0 0 0 0 0
41700 -356.132 -0.844016 100 35 0 0 0 0 0 0 0 0 0 -1.7371 100 23 -0.529855 100 16 0 0 0 0 0 0 0 0
41800 -354.081 -1.0773 100 44 0 0 0 0 0 0 0 0 0 -1.51457 100 13 -0.707585 100 23 0 0 0 0 0 0 0 0
41900 -354.717 -0.935105 100 23 0 0 0 0 0 0 0 0 0 -1.30384 100 14 -0.956678 100 19 0 0 0 0 0 0 0 0
42000 -357.423 -0.334924 100 32 0 0 0 0 0 0 0 0 0 -1.65078 100 25 -1.16212 100 15 0 0 0 0 0 0 0 0
42100 -354.639 -1.28866 100 40 0 0 0 0 0 0 0 0 0 -1.50805 100 24 -0.999008 100 16 0 0 0 0 0 0 0 0
42200 -355.6 -1.82424 100 35 0 0 0 0 0 0 0 0 0 -1.33555 100 19 -0.773466 100 25 0 0 0 0 0 0 0 0
42300 -354.369 -0.848275 100 39 0 0 0 0 0 0 0 0 0 -1.58274 100 16 -0.640437 100 17 0 0 0 0 0 0 0 0
42400 -354.183 -0.849529 100 22 0 0 0 0 0 0 0 0 0 -1.37386 100 20 -0.869045 100 20 0 0 0 0 0 0 0 0
42500 -355.089 -0.585859 100 31 0 0 0 0 0 0 0 0 0 -1.31849 100 23 -0.934224 100 25 0 0 0 0 0 0 0 0
42600 -356.25 -1.59763 100 33 0 0 0 0 0 0 0 0 0 -1.62801 100 19 -0.439834 100 21 0 0 0 0 0 0 0 0
42700 -354.815 -1.35658 100 33 0 0 0 0 0 0 0 0 0 -1.30619 100 15 -0.912435 100 21 0 0 0 0 0 0 0 0
42800 -354.355 -0.972514 100 29 0 0 0 0 0 0 0 0 0 -1.34628 100 21 -1.02387 100 20 0 0 0 0 0 0 0 0
42900 -359.799 -2.03054 100 29 0 0 0 0 0 0 0 0 0 -1.23986 100 26 -0.50937 100 21 0 0 0 0 0 0 0 0
43000 -355.225 -1.28085 100 36 0 0 0 0 0 0 0 0 0 -1.57938 100 22 -0.964108 100 19 0 0 0 0 0 0 0 0
43100 -354.115 -1.17866 100 34 0 0 0 0 0 0 0 0 0 -1.39141 100 23 -0.83357 100 20 0 0 0 0 0 0 0 0
43200 -355.082 -1.6132 100 29 0 0 0 0 0 0 0 0 0 -1.32782 100 13 -0.836106 100 24 0 0 0 0 0 0 0 0
43300 -355.328 -0.463202 100 32 0 0 0 0 0 0 0 0 0 -1.34565 100 24 -0.79368 100 29 0 0 0 0 0 0 0 0
43400 -356.218 -0.427779 100 35 0 0 0 0 0 0 0 0 0 -1.39944 100 14 -1.31903 100 21 0 0 0 0 0 0 0 0
43500 -355.901 -1.70184 100 32 0 0 0 0 0 0 0 0 0 -1.58246 100 28 -0.913426 100 21 0 0 0 0 0 0 0 0
43600 -355.193 -0.345293 100 41 0 0 0 0 0 0 0 0 0 -1.63812 100 13 -0.652108 100 21 0 0 0 0 0 0 0 0
43700 -358.868 -1.17037 100 41 0 0 0 0 0 0 0 0 0 -1.85299 100 17 -0.545418 100 30 0 0 0 0 0 0 0 0
43800 -358.072 -1.96616 100 36 0 0 0 0 0 0 0 0 0 -1.70939 100 22 -0.71672 100 35 0 0 0 0 0 0 0 0
43900 -355.551 -0.876491 100 32 0 0 0 0 0 0 0 0 0 -1.40243 100 15 -1.33058 100 22 0 0 0 0 0 0 0 0
44000 -354.022 -0.884218 100 20 0 0 0 0 0 0 0 0 0 -1.40598 100 19 -0.81692 100 23 0 0 0 0 0 0 0 0
44100 -354.431 -1.46127 100 33 0 0 0 0 0 0 0 0 0 -1.40722 100 23 -0.786414 100 27 0 0 0 0 0 0 0 0
44200 -354.286 -1.16027 100 24 0 0 0 0 0 0 0 0 0 -1.35138 100 26 -0.971587 100 23 0 0 0 0 0 0 0 0
44300 -356.213 -0.447358 100 27 0 0 0 0 0 0 0 0 0 -1.33161 100 15 -0.658088 100 17 0 0 0 0 0 0 0 0
44400 -357.998 -1.15725 100 36 0 0 0 0 0 0 0 0 0 -1.29385 100 23 -1.65791 100 21 0 0 0 0 0 0 0 0
44500 -357.361 -0.0589892 100 31 0 0 0 0 0 0 0 0 0 -1.36843 100 21 -1.18672 100 27 0 0 0 0 0 0 0 0
44600 -355.228 -1.2011 100 35 0 0 0 0 0 0 0 0 0 -1.3043 100 18 -1.23987 100 27 0 0 0 0 0 0 0 0
44700 -355.238 -1.70761 100 27 0 0 0 0 0 0 0 0 0 -1.36057 100 18 -0.746028 100 18 0 0 0 0 0 0 0 0
44800 -354.949 -0.939422 100 22 0 0 0 0 0 0 0 0 0 -1.50342 100 17 -1.13871 100 23 0 0 0 0 0 0 0 0
44900 -355.532 -0.146602 100 37 0 0 0 0 0 0 0 0 0 -1.52197 100 25 -0.913647 100 24 0 0 0 0 0 0 0 0
45000 -355.376 -0.239289 100 34 0 0 0 0 0 0 0 0 0 -1.62689 100 14 -0.701559 100 20 0 0 0 0 0 0 0 0
45100 -354.624 -1.55093 100 42 0 0 0 0 0 0 0 0 0 -1.44063 100 17 -0.722635 100 20 0 0 0 0 0 0 0 0
45200 -355.029 -0.72169 100 26 0 0 0 0 0 0 0 0 0 -1.59173 100 17 -0.970456 100 29 0 0 0 0 0 0 0 0
45300 -355.083 -1.23546 100 35 0 0 0 0 0 0 0 0 0 -1.27932 100 14 -1.12303 100 22 0 0 0 0 0 0 0 0
45400 -354.673 -0.779278 100 42 0 0 0 0 0 0 0 0 0 -1.60984 100 17 -0.559589 100 23 0 0 0 0 0 0 0 0
45500 -358.31 -2.18943 100 25 0 0 0 0 0 0 0 0 0 -1.2337 100 21 -0.711601 100 16 0 0 0 0 0 0 0 0
45600 -355.849 -1.33204 100 38 0 0 0 0 0 0 0 0 0 -1.25434 100 19 -1.281 100 28 0 0 0 0 0 0 0 0
45700 -354.097 -0.652127 100 30 0 0 0 0 0 0 0 0 0 -1.47597 100 24 -0.896131 100 23 0 0 0 0 0 0 0 0
45800 -354.279 -0.658715 100 32 0 0 0 0 0 0 0 0 0 -1.39909 100 23 -0.957214 100 25 0 0 0 0 0 0 0 0
45900 -354.152 -0.652952 100 34 0 0 0 0 0 0 0 0 0 -1.46575 100 18 -0.936093 100 20 0 0 0 0 0 0 0 0
46000 -355.872 -0.764294 100 32 0 0 0 0 0 0 0 0 0 -1.55429 100 19 -0.325993 100 22 0 0 0 0 0 0 0 0
46100 -357.01 -0.520919 100 33 0 0 0 0 0 0 0 0 0 -1.27006 100 17 -1.38223 100 36 0 0 0 0 0 0 0 0
46200 -356.747 -1.40406 100 31 0 0 0 0 0 0 0 0 0 -1.17432 100 25 -1.17726 100 26 0 0 0 0 0 0 0 0
46300 -355.584 -1.40093 100 36 0 0 0 0 0 0 0 0 0 -1.30778 100 20 -0.698645 100 23 0 0 0 0 0 0 0 0
46400 -355.2 -0.697656 100 36 0 0 0 0 0 0 0 0 0 -1.66233 100 17 -0.508431 100 22 0 0 0 0 0 0 0 0
46500 -354.235 -1.00587 100 39 0 0 0 0 0 0 0 0 0 -1.48786 100 14 -0.617873 100 14 0 0 0 0 0 0 0 0
46600 -354.591 -0.897879 100 27 0 0 0 0 0 0 0 0 0 -1.32701 100 19 -0.860372 100 22 0 0 0 0 0 0 0 0
46700 -353.991 -0.880574 100 31 0 0 0 0 0 0 0 0 0 -1.41227 100 19 -0.931129 100 26 0 0 0 0 0 0 0 0
46800 -358.237 -0.291603 100 40 0 0 0 0 0 0 0 0 0 -1.81626 100 23 -0.210934 100 35 0 0 0 0 0 0 0 0
46900 -354.189 -0.986407 100 36 0 0 0 0 0 0 0 0 0 -1.3711 100 22 -0.832095 100 26 0 0 0 0 0 0 0 0
47000 -356.185 -1.87946 100 34 0 0 0 0 0 0 0 0 0 -1.50445 100 19 -0.499402 100 22 0 0 0 0 0 0 0 0
47100 -354.37 -0.96622 100 35 0 0 0 0 0 0 0 0 0 -1.57702 100 22 -0.776771 100 22 0 0 0 0 0 0 0 0
47200 -354.915 -0.566702 100 36 0 0 0 0 0 0 0 0 0 -1.53719 100 19 -1.03701 100 13 0 0 0 0 0 0 0 0
47300 -355.426 -1.13959 100 37 0 0 0 0 0 0 0 0 0 -1.28219 100 22 -1.25563 100 20 0 0 0 0 0 0 0 0
47400 -354.552 -0.726686 100 29 0 0 0 0 0 0 0 0 0 -1.39042 100 26 -1.10475 100 24 0 0 0 0 0 0 0 0
47500 -354.322 -0.974867 100 35 0 0 0 0 0 0 0 0 0 -1.52122 100 15 -0.957856 100 23 0 0 0 0 0 0 0 0
47600 -355.08 -1.49142 100 31 0 0 0 0 0 0 0 0 0 -1.56509 100 22 -0.855605 100 19 0 0 0 0 0 0 0 0
47700 -354.497 -0.65126 100 27 0 0 0 0 0 0 0 0 0 -1.59652 100 15 -0.642776 100 21 0 0 0 0 0 0 0 0
47800 -354.928 -1.66771 100 27 0 0 0 0 0 0 0 0 0 -1.48339 100 15 -0.924648 100 23 0 0 0 0 0 0 0 0
47900 -354.563 -0.997139 100 30 0 0 0 0 0 0 0 0 0 -1.35705 100 22 -0.738706 100 24 0 0 0 0 0 0 0 0
48000 -354.568 -0.592836 100 36 0 0 0 0 0 0 0 0 0 -1.57641 100 17 -0.854804 100 21 0 0 0 0 0 0 0 0
48100 -355.808 -0.32551 100 35 0 0 0 0 0 0 0 0 0 -1.36786 100 27 -1.14379 100 26 0 0 0 0 0 0 0 0
48200 -354.137 -1.22577 100 29 0 0 0 0 0 0 0 0 0 -1.40213 100 24 -0.965725 100 18 0 0 0 0 0 0 0 0
48300 -355.658 -1.76378 100 29 0 0 0 0 0 0 0 0 0 -1.57042 100 17 -0.815997 100 25 0 0 0 0 0 0 0 0
48400 -354.402 -0.560072 100 41 0 0 0 0 0 0 0 0 0 -1.5167 100 22 -0.926406 100 28 0 0 0 0 0 0 0 0
48500 -355.03 -0.397813 100 38 0 0 0 0 0 0 0 0 0 -1.56099 100 25 -0.947784 100 31 0 0 0 0 0 0 0 0
48600 -355.335 -0.812204 100 30 0 0 0 0 0 0 0 0 0 -1.31721 100 20 -0.711763 100 16 0 0 0 0 0 0 0 0
48700 -354.843 -1.62176 100 31 0 0 0 0 0 0 0 0 0 -1.35744 100 28 -1.01562 100 27 0 0 0 0 0 0 0 0
48800 -355.999 -1.54925 100 44 0 0 0 0 0 0 0 0 0 -1.29932 100 25 -1.3274 100 21 0 0 0 0 0 0 0 0
48900 -354.682 -0.467704 100 42 0 0 0 0 0 0 0 0 0 -1.4047 100 21 -0.796056 100 27 0 0 0 0 0 0 0 0
49000 -354.943 -0.259214 100 38 0 0 0 0 0 0 0 0 0 -1.54487 100 24 -0.732373 100 17 0 0 0 0 0 0 0 0
49100 -354.942 -0.812629 100 42 0 0 0 0 0 0 0 0 0 -1.41152 100 26 -1.21699 100 23 0 0 0 0 0 0 0 0
49200 -354.994 -0.5065 100 33 0 0 0 0 0 0 0 0 0 -1.59144 100 26 -0.917341 100 26 0 0 0 0 0 0 0 0
49300 -354.408 -1.33949 100 36 0 0 0 0 0 0 0 0 0 -1.50495 100 19 -0.670961 100 31 0 0 0 0 0 0 0 0
49400 -358.552 -0.158461 100 29 0 0 0 0 0 0 0 0 0 -1.43108 100 15 -1.48813 100 21 0 0 0 0 0 0 0 0
49500 -354.295 -1.30684 100 28 0 0 0 0 0 0 0 0 0 -1.43542 100 23 -0.712274 100 22 0 0 0 0 0 0 0 0
49600 -354.957 -1.38587 100 41 0 0 0 0 0 0 0 0 0 -1.33091 100 20 -0.762673 100 25 0 0 0 0 0 0 0 0
49700 -355.102 -1.75958 100 28 0 0 0 0 0 0 0 0 0 -1.44541 100 18 -0.698056 100 24 0 0 0 0 0 0 0 0
49800 -356.453 -1.71633 100 36 0 0 0 0 0 0 0 0 0 -1.26739 100 16 -1.32984 100 25 0 0 0 0 0 0 0 0
49900 -358.728 -2.14032 100 27 0 0 0 0 0 0 0 0 0 -1.17297 100 20 -0.834117 100 17 0 0 0 0 0 0 0 0
50000 -355.051 -1.77905 100 27 0 0 0 0 0 0 0 0 0 -1.43513 100 13 -0.965788 100 25 0 0 0 0 0 0 0 0
50100 -355.567 -0.556596 100 33 0 0 0 0 0 0 0 0 0 -1.37336 100 27 -0.604315 100 24 0 0 0 0 0 0 0 0
50200 -354.538 -1.15308 100 33 0 0 0 0 0 0 0 0 0 -1.33547 100 18 -1.08466 100 17 0 0 0 0 0 0 0 0
50300 -355.712 -1.6831 100 33 0 0 0 0 0 0 0 0 0 -1.50037 100 23 -1.10197 100 19 0 0 0 0 0 0 0 0
50400 -355.493 -0.888984 100 29 0 0 0 0 0 0 0 0 0 -1.35325 100 20 -0.588218 100 26 0 0 0 0 0 0 0 0
50500 -355.034 -0.730107 100 34 0 0 0 0 0 0 0 0 0 -1.34449 100 15 -0.713305 100 27 0 0 0 0 0 0 0 0
50600 -355.009 -0.829848 100 28 0 0 0 0 0 0 0 0 0 -1.64159 100 23 -0.778152 100 18 0 0 0 0 0 0 0 0
50700 -355.841 -1.88894 100 34 0 0 0 0 0 0 0 0 0 -1.55149 100 15 -0.85053 100 22 0 0 0 0 0 0 0 0
50800 -354.394 -0.85948 100 23 0 0 0 0 0 0 0 0 0 -1.57065 100 13 -0.591839 100 29 0 0 0 0 0 0 0 0
50900 -354.262 -0.646735 100 30 0 0 0 0 0 0 0 0 0 -1.41275 100 20 -0.78537 100 10 0 0 0 0 0 0 0 0
51000 -355.275 -1.54594 100 38 0 0 0 0 0 0 0 0 0 -1.4235 100 19 -1.17857 100 21 0 0 0 0 0 0 0 0
51100 -355.367 -1.32227 100 28 0 0 0 0 0 0 0 0 0 -1.25677 100 20 -0.945141 100 28 0 0 0 0 0 0 0 0
51200 -355.481 -0.301137 100 41 0 0 0 0 0 0 0 0 0 -1.39008 100 18 -0.751803 100 26 0 0 0 0 0 0 0 0
51300 -354.841 -1.12035 100 26 0 0 0 0 0 0 0 0 0 -1.2901 100 14 -1.05459 100 19 0 0 0 0 0 0 0 0
51400 -354.215 -0.738647 100 42 0 0 0 0 0 0 0 0 0 -1.4351 100 21 -1.01325 100 19 0 0 0 0 0 0 0 0
51500 -354.161 -0.765257 100 37 0 0 0 0 0 0 0 0 0 -1.39355 100 13 -0.955752 100 29 0 0 0 0 0 0 0 0
51600 -356.07 -2.07948 100 36 0 0 0 0 0 0 0 0 0 -1.5272 100 18 -0.791154 100 12 0 0 0 0 0 0 0 0
51700 -354.958 -1.30344 100 38 0 0 0 0 0 0 0 0 0 -1.2976 100 19 -0.863909 100 14 0 0 0 0 0 0 0 0
51800 -354.18 -1.23993 100 40 0 0 0 0 0 0 0 0 0 -1.42945 100 23 -0.736535 100 24 0 0 0 0 0 0 0 0
51900 -356.678 -2.19583 100 34 0 0 0 0 0 0 0 0 0 -1.37592 100 20 -0.657306 100 21 0 0 0 0 0 0 0 0
52000 -355.609 -1.23892 100 23 0 0 0 0 0 0 0 0 0 -1.42596 100 26 -0.471485 100 29 0 0 0 0 0 0 0 0
52100 -355.646 -1.41111 100 32 0 0 0 0 0 0 0 0 0 -1.34764 100 26 -0.604728 100 14 0 0 0 0 0 0 0 0
52200 -356.844 -0.789248 100 29 0 0 0 0 0 0 0 0 0 -1.65421 100 19 -0.210618 100 25 0 0 0 0 0 0 0 0
52300 -356.009 -0.981996 100 32 0 0 0 0 0 0 0 0 0 -1.35262 100 16 -1.41273 100 20 0 0 0 0 0 0 0 0
52400 -353.992 -1.05046 100 28 0 0 0 0 0 0 0 0 0 -1.46739 100 20 -0.919241 100 32 0 0 0 0 0 0 0 0
52500 -355.975 -0.858234 100 35 0 0 0 0 0 0 0 0 0 -1.24146 100 23 -0.859693 100 16 0 0 0 0 0 0 0 0
52600 -355.634 -2.01583 100 31 0 0 0 0 0 0 0 0 0 -1.38042 100 16 -1.00209 100 25 0 0 0 0 0 0 0 0
52700 -355.189 -1.01587 100 28 0 0 0 0 0 0 0 0 0 -1.29289 100 20 -1.21156 100 29 0 0 0 0 0 0 0 0
52800 -356.475 -2.29024 100 39 0 0 0 0 0 0 0 0 0 -1.38939 100 22 -1.04709 100 20 0 0 0 0 0 0 0 0
52900 -355.788 -1.62546 100 38 0 0 0 0 0 0 0 0 0 -1.47666 100 15 -0.480698 100 19 0 0 0 0 0 0 0 0
53000 -354.619 -0.682951 100 34 0 0 0 0 0 0 0 0 0 -1.52315 100 14 -0.527142 100 16 0 0 0 0 0 0 0 0
53100 -354.711 -1.28946 100 33 0 0 0 0 0 0 0 0 0 -1.57983 100 15 -0.672224 100 21 0 0 0 0 0 0 0 0
53200 -355.499 -1.10457 100 39 0 0 0 0 0 0 0 0 0 -1.60779 100 18 -0.397595 100 29 0 0 0 0 0 0 0 0
53300 -354.874 -0.973773 100 32 0 0 0 0 0 0 0 0 0 -1.43758 100 21 -1.19981 100 26 0 0 0 0 0 0 0 0
53400 -355.292 -1.41991 100 31 0 0 0 0 0 0 0 0 0 -1.47262 100 16 -0.501197 100 17 0 0 0 0 0 0 0 0
53500 -354.087 -1.08085 100 31 0 0 0 0 0 0 0 0 0 -1.4618 100 17 -0.966127 100 18 0 0 0 0 0 0 0 0
53600 -355.984 -1.01628 100 29 0 0 0 0 0 0 0 0 0 -1.71489 100 25 -0.639136 100 21 0 0 0 0 0 0 0 0
53700 -354.549 -0.490672 100 33 0 0 0 0 0 0 0 0 0 -1.4054 100 16 -0.86867 100 35 0 0 0 0 0 0 0 0
53800 -355.596 -0.587688 100 35 0 0 0 0 0 0 0 0 0 -1.30517 100 24 -1.18818 100 12 0 0 0 0 0 0 0 0
53900 -354.755 -1.04276 100 41 0 0 0 0 0 0 0 0 0 -1.56697 100 19 -0.50582 100 22 0 0 0 0 0 0 0 0
54000 -354.617 -0.966597 100 38 0 0 0 0 0 0 0 0 0 -1.35192 100 23 -0.741117 100 21 0 0 0 0 0 0 0 0
54100 -355.375 -1.61296 100 38 0 0 0 0 0 0 0 0 0 -1.56306 100 23 -0.88285 100 21 0 0 0 0 0 0 0 0
54200 -354.197 -0.869818 100 44 0 0 0 0 0 0 0 0 0 -1.37509 100 18 -0.836582 100 20 0 0 0 0 0 0 0 0
54300 -355.639 -0.0908872 100 28 0 0 0 0 0 0 0 0 0 -1.52435 100 28 -0.690107 100 18 0 0 0 0 0 0 0 0
54400 -355.801 -0.486879 100 33 0 0 0 0 0 0 0 0 0 -1.39883 100 15 -0.54391 100 27 0 0 0 0 0 0 0 0
54500 -355.87 -1.50202 100 29 0 0 0 0 0 0 0 0 0 -1.23948 100 15 -0.91507 100 31 0 0 0 0 0 0 0 0
54600 -355.748 -1.99956 100 34 0 0 0 0 0 0 0 0 0 -1.46448 100 21 -0.98121 100 20 0 0 0 0 0 0 0 0
54700 -354.237 -1.32698 100 27 0 0 0 0 0 0 0 0 0 -1.4575 100 12 -0.730804 100 20 0 0 0 0 0 0 0 0
54800 -355.952 -1.19328 100 38 0 0 0 0 0 0 0 0 0 -1.21316 100 16 -1.14021 100 22 0 0 0 0 0 0 0 0
54900 -355.016 -0.29015 100 38 0 0 0 0 0 0 0 0 0 -1.5905 100 18 -0.668636 100 28 0 0 0 0 0 0 0 0
55000 -356.051 -0.289257 100 34 0 0 0 0 0 0 0 0 0 -1.42066 100 22 -0.558454 100 29 0 0 0 0 0 0 0 0
55100 -355.86 -1.08977 100 27 0 0 0 0 0 0 0 0 0 -1.28514 100 12 -0.687782 100 21 0 0 0 0 0 0 0 0
55200 -355.563 -0.69009 100 34 0 0 0 0 0 0 0 0 0 -1.32594 100 13 -0.678442 100 17 0 0 0 0 0 0 0 0
55300 -355.205 -1.58206 100 35 0 0 0 0 0 0 0 0 0 -1.30198 100 27 -0.8772 100 23 0 0 0 0 0 0 0 0
55400 -354.853 -0.595973 100 29 0 0 0 0 0 0 0 0 0 -1.56486 100 18 -0.975295 100 21 0 0 0 0 0 0 0 0
55500 -354.189 -1.18829 100 39 0 0 0 0 0 0 0 0 0 -1.4897 100 20 -0.923899 100 26 0 0 0 0 0 0 0 0
55600 -356.372 -0.414171 100 31 0 0 0 0 0 0 0 0 0 -1.27973 100 20 -1.15768 100 19 0 0 0 0 0 0 0 0
55700 -354.59 -1.03011 100 37 0 0 0 0 0 0 0 0 0 -1.59582 100 18 -0.775192 100 19 0 0 0 0 0 0 0 0
55800 -354.38 -0.680772 100 30 0 0 0 0 0 0 0 0 0 -1.4734 100 21 -1.02606 100 27 0 0 0 0 0 0 0 0
55900 -355.503 -0.645694 100 27 0 0 0 0 0 0 0 0 0 -1.58629 100 18 -0.371343 100 20 0 0 0 0 0 0 0 0
56000 -355.001 -0.857943 100 30 0 0 0 0 0 0 0 0 0 -1.39067 100 19 -0.590653 100 24 0 0 0 0 0 0 0 0
56100 -354.396 -1.41332 100 40 0 0 0 0 0 0 0 0 0 -1.37093 100 16 -0.901118 100 15 0 0 0 0 0 0 0 0
56200 -353.992 -1.16394 100 29 0 0 0 0 0 0 0 0 0 -1.4414 100 21 -0.897463 100 34 0 0 0 0 0 0 0 0
56300 -354.461 -0.924726 100 30 0 0 0 0 0 0 0 0 0 -1.39736 100 26 -1.12402 100 28 0 0 0 0 0 0 0 0
56400 -359.155 -2.04248 100 34 0 0 0 0 0 0 0 0 0 -1.35464 100 14 -1.62231 100 29 0 0 0 0 0 0 0 0
56500 -354.463 -0.777051 100 31 0 0 0 0 0 0 0 0 0 -1.59883 100 20 -0.6525 100 26 0 0 0 0 0 0 0 0
56600 -354.191 -0.580936 100 39 0 0 0 0 0 0 0 0 0 -1.4445 100 20 -0.870171 100 21 0 0 0 0 0 0 0 0
56700 -354.631 -0.392315 100 30 0 0 0 0 0 0 0 0 0 -1.45747 100 16 -0.757236 100 22 0 0 0 0 0 0 0 0
56800 -354.555 -0.520506 100 28 0 0 0 0 0 0 0 0 0 -1.51031 100 23 -0.9675 100 21 0 0 0 0 0 0 0 0
56900 -355.844 -0.369929 100 31 0 0 0 0 0 0 0 0 0 -1.69102 100 16 -0.457813 100 27 0 0 0 0 0 0 0 0
57000 -356.194 -1.86407 100 33 0 0 0 0 0 0 0 0 0 -1.58462 100 16 -0.868419 100 19 0 0 0 0 0 0 0 0
57100 -354.541 -1.45619 100 33 0 0 0 0 0 0 0 0 0 -1.43678 100 21 -0.697154 100 18 0 0 0 0 0 0 0 0
57200 -356.077 -1.29245 100 33 0 0 0 0 0 0 0 0 0 -1.21999 100 19 -1.23951 100 24 0 0 0 0 0 0 0 0
57300 -354.88 -0.547885 100 28 0 0 0 0 0 0 0 0 0 -1.35248 100 14 -1.02385 100 19 0 0 0 0 0 0 0 0
57400 -357.517 -2.5282 100 38 0 0 0 0 0 0 0 0 0 -1.50012 100 12 -0.619861 100 22 0 0 0 0 0 0 0 0
57500 -355.144 -0.734524 100 30 0 0 0 0 0 0 0 0 0 -1.54519 100 15 -1.09913 100 24 0 0 0 0 0 0 0 0
57600 -355.608 -0.322167 100 39 0 0 0 0 0 0 0 0 0 -1.64684 100 20 -0.464797 100 17 0 0 0 0 0 0 0 0
57700 -353.997 -0.731137 100 31 0 0 0 0 0 0 0 0 0 -1.5043 100 15 -0.750464 100 20 0 0 0 0 0 0 0 0
57800 -354.072 -0.78465 100 38 0 0 0 0 0 0 0 0 0 -1.41881 100 20 -0.780575 100 23 0 0 0 0 0 0 0 0
57900 -356.595 -0.594025 100 32 0 0 0 0 0 0 0 0 0 -1.7624 100 20 -0.404468 100 25 0 0 0 0 0 0 0 0
58000 -356.676 -1.69718 100 31 0 0 0 0 0 0 0 0 0 -1.3241 100 23 -0.573751 100 27 0 0 0 0 0 0 0 0
58100 -356.408 -0.0220197 100 38 0 0 0 0 0 0 0 0 0 -1.50329 100 16 -1.01062 100 26 0 0 0 0 0 0 0 0
58200 -354.67 -1.58942 100 38 0 0 0 0 0 0 0 0 0 -1.36966 100 12 -0.901851 100 28 0 0 0 0 0 0 0 0
58300 -355.482 -0.570162 100 31 0 0 0 0 0 0 0 0 0 -1.54639 100 17 -0.394845 100 24 0 0 0 0 0 0 0 0
58400 -354.855 -0.896769 100 34 0 0 0 0 0 0 0 0 0 -1.33741 100 20 -1.18237 100 26 0 0 0 0 0 0 0 0
58500 -354.727 -1.39584 100 37 0 0 0 0 0 0 0 0 0 -1.33814 100 25 -1.08999 100 22 0 0 0 0 0 0 0 0
58600 -354.845 -1.42908 100 27 0 0 0 0 0 0 0 0 0 -1.51675 100 13 -0.578173 100 25 0 0 0 0 0 0 0 0
58700 -354.703 -0.689117 100 35 0 0 0 0 0 0 0 0 0 -1.62322 100 19 -0.718422 100 19 0 0 0 0 0 0 0 0
58800 -354.523 -1.07186 100 36 0 0 0 0 0 0 0 0 0 -1.51184 100 13 -0.549734 100 27 0 0 0 0 0 0 0 0
58900 -354.7 -0.845391 100 32 0 0 0 0 0 0 0 0 0 -1.3994 100 21 -0.627306 100 26 0 0 0 0 0 0 0 0
59000 -354.266 -1.34058 100 39 0 0 0 0 0 0 0 0 0 -1.49712 100 18 -0.772546 100 24 0 0 0 0 0 0 0 0
59100 -355.384 -1.85226 100 39 0 0 0 0 0 0 0 0 0 -1.34609 100 19 -0.844648 100 27 0 0 0 0 0 0 0 0
59200 -354.349 -0.576538 100 27 0 0 0 0 0 0 0 0 0 -1.40884 100 11 -0.83595 100 16 0 0 0 0 0 0 0 0
59300 -354.157 -0.589206 100 37 0 0 0 0 0 0 0 0 0 -1.50359 100 21 -0.83726 100 18 0 0 0 0 0 0 0 0
59400 -354.356 -0.519669 100 28 0 0 0 0 0 0 0 0 0 -1.43248 100 20 -0.820135 100 19 0 0 0 0 0 0 0 0
59500 -355.681 -2.01244 100 32 0 0 0 0 0 0 0 0 0 -1.46094 100 20 -0.945917 100 24 0 0 0 0 0 0 0 0
59600 -354.721 -0.430259 100 33 0 0 0 0 0 0 0 0 0 -1.57491 100 9 -0.605226 100 11 0 0 0 0 0 0 0 0
59700 -354.444 -1.45693 100 29 0 0 0 0 0 0 0 0 0 -1.38535 100 19 -0.973598 100 24 0 0 0 0 0 0 0 0
59800 -354.293 -1.02459 100 30 0 0 0 0 0 0 0 0 0 -1.54057 100 22 -0.883982 100 23 0 0 0 0 0 0 0 0
59900 -353.932 -0.780568 100 32 0 0 0 0 0 0 0 0 0 -1.47416 100 22 -0.849975 100 22 0 0 0 0 0 0 0 0
60000 -353.94 -0.893607 100 37 0 0 0 0 0 0 0 0 0 -1.48143 100 16 -0.731772 100 23 0 0 0 0 0 0 0 0
60100 -356.142 -0.225038 100 33 0 0 0 0 0 0 0 0 0 -1.66956 100 20 -0.413833 100 31 0 0 0 0 0 0 0 0
60200 -354.357 -0.525845 100 38 0 0 0 0 0 0 0 0 0 -1.43462 100 24 -0.792049 100 24 0 0 0 0 0 0 0 0
60300 -354.81 -1.03044 100 29 0 0 0 0 0 0 0 0 0 -1.61684 100 24 -0.574987 100 20 0 0 0 0 0 0 0 0
60400 -354.822 -1.24457 100 30 0 0 0 0 0 0 0 0 0 -1.29456 100 14 -1.0391 100 21 0 0 0 0 0 0 0 0
60500 -354.609 -0.941822 100 32 0 0 0 0 0 0 0 0 0 -1.61153 100 24 -0.661684 100 21 0 0 0 0 0 0 0 0
60600 -355.072 -1.59567 100 25 0 0 0 0 0 0 0 0 0 -1.53458 100 14 -0.622051 100 25 0 0 0 0 0 0 0 0
60700 -354.493 -1.55701 100 35 0 0 0 0 0 0 0 0 0 -1.41914 100 18 -0.880398 100 32 0 0 0 0 0 0 0 0
60800 -354.341 -0.654912 100 36 0 0 0 0 0 0 0 0 0 -1.39149 100 21 -0.819194 100 23 0 0 0 0 0 0 0 0
60900 -354.777 -0.914888 100 38 0 0 0 0 0 0 0 0 0 -1.35215 100 17 -1.18127 100 24 0 0 0 0 0 0 0 0
61000 -356.712 -0.202979 100 31 0 0 0 0 0 0 0 0 0 -1.66932 100 16 -0.315182 100 21 0 0 0 0 0 0 0 0
61100 -355.271 -0.635486 100 42 0 0 0 0 0 0 0 0 0 -1.31226 100 17 -0.817426 100 23 0 0 0 0 0 0 0 0
61200 -354.316 -1.32231 100 39 0 0 0 0 0 0 0 0 0 -1.45081 100 19 -0.982612 100 23 0 0 0 0 0 0 0 0
61300 -354.218 -0.948538 100 26 0 0 0 0 0 0 0 0 0 -1.36507 100 21 -0.996587 100 30 0 0 0 0 0 0 0 0
61400 -355.621 -0.933988 100 36 0 0 0 0 0 0 0 0 0 -1.26906 100 24 -1.25763 100 28 0 0 0 0 0 0 0 0
61500 -354.772 -0.906253 100 28 0 0 0 0 0 0 0 0 0 -1.4301 100 16 -0.562319 100 28 0 0 0 0 0 0 0 0
61600 -356.309 -0.227677 100 35 0 0 0 0 0 0 0 0 0 -1.67596 100 13 -0.860543 100 22 0 0 0 0 0 0 0 0
61700 -354.088 -0.616861 100 37 0 0 0 0 0 0 0 0 0 -1.48704 100 18 -0.829581 100 26 0 0 0 0 0 0 0 0
61800 -355.563 -0.784395 100 29 0 0 0 0 0 0 0 0 0 -1.68928 100 15 -0.470007 100 27 0 0 0 0 0 0 0 0
61900 -355.206 -0.974314 100 34 0 0 0 0 0 0 0 0 0 -1.46847 100 21 -0.458255 100 28 0 0 0 0 0 0 0 0
62000 -355.758 -0.547724 100 30 0 0 0 0 0 0 0 0 0 -1.55044 100 12 -1.16611 100 22 0 0 0 0 0 0 0 0
62100 -354.552 -0.528204 100 39 0 0 0 0 0 0 0 0 0 -1.5015 100 22 -0.982803 100 19 0 0 0 0 0 0 0 0
62200 -354.825 -0.987582 100 41 0 0 0 0 0 0 0 0 0 -1.61916 100 17 -0.781938 100 19 0 0 0 0 0 0 0 0
62300 -355.047 -1.5508 100 40 0 0 0 0 0 0 0 0 0 -1.56283 100 18 -0.677516 100 32 0 0 0 0 0 0 0 0
62400 -354.395 -0.683711 100 33 0 0 0 0 0 0 0 0 0 -1.38456 100 14 -0.793739 100 23 0 0 0 0 0 0 0 0
62500 -354.384 -1.04057 100 29 0 0 0 0 0 0 0 0 0 -1.39262 100 16 -0.699518 100 25 0 0 0 0 0 0 0 0
62600 -358.078 -2.43805 100 36 0 0 0 0 0 0 0 0 0 -1.57916 100 14 -0.949656 100 24 0 0 0 0 0 0 0 0
62700 -354.562 -0.741896 100 38 0 0 0 0 0 0 0 0 0 -1.60816 100 16 -0.737747 100 30 0 0 0 0 0 0 0 0
62800 -355.094 -0.620777 100 36 0 0 0 0 0 0 0 0 0 -1.33659 100 13 -0.774211 100 17 0 0 0 0 0 0 0 0
62900 -354.773 -1.50626 100 39 0 0 0 0 0 0 0 0 0 -1.35561 100 26 -1.07414 100 23 0 0 0 0 0 0 0 0
63000 -354.105 -1.28313 100 37 0 0 0 0 0 0 0 0 0 -1.43627 100 29 -0.900384 100 19 0 0 0 0 0 0 0 0
63100 -354.963 -1.53283 100 44 0 0 0 0 0 0 0 0 0 -1.55821 100 15 -0.761825 100 20 0 0 0 0 0 0 0 0
63200 -357.788 -2.65211 100 34 0 0 0 0 0 0 0 0 0 -1.51979 100 15 -0.741618 100 24 0 0 0 0 0 0 0 0
63300 -355.575 -0.705279 100 27 0 0 0 0 0 0 0 0 0 -1.66881 100 21 -0.407862 100 19 0 0 0 0 0 0 0 0
63400 -357.431 0.095111 100 31 0 0 0 0 0 0 0 0 0 -1.48587 100 13 -0.54266 100 25 0 0 0 0 0 0 0 0
63500 -356.651 -2.20248 100 35 0 0 0 0 0 0 0 0 0 -1.32756 100 17 -1.17278 100 33 0 0 0 0 0 0 0 0
63600 -355.235 -1.23192 100 27 0 0 0 0 0 0 0 0 0 -1.48395 100 16 -1.18406 100 20 0 0 0 0 0 0 0 0
63700 -354.651 -1.50683 100 41 0 0 0 0 0 0 0 0 0 -1.44991 100 17 -0.678336 100 24 0 0 0 0 0 0 0 0
63800 -357.868 -0.499632 100 33 0 0 0 0 0 0 0 0 0 -1.36282 100 23 -0.395752 100 13 0 0 0 0 0 0 0 0
63900 -354.751 -0.670803 100 37 0 0 0 0 0 0 0 0 0 -1.38787 100 19 -1.13642 100 26 0 0 0 0 0 0 0 0
64000 -355.167 -0.477808 100 34 0 0 0 0 0 0 0 0 0 -1.49084 100 18 -1.12025 100 24 0 0 0 0 0 0 0 0
64100 -354.29 -1.32581 100 31 0 0 0 0 0 0 0 0 0 -1.50455 100 16 -0.828304 100 22 0 0 0 0 0 0 0 0
64200 -354.381 -0.931308 100 37 0 0 0 0 0 0 0 0 0 -1.37558 100 13 -0.743329 100 20 0 0 0 0 0 0 0 0
64300 -354.821 -1.12464 100 33 0 0 0 0 0 0 0 0 0 -1.34513 100 20 -1.19166 100 17 0 0 0 0 0 0 0 0
64400 -358.394 -0.422449 100 36 0 0 0 0 0 0 0 0 0 -1.40251 100 19 -1.59559 100 22 0 0 0 0 0 0 0 0
64500 -354.277 -0.527873 100 37 0 0 0 0 0 0 0 0 0 -1.53003 100 18 -0.770444 100 22 0 0 0 0 0 0 0 0
64600 -354.676 -0.663655 100 27 0 0 0 0 0 0 0 0 0 -1.57155 100 22 -0.926662 100 27 0 0 0 0 0 0 0 0
64700 -355.154 -1.2677 100 31 0 0 0 0 0 0 0 0 0 -1.58425 100 17 -0.487742 100 17 0 0 0 0 0 0 0 0
64800 -358.803 -1.59068 100 36 0 0 0 0 0 0 0 0 0 -1.60038 100 17 -1.36518 100 25 0 0 0 0 0 0 0 0
64900 -357.093 -0.232946 100 42 0 0 0 0 0 0 0 0 0 -1.38373 100 19 -1.33489 100 28 0 0 0 0 0 0 0 0
65000 -354.327 -1.04326 100 28 0 0 0 0 0 0 0 0 0 -1.3746 100 23 -1.0749 100 20 0 0 0 0 0 0 0 0
65100 -353.991 -0.896837 100 37 0 0 0 0 0 0 0 0 0 -1.42408 100 23 -0.777375 100 14 0 0 0 0 0 0 0 0
65200 -353.879 -0.961912 100 37 0 0 0 0 0 0 0 0 0 -1.46802 100 13 -0.82334 100 22 0 0 0 0 0 0 0 0
65300 -355.019 -0.496648 100 24 0 0 0 0 0 0 0 0 0 -1.38265 100 17 -1.10337 100 25 0 0 0 0 0 0 0 0
65400 -353.971 -0.758751 100 32 0 0 0 0 0 0 0 0 0 -1.46034 100 27 -0.889601 100 24 0 0 0 0 0 0 0 0
65500 -354.253 -0.879277 100 31 0 0 0 0 0 0 0 0 0 -1.43249 100 20 -0.665394 100 22 0 0 0 0 0 0 0 0
65600 -355.494 -0.373496 100 34 0 0 0 0 0 0 0 0 0 -1.47113 100 24 -0.517055 100 24 0 0 0 0 0 0 0 0
65700 -355.428 -0.73364 100 30 0 0 0 0 0 0 0 0 0 -1.68139 100 24 -0.72874 100 25 0 0 0 0 0 0 0 0
65800 -355.686 -1.29288 100 47 0 0 0 0 0 0 0 0 0 -1.66421 100 15 -0.54317 100 26 0 0 0 0 0 0 0 0
65900 -359.797 -2.47472 100 35 0 0 0 0 0 0 0 0 0 -1.44192 100 16 -1.4774 100 20 0 0 0 0 0 0 0 0
66000 -356.934 -1.60193 100 31 0 0 0 0 0 0 0 0 0 -1.60008 100 21 -0.310731 100 21 0 0 0 0 0 0 0 0
66100 -357.639 -0.320729 100 27 0 0 0 0 0 0 0 0 0 -1.51151 100 27 -0.255379 100 18 0 0 0 0 0 0 0 0
66200 -355.685 -0.905619 100 34 0 0 0 0 0 0 0 0 0 -1.39601 100 19 -0.489526 100 17 0 0 0 0 0 0 0 0
66300 -354.867 -1.43701 100 33 0 0 0 0 0 0 0 0 0 -1.34301 100 16 -1.13014 100 31 0 0 0 0 0 0 0 0
66400 -354.075 -1.01129 100 35 0 0 0 0 0 0 0 0 0 -1.41777 100 20 -0.99914 100 22 0 0 0 0 0 0 0 0
66500 -357.904 -2.17805 100 32 0 0 0 0 0 0 0 0 0 -1.31881 100 20 -0.56945 100 24 0 0 0 0 0 0 0 0
66600 -354.029 -1.11811 100 32 0 0 0 0 0 0 0 0 0 -1.40834 100 21 -0.814 100 23 0 0 0 0 0 0 0 0
66700 -354.927 -1.01952 100 25 0 0 0 0 0 0 0 0 0 -1.53619 100 13 -1.0696 100 16 0 0 0 0 0 0 0 0
66800 -354.243 -0.796994 100 29 0 0 0 0 0 0 0 0 0 -1.56285 100 25 -0.654089 100 24 0 0 0 0 0 0 0 0
66900 -357.847 -0.697852 100 27 0 0 0 0 0 0 0 0 0 -1.55147 100 26 -1.45085 100 25 0 0 0 0 0 0 0 0
67000 -354.139 -1.28844 100 33 0 0 0 0 0 0 0 0 0 -1.43862 100 17 -0.92452 100 31 0 0 0 0 0 0 0 0
67100 -356.923 0.0562066 100 40 0 0 0 0 0 0 0 0 0 -1.49368 100 21 -0.579236 100 21 0 0 0 0 0 0 0 0
67200 -355.677 -1.19284 100 32 0 0 0 0 0 0 0 0 0 -1.52991 100 14 -0.380595 100 18 0 0 0 0 0 0 0 0
67300 -355.466 -0.469825 100 34 0 0 0 0 0 0 0 0 0 -1.32687 100 23 -1.09429 100 21 0 0 0 0 0 0 0 0
67400 -355.625 -0.157992 100 34 0 0 0 0 0 0 0 0 0 -1.52228 100 20 -0.96274 100 24 0 0 0 0 0 0 0 0
67500 -354.2 -0.865552 100 36 0 0 0 0 0 0 0 0 0 -1.44159 100 20 -0.667785 100 24 0 0 0 0 0 0 0 0
67600 -356.252 -2.14519 100 33 0 0 0 0 0 0 0 0 0 -1.4679 100 20 -1.01096 100 17 0 0 0 0 0 0 0 0
67700 -355.647 -0.907928 100 37 0 0 0 0 0 0 0 0 0 -1.67975 100 22 -0.430945 100 24 0 0 0 0 0 0 0 0
67800 -356.139 -1.37769 100 33 0 0 0 0 0 0 0 0 0 -1.43598 100 19 -1.35411 100 26 0 0 0 0 0 0 0 0
67900 -354.217 -0.972724 100 30 0 0 0 0 0 0 0 0 0 -1.39376 100 9 -1.04884 100 17 0 0 0 0 0 0 0 0
68000 -357.498 -0.371697 100 34 0 0 0 0 0 0 0 0 0 -1.8166 100 19 -0.440352 100 23 0 0 0 0 0 0 0 0
68100 -358.505 -0.192552 100 34 0 0 0 0 0 0 0 0 0 -1.40508 100 15 -1.50521 100 29 0 0 0 0 0 0 0 0
68200 -354.386 -1.25761 100 26 0 0 0 0 0 0 0 0 0 -1.46804 100 13 -0.639359 100 12 0 0 0 0 0 0 0 0
68300 -354.93 -0.611408 100 35 0 0 0 0 0 0 0 0 0 -1.35129 100 18 -1.10962 100 22 0 0 0 0 0 0 0 0
68400 -354.755 -0.868704 100 30 0 0 0 0 0 0 0 0 0 -1.59185 100 21 -0.504591 100 20 0 0 0 0 0 0 0 0
68500 -355.57 -1.27242 100 34 0 0 0 0 0 0 0 0 0 -1.28484 100 28 -1.28271 100 22 0 0 0 0 0 0 0 0
68600 -356.938 -0.808114 100 29 0 0 0 0 0 0 0 0 0 -1.20019 100 22 -1.3218 100 27 0 0 0 0 0 0 0 0
68700 -354.263 -1.20044 100 23 0 0 0 0 0 0 0 0 0 -1.52235 100 21 -0.855256 100 25 0 0 0 0 0 0 0 0
68800 -356.054 -1.75806 100 37 0 0 0 0 0 0 0 0 0 -1.58064 100 17 -0.502771 100 28 0 0 0 0 0 0 0 0
68900 -355.341 -1.69948 100 35 0 0 0 0 0 0 0 0 0 -1.34571 100 19 -0.748797 100 23 0 0 0 0 0 0 0 0
69000 -354.874 -1.4879 100 37 0 0 0 0 0 0 0 0 0 -1.37025 100 15 -0.720263 100 24 0 0 0 0 0 0 0 0
69100 -354.412 -0.969553 100 37 0 0 0 0 0 0 0 0 0 -1.48628 100 20 -0.572537 100 25 0 0 0 0 0 0 0 0
69200 -354.778 -0.760889 100 46 0 0 0 0 0 0 0 0 0 -1.63489 100 23 -0.660643 100 37 0 0 0 0 0 0 0 0
69300 -355.453 -1.80436 100 38 0 0 0 0 0 0 0 0 0 -1.44494 100 17 -1.07327 100 20 0 0 0 0 0 0 0 0
69400 -354.22 -0.978268 100 42 0 0 0 0 0 0 0 0 0 -1.44343 100 21 -1.04375 100 28 0 0 0 0 0 0 0 0
69500 -355.035 -1.28001 100 28 0 0 0 0 0 0 0 0 0 -1.33381 100 16 -1.21413 100 25 0 0 0 0 0 0 0 0
69600 -355.732 -1.63195 100 43 0 0 0 0 0 0 0 0 0 -1.61685 100 18 -0.67502 100 20 0 0 0 0 0 0 0 0
69700 -356.327 -1.18013 100 33 0 0 0 0 0 0 0 0 0 -1.72398 100 23 -0.601892 100 25 0 0 0 0 0 0 0 0
69800 -355.121 -1.13002 100 31 0 0 0 0 0 0 0 0 0 -1.57169 100 19 -0.45002 100 26 0 0 0 0 0 0 0 0
69900 -354.097 -1.17704 100 31 0 0 0 0 0 0 0 0 0 -1.41446 100 12 -0.972119 100 24 0 0 0 0 0 0 0 0
70000 -355.353 -0.348839 100 32 0 0 0 0 0 0 0 0 0 -1.64169 100 16 -0.772087 100 19 0 0 0 0 0 0 0 0
70100 -354.359 -0.694784 100 31 0 0 0 0 0 0 0 0 0 -1.38721 100 13 -1.01185 100 19 0 0 0 0 0 0 0 0
70200 -354.709 -0.598031 100 16 0 0 0 0 0 0 0 0 0 -1.42023 100 18 -1.10502 100 17 0 0 0 0 0 0 0 0
70300 -356.493 -0.502657 100 35 0 0 0 0 0 0 0 0 0 -1.75514 100 19 -0.420529 100 23 0 0 0 0 0 0 0 0
70400 -355.317 -0.618029 100 26 0 0 0 0 0 0 0 0 0 -1.3948 100 12 -0.578802 100 23 0 0 0 0 0 0 0 0
70500 -354.83 -1.21142 100 37 0 0 0 0 0 0 0 0 0 -1.57371 100 19 -0.538672 100 24 0 0 0 0 0 0 0 0
70600 -357.769 -0.125794 100 28 0 0 0 0 0 0 0 0 0 -1.51988 100 18 -0.297918 100 23 0 0 0 0 0 0 0 0
70700 -355.377 -0.645917 100 39 0 0 0 0 0 0 0 0 0 -1.35075 100 21 -1.24366 100 26 0 0 0 0 0 0 0 0
70800 -355.955 -0.141249 100 30 0 0 0 0 0 0 0 0 0 -1.62325 100 20 -0.483829 100 14 0 0 0 0 0 0 0 0
70900 -356.869 -1.64359 100 35 0 0 0 0 0 0 0 0 0 -1.64968 100 17 -0.369623 100 20 0 0 0 0 0 0 0 0
71000 -354.734 -1.20692 100 37 0 0 0 0 0 0 0 0 0 -1.59528 100 18 -0.733652 100 20 0 0 0 0 0 0 0 0
71100 -355.071 -1.65215 100 40 0 0 0 0 0 0 0 0 0 -1.33683 100 19 -1.06973 100 28 0 0 0 0 0 0 0 0
71200 -354.537 -1.41838 100 24 0 0 0 0 0 0 0 0 0 -1.49805 100 21 -0.921537 100 28 0 0 0 0 0 0 0 0
71300 -354.289 -0.857769 100 31 0 0 0 0 0 0 0 0 0 -1.52092 100 23 -0.954538 100 21 0 0 0 0 0 0 0 0
71400 -357.809 -1.52153 100 32 0 0 0 0 0 0 0 0 0 -1.38464 100 12 -1.57712 100 24 0 0 0 0 0 0 0 0
71500 -355.281 -0.56117 100 30 0 0 0 0 0 0 0 0 0 -1.32258 100 21 -1.11249 100 20 0 0 0 0 0 0 0 0
71600 -354.704 -0.856628 100 32 0 0 0 0 0 0 0 0 0 -1.54507 100 19 -1.01392 100 26 0 0 0 0 0 0 0 0
71700 -356.99 -1.65537 100 27 0 0 0 0 0 0 0 0 0 -1.24259 100 19 -1.41867 100 28 0 0 0 0 0 0 0 0
71800 -355.576 -0.946025 100 36 0 0 0 0 0 0 0 0 0 -1.67321 100 18 -0.442211 100 26 0 0 0 0 0 0 0 0
71900 -354.21 -0.924566 100 38 0 0 0 0 0 0 0 0 0 -1.39226 100 19 -0.75579 100 20 0 0 0 0 0 0 0 0
72000 -356.404 -0.361219 100 34 0 0 0 0 0 0 0 0 0 -1.58013 100 18 -1.16388 100 15 0 0 0 0 0 0 0 0
72100 -354.641 -0.786661 100 40 0 0 0 0 0 0 0 0 0 -1.5738 100 17 -0.5165 100 22 0 0 0 0 0 0 0 0
72200 -356.098 -2.10021 100 39 0 0 0 0 0 0 0 0 0 -1.519 100 18 -0.829102 100 12 0 0 0 0 0 0 0 0
72300 -354.219 -1.17369 100 34 0 0 0 0 0 0 0 0 0 -1.36138 100 18 -0.925752 100 27 0 0 0 0 0 0 0 0
72400 -355.517 -1.52453 100 24 0 0 0 0 0 0 0 0 0 -1.31768 100 20 -1.24887 100 23 0 0 0 0 0 0 0 0
72500 -357.341 -1.96558 100 43 0 0 0 0 0 0 0 0 0 -1.64899 100 17 -0.841745 100 18 0 0 0 0 0 0 0 0
72600 -354.285 -1.23271 100 35 0 0 0 0 0 0 0 0 0 -1.39744 100 16 -1.03679 100 16 0 0 0 0 0 0 0 0
72700 -355.248 -0.72755 100 34 0 0 0 0 0 0 0 0 0 -1.52339 100 15 -1.15414 100 15 0 0 0 0 0 0 0 0
72800 -354.804 -0.749369 100 31 0 0 0 0 0 0 0 0 0 -1.61346 100 24 -0.837143 100 18 0 0 0 0 0 0 0 0
72900 -357.43 -1.2128 100 33 0 0 0 0 0 0 0 0 0 -1.173 100 18 -1.41935 100 22 0 0 0 0 0 0 0 0
73000 -354.125 -0.861858 100 31 0 0 0 0 0 0 0 0 0 -1.47919 100 19 -0.651189 100 24 0 0 0 0 0 0 0 0
73100 -357.602 -1.17495 100 27 0 0 0 0 0 0 0 0 0 -1.67987 100 16 -1.1126 100 18 0 0 0 0 0 0 0 0
73200 -356.783 -0.161039 100 27 0 0 0 0 0 0 0 0 0 -1.66304 100 24 -0.961968 100 25 0 0 0 0 0 0 0 0
73300 -355.976 -0.874289 100 37 0 0 0 0 0 0 0 0 0 -1.22806 100 11 -0.942512 100 25 0 0 0 0 0 0 0 0
73400 -354.98 -0.819744 100 34 0 0 0 0 0 0 0 0 0 -1.61318 100 20 -0.469416 100 19 0 0 0 0 0 0 0 0
73500 -354.234 -0.662026 100 41 0 0 0 0 0 0 0 0 0 -1.53063 100 19 -0.874859 100 24 0 0 0 0 0 0 0 0
73600 -357.039 -2.15904 100 39 0 0 0 0 0 0 0 0 0 -1.39351 100 21 -0.558895 100 24 0 0 0 0 0 0 0 0
73700 -354.089 -0.648727 100 28 0 0 0 0 0 0 0 0 0 -1.51016 100 19 -0.823016 100 22 0 0 0 0 0 0 0 0
73800 -354.306 -1.34402 100 29 0 0 0 0 0 0 0 0 0 -1.41788 100 17 -0.749331 100 19 0 0 0 0 0 0 0 0
73900 -354.41 -1.00723 100 35 0 0 0 0 0 0 0 0 0 -1.58268 100 15 -0.673253 100 22 0 0 0 0 0 0 0 0
74000 -358.936 -2.00778 100 40 0 0 0 0 0 0 0 0 0 -1.23218 100 22 -1.5981 100 19 0 0 0 0 0 0 0 0
74100 -354.201 -1.13828 100 32 0 0 0 0 0 0 0 0 0 -1.51912 100 14 -0.670585 100 18 0 0 0 0 0 0 0 0
74200 -358.047 -2.30877 100 34 0 0 0 0 0 0 0 0 0 -1.30483 100 22 -0.621341 100 16 0 0 0 0 0 0 0 0
74300 -356.469 -1.29413 100 41 0 0 0 0 0 0 0 0 0 -1.18401 100 18 -1.12289 100 18 0 0 0 0 0 0 0 0
74400 -354.654 -0.87272 100 35 0 0 0 0 0 0 0 0 0 -1.45332 100 12 -0.555047 100 23 0 0 0 0 0 0 0 0
74500 -354.19 -0.778275 100 43 0 0 0 0 0 0 0 0 0 -1.56059 100 17 -0.742044 100 19 0 0 0 0 0 0 0 0
74600 -355.092 -1.37555 100 33 0 0 0 0 0 0 0 0 0 -1.45665 100 14 -1.16079 100 33 0 0 0 0 0 0 0 0
74700 -356.152 -0.237434 100 32 0 0 0 0 0 0 0 0 0 -1.6957 100 25 -0.736764 100 21 0 0 0 0 0 0 0 0
74800 -356.829 -1.83773 100 34 0 0 0 0 0 0 0 0 0 -1.33415 100 17 -0.571418 100 35 0 0 0 0 0 0 0 0
74900 -358.679 -0.0921254 100 34 0 0 0 0 0 0 0 0 0 -1.62954 100 14 -1.27484 100 23 0 0 0 0 0 0 0 0
75000 -357.415 0.203074 100 31 0 0 0 0 0 0 0 0 0 -1.53858 100 21 -0.658029 100 23 0 0 0 0 0 0 0 0
75100 -354.376 -1.40779 100 35 0 0 0 0 0 0 0 0 0 -1.44553 100 20 -0.963875 100 19 0 0 0 0 0 0 0 0
75200 -354.343 -1.16036 100 26 0 0 0 0 0 0 0 0 0 -1.34369 100 22 -0.985524 100 21 0 0 0 0 0 0 0 0
75300 -355.23 -0.534597 100 29 0 0 0 0 0 0 0 0 0 -1.46364 100 18 -0.507676 100 24 0 0 0 0 0 0 0 0
75400 -354.409 -1.31274 100 36 0 0 0 0 0 0 0 0 0 -1.42651 100 18 -0.687841 100 18 0 0 0 0 0 0 0 0
75500 -354.648 -1.43712 100 30 0 0 0 0 0 0 0 0 0 -1.35829 100 20 -0.797835 100 25 0 0 0 0 0 0 0 0
75600 -355.854 -0.648271 100 33 0 0 0 0 0 0 0 0 0 -1.41235 100 19 -1.33853 100 23 0 0 0 0 0 0 0 0
75700 -354.023 -0.918119 100 29 0 0 0 0 0 0 0 0 0 -1.48716 100 27 -0.684629 100 24 0 0 0 0 0 0 0 0
75800 -356.034 -2.0658 100 34 0 0 0 0 0 0 0 0 0 -1.51238 100 20 -0.885631 100 20 0 0 0 0 0 0 0 0
75900 -355.01 -0.72686 100 29 0 0 0 0 0 0 0 0 0 -1.52502 100 11 -0.451854 100 18 0 0 0 0 0 0 0 0
76000 -354.711 -1.32661 100 34 0 0 0 0 0 0 0 0 0 -1.51494 100 18 -0.570622 100 28 0 0 0 0 0 0 0 0
76100 -355.142 -1.78607 100 35 0 0 0 0 0 0 0 0 0 -1.45232 100 10 -0.702793 100 16 0 0 0 0 0 0 0 0
76200 -355.786 -1.9743 100 24 0 0 0 0 0 0 0 0 0 -1.43766 100 17 -1.06065 100 18 0 0 0 0 0 0 0 0
76300 -355.238 -0.359365 100 30 0 0 0 0 0 0 0 0 0 -1.63088 100 13 -0.53818 100 12 0 0 0 0 0 0 0 0
76400 -354.044 -1.03622 100 24 0 0 0 0 0 0 0 0 0 -1.44139 100 23 -0.721201 100 17 0 0 0 0 0 0 0 0
76500 -356.699 0.0155461 100 36 0 0 0 0 0 0 0 0 0 -1.50238 100 15 -0.557443 100 24 0 0 0 0 0 0 0 0
76600 -359.56 -0.156479 100 38 0 0 0 0 0 0 0 0 0 -1.90989 100 14 -0.390778 100 19 0 0 0 0 0 0 0 0
76700 -354.565 -1.1112 100 26 0 0 0 0 0 0 0 0 0 -1.42467 100 19 -0.612366 100 23 0 0 0 0 0 0 0 0
76800 -354.609 -1.14567 100 32 0 0 0 0 0 0 0 0 0 -1.31529 100 21 -1.04928 100 21 0 0 0 0 0 0 0 0
76900 -354.633 -1.13627 100 35 0 0 0 0 0 0 0 0 0 -1.54882 100 18 -0.544655 100 23 0 0 0 0 0 0 0 0
77000 -354.588 -0.633313 100 26 0 0 0 0 0 0 0 0 0 -1.38838 100 15 -0.738242 100 14 0 0 0 0 0 0 0 0
77100 -356.011 -1.32874 100 30 0 0 0 0 0 0 0 0 0 -1.3421 100 26 -1.39155 100 16 0 0 0 0 0 0 0 0
77200 -357.286 -1.51889 100 33 0 0 0 0 0 0 0 0 0 -1.64986 100 14 -0.266571 100 22 0 0 0 0 0 0 0 0
77300 -354.438 -0.575375 100 37 0 0 0 0 0 0 0 0 0 -1.53227 100 18 -0.917432 100 20 0 0 0 0 0 0 0 0
77400 -355.549 -1.59834 100 27 0 0 0 0 0 0 0 0 0 -1.34198 100 13 -1.24366 100 19 0 0 0 0 0 0 0 0
77500 -354.313 -0.795122 100 40 0 0 0 0 0 0 0 0 0 -1.42987 100 21 -0.665584 100 20 0 0 0 0 0 0 0 0
77600 -354.26 -1.21437 100 33 0 0 0 0 0 0 0 0 0 -1.46418 100 22 -0.665688 100 20 0 0 0 0 0 0 0 0
77700 -354.103 -1.27531 100 33 0 0 0 0 0 0 0 0 0 -1.45153 100 28 -0.88975 100 24 0 0 0 0 0 0 0 0
77800 -356.027 -0.206772 100 36 0 0 0 0 0 0 0 0 0 -1.67394 100 20 -0.765164 100 21 0 0 0 0 0 0 0 0
77900 -353.911 -1.00087 100 24 0 0 0 0 0 0 0 0 0 -1.46214 100 15 -0.771147 100 22 0 0 0 0 0 0 0 0
78000 -354.941 -1.05842 100 42 0 0 0 0 0 0 0 0 0 -1.52805 100 16 -1.08368 100 18 0 0 0 0 0 0 0 0
78100 -355.209 -1.3951 100 33 0 0 0 0 0 0 0 0 0 -1.59914 100 20 -0.822606 100 27 0 0 0 0 0 0 0 0
78200 -355.573 -1.75643 100 28 0 0 0 0 0 0 0 0 0 -1.53515 100 16 -0.575544 100 26 0 0 0 0 0 0 0 0
78300 -355.68 -1.37723 100 36 0 0 0 0 0 0 0 0 0 -1.23291 100 20 -1.03354 100 25 0 0 0 0 0 0 0 0
78400 -354.284 -0.626571 100 26 0 0 0 0 0 0 0 0 0 -1.55793 100 29 -0.675759 100 15 0 0 0 0 0 0 0 0
78500 -356.578 -0.941537 100 40 0 0 0 0 0 0 0 0 0 -1.41725 100 24 -1.46618 100 20 0 0 0 0 0 0 0 0
78600 -356.145 -2.09137 100 34 0 0 0 0 0 0 0 0 0 -1.32322 100 13 -0.841212 100 28 0 0 0 0 0 0 0 0
78700 -354.694 -0.955006 100 37 0 0 0 0 0 0 0 0 0 -1.61101 100 25 -0.773731 100 26 0 0 0 0 0 0 0 0
78800 -355.553 -1.5379 100 40 0 0 0 0 0 0 0 0 0 -1.30024 100 25 -1.23439 100 20 0 0 0 0 0 0 0 0
78900 -355.267 -0.398697 100 37 0 0 0 0 0 0 0 0 0 -1.39934 100 21 -1.1101 100 17 0 0 0 0 0 0 0 0
79000 -354.533 -0.423982 100 35 0 0 0 0 0 0 0 0 0 -1.45727 100 25 -0.76584 100 24 0 0 0 0 0 0 0 0
79100 -355.241 -1.90717 100 36 0 0 0 0 0 0 0 0 0 -1.43386 100 19 -0.84319 100 22 0 0 0 0 0 0 0 0
79200 -354.647 -0.950558 100 37 0 0 0 0 0 0 0 0 0 -1.40981 100 21 -1.16892 100 25 0 0 0 0 0 0 0 0
79300 -353.902 -0.952393 100 33 0 0 0 0 0 0 0 0 0 -1.48132 100 18 -0.839042 100 28 0 0 0 0 0 0 0 0
79400 -355.694 -0.558544 100 27 0 0 0 0 0 0 0 0 0 -1.28284 100 23 -1.09057 100 25 0 0 0 0 0 0 0 0
79500 -354.323 -0.688 100 28 0 0 0 0 0 0 0 0 0 -1.50214 100 17 -0.975522 100 22 0 0 0 0 0 0 0 0
79600 -357.585 -2.04895 100 27 0 0 0 0 0 0 0 0 0 -1.64806 100 22 -0.847857 100 22 0 0 0 0 0 0 0 0
79700 -354.718 -0.349593 100 35 0 0 0 0 0 0 0 0 0 -1.55672 100 14 -0.743567 100 30 0 0 0 0 0 0 0 0
79800 -357.23 -0.996086 100 28 0 0 0 0 0 0 0 0 0 -1.48139 100 21 -1.4823 100 23 0 0 0 0 0 0 0 0
79900 -354.687 -0.690479 100 26 0 0 0 0 0 0 0 0 0 -1.35037 100 19 -0.808249 100 21 0 0 0 0 0 0 0 0
80000 -353.999 -1.0681 100 28 0 0 0 0 0 0 0 0 0 -1.49758 100 17 -0.840475 100 18 0 0 0 0 0 0 0 0
80100 -359.863 -2.47728 100 35 0 0 0 0 0 0 0 0 0 -1.45219 100 14 -1.47099 100 30 0 0 0 0 0 0 0 0
80200 -354.896 -0.58845 100 33 0 0 0 0 0 0 0 0 0 -1.51778 100 13 -1.07049 100 24 0 0 0 0 0 0 0 0
80300 -354.373 -0.765856 100 38 0 0 0 0 0 0 0 0 0 -1.58026 100 23 -0.788688 100 19 0 0 0 0 0 0 0 0
80400 -354.989 -1.10801 100 35 0 0 0 0 0 0 0 0 0 -1.45663 100 14 -1.19449 100 18 0 0 0 0 0 0 0 0
80500 -359.607 -2.8305 100 47 0 0 0 0 0 0 0 0 0 -1.55309 100 17 -1.07846 100 23 0 0 0 0 0 0 0 0
80600 -359.794 -2.90065 100 28 0 0 0 0 0 0 0 0 0 -1.60852 100 18 -0.49875 100 18 0 0 0 0 0 0 0 0
80700 -354.556 -0.947063 100 31 0 0 0 0 0 0 0 0 0 -1.51642 100 16 -1.03413 100 20 0 0 0 0 0 0 0 0
80800 -355.181 -0.961266 100 31 0 0 0 0 0 0 0 0 0 -1.51624 100 15 -1.15885 100 20 0 0 0 0 0 0 0 0
80900 -356.972 -2.46357 100 35 0 0 0 0 0 0 0 0 0 -1.3772 100 15 -1.04118 100 21 0 0 0 0 0 0 0 0
81000 -355.211 -0.77144 100 26 0 0 0 0 0 0 0 0 0 -1.55475 100 21 -1.09552 100 23 0 0 0 0 0 0 0 0
81100 -354.292 -1.41549 100 34 0 0 0 0 0 0 0 0 0 -1.45485 100 23 -0.885257 100 25 0 0 0 0 0 0 0 0
81200 -354.025 -0.701951 100 32 0 0 0 0 0 0 0 0 0 -1.45725 100 17 -0.892667 100 16 0 0 0 0 0 0 0 0
81300 -354.037 -0.773073 100 42 0 0 0 0 0 0 0 0 0 -1.41264 100 23 -0.897557 100 23 0 0 0 0 0 0 0 0
81400 -357.322 -1.60498 100 30 0 0 0 0 0 0 0 0 0 -1.25902 100 19 -1.50216 100 27 0 0 0 0 0 0 0 0
81500 -355.747 -1.91104 100 43 0 0 0 0 0 0 0 0 0 -1.4792 100 21 -0.606292 100 17 0 0 0 0 0 0 0 0
81600 -355.174 -1.42679 100 34 0 0 0 0 0 0 0 0 0 -1.46604 100 20 -1.14931 100 17 0 0 0 0 0 0 0 0
81700 -354.814 -0.978305 100 33 0 0 0 0 0 0 0 0 0 -1.29597 100 16 -0.926 100 27 0 0 0 0 0 0 0 0
81800 -354.296 -0.629809 100 30 0 0 0 0 0 0 0 0 0 -1.49114 100 22 -0.640356 100 23 0 0 0 0 0 0 0 0
81900 -357.72 -0.19364 100 33 0 0 0 0 0 0 0 0 0 -1.39782 100 31 -0.449807 100 19 0 0 0 0 0 0 0 0
82000 -354.396 -0.633387 100 33 0 0 0 0 0 0 0 0 0 -1.54732 100 18 -0.890265 100 16 0 0 0 0 0 0 0 0
82100 -355.742 -0.285194 100 30 0 0 0 0 0 0 0 0 0 -1.42348 100 23 -0.608006 100 20 0 0 0 0 0 0 0 0
82200 -354.064 -1.07382 100 29 0 0 0 0 0 0 0 0 0 -1.40426 100 23 -0.789929 100 24 0 0 0 0 0 0 0 0
82300 -356.205 -0.400221 100 34 0 0 0 0 0 0 0 0 0 -1.46619 100 19 -0.419406 100 23 0 0 0 0 0 0 0 0
82400 -355.108 -1.35471 100 33 0 0 0 0 0 0 0 0 0 -1.49369 100 23 -1.11495 100 24 0 0 0 0 0 0 0 0
82500 -356.58 -1.38148 100 27 0 0 0 0 0 0 0 0 0 -1.39589 100 21 -1.44562 100 19 0 0 0 0 0 0 0 0
82600 -355.561 -1.16592 100 36 0 0 0 0 0 0 0 0 0 -1.55713 100 17 -0.385712 100 17 0 0 0 0 0 0 0 0
82700 -356.206 -2.05162 100 34 0 0 0 0 0 0 0 0 0 -1.28505 100 25 -1.01201 100 23 0 0 0 0 0 0 0 0
82800 -355.292 -1.76556 100 29 0 0 0 0 0 0 0 0 0 -1.33295 100 16 -0.849348 100 23 0 0 0 0 0 0 0 0
82900 -356.097 -1.48854 100 43 0 0 0 0 0 0 0 0 0 -1.51547 100 18 -0.388573 100 23 0 0 0 0 0 0 0 0
83000 -356.743 -1.29399 100 37 0 0 0 0 0 0 0 0 0 -1.46896 100 11 -1.41131 100 25 0 0 0 0 0 0 0 0
83100 -354.806 -1.52729 100 25 0 0 0 0 0 0 0 0 0 -1.34895 100 18 -1.0652 100 23 0 0 0 0 0 0 0 0
83200 -354.354 -0.534837 100 36 0 0 0 0 0 0 0 0 0 -1.53426 100 20 -0.661356 100 18 0 0 0 0 0 0 0 0
83300 -355.606 -0.540699 100 37 0 0 0 0 0 0 0 0 0 -1.67736 100 26 -0.79641 100 23 0 0 0 0 0 0 0 0
83400 -354.024 -0.807278 100 43 0 0 0 0 0 0 0 0 0 -1.50925 100 23 -0.696003 100 26 0 0 0 0 0 0 0 0
83500 -359.112 0.0999932 100 25 0 0 0 0 0 0 0 0 0 -1.83559 100 19 -0.284564 100 17 0 0 0 0 0 0 0 0
83600 -354.816 -1.65541 100 33 0 0 0 0 0 0 0 0 0 -1.40858 100 15 -1.00116 100 20 0 0 0 0 0 0 0 0
83700 -356.535 -1.29016 100 36 0 0 0 0 0 0 0 0 0 -1.18112 100 17 -1.14655 100 17 0 0 0 0 0 0 0 0
83800 -355.748 -1.69585 100 35 0 0 0 0 0 0 0 0 0 -1.55427 100 19 -0.512119 100 32 0 0 0 0 0 0 0 0
83900 -356.957 0.155084 100 31 0 0 0 0 0 0 0 0 0 -1.56533 100 13 -0.731333 100 20 0 0 0 0 0 0 0 0
84000 -354.88 -0.678866 100 31 0 0 0 0 0 0 0 0 0 -1.31893 100 18 -1.00541 100 25 0 0 0 0 0 0 0 0
84100 -354.06 -0.917403 100 43 0 0 0 0 0 0 0 0 0 -1.53349 100 18 -0.716676 100 23 0 0 0 0 0 0 0 0
84200 -354.04 -1.12078 100 32 0 0 0 0 0 0 0 0 0 -1.48219 100 21 -0.72018 100 17 0 0 0 0 0 0 0 0
84300 -354.91 -1.59758 100 36 0 0 0 0 0 0 0 0 0 -1.34165 100 16 -1.04586 100 18 0 0 0 0 0 0 0 0
84400 -355.52 -1.69429 100 42 0 0 0 0 0 0 0 0 0 -1.50223 100 18 -0.541297 100 22 0 0 0 0 0 0 0 0
84500 -354.053 -1.12914 100 26 0 0 0 0 0 0 0 0 0 -1.47202 100 18 -0.715688 100 14 0 0 0 0 0 0 0 0
84600 -354.215 -0.872127 100 31 0 0 0 0 0 0 0 0 0 -1.40892 100 15 -1.04513 100 20 0 0 0 0 0 0 0 0
84700 -358.42 -2.30299 100 35 0 0 0 0 0 0 0 0 0 -1.25677 100 18 -1.4313 100 27 0 0 0 0 0 0 0 0
84800 -354.237 -1.36083 100 28 0 0 0 0 0 0 0 0 0 -1.47672 100 17 -0.77852 100 17 0 0 0 0 0 0 0 0
84900 -354.16 -0.646096 100 31 0 0 0 0 0 0 0 0 0 -1.53958 100 20 -0.744491 100 33 0 0 0 0 0 0 0 0
85000 -355.056 -1.32524 100 32 0 0 0 0 0 0 0 0 0 -1.39533 100 17 -0.598205 100 23 0 0 0 0 0 0 0 0
85100 -358.702 0.103101 100 33 0 0 0 0 0 0 0 0 0 -1.76497 100 21 -0.84145 100 24 0 0 0 0 0 0 0 0
85200 -354.466 -0.862983 100 36 0 0 0 0 0 0 0 0 0 -1.57114 100 18 -0.874733 100 24 0 0 0 0 0 0 0 0
85300 -355.749 -1.11478 100 29 0 0 0 0 0 0 0 0 0 -1.3074 100 18 -0.646437 100 20 0 0 0 0 0 0 0 0
85400 -355.076 -1.22374 100 36 0 0 0 0 0 0 0 0 0 -1.59947 100 17 -0.511936 100 26 0 0 0 0 0 0 0 0
85500 -355.842 -0.676557 100 44 0 0 0 0 0 0 0 0 0 -1.53829 100 16 -1.21951 100 24 0 0 0 0 0 0 0 0
85600 -354.758 -1.1334 100 28 0 0 0 0 0 0 0 0 0 -1.56766 100 19 -0.9262 100 26 0 0 0 0 0 0 0 0
85700 -354.768 -1.6014 100 28 0 0 0 0 0 0 0 0 0 -1.5029 100 18 -0.733447 100 18 0 0 0 0 0 0 0 0
85800 -355.401 -1.18437 100 37 0 0 0 0 0 0 0 0 0 -1.6358 100 14 -0.475824 100 20 0 0 0 0 0 0 0 0
85900 -355.666 -1.43114 100 32 0 0 0 0 0 0 0 0 0 -1.6032 100 14 -0.93052 100 14 0 0 0 0 0 0 0 0
86000 -355.347 -1.81338 100 33 0 0 0 0 0 0 0 0 0 -1.35788 100 15 -1.07867 100 26 0 0 0 0 0 0 0 0
86100 -355.034 -0.299674 100 37 0 0 0 0 0 0 0 0 0 -1.47239 100 19 -0.968291 100 15 0 0 0 0 0 0 0 0
86200 -355.037 -1.41478 100 38 0 0 0 0 0 0 0 0 0 -1.3178 100 14 -1.15959 100 26 0 0 0 0 0 0 0 0
86300 -354.703 -0.883474 100 32 0 0 0 0 0 0 0 0 0 -1.44909 100 17 -1.15583 100 22 0 0 0 0 0 0 0 0
86400 -356.07 -0.533196 100 35 0 0 0 0 0 0 0 0 0 -1.68565 100 20 -0.884582 100 29 0 0 0 0 0 0 0 0
86500 -357.986 -0.904993 100 34 0 0 0 0 0 0 0 0 0 -1.12971 100 16 -1.07768 100 34 0 0 0 0 0 0 0 0
86600 -358.729 -1.03649 100 32 0 0 0 0 0 0 0 0 0 -1.18351 100 23 -0.646341 100 25 0 0 0 0 0 0 0 0
86700 -354.679 -0.693178 100 41 0 0 0 0 0 0 0 0 0 -1.4017 100 17 -0.657371 100 22 0 0 0 0 0 0 0 0
86800 -354.744 -1.63025 100 28 0 0 0 0 0 0 0 0 0 -1.47322 100 24 -0.892494 100 21 0 0 0 0 0 0 0 0
86900 -354.383 -1.0961 100 30 0 0 0 0 0 0 0 0 0 -1.52271 100 22 -0.590156 100 14 0 0 0 0 0 0 0 0
87000 -353.89 -0.948319 100 45 0 0 0 0 0 0 0 0 0 -1.47647 100 19 -0.786407 100 32 0 0 0 0 0 0 0 0
87100 -354.735 -1.11186 100 35 0 0 0 0 0 0 0 0 0 -1.33113 100 28 -1.15261 100 27 0 0 0 0 0 0 0 0
87200 -355.382 -1.27916 100 36 0 0 0 0 0 0 0 0 0 -1.63639 100 15 -0.535246 100 25 0 0 0 0 0 0 0 0
87300 -354.202 -0.899421 100 28 0 0 0 0 0 0 0 0 0 -1.5173 100 19 -0.932037 100 25 0 0 0 0 0 0 0 0
87400 -354.953 -1.56755 100 40 0 0 0 0 0 0 0 0 0 -1.49506 100 20 -0.612002 100 19 0 0 0 0 0 0 0 0
87500 -357.16 -0.735365 100 27 0 0 0 0 0 0 0 0 0 -1.80101 100 18 -0.463794 100 26 0 0 0 0 0 0 0 0
87600 -354.721 -0.797004 100 27 0 0 0 0 0 0 0 0 0 -1.42575 100 22 -1.16532 100 25 0 0 0 0 0 0 0 0
87700 -353.991 -0.846545 100 34 0 0 0 0 0 0 0 0 0 -1.42461 100 26 -0.789024 100 25 0 0 0 0 0 0 0 0
87800 -354.911 -0.64179 100 23 0 0 0 0 0 0 0 0 0 -1.52099 100 21 -0.480835 100 23 0 0 0 0 0 0 0 0
87900 -354.342 -1.35636 100 34 0 0 0 0 0 0 0 0 0 -1.39236 100 10 -1.00221 100 20 0 0 0 0 0 0 0 0
88000 -355.895 -2.04886 100 31 0 0 0 0 0 0 0 0 0 -1.35871 100 19 -1.07549 100 29 0 0 0 0 0 0 0 0
88100 -355.037 -1.53715 100 34 0 0 0 0 0 0 0 0 0 -1.32266 100 13 -1.10999 100 16 0 0 0 0 0 0 0 0
88200 -355.841 -0.590532 100 26 0 0 0 0 0 0 0 0 0 -1.71268 100 18 -0.462412 100 21 0 0 0 0 0 0 0 0
88300 -355.684 -0.129717 100 35 0 0 0 0 0 0 0 0 0 -1.52523 100 14 -0.940414 100 19 0 0 0 0 0 0 0 0
88400 -354.439 -0.947571 100 37 0 0 0 0 0 0 0 0 0 -1.35864 100 21 -1.09173 100 17 0 0 0 0 0 0 0 0
88500 -354.863 -0.358276 100 39 0 0 0 0 0 0 0 0 0 -1.47711 100 19 -0.654919 100 22 0 0 0 0 0 0 0 0
88600 -356.26 -1.99049 100 36 0 0 0 0 0 0 0 0 0 -1.26946 100 17 -0.947884 100 26 0 0 0 0 0 0 0 0
88700 -363.432 -0.1268 100 32 0 0 0 0 0 0 0 0 0 -1.59589 100 16 0.118177 100 24 0 0 0 0 0 0 0 0
88800 -354.185 -1.21303 100 25 0 0 0 0 0 0 0 0 0 -1.43929 100 24 -0.712147 100 17 0 0 0 0 0 0 0 0
88900 -357.482 -1.82515 100 37 0 0 0 0 0 0 0 0 0 -1.46641 100 26 -1.38334 100 34 0 0 0 0 0 0 0 0
89000 -355.208 -1.66492 100 28 0 0 0 0 0 0 0 0 0 -1.55067 100 14 -0.677641 100 12 0 0 0 0 0 0 0 0
89100 -354.541 -0.41211 100 25 0 0 0 0 0 0 0 0 0 -1.48212 100 19 -0.72215 100 11 0 0 0 0 0 0 0 0
89200 -355.654 -1.32264 100 33 0 0 0 0 0 0 0 0 0 -1.48858 100 19 -0.422975 100 19 0 0 0 0 0 0 0 0
89300 -358.752 -0.749834 100 34 0 0 0 0 0 0 0 0 0 -1.11216 100 19 -1.16252 100 24 0 0 0 0 0 0 0 0
89400 -354.525 -0.642294 100 20 0 0 0 0 0 0 0 0 0 -1.41629 100 20 -0.681386 100 22 0 0 0 0 0 0 0 0
89500 -354.103 -1.28644 100 27 0 0 0 0 0 0 0 0 0 -1.46168 100 18 -0.809606 100 15 0 0 0 0 0 0 0 0
89600 -354.382 -1.27752 100 36 0 0 0 0 0 0 0 0 0 -1.38089 100 22 -0.767191 100 17 0 0 0 0 0 0 0 0
89700 -354.814 -1.67312 100 24 0 0 0 0 0 0 0 0 0 -1.39767 100 21 -0.799652 100 22 0 0 0 0 0 0 0 0
89800 -355.429 -0.305931 100 27 0 0 0 0 0 0 0 0 0 -1.61047 100 17 -0.486359 100 15 0 0 0 0 0 0 0 0
89900 -355.531 -0.170692 100 33 0 0 0 0 0 0 0 0 0 -1.61433 100 12 -0.608315 100 29 0 0 0 0 0 0 0 0
90000 -357.279 -1.15626 100 30 0 0 0 0 0 0 0 0 0 -1.53771 100 26 -0.21858 100 23 0 0 0 0 0 0 0 0
90100 -355.185 -1.11049 100 43 0 0 0 0 0 0 0 0 0 -1.52857 100 25 -1.12133 100 18 0 0 0 0 0 0 0 0
90200 -356.589 -0.383982 100 30 0 0 0 0 0 0 0 0 0 -1.57786 100 21 -1.20228 100 25 0 0 0 0 0 0 0 0
90300 -357.398 -0.794563 100 29 0 0 0 0 0 0 0 0 0 -1.56111 100 23 -0.182929 100 20 0 0 0 0 0 0 0 0
90400 -355.034 -1.32138 100 38 0 0 0 0 0 0 0 0 0 -1.53747 100 19 -0.502451 100 27 0 0 0 0 0 0 0 0
90500 -354.335 -0.510972 100 38 0 0 0 0 0 0 0 0 0 -1.49255 100 22 -0.89242 100 27 0 0 0 0 0 0 0 0
90600 -357.311 -0.81265 100 33 0 0 0 0 0 0 0 0 0 -1.55875 100 15 -1.38348 100 24 0 0 0 0 0 0 0 0
90700 -354.164 -1.16733 100 29 0 0 0 0 0 0 0 0 0 -1.51839 100 18 -0.715503 100 21 0 0 0 0 0 0 0 0
90800 -353.98 -1.12813 100 26 0 0 0 0 0 0 0 0 0 -1.47713 100 17 -0.845018 100 12 0 0 0 0 0 0 0 0
90900 -355.172 -0.473383 100 34 0 0 0 0 0 0 0 0 0 -1.33805 100 25 -0.941997 100 23 0 0 0 0 0 0 0 0
91000 -354.129 -0.632812 100 33 0 0 0 0 0 0 0 0 0 -1.44874 100 20 -0.905001 100 24 0 0 0 0 0 0 0 0
91100 -355.275 -1.81086 100 36 0 0 0 0 0 0 0 0 0 -1.50917 100 16 -0.837178 100 23 0 0 0 0 0 0 0 0
91200 -356.271 -0.33318 100 32 0 0 0 0 0 0 0 0 0 -1.6139 100 15 -1.06758 100 19 0 0 0 0 0 0 0 0
91300 -354.852 -0.90827 100 37 0 0 0 0 0 0 0 0 0 -1.50781 100 20 -0.478243 100 18 0 0 0 0 0 0 0 0
91400 -354.622 -0.615401 100 31 0 0 0 0 0 0 0 0 0 -1.59851 100 30 -0.799496 100 16 0 0 0 0 0 0 0 0
91500 -354.75 -1.52394 100 39 0 0 0 0 0 0 0 0 0 -1.37947 100 20 -0.752479 100 26 0 0 0 0 0 0 0 0
91600 -359.638 -3.18233 100 41 0 0 0 0 0 0 0 0 0 -1.49033 100 15 -0.950121 100 26 0 0 0 0 0 0 0 0
91700 -355.039 -0.886637 100 26 0 0 0 0 0 0 0 0 0 -1.65076 100 20 -0.716652 100 21 0 0 0 0 0 0 0 0
91800 -358.833 -1.72818 100 36 0 0 0 0 0 0 0 0 0 -1.12052 100 18 -0.917865 100 27 0 0 0 0 0 0 0 0
91900 -354.061 -0.870799 100 36 0 0 0 0 0 0 0 0 0 -1.39789 100 21 -0.826117 100 19 0 0 0 0 0 0 0 0
92000 -354.477 -0.673985 100 25 0 0 0 0 0 0 0 0 0 -1.46062 100 19 -0.60892 100 19 0 0 0 0 0 0 0 0
92100 -354.044 -0.706752 100 25 0 0 0 0 0 0 0 0 0 -1.5003 100 18 -0.716207 100 16 0 0 0 0 0 0 0 0
92200 -354.166 -0.691906 100 45 0 0 0 0 0 0 0 0 0 -1.54536 100 17 -0.787326 100 19 0 0 0 0 0 0 0 0
92300 -354.72 -1.01894 100 34 0 0 0 0 0 0 0 0 0 -1.49909 100 27 -0.509807 100 26 0 0 0 0 0 0 0 0
92400 -354.133 -0.852644 100 30 0 0 0 0 0 0 0 0 0 -1.51931 100 16 -0.899289 100 20 0 0 0 0 0 0 0 0
92500 -360.891 -2.45552 100 35 0 0 0 0 0 0 0 0 0 -1.39737 100 16 -1.65257 100 25 0 0 0 0 0 0 0 0
92600 -354.366 -0.824663 100 28 0 0 0 0 0 0 0 0 0 -1.35327 100 19 -0.996313 100 28 0 0 0 0 0 0 0 0
92700 -355.023 -1.30103 100 42 0 0 0 0 0 0 0 0 0 -1.46159 100 11 -0.524578 100 17 0 0 0 0 0 0 0 0
92800 -354.901 -0.945292 100 35 0 0 0 0 0 0 0 0 0 -1.28703 100 23 -0.990938 100 21 0 0 0 0 0 0 0 0
92900 -354.118 -1.10903 100 24 0 0 0 0 0 0 0 0 0 -1.45694 100 15 -0.977889 100 21 0 0 0 0 0 0 0 0
93000 -356.263 -1.54804 100 44 0 0 0 0 0 0 0 0 0 -1.34252 100 20 -0.559405 100 23 0 0 0 0 0 0 0 0
93100 -356.654 0.0265734 100 33 0 0 0 0 0 0 0 0 0 -1.65062 100 20 -0.503599 100 24 0 0 0 0 0 0 0 0
93200 -354.8 -1.39603 100 35 0 0 0 0 0 0 0 0 0 -1.34295 100 17 -1.12436 100 28 0 0 0 0 0 0 0 0
93300 -357.276 -2.5261 100 37 0 0 0 0 0 0 0 0 0 -1.33128 100 18 -0.860076 100 28 0 0 0 0 0 0 0 0
93400 -354.413 -0.835022 100 31 0 0 0 0 0 0 0 0 0 -1.36894 100 14 -0.771207 100 21 0 0 0 0 0 0 0 0
93500 -355.502 -1.86571 100 29 0 0 0 0 0 0 0 0 0 -1.35122 100 17 -1.0889 100 20 0 0 0 0 0 0 0 0
93600 -354.952 -1.23046 100 40 0 0 0 0 0 0 0 0 0 -1.541 100 24 -0.494652 100 23 0 0 0 0 0 0 0 0
93700 -357.911 -0.587448 100 36 0 0 0 0 0 0 0 0 0 -1.80839 100 15 -0.219599 100 16 0 0 0 0 0 0 0 0
93800 -354.613 -0.784249 100 29 0 0 0 0 0 0 0 0 0 -1.34303 100 23 -1.07711 100 15 0 0 0 0 0 0 0 0
93900 -356.175 -1.61307 100 37 0 0 0 0 0 0 0 0 0 -1.2295 100 20 -0.918842 100 27 0 0 0 0 0 0 0 0
94000 -356.045 -0.0701585 100 40 0 0 0 0 0 0 0 0 0 -1.64516 100 23 -0.659115 100 18 0 0 0 0 0 0 0 0
94100 -354.593 -0.404021 100 32 0 0 0 0 0 0 0 0 0 -1.45468 100 17 -0.770707 100 21 0 0 0 0 0 0 0 0
94200 -355.541 -1.18099 100 33 0 0 0 0 0 0 0 0 0 -1.64921 100 18 -0.82033 100 30 0 0 0 0 0 0 0 0
94300 -355.774 -0.375869 100 35 0 0 0 0 0 0 0 0 0 -1.41177 100 24 -1.21485 100 21 0 0 0 0 0 0 0 0
94400 -354.306 -1.32041 100 42 0 0 0 0 0 0 0 0 0 -1.50352 100 18 -0.856707 100 31 0 0 0 0 0 0 0 0
94500 -355.309 -0.345459 100 42 0 0 0 0 0 0 0 0 0 -1.43506 100 19 -0.627004 100 20 0 0 0 0 0 0 0 0
94600 -355.919 -0.461339 100 37 0 0 0 0 0 0 0 0 0 -1.5508 100 20 -1.16904 100 19 0 0 0 0 0 0 0 0
94700 -354.518 -1.30117 100 31 0 0 0 0 0 0 0 0 0 -1.3952 100 18 -1.09491 100 25 0 0 0 0 0 0 0 0
94800 -355.527 -1.09328 100 26 0 0 0 0 0 0 0 0 0 -1.39077 100 17 -1.33281 100 25 0 0 0 0 0 0 0 0
94900 -354.731 -1.21382 100 31 0 0 0 0 0 0 0 0 0 -1.49458 100 17 -1.0713 100 23 0 0 0 0 0 0 0 0
95000 -355.467 -1.0734 100 37 0 0 0 0 0 0 0 0 0 -1.33457 100 13 -1.32243 100 19 0 0 0 0 0 0 0 0
95100 -354.202 -1.09375 100 44 0 0 0 0 0 0 0 0 0 -1.49536 100 27 -0.950686 100 26 0 0 0 0 0 0 0 0
95200 -356.556 -1.1417 100 26 0 0 0 0 0 0 0 0 0 -1.60455 100 22 -0.262999 100 26 0 0 0 0 0 0 0 0
95300 -354.895 -0.90941 100 30 0 0 0 0 0 0 0 0 0 -1.29866 100 29 -1.09962 100 12 0 0 0 0 0 0 0 0
95400 -359.598 -3.25303 100 38 0 0 0 0 0 0 0 0 0 -1.43672 100 19 -0.965195 100 28 0 0 0 0 0 0 0 0
95500 -354.241 -0.890385 100 24 0 0 0 0 0 0 0 0 0 -1.36943 100 23 -0.828786 100 24 0 0 0 0 0 0 0 0
95600 -355.368 -0.230316 100 33 0 0 0 0 0 0 0 0 0 -1.42599 100 22 -0.942428 100 22 0 0 0 0 0 0 0 0
95700 -355.813 -1.6903 100 36 0 0 0 0 0 0 0 0 0 -1.3121 100 21 -0.723706 100 19 0 0 0 0 0 0 0 0
95800 -354.721 -1.20268 100 32 0 0 0 0 0 0 0 0 0 -1.55348 100 25 -0.93576 100 22 0 0 0 0 0 0 0 0
95900 -354.045 -1.16532 100 40 0 0 0 0 0 0 0 0 0 -1.41398 100 17 -0.806696 100 26 0 0 0 0 0 0 0 0
96000 -355.261 -1.71564 100 28 0 0 0 0 0 0 0 0 0 -1.36872 100 20 -0.726629 100 21 0 0 0 0 0 0 0 0
96100 -354.207 -1.25178 100 38 0 0 0 0 0 0 0 0 0 -1.50635 100 21 -0.726631 100 17 0 0 0 0 0 0 0 0
96200 -354.457 -1.4161 100 35 0 0 0 0 0 0 0 0 0 -1.506 100 14 -0.849134 100 26 0 0 0 0 0 0 0 0
96300 -354.275 -0.809514 100 34 0 0 0 0 0 0 0 0 0 -1.56436 100 16 -0.812018 100 23 0 0 0 0 0 0 0 0
96400 -357.472 0.068931 100 31 0 0 0 0 0 0 0 0 0 -1.74017 100 20 -0.492956 100 18 0 0 0 0 0 0 0 0
96500 -354.571 -1.41721 100 38 0 0 0 0 0 0 0 0 0 -1.33973 100 13 -0.95337 100 31 0 0 0 0 0 0 0 0
96600 -357.182 -0.438362 100 33 0 0 0 0 0 0 0 0 0 -1.59921 100 18 -1.25882 100 31 0 0 0 0 0 0 0 0
96700 -354.228 -0.887429 100 32 0 0 0 0 0 0 0 0 0 -1.54452 100 22 -0.624059 100 22 0 0 0 0 0 0 0 0
96800 -354.745 -0.627747 100 27 0 0 0 0 0 0 0 0 0 -1.34063 100 23 -0.967568 100 21 0 0 0 0 0 0 0 0
96900 -355.287 -1.05968 100 31 0 0 0 0 0 0 0 0 0 -1.32373 100 25 -0.676553 100 22 0 0 0 0 0 0 0 0
97000 -356.053 -1.32133 100 32 0 0 0 0 0 0 0 0 0 -1.23207 100 23 -0.850717 100 32 0 0 0 0 0 0 0 0
97100 -354.28 -0.602832 100 30 0 0 0 0 0 0 0 0 0 -1.40918 100 16 -0.874291 100 18 0 0 0 0 0 0 0 0
97200 -354.126 -0.804047 100 24 0 0 0 0 0 0 0 0 0 -1.48434 100 28 -0.960008 100 19 0 0 0 0 0 0 0 0
97300 -353.946 -0.806887 100 34 0 0 0 0 0 0 0 0 0 -1.4971 100 17 -0.828238 100 25 0 0 0 0 0 0 0 0
97400 -358.187 0.0782307 100 27 0 0 0 0 0 0 0 0 0 -1.43438 100 20 -1.2369 100 25 0 0 0 0 0 0 0 0
97500 -355.836 -1.10806 100 26 0 0 0 0 0 0 0 0 0 -1.69347 100 20 -0.494563 100 23 0 0 0 0 0 0 0 0
97600 -354.714 -0.52714 100 33 0 0 0 0 0 0 0 0 0 -1.39525 100 21 -0.748998 100 29 0 0 0 0 0 0 0 0
97700 -354.406 -1.18208 100 36 0 0 0 0 0 0 0 0 0 -1.56067 100 19 -0.745345 100 17 0 0 0 0 0 0 0 0
97800 -356.295 -0.420633 100 35 0 0 0 0 0 0 0 0 0 -1.38044 100 12 -0.540905 100 27 0 0 0 0 0 0 0 0
97900 -354.766 -0.592284 100 29 0 0 0 0 0 0 0 0 0 -1.574 100 13 -0.92874 100 19 0 0 0 0 0 0 0 0
98000 -353.972 -0.789202 100 37 0 0 0 0 0 0 0 0 0 -1.51012 100 19 -0.763931 100 16 0 0 0 0 0 0 0 0
98100 -356.162 -1.76247 100 32 0 0 0 0 0 0 0 0 0 -1.27457 100 22 -0.789316 100 26 0 0 0 0 0 0 0 0
98200 -355.947 -1.15807 100 36 0 0 0 0 0 0 0 0 0 -1.35928 100 21 -0.520126 100 26 0 0 0 0 0 0 0 0
98300 -356.065 -1.3221 100 32 0 0 0 0 0 0 0 0 0 -1.21709 100 24 -1.21425 100 28 0 0 0 0 0 0 0 0
98400 -354.71 -0.908643 100 27 0 0 0 0 0 0 0 0 0 -1.49945 100 16 -1.0988 100 21 0 0 0 0 0 0 0 0
98500 -354.575 -0.87411 100 35 0 0 0 0 0 0 0 0 0 -1.58789 100 14 -0.852005 100 20 0 0 0 0 0 0 0 0
98600 -356.307 -0.229071 100 39 0 0 0 0 0 0 0 0 0 -1.71979 100 20 -0.499271 100 25 0 0 0 0 0 0 0 0
98700 -357.272 -0.61594 100 31 0 0 0 0 0 0 0 0 0 -1.74378 100 20 -0.916102 100 28 0 0 0 0 0 0 0 0
98800 -354.917 -0.936751 100 27 0 0 0 0 0 0 0 0 0 -1.60925 100 15 -0.877051 100 20 0 0 0 0 0 0 0 0
98900 -357.581 -2.55249 100 33 0 0 0 0 0 0 0 0 0 -1.42596 100 17 -1.10844 100 22 0 0 0 0 0 0 0 0
99000 -355.813 -1.21837 100 31 0 0 0 0 0 0 0 0 0 -1.61348 100 18 -1.0079 100 22 0 0 0 0 0 0 0 0
99100 -357.11 -0.677739 100 33 0 0 0 0 0 0 0 0 0 -1.23139 100 16 -0.747817 100 29 0 0 0 0 0 0 0 0
99200 -356.548 -2.23636 100 30 0 0 0 0 0 0 0 0 0 -1.45764 100 21 -1.04146 100 23 0 0 0 0 0 0 0 0
99300 -354.454 -0.663403 100 45 0 0 0 0 0 0 0 0 0 -1.36603 100 14 -0.894902 100 22 0 0 0 0 0 0 0 0
99400 -357.964 -0.911269 100 38 0 0 0 0 0 0 0 0 0 -1.49342 100 14 -1.54929 100 20 0 0 0 0 0 0 0 0
99500 -354.457 -1.38127 100 25 0 0 0 0 0 0 0 0 0 -1.35516 100 17 -0.881871 100 29 0 0 0 0 0 0 0 0
99600 -354.54 -0.984355 100 34 0 0 0 0 0 0 0 0 0 -1.37529 100 20 -0.698864 100 22 0 0 0 0 0 0 0 0
99700 -354.741 -1.33398 100 33 0 0 0 0 0 0 0 0 0 -1.54086 100 21 -0.92337 100 23 0 0 0 0 0 0 0 0
99800 -355.761 -0.935982 100 29 0 0 0 0 0 0 0 0 0 -1.23442 100 21 -1.1562 100 17 0 0 0 0 0 0 0 0
99900 -355.222 -0.278753 100 35 0 0 0 0 0 0 0 0 0 -1.41008 100 19 -0.848761 100 26 0 0 0 0 0 0 0 0
100000 -356.935 -1.78184 100 37 0 0 0 0 0 0 0 0 0 -1.62049 100 27 -0.979999 100 19 0 0 0 0 0 0 0 0
