iteration logLik intercept1 intercept1_p intercept1_a pcov2 pcov2_p pcov2_a pcov3 pcov3_p pcov3_a pcov4 pcov4_p pcov4_a intercept2 intercept2_p intercept2_a intercept3 intercept3_p intercept3_a intercept4 intercept4_p intercept4_a pcov pcov_p pcov_a data_p data_a
0 -1.59374e+06 -6.97106 0 0 0 0 0 0 0 0 0 0 0 -3.98274 0 0 12.9574 0 0 0 0 0 0 0 0 0 0
100 -253.757 -0.255008 100 35 0 0 0 0 0 0 0 0 0 -2.08454 100 34 0.333172 100 23 0 0 0 0 0 0 0 0
200 -252.268 -1.11588 100 22 0 0 0 0 0 0 0 0 0 -1.99094 100 22 -0.0339926 100 16 0 0 0 0 0 0 0 0
300 -252.416 -1.23338 100 23 0 0 0 0 0 0 0 0 0 -1.98644 100 33 -0.0189458 100 27 0 0 0 0 0 0 0 0
400 -252.354 -0.919778 100 32 0 0 0 0 0 0 0 0 0 -1.99948 100 18 -0.111074 100 19 0 0 0 0 0 0 0 0
500 -252.771 -0.261594 100 24 0 0 0 0 0 0 0 0 0 -2.41228 100 22 0.527766 100 21 0 0 0 0 0 0 0 0
600 -253.144 -0.328364 100 29 0 0 0 0 0 0 0 0 0 -2.52356 100 26 0.592121 100 26 0 0 0 0 0 0 0 0
700 -252.377 -0.700067 100 24 0 0 0 0 0 0 0 0 0 -1.96396 100 20 -0.0152829 100 14 0 0 0 0 0 0 0 0
800 -252.134 -0.496895 100 28 0 0 0 0 0 0 0 0 0 -2.11617 100 19 0.124321 100 20 0 0 0 0 0 0 0 0
900 -252.869 -0.437434 100 20 0 0 0 0 0 0 0 0 0 -2.29479 100 21 0.0951413 100 19 0 0 0 0 0 0 0 0
1000 -254.321 -0.287963 100 28 0 0 0 0 0 0 0 0 0 -2.59682 100 22 0.39961 100 22 0 0 0 0 0 0 0 0
1100 -253.627 -0.512248 100 33 0 0 0 0 0 0 0 0 0 -1.87652 100 29 -0.156735 100 17 0 0 0 0 0 0 0 0
1200 -252.306 -0.934881 100 21 0 0 0 0 0 0 0 0 0 -1.95154 100 22 -0.0793394 100 11 0 0 0 0 0 0 0 0
1300 -253.38 -1.31357 100 24 0 0 0 0 0 0 0 0 0 -2.30745 100 24 0.382852 100 20 0 0 0 0 0 0 0 0
1400 -252.309 -0.338725 100 33 0 0 0 0 0 0 0 0 0 -2.2262 100 20 0.217467 100 16 0 0 0 0 0 0 0 0
1500 -252.823 -0.169786 100 37 0 0 0 0 0 0 0 0 0 -2.38286 100 16 0.356659 100 11 0 0 0 0 0 0 0 0
1600 -252.955 -0.968471 100 33 0 0 0 0 0 0 0 0 0 -2.37292 100 19 0.316079 100 16 0 0 0 0 0 0 0 0
1700 -252.97 -0.823905 100 26 0 0 0 0 0 0 0 0 0 -1.86934 100 26 0.00149519 100 21 0 0 0 0 0 0 0 0
1800 -252.714 -0.707939 100 30 0 0 0 0 0 0 0 0 0 -2.11008 100 26 -0.107819 100 18 0 0 0 0 0 0 0 0
1900 -253.391 -0.774601 100 31 0 0 0 0 0 0 0 0 0 -2.4533 100 18 0.317074 100 13 0 0 0 0 0 0 0 0
2000 -253.166 -0.0791043 100 26 0 0 0 0 0 0 0 0 0 -2.24047 100 22 0.262738 100 19 0 0 0 0 0 0 0 0
2100 -252.559 -1.25253 100 24 0 0 0 0 0 0 0 0 0 -2.0087 100 13 -0.0669587 100 14 0 0 0 0 0 0 0 0
2200 -253.508 -1.36468 100 36 0 0 0 0 0 0 0 0 0 -2.08 100 26 -0.142162 100 15 0 0 0 0 0 0 0 0
2300 -255.682 -0.123919 100 29 0 0 0 0 0 0 0 0 0 -1.99943 100 26 0.310213 100 15 0 0 0 0 0 0 0 0
2400 -252.908 -1.06862 100 22 0 0 0 0 0 0 0 0 0 -1.93743 100 19 0.159666 100 20 0 0 0 0 0 0 0 0
2500 -253.915 -0.660475 100 30 0 0 0 0 0 0 0 0 0 -2.57776 100 27 0.51566 100 18 0 0 0 0 0 0 0 0
2600 -252.158 -0.623603 100 22 0 0 0 0 0 0 0 0 0 -2.03754 100 22 0.0481934 100 17 0 0 0 0 0 0 0 0
2700 -252.661 -0.971728 100 27 0 0 0 0 0 0 0 0 0 -2.32207 100 25 0.435833 100 24 0 0 0 0 0 0 0 0
2800 -252.219 -1.15035 100 26 0 0 0 0 0 0 0 0 0 -2.06453 100 20 0.0504577 100 16 0 0 0 0 0 0 0 0
2900 -253.98 -0.330598 100 26 0 0 0 0 0 0 0 0 0 -1.9732 100 22 0.18763 100 21 0 0 0 0 0 0 0 0
3000 -254.451 -1.38554 100 28 0 0 0 0 0 0 0 0 0 -2.41456 100 26 0.36763 100 28 0 0 0 0 0 0 0 0
3100 -252.558 -0.662657 100 29 0 0 0 0 0 0 0 0 0 -2.07288 100 16 0.296801 100 16 0 0 0 0 0 0 0 0
3200 -253.216 -0.662381 100 23 0 0 0 0 0 0 0 0 0 -2.10071 100 27 -0.181441 100 24 0 0 0 0 0 0 0 0
3300 -253.763 0.0215116 100 23 0 0 0 0 0 0 0 0 0 -2.53881 100 32 0.63032 100 16 0 0 0 0 0 0 0 0
3400 -251.986 -0.854005 100 22 0 0 0 0 0 0 0 0 0 -2.06226 100 20 0.159823 100 18 0 0 0 0 0 0 0 0
3500 -253.622 0.0547114 100 28 0 0 0 0 0 0 0 0 0 -2.44664 100 26 0.429941 100 22 0 0 0 0 0 0 0 0
3600 -252.692 -0.302011 100 25 0 0 0 0 0 0 0 0 0 -2.41477 100 33 0.515665 100 13 0 0 0 0 0 0 0 0
3700 -252.765 -0.355857 100 26 0 0 0 0 0 0 0 0 0 -2.10012 100 24 0.250599 100 20 0 0 0 0 0 0 0 0
3800 -253.807 -0.243552 100 32 0 0 0 0 0 0 0 0 0 -2.08263 100 25 0.329351 100 21 0 0 0 0 0 0 0 0
3900 -253.694 -0.466953 100 31 0 0 0 0 0 0 0 0 0 -2.06819 100 20 0.389012 100 20 0 0 0 0 0 0 0 0
4000 -256.429 0.0873784 100 32 0 0 0 0 0 0 0 0 0 -2.90439 100 19 0.965001 100 25 0 0 0 0 0 0 0 0
4100 -254.663 -0.289097 100 24 0 0 0 0 0 0 0 0 0 -2.43849 100 28 0.0808408 100 23 0 0 0 0 0 0 0 0
4200 -253.702 -1.31842 100 28 0 0 0 0 0 0 0 0 0 -2.23223 100 17 0.029675 100 14 0 0 0 0 0 0 0 0
4300 -252.961 -0.906793 100 21 0 0 0 0 0 0 0 0 0 -2.2606 100 25 0.050659 100 15 0 0 0 0 0 0 0 0
4400 -252.661 -0.194221 100 27 0 0 0 0 0 0 0 0 0 -2.34401 100 26 0.387578 100 17 0 0 0 0 0 0 0 0
4500 -252.854 -0.317041 100 33 0 0 0 0 0 0 0 0 0 -2.22249 100 22 0.436108 100 19 0 0 0 0 0 0 0 0
4600 -252.908 -0.240306 100 25 0 0 0 0 0 0 0 0 0 -2.19529 100 32 0.0841054 100 24 0 0 0 0 0 0 0 0
4700 -256.844 -1.88569 100 28 0 0 0 0 0 0 0 0 0 -2.29392 100 19 0.62365 100 16 0 0 0 0 0 0 0 0
4800 -253.661 -1.58715 100 28 0 0 0 0 0 0 0 0 0 -2.16436 100 12 0.100323 100 18 0 0 0 0 0 0 0 0
4900 -252.563 -0.613631 100 28 0 0 0 0 0 0 0 0 0 -2.41108 100 29 0.408214 100 20 0 0 0 0 0 0 0 0
5000 -252.32 -1.15241 100 30 0 0 0 0 0 0 0 0 0 -1.96865 100 21 0.00191632 100 14 0 0 0 0 0 0 0 0
5100 -254.54 -1.8581 100 29 0 0 0 0 0 0 0 0 0 -1.81147 100 26 -0.106117 100 17 0 0 0 0 0 0 0 0
5200 -252.714 -0.787374 100 31 0 0 0 0 0 0 0 0 0 -2.32156 100 19 0.523387 100 22 0 0 0 0 0 0 0 0
5300 -253.445 -1.35161 100 33 0 0 0 0 0 0 0 0 0 -2.09915 100 17 0.357343 100 20 0 0 0 0 0 0 0 0
5400 -254.467 -0.672703 100 32 0 0 0 0 0 0 0 0 0 -1.75507 100 22 -0.13178 100 19 0 0 0 0 0 0 0 0
5500 -252.729 -0.760543 100 26 0 0 0 0 0 0 0 0 0 -1.90249 100 21 -0.00108903 100 18 0 0 0 0 0 0 0 0
5600 -253.543 -1.44562 100 22 0 0 0 0 0 0 0 0 0 -1.79895 100 23 -0.207932 100 23 0 0 0 0 0 0 0 0
5700 -252.45 -0.680413 100 27 0 0 0 0 0 0 0 0 0 -2.15861 100 26 -0.0181109 100 16 0 0 0 0 0 0 0 0
5800 -252.066 -0.694953 100 18 0 0 0 0 0 0 0 0 0 -2.08865 100 21 0.218104 100 16 0 0 0 0 0 0 0 0
5900 -253.543 0.0182336 100 15 0 0 0 0 0 0 0 0 0 -2.31582 100 12 0.270068 100 21 0 0 0 0 0 0 0 0
6000 -253.895 0.0515233 100 35 0 0 0 0 0 0 0 0 0 -2.38836 100 28 0.260282 100 10 0 0 0 0 0 0 0 0
6100 -253.463 -0.955996 100 29 0 0 0 0 0 0 0 0 0 -2.3724 100 27 0.184924 100 23 0 0 0 0 0 0 0 0
6200 -253.618 -0.707167 100 21 0 0 0 0 0 0 0 0 0 -2.53948 100 26 0.500299 100 14 0 0 0 0 0 0 0 0
6300 -251.983 -0.598239 100 36 0 0 0 0 0 0 0 0 0 -2.19374 100 29 0.152491 100 16 0 0 0 0 0 0 0 0
6400 -252.036 -0.644884 100 33 0 0 0 0 0 0 0 0 0 -2.16435 100 20 0.0898697 100 18 0 0 0 0 0 0 0 0
6500 -255.491 -1.1627 100 26 0 0 0 0 0 0 0 0 0 -2.52585 100 16 0.795799 100 18 0 0 0 0 0 0 0 0
6600 -256.216 -2.16458 100 31 0 0 0 0 0 0 0 0 0 -2.0671 100 26 0.31343 100 15 0 0 0 0 0 0 0 0
6700 -251.947 -0.752345 100 27 0 0 0 0 0 0 0 0 0 -2.06285 100 22 0.0723939 100 20 0 0 0 0 0 0 0 0
6800 -252.386 -0.893402 100 28 0 0 0 0 0 0 0 0 0 -1.92599 100 25 -0.0399035 100 27 0 0 0 0 0 0 0 0
6900 -252.599 -0.214601 100 35 0 0 0 0 0 0 0 0 0 -2.33437 100 27 0.356951 100 15 0 0 0 0 0 0 0 0
7000 -252.219 -1.11909 100 32 0 0 0 0 0 0 0 0 0 -2.00246 100 26 0.000568836 100 22 0 0 0 0 0 0 0 0
7100 -254.718 -1.77049 100 21 0 0 0 0 0 0 0 0 0 -1.75715 100 20 -0.103966 100 12 0 0 0 0 0 0 0 0
7200 -253.747 -1.53517 100 33 0 0 0 0 0 0 0 0 0 -2.22623 100 28 0.347827 100 25 0 0 0 0 0 0 0 0
7300 -253.43 -0.825659 100 25 0 0 0 0 0 0 0 0 0 -2.30224 100 18 0.0320789 100 12 0 0 0 0 0 0 0 0
7400 -252.105 -1.08166 100 26 0 0 0 0 0 0 0 0 0 -2.09825 100 32 0.0981807 100 14 0 0 0 0 0 0 0 0
7500 -255.333 -0.126388 100 28 0 0 0 0 0 0 0 0 0 -2.03717 100 20 0.3505 100 22 0 0 0 0 0 0 0 0
7600 -252.056 -0.921927 100 26 0 0 0 0 0 0 0 0 0 -2.20052 100 22 0.182686 100 21 0 0 0 0 0 0 0 0
7700 -253.54 -0.455751 100 28 0 0 0 0 0 0 0 0 0 -2.35771 100 17 0.668927 100 15 0 0 0 0 0 0 0 0
7800 -254.773 -1.17798 100 29 0 0 0 0 0 0 0 0 0 -1.86943 100 16 0.252914 100 20 0 0 0 0 0 0 0 0
7900 -252.491 -0.466067 100 22 0 0 0 0 0 0 0 0 0 -2.34511 100 25 0.244549 100 18 0 0 0 0 0 0 0 0
8000 -252.057 -1.01639 100 25 0 0 0 0 0 0 0 0 0 -2.09478 100 12 0.186436 100 16 0 0 0 0 0 0 0 0
8100 -253.648 -0.364097 100 34 0 0 0 0 0 0 0 0 0 -2.33293 100 30 0.653699 100 29 0 0 0 0 0 0 0 0
8200 -253.594 -0.493609 100 34 0 0 0 0 0 0 0 0 0 -1.88638 100 24 -0.0227896 100 15 0 0 0 0 0 0 0 0
8300 -253.255 -1.29029 100 35 0 0 0 0 0 0 0 0 0 -2.04559 100 31 -0.167546 100 19 0 0 0 0 0 0 0 0
8400 -253.157 -0.601639 100 30 0 0 0 0 0 0 0 0 0 -1.96387 100 26 0.190429 100 17 0 0 0 0 0 0 0 0
8500 -252.915 -0.107945 100 28 0 0 0 0 0 0 0 0 0 -2.33992 100 28 0.369233 100 21 0 0 0 0 0 0 0 0
8600 -252.358 -1.14917 100 34 0 0 0 0 0 0 0 0 0 -2.10319 100 18 0.235895 100 14 0 0 0 0 0 0 0 0
8700 -254.543 -1.73933 100 33 0 0 0 0 0 0 0 0 0 -2.25343 100 21 0.275155 100 24 0 0 0 0 0 0 0 0
8800 -252.857 -0.429358 100 27 0 0 0 0 0 0 0 0 0 -2.05675 100 24 -0.0691938 100 16 0 0 0 0 0 0 0 0
8900 -252.469 -0.557606 100 36 0 0 0 0 0 0 0 0 0 -2.00144 100 19 0.0664746 100 23 0 0 0 0 0 0 0 0
9000 -255.109 -1.57497 100 25 0 0 0 0 0 0 0 0 0 -2.41607 100 26 0.41576 100 19 0 0 0 0 0 0 0 0
9100 -253.09 -1.31042 100 24 0 0 0 0 0 0 0 0 0 -2.26276 100 23 0.291148 100 14 0 0 0 0 0 0 0 0
9200 -252.922 -1.45142 100 20 0 0 0 0 0 0 0 0 0 -1.95421 100 25 -0.0563087 100 21 0 0 0 0 0 0 0 0
9300 -255.246 -0.956351 100 31 0 0 0 0 0 0 0 0 0 -1.9037 100 34 -0.535073 100 11 0 0 0 0 0 0 0 0
9400 -252.465 -0.520043 100 32 0 0 0 0 0 0 0 0 0 -2.05105 100 21 0.187854 100 24 0 0 0 0 0 0 0 0
9500 -255.05 -1.1865 100 28 0 0 0 0 0 0 0 0 0 -2.03827 100 24 0.478988 100 15 0 0 0 0 0 0 0 0
9600 -254.028 -0.585959 100 22 0 0 0 0 0 0 0 0 0 -2.47463 100 24 0.772719 100 21 0 0 0 0 0 0 0 0
9700 -253.28 -1.32308 100 27 0 0 0 0 0 0 0 0 0 -2.21014 100 20 0.0716651 100 18 0 0 0 0 0 0 0 0
9800 -252.378 -0.95541 100 29 0 0 0 0 0 0 0 0 0 -2.2525 100 16 0.38605 100 15 0 0 0 0 0 0 0 0
9900 -252.148 -0.613055 100 24 0 0 0 0 0 0 0 0 0 -2.28206 100 29 0.222166 100 16 0 0 0 0 0 0 0 0
10000 -252.372 -0.781317 100 31 0 0 0 0 0 0 0 0 0 -2.30747 100 27 0.445118 100 23 0 0 0 0 0 0 0 0
10100 -254.813 0.171395 100 27 0 0 0 0 0 0 0 0 0 -2.46313 100 24 0.268551 100 20 0 0 0 0 0 0 0 0
10200 -254.121 -1.73714 100 32 0 0 0 0 0 0 0 0 0 -1.95589 100 34 -0.185047 100 16 0 0 0 0 0 0 0 0
10300 -254.444 -1.66084 100 27 0 0 0 0 0 0 0 0 0 -2.09374 100 20 -0.13131 100 20 0 0 0 0 0 0 0 0
10400 -252.329 -0.352519 100 36 0 0 0 0 0 0 0 0 0 -2.17429 100 24 0.217528 100 15 0 0 0 0 0 0 0 0
10500 -252.079 -0.449882 100 33 0 0 0 0 0 0 0 0 0 -2.21364 100 27 0.226186 100 17 0 0 0 0 0 0 0 0
10600 -253.338 -0.937922 100 38 0 0 0 0 0 0 0 0 0 -1.80002 100 29 -0.237428 100 20 0 0 0 0 0 0 0 0
10700 -252.726 -1.12082 100 25 0 0 0 0 0 0 0 0 0 -2.26127 100 21 0.191978 100 10 0 0 0 0 0 0 0 0
10800 -253.43 -1.19536 100 27 0 0 0 0 0 0 0 0 0 -1.86778 100 27 0.105162 100 18 0 0 0 0 0 0 0 0
10900 -252.584 -0.252146 100 25 0 0 0 0 0 0 0 0 0 -2.30325 100 27 0.417259 100 17 0 0 0 0 0 0 0 0
11000 -254.091 -0.764606 100 34 0 0 0 0 0 0 0 0 0 -2.58735 100 31 0.642682 100 28 0 0 0 0 0 0 0 0
11100 -252.412 -1.03099 100 32 0 0 0 0 0 0 0 0 0 -1.92096 100 17 -0.0192599 100 16 0 0 0 0 0 0 0 0
11200 -253.954 -0.831127 100 32 0 0 0 0 0 0 0 0 0 -2.55036 100 25 0.645907 100 22 0 0 0 0 0 0 0 0
11300 -252.37 -0.986295 100 27 0 0 0 0 0 0 0 0 0 -2.26796 100 24 0.347961 100 20 0 0 0 0 0 0 0 0
11400 -253.786 -1.0047 100 25 0 0 0 0 0 0 0 0 0 -2.48152 100 19 0.448928 100 20 0 0 0 0 0 0 0 0
11500 -253.428 -0.663084 100 27 0 0 0 0 0 0 0 0 0 -1.95155 100 27 -0.278875 100 14 0 0 0 0 0 0 0 0
11600 -253.161 -0.75481 100 23 0 0 0 0 0 0 0 0 0 -1.85925 100 27 -0.0106253 100 14 0 0 0 0 0 0 0 0
11700 -256.095 -1.06612 100 31 0 0 0 0 0 0 0 0 0 -2.68854 100 21 0.648922 100 16 0 0 0 0 0 0 0 0
11800 -256.86 -0.146157 100 32 0 0 0 0 0 0 0 0 0 -2.25125 100 20 0.766496 100 22 0 0 0 0 0 0 0 0
11900 -257.63 -0.556805 100 32 0 0 0 0 0 0 0 0 0 -1.88516 100 26 -0.683057 100 19 0 0 0 0 0 0 0 0
12000 -252.343 -0.858857 100 28 0 0 0 0 0 0 0 0 0 -2.02985 100 20 -0.0990391 100 13 0 0 0 0 0 0 0 0
12100 -252.107 -0.60083 100 35 0 0 0 0 0 0 0 0 0 -2.14079 100 19 0.0589887 100 18 0 0 0 0 0 0 0 0
12200 -253.004 -0.386025 100 29 0 0 0 0 0 0 0 0 0 -2.50504 100 26 0.535334 100 17 0 0 0 0 0 0 0 0
12300 -253.082 -0.759906 100 29 0 0 0 0 0 0 0 0 0 -1.88415 100 33 0.0511579 100 18 0 0 0 0 0 0 0 0
12400 -252.493 -0.38066 100 31 0 0 0 0 0 0 0 0 0 -2.38148 100 23 0.344227 100 16 0 0 0 0 0 0 0 0
12500 -252.508 -0.838332 100 25 0 0 0 0 0 0 0 0 0 -2.03845 100 22 0.256937 100 20 0 0 0 0 0 0 0 0
12600 -252.912 -0.825308 100 32 0 0 0 0 0 0 0 0 0 -2.34628 100 28 0.553998 100 20 0 0 0 0 0 0 0 0
12700 -253.32 -0.119376 100 38 0 0 0 0 0 0 0 0 0 -2.48883 100 30 0.615716 100 29 0 0 0 0 0 0 0 0
12800 -253.321 -0.684198 100 25 0 0 0 0 0 0 0 0 0 -1.94773 100 25 0.208585 100 17 0 0 0 0 0 0 0 0
12900 -254.766 -1.63354 100 31 0 0 0 0 0 0 0 0 0 -2.02461 100 28 0.351481 100 22 0 0 0 0 0 0 0 0
13000 -251.907 -0.621086 100 25 0 0 0 0 0 0 0 0 0 -2.15766 100 25 0.217393 100 12 0 0 0 0 0 0 0 0
13100 -254.076 -1.84383 100 32 0 0 0 0 0 0 0 0 0 -1.99008 100 20 0.00740862 100 20 0 0 0 0 0 0 0 0
13200 -251.971 -0.861059 100 24 0 0 0 0 0 0 0 0 0 -2.16873 100 21 0.132833 100 16 0 0 0 0 0 0 0 0
13300 -253.387 -0.04034 100 19 0 0 0 0 0 0 0 0 0 -2.42461 100 22 0.563066 100 21 0 0 0 0 0 0 0 0
13400 -253.302 -1.11262 100 33 0 0 0 0 0 0 0 0 0 -2.18699 100 22 0.471308 100 14 0 0 0 0 0 0 0 0
13500 -252.713 -0.478967 100 33 0 0 0 0 0 0 0 0 0 -1.99913 100 16 0.075485 100 13 0 0 0 0 0 0 0 0
13600 -253.209 -0.509776 100 25 0 0 0 0 0 0 0 0 0 -1.98566 100 20 -0.180943 100 14 0 0 0 0 0 0 0 0
13700 -253.586 -0.45766 100 29 0 0 0 0 0 0 0 0 0 -1.91241 100 19 -0.158662 100 17 0 0 0 0 0 0 0 0
13800 -252.314 -1.13037 100 26 0 0 0 0 0 0 0 0 0 -2.18138 100 29 0.210327 100 18 0 0 0 0 0 0 0 0
13900 -252.821 -0.409988 100 22 0 0 0 0 0 0 0 0 0 -2.03927 100 30 -0.0327685 100 17 0 0 0 0 0 0 0 0
14000 -253.991 -0.231077 100 24 0 0 0 0 0 0 0 0 0 -2.42699 100 23 0.152617 100 14 0 0 0 0 0 0 0 0
14100 -254.781 -0.893798 100 24 0 0 0 0 0 0 0 0 0 -1.76074 100 26 0.0503867 100 12 0 0 0 0 0 0 0 0
14200 -252.284 -0.369797 100 30 0 0 0 0 0 0 0 0 0 -2.2112 100 21 0.304679 100 10 0 0 0 0 0 0 0 0
14300 -253.252 -1.40687 100 25 0 0 0 0 0 0 0 0 0 -1.97037 100 20 -0.186867 100 25 0 0 0 0 0 0 0 0
14400 -251.877 -0.736835 100 25 0 0 0 0 0 0 0 0 0 -2.17078 100 34 0.164539 100 16 0 0 0 0 0 0 0 0
14500 -252.627 -0.897425 100 26 0 0 0 0 0 0 0 0 0 -2.3563 100 23 0.425829 100 12 0 0 0 0 0 0 0 0
14600 -253.879 -1.21146 100 28 0 0 0 0 0 0 0 0 0 -2.08005 100 26 -0.237108 100 11 0 0 0 0 0 0 0 0
14700 -254.222 -0.134484 100 25 0 0 0 0 0 0 0 0 0 -2.1235 100 21 0.385445 100 23 0 0 0 0 0 0 0 0
14800 -254.619 -1.01142 100 30 0 0 0 0 0 0 0 0 0 -2.57144 100 25 0.660408 100 17 0 0 0 0 0 0 0 0
14900 -253.033 -0.494108 100 24 0 0 0 0 0 0 0 0 0 -2.4132 100 18 0.248518 100 24 0 0 0 0 0 0 0 0
15000 -252.05 -0.762201 100 21 0 0 0 0 0 0 0 0 0 -2.25567 100 30 0.23445 100 17 0 0 0 0 0 0 0 0
15100 -252.183 -0.970781 100 28 0 0 0 0 0 0 0 0 0 -2.08228 100 25 -0.0128603 100 14 0 0 0 0 0 0 0 0
15200 -253.003 -1.05429 100 25 0 0 0 0 0 0 0 0 0 -2.15685 100 19 0.425883 100 17 0 0 0 0 0 0 0 0
15300 -253.245 -0.478166 100 28 0 0 0 0 0 0 0 0 0 -2.52034 100 15 0.640572 100 21 0 0 0 0 0 0 0 0
15400 -252.882 -0.893546 100 23 0 0 0 0 0 0 0 0 0 -1.9559 100 16 -0.230735 100 12 0 0 0 0 0 0 0 0
15500 -255.122 -0.920665 100 24 0 0 0 0 0 0 0 0 0 -2.58201 100 20 0.384635 100 22 0 0 0 0 0 0 0 0
15600 -252.762 -0.159538 100 35 0 0 0 0 0 0 0 0 0 -2.29371 100 22 0.352578 100 15 0 0 0 0 0 0 0 0
15700 -255.19 -1.34404 100 17 0 0 0 0 0 0 0 0 0 -1.73538 100 30 -0.549843 100 9 0 0 0 0 0 0 0 0
15800 -252.933 -1.09287 100 19 0 0 0 0 0 0 0 0 0 -1.97893 100 30 0.22339 100 23 0 0 0 0 0 0 0 0
15900 -255.352 -1.40765 100 25 0 0 0 0 0 0 0 0 0 -1.75829 100 23 -0.561225 100 19 0 0 0 0 0 0 0 0
16000 -253.711 -1.63894 100 24 0 0 0 0 0 0 0 0 0 -2.11109 100 18 0.251047 100 16 0 0 0 0 0 0 0 0
16100 -252.28 -1.02385 100 22 0 0 0 0 0 0 0 0 0 -2.21696 100 29 0.181728 100 15 0 0 0 0 0 0 0 0
16200 -254.48 -1.03908 100 41 0 0 0 0 0 0 0 0 0 -2.54686 100 23 0.509701 100 18 0 0 0 0 0 0 0 0
16300 -252.634 -1.26111 100 20 0 0 0 0 0 0 0 0 0 -1.95017 100 34 -0.107163 100 17 0 0 0 0 0 0 0 0
16400 -252.041 -0.790177 100 29 0 0 0 0 0 0 0 0 0 -2.02916 100 22 0.10771 100 18 0 0 0 0 0 0 0 0
16500 -254.204 -1.1928 100 31 0 0 0 0 0 0 0 0 0 -1.77434 100 19 0.0292485 100 15 0 0 0 0 0 0 0 0
16600 -252.094 -0.882237 100 28 0 0 0 0 0 0 0 0 0 -2.00199 100 19 -0.0110915 100 13 0 0 0 0 0 0 0 0
16700 -251.912 -0.649298 100 24 0 0 0 0 0 0 0 0 0 -2.13834 100 22 0.128819 100 17 0 0 0 0 0 0 0 0
16800 -253.361 -0.455549 100 23 0 0 0 0 0 0 0 0 0 -2.31677 100 24 0.0485641 100 13 0 0 0 0 0 0 0 0
16900 -252.637 -0.72515 100 22 0 0 0 0 0 0 0 0 0 -2.24544 100 18 0.0534742 100 21 0 0 0 0 0 0 0 0
17000 -252.581 -0.408558 100 27 0 0 0 0 0 0 0 0 0 -2.18129 100 22 0.37505 100 14 0 0 0 0 0 0 0 0
17100 -253.464 -0.0636084 100 19 0 0 0 0 0 0 0 0 0 -2.19161 100 21 0.1697 100 25 0 0 0 0 0 0 0 0
17200 -252.499 -0.815141 100 26 0 0 0 0 0 0 0 0 0 -2.15062 100 30 0.384597 100 18 0 0 0 0 0 0 0 0
17300 -252.347 -0.873243 100 24 0 0 0 0 0 0 0 0 0 -1.93564 100 27 -0.0197492 100 22 0 0 0 0 0 0 0 0
17400 -252.224 -0.870835 100 20 0 0 0 0 0 0 0 0 0 -2.10831 100 12 -0.0173923 100 18 0 0 0 0 0 0 0 0
17500 -252.639 -0.21242 100 27 0 0 0 0 0 0 0 0 0 -2.30988 100 22 0.400345 100 21 0 0 0 0 0 0 0 0
17600 -253.938 -0.531238 100 29 0 0 0 0 0 0 0 0 0 -2.51419 100 26 0.774049 100 21 0 0 0 0 0 0 0 0
17700 -253.17 -1.28924 100 31 0 0 0 0 0 0 0 0 0 -2.21031 100 23 0.0756047 100 17 0 0 0 0 0 0 0 0
17800 -253.327 -1.50624 100 34 0 0 0 0 0 0 0 0 0 -1.93738 100 18 -0.168644 100 22 0 0 0 0 0 0 0 0
17900 -253.421 -1.10887 100 34 0 0 0 0 0 0 0 0 0 -1.81078 100 17 -0.309189 100 24 0 0 0 0 0 0 0 0
18000 -252.595 -0.974028 100 19 0 0 0 0 0 0 0 0 0 -2.19828 100 21 0.0363172 100 19 0 0 0 0 0 0 0 0
18100 -253.822 -0.0210958 100 29 0 0 0 0 0 0 0 0 0 -2.45648 100 22 0.299855 100 22 0 0 0 0 0 0 0 0
18200 -252.061 -0.701449 100 27 0 0 0 0 0 0 0 0 0 -2.04963 100 26 0.139318 100 10 0 0 0 0 0 0 0 0
18300 -253.188 -1.35495 100 32 0 0 0 0 0 0 0 0 0 -2.10034 100 22 -0.0667389 100 19 0 0 0 0 0 0 0 0
18400 -255.97 -1.19938 100 33 0 0 0 0 0 0 0 0 0 -1.75208 100 21 0.160614 100 15 0 0 0 0 0 0 0 0
18500 -253.242 -0.792045 100 22 0 0 0 0 0 0 0 0 0 -1.86178 100 24 0.0372041 100 21 0 0 0 0 0 0 0 0
18600 -252.377 -0.938378 100 28 0 0 0 0 0 0 0 0 0 -2.07785 100 18 -0.0700178 100 19 0 0 0 0 0 0 0 0
18700 -252.739 -0.271585 100 24 0 0 0 0 0 0 0 0 0 -2.41323 100 16 0.367673 100 15 0 0 0 0 0 0 0 0
18800 -253.187 -1.28852 100 25 0 0 0 0 0 0 0 0 0 -1.83978 100 26 -0.0271012 100 27 0 0 0 0 0 0 0 0
18900 -252.192 -0.906936 100 20 0 0 0 0 0 0 0 0 0 -2.26374 100 14 0.284879 100 16 0 0 0 0 0 0 0 0
19000 -253.411 -0.458824 100 27 0 0 0 0 0 0 0 0 0 -2.12192 100 25 0.430359 100 20 0 0 0 0 0 0 0 0
19100 -255.303 -0.374803 100 30 0 0 0 0 0 0 0 0 0 -2.7021 100 24 0.495231 100 19 0 0 0 0 0 0 0 0
19200 -255.458 -1.45824 100 30 0 0 0 0 0 0 0 0 0 -1.961 100 30 0.385199 100 22 0 0 0 0 0 0 0 0
19300 -252.138 -0.492912 100 24 0 0 0 0 0 0 0 0 0 -2.2286 100 19 0.167211 100 17 0 0 0 0 0 0 0 0
19400 -251.976 -0.543963 100 22 0 0 0 0 0 0 0 0 0 -2.16775 100 19 0.171698 100 15 0 0 0 0 0 0 0 0
19500 -255.396 0.155212 100 32 0 0 0 0 0 0 0 0 0 -2.77668 100 30 0.851243 100 23 0 0 0 0 0 0 0 0
19600 -256.941 -1.11031 100 25 0 0 0 0 0 0 0 0 0 -1.56483 100 26 -0.649099 100 19 0 0 0 0 0 0 0 0
19700 -253.021 -0.24853 100 31 0 0 0 0 0 0 0 0 0 -2.44324 100 21 0.597558 100 13 0 0 0 0 0 0 0 0
19800 -252.418 -0.373871 100 32 0 0 0 0 0 0 0 0 0 -2.29692 100 27 0.214368 100 18 0 0 0 0 0 0 0 0
19900 -253.731 0.0765454 100 31 0 0 0 0 0 0 0 0 0 -2.44272 100 20 0.536791 100 13 0 0 0 0 0 0 0 0
20000 -255.245 0.180345 100 33 0 0 0 0 0 0 0 0 0 -2.54722 100 23 0.310421 100 25 0 0 0 0 0 0 0 0
20100 -252.663 -1.03885 100 26 0 0 0 0 0 0 0 0 0 -2.31469 100 28 0.35881 100 22 0 0 0 0 0 0 0 0
20200 -251.876 -0.813377 100 32 0 0 0 0 0 0 0 0 0 -2.16111 100 17 0.213242 100 16 0 0 0 0 0 0 0 0
20300 -254.102 -1.27299 100 32 0 0 0 0 0 0 0 0 0 -1.71551 100 19 -0.175803 100 15 0 0 0 0 0 0 0 0
20400 -252.487 -1.05436 100 30 0 0 0 0 0 0 0 0 0 -2.23849 100 16 0.170523 100 17 0 0 0 0 0 0 0 0
20500 -252.467 -0.874119 100 27 0 0 0 0 0 0 0 0 0 -1.96777 100 24 0.133798 100 16 0 0 0 0 0 0 0 0
20600 -252.976 -0.464411 100 24 0 0 0 0 0 0 0 0 0 -2.03815 100 24 -0.116128 100 16 0 0 0 0 0 0 0 0
20700 -253.102 -1.16185 100 29 0 0 0 0 0 0 0 0 0 -1.82237 100 28 -0.214983 100 16 0 0 0 0 0 0 0 0
20800 -252.963 -0.199398 100 29 0 0 0 0 0 0 0 0 0 -2.14672 100 25 0.156511 100 17 0 0 0 0 0 0 0 0
20900 -253.442 -0.200102 100 25 0 0 0 0 0 0 0 0 0 -2.48394 100 25 0.680396 100 21 0 0 0 0 0 0 0 0
21000 -253.399 -0.354124 100 23 0 0 0 0 0 0 0 0 0 -2.02987 100 24 0.235517 100 16 0 0 0 0 0 0 0 0
21100 -252.692 -0.832288 100 25 0 0 0 0 0 0 0 0 0 -2.38892 100 23 0.446324 100 16 0 0 0 0 0 0 0 0
21200 -251.975 -0.727779 100 27 0 0 0 0 0 0 0 0 0 -2.20451 100 20 0.157984 100 18 0 0 0 0 0 0 0 0
21300 -252.394 -0.884784 100 20 0 0 0 0 0 0 0 0 0 -2.3197 100 22 0.354262 100 20 0 0 0 0 0 0 0 0
21400 -254.177 -0.797511 100 27 0 0 0 0 0 0 0 0 0 -1.97705 100 25 -0.385221 100 19 0 0 0 0 0 0 0 0
21500 -252.187 -1.1478 100 19 0 0 0 0 0 0 0 0 0 -2.05618 100 30 0.092441 100 22 0 0 0 0 0 0 0 0
21600 -253.097 -0.900604 100 20 0 0 0 0 0 0 0 0 0 -1.8614 100 20 0.0342088 100 16 0 0 0 0 0 0 0 0
21700 -253.424 -0.602203 100 23 0 0 0 0 0 0 0 0 0 -2.25168 100 19 0.584652 100 18 0 0 0 0 0 0 0 0
21800 -256.401 -0.197087 100 28 0 0 0 0 0 0 0 0 0 -2.8877 100 32 0.843527 100 22 0 0 0 0 0 0 0 0
21900 -254.554 -1.34531 100 30 0 0 0 0 0 0 0 0 0 -1.67344 100 20 -0.349823 100 19 0 0 0 0 0 0 0 0
22000 -252.405 -1.10342 100 30 0 0 0 0 0 0 0 0 0 -2.15261 100 19 0.302501 100 15 0 0 0 0 0 0 0 0
22100 -251.871 -0.77053 100 30 0 0 0 0 0 0 0 0 0 -2.16557 100 35 0.226423 100 8 0 0 0 0 0 0 0 0
22200 -252.261 -1.14604 100 26 0 0 0 0 0 0 0 0 0 -2.01378 100 23 -0.00846699 100 17 0 0 0 0 0 0 0 0
22300 -252.393 -0.598168 100 28 0 0 0 0 0 0 0 0 0 -2.35234 100 22 0.478319 100 17 0 0 0 0 0 0 0 0
22400 -252.396 -1.15855 100 31 0 0 0 0 0 0 0 0 0 -1.9533 100 19 -0.0572355 100 13 0 0 0 0 0 0 0 0
22500 -252.078 -0.489143 100 32 0 0 0 0 0 0 0 0 0 -2.19068 100 24 0.283241 100 13 0 0 0 0 0 0 0 0
22600 -254.637 -0.174573 100 24 0 0 0 0 0 0 0 0 0 -2.37697 100 23 0.748766 100 19 0 0 0 0 0 0 0 0
22700 -252.458 -0.869654 100 29 0 0 0 0 0 0 0 0 0 -1.92123 100 20 -0.0946038 100 13 0 0 0 0 0 0 0 0
22800 -251.959 -0.77827 100 35 0 0 0 0 0 0 0 0 0 -2.20994 100 23 0.18629 100 18 0 0 0 0 0 0 0 0
22900 -253.779 -1.66124 100 32 0 0 0 0 0 0 0 0 0 -2.0989 100 28 0.0109416 100 13 0 0 0 0 0 0 0 0
23000 -251.991 -0.863029 100 29 0 0 0 0 0 0 0 0 0 -2.03556 100 22 0.100554 100 14 0 0 0 0 0 0 0 0
23100 -253.798 -0.697718 100 33 0 0 0 0 0 0 0 0 0 -2.07804 100 26 0.447398 100 19 0 0 0 0 0 0 0 0
23200 -252.458 -0.379052 100 37 0 0 0 0 0 0 0 0 0 -2.34994 100 24 0.473187 100 16 0 0 0 0 0 0 0 0
23300 -253.33 -0.76796 100 27 0 0 0 0 0 0 0 0 0 -2.07112 100 23 0.399658 100 21 0 0 0 0 0 0 0 0
23400 -252.663 -0.225622 100 21 0 0 0 0 0 0 0 0 0 -2.2922 100 24 0.411083 100 24 0 0 0 0 0 0 0 0
23500 -252.855 -0.219451 100 33 0 0 0 0 0 0 0 0 0 -2.27455 100 22 0.442769 100 12 0 0 0 0 0 0 0 0
23600 -255.506 -1.59892 100 39 0 0 0 0 0 0 0 0 0 -2.00049 100 24 -0.389645 100 19 0 0 0 0 0 0 0 0
23700 -252.835 -1.42839 100 27 0 0 0 0 0 0 0 0 0 -1.95819 100 26 -0.00969498 100 19 0 0 0 0 0 0 0 0
23800 -252.87 -0.813048 100 34 0 0 0 0 0 0 0 0 0 -1.88633 100 21 -0.190066 100 14 0 0 0 0 0 0 0 0
23900 -257.516 -2.42704 100 26 0 0 0 0 0 0 0 0 0 -1.78343 100 35 -0.412023 100 22 0 0 0 0 0 0 0 0
24000 -253.95 -1.66583 100 31 0 0 0 0 0 0 0 0 0 -1.97018 100 28 -0.185375 100 25 0 0 0 0 0 0 0 0
24100 -252.925 -1.21519 100 27 0 0 0 0 0 0 0 0 0 -1.9405 100 25 -0.207957 100 17 0 0 0 0 0 0 0 0
24200 -256.091 -0.83555 100 29 0 0 0 0 0 0 0 0 0 -2.55335 100 20 0.947738 100 18 0 0 0 0 0 0 0 0
24300 -253.555 -1.63749 100 25 0 0 0 0 0 0 0 0 0 -1.90074 100 23 -0.12737 100 20 0 0 0 0 0 0 0 0
24400 -253.256 -1.40792 100 34 0 0 0 0 0 0 0 0 0 -2.21713 100 32 0.168454 100 14 0 0 0 0 0 0 0 0
24500 -252.424 -0.702649 100 30 0 0 0 0 0 0 0 0 0 -1.95894 100 25 -0.0510274 100 16 0 0 0 0 0 0 0 0
24600 -255.375 -0.794016 100 29 0 0 0 0 0 0 0 0 0 -1.70796 100 24 -0.499241 100 18 0 0 0 0 0 0 0 0
24700 -252.827 -0.26384 100 30 0 0 0 0 0 0 0 0 0 -2.36309 100 20 0.249184 100 18 0 0 0 0 0 0 0 0
24800 -254.262 -1.11244 100 35 0 0 0 0 0 0 0 0 0 -2.15808 100 19 -0.210367 100 15 0 0 0 0 0 0 0 0
24900 -253.995 -0.48114 100 30 0 0 0 0 0 0 0 0 0 -2.56706 100 27 0.783309 100 15 0 0 0 0 0 0 0 0
25000 -253.058 -0.552942 100 25 0 0 0 0 0 0 0 0 0 -2.44541 100 21 0.31528 100 19 0 0 0 0 0 0 0 0
25100 -254.78 -0.292068 100 23 0 0 0 0 0 0 0 0 0 -2.73446 100 20 0.768671 100 16 0 0 0 0 0 0 0 0
25200 -253.416 -1.38842 100 26 0 0 0 0 0 0 0 0 0 -1.90339 100 25 -0.260835 100 16 0 0 0 0 0 0 0 0
25300 -254.207 -0.812774 100 23 0 0 0 0 0 0 0 0 0 -2.13838 100 20 0.547272 100 24 0 0 0 0 0 0 0 0
25400 -255.846 -0.530876 100 21 0 0 0 0 0 0 0 0 0 -2.40174 100 24 0.880751 100 18 0 0 0 0 0 0 0 0
25500 -252.298 -1.00878 100 20 0 0 0 0 0 0 0 0 0 -2.24614 100 30 0.254426 100 18 0 0 0 0 0 0 0 0
25600 -253.856 -1.06754 100 34 0 0 0 0 0 0 0 0 0 -2.47588 100 30 0.49602 100 19 0 0 0 0 0 0 0 0
25700 -255.352 -1.29601 100 32 0 0 0 0 0 0 0 0 0 -1.84817 100 33 0.257864 100 23 0 0 0 0 0 0 0 0
25800 -254.55 0.171022 100 22 0 0 0 0 0 0 0 0 0 -2.29628 100 22 0.232657 100 17 0 0 0 0 0 0 0 0
25900 -256.127 -1.55775 100 30 0 0 0 0 0 0 0 0 0 -2.05669 100 28 0.509037 100 12 0 0 0 0 0 0 0 0
26000 -256.153 0.385536 100 36 0 0 0 0 0 0 0 0 0 -2.64176 100 20 0.453655 100 12 0 0 0 0 0 0 0 0
26100 -253.322 -1.38268 100 25 0 0 0 0 0 0 0 0 0 -1.85572 100 27 -0.243082 100 19 0 0 0 0 0 0 0 0
26200 -254.171 0.0861664 100 28 0 0 0 0 0 0 0 0 0 -2.44305 100 28 0.292016 100 12 0 0 0 0 0 0 0 0
26300 -253.881 -1.31732 100 27 0 0 0 0 0 0 0 0 0 -1.7322 100 17 -0.233017 100 19 0 0 0 0 0 0 0 0
26400 -251.872 -0.731491 100 33 0 0 0 0 0 0 0 0 0 -2.17885 100 21 0.183347 100 21 0 0 0 0 0 0 0 0
26500 -253.747 -0.896928 100 25 0 0 0 0 0 0 0 0 0 -1.81661 100 14 0.0422569 100 19 0 0 0 0 0 0 0 0
26600 -254.756 -1.37766 100 27 0 0 0 0 0 0 0 0 0 -2.26173 100 34 0.595515 100 19 0 0 0 0 0 0 0 0
26700 -255.802 -0.6212 100 22 0 0 0 0 0 0 0 0 0 -1.72854 100 28 -0.493613 100 23 0 0 0 0 0 0 0 0
26800 -252.466 -0.557419 100 26 0 0 0 0 0 0 0 0 0 -2.37424 100 29 0.497383 100 13 0 0 0 0 0 0 0 0
26900 -251.891 -0.785 100 16 0 0 0 0 0 0 0 0 0 -2.1735 100 17 0.244131 100 20 0 0 0 0 0 0 0 0
27000 -252.249 -0.492135 100 29 0 0 0 0 0 0 0 0 0 -2.32417 100 31 0.427545 100 21 0 0 0 0 0 0 0 0
27100 -252.474 -0.459449 100 22 0 0 0 0 0 0 0 0 0 -2.26444 100 20 0.455892 100 15 0 0 0 0 0 0 0 0
27200 -252.468 -0.794414 100 24 0 0 0 0 0 0 0 0 0 -2.2334 100 22 0.0746627 100 24 0 0 0 0 0 0 0 0
27300 -253.525 -0.136128 100 26 0 0 0 0 0 0 0 0 0 -2.55662 100 20 0.525094 100 17 0 0 0 0 0 0 0 0
27400 -258.25 -0.407257 100 26 0 0 0 0 0 0 0 0 0 -3.00826 100 19 1.07345 100 17 0 0 0 0 0 0 0 0
27500 -253.423 -0.115811 100 25 0 0 0 0 0 0 0 0 0 -2.17547 100 24 0.0874719 100 19 0 0 0 0 0 0 0 0
27600 -255.13 -0.407191 100 32 0 0 0 0 0 0 0 0 0 -2.43162 100 29 0.853292 100 16 0 0 0 0 0 0 0 0
27700 -253.849 -0.466663 100 26 0 0 0 0 0 0 0 0 0 -2.54996 100 26 0.386367 100 17 0 0 0 0 0 0 0 0
27800 -252.541 -0.241819 100 32 0 0 0 0 0 0 0 0 0 -2.25665 100 22 0.248245 100 11 0 0 0 0 0 0 0 0
27900 -252.436 -1.00476 100 25 0 0 0 0 0 0 0 0 0 -2.28069 100 21 0.283557 100 17 0 0 0 0 0 0 0 0
28000 -252.042 -1.03483 100 34 0 0 0 0 0 0 0 0 0 -2.11437 100 19 0.123072 100 14 0 0 0 0 0 0 0 0
28100 -253.152 -0.743518 100 27 0 0 0 0 0 0 0 0 0 -2.35475 100 30 0.145497 100 19 0 0 0 0 0 0 0 0
28200 -253.768 -0.907044 100 29 0 0 0 0 0 0 0 0 0 -1.95132 100 19 -0.358374 100 24 0 0 0 0 0 0 0 0
28300 -253.237 -1.04786 100 33 0 0 0 0 0 0 0 0 0 -2.40172 100 23 0.402534 100 25 0 0 0 0 0 0 0 0
28400 -255.692 0.376081 100 33 0 0 0 0 0 0 0 0 0 -2.67155 100 23 0.597711 100 25 0 0 0 0 0 0 0 0
28500 -253.913 -0.596844 100 21 0 0 0 0 0 0 0 0 0 -2.55713 100 28 0.419214 100 11 0 0 0 0 0 0 0 0
28600 -252.921 -1.16855 100 19 0 0 0 0 0 0 0 0 0 -1.87656 100 18 -0.217225 100 12 0 0 0 0 0 0 0 0
28700 -252.435 -0.418659 100 24 0 0 0 0 0 0 0 0 0 -2.08635 100 21 0.080113 100 18 0 0 0 0 0 0 0 0
28800 -253.622 -0.173847 100 30 0 0 0 0 0 0 0 0 0 -2.06332 100 30 0.154398 100 19 0 0 0 0 0 0 0 0
28900 -252.049 -0.818648 100 34 0 0 0 0 0 0 0 0 0 -2.14436 100 23 0.0604154 100 16 0 0 0 0 0 0 0 0
29000 -254.711 -1.66001 100 33 0 0 0 0 0 0 0 0 0 -1.974 100 21 -0.304266 100 11 0 0 0 0 0 0 0 0
29100 -252.306 -1.15871 100 24 0 0 0 0 0 0 0 0 0 -2.00555 100 21 -0.0255644 100 17 0 0 0 0 0 0 0 0
29200 -252.017 -0.963763 100 29 0 0 0 0 0 0 0 0 0 -2.03733 100 22 0.101769 100 19 0 0 0 0 0 0 0 0
29300 -253.764 -1.40893 100 28 0 0 0 0 0 0 0 0 0 -1.97151 100 22 0.254294 100 16 0 0 0 0 0 0 0 0
29400 -252.655 -0.515253 100 22 0 0 0 0 0 0 0 0 0 -2.39882 100 28 0.307418 100 20 0 0 0 0 0 0 0 0
29500 -252.055 -0.622071 100 28 0 0 0 0 0 0 0 0 0 -2.26334 100 21 0.224628 100 24 0 0 0 0 0 0 0 0
29600 -253.095 -0.90836 100 24 0 0 0 0 0 0 0 0 0 -1.86002 100 21 0.031747 100 8 0 0 0 0 0 0 0 0
29700 -253.743 -0.259842 100 32 0 0 0 0 0 0 0 0 0 -2.30019 100 23 0.0191748 100 21 0 0 0 0 0 0 0 0
29800 -254.12 -0.589833 100 20 0 0 0 0 0 0 0 0 0 -1.81443 100 26 -0.0446083 100 16 0 0 0 0 0 0 0 0
29900 -253.302 -0.43322 100 30 0 0 0 0 0 0 0 0 0 -1.94688 100 26 -0.0922751 100 21 0 0 0 0 0 0 0 0
30000 -253.361 -0.0384132 100 29 0 0 0 0 0 0 0 0 0 -2.48023 100 28 0.540978 100 24 0 0 0 0 0 0 0 0
30100 -252.742 -0.85183 100 36 0 0 0 0 0 0 0 0 0 -2.23282 100 23 0.47921 100 17 0 0 0 0 0 0 0 0
30200 -252.373 -0.419539 100 28 0 0 0 0 0 0 0 0 0 -2.36348 100 17 0.445909 100 13 0 0 0 0 0 0 0 0
30300 -252.761 -0.470201 100 29 0 0 0 0 0 0 0 0 0 -2.29174 100 18 0.10419 100 15 0 0 0 0 0 0 0 0
30400 -252.438 -0.914089 100 25 0 0 0 0 0 0 0 0 0 -2.25307 100 26 0.419601 100 22 0 0 0 0 0 0 0 0
30500 -252.974 -0.447433 100 27 0 0 0 0 0 0 0 0 0 -2.16722 100 17 0.43227 100 15 0 0 0 0 0 0 0 0
30600 -252.986 -1.32119 100 33 0 0 0 0 0 0 0 0 0 -2.19795 100 23 0.124099 100 22 0 0 0 0 0 0 0 0
30700 -252.27 -0.587175 100 28 0 0 0 0 0 0 0 0 0 -2.02508 100 30 0.0648959 100 13 0 0 0 0 0 0 0 0
30800 -252.898 -1.31539 100 29 0 0 0 0 0 0 0 0 0 -1.87304 100 22 -0.075889 100 19 0 0 0 0 0 0 0 0
30900 -254.723 -0.508982 100 31 0 0 0 0 0 0 0 0 0 -1.78093 100 31 -0.192046 100 18 0 0 0 0 0 0 0 0
31000 -255.855 -0.872674 100 32 0 0 0 0 0 0 0 0 0 -1.87108 100 20 -0.598777 100 17 0 0 0 0 0 0 0 0
31100 -251.987 -0.921835 100 44 0 0 0 0 0 0 0 0 0 -2.16204 100 24 0.243003 100 18 0 0 0 0 0 0 0 0
31200 -254.152 0.0220221 100 24 0 0 0 0 0 0 0 0 0 -2.58721 100 24 0.488916 100 22 0 0 0 0 0 0 0 0
31300 -254.212 -0.852815 100 32 0 0 0 0 0 0 0 0 0 -2.31392 100 32 0.686488 100 18 0 0 0 0 0 0 0 0
31400 -252.995 -0.571559 100 27 0 0 0 0 0 0 0 0 0 -2.45086 100 33 0.347304 100 16 0 0 0 0 0 0 0 0
31500 -255.751 -1.50348 100 25 0 0 0 0 0 0 0 0 0 -1.99141 100 15 -0.448061 100 15 0 0 0 0 0 0 0 0
31600 -252.268 -0.694798 100 31 0 0 0 0 0 0 0 0 0 -2.08361 100 15 0.263641 100 13 0 0 0 0 0 0 0 0
31700 -254.68 -1.30621 100 31 0 0 0 0 0 0 0 0 0 -1.79695 100 27 0.118681 100 21 0 0 0 0 0 0 0 0
31800 -253.43 -0.631541 100 21 0 0 0 0 0 0 0 0 0 -2.47771 100 25 0.682526 100 19 0 0 0 0 0 0 0 0
31900 -253.411 -0.216792 100 27 0 0 0 0 0 0 0 0 0 -2.05759 100 17 0.136161 100 20 0 0 0 0 0 0 0 0
32000 -252.481 -0.545758 100 37 0 0 0 0 0 0 0 0 0 -2.36267 100 19 0.277662 100 16 0 0 0 0 0 0 0 0
32100 -252.572 -0.985777 100 31 0 0 0 0 0 0 0 0 0 -1.95621 100 28 0.13632 100 13 0 0 0 0 0 0 0 0
32200 -252.251 -0.899398 100 23 0 0 0 0 0 0 0 0 0 -2.1879 100 24 0.0768916 100 25 0 0 0 0 0 0 0 0
32300 -257.947 -0.456523 100 22 0 0 0 0 0 0 0 0 0 -2.22883 100 25 -0.452022 100 23 0 0 0 0 0 0 0 0
32400 -253.536 -0.128757 100 25 0 0 0 0 0 0 0 0 0 -2.27918 100 30 0.517198 100 20 0 0 0 0 0 0 0 0
32500 -254.677 0.00519608 100 31 0 0 0 0 0 0 0 0 0 -2.50761 100 22 0.805055 100 14 0 0 0 0 0 0 0 0
32600 -253.786 -0.995796 100 27 0 0 0 0 0 0 0 0 0 -2.46801 100 24 0.38207 100 21 0 0 0 0 0 0 0 0
32700 -254.326 -1.8673 100 19 0 0 0 0 0 0 0 0 0 -1.87473 100 33 -0.0490199 100 22 0 0 0 0 0 0 0 0
32800 -253.534 -0.197923 100 27 0 0 0 0 0 0 0 0 0 -2.32883 100 22 0.599394 100 16 0 0 0 0 0 0 0 0
32900 -253.543 -1.10726 100 22 0 0 0 0 0 0 0 0 0 -1.78345 100 28 -0.308419 100 18 0 0 0 0 0 0 0 0
33000 -254.449 -0.607302 100 25 0 0 0 0 0 0 0 0 0 -1.94561 100 25 -0.393962 100 19 0 0 0 0 0 0 0 0
33100 -252.995 -1.11758 100 23 0 0 0 0 0 0 0 0 0 -1.89285 100 15 0.0890834 100 22 0 0 0 0 0 0 0 0
33200 -253.544 0.0241776 100 30 0 0 0 0 0 0 0 0 0 -2.46666 100 22 0.546586 100 18 0 0 0 0 0 0 0 0
33300 -253.12 -1.4323 100 27 0 0 0 0 0 0 0 0 0 -2.02573 100 24 -0.0981692 100 17 0 0 0 0 0 0 0 0
33400 -256.873 -1.45485 100 33 0 0 0 0 0 0 0 0 0 -2.28571 100 20 0.752782 100 27 0 0 0 0 0 0 0 0
33500 -252.252 -1.1522 100 27 0 0 0 0 0 0 0 0 0 -2.00131 100 19 0.0509025 100 21 0 0 0 0 0 0 0 0
33600 -255.22 -1.32315 100 29 0 0 0 0 0 0 0 0 0 -2.48813 100 24 0.343041 100 15 0 0 0 0 0 0 0 0
33700 -252.22 -0.738356 100 29 0 0 0 0 0 0 0 0 0 -2.31868 100 22 0.321194 100 21 0 0 0 0 0 0 0 0
33800 -254.493 -1.03715 100 29 0 0 0 0 0 0 0 0 0 -2.47406 100 26 0.270975 100 18 0 0 0 0 0 0 0 0
33900 -254.88 -1.6789 100 33 0 0 0 0 0 0 0 0 0 -2.30122 100 25 0.193275 100 14 0 0 0 0 0 0 0 0
34000 -252.108 -0.656657 100 32 0 0 0 0 0 0 0 0 0 -2.29971 100 34 0.293658 100 13 0 0 0 0 0 0 0 0
34100 -252.289 -0.571203 100 18 0 0 0 0 0 0 0 0 0 -2.18554 100 22 0.370899 100 16 0 0 0 0 0 0 0 0
34200 -252.076 -0.971078 100 24 0 0 0 0 0 0 0 0 0 -2.14758 100 22 0.256746 100 16 0 0 0 0 0 0 0 0
34300 -254.701 -1.18683 100 30 0 0 0 0 0 0 0 0 0 -1.71904 100 27 -0.0302448 100 20 0 0 0 0 0 0 0 0
34400 -252.787 -1.05162 100 31 0 0 0 0 0 0 0 0 0 -2.32377 100 23 0.29754 100 11 0 0 0 0 0 0 0 0
34500 -254.235 -0.634071 100 29 0 0 0 0 0 0 0 0 0 -2.02654 100 22 -0.343646 100 18 0 0 0 0 0 0 0 0
34600 -253.899 -0.982778 100 22 0 0 0 0 0 0 0 0 0 -2.46683 100 20 0.339183 100 20 0 0 0 0 0 0 0 0
34700 -252.263 -0.872734 100 25 0 0 0 0 0 0 0 0 0 -2.15095 100 20 0.0192255 100 18 0 0 0 0 0 0 0 0
34800 -254.276 -0.00432328 100 29 0 0 0 0 0 0 0 0 0 -2.35769 100 27 0.119487 100 17 0 0 0 0 0 0 0 0
34900 -254.144 -1.10609 100 18 0 0 0 0 0 0 0 0 0 -1.71808 100 27 -0.145264 100 22 0 0 0 0 0 0 0 0
35000 -254.683 -1.44805 100 24 0 0 0 0 0 0 0 0 0 -2.38783 100 16 0.5623 100 16 0 0 0 0 0 0 0 0
35100 -252.04 -0.862679 100 25 0 0 0 0 0 0 0 0 0 -2.02623 100 23 0.00280165 100 22 0 0 0 0 0 0 0 0
35200 -252.396 -1.20642 100 27 0 0 0 0 0 0 0 0 0 -2.04288 100 21 0.159202 100 24 0 0 0 0 0 0 0 0
35300 -252.571 -0.421788 100 31 0 0 0 0 0 0 0 0 0 -2.22436 100 19 0.0739337 100 23 0 0 0 0 0 0 0 0
35400 -252.925 -1.44003 100 29 0 0 0 0 0 0 0 0 0 -2.07084 100 25 0.17995 100 21 0 0 0 0 0 0 0 0
35500 -253.632 -1.64114 100 32 0 0 0 0 0 0 0 0 0 -1.98049 100 19 -0.119962 100 6 0 0 0 0 0 0 0 0
35600 -252.059 -0.977231 100 26 0 0 0 0 0 0 0 0 0 -2.11924 100 22 0.229344 100 16 0 0 0 0 0 0 0 0
35700 -253.924 -1.23262 100 29 0 0 0 0 0 0 0 0 0 -1.82324 100 23 0.0872188 100 21 0 0 0 0 0 0 0 0
35800 -252.676 -0.433497 100 25 0 0 0 0 0 0 0 0 0 -2.39474 100 27 0.295941 100 15 0 0 0 0 0 0 0 0
35900 -253.569 -1.69529 100 21 0 0 0 0 0 0 0 0 0 -2.01642 100 24 0.032136 100 18 0 0 0 0 0 0 0 0
36000 -253.014 -0.116579 100 28 0 0 0 0 0 0 0 0 0 -2.29231 100 23 0.40923 100 17 0 0 0 0 0 0 0 0
36100 -252.348 -1.1278 100 24 0 0 0 0 0 0 0 0 0 -2.03103 100 18 -0.0492525 100 19 0 0 0 0 0 0 0 0
36200 -256.517 -0.834549 100 25 0 0 0 0 0 0 0 0 0 -2.05936 100 30 -0.529849 100 17 0 0 0 0 0 0 0 0
36300 -252.175 -0.900367 100 29 0 0 0 0 0 0 0 0 0 -2.00258 100 32 0.121081 100 16 0 0 0 0 0 0 0 0
36400 -254.441 -1.84345 100 25 0 0 0 0 0 0 0 0 0 -1.94266 100 19 0.126483 100 15 0 0 0 0 0 0 0 0
36500 -252.827 -0.429003 100 33 0 0 0 0 0 0 0 0 0 -2.22372 100 25 0.0237997 100 27 0 0 0 0 0 0 0 0
36600 -251.92 -0.583669 100 22 0 0 0 0 0 0 0 0 0 -2.18821 100 22 0.208732 100 17 0 0 0 0 0 0 0 0
36700 -254.783 -0.847981 100 30 0 0 0 0 0 0 0 0 0 -2.40034 100 25 0.0356996 100 29 0 0 0 0 0 0 0 0
36800 -252.359 -0.556807 100 27 0 0 0 0 0 0 0 0 0 -2.09263 100 32 0.260105 100 25 0 0 0 0 0 0 0 0
36900 -253.817 -0.101325 100 32 0 0 0 0 0 0 0 0 0 -2.13239 100 19 0.303376 100 12 0 0 0 0 0 0 0 0
37000 -255.522 -1.704 100 24 0 0 0 0 0 0 0 0 0 -2.00203 100 21 -0.355098 100 21 0 0 0 0 0 0 0 0
37100 -252.09 -0.779698 100 30 0 0 0 0 0 0 0 0 0 -2.03379 100 22 -0.0144192 100 16 0 0 0 0 0 0 0 0
37200 -254.126 -1.00791 100 25 0 0 0 0 0 0 0 0 0 -1.92767 100 28 -0.410895 100 12 0 0 0 0 0 0 0 0
37300 -253.246 -1.27811 100 32 0 0 0 0 0 0 0 0 0 -2.30746 100 21 0.352582 100 15 0 0 0 0 0 0 0 0
37400 -252.617 -1.2568 100 26 0 0 0 0 0 0 0 0 0 -2.13727 100 28 0.070623 100 16 0 0 0 0 0 0 0 0
37500 -253.043 -0.746288 100 30 0 0 0 0 0 0 0 0 0 -2.40131 100 23 0.258787 100 26 0 0 0 0 0 0 0 0
37600 -252.265 -1.02223 100 26 0 0 0 0 0 0 0 0 0 -1.98543 100 17 -0.071698 100 15 0 0 0 0 0 0 0 0
37700 -255.126 -0.176034 100 36 0 0 0 0 0 0 0 0 0 -2.61308 100 22 0.935535 100 9 0 0 0 0 0 0 0 0
37800 -252.836 -1.42382 100 27 0 0 0 0 0 0 0 0 0 -1.97717 100 24 0.0611331 100 17 0 0 0 0 0 0 0 0
37900 -252.114 -0.996726 100 25 0 0 0 0 0 0 0 0 0 -2.17618 100 20 0.150599 100 22 0 0 0 0 0 0 0 0
38000 -253.25 -0.513454 100 33 0 0 0 0 0 0 0 0 0 -2.53417 100 28 0.569563 100 13 0 0 0 0 0 0 0 0
38100 -252.449 -0.801977 100 28 0 0 0 0 0 0 0 0 0 -2.20271 100 23 0.420264 100 21 0 0 0 0 0 0 0 0
38200 -255.677 -1.08968 100 34 0 0 0 0 0 0 0 0 0 -2.5878 100 24 0.392035 100 19 0 0 0 0 0 0 0 0
38300 -253.524 0.00181669 100 36 0 0 0 0 0 0 0 0 0 -2.26414 100 20 0.254725 100 18 0 0 0 0 0 0 0 0
38400 -252.691 -1.35706 100 25 0 0 0 0 0 0 0 0 0 -2.06251 100 27 0.0194284 100 16 0 0 0 0 0 0 0 0
38500 -255.28 -2.13516 100 27 0 0 0 0 0 0 0 0 0 -2.02124 100 20 0.0832713 100 23 0 0 0 0 0 0 0 0
38600 -253.164 -0.198931 100 26 0 0 0 0 0 0 0 0 0 -2.10626 100 24 0.15323 100 15 0 0 0 0 0 0 0 0
38700 -252.862 -0.240791 100 38 0 0 0 0 0 0 0 0 0 -2.14352 100 30 0.106231 100 20 0 0 0 0 0 0 0 0
38800 -253.815 -0.0320819 100 30 0 0 0 0 0 0 0 0 0 -2.5474 100 25 0.457961 100 20 0 0 0 0 0 0 0 0
38900 -252.456 -0.394235 100 25 0 0 0 0 0 0 0 0 0 -2.29442 100 25 0.455403 100 21 0 0 0 0 0 0 0 0
39000 -252.436 -0.913774 100 23 0 0 0 0 0 0 0 0 0 -2.0499 100 15 -0.106009 100 18 0 0 0 0 0 0 0 0
39100 -252.134 -1.08368 100 26 0 0 0 0 0 0 0 0 0 -2.13324 100 25 0.143113 100 12 0 0 0 0 0 0 0 0
39200 -252.123 -0.937582 100 23 0 0 0 0 0 0 0 0 0 -2.01118 100 20 -0.0314493 100 9 0 0 0 0 0 0 0 0
39300 -255.075 -0.0525206 100 31 0 0 0 0 0 0 0 0 0 -2.1593 100 20 -0.139977 100 21 0 0 0 0 0 0 0 0
39400 -252.796 -0.478346 100 24 0 0 0 0 0 0 0 0 0 -2.46635 100 19 0.473178 100 15 0 0 0 0 0 0 0 0
39500 -252.523 -0.318908 100 26 0 0 0 0 0 0 0 0 0 -2.33971 100 26 0.465167 100 20 0 0 0 0 0 0 0 0
39600 -252.114 -0.91249 100 24 0 0 0 0 0 0 0 0 0 -2.00363 100 25 0.095482 100 15 0 0 0 0 0 0 0 0
39700 -254.437 -1.93949 100 18 0 0 0 0 0 0 0 0 0 -1.98548 100 21 0.0376894 100 14 0 0 0 0 0 0 0 0
39800 -252.873 -0.25552 100 31 0 0 0 0 0 0 0 0 0 -2.11471 100 19 0.118728 100 24 0 0 0 0 0 0 0 0
39900 -252.307 -0.741698 100 28 0 0 0 0 0 0 0 0 0 -2.08457 100 18 0.27873 100 21 0 0 0 0 0 0 0 0
40000 -255.677 -1.75532 100 24 0 0 0 0 0 0 0 0 0 -2.24606 100 18 0.542934 100 21 0 0 0 0 0 0 0 0
40100 -254.155 -1.75258 100 31 0 0 0 0 0 0 0 0 0 -1.89262 100 17 0.0611671 100 18 0 0 0 0 0 0 0 0
40200 -252.285 -0.964193 100 27 0 0 0 0 0 0 0 0 0 -2.07204 100 26 -0.0498937 100 15 0 0 0 0 0 0 0 0
40300 -252.326 -1.22665 100 30 0 0 0 0 0 0 0 0 0 -2.0449 100 28 0.0780401 100 21 0 0 0 0 0 0 0 0
40400 -255.604 -0.253741 100 18 0 0 0 0 0 0 0 0 0 -2.80132 100 21 0.718827 100 17 0 0 0 0 0 0 0 0
40500 -252.181 -0.855041 100 32 0 0 0 0 0 0 0 0 0 -2.2033 100 21 0.107889 100 26 0 0 0 0 0 0 0 0
40600 -252.612 -1.33541 100 25 0 0 0 0 0 0 0 0 0 -2.01006 100 23 0.100088 100 23 0 0 0 0 0 0 0 0
40700 -253.202 -0.0324397 100 28 0 0 0 0 0 0 0 0 0 -2.34729 100 24 0.399013 100 16 0 0 0 0 0 0 0 0
40800 -252.05 -0.734992 100 24 0 0 0 0 0 0 0 0 0 -2.27382 100 16 0.324267 100 19 0 0 0 0 0 0 0 0
40900 -257.095 -0.749604 100 22 0 0 0 0 0 0 0 0 0 -2.00019 100 27 -0.615751 100 10 0 0 0 0 0 0 0 0
41000 -253.049 -1.40291 100 23 0 0 0 0 0 0 0 0 0 -2.14455 100 14 0.0670805 100 17 0 0 0 0 0 0 0 0
41100 -253.41 -0.57405 100 29 0 0 0 0 0 0 0 0 0 -2.37421 100 30 0.665274 100 14 0 0 0 0 0 0 0 0
41200 -252.249 -0.759137 100 20 0 0 0 0 0 0 0 0 0 -2.03423 100 27 -0.0649131 100 12 0 0 0 0 0 0 0 0
41300 -258.008 -2.48135 100 28 0 0 0 0 0 0 0 0 0 -2.2106 100 30 0.394111 100 18 0 0 0 0 0 0 0 0
41400 -252.011 -0.774775 100 28 0 0 0 0 0 0 0 0 0 -2.2426 100 26 0.317347 100 10 0 0 0 0 0 0 0 0
41500 -252.939 -0.662242 100 26 0 0 0 0 0 0 0 0 0 -2.17226 100 24 0.463833 100 16 0 0 0 0 0 0 0 0
41600 -253.999 -0.462396 100 37 0 0 0 0 0 0 0 0 0 -2.58619 100 27 0.448183 100 22 0 0 0 0 0 0 0 0
41700 -253.483 -0.602319 100 24 0 0 0 0 0 0 0 0 0 -2.01223 100 18 -0.256171 100 18 0 0 0 0 0 0 0 0
41800 -252.104 -0.460092 100 26 0 0 0 0 0 0 0 0 0 -2.16273 100 26 0.206741 100 17 0 0 0 0 0 0 0 0
41900 -254.484 -1.26124 100 27 0 0 0 0 0 0 0 0 0 -2.03037 100 24 -0.342984 100 13 0 0 0 0 0 0 0 0
42000 -252.441 -1.1048 100 26 0 0 0 0 0 0 0 0 0 -2.22007 100 30 0.314439 100 20 0 0 0 0 0 0 0 0
42100 -252.353 -1.12796 100 29 0 0 0 0 0 0 0 0 0 -2.13634 100 18 0.265918 100 18 0 0 0 0 0 0 0 0
42200 -254.949 -1.55358 100 25 0 0 0 0 0 0 0 0 0 -2.40595 100 36 0.39414 100 18 0 0 0 0 0 0 0 0
42300 -252.632 -0.538789 100 27 0 0 0 0 0 0 0 0 0 -1.99029 100 31 -0.0471425 100 16 0 0 0 0 0 0 0 0
42400 -251.889 -0.702487 100 34 0 0 0 0 0 0 0 0 0 -2.17385 100 25 0.159978 100 15 0 0 0 0 0 0 0 0
42500 -252.885 -0.311262 100 32 0 0 0 0 0 0 0 0 0 -2.25899 100 21 0.47933 100 12 0 0 0 0 0 0 0 0
42600 -252.813 -1.40805 100 22 0 0 0 0 0 0 0 0 0 -2.07871 100 21 0.0489391 100 20 0 0 0 0 0 0 0 0
42700 -253.665 -0.177076 100 30 0 0 0 0 0 0 0 0 0 -2.55557 100 21 0.716289 100 16 0 0 0 0 0 0 0 0
42800 -253.381 -0.739993 100 32 0 0 0 0 0 0 0 0 0 -1.86159 100 18 -0.267397 100 18 0 0 0 0 0 0 0 0
42900 -252.568 -0.739593 100 30 0 0 0 0 0 0 0 0 0 -1.97224 100 18 0.142325 100 13 0 0 0 0 0 0 0 0
43000 -252.572 -0.387649 100 24 0 0 0 0 0 0 0 0 0 -2.21742 100 25 0.081123 100 16 0 0 0 0 0 0 0 0
43100 -252.935 -1.24237 100 27 0 0 0 0 0 0 0 0 0 -2.21392 100 20 0.375198 100 18 0 0 0 0 0 0 0 0
43200 -252.16 -0.903575 100 30 0 0 0 0 0 0 0 0 0 -2.24999 100 27 0.320569 100 18 0 0 0 0 0 0 0 0
43300 -253.082 -1.4278 100 25 0 0 0 0 0 0 0 0 0 -2.10212 100 19 0.00494082 100 18 0 0 0 0 0 0 0 0
43400 -253.36 -0.726025 100 32 0 0 0 0 0 0 0 0 0 -2.26737 100 22 -0.0211533 100 19 0 0 0 0 0 0 0 0
43500 -252.856 -0.690483 100 39 0 0 0 0 0 0 0 0 0 -2.16031 100 32 -0.0822728 100 14 0 0 0 0 0 0 0 0
43600 -255.551 -1.99164 100 33 0 0 0 0 0 0 0 0 0 -2.24115 100 19 0.234288 100 19 0 0 0 0 0 0 0 0
43700 -254.803 -1.42685 100 26 0 0 0 0 0 0 0 0 0 -1.9506 100 20 0.328555 100 14 0 0 0 0 0 0 0 0
43800 -252.194 -1.13306 100 28 0 0 0 0 0 0 0 0 0 -2.09815 100 32 0.168145 100 17 0 0 0 0 0 0 0 0
43900 -252.797 -0.704117 100 32 0 0 0 0 0 0 0 0 0 -1.99685 100 21 -0.180692 100 15 0 0 0 0 0 0 0 0
44000 -253.311 -1.59418 100 27 0 0 0 0 0 0 0 0 0 -1.97784 100 17 0.0740119 100 19 0 0 0 0 0 0 0 0
44100 -253.129 -1.04198 100 29 0 0 0 0 0 0 0 0 0 -1.97197 100 27 -0.259697 100 18 0 0 0 0 0 0 0 0
44200 -252.886 -1.37078 100 24 0 0 0 0 0 0 0 0 0 -1.91134 100 26 0.00260399 100 21 0 0 0 0 0 0 0 0
44300 -252.292 -0.430147 100 33 0 0 0 0 0 0 0 0 0 -2.22971 100 22 0.145053 100 17 0 0 0 0 0 0 0 0
44400 -260.144 -3.12964 100 36 0 0 0 0 0 0 0 0 0 -1.85457 100 24 -0.197127 100 14 0 0 0 0 0 0 0 0
44500 -256.961 -0.524066 100 23 0 0 0 0 0 0 0 0 0 -1.73921 100 31 -0.593279 100 17 0 0 0 0 0 0 0 0
44600 -252.032 -0.808647 100 26 0 0 0 0 0 0 0 0 0 -2.16817 100 20 0.0935601 100 14 0 0 0 0 0 0 0 0
44700 -252.471 -0.265831 100 35 0 0 0 0 0 0 0 0 0 -2.32091 100 26 0.330513 100 15 0 0 0 0 0 0 0 0
44800 -251.929 -0.90202 100 32 0 0 0 0 0 0 0 0 0 -2.11764 100 22 0.105038 100 20 0 0 0 0 0 0 0 0
44900 -252.059 -0.68346 100 34 0 0 0 0 0 0 0 0 0 -2.28389 100 21 0.342016 100 13 0 0 0 0 0 0 0 0
45000 -254.899 -1.71811 100 29 0 0 0 0 0 0 0 0 0 -2.19089 100 19 0.445552 100 18 0 0 0 0 0 0 0 0
45100 -252.716 -0.544019 100 32 0 0 0 0 0 0 0 0 0 -2.35514 100 21 0.558695 100 15 0 0 0 0 0 0 0 0
45200 -251.98 -0.566373 100 32 0 0 0 0 0 0 0 0 0 -2.13737 100 29 0.19347 100 21 0 0 0 0 0 0 0 0
45300 -253.006 -1.28318 100 25 0 0 0 0 0 0 0 0 0 -2.14323 100 29 0.345546 100 14 0 0 0 0 0 0 0 0
45400 -252.623 -1.11781 100 25 0 0 0 0 0 0 0 0 0 -1.89074 100 27 -0.030443 100 19 0 0 0 0 0 0 0 0
45500 -252.425 -1.20775 100 24 0 0 0 0 0 0 0 0 0 -2.15707 100 25 0.213988 100 16 0 0 0 0 0 0 0 0
45600 -253.082 -0.856358 100 29 0 0 0 0 0 0 0 0 0 -2.30873 100 33 0.0989373 100 20 0 0 0 0 0 0 0 0
45700 -252.816 -1.02523 100 21 0 0 0 0 0 0 0 0 0 -2.25596 100 23 0.460099 100 13 0 0 0 0 0 0 0 0
45800 -256.275 -1.9679 100 33 0 0 0 0 0 0 0 0 0 -1.96643 100 19 0.32553 100 18 0 0 0 0 0 0 0 0
45900 -253.431 -1.27528 100 37 0 0 0 0 0 0 0 0 0 -1.89024 100 25 0.13031 100 16 0 0 0 0 0 0 0 0
46000 -255.361 -0.479868 100 29 0 0 0 0 0 0 0 0 0 -2.34581 100 25 0.808045 100 20 0 0 0 0 0 0 0 0
46100 -252.745 -1.1928 100 35 0 0 0 0 0 0 0 0 0 -2.21385 100 22 0.129616 100 18 0 0 0 0 0 0 0 0
46200 -255.334 -0.670107 100 31 0 0 0 0 0 0 0 0 0 -1.89279 100 23 -0.513379 100 14 0 0 0 0 0 0 0 0
46300 -256.373 -1.11371 100 33 0 0 0 0 0 0 0 0 0 -1.81351 100 21 0.286563 100 19 0 0 0 0 0 0 0 0
46400 -253.773 -0.409543 100 23 0 0 0 0 0 0 0 0 0 -1.91355 100 23 -0.152097 100 20 0 0 0 0 0 0 0 0
46500 -252.705 -0.356588 100 23 0 0 0 0 0 0 0 0 0 -2.11333 100 29 0.262622 100 15 0 0 0 0 0 0 0 0
46600 -252.273 -0.55371 100 33 0 0 0 0 0 0 0 0 0 -2.31485 100 27 0.243764 100 20 0 0 0 0 0 0 0 0
46700 -252.008 -0.825082 100 27 0 0 0 0 0 0 0 0 0 -2.20132 100 29 0.305866 100 15 0 0 0 0 0 0 0 0
46800 -253.973 -0.863949 100 28 0 0 0 0 0 0 0 0 0 -2.47345 100 27 0.285716 100 21 0 0 0 0 0 0 0 0
46900 -253.129 -0.399714 100 23 0 0 0 0 0 0 0 0 0 -2.15346 100 22 0.421609 100 12 0 0 0 0 0 0 0 0
47000 -255.977 -1.50474 100 31 0 0 0 0 0 0 0 0 0 -2.17813 100 23 -0.252184 100 17 0 0 0 0 0 0 0 0
47100 -254.71 0.27537 100 25 0 0 0 0 0 0 0 0 0 -2.47613 100 20 0.53735 100 19 0 0 0 0 0 0 0 0
47200 -254.417 -0.7702 100 29 0 0 0 0 0 0 0 0 0 -2.58944 100 20 0.762189 100 19 0 0 0 0 0 0 0 0
47300 -252.205 -0.563111 100 29 0 0 0 0 0 0 0 0 0 -2.18042 100 29 0.0730656 100 18 0 0 0 0 0 0 0 0
47400 -254.504 -0.805833 100 29 0 0 0 0 0 0 0 0 0 -1.81312 100 19 0.115391 100 23 0 0 0 0 0 0 0 0
47500 -252.145 -0.50351 100 26 0 0 0 0 0 0 0 0 0 -2.18371 100 19 0.116166 100 19 0 0 0 0 0 0 0 0
47600 -253.304 -1.18156 100 28 0 0 0 0 0 0 0 0 0 -1.94329 100 21 -0.281055 100 19 0 0 0 0 0 0 0 0
47700 -254.147 -1.53247 100 24 0 0 0 0 0 0 0 0 0 -2.03817 100 31 -0.216071 100 25 0 0 0 0 0 0 0 0
47800 -253.53 -0.465398 100 31 0 0 0 0 0 0 0 0 0 -2.11238 100 21 0.432074 100 21 0 0 0 0 0 0 0 0
47900 -256.555 -1.19852 100 27 0 0 0 0 0 0 0 0 0 -1.87741 100 19 -0.65304 100 10 0 0 0 0 0 0 0 0
48000 -254.002 -0.763077 100 26 0 0 0 0 0 0 0 0 0 -1.77288 100 24 -0.100934 100 13 0 0 0 0 0 0 0 0
48100 -254.494 -0.518931 100 30 0 0 0 0 0 0 0 0 0 -1.79466 100 23 -0.155424 100 25 0 0 0 0 0 0 0 0
48200 -254.734 -0.973262 100 18 0 0 0 0 0 0 0 0 0 -1.75994 100 24 0.0556818 100 17 0 0 0 0 0 0 0 0
48300 -252.64 -0.493487 100 27 0 0 0 0 0 0 0 0 0 -2.41614 100 26 0.536145 100 21 0 0 0 0 0 0 0 0
48400 -252.153 -0.894371 100 28 0 0 0 0 0 0 0 0 0 -2.20622 100 24 0.134142 100 18 0 0 0 0 0 0 0 0
48500 -251.951 -0.915726 100 26 0 0 0 0 0 0 0 0 0 -2.13751 100 21 0.215611 100 25 0 0 0 0 0 0 0 0
48600 -252.245 -0.788824 100 30 0 0 0 0 0 0 0 0 0 -1.9731 100 24 -0.0366114 100 15 0 0 0 0 0 0 0 0
48700 -254.319 -1.80872 100 27 0 0 0 0 0 0 0 0 0 -2.10602 100 19 0.247326 100 13 0 0 0 0 0 0 0 0
48800 -254.32 -1.67684 100 21 0 0 0 0 0 0 0 0 0 -1.98042 100 23 0.240655 100 16 0 0 0 0 0 0 0 0
48900 -251.959 -0.811399 100 31 0 0 0 0 0 0 0 0 0 -2.04476 100 23 0.0802807 100 17 0 0 0 0 0 0 0 0
49000 -252.524 -1.02219 100 28 0 0 0 0 0 0 0 0 0 -2.07657 100 30 -0.0858365 100 21 0 0 0 0 0 0 0 0
49100 -252.675 -0.746612 100 22 0 0 0 0 0 0 0 0 0 -1.91181 100 26 0.00187348 100 13 0 0 0 0 0 0 0 0
49200 -251.95 -0.852209 100 25 0 0 0 0 0 0 0 0 0 -2.13514 100 20 0.237918 100 18 0 0 0 0 0 0 0 0
49300 -253.597 -0.185228 100 33 0 0 0 0 0 0 0 0 0 -2.43407 100 18 0.232376 100 13 0 0 0 0 0 0 0 0
49400 -253.578 -0.782288 100 19 0 0 0 0 0 0 0 0 0 -2.48268 100 17 0.355772 100 16 0 0 0 0 0 0 0 0
49500 -252.122 -0.771535 100 32 0 0 0 0 0 0 0 0 0 -2.19589 100 26 0.0984045 100 18 0 0 0 0 0 0 0 0
49600 -251.998 -0.951179 100 21 0 0 0 0 0 0 0 0 0 -2.17062 100 31 0.193298 100 23 0 0 0 0 0 0 0 0
49700 -252.544 -0.894279 100 25 0 0 0 0 0 0 0 0 0 -2.29752 100 24 0.198562 100 22 0 0 0 0 0 0 0 0
49800 -252.847 -1.20725 100 30 0 0 0 0 0 0 0 0 0 -2.12188 100 27 -0.0390171 100 19 0 0 0 0 0 0 0 0
49900 -253.056 -1.46145 100 32 0 0 0 0 0 0 0 0 0 -2.11258 100 25 0.06614 100 25 0 0 0 0 0 0 0 0
50000 -255.063 -1.66132 100 26 0 0 0 0 0 0 0 0 0 -1.66469 100 27 -0.280803 100 33 0 0 0 0 0 0 0 0
50100 -252.472 -0.50008 100 29 0 0 0 0 0 0 0 0 0 -2.04576 100 17 0.160019 100 21 0 0 0 0 0 0 0 0
50200 -252.183 -0.630405 100 31 0 0 0 0 0 0 0 0 0 -2.3159 100 20 0.288514 100 20 0 0 0 0 0 0 0 0
50300 -255.264 -1.36254 100 24 0 0 0 0 0 0 0 0 0 -2.13943 100 27 0.5602 100 15 0 0 0 0 0 0 0 0
50400 -255.596 -0.183026 100 30 0 0 0 0 0 0 0 0 0 -2.73177 100 20 0.50547 100 15 0 0 0 0 0 0 0 0
50500 -255.443 -1.14931 100 25 0 0 0 0 0 0 0 0 0 -2.4565 100 20 0.794599 100 23 0 0 0 0 0 0 0 0
50600 -251.893 -0.620144 100 29 0 0 0 0 0 0 0 0 0 -2.17348 100 27 0.213669 100 21 0 0 0 0 0 0 0 0
50700 -255.061 -0.153706 100 36 0 0 0 0 0 0 0 0 0 -2.67065 100 20 0.448695 100 21 0 0 0 0 0 0 0 0
50800 -255.024 0.166127 100 16 0 0 0 0 0 0 0 0 0 -2.67633 100 29 0.843078 100 13 0 0 0 0 0 0 0 0
50900 -252.624 -0.442687 100 39 0 0 0 0 0 0 0 0 0 -2.0761 100 27 0.232404 100 21 0 0 0 0 0 0 0 0
51000 -253.918 -0.152344 100 26 0 0 0 0 0 0 0 0 0 -2.60679 100 18 0.744434 100 15 0 0 0 0 0 0 0 0
51100 -252.37 -1.07638 100 30 0 0 0 0 0 0 0 0 0 -2.19005 100 19 0.317608 100 16 0 0 0 0 0 0 0 0
51200 -252.665 -0.954539 100 29 0 0 0 0 0 0 0 0 0 -2.01373 100 15 0.245317 100 15 0 0 0 0 0 0 0 0
51300 -253.161 -0.299641 100 30 0 0 0 0 0 0 0 0 0 -2.52718 100 23 0.541799 100 24 0 0 0 0 0 0 0 0
51400 -255.061 -0.140029 100 26 0 0 0 0 0 0 0 0 0 -2.16194 100 21 -0.191366 100 14 0 0 0 0 0 0 0 0
51500 -252.631 -1.10503 100 22 0 0 0 0 0 0 0 0 0 -2.27626 100 25 0.34011 100 16 0 0 0 0 0 0 0 0
51600 -252.748 -0.207623 100 28 0 0 0 0 0 0 0 0 0 -2.3381 100 23 0.462613 100 15 0 0 0 0 0 0 0 0
51700 -252.75 -0.857522 100 22 0 0 0 0 0 0 0 0 0 -2.1971 100 23 0.455222 100 23 0 0 0 0 0 0 0 0
51800 -253.978 -0.541723 100 24 0 0 0 0 0 0 0 0 0 -2.59614 100 17 0.745044 100 12 0 0 0 0 0 0 0 0
51900 -252.053 -0.933367 100 32 0 0 0 0 0 0 0 0 0 -2.05282 100 19 0.00372485 100 16 0 0 0 0 0 0 0 0
52000 -253.638 -0.0464996 100 23 0 0 0 0 0 0 0 0 0 -2.2071 100 24 0.121898 100 21 0 0 0 0 0 0 0 0
52100 -252.028 -0.663617 100 29 0 0 0 0 0 0 0 0 0 -2.06452 100 27 0.0590318 100 18 0 0 0 0 0 0 0 0
52200 -254.167 -0.608325 100 28 0 0 0 0 0 0 0 0 0 -2.59183 100 25 0.772414 100 22 0 0 0 0 0 0 0 0
52300 -252.154 -0.42244 100 25 0 0 0 0 0 0 0 0 0 -2.21699 100 25 0.199087 100 20 0 0 0 0 0 0 0 0
52400 -252.074 -0.828358 100 28 0 0 0 0 0 0 0 0 0 -2.1509 100 20 0.0615451 100 15 0 0 0 0 0 0 0 0
52500 -252.782 -1.14292 100 22 0 0 0 0 0 0 0 0 0 -1.9087 100 19 -0.196271 100 19 0 0 0 0 0 0 0 0
52600 -253.222 -0.40554 100 30 0 0 0 0 0 0 0 0 0 -1.96594 100 29 0.0460043 100 19 0 0 0 0 0 0 0 0
52700 -255.109 -0.320517 100 30 0 0 0 0 0 0 0 0 0 -2.55961 100 23 0.920083 100 20 0 0 0 0 0 0 0 0
52800 -252.687 -0.74244 100 32 0 0 0 0 0 0 0 0 0 -1.92097 100 23 -0.138771 100 12 0 0 0 0 0 0 0 0
52900 -253.831 -0.846233 100 34 0 0 0 0 0 0 0 0 0 -2.13254 100 25 0.510754 100 12 0 0 0 0 0 0 0 0
53000 -252.522 -0.369319 100 26 0 0 0 0 0 0 0 0 0 -2.28445 100 23 0.455001 100 19 0 0 0 0 0 0 0 0
53100 -252.428 -1.03283 100 36 0 0 0 0 0 0 0 0 0 -1.91875 100 26 -0.0156534 100 16 0 0 0 0 0 0 0 0
53200 -255.046 -2.09115 100 28 0 0 0 0 0 0 0 0 0 -1.92476 100 20 -0.031682 100 26 0 0 0 0 0 0 0 0
53300 -251.95 -0.558794 100 23 0 0 0 0 0 0 0 0 0 -2.16593 100 20 0.192561 100 16 0 0 0 0 0 0 0 0
53400 -255.097 -0.0925233 100 29 0 0 0 0 0 0 0 0 0 -2.63562 100 29 0.930518 100 16 0 0 0 0 0 0 0 0
53500 -252.456 -0.349237 100 21 0 0 0 0 0 0 0 0 0 -2.20476 100 25 0.343533 100 17 0 0 0 0 0 0 0 0
53600 -253.087 -0.838409 100 32 0 0 0 0 0 0 0 0 0 -2.1332 100 26 0.44152 100 13 0 0 0 0 0 0 0 0
53700 -252.286 -1.15256 100 22 0 0 0 0 0 0 0 0 0 -2.12613 100 22 0.213966 100 17 0 0 0 0 0 0 0 0
53800 -253.268 -1.58926 100 25 0 0 0 0 0 0 0 0 0 -2.05086 100 18 0.115072 100 20 0 0 0 0 0 0 0 0
53900 -253.063 -1.4056 100 27 0 0 0 0 0 0 0 0 0 -1.88217 100 23 -0.0254297 100 21 0 0 0 0 0 0 0 0
54000 -253.46 -1.61706 100 31 0 0 0 0 0 0 0 0 0 -1.91143 100 22 -0.00388667 100 24 0 0 0 0 0 0 0 0
54100 -252.464 -0.650185 100 25 0 0 0 0 0 0 0 0 0 -1.99251 100 24 0.126247 100 12 0 0 0 0 0 0 0 0
54200 -252.568 -1.06774 100 26 0 0 0 0 0 0 0 0 0 -1.92355 100 18 0.0595585 100 19 0 0 0 0 0 0 0 0
54300 -253.232 -0.709443 100 25 0 0 0 0 0 0 0 0 0 -2.00258 100 19 0.292931 100 19 0 0 0 0 0 0 0 0
54400 -252.44 -0.67921 100 32 0 0 0 0 0 0 0 0 0 -2.05147 100 21 0.246965 100 9 0 0 0 0 0 0 0 0
54500 -253.354 -0.955336 100 29 0 0 0 0 0 0 0 0 0 -1.80742 100 18 -0.0552417 100 24 0 0 0 0 0 0 0 0
54600 -252.396 -0.677332 100 29 0 0 0 0 0 0 0 0 0 -2.29315 100 20 0.470093 100 18 0 0 0 0 0 0 0 0
54700 -252.625 -0.926219 100 28 0 0 0 0 0 0 0 0 0 -1.95807 100 27 0.151877 100 14 0 0 0 0 0 0 0 0
54800 -252.167 -0.395962 100 31 0 0 0 0 0 0 0 0 0 -2.25314 100 26 0.272446 100 9 0 0 0 0 0 0 0 0
54900 -257.038 0.55619 100 22 0 0 0 0 0 0 0 0 0 -2.66315 100 26 0.861851 100 17 0 0 0 0 0 0 0 0
55000 -255.366 -0.510505 100 27 0 0 0 0 0 0 0 0 0 -1.82472 100 16 -0.448007 100 14 0 0 0 0 0 0 0 0
55100 -254.399 -0.140464 100 25 0 0 0 0 0 0 0 0 0 -1.99642 100 28 -0.026989 100 13 0 0 0 0 0 0 0 0
55200 -256.941 -1.31381 100 32 0 0 0 0 0 0 0 0 0 -2.53197 100 22 0.194217 100 16 0 0 0 0 0 0 0 0
55300 -253.566 -1.12765 100 26 0 0 0 0 0 0 0 0 0 -2.34059 100 30 0.559669 100 21 0 0 0 0 0 0 0 0
55400 -253.257 -1.59743 100 26 0 0 0 0 0 0 0 0 0 -2.02403 100 26 0.0431497 100 24 0 0 0 0 0 0 0 0
55500 -253.438 -0.959285 100 28 0 0 0 0 0 0 0 0 0 -2.44986 100 25 0.554665 100 19 0 0 0 0 0 0 0 0
55600 -252.281 -1.19913 100 24 0 0 0 0 0 0 0 0 0 -2.0619 100 28 0.115573 100 20 0 0 0 0 0 0 0 0
55700 -252.285 -0.634066 100 25 0 0 0 0 0 0 0 0 0 -2.19171 100 26 0.0531084 100 20 0 0 0 0 0 0 0 0
55800 -252.919 -0.805849 100 30 0 0 0 0 0 0 0 0 0 -2.05317 100 18 -0.18653 100 24 0 0 0 0 0 0 0 0
55900 -252.139 -0.438144 100 29 0 0 0 0 0 0 0 0 0 -2.24763 100 20 0.224301 100 22 0 0 0 0 0 0 0 0
56000 -252.489 -0.417006 100 23 0 0 0 0 0 0 0 0 0 -2.35285 100 25 0.269618 100 16 0 0 0 0 0 0 0 0
56100 -252.354 -0.656942 100 27 0 0 0 0 0 0 0 0 0 -2.30213 100 18 0.464458 100 15 0 0 0 0 0 0 0 0
56200 -254.47 -1.58534 100 28 0 0 0 0 0 0 0 0 0 -2.32585 100 23 0.417352 100 19 0 0 0 0 0 0 0 0
56300 -254.441 -0.379786 100 38 0 0 0 0 0 0 0 0 0 -2.08297 100 33 0.455514 100 25 0 0 0 0 0 0 0 0
56400 -255.012 -0.0400547 100 28 0 0 0 0 0 0 0 0 0 -2.48207 100 24 0.154828 100 14 0 0 0 0 0 0 0 0
56500 -253.893 -0.255318 100 24 0 0 0 0 0 0 0 0 0 -2.34635 100 25 0.0536784 100 19 0 0 0 0 0 0 0 0
56600 -252.515 -0.938029 100 31 0 0 0 0 0 0 0 0 0 -2.31493 100 25 0.407013 100 17 0 0 0 0 0 0 0 0
56700 -252.223 -0.822125 100 19 0 0 0 0 0 0 0 0 0 -2.14142 100 24 0.32666 100 19 0 0 0 0 0 0 0 0
56800 -252.316 -0.345469 100 21 0 0 0 0 0 0 0 0 0 -2.20264 100 25 0.271528 100 21 0 0 0 0 0 0 0 0
56900 -253.401 -0.893716 100 32 0 0 0 0 0 0 0 0 0 -2.25435 100 26 0.567309 100 16 0 0 0 0 0 0 0 0
57000 -255.653 -2.00763 100 30 0 0 0 0 0 0 0 0 0 -1.75663 100 20 -0.0589092 100 19 0 0 0 0 0 0 0 0
57100 -253.554 -1.52111 100 24 0 0 0 0 0 0 0 0 0 -2.17691 100 26 0.0899667 100 18 0 0 0 0 0 0 0 0
57200 -252.163 -0.676278 100 27 0 0 0 0 0 0 0 0 0 -2.05965 100 23 -0.01411 100 19 0 0 0 0 0 0 0 0
57300 -251.974 -0.718566 100 30 0 0 0 0 0 0 0 0 0 -2.06466 100 19 0.130508 100 17 0 0 0 0 0 0 0 0
57400 -253.242 -0.0432111 100 28 0 0 0 0 0 0 0 0 0 -2.4057 100 19 0.371027 100 20 0 0 0 0 0 0 0 0
57500 -254.701 -1.8128 100 32 0 0 0 0 0 0 0 0 0 -1.76518 100 18 -0.127353 100 22 0 0 0 0 0 0 0 0
57600 -252.057 -0.641819 100 29 0 0 0 0 0 0 0 0 0 -2.09579 100 26 0.0425327 100 17 0 0 0 0 0 0 0 0
57700 -252.449 -1.05983 100 25 0 0 0 0 0 0 0 0 0 -2.09488 100 19 -0.0423454 100 15 0 0 0 0 0 0 0 0
57800 -253.283 -1.55992 100 35 0 0 0 0 0 0 0 0 0 -2.08844 100 30 0.0530331 100 22 0 0 0 0 0 0 0 0
57900 -254.882 -1.35321 100 24 0 0 0 0 0 0 0 0 0 -2.39819 100 19 0.650943 100 13 0 0 0 0 0 0 0 0
58000 -253.168 -1.32328 100 32 0 0 0 0 0 0 0 0 0 -2.12862 100 22 -0.0396163 100 22 0 0 0 0 0 0 0 0
58100 -252.771 -0.187016 100 31 0 0 0 0 0 0 0 0 0 -2.31375 100 25 0.256974 100 14 0 0 0 0 0 0 0 0
58200 -255.108 0.0713422 100 23 0 0 0 0 0 0 0 0 0 -2.08967 100 24 0.178699 100 15 0 0 0 0 0 0 0 0
58300 -256.424 -2.09222 100 36 0 0 0 0 0 0 0 0 0 -2.00676 100 16 -0.284386 100 21 0 0 0 0 0 0 0 0
58400 -252.498 -0.27559 100 22 0 0 0 0 0 0 0 0 0 -2.2154 100 28 0.201773 100 25 0 0 0 0 0 0 0 0
58500 -252.789 -0.23635 100 29 0 0 0 0 0 0 0 0 0 -2.21574 100 18 0.361466 100 18 0 0 0 0 0 0 0 0
58600 -252.106 -1.01235 100 32 0 0 0 0 0 0 0 0 0 -2.18324 100 26 0.214238 100 16 0 0 0 0 0 0 0 0
58700 -253.024 -0.358934 100 27 0 0 0 0 0 0 0 0 0 -2.45746 100 17 0.34914 100 19 0 0 0 0 0 0 0 0
58800 -252.597 -0.244152 100 24 0 0 0 0 0 0 0 0 0 -2.2194 100 23 0.200704 100 12 0 0 0 0 0 0 0 0
58900 -254.019 -1.41485 100 22 0 0 0 0 0 0 0 0 0 -2.35295 100 26 0.338539 100 13 0 0 0 0 0 0 0 0
59000 -253.808 -1.09495 100 27 0 0 0 0 0 0 0 0 0 -1.73566 100 23 -0.201588 100 20 0 0 0 0 0 0 0 0
59100 -254.093 -0.302994 100 32 0 0 0 0 0 0 0 0 0 -2.16848 100 27 0.51556 100 16 0 0 0 0 0 0 0 0
59200 -255.272 -1.6896 100 28 0 0 0 0 0 0 0 0 0 -1.83668 100 22 0.163238 100 16 0 0 0 0 0 0 0 0
59300 -252.593 -1.18965 100 32 0 0 0 0 0 0 0 0 0 -2.13225 100 22 0.297448 100 21 0 0 0 0 0 0 0 0
59400 -252.12 -0.721949 100 29 0 0 0 0 0 0 0 0 0 -2.26211 100 32 0.20275 100 19 0 0 0 0 0 0 0 0
59500 -252.043 -0.712236 100 22 0 0 0 0 0 0 0 0 0 -2.11294 100 23 0.249948 100 13 0 0 0 0 0 0 0 0
59600 -252.559 -0.26234 100 22 0 0 0 0 0 0 0 0 0 -2.20696 100 16 0.190424 100 18 0 0 0 0 0 0 0 0
59700 -253.003 -0.123235 100 28 0 0 0 0 0 0 0 0 0 -2.29474 100 28 0.232002 100 14 0 0 0 0 0 0 0 0
59800 -253.967 -1.56947 100 24 0 0 0 0 0 0 0 0 0 -2.18343 100 20 0.0400735 100 11 0 0 0 0 0 0 0 0
59900 -252.31 -1.11224 100 33 0 0 0 0 0 0 0 0 0 -2.12421 100 25 0.254827 100 15 0 0 0 0 0 0 0 0
60000 -252.525 -0.876151 100 25 0 0 0 0 0 0 0 0 0 -2.13377 100 17 0.368083 100 18 0 0 0 0 0 0 0 0
60100 -252.947 -0.247193 100 34 0 0 0 0 0 0 0 0 0 -2.46427 100 25 0.426825 100 15 0 0 0 0 0 0 0 0
60200 -253.732 -0.697579 100 29 0 0 0 0 0 0 0 0 0 -2.19851 100 28 0.567677 100 21 0 0 0 0 0 0 0 0
60300 -253.178 -0.551555 100 27 0 0 0 0 0 0 0 0 0 -2.51515 100 14 0.593107 100 17 0 0 0 0 0 0 0 0
60400 -252.57 -1.27937 100 27 0 0 0 0 0 0 0 0 0 -2.10247 100 25 0.0502181 100 20 0 0 0 0 0 0 0 0
60500 -252.838 -1.42203 100 25 0 0 0 0 0 0 0 0 0 -1.97194 100 18 0.055423 100 15 0 0 0 0 0 0 0 0
60600 -252.013 -0.888083 100 20 0 0 0 0 0 0 0 0 0 -2.17329 100 20 0.277798 100 20 0 0 0 0 0 0 0 0
60700 -254.25 -0.971551 100 23 0 0 0 0 0 0 0 0 0 -1.71096 100 25 -0.192577 100 19 0 0 0 0 0 0 0 0
60800 -252.648 -0.356352 100 25 0 0 0 0 0 0 0 0 0 -2.26208 100 28 0.120842 100 18 0 0 0 0 0 0 0 0
60900 -253.485 -0.164061 100 22 0 0 0 0 0 0 0 0 0 -2.48977 100 27 0.355304 100 12 0 0 0 0 0 0 0 0
61000 -255.968 -2.13793 100 35 0 0 0 0 0 0 0 0 0 -2.20412 100 25 0.22628 100 16 0 0 0 0 0 0 0 0
61100 -254.435 -0.371404 100 29 0 0 0 0 0 0 0 0 0 -2.42834 100 31 0.0831339 100 26 0 0 0 0 0 0 0 0
61200 -252.325 -0.820585 100 26 0 0 0 0 0 0 0 0 0 -2.25122 100 30 0.140522 100 14 0 0 0 0 0 0 0 0
61300 -253.014 -0.733761 100 36 0 0 0 0 0 0 0 0 0 -2.24547 100 26 -0.00417321 100 22 0 0 0 0 0 0 0 0
61400 -252.841 -0.622158 100 24 0 0 0 0 0 0 0 0 0 -2.45795 100 28 0.518042 100 21 0 0 0 0 0 0 0 0
61500 -253.977 -0.452587 100 31 0 0 0 0 0 0 0 0 0 -1.86243 100 30 -0.105083 100 28 0 0 0 0 0 0 0 0
61600 -252.206 -1.01801 100 30 0 0 0 0 0 0 0 0 0 -1.97651 100 23 -0.0358948 100 21 0 0 0 0 0 0 0 0
61700 -252.602 -1.08401 100 23 0 0 0 0 0 0 0 0 0 -2.16314 100 20 0.360509 100 16 0 0 0 0 0 0 0 0
61800 -253.861 -0.4024 100 21 0 0 0 0 0 0 0 0 0 -2.06557 100 18 -0.218489 100 17 0 0 0 0 0 0 0 0
61900 -255.687 -1.48334 100 26 0 0 0 0 0 0 0 0 0 -2.18648 100 18 0.600297 100 19 0 0 0 0 0 0 0 0
62000 -252.252 -0.87365 100 23 0 0 0 0 0 0 0 0 0 -1.99558 100 30 -0.081157 100 11 0 0 0 0 0 0 0 0
62100 -252.094 -0.94098 100 28 0 0 0 0 0 0 0 0 0 -2.01283 100 18 0.103691 100 18 0 0 0 0 0 0 0 0
62200 -255.226 0.0200207 100 30 0 0 0 0 0 0 0 0 0 -2.09048 100 22 0.317087 100 24 0 0 0 0 0 0 0 0
62300 -252.146 -0.729746 100 24 0 0 0 0 0 0 0 0 0 -2.14811 100 26 0.319026 100 21 0 0 0 0 0 0 0 0
62400 -258.279 -0.587839 100 29 0 0 0 0 0 0 0 0 0 -1.97719 100 16 0.57941 100 14 0 0 0 0 0 0 0 0
62500 -253.242 -1.56793 100 27 0 0 0 0 0 0 0 0 0 -2.08433 100 29 0.135596 100 19 0 0 0 0 0 0 0 0
62600 -254.93 -2.02766 100 16 0 0 0 0 0 0 0 0 0 -1.96485 100 23 0.0990038 100 21 0 0 0 0 0 0 0 0
62700 -252.205 -0.675176 100 34 0 0 0 0 0 0 0 0 0 -2.24145 100 28 0.135184 100 24 0 0 0 0 0 0 0 0
62800 -253.755 -0.041861 100 19 0 0 0 0 0 0 0 0 0 -2.36542 100 14 0.18678 100 19 0 0 0 0 0 0 0 0
62900 -254.86 -0.243011 100 30 0 0 0 0 0 0 0 0 0 -2.24154 100 23 -0.15636 100 23 0 0 0 0 0 0 0 0
63000 -252.153 -0.659615 100 20 0 0 0 0 0 0 0 0 0 -2.269 100 23 0.401643 100 19 0 0 0 0 0 0 0 0
63100 -255.148 -0.131081 100 24 0 0 0 0 0 0 0 0 0 -2.64373 100 22 0.942261 100 25 0 0 0 0 0 0 0 0
63200 -251.954 -0.62537 100 21 0 0 0 0 0 0 0 0 0 -2.20154 100 21 0.295184 100 12 0 0 0 0 0 0 0 0
63300 -252.358 -1.0209 100 24 0 0 0 0 0 0 0 0 0 -2.25116 100 26 0.23977 100 16 0 0 0 0 0 0 0 0
63400 -253.425 -0.32707 100 30 0 0 0 0 0 0 0 0 0 -2.04774 100 24 -0.111024 100 19 0 0 0 0 0 0 0 0
63500 -252.465 -1.25425 100 27 0 0 0 0 0 0 0 0 0 -1.97414 100 23 -0.0207669 100 16 0 0 0 0 0 0 0 0
63600 -252.918 -0.537344 100 22 0 0 0 0 0 0 0 0 0 -2.09133 100 25 -0.121621 100 22 0 0 0 0 0 0 0 0
63700 -252.316 -0.343746 100 28 0 0 0 0 0 0 0 0 0 -2.2531 100 20 0.344552 100 15 0 0 0 0 0 0 0 0
63800 -252.776 -1.4051 100 25 0 0 0 0 0 0 0 0 0 -1.97335 100 25 -0.0310139 100 27 0 0 0 0 0 0 0 0
63900 -253.487 -0.255588 100 28 0 0 0 0 0 0 0 0 0 -2.4457 100 23 0.68839 100 27 0 0 0 0 0 0 0 0
64000 -255.225 -0.0835822 100 27 0 0 0 0 0 0 0 0 0 -2.5344 100 29 0.897156 100 10 0 0 0 0 0 0 0 0
64100 -252.919 -0.436549 100 25 0 0 0 0 0 0 0 0 0 -1.98783 100 25 -0.0155152 100 12 0 0 0 0 0 0 0 0
64200 -251.887 -0.842529 100 29 0 0 0 0 0 0 0 0 0 -2.10046 100 22 0.15903 100 20 0 0 0 0 0 0 0 0
64300 -252.986 -0.397843 100 34 0 0 0 0 0 0 0 0 0 -2.33699 100 20 0.139574 100 21 0 0 0 0 0 0 0 0
64400 -253.336 -0.672927 100 30 0 0 0 0 0 0 0 0 0 -1.88915 100 30 -0.24851 100 13 0 0 0 0 0 0 0 0
64500 -256.248 -0.151881 100 24 0 0 0 0 0 0 0 0 0 -1.86436 100 26 0.0442499 100 24 0 0 0 0 0 0 0 0
64600 -254.764 -0.209371 100 24 0 0 0 0 0 0 0 0 0 -2.17606 100 22 -0.184391 100 18 0 0 0 0 0 0 0 0
64700 -252.513 -0.448894 100 33 0 0 0 0 0 0 0 0 0 -2.35376 100 21 0.508434 100 17 0 0 0 0 0 0 0 0
64800 -255.607 0.0778377 100 33 0 0 0 0 0 0 0 0 0 -2.45166 100 30 0.0960854 100 14 0 0 0 0 0 0 0 0
64900 -252.483 -0.827881 100 20 0 0 0 0 0 0 0 0 0 -1.96751 100 30 -0.139362 100 15 0 0 0 0 0 0 0 0
65000 -252.611 -0.746716 100 26 0 0 0 0 0 0 0 0 0 -2.26187 100 21 0.0841178 100 17 0 0 0 0 0 0 0 0
65100 -256.303 -0.860891 100 20 0 0 0 0 0 0 0 0 0 -2.49292 100 33 0.0474639 100 17 0 0 0 0 0 0 0 0
65200 -252.071 -0.741621 100 24 0 0 0 0 0 0 0 0 0 -2.23037 100 26 0.356688 100 20 0 0 0 0 0 0 0 0
65300 -252.247 -0.489209 100 30 0 0 0 0 0 0 0 0 0 -2.19378 100 17 0.347528 100 26 0 0 0 0 0 0 0 0
65400 -256.181 -0.132719 100 28 0 0 0 0 0 0 0 0 0 -2.81814 100 27 1.05559 100 19 0 0 0 0 0 0 0 0
65500 -252.765 -0.281235 100 23 0 0 0 0 0 0 0 0 0 -2.4279 100 23 0.52888 100 18 0 0 0 0 0 0 0 0
65600 -252.775 -0.880326 100 33 0 0 0 0 0 0 0 0 0 -2.35209 100 34 0.257149 100 18 0 0 0 0 0 0 0 0
65700 -253.331 -0.937699 100 31 0 0 0 0 0 0 0 0 0 -1.88595 100 22 -0.315628 100 22 0 0 0 0 0 0 0 0
65800 -252.402 -0.611989 100 33 0 0 0 0 0 0 0 0 0 -2.09963 100 29 -0.0441139 100 18 0 0 0 0 0 0 0 0
65900 -252.911 -0.650057 100 30 0 0 0 0 0 0 0 0 0 -2.44216 100 26 0.369515 100 16 0 0 0 0 0 0 0 0
66000 -254.488 -1.63653 100 25 0 0 0 0 0 0 0 0 0 -1.91449 100 27 -0.331431 100 22 0 0 0 0 0 0 0 0
66100 -253.405 -0.126343 100 20 0 0 0 0 0 0 0 0 0 -2.2 100 23 0.0769654 100 12 0 0 0 0 0 0 0 0
66200 -253.429 -0.11072 100 26 0 0 0 0 0 0 0 0 0 -2.32693 100 19 0.542837 100 19 0 0 0 0 0 0 0 0
66300 -252.492 -0.35892 100 26 0 0 0 0 0 0 0 0 0 -2.27246 100 25 0.16879 100 16 0 0 0 0 0 0 0 0
66400 -252.849 -1.43956 100 31 0 0 0 0 0 0 0 0 0 -2.01867 100 26 0.104587 100 24 0 0 0 0 0 0 0 0
66500 -252.278 -0.50431 100 23 0 0 0 0 0 0 0 0 0 -2.35821 100 16 0.394743 100 17 0 0 0 0 0 0 0 0
66600 -252.517 -0.850041 100 36 0 0 0 0 0 0 0 0 0 -2.3347 100 27 0.280698 100 16 0 0 0 0 0 0 0 0
66700 -253.739 -0.276711 100 32 0 0 0 0 0 0 0 0 0 -2.59492 100 16 0.721496 100 16 0 0 0 0 0 0 0 0
66800 -253.519 -0.948187 100 33 0 0 0 0 0 0 0 0 0 -2.11769 100 28 -0.200079 100 14 0 0 0 0 0 0 0 0
66900 -253.535 -1.3121 100 31 0 0 0 0 0 0 0 0 0 -2.31167 100 21 0.235742 100 19 0 0 0 0 0 0 0 0
67000 -254.837 -1.35884 100 32 0 0 0 0 0 0 0 0 0 -2.23998 100 32 -0.0932699 100 12 0 0 0 0 0 0 0 0
67100 -252.258 -0.500437 100 28 0 0 0 0 0 0 0 0 0 -2.32934 100 25 0.28869 100 23 0 0 0 0 0 0 0 0
67200 -253.074 -0.63025 100 23 0 0 0 0 0 0 0 0 0 -2.15188 100 23 -0.116247 100 18 0 0 0 0 0 0 0 0
67300 -255.495 -0.348266 100 23 0 0 0 0 0 0 0 0 0 -2.33298 100 23 -0.141702 100 18 0 0 0 0 0 0 0 0
67400 -255.443 -1.14014 100 38 0 0 0 0 0 0 0 0 0 -2.54612 100 21 0.792793 100 14 0 0 0 0 0 0 0 0
67500 -253.931 -1.13816 100 29 0 0 0 0 0 0 0 0 0 -1.77427 100 27 -0.389346 100 18 0 0 0 0 0 0 0 0
67600 -252.681 -0.85174 100 27 0 0 0 0 0 0 0 0 0 -2.37358 100 27 0.342006 100 27 0 0 0 0 0 0 0 0
67700 -254.386 -1.8615 100 27 0 0 0 0 0 0 0 0 0 -1.99943 100 19 0.157973 100 14 0 0 0 0 0 0 0 0
67800 -253.635 0.0231041 100 26 0 0 0 0 0 0 0 0 0 -2.46853 100 29 0.405653 100 19 0 0 0 0 0 0 0 0
67900 -251.981 -0.910418 100 25 0 0 0 0 0 0 0 0 0 -2.1876 100 21 0.216781 100 10 0 0 0 0 0 0 0 0
68000 -253.887 -0.538648 100 27 0 0 0 0 0 0 0 0 0 -2.19535 100 29 0.570807 100 24 0 0 0 0 0 0 0 0
68100 -252.615 -0.221895 100 20 0 0 0 0 0 0 0 0 0 -2.3609 100 21 0.390543 100 23 0 0 0 0 0 0 0 0
68200 -255.831 0.354895 100 30 0 0 0 0 0 0 0 0 0 -2.52464 100 26 0.336805 100 16 0 0 0 0 0 0 0 0
68300 -252.47 -0.984313 100 18 0 0 0 0 0 0 0 0 0 -2.21105 100 23 0.0865551 100 22 0 0 0 0 0 0 0 0
68400 -253.006 -1.06716 100 34 0 0 0 0 0 0 0 0 0 -1.95827 100 19 -0.244426 100 14 0 0 0 0 0 0 0 0
68500 -252.501 -0.991178 100 21 0 0 0 0 0 0 0 0 0 -2.29766 100 32 0.287633 100 16 0 0 0 0 0 0 0 0
68600 -252.84 -0.589905 100 22 0 0 0 0 0 0 0 0 0 -2.31694 100 28 0.562119 100 23 0 0 0 0 0 0 0 0
68700 -255.202 -2.04552 100 22 0 0 0 0 0 0 0 0 0 -2.03575 100 22 -0.077079 100 22 0 0 0 0 0 0 0 0
68800 -254.375 -1.06802 100 35 0 0 0 0 0 0 0 0 0 -1.8541 100 26 0.199524 100 25 0 0 0 0 0 0 0 0
68900 -251.913 -0.752461 100 35 0 0 0 0 0 0 0 0 0 -2.17047 100 21 0.26315 100 17 0 0 0 0 0 0 0 0
69000 -252.001 -0.918653 100 24 0 0 0 0 0 0 0 0 0 -2.13589 100 20 0.240809 100 25 0 0 0 0 0 0 0 0
69100 -252.745 -0.59789 100 31 0 0 0 0 0 0 0 0 0 -1.97884 100 27 0.14117 100 13 0 0 0 0 0 0 0 0
69200 -252.11 -0.910077 100 26 0 0 0 0 0 0 0 0 0 -1.99278 100 24 -0.00884706 100 16 0 0 0 0 0 0 0 0
69300 -254.387 -0.486615 100 27 0 0 0 0 0 0 0 0 0 -2.04401 100 20 0.423319 100 23 0 0 0 0 0 0 0 0
69400 -253.696 -0.602492 100 25 0 0 0 0 0 0 0 0 0 -2.35962 100 26 0.0630486 100 18 0 0 0 0 0 0 0 0
69500 -253.845 -1.23295 100 27 0 0 0 0 0 0 0 0 0 -2.39291 100 21 0.317031 100 14 0 0 0 0 0 0 0 0
69600 -252.611 -1.10306 100 36 0 0 0 0 0 0 0 0 0 -1.96279 100 27 -0.15962 100 16 0 0 0 0 0 0 0 0
69700 -255.245 -1.35772 100 23 0 0 0 0 0 0 0 0 0 -2.51372 100 30 0.618428 100 18 0 0 0 0 0 0 0 0
69800 -253.277 -1.23433 100 25 0 0 0 0 0 0 0 0 0 -1.95924 100 20 0.21982 100 17 0 0 0 0 0 0 0 0
69900 -252.214 -0.679325 100 26 0 0 0 0 0 0 0 0 0 -2.02515 100 23 0.136661 100 23 0 0 0 0 0 0 0 0
70000 -253.142 -0.868686 100 27 0 0 0 0 0 0 0 0 0 -1.87951 100 23 0.0824028 100 27 0 0 0 0 0 0 0 0
70100 -253.499 0.0330378 100 23 0 0 0 0 0 0 0 0 0 -2.36531 100 19 0.441844 100 19 0 0 0 0 0 0 0 0
70200 -252.902 -0.495447 100 24 0 0 0 0 0 0 0 0 0 -2.22785 100 29 0.0012366 100 21 0 0 0 0 0 0 0 0
70300 -252.519 -0.696783 100 31 0 0 0 0 0 0 0 0 0 -2.34555 100 21 0.501229 100 18 0 0 0 0 0 0 0 0
70400 -252.662 -0.778232 100 28 0 0 0 0 0 0 0 0 0 -2.39955 100 15 0.426151 100 12 0 0 0 0 0 0 0 0
70500 -254.742 -1.46756 100 25 0 0 0 0 0 0 0 0 0 -1.96851 100 19 -0.377259 100 16 0 0 0 0 0 0 0 0
70600 -252.425 -0.560526 100 29 0 0 0 0 0 0 0 0 0 -2.38998 100 27 0.3917 100 15 0 0 0 0 0 0 0 0
70700 -253.656 -0.412163 100 24 0 0 0 0 0 0 0 0 0 -2.38935 100 19 0.115327 100 20 0 0 0 0 0 0 0 0
70800 -253.511 -1.56167 100 22 0 0 0 0 0 0 0 0 0 -2.04161 100 21 0.225479 100 17 0 0 0 0 0 0 0 0
70900 -253.852 -1.55097 100 38 0 0 0 0 0 0 0 0 0 -2.10707 100 25 -0.0754201 100 18 0 0 0 0 0 0 0 0
71000 -256.2 -0.195337 100 29 0 0 0 0 0 0 0 0 0 -2.715 100 24 0.390452 100 24 0 0 0 0 0 0 0 0
71100 -252.491 -0.904057 100 26 0 0 0 0 0 0 0 0 0 -2.04998 100 27 0.268321 100 18 0 0 0 0 0 0 0 0
71200 -253.463 -0.139508 100 24 0 0 0 0 0 0 0 0 0 -2.53499 100 29 0.477978 100 15 0 0 0 0 0 0 0 0
71300 -253.855 -0.345204 100 27 0 0 0 0 0 0 0 0 0 -2.0571 100 22 -0.193158 100 14 0 0 0 0 0 0 0 0
71400 -254.476 0.205546 100 25 0 0 0 0 0 0 0 0 0 -2.57118 100 29 0.640293 100 18 0 0 0 0 0 0 0 0
71500 -253.518 -0.2511 100 30 0 0 0 0 0 0 0 0 0 -2.50734 100 24 0.359615 100 20 0 0 0 0 0 0 0 0
71600 -253.219 -0.565229 100 25 0 0 0 0 0 0 0 0 0 -2.32142 100 27 0.0678142 100 15 0 0 0 0 0 0 0 0
71700 -252.533 -0.272468 100 36 0 0 0 0 0 0 0 0 0 -2.3282 100 25 0.430445 100 20 0 0 0 0 0 0 0 0
71800 -254.624 -0.521007 100 19 0 0 0 0 0 0 0 0 0 -2.51513 100 30 0.206445 100 15 0 0 0 0 0 0 0 0
71900 -253.598 -1.3833 100 24 0 0 0 0 0 0 0 0 0 -2.20329 100 26 0.0302667 100 24 0 0 0 0 0 0 0 0
72000 -254.966 -0.667432 100 27 0 0 0 0 0 0 0 0 0 -2.31738 100 23 -0.126281 100 18 0 0 0 0 0 0 0 0
72100 -256.314 -0.826992 100 34 0 0 0 0 0 0 0 0 0 -2.45424 100 25 0.922277 100 23 0 0 0 0 0 0 0 0
72200 -252.637 -0.821696 100 38 0 0 0 0 0 0 0 0 0 -1.92664 100 25 -0.162598 100 13 0 0 0 0 0 0 0 0
72300 -254.678 0.166382 100 30 0 0 0 0 0 0 0 0 0 -2.31147 100 19 0.494132 100 13 0 0 0 0 0 0 0 0
72400 -253.993 -1.687 100 34 0 0 0 0 0 0 0 0 0 -2.03125 100 31 0.232978 100 11 0 0 0 0 0 0 0 0
72500 -253.056 -0.236406 100 26 0 0 0 0 0 0 0 0 0 -2.21808 100 19 0.0645983 100 14 0 0 0 0 0 0 0 0
72600 -252.953 -0.329876 100 30 0 0 0 0 0 0 0 0 0 -2.07637 100 25 -0.0104434 100 19 0 0 0 0 0 0 0 0
72700 -255.725 0.00839703 100 30 0 0 0 0 0 0 0 0 0 -1.98059 100 20 -0.00613317 100 19 0 0 0 0 0 0 0 0
72800 -253.058 -0.143099 100 28 0 0 0 0 0 0 0 0 0 -2.467 100 24 0.502573 100 17 0 0 0 0 0 0 0 0
72900 -252.032 -0.561146 100 26 0 0 0 0 0 0 0 0 0 -2.12157 100 24 0.196187 100 22 0 0 0 0 0 0 0 0
73000 -252.898 -1.44646 100 28 0 0 0 0 0 0 0 0 0 -2.06826 100 31 0.156648 100 15 0 0 0 0 0 0 0 0
73100 -255.331 -0.304147 100 25 0 0 0 0 0 0 0 0 0 -2.00646 100 23 0.388873 100 15 0 0 0 0 0 0 0 0
73200 -252.45 -1.05737 100 20 0 0 0 0 0 0 0 0 0 -1.96471 100 18 0.114269 100 15 0 0 0 0 0 0 0 0
73300 -255.497 -1.66019 100 31 0 0 0 0 0 0 0 0 0 -2.30138 100 21 0.579849 100 14 0 0 0 0 0 0 0 0
73400 -253.305 -0.648285 100 23 0 0 0 0 0 0 0 0 0 -1.85615 100 18 -0.0978366 100 20 0 0 0 0 0 0 0 0
73500 -252.074 -0.66295 100 24 0 0 0 0 0 0 0 0 0 -2.29219 100 23 0.346994 100 19 0 0 0 0 0 0 0 0
73600 -251.978 -0.976085 100 28 0 0 0 0 0 0 0 0 0 -2.11046 100 27 0.109578 100 20 0 0 0 0 0 0 0 0
73700 -252.476 -1.16303 100 34 0 0 0 0 0 0 0 0 0 -2.05226 100 15 -0.054029 100 19 0 0 0 0 0 0 0 0
73800 -253.92 -0.183583 100 27 0 0 0 0 0 0 0 0 0 -2.38484 100 21 0.68829 100 23 0 0 0 0 0 0 0 0
73900 -252.82 -0.153253 100 33 0 0 0 0 0 0 0 0 0 -2.32198 100 29 0.291144 100 23 0 0 0 0 0 0 0 0
74000 -253.165 -0.279139 100 27 0 0 0 0 0 0 0 0 0 -2.05822 100 27 0.00876164 100 18 0 0 0 0 0 0 0 0
74100 -251.933 -0.87434 100 31 0 0 0 0 0 0 0 0 0 -2.08987 100 20 0.172779 100 20 0 0 0 0 0 0 0 0
74200 -253.233 -1.06197 100 36 0 0 0 0 0 0 0 0 0 -1.87994 100 23 -0.300437 100 18 0 0 0 0 0 0 0 0
74300 -255.36 -1.16205 100 22 0 0 0 0 0 0 0 0 0 -1.80841 100 23 0.207699 100 17 0 0 0 0 0 0 0 0
74400 -252.885 -0.123941 100 27 0 0 0 0 0 0 0 0 0 -2.36896 100 23 0.382679 100 14 0 0 0 0 0 0 0 0
74500 -254.33 -1.26491 100 22 0 0 0 0 0 0 0 0 0 -1.68715 100 20 -0.312973 100 16 0 0 0 0 0 0 0 0
74600 -254.341 -0.55545 100 23 0 0 0 0 0 0 0 0 0 -1.83865 100 23 0.0578969 100 21 0 0 0 0 0 0 0 0
74700 -253.976 -0.567738 100 19 0 0 0 0 0 0 0 0 0 -2.28017 100 23 0.656985 100 17 0 0 0 0 0 0 0 0
74800 -252.31 -0.520981 100 33 0 0 0 0 0 0 0 0 0 -2.25548 100 23 0.426873 100 15 0 0 0 0 0 0 0 0
74900 -253.083 -0.403845 100 30 0 0 0 0 0 0 0 0 0 -2.50656 100 20 0.606758 100 16 0 0 0 0 0 0 0 0
75000 -254.189 -1.12149 100 28 0 0 0 0 0 0 0 0 0 -2.38521 100 31 0.158741 100 14 0 0 0 0 0 0 0 0
75100 -255.856 0.228446 100 36 0 0 0 0 0 0 0 0 0 -2.31632 100 25 0.611876 100 21 0 0 0 0 0 0 0 0
75200 -253.244 -0.390032 100 28 0 0 0 0 0 0 0 0 0 -2.53086 100 29 0.634855 100 13 0 0 0 0 0 0 0 0
75300 -251.985 -0.886079 100 23 0 0 0 0 0 0 0 0 0 -2.03218 100 26 0.0536812 100 14 0 0 0 0 0 0 0 0
75400 -252.195 -0.961839 100 32 0 0 0 0 0 0 0 0 0 -2.12991 100 21 0.286733 100 18 0 0 0 0 0 0 0 0
75500 -255.728 -0.162363 100 29 0 0 0 0 0 0 0 0 0 -2.78074 100 27 0.608062 100 11 0 0 0 0 0 0 0 0
75600 -253.398 -0.17205 100 27 0 0 0 0 0 0 0 0 0 -2.10766 100 21 0.225667 100 10 0 0 0 0 0 0 0 0
75700 -256.005 0.187148 100 19 0 0 0 0 0 0 0 0 0 -2.74349 100 19 0.5307 100 22 0 0 0 0 0 0 0 0
75800 -253.176 -0.76024 100 20 0 0 0 0 0 0 0 0 0 -2.36779 100 24 0.168558 100 23 0 0 0 0 0 0 0 0
75900 -254.667 -0.274126 100 32 0 0 0 0 0 0 0 0 0 -1.92464 100 26 -0.21849 100 8 0 0 0 0 0 0 0 0
76000 -252.702 -0.61757 100 28 0 0 0 0 0 0 0 0 0 -2.03906 100 20 0.258794 100 20 0 0 0 0 0 0 0 0
76100 -254.019 -0.0207198 100 33 0 0 0 0 0 0 0 0 0 -2.39909 100 24 0.191642 100 15 0 0 0 0 0 0 0 0
76200 -252.406 -0.374805 100 24 0 0 0 0 0 0 0 0 0 -2.17193 100 23 0.106328 100 23 0 0 0 0 0 0 0 0
76300 -253.1 -0.264257 100 33 0 0 0 0 0 0 0 0 0 -2.49142 100 18 0.433097 100 13 0 0 0 0 0 0 0 0
76400 -253.336 -1.26553 100 31 0 0 0 0 0 0 0 0 0 -2.20632 100 16 0.0229742 100 11 0 0 0 0 0 0 0 0
76500 -252.614 -0.874447 100 28 0 0 0 0 0 0 0 0 0 -2.28345 100 23 0.475622 100 28 0 0 0 0 0 0 0 0
76600 -253.216 -1.44672 100 14 0 0 0 0 0 0 0 0 0 -2.18512 100 19 0.282977 100 22 0 0 0 0 0 0 0 0
76700 -252.715 -0.714349 100 26 0 0 0 0 0 0 0 0 0 -2.40501 100 21 0.34967 100 20 0 0 0 0 0 0 0 0
76800 -252.047 -0.756661 100 25 0 0 0 0 0 0 0 0 0 -2.0401 100 21 0.01153 100 25 0 0 0 0 0 0 0 0
76900 -252.788 -0.539066 100 32 0 0 0 0 0 0 0 0 0 -2.15634 100 20 -0.0572605 100 19 0 0 0 0 0 0 0 0
77000 -252.846 -0.353173 100 39 0 0 0 0 0 0 0 0 0 -2.46915 100 26 0.547895 100 17 0 0 0 0 0 0 0 0
77100 -252.981 -1.26091 100 22 0 0 0 0 0 0 0 0 0 -2.18627 100 22 0.370132 100 18 0 0 0 0 0 0 0 0
77200 -252.329 -1.17557 100 37 0 0 0 0 0 0 0 0 0 -1.99667 100 29 -0.0252688 100 22 0 0 0 0 0 0 0 0
77300 -253.001 -0.984504 100 25 0 0 0 0 0 0 0 0 0 -2.22502 100 24 0.486067 100 19 0 0 0 0 0 0 0 0
77400 -256.069 0.0348619 100 33 0 0 0 0 0 0 0 0 0 -2.36395 100 19 -0.0591307 100 18 0 0 0 0 0 0 0 0
77500 -253.475 0.0319538 100 29 0 0 0 0 0 0 0 0 0 -2.40051 100 26 0.464029 100 21 0 0 0 0 0 0 0 0
77600 -252.802 -0.463258 100 25 0 0 0 0 0 0 0 0 0 -2.42342 100 20 0.322673 100 17 0 0 0 0 0 0 0 0
77700 -253.21 -0.633646 100 26 0 0 0 0 0 0 0 0 0 -2.22837 100 24 0.544054 100 16 0 0 0 0 0 0 0 0
77800 -253.783 -1.09755 100 27 0 0 0 0 0 0 0 0 0 -2.40187 100 27 0.25663 100 21 0 0 0 0 0 0 0 0
77900 -252.53 -1.06403 100 34 0 0 0 0 0 0 0 0 0 -2.06999 100 24 -0.0833409 100 21 0 0 0 0 0 0 0 0
78000 -252.83 -1.14204 100 29 0 0 0 0 0 0 0 0 0 -1.85133 100 31 -0.112604 100 12 0 0 0 0 0 0 0 0
78100 -253.889 -1.21687 100 28 0 0 0 0 0 0 0 0 0 -1.86237 100 20 -0.390011 100 22 0 0 0 0 0 0 0 0
78200 -252.5 -0.509847 100 28 0 0 0 0 0 0 0 0 0 -2.23672 100 23 0.447852 100 20 0 0 0 0 0 0 0 0
78300 -254.274 -0.157583 100 19 0 0 0 0 0 0 0 0 0 -2.66828 100 28 0.619706 100 23 0 0 0 0 0 0 0 0
78400 -252.443 -0.548826 100 31 0 0 0 0 0 0 0 0 0 -2.38599 100 30 0.356843 100 17 0 0 0 0 0 0 0 0
78500 -252.489 -0.996991 100 24 0 0 0 0 0 0 0 0 0 -2.29678 100 23 0.309556 100 18 0 0 0 0 0 0 0 0
78600 -252.491 -0.518663 100 34 0 0 0 0 0 0 0 0 0 -2.02636 100 20 0.128465 100 21 0 0 0 0 0 0 0 0
78700 -255.825 -1.28433 100 29 0 0 0 0 0 0 0 0 0 -2.11722 100 26 -0.370973 100 14 0 0 0 0 0 0 0 0
78800 -252.987 -0.684993 100 20 0 0 0 0 0 0 0 0 0 -2.26504 100 28 0.023447 100 13 0 0 0 0 0 0 0 0
78900 -252.543 -0.894365 100 29 0 0 0 0 0 0 0 0 0 -2.31463 100 25 0.448875 100 12 0 0 0 0 0 0 0 0
79000 -252.385 -1.19886 100 35 0 0 0 0 0 0 0 0 0 -2.13503 100 21 0.115284 100 16 0 0 0 0 0 0 0 0
79100 -253.204 -1.35457 100 21 0 0 0 0 0 0 0 0 0 -1.82647 100 32 -0.154875 100 19 0 0 0 0 0 0 0 0
79200 -252.121 -0.964944 100 27 0 0 0 0 0 0 0 0 0 -2.20801 100 17 0.280278 100 24 0 0 0 0 0 0 0 0
79300 -253.879 -0.225819 100 28 0 0 0 0 0 0 0 0 0 -2.63126 100 16 0.659033 100 20 0 0 0 0 0 0 0 0
79400 -253.623 -0.190037 100 22 0 0 0 0 0 0 0 0 0 -2.14667 100 28 -0.0367009 100 16 0 0 0 0 0 0 0 0
79500 -254.905 -1.70451 100 23 0 0 0 0 0 0 0 0 0 -1.82919 100 24 -0.406591 100 16 0 0 0 0 0 0 0 0
79600 -253.246 -0.817645 100 24 0 0 0 0 0 0 0 0 0 -1.99206 100 20 0.290092 100 18 0 0 0 0 0 0 0 0
79700 -252.649 -0.816017 100 31 0 0 0 0 0 0 0 0 0 -1.91725 100 19 0.0499611 100 21 0 0 0 0 0 0 0 0
79800 -256.559 -0.263313 100 31 0 0 0 0 0 0 0 0 0 -2.82203 100 16 0.592693 100 13 0 0 0 0 0 0 0 0
79900 -252.168 -0.486571 100 20 0 0 0 0 0 0 0 0 0 -2.13092 100 20 0.0990245 100 8 0 0 0 0 0 0 0 0
80000 -253.391 -0.432449 100 32 0 0 0 0 0 0 0 0 0 -2.35632 100 20 0.649953 100 27 0 0 0 0 0 0 0 0
80100 -254.227 -0.689331 100 41 0 0 0 0 0 0 0 0 0 -1.87453 100 21 -0.396082 100 19 0 0 0 0 0 0 0 0
80200 -252.126 -1.02084 100 31 0 0 0 0 0 0 0 0 0 -2.18047 100 22 0.182545 100 14 0 0 0 0 0 0 0 0
80300 -252.356 -0.934515 100 37 0 0 0 0 0 0 0 0 0 -2.28879 100 21 0.281338 100 15 0 0 0 0 0 0 0 0
80400 -252.161 -0.559961 100 26 0 0 0 0 0 0 0 0 0 -2.31091 100 23 0.284611 100 15 0 0 0 0 0 0 0 0
80500 -252.5 -0.801648 100 34 0 0 0 0 0 0 0 0 0 -1.92184 100 26 -0.0132045 100 17 0 0 0 0 0 0 0 0
80600 -251.975 -0.863301 100 33 0 0 0 0 0 0 0 0 0 -2.13763 100 29 0.248612 100 27 0 0 0 0 0 0 0 0
80700 -252.095 -0.661922 100 32 0 0 0 0 0 0 0 0 0 -2.04914 100 25 0.0287975 100 17 0 0 0 0 0 0 0 0
80800 -252.804 -0.197751 100 23 0 0 0 0 0 0 0 0 0 -2.22878 100 26 0.175241 100 15 0 0 0 0 0 0 0 0
80900 -252.422 -0.275331 100 27 0 0 0 0 0 0 0 0 0 -2.26332 100 22 0.292818 100 18 0 0 0 0 0 0 0 0
81000 -257.146 0.112768 100 30 0 0 0 0 0 0 0 0 0 -2.3022 100 21 -0.169631 100 19 0 0 0 0 0 0 0 0
81100 -253.59 -0.639765 100 29 0 0 0 0 0 0 0 0 0 -2.15181 100 21 -0.18018 100 15 0 0 0 0 0 0 0 0
81200 -252.924 -0.875397 100 27 0 0 0 0 0 0 0 0 0 -2.18365 100 23 0.465166 100 14 0 0 0 0 0 0 0 0
81300 -252.438 -0.576429 100 25 0 0 0 0 0 0 0 0 0 -2.2558 100 29 0.459856 100 15 0 0 0 0 0 0 0 0
81400 -254.861 -0.941954 100 30 0 0 0 0 0 0 0 0 0 -2.59047 100 22 0.474393 100 16 0 0 0 0 0 0 0 0
81500 -252.014 -0.780001 100 30 0 0 0 0 0 0 0 0 0 -2.02995 100 24 0.0743707 100 19 0 0 0 0 0 0 0 0
81600 -252.181 -0.700629 100 16 0 0 0 0 0 0 0 0 0 -2.04132 100 24 -0.028186 100 18 0 0 0 0 0 0 0 0
81700 -253.193 -0.638494 100 34 0 0 0 0 0 0 0 0 0 -2.41623 100 21 0.23745 100 22 0 0 0 0 0 0 0 0
81800 -257.126 -0.0856408 100 25 0 0 0 0 0 0 0 0 0 -2.16651 100 28 0.664453 100 24 0 0 0 0 0 0 0 0
81900 -255.065 -0.49218 100 26 0 0 0 0 0 0 0 0 0 -2.56781 100 25 0.912422 100 12 0 0 0 0 0 0 0 0
82000 -253.448 -0.0574821 100 30 0 0 0 0 0 0 0 0 0 -2.51956 100 30 0.579229 100 22 0 0 0 0 0 0 0 0
82100 -252.24 -0.390841 100 29 0 0 0 0 0 0 0 0 0 -2.23534 100 16 0.33506 100 9 0 0 0 0 0 0 0 0
82200 -254.578 -1.55405 100 28 0 0 0 0 0 0 0 0 0 -2.28626 100 25 0.505619 100 11 0 0 0 0 0 0 0 0
82300 -253.981 -1.37229 100 32 0 0 0 0 0 0 0 0 0 -1.82579 100 22 0.0763842 100 12 0 0 0 0 0 0 0 0
82400 -253.203 -0.491913 100 37 0 0 0 0 0 0 0 0 0 -2.25355 100 24 -0.0125321 100 17 0 0 0 0 0 0 0 0
82500 -253.808 -0.54765 100 25 0 0 0 0 0 0 0 0 0 -1.84622 100 25 -0.057073 100 8 0 0 0 0 0 0 0 0
82600 -252.726 -0.863495 100 31 0 0 0 0 0 0 0 0 0 -2.15527 100 16 0.417406 100 19 0 0 0 0 0 0 0 0
82700 -253.895 -0.669987 100 35 0 0 0 0 0 0 0 0 0 -2.06084 100 28 0.432649 100 20 0 0 0 0 0 0 0 0
82800 -254.009 -1.52029 100 29 0 0 0 0 0 0 0 0 0 -2.11936 100 23 -0.100222 100 25 0 0 0 0 0 0 0 0
82900 -253.388 -0.0588645 100 30 0 0 0 0 0 0 0 0 0 -2.35822 100 14 0.529382 100 22 0 0 0 0 0 0 0 0
83000 -252.729 -0.6461 100 26 0 0 0 0 0 0 0 0 0 -1.93211 100 26 -0.0961416 100 13 0 0 0 0 0 0 0 0
83100 -255.567 -2.04637 100 26 0 0 0 0 0 0 0 0 0 -1.74513 100 28 -0.290344 100 12 0 0 0 0 0 0 0 0
83200 -255.346 -1.65182 100 29 0 0 0 0 0 0 0 0 0 -2.15209 100 29 0.501641 100 18 0 0 0 0 0 0 0 0
83300 -252.467 -1.28984 100 25 0 0 0 0 0 0 0 0 0 -2.05244 100 16 0.0532417 100 21 0 0 0 0 0 0 0 0
83400 -255.119 0.173853 100 32 0 0 0 0 0 0 0 0 0 -2.28297 100 27 0.100809 100 21 0 0 0 0 0 0 0 0
83500 -252.57 -0.450864 100 25 0 0 0 0 0 0 0 0 0 -2.13146 100 27 -0.0047197 100 23 0 0 0 0 0 0 0 0
83600 -252.385 -0.714706 100 28 0 0 0 0 0 0 0 0 0 -2.2844 100 25 0.460877 100 18 0 0 0 0 0 0 0 0
83700 -257.484 -1.20385 100 30 0 0 0 0 0 0 0 0 0 -2.6764 100 20 0.418207 100 19 0 0 0 0 0 0 0 0
83800 -254.181 -0.708503 100 27 0 0 0 0 0 0 0 0 0 -1.82277 100 19 -0.376233 100 16 0 0 0 0 0 0 0 0
83900 -252.895 -0.634383 100 22 0 0 0 0 0 0 0 0 0 -2.11209 100 29 -0.125358 100 12 0 0 0 0 0 0 0 0
84000 -252.583 -0.832238 100 25 0 0 0 0 0 0 0 0 0 -2.11313 100 18 -0.085947 100 19 0 0 0 0 0 0 0 0
84100 -252.938 -1.3136 100 22 0 0 0 0 0 0 0 0 0 -2.22796 100 24 0.238924 100 12 0 0 0 0 0 0 0 0
84200 -252.157 -0.98717 100 38 0 0 0 0 0 0 0 0 0 -2.20537 100 27 0.188308 100 18 0 0 0 0 0 0 0 0
84300 -253.779 -1.37465 100 32 0 0 0 0 0 0 0 0 0 -1.98692 100 22 0.283015 100 15 0 0 0 0 0 0 0 0
84400 -253.617 -0.225056 100 27 0 0 0 0 0 0 0 0 0 -2.39174 100 28 0.668371 100 19 0 0 0 0 0 0 0 0
84500 -252.526 -1.15797 100 21 0 0 0 0 0 0 0 0 0 -2.14483 100 31 0.303425 100 15 0 0 0 0 0 0 0 0
84600 -253.762 -0.284909 100 19 0 0 0 0 0 0 0 0 0 -2.59258 100 25 0.512133 100 20 0 0 0 0 0 0 0 0
84700 -252.947 -0.784542 100 19 0 0 0 0 0 0 0 0 0 -1.94569 100 29 0.171446 100 21 0 0 0 0 0 0 0 0
84800 -252.844 -0.491456 100 35 0 0 0 0 0 0 0 0 0 -2.18932 100 28 -0.0270605 100 11 0 0 0 0 0 0 0 0
84900 -253.335 -0.882554 100 24 0 0 0 0 0 0 0 0 0 -2.44026 100 23 0.346217 100 16 0 0 0 0 0 0 0 0
85000 -252.936 -0.174129 100 21 0 0 0 0 0 0 0 0 0 -2.44886 100 21 0.469941 100 20 0 0 0 0 0 0 0 0
85100 -252.405 -0.378996 100 35 0 0 0 0 0 0 0 0 0 -2.37493 100 18 0.410094 100 15 0 0 0 0 0 0 0 0
85200 -253.861 -0.4976 100 28 0 0 0 0 0 0 0 0 0 -1.86135 100 33 -0.0359793 100 26 0 0 0 0 0 0 0 0
85300 -253.362 -0.896352 100 24 0 0 0 0 0 0 0 0 0 -1.80499 100 21 -0.242846 100 26 0 0 0 0 0 0 0 0
85400 -253.122 -1.2097 100 30 0 0 0 0 0 0 0 0 0 -2.07962 100 14 0.340424 100 14 0 0 0 0 0 0 0 0
85500 -253.681 -1.03461 100 36 0 0 0 0 0 0 0 0 0 -1.82886 100 28 0.0744738 100 21 0 0 0 0 0 0 0 0
85600 -253.862 -0.064799 100 25 0 0 0 0 0 0 0 0 0 -2.11349 100 26 0.139363 100 17 0 0 0 0 0 0 0 0
85700 -252.473 -0.695859 100 25 0 0 0 0 0 0 0 0 0 -1.94848 100 30 -0.0281309 100 14 0 0 0 0 0 0 0 0
85800 -253.427 -0.750193 100 25 0 0 0 0 0 0 0 0 0 -1.85444 100 19 0.0397242 100 19 0 0 0 0 0 0 0 0
85900 -254.603 -0.800368 100 32 0 0 0 0 0 0 0 0 0 -2.32566 100 25 0.73094 100 27 0 0 0 0 0 0 0 0
86000 -253.412 -0.916892 100 23 0 0 0 0 0 0 0 0 0 -1.7981 100 24 -0.254355 100 15 0 0 0 0 0 0 0 0
86100 -252.415 -0.994885 100 28 0 0 0 0 0 0 0 0 0 -1.95592 100 22 -0.12459 100 19 0 0 0 0 0 0 0 0
86200 -252.919 -0.240125 100 29 0 0 0 0 0 0 0 0 0 -2.12076 100 23 0.113658 100 25 0 0 0 0 0 0 0 0
86300 -252.423 -1.02775 100 30 0 0 0 0 0 0 0 0 0 -2.02227 100 21 0.205385 100 17 0 0 0 0 0 0 0 0
86400 -254.627 -1.29632 100 22 0 0 0 0 0 0 0 0 0 -2.33186 100 21 0.635389 100 23 0 0 0 0 0 0 0 0
86500 -255.68 -1.82503 100 34 0 0 0 0 0 0 0 0 0 -1.74436 100 20 -0.482562 100 26 0 0 0 0 0 0 0 0
86600 -252.215 -0.504343 100 26 0 0 0 0 0 0 0 0 0 -2.09132 100 15 0.0754577 100 20 0 0 0 0 0 0 0 0
86700 -254.052 -1.11944 100 28 0 0 0 0 0 0 0 0 0 -1.97665 100 23 -0.364974 100 25 0 0 0 0 0 0 0 0
86800 -252.317 -0.402628 100 30 0 0 0 0 0 0 0 0 0 -2.27481 100 24 0.203523 100 11 0 0 0 0 0 0 0 0
86900 -253.707 -0.97927 100 23 0 0 0 0 0 0 0 0 0 -2.42877 100 22 0.277095 100 17 0 0 0 0 0 0 0 0
87000 -254.28 -0.460249 100 31 0 0 0 0 0 0 0 0 0 -2.41642 100 20 0.0788406 100 15 0 0 0 0 0 0 0 0
87100 -253.887 -0.779319 100 22 0 0 0 0 0 0 0 0 0 -2.43102 100 23 0.717471 100 15 0 0 0 0 0 0 0 0
87200 -252.373 -0.83867 100 28 0 0 0 0 0 0 0 0 0 -2.02136 100 24 -0.108722 100 23 0 0 0 0 0 0 0 0
87300 -253.962 -1.60358 100 30 0 0 0 0 0 0 0 0 0 -2.21097 100 21 0.132769 100 12 0 0 0 0 0 0 0 0
87400 -252.659 -0.794109 100 18 0 0 0 0 0 0 0 0 0 -2.30162 100 27 0.148568 100 19 0 0 0 0 0 0 0 0
87500 -257.533 -1.6141 100 21 0 0 0 0 0 0 0 0 0 -2.13268 100 14 -0.41276 100 15 0 0 0 0 0 0 0 0
87600 -253.585 -0.73589 100 29 0 0 0 0 0 0 0 0 0 -1.96867 100 29 -0.313035 100 20 0 0 0 0 0 0 0 0
87700 -252.596 -1.29261 100 22 0 0 0 0 0 0 0 0 0 -2.14171 100 29 0.138252 100 18 0 0 0 0 0 0 0 0
87800 -252.627 -0.782374 100 30 0 0 0 0 0 0 0 0 0 -2.39223 100 15 0.410198 100 21 0 0 0 0 0 0 0 0
87900 -255.343 -1.96833 100 29 0 0 0 0 0 0 0 0 0 -2.11878 100 29 -0.0455836 100 24 0 0 0 0 0 0 0 0
88000 -252.689 -0.563421 100 23 0 0 0 0 0 0 0 0 0 -2.41478 100 24 0.547562 100 10 0 0 0 0 0 0 0 0
88100 -252.685 -1.06733 100 25 0 0 0 0 0 0 0 0 0 -2.08677 100 19 -0.0954529 100 22 0 0 0 0 0 0 0 0
88200 -253.18 -1.03278 100 29 0 0 0 0 0 0 0 0 0 -2.40096 100 17 0.440186 100 19 0 0 0 0 0 0 0 0
88300 -253.18 -1.29918 100 23 0 0 0 0 0 0 0 0 0 -1.9181 100 23 0.129467 100 12 0 0 0 0 0 0 0 0
88400 -252.988 -1.23144 100 18 0 0 0 0 0 0 0 0 0 -2.00951 100 21 -0.174732 100 19 0 0 0 0 0 0 0 0
88500 -252.247 -0.76599 100 23 0 0 0 0 0 0 0 0 0 -2.29841 100 25 0.409593 100 18 0 0 0 0 0 0 0 0
88600 -254.346 -0.657958 100 24 0 0 0 0 0 0 0 0 0 -1.81546 100 19 0.0525067 100 24 0 0 0 0 0 0 0 0
88700 -254.059 -1.44308 100 30 0 0 0 0 0 0 0 0 0 -2.29194 100 20 0.156779 100 15 0 0 0 0 0 0 0 0
88800 -253.031 -0.539054 100 25 0 0 0 0 0 0 0 0 0 -2.11057 100 28 -0.127803 100 21 0 0 0 0 0 0 0 0
88900 -256.416 -1.29937 100 28 0 0 0 0 0 0 0 0 0 -1.7032 100 20 -0.687753 100 13 0 0 0 0 0 0 0 0
89000 -255.224 -1.08622 100 27 0 0 0 0 0 0 0 0 0 -2.10324 100 28 -0.368109 100 16 0 0 0 0 0 0 0 0
89100 -252.93 -0.450164 100 37 0 0 0 0 0 0 0 0 0 -2.48817 100 25 0.558066 100 22 0 0 0 0 0 0 0 0
89200 -256.748 -1.35402 100 21 0 0 0 0 0 0 0 0 0 -2.27287 100 24 -0.22823 100 13 0 0 0 0 0 0 0 0
89300 -254.893 -1.34063 100 24 0 0 0 0 0 0 0 0 0 -1.67513 100 24 -0.130668 100 17 0 0 0 0 0 0 0 0
89400 -256.219 -1.49955 100 28 0 0 0 0 0 0 0 0 0 -2.12816 100 28 -0.340647 100 14 0 0 0 0 0 0 0 0
89500 -253.428 -0.0114 100 30 0 0 0 0 0 0 0 0 0 -2.45738 100 21 0.551197 100 22 0 0 0 0 0 0 0 0
89600 -252.634 -1.09263 100 31 0 0 0 0 0 0 0 0 0 -1.89021 100 20 -0.0170938 100 16 0 0 0 0 0 0 0 0
89700 -252.535 -0.882686 100 28 0 0 0 0 0 0 0 0 0 -2.29898 100 19 0.456437 100 18 0 0 0 0 0 0 0 0
89800 -253.158 -1.14249 100 23 0 0 0 0 0 0 0 0 0 -1.85378 100 19 0.0354872 100 21 0 0 0 0 0 0 0 0
89900 -253.226 -1.04591 100 27 0 0 0 0 0 0 0 0 0 -2.06017 100 26 -0.207757 100 19 0 0 0 0 0 0 0 0
90000 -252.005 -0.748462 100 31 0 0 0 0 0 0 0 0 0 -2.15517 100 21 0.288054 100 18 0 0 0 0 0 0 0 0
90100 -252.579 -1.2956 100 26 0 0 0 0 0 0 0 0 0 -2.04614 100 31 0.165561 100 20 0 0 0 0 0 0 0 0
90200 -253.478 -0.266509 100 25 0 0 0 0 0 0 0 0 0 -2.19033 100 19 -0.0423311 100 27 0 0 0 0 0 0 0 0
90300 -254.251 -1.00152 100 32 0 0 0 0 0 0 0 0 0 -2.50837 100 21 0.392567 100 19 0 0 0 0 0 0 0 0
90400 -254.535 -0.0136252 100 28 0 0 0 0 0 0 0 0 0 -2.40662 100 28 0.718259 100 19 0 0 0 0 0 0 0 0
90500 -253.345 -1.36966 100 21 0 0 0 0 0 0 0 0 0 -2.27631 100 25 0.301736 100 26 0 0 0 0 0 0 0 0
90600 -252.335 -0.723967 100 27 0 0 0 0 0 0 0 0 0 -1.98803 100 27 -0.0709074 100 20 0 0 0 0 0 0 0 0
90700 -252.314 -0.877967 100 29 0 0 0 0 0 0 0 0 0 -2.06324 100 25 -0.0735702 100 14 0 0 0 0 0 0 0 0
90800 -252.897 -1.23412 100 22 0 0 0 0 0 0 0 0 0 -1.86495 100 22 -0.0347208 100 16 0 0 0 0 0 0 0 0
90900 -252.488 -1.0296 100 30 0 0 0 0 0 0 0 0 0 -1.93491 100 24 -0.137183 100 25 0 0 0 0 0 0 0 0
91000 -252.287 -0.658746 100 30 0 0 0 0 0 0 0 0 0 -2.01411 100 23 0.125571 100 10 0 0 0 0 0 0 0 0
91100 -252.545 -0.985037 100 25 0 0 0 0 0 0 0 0 0 -2.2654 100 18 0.418372 100 9 0 0 0 0 0 0 0 0
91200 -252.947 -0.0994435 100 30 0 0 0 0 0 0 0 0 0 -2.33553 100 19 0.355127 100 22 0 0 0 0 0 0 0 0
91300 -253.228 -1.28904 100 30 0 0 0 0 0 0 0 0 0 -1.83389 100 25 -0.0312135 100 15 0 0 0 0 0 0 0 0
91400 -252.068 -0.672518 100 25 0 0 0 0 0 0 0 0 0 -2.24071 100 23 0.364945 100 12 0 0 0 0 0 0 0 0
91500 -254.621 -1.77805 100 26 0 0 0 0 0 0 0 0 0 -1.95667 100 33 -0.251612 100 17 0 0 0 0 0 0 0 0
91600 -252.405 -0.66049 100 29 0 0 0 0 0 0 0 0 0 -2.26477 100 29 0.122418 100 26 0 0 0 0 0 0 0 0
91700 -253.806 -1.33197 100 27 0 0 0 0 0 0 0 0 0 -1.82808 100 25 0.0638639 100 16 0 0 0 0 0 0 0 0
91800 -252.597 -0.250588 100 24 0 0 0 0 0 0 0 0 0 -2.35285 100 23 0.32151 100 23 0 0 0 0 0 0 0 0
91900 -252.631 -0.77435 100 30 0 0 0 0 0 0 0 0 0 -1.92084 100 21 -0.134649 100 19 0 0 0 0 0 0 0 0
92000 -253.851 -0.771117 100 21 0 0 0 0 0 0 0 0 0 -1.85935 100 20 -0.363928 100 13 0 0 0 0 0 0 0 0
92100 -252.506 -1.27294 100 22 0 0 0 0 0 0 0 0 0 -2.09588 100 21 0.0635048 100 18 0 0 0 0 0 0 0 0
92200 -252.637 -0.613181 100 27 0 0 0 0 0 0 0 0 0 -2.10326 100 24 -0.0871485 100 16 0 0 0 0 0 0 0 0
92300 -251.918 -0.837415 100 30 0 0 0 0 0 0 0 0 0 -2.17752 100 24 0.173777 100 13 0 0 0 0 0 0 0 0
92400 -252.01 -0.757295 100 28 0 0 0 0 0 0 0 0 0 -2.19859 100 17 0.137136 100 14 0 0 0 0 0 0 0 0
92500 -253.177 -0.492487 100 23 0 0 0 0 0 0 0 0 0 -2.02856 100 24 -0.168255 100 18 0 0 0 0 0 0 0 0
92600 -254.202 -1.53281 100 28 0 0 0 0 0 0 0 0 0 -1.84195 100 17 0.0923335 100 20 0 0 0 0 0 0 0 0
92700 -254.907 -1.37423 100 25 0 0 0 0 0 0 0 0 0 -1.95338 100 19 0.349511 100 24 0 0 0 0 0 0 0 0
92800 -255.134 0.173028 100 28 0 0 0 0 0 0 0 0 0 -2.67861 100 23 0.549699 100 18 0 0 0 0 0 0 0 0
92900 -254.841 0.143478 100 39 0 0 0 0 0 0 0 0 0 -2.59556 100 22 0.427861 100 16 0 0 0 0 0 0 0 0
93000 -255.312 0.280508 100 29 0 0 0 0 0 0 0 0 0 -2.37899 100 22 0.237916 100 13 0 0 0 0 0 0 0 0
93100 -252 -0.960106 100 31 0 0 0 0 0 0 0 0 0 -2.09716 100 24 0.189526 100 17 0 0 0 0 0 0 0 0
93200 -253.275 -0.592032 100 24 0 0 0 0 0 0 0 0 0 -2.06199 100 27 -0.203347 100 19 0 0 0 0 0 0 0 0
93300 -252.155 -0.828743 100 26 0 0 0 0 0 0 0 0 0 -2.28155 100 16 0.30719 100 18 0 0 0 0 0 0 0 0
93400 -252.833 -0.530262 100 34 0 0 0 0 0 0 0 0 0 -2.00857 100 30 0.191972 100 13 0 0 0 0 0 0 0 0
93500 -254.534 -1.17177 100 30 0 0 0 0 0 0 0 0 0 -2.45327 100 21 0.675408 100 20 0 0 0 0 0 0 0 0
93600 -252.815 -0.191238 100 27 0 0 0 0 0 0 0 0 0 -2.2091 100 28 0.18553 100 12 0 0 0 0 0 0 0 0
93700 -257.417 -2.48574 100 28 0 0 0 0 0 0 0 0 0 -2.16499 100 27 0.214958 100 18 0 0 0 0 0 0 0 0
93800 -252.513 -0.714849 100 31 0 0 0 0 0 0 0 0 0 -2.19364 100 25 0.00771473 100 17 0 0 0 0 0 0 0 0
93900 -252.712 -0.620702 100 26 0 0 0 0 0 0 0 0 0 -2.4077 100 22 0.326054 100 13 0 0 0 0 0 0 0 0
94000 -255.956 -1.62856 100 27 0 0 0 0 0 0 0 0 0 -2.48074 100 23 0.563465 100 16 0 0 0 0 0 0 0 0
94100 -254.186 -0.213001 100 30 0 0 0 0 0 0 0 0 0 -1.96987 100 22 -0.0499935 100 22 0 0 0 0 0 0 0 0
94200 -253.003 -1.47415 100 28 0 0 0 0 0 0 0 0 0 -2.0825 100 27 0.0520426 100 24 0 0 0 0 0 0 0 0
94300 -252.845 -0.718744 100 29 0 0 0 0 0 0 0 0 0 -2.18104 100 18 0.462156 100 15 0 0 0 0 0 0 0 0
94400 -251.985 -0.527026 100 23 0 0 0 0 0 0 0 0 0 -2.17353 100 24 0.191972 100 13 0 0 0 0 0 0 0 0
94500 -253.244 -1.46027 100 31 0 0 0 0 0 0 0 0 0 -2.09612 100 25 0.271065 100 10 0 0 0 0 0 0 0 0
94600 -252.339 -0.54238 100 34 0 0 0 0 0 0 0 0 0 -2.03057 100 17 0.0610554 100 9 0 0 0 0 0 0 0 0
94700 -253.675 -0.77493 100 21 0 0 0 0 0 0 0 0 0 -2.08562 100 15 -0.255382 100 20 0 0 0 0 0 0 0 0
94800 -252.363 -1.09887 100 31 0 0 0 0 0 0 0 0 0 -1.94502 100 23 -0.0639323 100 14 0 0 0 0 0 0 0 0
94900 -252.206 -0.572332 100 22 0 0 0 0 0 0 0 0 0 -2.05027 100 30 0.112801 100 14 0 0 0 0 0 0 0 0
95000 -252.651 -1.06744 100 21 0 0 0 0 0 0 0 0 0 -2.22739 100 20 0.107071 100 27 0 0 0 0 0 0 0 0
95100 -254.137 -0.181684 100 31 0 0 0 0 0 0 0 0 0 -2.02555 100 28 -0.0936856 100 22 0 0 0 0 0 0 0 0
95200 -252.361 -1.19888 100 34 0 0 0 0 0 0 0 0 0 -2.0157 100 27 0.113384 100 15 0 0 0 0 0 0 0 0
95300 -252.988 -0.840508 100 29 0 0 0 0 0 0 0 0 0 -2.39153 100 25 0.281888 100 16 0 0 0 0 0 0 0 0
95400 -252.348 -0.701305 100 27 0 0 0 0 0 0 0 0 0 -1.97202 100 25 0.0385313 100 23 0 0 0 0 0 0 0 0
95500 -253.136 -0.59902 100 25 0 0 0 0 0 0 0 0 0 -2.31411 100 27 0.0689746 100 17 0 0 0 0 0 0 0 0
95600 -252.449 -0.437011 100 24 0 0 0 0 0 0 0 0 0 -2.22059 100 23 0.0914416 100 23 0 0 0 0 0 0 0 0
95700 -254.425 -1.25651 100 30 0 0 0 0 0 0 0 0 0 -1.74728 100 24 -0.4538 100 15 0 0 0 0 0 0 0 0
95800 -252.806 -0.72969 100 18 0 0 0 0 0 0 0 0 0 -1.89254 100 26 -0.0481936 100 20 0 0 0 0 0 0 0 0
95900 -254.188 -1.37493 100 35 0 0 0 0 0 0 0 0 0 -1.91576 100 29 -0.375477 100 18 0 0 0 0 0 0 0 0
96000 -252.695 -0.652156 100 26 0 0 0 0 0 0 0 0 0 -2.36637 100 18 0.239347 100 11 0 0 0 0 0 0 0 0
96100 -253.144 -0.64824 100 26 0 0 0 0 0 0 0 0 0 -2.13863 100 26 0.450881 100 18 0 0 0 0 0 0 0 0
96200 -253.01 -0.22382 100 32 0 0 0 0 0 0 0 0 0 -2.41362 100 18 0.5805 100 16 0 0 0 0 0 0 0 0
96300 -252.912 -0.951837 100 32 0 0 0 0 0 0 0 0 0 -2.08871 100 25 -0.15011 100 16 0 0 0 0 0 0 0 0
96400 -253.102 -1.46697 100 24 0 0 0 0 0 0 0 0 0 -1.89114 100 22 -0.0791098 100 20 0 0 0 0 0 0 0 0
96500 -253.379 -0.476474 100 29 0 0 0 0 0 0 0 0 0 -1.95605 100 26 -0.180063 100 19 0 0 0 0 0 0 0 0
96600 -254.383 -1.19276 100 25 0 0 0 0 0 0 0 0 0 -1.90885 100 23 -0.435105 100 15 0 0 0 0 0 0 0 0
96700 -253.36 -0.346672 100 30 0 0 0 0 0 0 0 0 0 -2.56003 100 22 0.577455 100 18 0 0 0 0 0 0 0 0
96800 -252.874 -0.864969 100 25 0 0 0 0 0 0 0 0 0 -2.27966 100 20 0.0863962 100 19 0 0 0 0 0 0 0 0
96900 -252.35 -0.803934 100 26 0 0 0 0 0 0 0 0 0 -2.05184 100 17 -0.0883818 100 20 0 0 0 0 0 0 0 0
97000 -257.795 -0.0825922 100 28 0 0 0 0 0 0 0 0 0 -2.80814 100 23 0.405601 100 17 0 0 0 0 0 0 0 0
97100 -252.837 -0.425672 100 25 0 0 0 0 0 0 0 0 0 -2.4604 100 31 0.569436 100 14 0 0 0 0 0 0 0 0
97200 -253.984 -0.647239 100 27 0 0 0 0 0 0 0 0 0 -1.8219 100 19 -0.301077 100 17 0 0 0 0 0 0 0 0
97300 -253.124 -0.681049 100 32 0 0 0 0 0 0 0 0 0 -2.21616 100 19 -0.0575372 100 26 0 0 0 0 0 0 0 0
97400 -252.563 -0.551169 100 32 0 0 0 0 0 0 0 0 0 -2.33875 100 32 0.208483 100 15 0 0 0 0 0 0 0 0
97500 -257.314 -0.190247 100 22 0 0 0 0 0 0 0 0 0 -2.95136 100 21 0.851054 100 23 0 0 0 0 0 0 0 0
97600 -254.93 -1.80451 100 22 0 0 0 0 0 0 0 0 0 -1.75083 100 22 -0.350398 100 19 0 0 0 0 0 0 0 0
97700 -255.921 0.219341 100 28 0 0 0 0 0 0 0 0 0 -2.14605 100 21 0.238977 100 17 0 0 0 0 0 0 0 0
97800 -253.708 -1.62408 100 26 0 0 0 0 0 0 0 0 0 -1.96225 100 19 -0.167202 100 16 0 0 0 0 0 0 0 0
97900 -252.78 -0.642225 100 26 0 0 0 0 0 0 0 0 0 -1.92034 100 24 -0.02444 100 24 0 0 0 0 0 0 0 0
98000 -254.129 -0.0653271 100 28 0 0 0 0 0 0 0 0 0 -2.509 100 21 0.304022 100 24 0 0 0 0 0 0 0 0
98100 -252.758 -1.2009 100 26 0 0 0 0 0 0 0 0 0 -2.24698 100 23 0.333872 100 16 0 0 0 0 0 0 0 0
98200 -252.868 -1.02799 100 34 0 0 0 0 0 0 0 0 0 -2.18462 100 25 0.433159 100 15 0 0 0 0 0 0 0 0
98300 -252.618 -1.01644 100 29 0 0 0 0 0 0 0 0 0 -1.90118 100 18 0.0228237 100 24 0 0 0 0 0 0 0 0
98400 -255.087 -1.27385 100 23 0 0 0 0 0 0 0 0 0 -2.42293 100 21 0.174573 100 18 0 0 0 0 0 0 0 0
98500 -253.519 -0.940777 100 25 0 0 0 0 0 0 0 0 0 -1.87768 100 30 0.144312 100 11 0 0 0 0 0 0 0 0
98600 -252.144 -0.79136 100 24 0 0 0 0 0 0 0 0 0 -1.99526 100 17 -0.0105199 100 17 0 0 0 0 0 0 0 0
98700 -257.555 -2.33979 100 16 0 0 0 0 0 0 0 0 0 -2.06326 100 23 -0.216574 100 20 0 0 0 0 0 0 0 0
98800 -253.634 -0.316999 100 30 0 0 0 0 0 0 0 0 0 -2.55986 100 20 0.72659 100 16 0 0 0 0 0 0 0 0
98900 -254.79 0.116549 100 15 0 0 0 0 0 0 0 0 0 -2.4616 100 32 0.735698 100 19 0 0 0 0 0 0 0 0
99000 -252.007 -0.813758 100 23 0 0 0 0 0 0 0 0 0 -2.05619 100 20 0.158123 100 22 0 0 0 0 0 0 0 0
99100 -253.555 -0.379129 100 26 0 0 0 0 0 0 0 0 0 -2.30141 100 21 0.0152895 100 21 0 0 0 0 0 0 0 0
99200 -252.777 -0.479643 100 27 0 0 0 0 0 0 0 0 0 -2.02845 100 31 0.192394 100 19 0 0 0 0 0 0 0 0
99300 -251.969 -0.774645 100 35 0 0 0 0 0 0 0 0 0 -2.19103 100 28 0.145357 100 10 0 0 0 0 0 0 0 0
99400 -253.976 -0.340144 100 35 0 0 0 0 0 0 0 0 0 -2.60095 100 23 0.778571 100 15 0 0 0 0 0 0 0 0
99500 -252.167 -0.50916 100 30 0 0 0 0 0 0 0 0 0 -2.28461 100 21 0.233196 100 14 0 0 0 0 0 0 0 0
99600 -251.936 -0.743125 100 28 0 0 0 0 0 0 0 0 0 -2.07649 100 22 0.0714751 100 18 0 0 0 0 0 0 0 0
99700 -252.17 -0.845792 100 31 0 0 0 0 0 0 0 0 0 -2.05153 100 23 0.206596 100 15 0 0 0 0 0 0 0 0
99800 -252.088 -0.675704 100 25 0 0 0 0 0 0 0 0 0 -2.29742 100 18 0.322303 100 21 0 0 0 0 0 0 0 0
99900 -252.269 -0.793066 100 35 0 0 0 0 0 0 0 0 0 -1.97605 100 25 0.07416 100 20 0 0 0 0 0 0 0 0
100000 -252.026 -0.927534 100 23 0 0 0 0 0 0 0 0 0 -2.18818 100 29 0.26079 100 18 0 0 0 0 0 0 0 0
