iteration logLik intercept1 intercept1_p intercept1_a pcov2 pcov2_p pcov2_a pcov3 pcov3_p pcov3_a pcov4 pcov4_p pcov4_a intercept2 intercept2_p intercept2_a intercept3 intercept3_p intercept3_a intercept4 intercept4_p intercept4_a pcov pcov_p pcov_a data_p data_a
0 -3271.05 7.24179 0 0 0 0 0 0 0 0 0 0 0 -7.17337 0 0 10.1323 0 0 0 0 0 0 0 0 0 0
100 -172.738 -0.898517 100 36 0 0 0 0 0 0 0 0 0 -2.64015 100 36 0.348282 100 24 0 0 0 0 0 0 0 0
200 -172.887 -2.17966 100 36 0 0 0 0 0 0 0 0 0 -2.15697 100 31 -0.0409451 100 22 0 0 0 0 0 0 0 0
300 -173.181 -0.0105438 100 45 0 0 0 0 0 0 0 0 0 -2.77752 100 33 0.710116 100 24 0 0 0 0 0 0 0 0
400 -171.714 -1.31889 100 38 0 0 0 0 0 0 0 0 0 -2.03695 100 26 -0.090782 100 21 0 0 0 0 0 0 0 0
500 -173.597 -2.00025 100 40 0 0 0 0 0 0 0 0 0 -1.74667 100 28 -0.142523 100 20 0 0 0 0 0 0 0 0
600 -172.866 -1.71873 100 34 0 0 0 0 0 0 0 0 0 -2.42609 100 35 0.162051 100 30 0 0 0 0 0 0 0 0
700 -172.516 -0.934879 100 29 0 0 0 0 0 0 0 0 0 -1.8899 100 28 -0.125281 100 16 0 0 0 0 0 0 0 0
800 -172.736 -1.52475 100 36 0 0 0 0 0 0 0 0 0 -2.2262 100 30 -0.186579 100 21 0 0 0 0 0 0 0 0
900 -171.956 -1.1067 100 45 0 0 0 0 0 0 0 0 0 -2.46466 100 21 0.44472 100 24 0 0 0 0 0 0 0 0
1000 -171.893 -0.729368 100 41 0 0 0 0 0 0 0 0 0 -2.35709 100 31 0.421712 100 24 0 0 0 0 0 0 0 0
1100 -173.553 -2.55005 100 41 0 0 0 0 0 0 0 0 0 -1.9811 100 30 -0.197338 100 21 0 0 0 0 0 0 0 0
1200 -173.76 -0.288383 100 35 0 0 0 0 0 0 0 0 0 -2.23242 100 36 0.467332 100 17 0 0 0 0 0 0 0 0
1300 -171.775 -1.47159 100 41 0 0 0 0 0 0 0 0 0 -2.22628 100 28 0.0860509 100 25 0 0 0 0 0 0 0 0
1400 -172.361 -1.44283 100 33 0 0 0 0 0 0 0 0 0 -2.26404 100 32 -0.0818044 100 27 0 0 0 0 0 0 0 0
1500 -173.826 -0.20662 100 36 0 0 0 0 0 0 0 0 0 -2.05373 100 24 -0.0928063 100 18 0 0 0 0 0 0 0 0
1600 -175.828 0.59642 100 37 0 0 0 0 0 0 0 0 0 -2.86963 100 30 1.00281 100 12 0 0 0 0 0 0 0 0
1700 -172.839 -0.172926 100 37 0 0 0 0 0 0 0 0 0 -2.67865 100 35 0.456639 100 19 0 0 0 0 0 0 0 0
1800 -173.006 -1.23104 100 39 0 0 0 0 0 0 0 0 0 -2.03426 100 30 0.283258 100 21 0 0 0 0 0 0 0 0
1900 -171.664 -0.730359 100 37 0 0 0 0 0 0 0 0 0 -2.21842 100 28 0.143637 100 28 0 0 0 0 0 0 0 0
2000 -171.779 -1.07222 100 36 0 0 0 0 0 0 0 0 0 -2.08473 100 26 -0.137204 100 27 0 0 0 0 0 0 0 0
2100 -173.107 -2.36863 100 40 0 0 0 0 0 0 0 0 0 -2.00746 100 22 -0.128662 100 22 0 0 0 0 0 0 0 0
2200 -177.756 0.364499 100 41 0 0 0 0 0 0 0 0 0 -2.89907 100 28 0.160703 100 25 0 0 0 0 0 0 0 0
2300 -172.248 -0.402937 100 48 0 0 0 0 0 0 0 0 0 -2.60645 100 22 0.517713 100 13 0 0 0 0 0 0 0 0
2400 -173.56 -1.43594 100 38 0 0 0 0 0 0 0 0 0 -2.28923 100 32 -0.253928 100 18 0 0 0 0 0 0 0 0
2500 -172.645 -0.927787 100 40 0 0 0 0 0 0 0 0 0 -1.98563 100 34 -0.370073 100 22 0 0 0 0 0 0 0 0
2600 -172.632 -1.46016 100 47 0 0 0 0 0 0 0 0 0 -2.48954 100 26 0.241219 100 25 0 0 0 0 0 0 0 0
2700 -172.179 -0.778394 100 30 0 0 0 0 0 0 0 0 0 -2.2731 100 36 -0.0744033 100 14 0 0 0 0 0 0 0 0
2800 -176.473 -1.40449 100 47 0 0 0 0 0 0 0 0 0 -2.40467 100 35 -0.436905 100 22 0 0 0 0 0 0 0 0
2900 -171.54 -1.11411 100 31 0 0 0 0 0 0 0 0 0 -2.13865 100 28 0.0365676 100 20 0 0 0 0 0 0 0 0
3000 -172.185 -1.84139 100 50 0 0 0 0 0 0 0 0 0 -2.11249 100 31 -0.0402836 100 18 0 0 0 0 0 0 0 0
3100 -171.889 -0.896883 100 40 0 0 0 0 0 0 0 0 0 -2.49832 100 18 0.446169 100 31 0 0 0 0 0 0 0 0
3200 -172.213 -0.537555 100 35 0 0 0 0 0 0 0 0 0 -2.1282 100 26 0.0765481 100 13 0 0 0 0 0 0 0 0
3300 -173.382 -0.662048 100 41 0 0 0 0 0 0 0 0 0 -2.71392 100 23 0.317581 100 22 0 0 0 0 0 0 0 0
3400 -175.861 0.00392775 100 38 0 0 0 0 0 0 0 0 0 -2.22812 100 30 0.554246 100 22 0 0 0 0 0 0 0 0
3500 -172.696 -1.63878 100 48 0 0 0 0 0 0 0 0 0 -1.92908 100 27 -0.415166 100 21 0 0 0 0 0 0 0 0
3600 -173.195 -2.17395 100 34 0 0 0 0 0 0 0 0 0 -2.22113 100 23 -0.0560648 100 23 0 0 0 0 0 0 0 0
3700 -173.436 0.069304 100 45 0 0 0 0 0 0 0 0 0 -2.50891 100 32 0.264025 100 27 0 0 0 0 0 0 0 0
3800 -172.247 -0.678751 100 37 0 0 0 0 0 0 0 0 0 -2.11226 100 29 -0.157791 100 11 0 0 0 0 0 0 0 0
3900 -177.038 0.173094 100 48 0 0 0 0 0 0 0 0 0 -2.07859 100 21 0.268959 100 19 0 0 0 0 0 0 0 0
4000 -172.191 -0.339237 100 42 0 0 0 0 0 0 0 0 0 -2.47004 100 27 0.452621 100 17 0 0 0 0 0 0 0 0
4100 -175.015 0.504509 100 36 0 0 0 0 0 0 0 0 0 -2.79937 100 28 0.57508 100 22 0 0 0 0 0 0 0 0
4200 -175.464 -2.34564 100 40 0 0 0 0 0 0 0 0 0 -1.48769 100 33 -0.551578 100 21 0 0 0 0 0 0 0 0
4300 -171.902 -1.0218 100 31 0 0 0 0 0 0 0 0 0 -2.12866 100 32 0.213868 100 20 0 0 0 0 0 0 0 0
4400 -172.179 -1.26453 100 39 0 0 0 0 0 0 0 0 0 -2.49442 100 30 0.448667 100 17 0 0 0 0 0 0 0 0
4500 -172.469 -0.669233 100 38 0 0 0 0 0 0 0 0 0 -2.40601 100 19 0.0245842 100 20 0 0 0 0 0 0 0 0
4600 -173.728 -0.212528 100 37 0 0 0 0 0 0 0 0 0 -2.83828 100 34 0.489086 100 21 0 0 0 0 0 0 0 0
4700 -172.563 -2.06379 100 37 0 0 0 0 0 0 0 0 0 -2.10177 100 27 -0.0631659 100 14 0 0 0 0 0 0 0 0
4800 -173.872 -2.41168 100 32 0 0 0 0 0 0 0 0 0 -2.37831 100 33 0.24827 100 22 0 0 0 0 0 0 0 0
4900 -172.251 -0.351478 100 28 0 0 0 0 0 0 0 0 0 -2.28457 100 35 0.160263 100 15 0 0 0 0 0 0 0 0
5000 -176.682 -0.690009 100 35 0 0 0 0 0 0 0 0 0 -3.30882 100 35 1.38474 100 23 0 0 0 0 0 0 0 0
5100 -172.52 -1.0838 100 45 0 0 0 0 0 0 0 0 0 -2.25651 100 29 0.464767 100 14 0 0 0 0 0 0 0 0
5200 -173.249 -1.70825 100 32 0 0 0 0 0 0 0 0 0 -2.58396 100 32 0.477744 100 25 0 0 0 0 0 0 0 0
5300 -174.997 -2.59162 100 44 0 0 0 0 0 0 0 0 0 -2.25014 100 26 0.475191 100 24 0 0 0 0 0 0 0 0
5400 -174.737 0.218778 100 34 0 0 0 0 0 0 0 0 0 -2.58912 100 34 0.159348 100 27 0 0 0 0 0 0 0 0
5500 -172.013 -0.768372 100 40 0 0 0 0 0 0 0 0 0 -2.08142 100 25 0.0953534 100 24 0 0 0 0 0 0 0 0
5600 -173.58 -0.638087 100 48 0 0 0 0 0 0 0 0 0 -1.84436 100 26 -0.166363 100 21 0 0 0 0 0 0 0 0
5700 -173.513 -0.740737 100 41 0 0 0 0 0 0 0 0 0 -1.8137 100 37 -0.375485 100 22 0 0 0 0 0 0 0 0
5800 -172.668 -2.01346 100 46 0 0 0 0 0 0 0 0 0 -2.27097 100 30 0.165658 100 30 0 0 0 0 0 0 0 0
5900 -174.572 -0.978101 100 39 0 0 0 0 0 0 0 0 0 -2.59317 100 30 0.94756 100 14 0 0 0 0 0 0 0 0
6000 -172.416 -0.777031 100 31 0 0 0 0 0 0 0 0 0 -2.52882 100 27 0.206039 100 21 0 0 0 0 0 0 0 0
6100 -173.195 -1.24212 100 37 0 0 0 0 0 0 0 0 0 -2.44411 100 34 -0.02084 100 24 0 0 0 0 0 0 0 0
6200 -175.065 -3.15048 100 36 0 0 0 0 0 0 0 0 0 -1.87629 100 35 -0.297819 100 18 0 0 0 0 0 0 0 0
6300 -172.354 -0.702597 100 36 0 0 0 0 0 0 0 0 0 -2.20917 100 30 0.360846 100 23 0 0 0 0 0 0 0 0
6400 -172.875 -0.665971 100 35 0 0 0 0 0 0 0 0 0 -2.26048 100 30 0.493086 100 17 0 0 0 0 0 0 0 0
6500 -172.85 -0.63494 100 36 0 0 0 0 0 0 0 0 0 -2.34553 100 38 0.573925 100 20 0 0 0 0 0 0 0 0
6600 -174.205 0.103 100 36 0 0 0 0 0 0 0 0 0 -2.56666 100 23 0.153941 100 25 0 0 0 0 0 0 0 0
6700 -171.739 -1.02656 100 42 0 0 0 0 0 0 0 0 0 -2.163 100 28 -0.0787263 100 17 0 0 0 0 0 0 0 0
6800 -172.63 -1.73918 100 45 0 0 0 0 0 0 0 0 0 -2.12857 100 33 -0.224289 100 20 0 0 0 0 0 0 0 0
6900 -173.969 -0.302771 100 41 0 0 0 0 0 0 0 0 0 -2.08591 100 33 0.26662 100 16 0 0 0 0 0 0 0 0
7000 -172.269 -0.605235 100 38 0 0 0 0 0 0 0 0 0 -2.06838 100 32 -0.0580725 100 19 0 0 0 0 0 0 0 0
7100 -171.576 -0.89287 100 34 0 0 0 0 0 0 0 0 0 -2.22994 100 29 0.0687169 100 24 0 0 0 0 0 0 0 0
7200 -174.459 -1.74881 100 40 0 0 0 0 0 0 0 0 0 -1.59705 100 33 -0.280756 100 14 0 0 0 0 0 0 0 0
7300 -171.954 -0.966769 100 36 0 0 0 0 0 0 0 0 0 -1.99741 100 29 -0.0393283 100 22 0 0 0 0 0 0 0 0
7400 -176.483 0.49431 100 38 0 0 0 0 0 0 0 0 0 -2.36929 100 21 0.35967 100 18 0 0 0 0 0 0 0 0
7500 -173.686 -1.11438 100 41 0 0 0 0 0 0 0 0 0 -2.77839 100 35 0.478151 100 22 0 0 0 0 0 0 0 0
7600 -173.765 -0.73784 100 29 0 0 0 0 0 0 0 0 0 -2.55823 100 28 0.857816 100 24 0 0 0 0 0 0 0 0
7700 -172.66 -0.29912 100 42 0 0 0 0 0 0 0 0 0 -2.38767 100 32 0.496418 100 31 0 0 0 0 0 0 0 0
7800 -172.027 -0.546895 100 34 0 0 0 0 0 0 0 0 0 -2.33655 100 36 0.0897496 100 19 0 0 0 0 0 0 0 0
7900 -174.776 -1.18738 100 42 0 0 0 0 0 0 0 0 0 -2.83961 100 28 0.409796 100 20 0 0 0 0 0 0 0 0
8000 -176.11 0.154507 100 43 0 0 0 0 0 0 0 0 0 -2.99612 100 25 0.424432 100 29 0 0 0 0 0 0 0 0
8100 -174.554 0.397436 100 31 0 0 0 0 0 0 0 0 0 -2.94366 100 25 0.818501 100 16 0 0 0 0 0 0 0 0
8200 -171.872 -1.19978 100 41 0 0 0 0 0 0 0 0 0 -1.97839 100 41 -0.0571253 100 30 0 0 0 0 0 0 0 0
8300 -171.942 -0.714183 100 29 0 0 0 0 0 0 0 0 0 -2.53593 100 24 0.431796 100 18 0 0 0 0 0 0 0 0
8400 -174.258 -2.1945 100 42 0 0 0 0 0 0 0 0 0 -2.48178 100 35 0.164049 100 22 0 0 0 0 0 0 0 0
8500 -172.382 -1.71123 100 36 0 0 0 0 0 0 0 0 0 -2.27622 100 29 0.332229 100 23 0 0 0 0 0 0 0 0
8600 -171.728 -0.771647 100 32 0 0 0 0 0 0 0 0 0 -2.23513 100 19 0.0293042 100 20 0 0 0 0 0 0 0 0
8700 -173.222 -1.1005 100 29 0 0 0 0 0 0 0 0 0 -1.99772 100 34 -0.49457 100 19 0 0 0 0 0 0 0 0
8800 -172.94 -0.339221 100 35 0 0 0 0 0 0 0 0 0 -2.76968 100 32 0.797984 100 26 0 0 0 0 0 0 0 0
8900 -172.021 -1.0673 100 40 0 0 0 0 0 0 0 0 0 -2.48725 100 32 0.483954 100 19 0 0 0 0 0 0 0 0
9000 -172.154 -1.10846 100 34 0 0 0 0 0 0 0 0 0 -2.09924 100 33 0.235755 100 20 0 0 0 0 0 0 0 0
9100 -174.972 0.217699 100 37 0 0 0 0 0 0 0 0 0 -2.32279 100 24 0.0282602 100 24 0 0 0 0 0 0 0 0
9200 -172.062 -1.42004 100 37 0 0 0 0 0 0 0 0 0 -2.22805 100 35 0.319152 100 19 0 0 0 0 0 0 0 0
9300 -172.376 -0.275043 100 38 0 0 0 0 0 0 0 0 0 -2.56251 100 23 0.394376 100 23 0 0 0 0 0 0 0 0
9400 -173.552 -1.92508 100 41 0 0 0 0 0 0 0 0 0 -2.46415 100 24 0.158483 100 20 0 0 0 0 0 0 0 0
9500 -173.739 -0.310016 100 30 0 0 0 0 0 0 0 0 0 -2.81907 100 31 0.440122 100 21 0 0 0 0 0 0 0 0
9600 -172.291 -0.528795 100 38 0 0 0 0 0 0 0 0 0 -2.64628 100 30 0.566001 100 27 0 0 0 0 0 0 0 0
9700 -172.398 -0.837928 100 31 0 0 0 0 0 0 0 0 0 -2.63859 100 36 0.45576 100 18 0 0 0 0 0 0 0 0
9800 -174.902 -2.52332 100 39 0 0 0 0 0 0 0 0 0 -1.86492 100 34 -0.613072 100 25 0 0 0 0 0 0 0 0
9900 -171.582 -1.15839 100 42 0 0 0 0 0 0 0 0 0 -2.24569 100 32 0.08319 100 20 0 0 0 0 0 0 0 0
10000 -171.685 -0.992357 100 33 0 0 0 0 0 0 0 0 0 -2.32742 100 22 0.119961 100 22 0 0 0 0 0 0 0 0
10100 -172.209 -1.67152 100 32 0 0 0 0 0 0 0 0 0 -1.90622 100 27 -0.211608 100 18 0 0 0 0 0 0 0 0
10200 -172.479 -0.82516 100 40 0 0 0 0 0 0 0 0 0 -2.67872 100 26 0.596721 100 19 0 0 0 0 0 0 0 0
10300 -172.884 -0.339403 100 40 0 0 0 0 0 0 0 0 0 -2.56827 100 23 0.21028 100 19 0 0 0 0 0 0 0 0
10400 -173.086 -0.318786 100 40 0 0 0 0 0 0 0 0 0 -2.36133 100 36 -0.0437173 100 18 0 0 0 0 0 0 0 0
10500 -174.243 0.248949 100 32 0 0 0 0 0 0 0 0 0 -2.97098 100 30 0.838548 100 23 0 0 0 0 0 0 0 0
10600 -171.93 -0.517624 100 44 0 0 0 0 0 0 0 0 0 -2.39887 100 29 0.398455 100 22 0 0 0 0 0 0 0 0
10700 -173.629 -1.16045 100 36 0 0 0 0 0 0 0 0 0 -2.50297 100 26 0.780479 100 19 0 0 0 0 0 0 0 0
10800 -172.745 -2.17721 100 29 0 0 0 0 0 0 0 0 0 -2.10128 100 29 -0.0393907 100 20 0 0 0 0 0 0 0 0
10900 -171.912 -0.581376 100 45 0 0 0 0 0 0 0 0 0 -2.34 100 30 0.369374 100 22 0 0 0 0 0 0 0 0
11000 -172.874 -0.377487 100 32 0 0 0 0 0 0 0 0 0 -2.11748 100 34 -0.10818 100 26 0 0 0 0 0 0 0 0
11100 -171.944 -1.51364 100 24 0 0 0 0 0 0 0 0 0 -1.97719 100 23 -0.175901 100 22 0 0 0 0 0 0 0 0
11200 -173.393 0.0897908 100 47 0 0 0 0 0 0 0 0 0 -2.58436 100 35 0.618678 100 21 0 0 0 0 0 0 0 0
11300 -172.192 -1.47685 100 36 0 0 0 0 0 0 0 0 0 -2.06587 100 37 -0.246232 100 26 0 0 0 0 0 0 0 0
11400 -171.967 -0.563903 100 37 0 0 0 0 0 0 0 0 0 -2.18747 100 26 0.0943722 100 18 0 0 0 0 0 0 0 0
11500 -172.763 -1.85579 100 33 0 0 0 0 0 0 0 0 0 -1.9477 100 32 0.0635233 100 18 0 0 0 0 0 0 0 0
11600 -174.263 -1.01163 100 34 0 0 0 0 0 0 0 0 0 -1.64174 100 30 -0.474964 100 21 0 0 0 0 0 0 0 0
11700 -172.039 -0.807268 100 41 0 0 0 0 0 0 0 0 0 -2.07365 100 25 0.11095 100 16 0 0 0 0 0 0 0 0
11800 -172.389 -1.12215 100 47 0 0 0 0 0 0 0 0 0 -2.3357 100 27 -0.0483623 100 25 0 0 0 0 0 0 0 0
11900 -173.741 -0.515874 100 40 0 0 0 0 0 0 0 0 0 -1.97562 100 28 -0.403472 100 18 0 0 0 0 0 0 0 0
12000 -171.844 -1.48723 100 38 0 0 0 0 0 0 0 0 0 -2.25434 100 24 0.0992704 100 25 0 0 0 0 0 0 0 0
12100 -172.956 -1.40696 100 27 0 0 0 0 0 0 0 0 0 -1.8541 100 29 0.0108038 100 20 0 0 0 0 0 0 0 0
12200 -173.007 -2.32785 100 45 0 0 0 0 0 0 0 0 0 -2.07153 100 26 -0.0325413 100 22 0 0 0 0 0 0 0 0
12300 -172.369 -1.77381 100 42 0 0 0 0 0 0 0 0 0 -2.31132 100 27 0.156786 100 13 0 0 0 0 0 0 0 0
12400 -172.734 -0.824761 100 33 0 0 0 0 0 0 0 0 0 -2.4566 100 25 0.661611 100 23 0 0 0 0 0 0 0 0
12500 -171.964 -0.909251 100 41 0 0 0 0 0 0 0 0 0 -2.47386 100 21 0.255131 100 18 0 0 0 0 0 0 0 0
12600 -171.954 -0.937101 100 38 0 0 0 0 0 0 0 0 0 -2.00888 100 36 -0.148901 100 20 0 0 0 0 0 0 0 0
12700 -173.286 -1.94038 100 37 0 0 0 0 0 0 0 0 0 -2.26328 100 22 0.436685 100 27 0 0 0 0 0 0 0 0
12800 -171.638 -0.74991 100 37 0 0 0 0 0 0 0 0 0 -2.22217 100 24 0.117209 100 24 0 0 0 0 0 0 0 0
12900 -172.486 -0.69321 100 40 0 0 0 0 0 0 0 0 0 -2.27777 100 30 -0.118449 100 16 0 0 0 0 0 0 0 0
13000 -172.439 -0.893596 100 43 0 0 0 0 0 0 0 0 0 -2.65829 100 30 0.557127 100 20 0 0 0 0 0 0 0 0
13100 -172.969 -0.937759 100 36 0 0 0 0 0 0 0 0 0 -2.17388 100 23 0.435929 100 19 0 0 0 0 0 0 0 0
13200 -173.952 -1.70454 100 38 0 0 0 0 0 0 0 0 0 -1.93076 100 29 0.232968 100 24 0 0 0 0 0 0 0 0
13300 -172.177 -0.350406 100 47 0 0 0 0 0 0 0 0 0 -2.40061 100 35 0.223434 100 20 0 0 0 0 0 0 0 0
13400 -172.812 -1.6982 100 27 0 0 0 0 0 0 0 0 0 -2.45808 100 26 0.244335 100 26 0 0 0 0 0 0 0 0
13500 -172.139 -0.999086 100 43 0 0 0 0 0 0 0 0 0 -2.01066 100 32 -0.258193 100 27 0 0 0 0 0 0 0 0
13600 -175.377 0.518837 100 34 0 0 0 0 0 0 0 0 0 -3.09152 100 27 0.895044 100 14 0 0 0 0 0 0 0 0
13700 -172.054 -1.00616 100 35 0 0 0 0 0 0 0 0 0 -2.50997 100 38 0.510145 100 18 0 0 0 0 0 0 0 0
13800 -171.703 -1.10436 100 41 0 0 0 0 0 0 0 0 0 -2.08231 100 30 -0.105939 100 18 0 0 0 0 0 0 0 0
13900 -173.376 -1.63276 100 36 0 0 0 0 0 0 0 0 0 -1.78966 100 32 -0.0428774 100 16 0 0 0 0 0 0 0 0
14000 -173.644 -0.717109 100 30 0 0 0 0 0 0 0 0 0 -2.37617 100 26 0.698719 100 24 0 0 0 0 0 0 0 0
14100 -172.131 -0.881566 100 36 0 0 0 0 0 0 0 0 0 -2.21904 100 22 -0.126838 100 17 0 0 0 0 0 0 0 0
14200 -172.091 -0.885947 100 31 0 0 0 0 0 0 0 0 0 -2.01444 100 30 0.0367869 100 19 0 0 0 0 0 0 0 0
14300 -172.268 -1.34029 100 26 0 0 0 0 0 0 0 0 0 -2.26136 100 29 -0.0869159 100 17 0 0 0 0 0 0 0 0
14400 -172.463 -1.11337 100 33 0 0 0 0 0 0 0 0 0 -2.5993 100 28 0.589477 100 17 0 0 0 0 0 0 0 0
14500 -172.533 -0.631837 100 42 0 0 0 0 0 0 0 0 0 -2.41394 100 39 0.589788 100 21 0 0 0 0 0 0 0 0
14600 -173.032 -1.61417 100 42 0 0 0 0 0 0 0 0 0 -2.5272 100 27 0.28096 100 20 0 0 0 0 0 0 0 0
14700 -171.912 -1.48972 100 37 0 0 0 0 0 0 0 0 0 -2.22002 100 43 0.00423077 100 19 0 0 0 0 0 0 0 0
14800 -174.388 -2.9069 100 36 0 0 0 0 0 0 0 0 0 -2.11502 100 31 -0.0216547 100 22 0 0 0 0 0 0 0 0
14900 -173.395 -1.23927 100 34 0 0 0 0 0 0 0 0 0 -2.04737 100 32 0.343362 100 25 0 0 0 0 0 0 0 0
15000 -171.695 -0.971835 100 28 0 0 0 0 0 0 0 0 0 -2.37974 100 28 0.367291 100 26 0 0 0 0 0 0 0 0
15100 -171.519 -0.93503 100 42 0 0 0 0 0 0 0 0 0 -2.22806 100 32 0.155328 100 19 0 0 0 0 0 0 0 0
15200 -172.4 -0.704853 100 42 0 0 0 0 0 0 0 0 0 -2.61287 100 29 0.365751 100 29 0 0 0 0 0 0 0 0
15300 -173.437 0.024159 100 35 0 0 0 0 0 0 0 0 0 -2.59433 100 30 0.288538 100 17 0 0 0 0 0 0 0 0
15400 -174.187 -0.957108 100 41 0 0 0 0 0 0 0 0 0 -2.00729 100 24 -0.605381 100 21 0 0 0 0 0 0 0 0
15500 -172.25 -0.430381 100 43 0 0 0 0 0 0 0 0 0 -2.37633 100 31 0.111107 100 18 0 0 0 0 0 0 0 0
15600 -175.352 -1.18797 100 35 0 0 0 0 0 0 0 0 0 -2.98044 100 29 0.620488 100 26 0 0 0 0 0 0 0 0
15700 -174.827 -2.5463 100 37 0 0 0 0 0 0 0 0 0 -1.93647 100 27 -0.54197 100 21 0 0 0 0 0 0 0 0
15800 -173.398 -1.82636 100 41 0 0 0 0 0 0 0 0 0 -1.81507 100 34 -0.562368 100 24 0 0 0 0 0 0 0 0
15900 -171.699 -1.26956 100 40 0 0 0 0 0 0 0 0 0 -2.26804 100 33 0.0838244 100 20 0 0 0 0 0 0 0 0
16000 -172.146 -1.03819 100 31 0 0 0 0 0 0 0 0 0 -2.48559 100 27 0.542085 100 20 0 0 0 0 0 0 0 0
16100 -177.524 -2.04464 100 38 0 0 0 0 0 0 0 0 0 -1.57284 100 31 -0.00405857 100 15 0 0 0 0 0 0 0 0
16200 -176.144 -3.07442 100 35 0 0 0 0 0 0 0 0 0 -2.50605 100 33 0.456353 100 19 0 0 0 0 0 0 0 0
16300 -172.424 -1.8428 100 39 0 0 0 0 0 0 0 0 0 -1.97824 100 35 0.0225745 100 21 0 0 0 0 0 0 0 0
16400 -172.051 -0.776856 100 39 0 0 0 0 0 0 0 0 0 -2.11646 100 21 0.181829 100 22 0 0 0 0 0 0 0 0
16500 -172.289 -0.841771 100 34 0 0 0 0 0 0 0 0 0 -2.48964 100 25 0.603386 100 18 0 0 0 0 0 0 0 0
16600 -176.841 0.673727 100 44 0 0 0 0 0 0 0 0 0 -3.05331 100 25 0.609806 100 21 0 0 0 0 0 0 0 0
16700 -171.566 -0.890621 100 30 0 0 0 0 0 0 0 0 0 -2.23575 100 27 0.0819416 100 15 0 0 0 0 0 0 0 0
16800 -172.482 -1.31442 100 50 0 0 0 0 0 0 0 0 0 -2.24366 100 25 0.430081 100 27 0 0 0 0 0 0 0 0
16900 -171.731 -0.866033 100 41 0 0 0 0 0 0 0 0 0 -2.24422 100 32 0.00912578 100 23 0 0 0 0 0 0 0 0
17000 -172.304 -0.375522 100 38 0 0 0 0 0 0 0 0 0 -2.24245 100 27 0.0929577 100 24 0 0 0 0 0 0 0 0
17100 -172.09 -0.992344 100 32 0 0 0 0 0 0 0 0 0 -2.55016 100 29 0.463389 100 24 0 0 0 0 0 0 0 0
17200 -171.765 -1.20947 100 41 0 0 0 0 0 0 0 0 0 -2.32382 100 35 0.123722 100 25 0 0 0 0 0 0 0 0
17300 -173.214 -0.539496 100 43 0 0 0 0 0 0 0 0 0 -2.229 100 35 0.474842 100 29 0 0 0 0 0 0 0 0
17400 -172.499 -0.225205 100 38 0 0 0 0 0 0 0 0 0 -2.3635 100 33 0.344055 100 22 0 0 0 0 0 0 0 0
17500 -172.115 -1.3021 100 44 0 0 0 0 0 0 0 0 0 -2.38129 100 35 0.445585 100 26 0 0 0 0 0 0 0 0
17600 -176.706 -1.41651 100 32 0 0 0 0 0 0 0 0 0 -2.94237 100 20 0.386937 100 27 0 0 0 0 0 0 0 0
17700 -172.359 -0.416629 100 41 0 0 0 0 0 0 0 0 0 -2.55801 100 33 0.611529 100 19 0 0 0 0 0 0 0 0
17800 -171.791 -0.731512 100 41 0 0 0 0 0 0 0 0 0 -2.44358 100 36 0.424092 100 17 0 0 0 0 0 0 0 0
17900 -172.784 -1.06995 100 37 0 0 0 0 0 0 0 0 0 -1.803 100 27 -0.271517 100 21 0 0 0 0 0 0 0 0
18000 -172.459 -0.781567 100 32 0 0 0 0 0 0 0 0 0 -1.94429 100 27 -0.108637 100 17 0 0 0 0 0 0 0 0
18100 -171.997 -0.680954 100 37 0 0 0 0 0 0 0 0 0 -2.45641 100 29 0.210702 100 17 0 0 0 0 0 0 0 0
18200 -175.437 -1.47262 100 37 0 0 0 0 0 0 0 0 0 -1.52826 100 28 -0.84771 100 23 0 0 0 0 0 0 0 0
18300 -173.608 -1.12321 100 36 0 0 0 0 0 0 0 0 0 -1.86549 100 30 -0.604568 100 25 0 0 0 0 0 0 0 0
18400 -172.748 -0.861318 100 45 0 0 0 0 0 0 0 0 0 -2.05259 100 31 0.244293 100 16 0 0 0 0 0 0 0 0
18500 -172.912 -1.46661 100 34 0 0 0 0 0 0 0 0 0 -2.45279 100 31 0.0970196 100 21 0 0 0 0 0 0 0 0
18600 -172.233 -1.03282 100 29 0 0 0 0 0 0 0 0 0 -2.03428 100 25 0.153271 100 26 0 0 0 0 0 0 0 0
18700 -172.866 -1.46719 100 32 0 0 0 0 0 0 0 0 0 -2.38046 100 34 -0.012136 100 21 0 0 0 0 0 0 0 0
18800 -172.499 -0.516332 100 41 0 0 0 0 0 0 0 0 0 -2.1713 100 40 0.269473 100 15 0 0 0 0 0 0 0 0
18900 -172.81 -0.12711 100 34 0 0 0 0 0 0 0 0 0 -2.44322 100 25 0.212904 100 23 0 0 0 0 0 0 0 0
19000 -173.491 -0.80251 100 35 0 0 0 0 0 0 0 0 0 -2.83121 100 31 0.565743 100 22 0 0 0 0 0 0 0 0
19100 -173.705 -0.0431728 100 33 0 0 0 0 0 0 0 0 0 -2.46381 100 27 0.0677532 100 23 0 0 0 0 0 0 0 0
19200 -171.674 -0.975367 100 37 0 0 0 0 0 0 0 0 0 -2.10578 100 28 -0.0584008 100 21 0 0 0 0 0 0 0 0
19300 -172.907 -1.65252 100 37 0 0 0 0 0 0 0 0 0 -2.38936 100 23 0.0514572 100 19 0 0 0 0 0 0 0 0
19400 -172.794 -2.07739 100 29 0 0 0 0 0 0 0 0 0 -1.92159 100 26 -0.288566 100 28 0 0 0 0 0 0 0 0
19500 -173.212 -0.028381 100 37 0 0 0 0 0 0 0 0 0 -2.5347 100 28 0.623171 100 13 0 0 0 0 0 0 0 0
19600 -173.165 -1.16586 100 34 0 0 0 0 0 0 0 0 0 -1.74531 100 35 -0.245303 100 26 0 0 0 0 0 0 0 0
19700 -173.227 -0.480815 100 32 0 0 0 0 0 0 0 0 0 -2.35585 100 19 -0.125941 100 21 0 0 0 0 0 0 0 0
19800 -172.515 -0.983455 100 35 0 0 0 0 0 0 0 0 0 -2.25742 100 32 -0.170497 100 22 0 0 0 0 0 0 0 0
19900 -171.576 -1.22012 100 41 0 0 0 0 0 0 0 0 0 -2.11666 100 34 6.01398e-05 100 19 0 0 0 0 0 0 0 0
20000 -174.002 -0.0717229 100 30 0 0 0 0 0 0 0 0 0 -2.37455 100 36 -0.0647492 100 23 0 0 0 0 0 0 0 0
20100 -175.29 -3.12623 100 42 0 0 0 0 0 0 0 0 0 -1.78629 100 22 -0.191899 100 24 0 0 0 0 0 0 0 0
20200 -172.258 -0.33127 100 31 0 0 0 0 0 0 0 0 0 -2.46139 100 31 0.473762 100 18 0 0 0 0 0 0 0 0
20300 -172.555 -1.32566 100 35 0 0 0 0 0 0 0 0 0 -1.80959 100 24 -0.221419 100 23 0 0 0 0 0 0 0 0
20400 -173.786 -2.411 100 50 0 0 0 0 0 0 0 0 0 -2.04549 100 20 0.190855 100 18 0 0 0 0 0 0 0 0
20500 -172.272 -1.44854 100 35 0 0 0 0 0 0 0 0 0 -1.90564 100 30 -0.0518061 100 26 0 0 0 0 0 0 0 0
20600 -175.206 -1.99252 100 40 0 0 0 0 0 0 0 0 0 -1.99137 100 30 -0.67955 100 16 0 0 0 0 0 0 0 0
20700 -174.256 -2.86682 100 39 0 0 0 0 0 0 0 0 0 -1.96745 100 39 -0.0581173 100 13 0 0 0 0 0 0 0 0
20800 -175.691 -0.150168 100 45 0 0 0 0 0 0 0 0 0 -2.99346 100 34 0.438459 100 20 0 0 0 0 0 0 0 0
20900 -173.954 -2.49496 100 32 0 0 0 0 0 0 0 0 0 -2.3106 100 33 0.332206 100 19 0 0 0 0 0 0 0 0
21000 -172.331 -0.781088 100 37 0 0 0 0 0 0 0 0 0 -1.96623 100 25 -0.122819 100 21 0 0 0 0 0 0 0 0
21100 -174.24 0.189962 100 34 0 0 0 0 0 0 0 0 0 -2.38301 100 23 0.182506 100 21 0 0 0 0 0 0 0 0
21200 -172.711 -1.47712 100 48 0 0 0 0 0 0 0 0 0 -2.55209 100 34 0.508724 100 25 0 0 0 0 0 0 0 0
21300 -173.238 -0.684495 100 37 0 0 0 0 0 0 0 0 0 -1.98297 100 23 -0.402311 100 24 0 0 0 0 0 0 0 0
21400 -176.082 -0.559612 100 38 0 0 0 0 0 0 0 0 0 -3.27909 100 40 1.07095 100 20 0 0 0 0 0 0 0 0
21500 -172.459 -0.234523 100 45 0 0 0 0 0 0 0 0 0 -2.53931 100 23 0.348249 100 20 0 0 0 0 0 0 0 0
21600 -172.084 -0.72618 100 33 0 0 0 0 0 0 0 0 0 -2.16139 100 26 0.244845 100 18 0 0 0 0 0 0 0 0
21700 -173.637 -1.74877 100 47 0 0 0 0 0 0 0 0 0 -2.06113 100 30 -0.461852 100 20 0 0 0 0 0 0 0 0
21800 -172.141 -0.580846 100 45 0 0 0 0 0 0 0 0 0 -2.116 100 30 0.0448011 100 22 0 0 0 0 0 0 0 0
21900 -172.153 -1.79419 100 42 0 0 0 0 0 0 0 0 0 -2.01672 100 28 -0.0163865 100 21 0 0 0 0 0 0 0 0
22000 -173.236 -1.93777 100 31 0 0 0 0 0 0 0 0 0 -1.94976 100 30 -0.446322 100 13 0 0 0 0 0 0 0 0
22100 -174.718 -1.33268 100 32 0 0 0 0 0 0 0 0 0 -1.54626 100 31 -0.474344 100 20 0 0 0 0 0 0 0 0
22200 -173.114 -0.778773 100 36 0 0 0 0 0 0 0 0 0 -1.90427 100 31 0.0133905 100 33 0 0 0 0 0 0 0 0
22300 -172.664 -0.254341 100 37 0 0 0 0 0 0 0 0 0 -2.38711 100 34 0.107314 100 22 0 0 0 0 0 0 0 0
22400 -173.767 -0.822096 100 41 0 0 0 0 0 0 0 0 0 -2.74999 100 30 0.330083 100 23 0 0 0 0 0 0 0 0
22500 -171.939 -0.716515 100 37 0 0 0 0 0 0 0 0 0 -2.22246 100 26 -0.0382886 100 28 0 0 0 0 0 0 0 0
22600 -172.128 -1.44031 100 42 0 0 0 0 0 0 0 0 0 -2.36929 100 33 0.394073 100 27 0 0 0 0 0 0 0 0
22700 -171.764 -1.01235 100 40 0 0 0 0 0 0 0 0 0 -2.03891 100 30 -0.0880477 100 14 0 0 0 0 0 0 0 0
22800 -175.093 -2.75335 100 35 0 0 0 0 0 0 0 0 0 -1.62764 100 29 -0.540122 100 24 0 0 0 0 0 0 0 0
22900 -174.365 -2.54146 100 33 0 0 0 0 0 0 0 0 0 -1.9023 100 24 0.0816509 100 22 0 0 0 0 0 0 0 0
23000 -173.573 -1.42691 100 38 0 0 0 0 0 0 0 0 0 -2.00992 100 25 0.311459 100 22 0 0 0 0 0 0 0 0
23100 -174.329 0.177956 100 38 0 0 0 0 0 0 0 0 0 -2.86084 100 29 0.996522 100 22 0 0 0 0 0 0 0 0
23200 -171.604 -0.995247 100 32 0 0 0 0 0 0 0 0 0 -2.24194 100 40 0.248087 100 18 0 0 0 0 0 0 0 0
23300 -171.701 -1.18783 100 40 0 0 0 0 0 0 0 0 0 -2.03649 100 28 -0.0888367 100 23 0 0 0 0 0 0 0 0
23400 -173.051 -1.54573 100 30 0 0 0 0 0 0 0 0 0 -1.77035 100 29 -0.512608 100 24 0 0 0 0 0 0 0 0
23500 -172.464 -0.51425 100 38 0 0 0 0 0 0 0 0 0 -2.47628 100 33 0.609814 100 20 0 0 0 0 0 0 0 0
23600 -178.095 -3.43134 100 44 0 0 0 0 0 0 0 0 0 -2.58377 100 34 0.718074 100 25 0 0 0 0 0 0 0 0
23700 -171.749 -1.09409 100 33 0 0 0 0 0 0 0 0 0 -2.09832 100 24 -0.123059 100 19 0 0 0 0 0 0 0 0
23800 -173.058 -0.444714 100 42 0 0 0 0 0 0 0 0 0 -2.02381 100 26 -0.172759 100 18 0 0 0 0 0 0 0 0
23900 -171.953 -1.43942 100 30 0 0 0 0 0 0 0 0 0 -1.94504 100 24 -0.145515 100 22 0 0 0 0 0 0 0 0
24000 -172.161 -1.1961 100 42 0 0 0 0 0 0 0 0 0 -2.27872 100 35 0.417549 100 18 0 0 0 0 0 0 0 0
24100 -172.472 -0.875606 100 45 0 0 0 0 0 0 0 0 0 -2.04209 100 38 0.184759 100 25 0 0 0 0 0 0 0 0
24200 -173.606 0.0151305 100 41 0 0 0 0 0 0 0 0 0 -2.89254 100 27 0.86832 100 25 0 0 0 0 0 0 0 0
24300 -174.47 -2.33086 100 36 0 0 0 0 0 0 0 0 0 -2.18182 100 31 -0.300754 100 21 0 0 0 0 0 0 0 0
24400 -174.299 -1.41269 100 45 0 0 0 0 0 0 0 0 0 -1.69934 100 31 -0.746365 100 23 0 0 0 0 0 0 0 0
24500 -173.125 -1.86188 100 39 0 0 0 0 0 0 0 0 0 -2.48956 100 29 0.357377 100 25 0 0 0 0 0 0 0 0
24600 -174.23 -2.16869 100 35 0 0 0 0 0 0 0 0 0 -1.63841 100 33 -0.302159 100 19 0 0 0 0 0 0 0 0
24700 -173.56 -0.924271 100 39 0 0 0 0 0 0 0 0 0 -1.74762 100 22 -0.253191 100 14 0 0 0 0 0 0 0 0
24800 -173.473 -2.26495 100 31 0 0 0 0 0 0 0 0 0 -1.75818 100 26 -0.356403 100 15 0 0 0 0 0 0 0 0
24900 -172.54 -0.46636 100 45 0 0 0 0 0 0 0 0 0 -2.12192 100 25 0.14225 100 18 0 0 0 0 0 0 0 0
25000 -172.174 -0.78831 100 37 0 0 0 0 0 0 0 0 0 -2.5441 100 28 0.305304 100 24 0 0 0 0 0 0 0 0
25100 -173.648 -0.126385 100 34 0 0 0 0 0 0 0 0 0 -2.3514 100 34 -0.0503425 100 27 0 0 0 0 0 0 0 0
25200 -175.095 -0.254531 100 33 0 0 0 0 0 0 0 0 0 -1.89846 100 25 -0.359548 100 21 0 0 0 0 0 0 0 0
25300 -172.555 -0.191552 100 38 0 0 0 0 0 0 0 0 0 -2.45092 100 37 0.461166 100 23 0 0 0 0 0 0 0 0
25400 -174.428 -1.6145 100 38 0 0 0 0 0 0 0 0 0 -2.71926 100 25 0.867578 100 24 0 0 0 0 0 0 0 0
25500 -175.92 0.171573 100 41 0 0 0 0 0 0 0 0 0 -2.46229 100 24 0.801611 100 31 0 0 0 0 0 0 0 0
25600 -173.026 -1.64981 100 45 0 0 0 0 0 0 0 0 0 -1.92704 100 31 -0.481261 100 15 0 0 0 0 0 0 0 0
25700 -173.743 -1.17317 100 37 0 0 0 0 0 0 0 0 0 -2.80709 100 34 0.567413 100 23 0 0 0 0 0 0 0 0
25800 -171.891 -1.61172 100 23 0 0 0 0 0 0 0 0 0 -2.0372 100 24 -0.0669438 100 26 0 0 0 0 0 0 0 0
25900 -171.798 -1.27775 100 39 0 0 0 0 0 0 0 0 0 -2.26495 100 29 0.302794 100 23 0 0 0 0 0 0 0 0
26000 -174.892 -2.54764 100 38 0 0 0 0 0 0 0 0 0 -2.53405 100 30 0.434905 100 25 0 0 0 0 0 0 0 0
26100 -173.456 -0.578235 100 34 0 0 0 0 0 0 0 0 0 -1.8885 100 31 -0.116966 100 27 0 0 0 0 0 0 0 0
26200 -173.004 -1.07596 100 46 0 0 0 0 0 0 0 0 0 -1.77031 100 30 -0.300705 100 17 0 0 0 0 0 0 0 0
26300 -171.522 -1.00443 100 40 0 0 0 0 0 0 0 0 0 -2.17681 100 31 0.0886079 100 24 0 0 0 0 0 0 0 0
26400 -175.885 0.536534 100 46 0 0 0 0 0 0 0 0 0 -3.12906 100 32 1.24116 100 18 0 0 0 0 0 0 0 0
26500 -174.284 -1.09502 100 35 0 0 0 0 0 0 0 0 0 -2.59387 100 30 0.910924 100 23 0 0 0 0 0 0 0 0
26600 -173.985 0.224765 100 43 0 0 0 0 0 0 0 0 0 -2.72061 100 30 0.452671 100 25 0 0 0 0 0 0 0 0
26700 -172.652 -0.749573 100 43 0 0 0 0 0 0 0 0 0 -2.12671 100 28 0.312494 100 20 0 0 0 0 0 0 0 0
26800 -174.045 -0.306677 100 40 0 0 0 0 0 0 0 0 0 -2.04885 100 30 0.208099 100 17 0 0 0 0 0 0 0 0
26900 -173.596 -1.15009 100 38 0 0 0 0 0 0 0 0 0 -1.98462 100 23 -0.559056 100 21 0 0 0 0 0 0 0 0
27000 -172.381 -1.61202 100 35 0 0 0 0 0 0 0 0 0 -2.28435 100 24 -0.00499434 100 24 0 0 0 0 0 0 0 0
27100 -172.155 -1.27509 100 43 0 0 0 0 0 0 0 0 0 -1.88892 100 26 -0.236236 100 25 0 0 0 0 0 0 0 0
27200 -172.095 -1.13119 100 43 0 0 0 0 0 0 0 0 0 -2.32801 100 25 0.00683211 100 17 0 0 0 0 0 0 0 0
27300 -172.544 -0.280441 100 30 0 0 0 0 0 0 0 0 0 -2.32483 100 23 0.0910458 100 28 0 0 0 0 0 0 0 0
27400 -174.339 -2.38492 100 37 0 0 0 0 0 0 0 0 0 -1.63423 100 24 -0.420991 100 17 0 0 0 0 0 0 0 0
27500 -171.697 -1.31981 100 42 0 0 0 0 0 0 0 0 0 -2.06784 100 24 -0.0910985 100 19 0 0 0 0 0 0 0 0
27600 -171.959 -1.10546 100 36 0 0 0 0 0 0 0 0 0 -2.39406 100 30 0.142147 100 23 0 0 0 0 0 0 0 0
27700 -173.171 -2.19586 100 34 0 0 0 0 0 0 0 0 0 -2.27954 100 38 0.29198 100 22 0 0 0 0 0 0 0 0
27800 -173.729 -1.20283 100 41 0 0 0 0 0 0 0 0 0 -1.83065 100 26 -0.639385 100 16 0 0 0 0 0 0 0 0
27900 -173.02 -1.14288 100 30 0 0 0 0 0 0 0 0 0 -2.06883 100 32 -0.421226 100 19 0 0 0 0 0 0 0 0
28000 -173.465 -0.870461 100 27 0 0 0 0 0 0 0 0 0 -1.83919 100 30 -0.502599 100 22 0 0 0 0 0 0 0 0
28100 -172.603 -1.64429 100 35 0 0 0 0 0 0 0 0 0 -2.06064 100 30 -0.308962 100 24 0 0 0 0 0 0 0 0
28200 -173.235 -2.1117 100 33 0 0 0 0 0 0 0 0 0 -2.07927 100 30 -0.278478 100 15 0 0 0 0 0 0 0 0
28300 -174.141 -0.26487 100 37 0 0 0 0 0 0 0 0 0 -3.04728 100 35 0.917433 100 20 0 0 0 0 0 0 0 0
28400 -172.213 -0.648615 100 37 0 0 0 0 0 0 0 0 0 -2.5601 100 35 0.606344 100 18 0 0 0 0 0 0 0 0
28500 -171.905 -0.522416 100 40 0 0 0 0 0 0 0 0 0 -2.26263 100 30 0.158228 100 20 0 0 0 0 0 0 0 0
28600 -172.048 -0.876868 100 34 0 0 0 0 0 0 0 0 0 -2.51774 100 31 0.309431 100 19 0 0 0 0 0 0 0 0
28700 -174.844 -2.26687 100 40 0 0 0 0 0 0 0 0 0 -2.45868 100 28 0.0332673 100 21 0 0 0 0 0 0 0 0
28800 -172.283 -1.56699 100 43 0 0 0 0 0 0 0 0 0 -2.08128 100 26 0.198458 100 15 0 0 0 0 0 0 0 0
28900 -174.08 -1.87259 100 37 0 0 0 0 0 0 0 0 0 -1.88795 100 33 -0.636459 100 25 0 0 0 0 0 0 0 0
29000 -174.076 -0.871147 100 39 0 0 0 0 0 0 0 0 0 -1.70158 100 31 -0.327877 100 21 0 0 0 0 0 0 0 0
29100 -177.149 -2.96761 100 39 0 0 0 0 0 0 0 0 0 -1.76604 100 24 -0.848501 100 17 0 0 0 0 0 0 0 0
29200 -171.905 -0.730993 100 32 0 0 0 0 0 0 0 0 0 -2.13765 100 36 -0.0595649 100 30 0 0 0 0 0 0 0 0
29300 -173.597 -1.931 100 21 0 0 0 0 0 0 0 0 0 -1.85953 100 27 -0.564141 100 25 0 0 0 0 0 0 0 0
29400 -173.802 -1.54777 100 45 0 0 0 0 0 0 0 0 0 -2.51066 100 25 0.742654 100 16 0 0 0 0 0 0 0 0
29500 -172.269 -0.429134 100 39 0 0 0 0 0 0 0 0 0 -2.2184 100 31 0.211476 100 21 0 0 0 0 0 0 0 0
29600 -173.365 -0.725796 100 42 0 0 0 0 0 0 0 0 0 -2.69766 100 27 0.296348 100 26 0 0 0 0 0 0 0 0
29700 -172.637 -1.62725 100 41 0 0 0 0 0 0 0 0 0 -1.96085 100 37 -0.389294 100 21 0 0 0 0 0 0 0 0
29800 -173.436 -2.45999 100 38 0 0 0 0 0 0 0 0 0 -1.926 100 24 -0.0743693 100 22 0 0 0 0 0 0 0 0
29900 -172.681 -1.66712 100 33 0 0 0 0 0 0 0 0 0 -1.78638 100 32 -0.340847 100 18 0 0 0 0 0 0 0 0
30000 -173.059 -0.32519 100 42 0 0 0 0 0 0 0 0 0 -2.81933 100 35 0.80991 100 23 0 0 0 0 0 0 0 0
30100 -172.365 -0.571851 100 39 0 0 0 0 0 0 0 0 0 -2.29576 100 34 0.434084 100 16 0 0 0 0 0 0 0 0
30200 -172.515 -0.453861 100 30 0 0 0 0 0 0 0 0 0 -2.15028 100 23 -0.0793683 100 13 0 0 0 0 0 0 0 0
30300 -171.816 -1.30995 100 37 0 0 0 0 0 0 0 0 0 -2.32587 100 31 0.318659 100 20 0 0 0 0 0 0 0 0
30400 -172.025 -1.70641 100 35 0 0 0 0 0 0 0 0 0 -2.17942 100 33 0.139825 100 15 0 0 0 0 0 0 0 0
30500 -172.161 -1.45718 100 27 0 0 0 0 0 0 0 0 0 -1.88436 100 23 -0.217794 100 23 0 0 0 0 0 0 0 0
30600 -173.395 -2.28205 100 34 0 0 0 0 0 0 0 0 0 -2.2261 100 31 0.29721 100 20 0 0 0 0 0 0 0 0
30700 -172.494 -0.892875 100 30 0 0 0 0 0 0 0 0 0 -2.48876 100 28 0.129978 100 18 0 0 0 0 0 0 0 0
30800 -173.159 -0.195038 100 35 0 0 0 0 0 0 0 0 0 -2.71765 100 33 0.413745 100 25 0 0 0 0 0 0 0 0
30900 -172.461 -0.24801 100 33 0 0 0 0 0 0 0 0 0 -2.37663 100 26 0.183604 100 20 0 0 0 0 0 0 0 0
31000 -172.267 -1.61521 100 43 0 0 0 0 0 0 0 0 0 -2.25629 100 27 -0.0133142 100 20 0 0 0 0 0 0 0 0
31100 -173.472 -0.495615 100 38 0 0 0 0 0 0 0 0 0 -2.72618 100 37 0.91847 100 16 0 0 0 0 0 0 0 0
31200 -172.239 -1.18108 100 44 0 0 0 0 0 0 0 0 0 -2.29557 100 31 0.446805 100 19 0 0 0 0 0 0 0 0
31300 -172.853 -1.39622 100 40 0 0 0 0 0 0 0 0 0 -2.01889 100 28 -0.423393 100 24 0 0 0 0 0 0 0 0
31400 -171.852 -1.01364 100 37 0 0 0 0 0 0 0 0 0 -2.33219 100 21 0.0664801 100 25 0 0 0 0 0 0 0 0
31500 -173.059 -1.9185 100 40 0 0 0 0 0 0 0 0 0 -2.4057 100 25 0.440725 100 25 0 0 0 0 0 0 0 0
31600 -173.243 -1.07266 100 35 0 0 0 0 0 0 0 0 0 -2.63778 100 26 0.803159 100 21 0 0 0 0 0 0 0 0
31700 -173.318 -2.08058 100 28 0 0 0 0 0 0 0 0 0 -2.08177 100 43 0.256376 100 25 0 0 0 0 0 0 0 0
31800 -173.56 0.0426783 100 40 0 0 0 0 0 0 0 0 0 -2.3515 100 31 0.169052 100 22 0 0 0 0 0 0 0 0
31900 -172.577 -1.56177 100 36 0 0 0 0 0 0 0 0 0 -2.39657 100 25 0.483905 100 14 0 0 0 0 0 0 0 0
32000 -174.163 -0.43729 100 44 0 0 0 0 0 0 0 0 0 -1.97306 100 29 -0.427864 100 23 0 0 0 0 0 0 0 0
32100 -172.677 -1.30957 100 44 0 0 0 0 0 0 0 0 0 -1.97301 100 21 -0.422634 100 15 0 0 0 0 0 0 0 0
32200 -171.861 -0.909741 100 33 0 0 0 0 0 0 0 0 0 -2.37892 100 33 0.4387 100 23 0 0 0 0 0 0 0 0
32300 -174.574 -2.19093 100 40 0 0 0 0 0 0 0 0 0 -1.57335 100 23 -0.429517 100 20 0 0 0 0 0 0 0 0
32400 -173.125 -0.328418 100 39 0 0 0 0 0 0 0 0 0 -2.47855 100 25 0.681807 100 21 0 0 0 0 0 0 0 0
32500 -174.06 -0.779712 100 30 0 0 0 0 0 0 0 0 0 -2.95502 100 33 0.979283 100 18 0 0 0 0 0 0 0 0
32600 -172.662 -1.00482 100 35 0 0 0 0 0 0 0 0 0 -2.65928 100 26 0.674175 100 24 0 0 0 0 0 0 0 0
32700 -173.214 -0.990956 100 28 0 0 0 0 0 0 0 0 0 -2.57372 100 23 0.786951 100 20 0 0 0 0 0 0 0 0
32800 -172.679 -1.83038 100 38 0 0 0 0 0 0 0 0 0 -1.97787 100 24 0.0937172 100 19 0 0 0 0 0 0 0 0
32900 -171.623 -1.12007 100 33 0 0 0 0 0 0 0 0 0 -2.32892 100 30 0.193758 100 23 0 0 0 0 0 0 0 0
33000 -172.625 -1.05698 100 41 0 0 0 0 0 0 0 0 0 -2.08004 100 29 -0.345083 100 23 0 0 0 0 0 0 0 0
33100 -173.891 -1.4584 100 38 0 0 0 0 0 0 0 0 0 -2.30849 100 30 -0.270583 100 24 0 0 0 0 0 0 0 0
33200 -174.781 -1.59073 100 39 0 0 0 0 0 0 0 0 0 -2.85846 100 25 0.641721 100 20 0 0 0 0 0 0 0 0
33300 -171.784 -0.598109 100 35 0 0 0 0 0 0 0 0 0 -2.30604 100 27 0.274447 100 19 0 0 0 0 0 0 0 0
33400 -172.739 -2.15601 100 38 0 0 0 0 0 0 0 0 0 -2.05886 100 31 -0.118871 100 18 0 0 0 0 0 0 0 0
33500 -172.263 -1.16663 100 41 0 0 0 0 0 0 0 0 0 -2.45155 100 32 0.539895 100 20 0 0 0 0 0 0 0 0
33600 -176.396 -2.25181 100 37 0 0 0 0 0 0 0 0 0 -2.81765 100 29 0.490026 100 21 0 0 0 0 0 0 0 0
33700 -174.288 -0.428326 100 35 0 0 0 0 0 0 0 0 0 -1.92959 100 36 -0.424691 100 23 0 0 0 0 0 0 0 0
33800 -173.181 -0.891113 100 41 0 0 0 0 0 0 0 0 0 -2.22987 100 26 0.517711 100 20 0 0 0 0 0 0 0 0
33900 -173.544 -1.19552 100 32 0 0 0 0 0 0 0 0 0 -2.75883 100 29 0.821039 100 20 0 0 0 0 0 0 0 0
34000 -173.529 -0.175939 100 42 0 0 0 0 0 0 0 0 0 -2.19847 100 27 -0.105647 100 23 0 0 0 0 0 0 0 0
34100 -171.902 -0.914541 100 49 0 0 0 0 0 0 0 0 0 -2.21409 100 25 0.308722 100 18 0 0 0 0 0 0 0 0
34200 -173.245 -0.218383 100 50 0 0 0 0 0 0 0 0 0 -2.41988 100 40 0.0210823 100 28 0 0 0 0 0 0 0 0
34300 -171.669 -0.790741 100 40 0 0 0 0 0 0 0 0 0 -2.19079 100 33 0.0372131 100 23 0 0 0 0 0 0 0 0
34400 -176.579 -2.60792 100 38 0 0 0 0 0 0 0 0 0 -1.55444 100 18 -0.923641 100 22 0 0 0 0 0 0 0 0
34500 -172.676 -0.607193 100 31 0 0 0 0 0 0 0 0 0 -2.30815 100 32 0.507549 100 21 0 0 0 0 0 0 0 0
34600 -174.842 -2.9395 100 38 0 0 0 0 0 0 0 0 0 -2.13872 100 29 -0.148919 100 20 0 0 0 0 0 0 0 0
34700 -171.884 -0.576173 100 35 0 0 0 0 0 0 0 0 0 -2.36908 100 24 0.383873 100 16 0 0 0 0 0 0 0 0
34800 -173.076 -1.5919 100 38 0 0 0 0 0 0 0 0 0 -2.13166 100 31 0.372969 100 18 0 0 0 0 0 0 0 0
34900 -174.517 -2.72102 100 41 0 0 0 0 0 0 0 0 0 -2.26567 100 23 0.338029 100 10 0 0 0 0 0 0 0 0
35000 -175.987 -1.33137 100 42 0 0 0 0 0 0 0 0 0 -2.96871 100 35 0.523969 100 22 0 0 0 0 0 0 0 0
35100 -171.97 -1.05628 100 32 0 0 0 0 0 0 0 0 0 -1.96706 100 33 -0.0822749 100 18 0 0 0 0 0 0 0 0
35200 -172.508 -1.50868 100 39 0 0 0 0 0 0 0 0 0 -1.81051 100 23 -0.320975 100 18 0 0 0 0 0 0 0 0
35300 -172.318 -1.2431 100 38 0 0 0 0 0 0 0 0 0 -2.01361 100 31 0.152239 100 23 0 0 0 0 0 0 0 0
35400 -172.307 -0.598012 100 36 0 0 0 0 0 0 0 0 0 -2.43395 100 30 0.104738 100 27 0 0 0 0 0 0 0 0
35500 -171.824 -0.8765 100 33 0 0 0 0 0 0 0 0 0 -2.24042 100 24 -0.027596 100 25 0 0 0 0 0 0 0 0
35600 -172.139 -1.08181 100 33 0 0 0 0 0 0 0 0 0 -1.91955 100 30 -0.212233 100 12 0 0 0 0 0 0 0 0
35700 -172.814 -0.5538 100 30 0 0 0 0 0 0 0 0 0 -2.03282 100 30 0.0976445 100 23 0 0 0 0 0 0 0 0
35800 -173.05 -0.119313 100 35 0 0 0 0 0 0 0 0 0 -2.31786 100 39 0.099229 100 22 0 0 0 0 0 0 0 0
35900 -171.999 -1.09171 100 37 0 0 0 0 0 0 0 0 0 -2.35749 100 27 0.0685326 100 23 0 0 0 0 0 0 0 0
36000 -173.067 -1.75052 100 37 0 0 0 0 0 0 0 0 0 -2.39714 100 33 0.524782 100 26 0 0 0 0 0 0 0 0
36100 -173.607 0.0846676 100 40 0 0 0 0 0 0 0 0 0 -2.86261 100 23 0.825763 100 18 0 0 0 0 0 0 0 0
36200 -173.774 -1.16762 100 39 0 0 0 0 0 0 0 0 0 -1.66196 100 26 -0.487107 100 20 0 0 0 0 0 0 0 0
36300 -173.181 -2.18677 100 37 0 0 0 0 0 0 0 0 0 -1.93312 100 34 0.0242281 100 30 0 0 0 0 0 0 0 0
36400 -172.575 -0.229727 100 36 0 0 0 0 0 0 0 0 0 -2.63609 100 30 0.624009 100 24 0 0 0 0 0 0 0 0
36500 -172.152 -0.400464 100 36 0 0 0 0 0 0 0 0 0 -2.48774 100 26 0.293936 100 22 0 0 0 0 0 0 0 0
36600 -171.625 -0.956178 100 33 0 0 0 0 0 0 0 0 0 -2.17774 100 36 -0.0108341 100 22 0 0 0 0 0 0 0 0
36700 -173.86 -2.24837 100 43 0 0 0 0 0 0 0 0 0 -2.40694 100 31 0.146158 100 18 0 0 0 0 0 0 0 0
36800 -172.521 -1.88841 100 44 0 0 0 0 0 0 0 0 0 -2.29583 100 27 0.255038 100 29 0 0 0 0 0 0 0 0
36900 -172.519 -1.12702 100 51 0 0 0 0 0 0 0 0 0 -2.3005 100 33 0.500781 100 21 0 0 0 0 0 0 0 0
37000 -172.503 -1.65269 100 26 0 0 0 0 0 0 0 0 0 -1.82105 100 36 -0.252455 100 17 0 0 0 0 0 0 0 0
37100 -175.245 0.207148 100 43 0 0 0 0 0 0 0 0 0 -2.87354 100 24 1.13072 100 17 0 0 0 0 0 0 0 0
37200 -173.062 -0.923144 100 34 0 0 0 0 0 0 0 0 0 -2.58732 100 35 0.181486 100 21 0 0 0 0 0 0 0 0
37300 -173.285 -0.128752 100 29 0 0 0 0 0 0 0 0 0 -2.60454 100 25 0.756042 100 14 0 0 0 0 0 0 0 0
37400 -172.725 -1.52981 100 40 0 0 0 0 0 0 0 0 0 -2.44862 100 29 0.5419 100 26 0 0 0 0 0 0 0 0
37500 -173.141 -1.0445 100 44 0 0 0 0 0 0 0 0 0 -2.1443 100 24 -0.37688 100 24 0 0 0 0 0 0 0 0
37600 -172.649 -1.33655 100 32 0 0 0 0 0 0 0 0 0 -2.04208 100 33 -0.375699 100 20 0 0 0 0 0 0 0 0
37700 -172.788 -1.7829 100 37 0 0 0 0 0 0 0 0 0 -2.16009 100 25 -0.209154 100 25 0 0 0 0 0 0 0 0
37800 -171.673 -1.01914 100 38 0 0 0 0 0 0 0 0 0 -2.26794 100 35 0.299471 100 25 0 0 0 0 0 0 0 0
37900 -173.539 -0.344472 100 30 0 0 0 0 0 0 0 0 0 -2.92362 100 27 0.743596 100 21 0 0 0 0 0 0 0 0
38000 -172.367 -0.594204 100 38 0 0 0 0 0 0 0 0 0 -2.60794 100 36 0.36659 100 22 0 0 0 0 0 0 0 0
38100 -171.714 -1.25231 100 45 0 0 0 0 0 0 0 0 0 -2.31206 100 31 0.149745 100 18 0 0 0 0 0 0 0 0
38200 -173.373 -2.19892 100 37 0 0 0 0 0 0 0 0 0 -2.00715 100 24 -0.343394 100 19 0 0 0 0 0 0 0 0
38300 -172.485 -1.06278 100 50 0 0 0 0 0 0 0 0 0 -2.13544 100 20 -0.280059 100 19 0 0 0 0 0 0 0 0
38400 -175.163 -1.87564 100 33 0 0 0 0 0 0 0 0 0 -2.72919 100 32 0.899423 100 24 0 0 0 0 0 0 0 0
38500 -172.186 -1.73957 100 37 0 0 0 0 0 0 0 0 0 -2.18568 100 34 0.207634 100 23 0 0 0 0 0 0 0 0
38600 -171.79 -0.878184 100 34 0 0 0 0 0 0 0 0 0 -2.46576 100 25 0.400867 100 22 0 0 0 0 0 0 0 0
38700 -172.377 -1.16106 100 46 0 0 0 0 0 0 0 0 0 -2.19112 100 24 -0.209441 100 16 0 0 0 0 0 0 0 0
38800 -171.706 -0.864913 100 41 0 0 0 0 0 0 0 0 0 -2.30369 100 36 0.0812984 100 24 0 0 0 0 0 0 0 0
38900 -171.694 -1.27579 100 38 0 0 0 0 0 0 0 0 0 -2.3149 100 28 0.203012 100 12 0 0 0 0 0 0 0 0
39000 -171.839 -0.684538 100 26 0 0 0 0 0 0 0 0 0 -2.44587 100 29 0.260121 100 21 0 0 0 0 0 0 0 0
39100 -173.557 -0.542243 100 45 0 0 0 0 0 0 0 0 0 -2.53655 100 29 0.814827 100 25 0 0 0 0 0 0 0 0
39200 -172.529 -0.152987 100 28 0 0 0 0 0 0 0 0 0 -2.4974 100 31 0.395218 100 23 0 0 0 0 0 0 0 0
39300 -172.115 -1.47352 100 36 0 0 0 0 0 0 0 0 0 -1.98613 100 29 -0.268864 100 15 0 0 0 0 0 0 0 0
39400 -172.035 -0.939247 100 35 0 0 0 0 0 0 0 0 0 -2.25902 100 28 0.386408 100 24 0 0 0 0 0 0 0 0
39500 -173.366 -1.60063 100 40 0 0 0 0 0 0 0 0 0 -2.64617 100 29 0.532682 100 19 0 0 0 0 0 0 0 0
39600 -172.864 -0.0330532 100 40 0 0 0 0 0 0 0 0 0 -2.56066 100 30 0.42437 100 23 0 0 0 0 0 0 0 0
39700 -171.968 -0.582042 100 37 0 0 0 0 0 0 0 0 0 -2.2085 100 28 0.0249451 100 24 0 0 0 0 0 0 0 0
39800 -173.609 -1.81192 100 33 0 0 0 0 0 0 0 0 0 -2.07508 100 30 0.346739 100 20 0 0 0 0 0 0 0 0
39900 -175.571 -2.31118 100 37 0 0 0 0 0 0 0 0 0 -2.34123 100 37 -0.244611 100 19 0 0 0 0 0 0 0 0
40000 -175.292 -0.966732 100 47 0 0 0 0 0 0 0 0 0 -2.66568 100 28 1.05597 100 20 0 0 0 0 0 0 0 0
40100 -172.126 -1.35389 100 29 0 0 0 0 0 0 0 0 0 -2.39918 100 30 0.174827 100 11 0 0 0 0 0 0 0 0
40200 -177.181 -0.837528 100 43 0 0 0 0 0 0 0 0 0 -1.54835 100 32 -0.213841 100 15 0 0 0 0 0 0 0 0
40300 -172.466 -1.55753 100 35 0 0 0 0 0 0 0 0 0 -1.92829 100 27 -0.373637 100 24 0 0 0 0 0 0 0 0
40400 -172.163 -1.08138 100 38 0 0 0 0 0 0 0 0 0 -2.46176 100 30 0.534354 100 24 0 0 0 0 0 0 0 0
40500 -171.904 -1.59394 100 36 0 0 0 0 0 0 0 0 0 -2.18896 100 34 0.026972 100 20 0 0 0 0 0 0 0 0
40600 -173.593 0.177341 100 32 0 0 0 0 0 0 0 0 0 -2.74844 100 35 0.603204 100 15 0 0 0 0 0 0 0 0
40700 -172.364 -1.8251 100 39 0 0 0 0 0 0 0 0 0 -2.28144 100 29 0.147081 100 18 0 0 0 0 0 0 0 0
40800 -172.597 -0.271663 100 35 0 0 0 0 0 0 0 0 0 -2.30681 100 27 0.0759065 100 22 0 0 0 0 0 0 0 0
40900 -173.636 -1.68805 100 37 0 0 0 0 0 0 0 0 0 -1.63572 100 30 -0.44378 100 25 0 0 0 0 0 0 0 0
41000 -171.6 -1.12515 100 37 0 0 0 0 0 0 0 0 0 -2.30842 100 33 0.170165 100 20 0 0 0 0 0 0 0 0
41100 -171.754 -1.0152 100 41 0 0 0 0 0 0 0 0 0 -2.32909 100 31 0.370819 100 23 0 0 0 0 0 0 0 0
41200 -174.691 -2.14515 100 36 0 0 0 0 0 0 0 0 0 -1.59331 100 26 -0.708942 100 23 0 0 0 0 0 0 0 0
41300 -172.716 -0.696218 100 34 0 0 0 0 0 0 0 0 0 -1.93442 100 37 -0.198657 100 21 0 0 0 0 0 0 0 0
41400 -172.246 -1.59566 100 31 0 0 0 0 0 0 0 0 0 -2.27013 100 25 0.00615117 100 26 0 0 0 0 0 0 0 0
41500 -172.278 -1.65561 100 40 0 0 0 0 0 0 0 0 0 -1.8938 100 23 -0.128709 100 27 0 0 0 0 0 0 0 0
41600 -173.964 -1.19974 100 46 0 0 0 0 0 0 0 0 0 -1.81136 100 34 -0.677546 100 19 0 0 0 0 0 0 0 0
41700 -172.439 -1.03178 100 36 0 0 0 0 0 0 0 0 0 -2.33559 100 28 -0.0655223 100 25 0 0 0 0 0 0 0 0
41800 -177.214 -2.71163 100 39 0 0 0 0 0 0 0 0 0 -1.99115 100 35 -0.744819 100 20 0 0 0 0 0 0 0 0
41900 -173.354 -1.616 100 33 0 0 0 0 0 0 0 0 0 -1.72256 100 31 -0.562254 100 20 0 0 0 0 0 0 0 0
42000 -173.61 -1.78213 100 46 0 0 0 0 0 0 0 0 0 -2.17776 100 26 -0.32971 100 30 0 0 0 0 0 0 0 0
42100 -173.487 -0.553619 100 29 0 0 0 0 0 0 0 0 0 -2.42962 100 30 -0.100693 100 22 0 0 0 0 0 0 0 0
42200 -172.121 -1.20112 100 40 0 0 0 0 0 0 0 0 0 -2.46739 100 28 0.484589 100 26 0 0 0 0 0 0 0 0
42300 -172.296 -1.66261 100 33 0 0 0 0 0 0 0 0 0 -2.36414 100 29 0.252565 100 28 0 0 0 0 0 0 0 0
42400 -173.37 -1.9998 100 32 0 0 0 0 0 0 0 0 0 -2.47748 100 28 0.330814 100 22 0 0 0 0 0 0 0 0
42500 -174.04 -1.89692 100 37 0 0 0 0 0 0 0 0 0 -1.95377 100 28 0.247097 100 21 0 0 0 0 0 0 0 0
42600 -171.892 -0.712897 100 41 0 0 0 0 0 0 0 0 0 -2.50042 100 37 0.344684 100 21 0 0 0 0 0 0 0 0
42700 -172.601 -1.38086 100 47 0 0 0 0 0 0 0 0 0 -2.56051 100 26 0.519383 100 24 0 0 0 0 0 0 0 0
42800 -175.307 -2.24934 100 27 0 0 0 0 0 0 0 0 0 -2.71778 100 38 0.52643 100 22 0 0 0 0 0 0 0 0
42900 -175.079 -2.13838 100 30 0 0 0 0 0 0 0 0 0 -2.72632 100 30 0.722705 100 22 0 0 0 0 0 0 0 0
43000 -172.69 -1.99804 100 40 0 0 0 0 0 0 0 0 0 -1.89329 100 34 -0.292165 100 17 0 0 0 0 0 0 0 0
43100 -171.837 -0.893687 100 38 0 0 0 0 0 0 0 0 0 -2.38518 100 29 0.43469 100 23 0 0 0 0 0 0 0 0
43200 -171.581 -1.11031 100 43 0 0 0 0 0 0 0 0 0 -2.14975 100 27 -0.0156568 100 24 0 0 0 0 0 0 0 0
43300 -173.207 -1.0833 100 32 0 0 0 0 0 0 0 0 0 -2.70609 100 35 0.419425 100 27 0 0 0 0 0 0 0 0
43400 -175.966 -2.15607 100 40 0 0 0 0 0 0 0 0 0 -1.42509 100 35 -0.758781 100 23 0 0 0 0 0 0 0 0
43500 -172.117 -1.20113 100 39 0 0 0 0 0 0 0 0 0 -2.47901 100 31 0.476363 100 32 0 0 0 0 0 0 0 0
43600 -171.659 -1.0731 100 35 0 0 0 0 0 0 0 0 0 -2.14657 100 29 0.163706 100 25 0 0 0 0 0 0 0 0
43700 -173.089 -0.111027 100 34 0 0 0 0 0 0 0 0 0 -2.72839 100 28 0.774435 100 17 0 0 0 0 0 0 0 0
43800 -172.526 -1.06875 100 36 0 0 0 0 0 0 0 0 0 -2.58371 100 29 0.643107 100 28 0 0 0 0 0 0 0 0
43900 -172.433 -0.256847 100 44 0 0 0 0 0 0 0 0 0 -2.53633 100 31 0.336699 100 19 0 0 0 0 0 0 0 0
44000 -172.319 -1.59382 100 32 0 0 0 0 0 0 0 0 0 -2.03496 100 38 0.145841 100 19 0 0 0 0 0 0 0 0
44100 -173.106 -0.877411 100 37 0 0 0 0 0 0 0 0 0 -2.64804 100 30 0.812625 100 11 0 0 0 0 0 0 0 0
44200 -173.389 0.0847117 100 36 0 0 0 0 0 0 0 0 0 -2.73427 100 31 0.737312 100 23 0 0 0 0 0 0 0 0
44300 -171.689 -0.828328 100 47 0 0 0 0 0 0 0 0 0 -2.42457 100 31 0.331791 100 10 0 0 0 0 0 0 0 0
44400 -171.899 -1.63777 100 32 0 0 0 0 0 0 0 0 0 -2.09341 100 26 0.0447673 100 26 0 0 0 0 0 0 0 0
44500 -171.73 -1.40368 100 42 0 0 0 0 0 0 0 0 0 -2.18535 100 25 0.00583794 100 19 0 0 0 0 0 0 0 0
44600 -173.066 -0.0667766 100 35 0 0 0 0 0 0 0 0 0 -2.33102 100 37 0.24186 100 23 0 0 0 0 0 0 0 0
44700 -174.555 -1.42775 100 31 0 0 0 0 0 0 0 0 0 -2.40175 100 24 0.770358 100 19 0 0 0 0 0 0 0 0
44800 -172.629 -0.439876 100 42 0 0 0 0 0 0 0 0 0 -2.39396 100 28 0.551033 100 21 0 0 0 0 0 0 0 0
44900 -173.308 -0.188036 100 41 0 0 0 0 0 0 0 0 0 -2.28792 100 29 -0.0545859 100 15 0 0 0 0 0 0 0 0
45000 -174.032 -0.41245 100 29 0 0 0 0 0 0 0 0 0 -2.52763 100 29 -0.0409047 100 30 0 0 0 0 0 0 0 0
45100 -173.59 -1.58188 100 42 0 0 0 0 0 0 0 0 0 -2.54551 100 38 0.164415 100 20 0 0 0 0 0 0 0 0
45200 -171.915 -0.985871 100 39 0 0 0 0 0 0 0 0 0 -2.35248 100 26 0.0737447 100 18 0 0 0 0 0 0 0 0
45300 -172.078 -1.04526 100 44 0 0 0 0 0 0 0 0 0 -1.94096 100 27 -0.189003 100 20 0 0 0 0 0 0 0 0
45400 -171.978 -0.557865 100 36 0 0 0 0 0 0 0 0 0 -2.52192 100 33 0.380065 100 17 0 0 0 0 0 0 0 0
45500 -173.116 -0.229691 100 39 0 0 0 0 0 0 0 0 0 -2.74824 100 23 0.830048 100 21 0 0 0 0 0 0 0 0
45600 -174.496 -0.297164 100 35 0 0 0 0 0 0 0 0 0 -3.09317 100 29 0.906644 100 23 0 0 0 0 0 0 0 0
45700 -172.624 -1.56123 100 36 0 0 0 0 0 0 0 0 0 -2.50407 100 35 0.389884 100 19 0 0 0 0 0 0 0 0
45800 -176.639 0.450215 100 32 0 0 0 0 0 0 0 0 0 -3.35436 100 32 1.45374 100 20 0 0 0 0 0 0 0 0
45900 -171.653 -0.971885 100 32 0 0 0 0 0 0 0 0 0 -2.33667 100 31 0.335699 100 26 0 0 0 0 0 0 0 0
46000 -173.762 -0.862466 100 39 0 0 0 0 0 0 0 0 0 -2.82552 100 29 0.494748 100 23 0 0 0 0 0 0 0 0
46100 -172.421 -1.02255 100 40 0 0 0 0 0 0 0 0 0 -2.54451 100 31 0.265226 100 25 0 0 0 0 0 0 0 0
46200 -172.897 -1.48616 100 40 0 0 0 0 0 0 0 0 0 -1.91572 100 33 -0.481021 100 19 0 0 0 0 0 0 0 0
46300 -173.231 -0.401358 100 52 0 0 0 0 0 0 0 0 0 -2.50839 100 26 0.055158 100 19 0 0 0 0 0 0 0 0
46400 -171.897 -0.745593 100 40 0 0 0 0 0 0 0 0 0 -2.51606 100 41 0.451457 100 21 0 0 0 0 0 0 0 0
46500 -173.196 -1.39191 100 39 0 0 0 0 0 0 0 0 0 -2.45782 100 29 0.0301585 100 26 0 0 0 0 0 0 0 0
46600 -172.113 -0.676001 100 35 0 0 0 0 0 0 0 0 0 -2.09975 100 32 -0.103915 100 27 0 0 0 0 0 0 0 0
46700 -171.524 -1.12302 100 46 0 0 0 0 0 0 0 0 0 -2.17018 100 29 0.102066 100 28 0 0 0 0 0 0 0 0
46800 -177.762 -2.63618 100 30 0 0 0 0 0 0 0 0 0 -1.33326 100 27 -0.900695 100 27 0 0 0 0 0 0 0 0
46900 -171.76 -0.650022 100 37 0 0 0 0 0 0 0 0 0 -2.31351 100 32 0.132281 100 21 0 0 0 0 0 0 0 0
47000 -173.545 -0.156162 100 45 0 0 0 0 0 0 0 0 0 -2.42682 100 20 0.632361 100 17 0 0 0 0 0 0 0 0
47100 -177.137 -2.18893 100 44 0 0 0 0 0 0 0 0 0 -1.73577 100 27 0.194333 100 24 0 0 0 0 0 0 0 0
47200 -172.157 -1.43116 100 35 0 0 0 0 0 0 0 0 0 -2.4034 100 31 0.215037 100 30 0 0 0 0 0 0 0 0
47300 -172.067 -0.560847 100 44 0 0 0 0 0 0 0 0 0 -2.49728 100 29 0.275017 100 27 0 0 0 0 0 0 0 0
47400 -173.371 -1.17522 100 33 0 0 0 0 0 0 0 0 0 -1.70576 100 29 -0.429646 100 16 0 0 0 0 0 0 0 0
47500 -171.902 -1.64118 100 42 0 0 0 0 0 0 0 0 0 -2.1709 100 26 0.0736545 100 20 0 0 0 0 0 0 0 0
47600 -172.402 -1.01823 100 37 0 0 0 0 0 0 0 0 0 -2.34024 100 20 0.521045 100 15 0 0 0 0 0 0 0 0
47700 -171.613 -0.747116 100 42 0 0 0 0 0 0 0 0 0 -2.34153 100 31 0.245445 100 15 0 0 0 0 0 0 0 0
47800 -172.896 -1.20652 100 41 0 0 0 0 0 0 0 0 0 -2.6296 100 33 0.692698 100 21 0 0 0 0 0 0 0 0
47900 -172.073 -0.962532 100 40 0 0 0 0 0 0 0 0 0 -1.98872 100 32 -0.213058 100 21 0 0 0 0 0 0 0 0
48000 -172.647 -1.58825 100 41 0 0 0 0 0 0 0 0 0 -2.327 100 23 0.463553 100 26 0 0 0 0 0 0 0 0
48100 -173.675 -0.19545 100 40 0 0 0 0 0 0 0 0 0 -2.70768 100 23 0.288525 100 26 0 0 0 0 0 0 0 0
48200 -173.249 -2.28104 100 26 0 0 0 0 0 0 0 0 0 -2.25658 100 37 0.24618 100 31 0 0 0 0 0 0 0 0
48300 -173.846 -1.97346 100 32 0 0 0 0 0 0 0 0 0 -1.73681 100 29 -0.107186 100 19 0 0 0 0 0 0 0 0
48400 -172.584 -1.80752 100 38 0 0 0 0 0 0 0 0 0 -1.87223 100 35 -0.345992 100 22 0 0 0 0 0 0 0 0
48500 -171.903 -0.996695 100 35 0 0 0 0 0 0 0 0 0 -2.30454 100 30 0.0137558 100 19 0 0 0 0 0 0 0 0
48600 -172.021 -0.732278 100 41 0 0 0 0 0 0 0 0 0 -2.3717 100 32 0.0779484 100 22 0 0 0 0 0 0 0 0
48700 -171.942 -1.04087 100 39 0 0 0 0 0 0 0 0 0 -2.1673 100 22 -0.137646 100 26 0 0 0 0 0 0 0 0
48800 -172.665 -0.655926 100 27 0 0 0 0 0 0 0 0 0 -2.4796 100 28 0.0824073 100 20 0 0 0 0 0 0 0 0
48900 -173.108 -0.612211 100 33 0 0 0 0 0 0 0 0 0 -2.82282 100 29 0.639287 100 19 0 0 0 0 0 0 0 0
49000 -171.66 -0.809787 100 39 0 0 0 0 0 0 0 0 0 -2.24257 100 33 0.0540976 100 27 0 0 0 0 0 0 0 0
49100 -175.872 -3.28413 100 26 0 0 0 0 0 0 0 0 0 -1.74825 100 26 -0.205241 100 25 0 0 0 0 0 0 0 0
49200 -173.737 -0.856462 100 32 0 0 0 0 0 0 0 0 0 -2.29984 100 30 -0.300534 100 22 0 0 0 0 0 0 0 0
49300 -173.372 -1.18319 100 40 0 0 0 0 0 0 0 0 0 -2.29102 100 31 -0.255998 100 29 0 0 0 0 0 0 0 0
49400 -172.081 -0.611724 100 36 0 0 0 0 0 0 0 0 0 -2.16593 100 25 0.194623 100 25 0 0 0 0 0 0 0 0
49500 -175.516 -3.1362 100 39 0 0 0 0 0 0 0 0 0 -2.19671 100 33 -0.105322 100 22 0 0 0 0 0 0 0 0
49600 -171.559 -0.986004 100 42 0 0 0 0 0 0 0 0 0 -2.2494 100 31 0.22952 100 20 0 0 0 0 0 0 0 0
49700 -171.997 -1.59158 100 32 0 0 0 0 0 0 0 0 0 -2.14085 100 29 -0.0852365 100 18 0 0 0 0 0 0 0 0
49800 -171.644 -0.852108 100 38 0 0 0 0 0 0 0 0 0 -2.19342 100 30 0.180461 100 17 0 0 0 0 0 0 0 0
49900 -173.62 -2.36531 100 27 0 0 0 0 0 0 0 0 0 -1.96038 100 23 -0.365446 100 27 0 0 0 0 0 0 0 0
50000 -172.016 -1.2586 100 37 0 0 0 0 0 0 0 0 0 -2.31494 100 28 0.0320832 100 22 0 0 0 0 0 0 0 0
50100 -173.652 -1.38324 100 42 0 0 0 0 0 0 0 0 0 -2.6899 100 20 0.800547 100 20 0 0 0 0 0 0 0 0
50200 -175.673 -2.40605 100 36 0 0 0 0 0 0 0 0 0 -2.39399 100 32 -0.150755 100 23 0 0 0 0 0 0 0 0
50300 -171.895 -0.738216 100 37 0 0 0 0 0 0 0 0 0 -2.15247 100 30 -0.0599957 100 18 0 0 0 0 0 0 0 0
50400 -172.513 -1.46143 100 37 0 0 0 0 0 0 0 0 0 -2.42672 100 31 0.510874 100 10 0 0 0 0 0 0 0 0
50500 -172.686 -1.33154 100 34 0 0 0 0 0 0 0 0 0 -2.47837 100 31 0.602074 100 25 0 0 0 0 0 0 0 0
50600 -171.904 -1.19369 100 37 0 0 0 0 0 0 0 0 0 -2.41002 100 24 0.405147 100 21 0 0 0 0 0 0 0 0
50700 -172.489 -1.17768 100 42 0 0 0 0 0 0 0 0 0 -2.44045 100 31 0.0930725 100 14 0 0 0 0 0 0 0 0
50800 -172.24 -1.30438 100 34 0 0 0 0 0 0 0 0 0 -1.86578 100 29 -0.220143 100 17 0 0 0 0 0 0 0 0
50900 -171.97 -1.26028 100 31 0 0 0 0 0 0 0 0 0 -2.22207 100 29 0.322569 100 17 0 0 0 0 0 0 0 0
51000 -173.208 -0.600815 100 33 0 0 0 0 0 0 0 0 0 -2.84607 100 27 0.669986 100 22 0 0 0 0 0 0 0 0
51100 -171.587 -0.820788 100 42 0 0 0 0 0 0 0 0 0 -2.20825 100 29 0.11283 100 19 0 0 0 0 0 0 0 0
51200 -171.95 -0.902057 100 26 0 0 0 0 0 0 0 0 0 -2.20203 100 27 0.304964 100 20 0 0 0 0 0 0 0 0
51300 -173.168 -1.17399 100 34 0 0 0 0 0 0 0 0 0 -2.72342 100 37 0.527357 100 22 0 0 0 0 0 0 0 0
51400 -174.04 -0.572273 100 36 0 0 0 0 0 0 0 0 0 -2.40799 100 31 -0.200065 100 22 0 0 0 0 0 0 0 0
51500 -172.725 -1.63275 100 37 0 0 0 0 0 0 0 0 0 -1.826 100 28 -0.43196 100 23 0 0 0 0 0 0 0 0
51600 -173.086 -1.88852 100 38 0 0 0 0 0 0 0 0 0 -2.40784 100 31 0.468825 100 21 0 0 0 0 0 0 0 0
51700 -173.668 -0.874133 100 44 0 0 0 0 0 0 0 0 0 -1.79267 100 31 -0.517853 100 24 0 0 0 0 0 0 0 0
51800 -172.182 -0.510498 100 32 0 0 0 0 0 0 0 0 0 -2.4497 100 26 0.179618 100 19 0 0 0 0 0 0 0 0
51900 -171.714 -0.756278 100 41 0 0 0 0 0 0 0 0 0 -2.43208 100 30 0.35673 100 21 0 0 0 0 0 0 0 0
52000 -171.833 -1.43314 100 37 0 0 0 0 0 0 0 0 0 -1.99146 100 30 -0.100341 100 24 0 0 0 0 0 0 0 0
52100 -171.917 -1.09308 100 31 0 0 0 0 0 0 0 0 0 -1.97698 100 30 -0.168471 100 18 0 0 0 0 0 0 0 0
52200 -172.304 -1.1987 100 37 0 0 0 0 0 0 0 0 0 -2.03643 100 35 -0.314922 100 17 0 0 0 0 0 0 0 0
52300 -175.349 0.571609 100 36 0 0 0 0 0 0 0 0 0 -2.93857 100 29 0.712876 100 27 0 0 0 0 0 0 0 0
52400 -172.428 -0.701793 100 41 0 0 0 0 0 0 0 0 0 -2.40188 100 33 0.569408 100 16 0 0 0 0 0 0 0 0
52500 -172.483 -1.09827 100 47 0 0 0 0 0 0 0 0 0 -2.54969 100 36 0.277372 100 18 0 0 0 0 0 0 0 0
52600 -172.603 -1.54238 100 32 0 0 0 0 0 0 0 0 0 -1.8526 100 25 -0.41577 100 16 0 0 0 0 0 0 0 0
52700 -172.875 -2.13729 100 37 0 0 0 0 0 0 0 0 0 -2.25246 100 36 0.186677 100 25 0 0 0 0 0 0 0 0
52800 -173.133 -0.733766 100 39 0 0 0 0 0 0 0 0 0 -2.5948 100 31 0.804601 100 16 0 0 0 0 0 0 0 0
52900 -171.909 -1.06142 100 32 0 0 0 0 0 0 0 0 0 -1.99471 100 36 -0.0225138 100 24 0 0 0 0 0 0 0 0
53000 -172.425 -1.49824 100 41 0 0 0 0 0 0 0 0 0 -1.87583 100 29 -0.0717089 100 23 0 0 0 0 0 0 0 0
53100 -173.201 -1.80767 100 36 0 0 0 0 0 0 0 0 0 -2.31588 100 34 -0.0736339 100 18 0 0 0 0 0 0 0 0
53200 -171.708 -0.665981 100 55 0 0 0 0 0 0 0 0 0 -2.31565 100 32 0.285726 100 20 0 0 0 0 0 0 0 0
53300 -172.695 -0.164337 100 41 0 0 0 0 0 0 0 0 0 -2.33516 100 34 0.265007 100 20 0 0 0 0 0 0 0 0
53400 -172.241 -1.79294 100 46 0 0 0 0 0 0 0 0 0 -2.13943 100 36 0.167329 100 18 0 0 0 0 0 0 0 0
53500 -173.496 -2.23425 100 47 0 0 0 0 0 0 0 0 0 -1.76448 100 32 -0.227953 100 22 0 0 0 0 0 0 0 0
53600 -172.476 -1.79096 100 42 0 0 0 0 0 0 0 0 0 -2.00463 100 25 -0.281132 100 27 0 0 0 0 0 0 0 0
53700 -171.823 -1.02249 100 50 0 0 0 0 0 0 0 0 0 -2.39508 100 35 0.421327 100 27 0 0 0 0 0 0 0 0
53800 -172.332 -0.943864 100 36 0 0 0 0 0 0 0 0 0 -2.62326 100 36 0.523455 100 19 0 0 0 0 0 0 0 0
53900 -172.878 -0.511715 100 36 0 0 0 0 0 0 0 0 0 -2.3395 100 33 -0.0917908 100 20 0 0 0 0 0 0 0 0
54000 -172.579 -0.566456 100 38 0 0 0 0 0 0 0 0 0 -2.28879 100 27 -0.096358 100 24 0 0 0 0 0 0 0 0
54100 -173.386 -0.241918 100 44 0 0 0 0 0 0 0 0 0 -2.09147 100 25 0.0206063 100 23 0 0 0 0 0 0 0 0
54200 -173.855 -1.99341 100 36 0 0 0 0 0 0 0 0 0 -2.45601 100 30 0.602126 100 23 0 0 0 0 0 0 0 0
54300 -171.84 -1.16855 100 41 0 0 0 0 0 0 0 0 0 -2.39459 100 31 0.214054 100 24 0 0 0 0 0 0 0 0
54400 -172.65 -2.10482 100 33 0 0 0 0 0 0 0 0 0 -2.09593 100 23 -0.0792577 100 24 0 0 0 0 0 0 0 0
54500 -173.462 -1.72987 100 41 0 0 0 0 0 0 0 0 0 -2.61657 100 23 0.550301 100 18 0 0 0 0 0 0 0 0
54600 -173.953 0.129127 100 31 0 0 0 0 0 0 0 0 0 -2.48183 100 28 0.592903 100 24 0 0 0 0 0 0 0 0
54700 -171.795 -1.46236 100 37 0 0 0 0 0 0 0 0 0 -2.26049 100 27 0.139098 100 19 0 0 0 0 0 0 0 0
54800 -171.952 -0.545858 100 36 0 0 0 0 0 0 0 0 0 -2.28211 100 19 0.293633 100 15 0 0 0 0 0 0 0 0
54900 -174.744 0.0287498 100 41 0 0 0 0 0 0 0 0 0 -2.26135 100 29 0.461497 100 17 0 0 0 0 0 0 0 0
55000 -174.642 0.0195853 100 34 0 0 0 0 0 0 0 0 0 -3.06528 100 42 1.15271 100 20 0 0 0 0 0 0 0 0
55100 -171.653 -0.808835 100 31 0 0 0 0 0 0 0 0 0 -2.19206 100 37 0.160939 100 28 0 0 0 0 0 0 0 0
55200 -175.858 -2.3503 100 35 0 0 0 0 0 0 0 0 0 -2.55118 100 33 0.0648346 100 21 0 0 0 0 0 0 0 0
55300 -172.5 -1.14297 100 32 0 0 0 0 0 0 0 0 0 -2.42351 100 33 0.0574472 100 14 0 0 0 0 0 0 0 0
55400 -176.705 0.195733 100 41 0 0 0 0 0 0 0 0 0 -2.6188 100 34 -0.0885381 100 31 0 0 0 0 0 0 0 0
55500 -173.189 -0.400802 100 41 0 0 0 0 0 0 0 0 0 -2.85089 100 33 0.668954 100 20 0 0 0 0 0 0 0 0
55600 -172.686 -1.31183 100 35 0 0 0 0 0 0 0 0 0 -2.07962 100 33 0.294331 100 22 0 0 0 0 0 0 0 0
55700 -171.82 -1.03993 100 42 0 0 0 0 0 0 0 0 0 -2.08885 100 23 -0.147703 100 22 0 0 0 0 0 0 0 0
55800 -171.779 -1.34879 100 40 0 0 0 0 0 0 0 0 0 -2.21511 100 28 0.242434 100 19 0 0 0 0 0 0 0 0
55900 -172.516 -1.34058 100 34 0 0 0 0 0 0 0 0 0 -2.04605 100 31 0.227174 100 26 0 0 0 0 0 0 0 0
56000 -174.728 0.0864812 100 34 0 0 0 0 0 0 0 0 0 -2.70865 100 34 0.207277 100 23 0 0 0 0 0 0 0 0
56100 -172.883 -2.21631 100 38 0 0 0 0 0 0 0 0 0 -1.97148 100 30 -0.200401 100 21 0 0 0 0 0 0 0 0
56200 -172.25 -0.766626 100 37 0 0 0 0 0 0 0 0 0 -2.03311 100 40 -0.198838 100 21 0 0 0 0 0 0 0 0
56300 -172.344 -1.17556 100 38 0 0 0 0 0 0 0 0 0 -2.4695 100 28 0.562395 100 18 0 0 0 0 0 0 0 0
56400 -172.663 -2.07695 100 32 0 0 0 0 0 0 0 0 0 -1.96449 100 29 -0.214567 100 26 0 0 0 0 0 0 0 0
56500 -172.424 -0.691828 100 31 0 0 0 0 0 0 0 0 0 -2.33467 100 26 -0.0503537 100 23 0 0 0 0 0 0 0 0
56600 -171.705 -1.07772 100 43 0 0 0 0 0 0 0 0 0 -2.2119 100 35 0.257816 100 16 0 0 0 0 0 0 0 0
56700 -173.362 -2.34858 100 43 0 0 0 0 0 0 0 0 0 -1.83409 100 32 -0.207706 100 22 0 0 0 0 0 0 0 0
56800 -171.535 -1.15435 100 32 0 0 0 0 0 0 0 0 0 -2.21732 100 31 0.0856266 100 23 0 0 0 0 0 0 0 0
56900 -171.63 -0.779838 100 40 0 0 0 0 0 0 0 0 0 -2.32334 100 30 0.164448 100 23 0 0 0 0 0 0 0 0
57000 -172.814 -0.530594 100 41 0 0 0 0 0 0 0 0 0 -2.34564 100 30 -0.0795249 100 19 0 0 0 0 0 0 0 0
57100 -171.626 -0.893421 100 36 0 0 0 0 0 0 0 0 0 -2.13759 100 30 0.0622901 100 23 0 0 0 0 0 0 0 0
57200 -172.475 -1.98155 100 44 0 0 0 0 0 0 0 0 0 -2.08538 100 23 -0.113913 100 19 0 0 0 0 0 0 0 0
57300 -171.714 -1.35655 100 43 0 0 0 0 0 0 0 0 0 -2.19804 100 27 0.00937763 100 20 0 0 0 0 0 0 0 0
57400 -171.619 -1.07243 100 45 0 0 0 0 0 0 0 0 0 -2.35175 100 27 0.250834 100 24 0 0 0 0 0 0 0 0
57500 -173.198 -1.215 100 38 0 0 0 0 0 0 0 0 0 -2.71946 100 28 0.527695 100 12 0 0 0 0 0 0 0 0
57600 -171.779 -0.944198 100 39 0 0 0 0 0 0 0 0 0 -2.05253 100 27 -0.00797403 100 27 0 0 0 0 0 0 0 0
57700 -171.573 -1.20892 100 34 0 0 0 0 0 0 0 0 0 -2.13595 100 31 -0.0030302 100 25 0 0 0 0 0 0 0 0
57800 -172.983 -0.754004 100 30 0 0 0 0 0 0 0 0 0 -1.87496 100 31 -0.292755 100 17 0 0 0 0 0 0 0 0
57900 -171.718 -1.19065 100 31 0 0 0 0 0 0 0 0 0 -2.35909 100 32 0.303501 100 20 0 0 0 0 0 0 0 0
58000 -175.837 -2.96463 100 41 0 0 0 0 0 0 0 0 0 -1.5797 100 31 -0.448015 100 18 0 0 0 0 0 0 0 0
58100 -173.773 0.0100656 100 39 0 0 0 0 0 0 0 0 0 -2.92796 100 29 0.737886 100 23 0 0 0 0 0 0 0 0
58200 -171.776 -1.51824 100 39 0 0 0 0 0 0 0 0 0 -2.16754 100 24 0.0303012 100 10 0 0 0 0 0 0 0 0
58300 -171.89 -1.05362 100 39 0 0 0 0 0 0 0 0 0 -2.04525 100 25 0.083414 100 22 0 0 0 0 0 0 0 0
58400 -172.045 -0.853943 100 30 0 0 0 0 0 0 0 0 0 -2.17708 100 37 0.289058 100 20 0 0 0 0 0 0 0 0
58500 -176.136 -1.50676 100 29 0 0 0 0 0 0 0 0 0 -2.09497 100 38 -0.742255 100 23 0 0 0 0 0 0 0 0
58600 -172.316 -1.25008 100 33 0 0 0 0 0 0 0 0 0 -1.85486 100 36 -0.216903 100 23 0 0 0 0 0 0 0 0
58700 -172.645 -1.99834 100 34 0 0 0 0 0 0 0 0 0 -2.24071 100 30 0.0603698 100 20 0 0 0 0 0 0 0 0
58800 -171.648 -1.18745 100 35 0 0 0 0 0 0 0 0 0 -2.30501 100 29 0.149767 100 20 0 0 0 0 0 0 0 0
58900 -171.682 -0.778012 100 37 0 0 0 0 0 0 0 0 0 -2.3425 100 25 0.156924 100 21 0 0 0 0 0 0 0 0
59000 -176.391 -2.26078 100 35 0 0 0 0 0 0 0 0 0 -1.61025 100 36 -0.0576748 100 19 0 0 0 0 0 0 0 0
59100 -172.494 -0.982816 100 41 0 0 0 0 0 0 0 0 0 -2.14728 100 30 0.34587 100 23 0 0 0 0 0 0 0 0
59200 -173.807 -0.0756987 100 35 0 0 0 0 0 0 0 0 0 -2.96942 100 24 0.817698 100 20 0 0 0 0 0 0 0 0
59300 -172.795 -2.15885 100 35 0 0 0 0 0 0 0 0 0 -2.08289 100 27 0.0960514 100 15 0 0 0 0 0 0 0 0
59400 -173.105 -0.656428 100 40 0 0 0 0 0 0 0 0 0 -1.89052 100 24 -0.225164 100 27 0 0 0 0 0 0 0 0
59500 -172.182 -1.49021 100 34 0 0 0 0 0 0 0 0 0 -2.41415 100 27 0.324284 100 18 0 0 0 0 0 0 0 0
59600 -173.66 -1.61367 100 41 0 0 0 0 0 0 0 0 0 -1.63753 100 31 -0.524367 100 18 0 0 0 0 0 0 0 0
59700 -173.025 -2.15548 100 44 0 0 0 0 0 0 0 0 0 -2.10425 100 27 0.190994 100 19 0 0 0 0 0 0 0 0
59800 -172.071 -1.7697 100 37 0 0 0 0 0 0 0 0 0 -2.03234 100 32 -0.0550193 100 24 0 0 0 0 0 0 0 0
59900 -172.873 -0.208687 100 25 0 0 0 0 0 0 0 0 0 -2.22834 100 27 0.0941609 100 18 0 0 0 0 0 0 0 0
60000 -171.809 -0.712563 100 36 0 0 0 0 0 0 0 0 0 -2.45453 100 29 0.290765 100 23 0 0 0 0 0 0 0 0
60100 -173.489 -0.24639 100 36 0 0 0 0 0 0 0 0 0 -2.17964 100 24 -0.164024 100 26 0 0 0 0 0 0 0 0
60200 -176.247 0.291044 100 46 0 0 0 0 0 0 0 0 0 -3.32689 100 23 1.40749 100 23 0 0 0 0 0 0 0 0
60300 -172.237 -1.61893 100 39 0 0 0 0 0 0 0 0 0 -1.89964 100 39 -0.26745 100 18 0 0 0 0 0 0 0 0
60400 -172.065 -0.563869 100 45 0 0 0 0 0 0 0 0 0 -2.41022 100 36 0.476956 100 19 0 0 0 0 0 0 0 0
60500 -174.401 -1.46703 100 30 0 0 0 0 0 0 0 0 0 -2.52773 100 34 0.834949 100 20 0 0 0 0 0 0 0 0
60600 -172.385 -0.428526 100 42 0 0 0 0 0 0 0 0 0 -2.17866 100 35 0.171361 100 32 0 0 0 0 0 0 0 0
60700 -175.33 -1.73435 100 38 0 0 0 0 0 0 0 0 0 -1.63054 100 33 -0.896978 100 26 0 0 0 0 0 0 0 0
60800 -172.574 -2.09907 100 31 0 0 0 0 0 0 0 0 0 -2.09248 100 22 -0.0150589 100 20 0 0 0 0 0 0 0 0
60900 -172.772 -0.399473 100 33 0 0 0 0 0 0 0 0 0 -2.53218 100 29 0.686435 100 29 0 0 0 0 0 0 0 0
61000 -172.371 -1.83524 100 32 0 0 0 0 0 0 0 0 0 -2.2536 100 25 0.0788638 100 20 0 0 0 0 0 0 0 0
61100 -171.883 -1.53902 100 41 0 0 0 0 0 0 0 0 0 -2.10202 100 23 -0.0970763 100 13 0 0 0 0 0 0 0 0
61200 -174.642 -1.90773 100 32 0 0 0 0 0 0 0 0 0 -1.70443 100 34 -0.7804 100 29 0 0 0 0 0 0 0 0
61300 -173.792 -2.04772 100 34 0 0 0 0 0 0 0 0 0 -2.16787 100 36 -0.300611 100 12 0 0 0 0 0 0 0 0
61400 -172.058 -1.03132 100 42 0 0 0 0 0 0 0 0 0 -2.02971 100 28 -0.239176 100 26 0 0 0 0 0 0 0 0
61500 -173.962 -2.29445 100 39 0 0 0 0 0 0 0 0 0 -2.45804 100 30 0.293262 100 20 0 0 0 0 0 0 0 0
61600 -173.897 -1.65288 100 46 0 0 0 0 0 0 0 0 0 -1.80817 100 30 0.0605014 100 18 0 0 0 0 0 0 0 0
61700 -174.274 -2.6983 100 44 0 0 0 0 0 0 0 0 0 -2.25092 100 34 0.0365052 100 23 0 0 0 0 0 0 0 0
61800 -172.62 -1.22169 100 33 0 0 0 0 0 0 0 0 0 -1.9939 100 34 -0.401422 100 13 0 0 0 0 0 0 0 0
61900 -177.121 -1.23586 100 36 0 0 0 0 0 0 0 0 0 -1.37841 100 26 -0.725737 100 14 0 0 0 0 0 0 0 0
62000 -172 -1.35366 100 38 0 0 0 0 0 0 0 0 0 -2.13334 100 33 -0.161622 100 20 0 0 0 0 0 0 0 0
62100 -171.8 -1.40856 100 40 0 0 0 0 0 0 0 0 0 -2.2882 100 18 0.141968 100 19 0 0 0 0 0 0 0 0
62200 -175.292 -2.64073 100 39 0 0 0 0 0 0 0 0 0 -2.56082 100 29 0.514996 100 19 0 0 0 0 0 0 0 0
62300 -172.799 -0.0744398 100 24 0 0 0 0 0 0 0 0 0 -2.61217 100 30 0.459135 100 22 0 0 0 0 0 0 0 0
62400 -171.594 -0.996691 100 25 0 0 0 0 0 0 0 0 0 -2.348 100 23 0.283878 100 17 0 0 0 0 0 0 0 0
62500 -171.532 -0.979979 100 45 0 0 0 0 0 0 0 0 0 -2.3024 100 29 0.209037 100 22 0 0 0 0 0 0 0 0
62600 -171.65 -1.15442 100 25 0 0 0 0 0 0 0 0 0 -2.34033 100 22 0.271987 100 19 0 0 0 0 0 0 0 0
62700 -172.531 -0.564205 100 34 0 0 0 0 0 0 0 0 0 -2.71126 100 30 0.655289 100 24 0 0 0 0 0 0 0 0
62800 -173.096 -0.0813582 100 35 0 0 0 0 0 0 0 0 0 -2.3885 100 34 0.138885 100 23 0 0 0 0 0 0 0 0
62900 -176.168 -1.15401 100 46 0 0 0 0 0 0 0 0 0 -2.81753 100 26 1.19471 100 18 0 0 0 0 0 0 0 0
63000 -171.529 -1.0975 100 48 0 0 0 0 0 0 0 0 0 -2.24897 100 37 0.119058 100 19 0 0 0 0 0 0 0 0
63100 -172.993 -2.11816 100 35 0 0 0 0 0 0 0 0 0 -1.87271 100 40 -0.0981567 100 20 0 0 0 0 0 0 0 0
63200 -173.159 -0.17908 100 32 0 0 0 0 0 0 0 0 0 -2.18917 100 30 0.137802 100 19 0 0 0 0 0 0 0 0
63300 -172.516 -0.397964 100 40 0 0 0 0 0 0 0 0 0 -2.24237 100 32 -0.029623 100 26 0 0 0 0 0 0 0 0
63400 -171.75 -1.00244 100 33 0 0 0 0 0 0 0 0 0 -2.08838 100 28 0.0978163 100 20 0 0 0 0 0 0 0 0
63500 -171.99 -1.51343 100 31 0 0 0 0 0 0 0 0 0 -2.33315 100 41 0.243111 100 16 0 0 0 0 0 0 0 0
63600 -171.609 -1.31521 100 35 0 0 0 0 0 0 0 0 0 -2.19333 100 28 0.140795 100 15 0 0 0 0 0 0 0 0
63700 -172.623 -1.11461 100 36 0 0 0 0 0 0 0 0 0 -1.87874 100 43 -0.0361557 100 28 0 0 0 0 0 0 0 0
63800 -174.084 -1.54461 100 38 0 0 0 0 0 0 0 0 0 -2.63074 100 31 0.824743 100 25 0 0 0 0 0 0 0 0
63900 -171.644 -1.05314 100 41 0 0 0 0 0 0 0 0 0 -2.3202 100 32 0.137354 100 13 0 0 0 0 0 0 0 0
64000 -172.518 -1.38668 100 42 0 0 0 0 0 0 0 0 0 -2.51243 100 24 0.533593 100 22 0 0 0 0 0 0 0 0
64100 -172.311 -0.94473 100 40 0 0 0 0 0 0 0 0 0 -1.9586 100 27 0.00770295 100 20 0 0 0 0 0 0 0 0
64200 -172.293 -0.950758 100 39 0 0 0 0 0 0 0 0 0 -2.09405 100 34 0.242353 100 24 0 0 0 0 0 0 0 0
64300 -171.826 -0.837602 100 45 0 0 0 0 0 0 0 0 0 -2.13393 100 32 -0.0825416 100 26 0 0 0 0 0 0 0 0
64400 -173.017 -1.46954 100 35 0 0 0 0 0 0 0 0 0 -2.43967 100 26 0.614119 100 25 0 0 0 0 0 0 0 0
64500 -173.118 -1.33994 100 33 0 0 0 0 0 0 0 0 0 -2.1677 100 32 -0.341107 100 23 0 0 0 0 0 0 0 0
64600 -172.918 -1.83264 100 30 0 0 0 0 0 0 0 0 0 -1.78079 100 31 -0.414764 100 32 0 0 0 0 0 0 0 0
64700 -171.944 -0.715309 100 42 0 0 0 0 0 0 0 0 0 -2.46751 100 29 0.245474 100 25 0 0 0 0 0 0 0 0
64800 -171.77 -1.5198 100 32 0 0 0 0 0 0 0 0 0 -2.12345 100 30 -0.0137228 100 22 0 0 0 0 0 0 0 0
64900 -174.173 -0.675062 100 36 0 0 0 0 0 0 0 0 0 -2.59046 100 27 0.00477521 100 20 0 0 0 0 0 0 0 0
65000 -172.244 -0.827113 100 40 0 0 0 0 0 0 0 0 0 -1.9987 100 29 0.0235661 100 16 0 0 0 0 0 0 0 0
65100 -173.19 -0.690269 100 38 0 0 0 0 0 0 0 0 0 -1.95573 100 22 0.09807 100 23 0 0 0 0 0 0 0 0
65200 -172.133 -0.697602 100 42 0 0 0 0 0 0 0 0 0 -2.5986 100 31 0.534386 100 22 0 0 0 0 0 0 0 0
65300 -172.679 -2.02124 100 35 0 0 0 0 0 0 0 0 0 -2.2613 100 28 0.122732 100 21 0 0 0 0 0 0 0 0
65400 -171.744 -0.744348 100 40 0 0 0 0 0 0 0 0 0 -2.21439 100 24 0.217126 100 29 0 0 0 0 0 0 0 0
65500 -174.326 -0.086315 100 31 0 0 0 0 0 0 0 0 0 -3.04536 100 25 1.08679 100 22 0 0 0 0 0 0 0 0
65600 -172.593 -1.60913 100 38 0 0 0 0 0 0 0 0 0 -1.803 100 25 -0.347191 100 23 0 0 0 0 0 0 0 0
65700 -172.353 -1.41261 100 29 0 0 0 0 0 0 0 0 0 -2.42598 100 31 0.484564 100 25 0 0 0 0 0 0 0 0
65800 -172.405 -1.42794 100 40 0 0 0 0 0 0 0 0 0 -1.85174 100 38 -0.135583 100 17 0 0 0 0 0 0 0 0
65900 -172.533 -1.32956 100 35 0 0 0 0 0 0 0 0 0 -2.33119 100 29 0.502589 100 20 0 0 0 0 0 0 0 0
66000 -173.992 -1.53433 100 44 0 0 0 0 0 0 0 0 0 -2.77737 100 23 0.690479 100 16 0 0 0 0 0 0 0 0
66100 -173.804 -0.0275357 100 32 0 0 0 0 0 0 0 0 0 -2.95788 100 27 0.799757 100 19 0 0 0 0 0 0 0 0
66200 -173.478 0.113394 100 22 0 0 0 0 0 0 0 0 0 -2.75125 100 22 0.749503 100 18 0 0 0 0 0 0 0 0
66300 -172.687 -0.338186 100 36 0 0 0 0 0 0 0 0 0 -2.1669 100 28 -0.00363019 100 24 0 0 0 0 0 0 0 0
66400 -172.298 -0.407605 100 45 0 0 0 0 0 0 0 0 0 -2.47504 100 33 0.541331 100 25 0 0 0 0 0 0 0 0
66500 -172.524 -1.34545 100 33 0 0 0 0 0 0 0 0 0 -1.88069 100 32 -0.0286628 100 19 0 0 0 0 0 0 0 0
66600 -171.905 -0.473899 100 41 0 0 0 0 0 0 0 0 0 -2.40139 100 31 0.286084 100 18 0 0 0 0 0 0 0 0
66700 -171.899 -1.11521 100 33 0 0 0 0 0 0 0 0 0 -2.02148 100 26 -0.198362 100 19 0 0 0 0 0 0 0 0
66800 -174.414 -0.744541 100 33 0 0 0 0 0 0 0 0 0 -3.03514 100 32 0.978387 100 28 0 0 0 0 0 0 0 0
66900 -171.857 -0.507923 100 42 0 0 0 0 0 0 0 0 0 -2.40317 100 24 0.323134 100 19 0 0 0 0 0 0 0 0
67000 -172.322 -0.802956 100 34 0 0 0 0 0 0 0 0 0 -2.50275 100 27 0.617806 100 18 0 0 0 0 0 0 0 0
67100 -172.93 -1.74449 100 49 0 0 0 0 0 0 0 0 0 -2.46004 100 27 0.493795 100 26 0 0 0 0 0 0 0 0
67200 -171.958 -0.928459 100 34 0 0 0 0 0 0 0 0 0 -2.2962 100 38 -0.0113393 100 20 0 0 0 0 0 0 0 0
67300 -172.756 -0.187567 100 34 0 0 0 0 0 0 0 0 0 -2.66658 100 24 0.683647 100 18 0 0 0 0 0 0 0 0
67400 -171.817 -0.838414 100 34 0 0 0 0 0 0 0 0 0 -2.28311 100 28 0.350293 100 22 0 0 0 0 0 0 0 0
67500 -173.358 -0.815116 100 21 0 0 0 0 0 0 0 0 0 -1.80901 100 27 -0.180772 100 15 0 0 0 0 0 0 0 0
67600 -176.837 -1.88198 100 43 0 0 0 0 0 0 0 0 0 -2.96307 100 37 0.574533 100 25 0 0 0 0 0 0 0 0
67700 -172.215 -1.83693 100 37 0 0 0 0 0 0 0 0 0 -2.07706 100 34 0.0697882 100 18 0 0 0 0 0 0 0 0
67800 -172.683 -1.7023 100 36 0 0 0 0 0 0 0 0 0 -2.45908 100 22 0.360594 100 13 0 0 0 0 0 0 0 0
67900 -172.632 -0.732174 100 38 0 0 0 0 0 0 0 0 0 -2.55511 100 31 0.198817 100 19 0 0 0 0 0 0 0 0
68000 -173.836 -0.456041 100 41 0 0 0 0 0 0 0 0 0 -2.95436 100 22 0.72391 100 25 0 0 0 0 0 0 0 0
68100 -171.733 -0.618061 100 42 0 0 0 0 0 0 0 0 0 -2.33117 100 28 0.196508 100 25 0 0 0 0 0 0 0 0
68200 -174.063 -1.7178 100 42 0 0 0 0 0 0 0 0 0 -1.62961 100 34 -0.663004 100 21 0 0 0 0 0 0 0 0
68300 -171.982 -1.10974 100 36 0 0 0 0 0 0 0 0 0 -2.23933 100 36 -0.0776562 100 23 0 0 0 0 0 0 0 0
68400 -171.771 -0.609787 100 43 0 0 0 0 0 0 0 0 0 -2.25978 100 37 0.190315 100 15 0 0 0 0 0 0 0 0
68500 -172.541 -0.640078 100 33 0 0 0 0 0 0 0 0 0 -2.0062 100 35 -0.182098 100 19 0 0 0 0 0 0 0 0
68600 -174.042 -1.64231 100 41 0 0 0 0 0 0 0 0 0 -2.73943 100 32 0.727771 100 20 0 0 0 0 0 0 0 0
68700 -172.225 -1.19452 100 39 0 0 0 0 0 0 0 0 0 -2.52263 100 31 0.497249 100 17 0 0 0 0 0 0 0 0
68800 -173.335 -0.22354 100 32 0 0 0 0 0 0 0 0 0 -2.80399 100 33 0.518516 100 27 0 0 0 0 0 0 0 0
68900 -173.168 -2.37733 100 35 0 0 0 0 0 0 0 0 0 -2.1254 100 24 -0.0100494 100 24 0 0 0 0 0 0 0 0
69000 -172.362 -1.4087 100 47 0 0 0 0 0 0 0 0 0 -2.4952 100 22 0.440229 100 26 0 0 0 0 0 0 0 0
69100 -171.993 -1.61269 100 31 0 0 0 0 0 0 0 0 0 -2.25371 100 31 0.10595 100 22 0 0 0 0 0 0 0 0
69200 -171.849 -0.937519 100 36 0 0 0 0 0 0 0 0 0 -2.48107 100 24 0.415772 100 16 0 0 0 0 0 0 0 0
69300 -172.395 -1.83594 100 45 0 0 0 0 0 0 0 0 0 -1.92126 100 34 -0.0908871 100 25 0 0 0 0 0 0 0 0
69400 -173.005 -0.983003 100 43 0 0 0 0 0 0 0 0 0 -2.56093 100 27 0.155445 100 23 0 0 0 0 0 0 0 0
69500 -174.295 -1.77149 100 43 0 0 0 0 0 0 0 0 0 -1.69277 100 40 -0.739924 100 17 0 0 0 0 0 0 0 0
69600 -171.644 -1.1164 100 46 0 0 0 0 0 0 0 0 0 -2.27694 100 33 0.081342 100 28 0 0 0 0 0 0 0 0
69700 -174.809 -1.55801 100 43 0 0 0 0 0 0 0 0 0 -2.16754 100 27 -0.528827 100 21 0 0 0 0 0 0 0 0
69800 -175.905 -2.6628 100 37 0 0 0 0 0 0 0 0 0 -2.62253 100 31 0.677407 100 26 0 0 0 0 0 0 0 0
69900 -171.955 -0.510467 100 35 0 0 0 0 0 0 0 0 0 -2.48451 100 32 0.337822 100 24 0 0 0 0 0 0 0 0
70000 -174.15 -2.31507 100 40 0 0 0 0 0 0 0 0 0 -1.73826 100 32 -0.136394 100 26 0 0 0 0 0 0 0 0
70100 -172.127 -1.14026 100 37 0 0 0 0 0 0 0 0 0 -2.41464 100 31 0.133027 100 24 0 0 0 0 0 0 0 0
70200 -171.581 -0.9987 100 31 0 0 0 0 0 0 0 0 0 -2.3401 100 33 0.271138 100 22 0 0 0 0 0 0 0 0
70300 -173.463 -0.0313672 100 37 0 0 0 0 0 0 0 0 0 -2.82784 100 34 0.596653 100 14 0 0 0 0 0 0 0 0
70400 -173.168 -1.7659 100 35 0 0 0 0 0 0 0 0 0 -1.75519 100 32 -0.175263 100 25 0 0 0 0 0 0 0 0
70500 -172.875 -2.01195 100 34 0 0 0 0 0 0 0 0 0 -2.25432 100 29 0.3157 100 26 0 0 0 0 0 0 0 0
70600 -173.103 -1.44069 100 43 0 0 0 0 0 0 0 0 0 -2.41718 100 20 0.622043 100 17 0 0 0 0 0 0 0 0
70700 -173.17 -1.44349 100 43 0 0 0 0 0 0 0 0 0 -2.55787 100 28 0.683278 100 15 0 0 0 0 0 0 0 0
70800 -173.51 -1.95942 100 39 0 0 0 0 0 0 0 0 0 -2.01676 100 35 -0.43708 100 21 0 0 0 0 0 0 0 0
70900 -173.188 -0.695982 100 41 0 0 0 0 0 0 0 0 0 -2.78252 100 27 0.507223 100 25 0 0 0 0 0 0 0 0
71000 -172.703 -1.78642 100 32 0 0 0 0 0 0 0 0 0 -2.33999 100 28 0.0772481 100 21 0 0 0 0 0 0 0 0
71100 -172.627 -1.17561 100 29 0 0 0 0 0 0 0 0 0 -2.454 100 32 0.61413 100 18 0 0 0 0 0 0 0 0
71200 -173.999 0.199123 100 43 0 0 0 0 0 0 0 0 0 -2.79518 100 31 0.521691 100 22 0 0 0 0 0 0 0 0
71300 -171.694 -1.31699 100 38 0 0 0 0 0 0 0 0 0 -2.05961 100 30 -0.0880425 100 21 0 0 0 0 0 0 0 0
71400 -173.002 -0.700318 100 34 0 0 0 0 0 0 0 0 0 -1.93011 100 26 0.00206879 100 22 0 0 0 0 0 0 0 0
71500 -172.788 -0.646816 100 30 0 0 0 0 0 0 0 0 0 -2.7442 100 32 0.541883 100 23 0 0 0 0 0 0 0 0
71600 -173.177 -1.10176 100 41 0 0 0 0 0 0 0 0 0 -2.76045 100 28 0.701721 100 23 0 0 0 0 0 0 0 0
71700 -171.642 -1.25452 100 40 0 0 0 0 0 0 0 0 0 -2.06386 100 29 -0.032083 100 28 0 0 0 0 0 0 0 0
71800 -174.126 -0.00841042 100 40 0 0 0 0 0 0 0 0 0 -2.52009 100 37 0.060819 100 22 0 0 0 0 0 0 0 0
71900 -177.393 -0.780821 100 38 0 0 0 0 0 0 0 0 0 -1.78988 100 33 -0.999036 100 22 0 0 0 0 0 0 0 0
72000 -174.59 -2.84762 100 29 0 0 0 0 0 0 0 0 0 -1.86135 100 31 -0.405745 100 22 0 0 0 0 0 0 0 0
72100 -172.402 -0.398541 100 36 0 0 0 0 0 0 0 0 0 -2.19694 100 34 0.0218262 100 21 0 0 0 0 0 0 0 0
72200 -172.48 -1.41345 100 37 0 0 0 0 0 0 0 0 0 -2.52356 100 27 0.467582 100 15 0 0 0 0 0 0 0 0
72300 -171.632 -1.17744 100 34 0 0 0 0 0 0 0 0 0 -2.12946 100 38 -0.0545621 100 20 0 0 0 0 0 0 0 0
72400 -172.273 -1.09169 100 35 0 0 0 0 0 0 0 0 0 -2.27999 100 33 -0.0972349 100 17 0 0 0 0 0 0 0 0
72500 -173.793 -2.08852 100 38 0 0 0 0 0 0 0 0 0 -2.38594 100 34 0.534014 100 31 0 0 0 0 0 0 0 0
72600 -173.422 -0.295569 100 40 0 0 0 0 0 0 0 0 0 -2.54054 100 18 0.0866915 100 22 0 0 0 0 0 0 0 0
72700 -171.654 -1.28988 100 41 0 0 0 0 0 0 0 0 0 -2.06149 100 19 -0.0359614 100 21 0 0 0 0 0 0 0 0
72800 -171.763 -1.07643 100 41 0 0 0 0 0 0 0 0 0 -2.40999 100 29 0.368301 100 15 0 0 0 0 0 0 0 0
72900 -173.748 -2.39289 100 34 0 0 0 0 0 0 0 0 0 -2.32486 100 27 0.340325 100 27 0 0 0 0 0 0 0 0
73000 -173.942 0.113476 100 35 0 0 0 0 0 0 0 0 0 -2.68947 100 27 0.836041 100 24 0 0 0 0 0 0 0 0
73100 -171.823 -1.51852 100 38 0 0 0 0 0 0 0 0 0 -2.15834 100 38 -0.0187259 100 27 0 0 0 0 0 0 0 0
73200 -172.231 -1.80943 100 41 0 0 0 0 0 0 0 0 0 -1.95991 100 35 -0.171597 100 19 0 0 0 0 0 0 0 0
73300 -171.806 -1.50067 100 40 0 0 0 0 0 0 0 0 0 -2.24219 100 34 0.137654 100 19 0 0 0 0 0 0 0 0
73400 -171.563 -1.24183 100 37 0 0 0 0 0 0 0 0 0 -2.13487 100 34 0.0497437 100 25 0 0 0 0 0 0 0 0
73500 -172.223 -0.391511 100 37 0 0 0 0 0 0 0 0 0 -2.43041 100 30 0.472919 100 15 0 0 0 0 0 0 0 0
73600 -174.871 -1.17834 100 34 0 0 0 0 0 0 0 0 0 -2.69931 100 32 1.01565 100 20 0 0 0 0 0 0 0 0
73700 -172.861 -1.06566 100 36 0 0 0 0 0 0 0 0 0 -2.03857 100 26 -0.411702 100 23 0 0 0 0 0 0 0 0
73800 -175.504 -0.398014 100 43 0 0 0 0 0 0 0 0 0 -2.00665 100 34 -0.603075 100 25 0 0 0 0 0 0 0 0
73900 -172.957 -1.09517 100 40 0 0 0 0 0 0 0 0 0 -1.78345 100 21 -0.399787 100 16 0 0 0 0 0 0 0 0
74000 -172.488 -1.66835 100 29 0 0 0 0 0 0 0 0 0 -2.40967 100 29 0.250092 100 23 0 0 0 0 0 0 0 0
74100 -173.88 -2.69466 100 39 0 0 0 0 0 0 0 0 0 -1.9321 100 30 -0.0995146 100 20 0 0 0 0 0 0 0 0
74200 -173.228 -0.349248 100 32 0 0 0 0 0 0 0 0 0 -2.78598 100 30 0.882894 100 21 0 0 0 0 0 0 0 0
74300 -172.906 -0.343774 100 29 0 0 0 0 0 0 0 0 0 -2.62136 100 34 0.757971 100 22 0 0 0 0 0 0 0 0
74400 -171.754 -0.959653 100 39 0 0 0 0 0 0 0 0 0 -2.43714 100 30 0.307019 100 19 0 0 0 0 0 0 0 0
74500 -171.88 -0.587653 100 39 0 0 0 0 0 0 0 0 0 -2.49128 100 27 0.393227 100 13 0 0 0 0 0 0 0 0
74600 -174.683 -2.1162 100 37 0 0 0 0 0 0 0 0 0 -2.41079 100 42 -0.0759392 100 21 0 0 0 0 0 0 0 0
74700 -172.804 -2.04227 100 31 0 0 0 0 0 0 0 0 0 -2.29348 100 30 0.150452 100 21 0 0 0 0 0 0 0 0
74800 -173.066 -1.78138 100 43 0 0 0 0 0 0 0 0 0 -2.31319 100 24 0.476803 100 16 0 0 0 0 0 0 0 0
74900 -172.682 -0.261902 100 33 0 0 0 0 0 0 0 0 0 -2.36032 100 42 0.444931 100 17 0 0 0 0 0 0 0 0
75000 -173.272 0.0395184 100 31 0 0 0 0 0 0 0 0 0 -2.44639 100 33 0.435179 100 14 0 0 0 0 0 0 0 0
75100 -173.736 0.0793932 100 40 0 0 0 0 0 0 0 0 0 -2.8866 100 35 0.693129 100 24 0 0 0 0 0 0 0 0
75200 -172.739 -1.71668 100 35 0 0 0 0 0 0 0 0 0 -2.42627 100 34 0.207212 100 22 0 0 0 0 0 0 0 0
75300 -171.829 -0.885209 100 31 0 0 0 0 0 0 0 0 0 -2.28574 100 30 0.0153872 100 33 0 0 0 0 0 0 0 0
75400 -173.476 0.0907465 100 36 0 0 0 0 0 0 0 0 0 -2.57013 100 32 0.628559 100 20 0 0 0 0 0 0 0 0
75500 -174.976 -1.81075 100 46 0 0 0 0 0 0 0 0 0 -2.33567 100 38 0.705885 100 17 0 0 0 0 0 0 0 0
75600 -172.929 -1.51542 100 34 0 0 0 0 0 0 0 0 0 -1.73358 100 21 -0.350413 100 23 0 0 0 0 0 0 0 0
75700 -172.803 -0.362273 100 32 0 0 0 0 0 0 0 0 0 -2.57619 100 24 0.714603 100 18 0 0 0 0 0 0 0 0
75800 -172.154 -1.58548 100 42 0 0 0 0 0 0 0 0 0 -1.98313 100 34 0.030845 100 22 0 0 0 0 0 0 0 0
75900 -173.756 0.0469342 100 36 0 0 0 0 0 0 0 0 0 -2.56653 100 21 0.721607 100 26 0 0 0 0 0 0 0 0
76000 -171.691 -1.30492 100 48 0 0 0 0 0 0 0 0 0 -2.18812 100 22 0.196939 100 19 0 0 0 0 0 0 0 0
76100 -173.463 -0.737635 100 33 0 0 0 0 0 0 0 0 0 -2.3584 100 33 0.665523 100 24 0 0 0 0 0 0 0 0
76200 -172.696 -1.72546 100 38 0 0 0 0 0 0 0 0 0 -2.44377 100 30 0.295184 100 21 0 0 0 0 0 0 0 0
76300 -171.811 -1.48708 100 38 0 0 0 0 0 0 0 0 0 -2.19524 100 28 0.0175153 100 25 0 0 0 0 0 0 0 0
76400 -172.433 -0.62394 100 32 0 0 0 0 0 0 0 0 0 -2.06806 100 26 0.119377 100 24 0 0 0 0 0 0 0 0
76500 -174.548 -0.905212 100 45 0 0 0 0 0 0 0 0 0 -3.02096 100 28 0.874763 100 21 0 0 0 0 0 0 0 0
76600 -172.786 -0.593082 100 37 0 0 0 0 0 0 0 0 0 -2.77307 100 27 0.665175 100 20 0 0 0 0 0 0 0 0
76700 -174.276 -1.65977 100 44 0 0 0 0 0 0 0 0 0 -2.75914 100 29 0.784504 100 19 0 0 0 0 0 0 0 0
76800 -172.472 -1.66508 100 44 0 0 0 0 0 0 0 0 0 -1.96003 100 23 0.0632505 100 20 0 0 0 0 0 0 0 0
76900 -172.508 -0.695337 100 40 0 0 0 0 0 0 0 0 0 -2.70088 100 18 0.628481 100 17 0 0 0 0 0 0 0 0
77000 -172.189 -1.40267 100 40 0 0 0 0 0 0 0 0 0 -1.9314 100 29 -0.308167 100 23 0 0 0 0 0 0 0 0
77100 -172.135 -1.13304 100 35 0 0 0 0 0 0 0 0 0 -1.91245 100 32 -0.135433 100 25 0 0 0 0 0 0 0 0
77200 -175.587 -0.940539 100 38 0 0 0 0 0 0 0 0 0 -1.5485 100 35 -0.593818 100 17 0 0 0 0 0 0 0 0
77300 -171.929 -0.909922 100 41 0 0 0 0 0 0 0 0 0 -2.32873 100 26 0.423403 100 17 0 0 0 0 0 0 0 0
77400 -172.34 -1.63843 100 34 0 0 0 0 0 0 0 0 0 -1.98687 100 30 -0.300207 100 28 0 0 0 0 0 0 0 0
77500 -174.501 -0.566368 100 42 0 0 0 0 0 0 0 0 0 -3.07758 100 26 0.955592 100 25 0 0 0 0 0 0 0 0
77600 -173.622 -1.08389 100 36 0 0 0 0 0 0 0 0 0 -1.81303 100 28 0.00994688 100 19 0 0 0 0 0 0 0 0
77700 -174.403 -2.31122 100 39 0 0 0 0 0 0 0 0 0 -1.68925 100 29 -0.18314 100 21 0 0 0 0 0 0 0 0
77800 -171.602 -0.897575 100 43 0 0 0 0 0 0 0 0 0 -2.19684 100 26 0.02923 100 29 0 0 0 0 0 0 0 0
77900 -172.279 -0.311417 100 34 0 0 0 0 0 0 0 0 0 -2.52459 100 24 0.353518 100 26 0 0 0 0 0 0 0 0
78000 -171.53 -1.17325 100 32 0 0 0 0 0 0 0 0 0 -2.21047 100 34 0.094054 100 21 0 0 0 0 0 0 0 0
78100 -172.005 -1.42922 100 36 0 0 0 0 0 0 0 0 0 -2.33122 100 25 0.124103 100 23 0 0 0 0 0 0 0 0
78200 -172.985 -0.471985 100 35 0 0 0 0 0 0 0 0 0 -2.82242 100 30 0.717415 100 23 0 0 0 0 0 0 0 0
78300 -174.987 -2.68804 100 43 0 0 0 0 0 0 0 0 0 -1.76096 100 29 -0.0711978 100 21 0 0 0 0 0 0 0 0
78400 -172.445 -1.49942 100 37 0 0 0 0 0 0 0 0 0 -2.1115 100 32 0.274143 100 24 0 0 0 0 0 0 0 0
78500 -177.332 -1.88566 100 40 0 0 0 0 0 0 0 0 0 -1.34599 100 37 -0.990238 100 20 0 0 0 0 0 0 0 0
78600 -172.871 -0.764049 100 38 0 0 0 0 0 0 0 0 0 -2.06041 100 34 0.25359 100 25 0 0 0 0 0 0 0 0
78700 -174.781 -2.88955 100 33 0 0 0 0 0 0 0 0 0 -1.81496 100 27 -0.446594 100 16 0 0 0 0 0 0 0 0
78800 -176.493 -0.784741 100 38 0 0 0 0 0 0 0 0 0 -3.06927 100 34 1.37327 100 19 0 0 0 0 0 0 0 0
78900 -174.507 -0.573026 100 38 0 0 0 0 0 0 0 0 0 -3.07857 100 26 0.974469 100 22 0 0 0 0 0 0 0 0
79000 -172.397 -0.833976 100 32 0 0 0 0 0 0 0 0 0 -2.06262 100 27 -0.270898 100 21 0 0 0 0 0 0 0 0
79100 -172.717 -1.68419 100 37 0 0 0 0 0 0 0 0 0 -1.77879 100 29 -0.320057 100 22 0 0 0 0 0 0 0 0
79200 -172.419 -1.35417 100 29 0 0 0 0 0 0 0 0 0 -2.07334 100 30 0.243868 100 22 0 0 0 0 0 0 0 0
79300 -172 -1.51829 100 35 0 0 0 0 0 0 0 0 0 -2.29884 100 31 0.293515 100 25 0 0 0 0 0 0 0 0
79400 -172.604 -1.71349 100 37 0 0 0 0 0 0 0 0 0 -2.41979 100 27 0.257874 100 21 0 0 0 0 0 0 0 0
79500 -174.379 0.113558 100 40 0 0 0 0 0 0 0 0 0 -2.52114 100 31 0.0933051 100 20 0 0 0 0 0 0 0 0
79600 -171.81 -1.29382 100 39 0 0 0 0 0 0 0 0 0 -2.30751 100 31 0.10464 100 23 0 0 0 0 0 0 0 0
79700 -175.842 -1.75625 100 41 0 0 0 0 0 0 0 0 0 -1.7854 100 36 -0.922075 100 26 0 0 0 0 0 0 0 0
79800 -171.565 -1.06509 100 46 0 0 0 0 0 0 0 0 0 -2.30788 100 29 0.247869 100 14 0 0 0 0 0 0 0 0
79900 -172.039 -0.608995 100 38 0 0 0 0 0 0 0 0 0 -2.31827 100 29 0.396895 100 16 0 0 0 0 0 0 0 0
80000 -172.354 -0.903878 100 40 0 0 0 0 0 0 0 0 0 -2.52996 100 24 0.234242 100 29 0 0 0 0 0 0 0 0
80100 -173.145 0.0405859 100 33 0 0 0 0 0 0 0 0 0 -2.66284 100 34 0.498352 100 21 0 0 0 0 0 0 0 0
80200 -174.213 0.161838 100 38 0 0 0 0 0 0 0 0 0 -2.53982 100 25 0.695166 100 22 0 0 0 0 0 0 0 0
80300 -173.028 -1.0277 100 40 0 0 0 0 0 0 0 0 0 -2.5094 100 33 0.723993 100 20 0 0 0 0 0 0 0 0
80400 -176.942 0.619682 100 31 0 0 0 0 0 0 0 0 0 -2.454 100 40 0.393206 100 28 0 0 0 0 0 0 0 0
80500 -172.012 -1.30025 100 42 0 0 0 0 0 0 0 0 0 -2.03678 100 28 -0.238868 100 13 0 0 0 0 0 0 0 0
80600 -173.007 -0.983557 100 41 0 0 0 0 0 0 0 0 0 -1.79867 100 30 -0.218994 100 14 0 0 0 0 0 0 0 0
80700 -175.348 -0.536999 100 44 0 0 0 0 0 0 0 0 0 -2.86561 100 29 1.20214 100 16 0 0 0 0 0 0 0 0
80800 -171.656 -1.35705 100 36 0 0 0 0 0 0 0 0 0 -2.19378 100 27 0.158164 100 21 0 0 0 0 0 0 0 0
80900 -173.322 -1.81531 100 38 0 0 0 0 0 0 0 0 0 -2.55466 100 37 0.488334 100 20 0 0 0 0 0 0 0 0
81000 -172.062 -0.89179 100 38 0 0 0 0 0 0 0 0 0 -2.46707 100 32 0.2043 100 19 0 0 0 0 0 0 0 0
81100 -177.518 -2.2018 100 42 0 0 0 0 0 0 0 0 0 -1.57984 100 27 -1.12269 100 23 0 0 0 0 0 0 0 0
81200 -174.406 0.247282 100 42 0 0 0 0 0 0 0 0 0 -2.64983 100 33 0.296586 100 23 0 0 0 0 0 0 0 0
81300 -172.535 -1.46133 100 43 0 0 0 0 0 0 0 0 0 -2.40712 100 23 0.103531 100 22 0 0 0 0 0 0 0 0
81400 -172.834 -0.109117 100 37 0 0 0 0 0 0 0 0 0 -2.36578 100 23 0.319265 100 20 0 0 0 0 0 0 0 0
81500 -171.868 -0.851658 100 36 0 0 0 0 0 0 0 0 0 -2.32479 100 25 0.402615 100 22 0 0 0 0 0 0 0 0
81600 -172.281 -1.68813 100 36 0 0 0 0 0 0 0 0 0 -2.07129 100 30 0.15645 100 24 0 0 0 0 0 0 0 0
81700 -172.145 -0.74112 100 40 0 0 0 0 0 0 0 0 0 -2.31557 100 21 0.446259 100 16 0 0 0 0 0 0 0 0
81800 -174.272 -0.848226 100 34 0 0 0 0 0 0 0 0 0 -2.44702 100 26 0.819109 100 15 0 0 0 0 0 0 0 0
81900 -171.715 -0.936983 100 48 0 0 0 0 0 0 0 0 0 -2.36656 100 30 0.378656 100 28 0 0 0 0 0 0 0 0
82000 -172.585 -0.82674 100 40 0 0 0 0 0 0 0 0 0 -1.96926 100 30 -0.317625 100 24 0 0 0 0 0 0 0 0
82100 -173.861 -1.56604 100 43 0 0 0 0 0 0 0 0 0 -2.10523 100 30 0.434735 100 26 0 0 0 0 0 0 0 0
82200 -172.756 -1.30883 100 39 0 0 0 0 0 0 0 0 0 -2.24485 100 26 0.470954 100 16 0 0 0 0 0 0 0 0
82300 -172.59 -1.09609 100 44 0 0 0 0 0 0 0 0 0 -1.99993 100 28 0.173476 100 17 0 0 0 0 0 0 0 0
82400 -171.918 -1.61603 100 34 0 0 0 0 0 0 0 0 0 -2.21676 100 38 0.104338 100 25 0 0 0 0 0 0 0 0
82500 -172.271 -0.714251 100 37 0 0 0 0 0 0 0 0 0 -2.10169 100 26 0.190533 100 22 0 0 0 0 0 0 0 0
82600 -172.671 -0.312208 100 47 0 0 0 0 0 0 0 0 0 -2.18584 100 25 0.0394807 100 18 0 0 0 0 0 0 0 0
82700 -172.689 -1.24305 100 37 0 0 0 0 0 0 0 0 0 -1.97267 100 34 -0.424803 100 23 0 0 0 0 0 0 0 0
82800 -171.835 -1.10066 100 40 0 0 0 0 0 0 0 0 0 -2.00645 100 20 -0.152252 100 18 0 0 0 0 0 0 0 0
82900 -173.944 -2.73446 100 35 0 0 0 0 0 0 0 0 0 -2.04486 100 36 0.0239839 100 31 0 0 0 0 0 0 0 0
83000 -172.475 -1.32804 100 34 0 0 0 0 0 0 0 0 0 -2.49595 100 22 0.246234 100 21 0 0 0 0 0 0 0 0
83100 -171.683 -1.35861 100 37 0 0 0 0 0 0 0 0 0 -2.0663 100 28 0.00587471 100 22 0 0 0 0 0 0 0 0
83200 -173.188 -0.933961 100 42 0 0 0 0 0 0 0 0 0 -1.88064 100 31 0.0377764 100 22 0 0 0 0 0 0 0 0
83300 -176.035 -0.499911 100 33 0 0 0 0 0 0 0 0 0 -1.81429 100 28 0.106334 100 18 0 0 0 0 0 0 0 0
83400 -171.606 -0.871304 100 39 0 0 0 0 0 0 0 0 0 -2.36951 100 32 0.295686 100 31 0 0 0 0 0 0 0 0
83500 -176.336 -2.82883 100 39 0 0 0 0 0 0 0 0 0 -2.12282 100 21 -0.47228 100 19 0 0 0 0 0 0 0 0
83600 -172.57 -1.29262 100 32 0 0 0 0 0 0 0 0 0 -2.56408 100 31 0.366543 100 21 0 0 0 0 0 0 0 0
83700 -173.17 -1.47666 100 34 0 0 0 0 0 0 0 0 0 -2.64405 100 36 0.48438 100 20 0 0 0 0 0 0 0 0
83800 -172.47 -1.30783 100 34 0 0 0 0 0 0 0 0 0 -2.52363 100 33 0.305699 100 23 0 0 0 0 0 0 0 0
83900 -173.758 -2.23782 100 34 0 0 0 0 0 0 0 0 0 -2.17052 100 28 -0.227033 100 17 0 0 0 0 0 0 0 0
84000 -171.881 -0.950487 100 38 0 0 0 0 0 0 0 0 0 -2.08001 100 19 -0.152494 100 16 0 0 0 0 0 0 0 0
84100 -172.192 -1.489 100 33 0 0 0 0 0 0 0 0 0 -2.31787 100 29 0.384619 100 24 0 0 0 0 0 0 0 0
84200 -171.83 -1.23998 100 41 0 0 0 0 0 0 0 0 0 -2.11025 100 19 -0.144482 100 23 0 0 0 0 0 0 0 0
84300 -172.787 -2.15253 100 40 0 0 0 0 0 0 0 0 0 -1.9877 100 30 -0.00926559 100 20 0 0 0 0 0 0 0 0
84400 -171.742 -0.915851 100 42 0 0 0 0 0 0 0 0 0 -2.29773 100 31 0.0561635 100 17 0 0 0 0 0 0 0 0
84500 -171.573 -0.819558 100 42 0 0 0 0 0 0 0 0 0 -2.30381 100 25 0.245809 100 14 0 0 0 0 0 0 0 0
84600 -172.21 -1.83034 100 38 0 0 0 0 0 0 0 0 0 -2.16679 100 27 0.00889028 100 20 0 0 0 0 0 0 0 0
84700 -171.865 -1.60271 100 37 0 0 0 0 0 0 0 0 0 -2.09426 100 37 0.0510179 100 18 0 0 0 0 0 0 0 0
84800 -171.996 -0.452693 100 42 0 0 0 0 0 0 0 0 0 -2.37421 100 27 0.200173 100 19 0 0 0 0 0 0 0 0
84900 -172.499 -1.04695 100 44 0 0 0 0 0 0 0 0 0 -2.15214 100 32 -0.268377 100 29 0 0 0 0 0 0 0 0
85000 -172.614 -1.71162 100 41 0 0 0 0 0 0 0 0 0 -2.32093 100 33 0.0320994 100 22 0 0 0 0 0 0 0 0
85100 -171.619 -0.770194 100 42 0 0 0 0 0 0 0 0 0 -2.36476 100 37 0.273766 100 20 0 0 0 0 0 0 0 0
85200 -171.986 -1.07087 100 34 0 0 0 0 0 0 0 0 0 -2.50123 100 20 0.412721 100 24 0 0 0 0 0 0 0 0
85300 -173.337 0.0482514 100 37 0 0 0 0 0 0 0 0 0 -2.51726 100 37 0.276435 100 17 0 0 0 0 0 0 0 0
85400 -173.471 -0.611338 100 44 0 0 0 0 0 0 0 0 0 -2.26703 100 34 -0.270357 100 18 0 0 0 0 0 0 0 0
85500 -172.619 -0.615998 100 40 0 0 0 0 0 0 0 0 0 -2.73124 100 30 0.674111 100 25 0 0 0 0 0 0 0 0
85600 -175.516 -1.68183 100 43 0 0 0 0 0 0 0 0 0 -1.57429 100 27 -0.911531 100 25 0 0 0 0 0 0 0 0
85700 -171.804 -1.38386 100 40 0 0 0 0 0 0 0 0 0 -2.16757 100 22 0.202271 100 24 0 0 0 0 0 0 0 0
85800 -171.809 -0.628965 100 40 0 0 0 0 0 0 0 0 0 -2.21411 100 36 0.151593 100 21 0 0 0 0 0 0 0 0
85900 -172.204 -0.810371 100 49 0 0 0 0 0 0 0 0 0 -2.43053 100 24 0.104838 100 18 0 0 0 0 0 0 0 0
86000 -174.162 -0.935437 100 42 0 0 0 0 0 0 0 0 0 -2.13066 100 32 -0.514205 100 23 0 0 0 0 0 0 0 0
86100 -172.362 -1.63324 100 39 0 0 0 0 0 0 0 0 0 -2.37344 100 26 0.37384 100 22 0 0 0 0 0 0 0 0
86200 -174.784 -2.6313 100 41 0 0 0 0 0 0 0 0 0 -2.06134 100 27 -0.386553 100 26 0 0 0 0 0 0 0 0
86300 -174.787 0.349459 100 41 0 0 0 0 0 0 0 0 0 -2.98736 100 25 1.05594 100 19 0 0 0 0 0 0 0 0
86400 -173.888 -0.699118 100 37 0 0 0 0 0 0 0 0 0 -2.03264 100 21 0.325027 100 21 0 0 0 0 0 0 0 0
86500 -174.479 -0.855593 100 39 0 0 0 0 0 0 0 0 0 -2.80482 100 25 0.318869 100 23 0 0 0 0 0 0 0 0
86600 -173.231 -1.41987 100 33 0 0 0 0 0 0 0 0 0 -2.5252 100 22 0.145806 100 18 0 0 0 0 0 0 0 0
86700 -171.555 -1.10521 100 36 0 0 0 0 0 0 0 0 0 -2.12457 100 28 0.0186103 100 24 0 0 0 0 0 0 0 0
86800 -173.665 -1.07773 100 32 0 0 0 0 0 0 0 0 0 -2.73699 100 43 0.376468 100 23 0 0 0 0 0 0 0 0
86900 -173.388 -0.221535 100 37 0 0 0 0 0 0 0 0 0 -2.71966 100 26 0.356146 100 23 0 0 0 0 0 0 0 0
87000 -173.322 -1.24281 100 48 0 0 0 0 0 0 0 0 0 -2.28277 100 33 0.576456 100 27 0 0 0 0 0 0 0 0
87100 -175.246 -0.833511 100 35 0 0 0 0 0 0 0 0 0 -2.01029 100 36 -0.707131 100 22 0 0 0 0 0 0 0 0
87200 -171.534 -0.979061 100 30 0 0 0 0 0 0 0 0 0 -2.30399 100 34 0.222141 100 25 0 0 0 0 0 0 0 0
87300 -174.067 -0.902303 100 37 0 0 0 0 0 0 0 0 0 -2.21337 100 30 -0.428636 100 19 0 0 0 0 0 0 0 0
87400 -173.733 -0.631396 100 36 0 0 0 0 0 0 0 0 0 -2.65845 100 35 0.919164 100 13 0 0 0 0 0 0 0 0
87500 -173.793 -2.39264 100 32 0 0 0 0 0 0 0 0 0 -1.75066 100 30 -0.431452 100 28 0 0 0 0 0 0 0 0
87600 -173.247 -1.7631 100 37 0 0 0 0 0 0 0 0 0 -2.2217 100 32 -0.224604 100 17 0 0 0 0 0 0 0 0
87700 -172.81 -1.02929 100 32 0 0 0 0 0 0 0 0 0 -2.16346 100 23 -0.310274 100 21 0 0 0 0 0 0 0 0
87800 -174.919 -1.22023 100 36 0 0 0 0 0 0 0 0 0 -2.73301 100 29 1.02984 100 22 0 0 0 0 0 0 0 0
87900 -172.183 -1.13747 100 36 0 0 0 0 0 0 0 0 0 -2.45889 100 34 0.526872 100 25 0 0 0 0 0 0 0 0
88000 -171.743 -0.613918 100 38 0 0 0 0 0 0 0 0 0 -2.39818 100 32 0.30964 100 24 0 0 0 0 0 0 0 0
88100 -172.355 -1.9672 100 33 0 0 0 0 0 0 0 0 0 -2.04745 100 25 -0.0128851 100 18 0 0 0 0 0 0 0 0
88200 -171.985 -0.545501 100 47 0 0 0 0 0 0 0 0 0 -2.52609 100 29 0.394011 100 18 0 0 0 0 0 0 0 0
88300 -172.702 -0.944162 100 34 0 0 0 0 0 0 0 0 0 -1.8481 100 27 -0.282317 100 16 0 0 0 0 0 0 0 0
88400 -171.873 -0.935665 100 40 0 0 0 0 0 0 0 0 0 -2.49038 100 31 0.371565 100 25 0 0 0 0 0 0 0 0
88500 -174.657 -2.17038 100 38 0 0 0 0 0 0 0 0 0 -1.7626 100 28 -0.722098 100 21 0 0 0 0 0 0 0 0
88600 -172.027 -0.54805 100 39 0 0 0 0 0 0 0 0 0 -2.38609 100 23 0.139117 100 25 0 0 0 0 0 0 0 0
88700 -172.656 -1.82534 100 27 0 0 0 0 0 0 0 0 0 -2.17942 100 35 0.2987 100 20 0 0 0 0 0 0 0 0
88800 -172.835 -0.725951 100 40 0 0 0 0 0 0 0 0 0 -2.76068 100 33 0.598196 100 18 0 0 0 0 0 0 0 0
88900 -171.933 -1.16191 100 38 0 0 0 0 0 0 0 0 0 -2.19568 100 36 -0.107438 100 14 0 0 0 0 0 0 0 0
89000 -174.477 -1.11148 100 33 0 0 0 0 0 0 0 0 0 -1.85665 100 32 0.187017 100 16 0 0 0 0 0 0 0 0
89100 -171.704 -0.742693 100 30 0 0 0 0 0 0 0 0 0 -2.33041 100 27 0.139507 100 25 0 0 0 0 0 0 0 0
89200 -173.197 -1.48849 100 36 0 0 0 0 0 0 0 0 0 -1.99055 100 29 -0.490761 100 24 0 0 0 0 0 0 0 0
89300 -173.956 -2.29255 100 46 0 0 0 0 0 0 0 0 0 -1.955 100 32 -0.466871 100 22 0 0 0 0 0 0 0 0
89400 -172.241 -1.10067 100 41 0 0 0 0 0 0 0 0 0 -2.04793 100 38 -0.290237 100 15 0 0 0 0 0 0 0 0
89500 -173.586 -0.195891 100 44 0 0 0 0 0 0 0 0 0 -2.40286 100 29 -0.0428866 100 17 0 0 0 0 0 0 0 0
89600 -172.479 -2.03592 100 39 0 0 0 0 0 0 0 0 0 -2.06111 100 28 0.0164689 100 19 0 0 0 0 0 0 0 0
89700 -173.115 -2.21203 100 39 0 0 0 0 0 0 0 0 0 -1.84889 100 23 -0.322309 100 18 0 0 0 0 0 0 0 0
89800 -173.663 -0.765854 100 39 0 0 0 0 0 0 0 0 0 -1.97805 100 27 0.232695 100 18 0 0 0 0 0 0 0 0
89900 -174.403 -1.13806 100 27 0 0 0 0 0 0 0 0 0 -2.21342 100 32 -0.46951 100 21 0 0 0 0 0 0 0 0
90000 -171.914 -1.08096 100 33 0 0 0 0 0 0 0 0 0 -2.02541 100 22 0.0587843 100 21 0 0 0 0 0 0 0 0
90100 -172.981 -1.47065 100 32 0 0 0 0 0 0 0 0 0 -1.74958 100 33 -0.222954 100 16 0 0 0 0 0 0 0 0
90200 -172.684 -0.389099 100 33 0 0 0 0 0 0 0 0 0 -2.21648 100 31 -0.0775666 100 24 0 0 0 0 0 0 0 0
90300 -175.664 -1.04172 100 45 0 0 0 0 0 0 0 0 0 -1.54988 100 30 -0.340512 100 20 0 0 0 0 0 0 0 0
90400 -171.969 -1.25155 100 37 0 0 0 0 0 0 0 0 0 -2.06268 100 26 0.145241 100 26 0 0 0 0 0 0 0 0
90500 -173.389 -0.321607 100 34 0 0 0 0 0 0 0 0 0 -2.23468 100 33 0.433889 100 19 0 0 0 0 0 0 0 0
90600 -171.529 -0.98831 100 38 0 0 0 0 0 0 0 0 0 -2.17447 100 33 0.0685553 100 20 0 0 0 0 0 0 0 0
90700 -176.114 -1.34325 100 39 0 0 0 0 0 0 0 0 0 -3.11109 100 28 0.902944 100 30 0 0 0 0 0 0 0 0
90800 -172.073 -0.858554 100 48 0 0 0 0 0 0 0 0 0 -2.01529 100 22 0.0136797 100 30 0 0 0 0 0 0 0 0
90900 -172.654 -1.02358 100 33 0 0 0 0 0 0 0 0 0 -1.9079 100 31 -0.396333 100 25 0 0 0 0 0 0 0 0
91000 -171.584 -1.25536 100 39 0 0 0 0 0 0 0 0 0 -2.24324 100 26 0.145976 100 22 0 0 0 0 0 0 0 0
91100 -172.644 -1.97376 100 34 0 0 0 0 0 0 0 0 0 -2.07896 100 24 0.15277 100 20 0 0 0 0 0 0 0 0
91200 -172.644 -1.26858 100 33 0 0 0 0 0 0 0 0 0 -2.29369 100 38 -0.131692 100 21 0 0 0 0 0 0 0 0
91300 -172.207 -0.906384 100 42 0 0 0 0 0 0 0 0 0 -2.59635 100 28 0.533515 100 17 0 0 0 0 0 0 0 0
91400 -171.507 -0.986107 100 51 0 0 0 0 0 0 0 0 0 -2.22712 100 23 0.117798 100 18 0 0 0 0 0 0 0 0
91500 -175.371 -2.52782 100 43 0 0 0 0 0 0 0 0 0 -1.82196 100 30 -0.707674 100 22 0 0 0 0 0 0 0 0
91600 -174.153 0.155945 100 39 0 0 0 0 0 0 0 0 0 -2.97984 100 35 0.802848 100 27 0 0 0 0 0 0 0 0
91700 -172.285 -1.63632 100 31 0 0 0 0 0 0 0 0 0 -2.0488 100 26 0.145483 100 24 0 0 0 0 0 0 0 0
91800 -171.612 -1.21297 100 40 0 0 0 0 0 0 0 0 0 -2.25588 100 35 0.0968233 100 24 0 0 0 0 0 0 0 0
91900 -174.345 -1.22618 100 35 0 0 0 0 0 0 0 0 0 -2.0665 100 31 -0.596227 100 10 0 0 0 0 0 0 0 0
92000 -172.873 -1.43742 100 36 0 0 0 0 0 0 0 0 0 -2.56285 100 30 0.609233 100 26 0 0 0 0 0 0 0 0
92100 -172.759 -2.09993 100 36 0 0 0 0 0 0 0 0 0 -2.1077 100 38 0.145306 100 21 0 0 0 0 0 0 0 0
92200 -172.435 -0.283098 100 41 0 0 0 0 0 0 0 0 0 -2.51742 100 28 0.554287 100 15 0 0 0 0 0 0 0 0
92300 -174.819 -0.204724 100 30 0 0 0 0 0 0 0 0 0 -2.32122 100 31 -0.284023 100 24 0 0 0 0 0 0 0 0
92400 -172.668 -1.3964 100 40 0 0 0 0 0 0 0 0 0 -2.35 100 28 -0.0364951 100 22 0 0 0 0 0 0 0 0
92500 -173.623 -0.0952685 100 41 0 0 0 0 0 0 0 0 0 -2.26936 100 41 -0.0463652 100 11 0 0 0 0 0 0 0 0
92600 -174.775 0.435439 100 50 0 0 0 0 0 0 0 0 0 -2.63213 100 25 0.614823 100 18 0 0 0 0 0 0 0 0
92700 -171.902 -1.15572 100 37 0 0 0 0 0 0 0 0 0 -1.99598 100 25 -0.199254 100 24 0 0 0 0 0 0 0 0
92800 -172.207 -1.71434 100 45 0 0 0 0 0 0 0 0 0 -1.99936 100 34 0.0321594 100 35 0 0 0 0 0 0 0 0
92900 -171.74 -0.996547 100 35 0 0 0 0 0 0 0 0 0 -2.05132 100 28 -0.0111149 100 19 0 0 0 0 0 0 0 0
93000 -172.527 -1.39778 100 40 0 0 0 0 0 0 0 0 0 -1.8373 100 27 -0.388994 100 23 0 0 0 0 0 0 0 0
93100 -177.264 -0.376535 100 32 0 0 0 0 0 0 0 0 0 -2.56537 100 28 1.1096 100 18 0 0 0 0 0 0 0 0
93200 -178.235 -1.24467 100 43 0 0 0 0 0 0 0 0 0 -2.58271 100 31 -0.377966 100 26 0 0 0 0 0 0 0 0
93300 -172.403 -1.36959 100 29 0 0 0 0 0 0 0 0 0 -2.5225 100 37 0.450679 100 10 0 0 0 0 0 0 0 0
93400 -173.012 -0.292528 100 41 0 0 0 0 0 0 0 0 0 -2.81969 100 35 0.75711 100 13 0 0 0 0 0 0 0 0
93500 -173.425 -2.48078 100 33 0 0 0 0 0 0 0 0 0 -2.1609 100 28 0.0658291 100 27 0 0 0 0 0 0 0 0
93600 -172.204 -0.341234 100 36 0 0 0 0 0 0 0 0 0 -2.33794 100 28 0.19499 100 26 0 0 0 0 0 0 0 0
93700 -171.801 -1.03516 100 37 0 0 0 0 0 0 0 0 0 -2.21329 100 23 -0.0574015 100 21 0 0 0 0 0 0 0 0
93800 -171.962 -1.10354 100 41 0 0 0 0 0 0 0 0 0 -2.46162 100 30 0.452405 100 19 0 0 0 0 0 0 0 0
93900 -172.331 -0.432857 100 38 0 0 0 0 0 0 0 0 0 -2.41781 100 24 0.51098 100 24 0 0 0 0 0 0 0 0
94000 -173.703 -0.0810031 100 40 0 0 0 0 0 0 0 0 0 -2.50174 100 31 0.706975 100 20 0 0 0 0 0 0 0 0
94100 -173.142 -1.82989 100 38 0 0 0 0 0 0 0 0 0 -2.21883 100 34 0.413127 100 21 0 0 0 0 0 0 0 0
94200 -175.893 0.528412 100 41 0 0 0 0 0 0 0 0 0 -3.18653 100 30 1.25715 100 23 0 0 0 0 0 0 0 0
94300 -174.415 -2.16402 100 31 0 0 0 0 0 0 0 0 0 -2.1861 100 24 -0.33848 100 19 0 0 0 0 0 0 0 0
94400 -172.027 -1.51877 100 37 0 0 0 0 0 0 0 0 0 -1.94463 100 33 -0.209356 100 15 0 0 0 0 0 0 0 0
94500 -171.932 -1.39996 100 42 0 0 0 0 0 0 0 0 0 -2.04054 100 33 -0.198591 100 25 0 0 0 0 0 0 0 0
94600 -173.449 0.090535 100 31 0 0 0 0 0 0 0 0 0 -2.76474 100 41 0.575295 100 23 0 0 0 0 0 0 0 0
94700 -173.353 -0.275307 100 36 0 0 0 0 0 0 0 0 0 -2.85739 100 38 0.898019 100 19 0 0 0 0 0 0 0 0
94800 -173.808 -1.80629 100 38 0 0 0 0 0 0 0 0 0 -2.09595 100 35 0.390538 100 27 0 0 0 0 0 0 0 0
94900 -172.633 -1.39159 100 36 0 0 0 0 0 0 0 0 0 -2.56393 100 29 0.524358 100 18 0 0 0 0 0 0 0 0
95000 -172.759 -1.41041 100 36 0 0 0 0 0 0 0 0 0 -2.11389 100 36 0.335142 100 17 0 0 0 0 0 0 0 0
95100 -174.371 -1.94796 100 36 0 0 0 0 0 0 0 0 0 -2.69161 100 36 0.543274 100 20 0 0 0 0 0 0 0 0
95200 -172.682 -0.349034 100 33 0 0 0 0 0 0 0 0 0 -2.74068 100 30 0.626776 100 18 0 0 0 0 0 0 0 0
95300 -172.882 -1.72565 100 32 0 0 0 0 0 0 0 0 0 -2.3884 100 32 0.491622 100 16 0 0 0 0 0 0 0 0
95400 -174.101 -1.15888 100 36 0 0 0 0 0 0 0 0 0 -1.62728 100 30 -0.432278 100 13 0 0 0 0 0 0 0 0
95500 -176.315 -2.62386 100 37 0 0 0 0 0 0 0 0 0 -2.08477 100 29 0.466824 100 22 0 0 0 0 0 0 0 0
95600 -174.067 -0.11283 100 31 0 0 0 0 0 0 0 0 0 -2.41364 100 20 -0.0715362 100 21 0 0 0 0 0 0 0 0
95700 -173.882 -0.26368 100 32 0 0 0 0 0 0 0 0 0 -2.86278 100 24 0.495968 100 18 0 0 0 0 0 0 0 0
95800 -172.354 -0.360025 100 41 0 0 0 0 0 0 0 0 0 -2.45056 100 28 0.190704 100 14 0 0 0 0 0 0 0 0
95900 -172.375 -1.31165 100 37 0 0 0 0 0 0 0 0 0 -2.20257 100 31 -0.183286 100 21 0 0 0 0 0 0 0 0
96000 -173.032 -1.76064 100 36 0 0 0 0 0 0 0 0 0 -2.29196 100 31 -0.0914398 100 19 0 0 0 0 0 0 0 0
96100 -172.56 -1.91236 100 40 0 0 0 0 0 0 0 0 0 -2.28213 100 29 0.11307 100 18 0 0 0 0 0 0 0 0
96200 -173.605 -2.14636 100 41 0 0 0 0 0 0 0 0 0 -2.41618 100 30 0.462657 100 18 0 0 0 0 0 0 0 0
96300 -171.732 -1.04165 100 37 0 0 0 0 0 0 0 0 0 -2.15424 100 36 -0.0834377 100 21 0 0 0 0 0 0 0 0
96400 -171.828 -1.38094 100 41 0 0 0 0 0 0 0 0 0 -2.00034 100 23 -0.0338356 100 21 0 0 0 0 0 0 0 0
96500 -171.817 -1.03611 100 33 0 0 0 0 0 0 0 0 0 -2.43204 100 25 0.410565 100 26 0 0 0 0 0 0 0 0
96600 -174.663 -1.78336 100 49 0 0 0 0 0 0 0 0 0 -1.6497 100 39 -0.794307 100 18 0 0 0 0 0 0 0 0
96700 -172.518 -1.54743 100 35 0 0 0 0 0 0 0 0 0 -2.30062 100 20 -0.0373705 100 22 0 0 0 0 0 0 0 0
96800 -178.222 -0.78832 100 41 0 0 0 0 0 0 0 0 0 -1.97221 100 24 -1.00381 100 27 0 0 0 0 0 0 0 0
96900 -172.296 -0.669537 100 39 0 0 0 0 0 0 0 0 0 -2.0709 100 26 0.113064 100 25 0 0 0 0 0 0 0 0
97000 -173.514 -2.28309 100 36 0 0 0 0 0 0 0 0 0 -1.79029 100 24 -0.184149 100 19 0 0 0 0 0 0 0 0
97100 -171.859 -1.36368 100 39 0 0 0 0 0 0 0 0 0 -1.97246 100 32 -0.139731 100 14 0 0 0 0 0 0 0 0
97200 -174.008 -0.290104 100 41 0 0 0 0 0 0 0 0 0 -2.60105 100 32 0.0727645 100 17 0 0 0 0 0 0 0 0
97300 -172.133 -0.598347 100 35 0 0 0 0 0 0 0 0 0 -2.21804 100 30 0.291303 100 19 0 0 0 0 0 0 0 0
97400 -171.618 -1.2821 100 48 0 0 0 0 0 0 0 0 0 -2.23637 100 33 0.191145 100 20 0 0 0 0 0 0 0 0
97500 -174.218 -1.25293 100 42 0 0 0 0 0 0 0 0 0 -1.95585 100 26 -0.660417 100 22 0 0 0 0 0 0 0 0
97600 -171.8 -0.833193 100 40 0 0 0 0 0 0 0 0 0 -2.11107 100 30 0.0997447 100 24 0 0 0 0 0 0 0 0
97700 -172.773 -0.203514 100 42 0 0 0 0 0 0 0 0 0 -2.67775 100 30 0.701154 100 30 0 0 0 0 0 0 0 0
97800 -171.567 -0.886006 100 34 0 0 0 0 0 0 0 0 0 -2.33459 100 28 0.263531 100 24 0 0 0 0 0 0 0 0
97900 -172.483 -1.8899 100 41 0 0 0 0 0 0 0 0 0 -1.96623 100 27 0.00279554 100 22 0 0 0 0 0 0 0 0
98000 -172.511 -0.708524 100 44 0 0 0 0 0 0 0 0 0 -2.68309 100 31 0.502755 100 17 0 0 0 0 0 0 0 0
98100 -173.755 -1.16266 100 41 0 0 0 0 0 0 0 0 0 -2.82682 100 34 0.624771 100 20 0 0 0 0 0 0 0 0
98200 -172.418 -1.03796 100 35 0 0 0 0 0 0 0 0 0 -2.58156 100 32 0.35429 100 17 0 0 0 0 0 0 0 0
98300 -173.503 -2.01441 100 41 0 0 0 0 0 0 0 0 0 -2.20671 100 30 0.409524 100 28 0 0 0 0 0 0 0 0
98400 -171.696 -1.02605 100 42 0 0 0 0 0 0 0 0 0 -2.35559 100 33 0.356302 100 16 0 0 0 0 0 0 0 0
98500 -174.898 -3.02925 100 35 0 0 0 0 0 0 0 0 0 -1.93901 100 26 0.00791356 100 33 0 0 0 0 0 0 0 0
98600 -172.026 -0.8598 100 24 0 0 0 0 0 0 0 0 0 -2.21565 100 23 -0.102401 100 20 0 0 0 0 0 0 0 0
98700 -171.847 -1.60589 100 40 0 0 0 0 0 0 0 0 0 -2.12163 100 32 0.00228903 100 19 0 0 0 0 0 0 0 0
98800 -172.107 -0.55142 100 44 0 0 0 0 0 0 0 0 0 -2.5823 100 27 0.521296 100 17 0 0 0 0 0 0 0 0
98900 -172.327 -0.783092 100 39 0 0 0 0 0 0 0 0 0 -2.07474 100 33 -0.233449 100 21 0 0 0 0 0 0 0 0
99000 -172.326 -0.785524 100 40 0 0 0 0 0 0 0 0 0 -1.97539 100 30 -0.0487647 100 23 0 0 0 0 0 0 0 0
99100 -172.313 -1.1183 100 44 0 0 0 0 0 0 0 0 0 -2.21666 100 33 0.394551 100 20 0 0 0 0 0 0 0 0
99200 -172.444 -1.25166 100 30 0 0 0 0 0 0 0 0 0 -1.83766 100 28 -0.322749 100 26 0 0 0 0 0 0 0 0
99300 -171.832 -1.50859 100 37 0 0 0 0 0 0 0 0 0 -2.10101 100 18 -0.0858517 100 19 0 0 0 0 0 0 0 0
99400 -171.954 -0.759657 100 37 0 0 0 0 0 0 0 0 0 -2.07416 100 25 0.0286024 100 26 0 0 0 0 0 0 0 0
99500 -172.624 -0.376744 100 35 0 0 0 0 0 0 0 0 0 -2.41249 100 30 0.0714644 100 17 0 0 0 0 0 0 0 0
99600 -171.96 -1.61978 100 39 0 0 0 0 0 0 0 0 0 -2.20723 100 22 0.0413038 100 27 0 0 0 0 0 0 0 0
99700 -172.117 -0.757318 100 28 0 0 0 0 0 0 0 0 0 -2.11321 100 34 -0.156096 100 17 0 0 0 0 0 0 0 0
99800 -174.881 -1.42945 100 45 0 0 0 0 0 0 0 0 0 -1.7369 100 34 0.0567325 100 14 0 0 0 0 0 0 0 0
99900 -173.195 -2.30821 100 47 0 0 0 0 0 0 0 0 0 -2.15382 100 30 -0.0665585 100 15 0 0 0 0 0 0 0 0
100000 -172.137 -0.755003 100 42 0 0 0 0 0 0 0 0 0 -2.57862 100 33 0.566773 100 17 0 0 0 0 0 0 0 0
