iteration logLik intercept1 intercept1_p intercept1_a pcov2 pcov2_p pcov2_a pcov3 pcov3_p pcov3_a pcov4 pcov4_p pcov4_a intercept2 intercept2_p intercept2_a intercept3 intercept3_p intercept3_a intercept4 intercept4_p intercept4_a pcov pcov_p pcov_a data_p data_a
0 -752.87 -1.40801 0 0 0 0 0 0 0 0 0 0 0 -27.5911 0 0 12.0891 0 0 0 0 0 0 0 0 0 0
100 -181.815 0.480683 100 68 0 0 0 0 0 0 0 0 0 -4.28356 100 45 2.04621 100 41 0 0 0 0 0 0 0 0
200 -149.385 -1.57372 100 54 0 0 0 0 0 0 0 0 0 -1.41981 100 34 -1.6308 100 37 0 0 0 0 0 0 0 0
300 -148.824 -1.55077 100 46 0 0 0 0 0 0 0 0 0 -1.84062 100 26 -0.52338 100 27 0 0 0 0 0 0 0 0
400 -148.339 -1.95894 100 58 0 0 0 0 0 0 0 0 0 -1.88244 100 35 -0.686835 100 34 0 0 0 0 0 0 0 0
500 -149.217 -2.59048 100 56 0 0 0 0 0 0 0 0 0 -1.92613 100 38 -1.13892 100 35 0 0 0 0 0 0 0 0
600 -148.834 -3.56804 100 54 0 0 0 0 0 0 0 0 0 -1.73912 100 33 -0.592749 100 35 0 0 0 0 0 0 0 0
700 -147.826 -2.66252 100 60 0 0 0 0 0 0 0 0 0 -1.74173 100 32 -0.873269 100 28 0 0 0 0 0 0 0 0
800 -149.202 -4.7356 100 51 0 0 0 0 0 0 0 0 0 -1.69891 100 35 -0.841456 100 32 0 0 0 0 0 0 0 0
900 -148.254 -2.86631 100 54 0 0 0 0 0 0 0 0 0 -1.35108 100 33 -1.33605 100 35 0 0 0 0 0 0 0 0
1000 -148.76 -1.26662 100 49 0 0 0 0 0 0 0 0 0 -1.84528 100 32 -0.798815 100 31 0 0 0 0 0 0 0 0
1100 -149.182 -3.41413 100 49 0 0 0 0 0 0 0 0 0 -1.94497 100 19 -0.79871 100 42 0 0 0 0 0 0 0 0
1200 -153.431 -8.38495 100 65 0 0 0 0 0 0 0 0 0 -1.85326 100 30 -0.975918 100 34 0 0 0 0 0 0 0 0
1300 -149.428 -2.73093 100 62 0 0 0 0 0 0 0 0 0 -1.98461 100 32 -1.00709 100 24 0 0 0 0 0 0 0 0
1400 -147.92 -2.03729 100 50 0 0 0 0 0 0 0 0 0 -1.73811 100 36 -0.768081 100 32 0 0 0 0 0 0 0 0
1500 -148.635 -3.09576 100 53 0 0 0 0 0 0 0 0 0 -1.37211 100 32 -1.61699 100 23 0 0 0 0 0 0 0 0
1600 -152.166 -4.89319 100 52 0 0 0 0 0 0 0 0 0 -2.11232 100 29 -0.237256 100 33 0 0 0 0 0 0 0 0
1700 -149.683 -3.92931 100 50 0 0 0 0 0 0 0 0 0 -1.29726 100 22 -1.76798 100 32 0 0 0 0 0 0 0 0
1800 -148.073 -2.17342 100 60 0 0 0 0 0 0 0 0 0 -1.43052 100 27 -1.11859 100 36 0 0 0 0 0 0 0 0
1900 -148.023 -2.52896 100 56 0 0 0 0 0 0 0 0 0 -1.39866 100 30 -1.24081 100 29 0 0 0 0 0 0 0 0
2000 -149.123 -4.64414 100 48 0 0 0 0 0 0 0 0 0 -1.55327 100 35 -1.36119 100 30 0 0 0 0 0 0 0 0
2100 -148.435 -2.83733 100 59 0 0 0 0 0 0 0 0 0 -1.38904 100 33 -1.57427 100 32 0 0 0 0 0 0 0 0
2200 -148.601 -3.43241 100 53 0 0 0 0 0 0 0 0 0 -1.4234 100 32 -1.57155 100 32 0 0 0 0 0 0 0 0
2300 -148.445 -1.78954 100 55 0 0 0 0 0 0 0 0 0 -1.88192 100 32 -0.920147 100 35 0 0 0 0 0 0 0 0
2400 -150.282 -5.51578 100 66 0 0 0 0 0 0 0 0 0 -1.58578 100 33 -1.46867 100 28 0 0 0 0 0 0 0 0
2500 -149.512 -3.70752 100 51 0 0 0 0 0 0 0 0 0 -1.90784 100 36 -1.05071 100 31 0 0 0 0 0 0 0 0
2600 -147.688 -2.70456 100 51 0 0 0 0 0 0 0 0 0 -1.59322 100 21 -0.942623 100 35 0 0 0 0 0 0 0 0
2700 -152.133 -1.92454 100 58 0 0 0 0 0 0 0 0 0 -1.85453 100 30 -1.91425 100 27 0 0 0 0 0 0 0 0
2800 -148.322 -2.21118 100 48 0 0 0 0 0 0 0 0 0 -1.70931 100 31 -1.34624 100 25 0 0 0 0 0 0 0 0
2900 -147.681 -2.68114 100 45 0 0 0 0 0 0 0 0 0 -1.66604 100 30 -1.06137 100 35 0 0 0 0 0 0 0 0
3000 -149.131 -1.86956 100 55 0 0 0 0 0 0 0 0 0 -2.02894 100 33 -0.694836 100 27 0 0 0 0 0 0 0 0
3100 -148.43 -2.12586 100 55 0 0 0 0 0 0 0 0 0 -1.90089 100 31 -0.887931 100 32 0 0 0 0 0 0 0 0
3200 -153.618 -3.4971 100 63 0 0 0 0 0 0 0 0 0 -1.46572 100 29 -2.55466 100 39 0 0 0 0 0 0 0 0
3300 -147.864 -2.69839 100 56 0 0 0 0 0 0 0 0 0 -1.73916 100 35 -1.0234 100 24 0 0 0 0 0 0 0 0
3400 -149.526 -1.14866 100 62 0 0 0 0 0 0 0 0 0 -1.5739 100 38 -0.794943 100 35 0 0 0 0 0 0 0 0
3500 -148.695 -4.10643 100 50 0 0 0 0 0 0 0 0 0 -1.73552 100 38 -0.899598 100 39 0 0 0 0 0 0 0 0
3600 -150.033 -5.01488 100 59 0 0 0 0 0 0 0 0 0 -1.60175 100 31 -1.51935 100 22 0 0 0 0 0 0 0 0
3700 -147.923 -2.55203 100 51 0 0 0 0 0 0 0 0 0 -1.78453 100 22 -0.84767 100 25 0 0 0 0 0 0 0 0
3800 -149.105 -1.47905 100 54 0 0 0 0 0 0 0 0 0 -1.93775 100 30 -0.987023 100 31 0 0 0 0 0 0 0 0
3900 -148.437 -3.9458 100 54 0 0 0 0 0 0 0 0 0 -1.54271 100 32 -1.3099 100 31 0 0 0 0 0 0 0 0
4000 -149.014 -3.92201 100 64 0 0 0 0 0 0 0 0 0 -1.84149 100 31 -0.721905 100 25 0 0 0 0 0 0 0 0
4100 -148.752 -2.88435 100 59 0 0 0 0 0 0 0 0 0 -1.72618 100 27 -1.4185 100 27 0 0 0 0 0 0 0 0
4200 -149.698 -2.76723 100 51 0 0 0 0 0 0 0 0 0 -1.18072 100 36 -1.30301 100 22 0 0 0 0 0 0 0 0
4300 -147.609 -2.47279 100 49 0 0 0 0 0 0 0 0 0 -1.6291 100 39 -1.08449 100 26 0 0 0 0 0 0 0 0
4400 -151.827 -1.81303 100 53 0 0 0 0 0 0 0 0 0 -1.8075 100 38 -0.0618237 100 26 0 0 0 0 0 0 0 0
4500 -148.101 -3.54219 100 58 0 0 0 0 0 0 0 0 0 -1.66262 100 39 -1.06998 100 30 0 0 0 0 0 0 0 0
4600 -148.657 -2.13307 100 50 0 0 0 0 0 0 0 0 0 -1.58771 100 39 -0.637449 100 19 0 0 0 0 0 0 0 0
4700 -148.03 -3.31815 100 52 0 0 0 0 0 0 0 0 0 -1.46177 100 29 -1.30057 100 31 0 0 0 0 0 0 0 0
4800 -148.443 -2.81639 100 51 0 0 0 0 0 0 0 0 0 -1.87082 100 32 -0.916755 100 35 0 0 0 0 0 0 0 0
4900 -148.34 -2.09977 100 53 0 0 0 0 0 0 0 0 0 -1.829 100 25 -0.590846 100 36 0 0 0 0 0 0 0 0
5000 -148.847 -3.65297 100 65 0 0 0 0 0 0 0 0 0 -1.59833 100 30 -1.50767 100 34 0 0 0 0 0 0 0 0
5100 -148.318 -2.25087 100 58 0 0 0 0 0 0 0 0 0 -1.76616 100 31 -0.584086 100 24 0 0 0 0 0 0 0 0
5200 -148.622 -2.91516 100 57 0 0 0 0 0 0 0 0 0 -1.71541 100 28 -1.39466 100 41 0 0 0 0 0 0 0 0
5300 -149.521 -4.31252 100 43 0 0 0 0 0 0 0 0 0 -1.88309 100 35 -0.754605 100 31 0 0 0 0 0 0 0 0
5400 -147.835 -2.04406 100 54 0 0 0 0 0 0 0 0 0 -1.52055 100 31 -1.06323 100 24 0 0 0 0 0 0 0 0
5500 -150.467 -5.26235 100 53 0 0 0 0 0 0 0 0 0 -1.62563 100 29 -0.599721 100 28 0 0 0 0 0 0 0 0
5600 -148.487 -2.05383 100 57 0 0 0 0 0 0 0 0 0 -1.92482 100 38 -0.717013 100 26 0 0 0 0 0 0 0 0
5700 -149.557 -4.39116 100 59 0 0 0 0 0 0 0 0 0 -1.77851 100 30 -1.22347 100 32 0 0 0 0 0 0 0 0
5800 -148.171 -2.36301 100 57 0 0 0 0 0 0 0 0 0 -1.38138 100 31 -1.20915 100 31 0 0 0 0 0 0 0 0
5900 -147.621 -2.66767 100 46 0 0 0 0 0 0 0 0 0 -1.59559 100 34 -1.01071 100 32 0 0 0 0 0 0 0 0
6000 -149.545 -1.56202 100 47 0 0 0 0 0 0 0 0 0 -1.45457 100 33 -0.78598 100 30 0 0 0 0 0 0 0 0
6100 -150.055 -2.89504 100 58 0 0 0 0 0 0 0 0 0 -1.87051 100 36 -0.241705 100 31 0 0 0 0 0 0 0 0
6200 -148.299 -3.78067 100 56 0 0 0 0 0 0 0 0 0 -1.52638 100 32 -1.30827 100 28 0 0 0 0 0 0 0 0
6300 -150.181 -1.45979 100 56 0 0 0 0 0 0 0 0 0 -1.80099 100 31 -0.288094 100 31 0 0 0 0 0 0 0 0
6400 -148.545 -1.8989 100 53 0 0 0 0 0 0 0 0 0 -1.73515 100 30 -1.34312 100 32 0 0 0 0 0 0 0 0
6500 -150.99 -6.5661 100 59 0 0 0 0 0 0 0 0 0 -1.55716 100 40 -1.3795 100 28 0 0 0 0 0 0 0 0
6600 -147.967 -1.96511 100 54 0 0 0 0 0 0 0 0 0 -1.51188 100 27 -1.28691 100 27 0 0 0 0 0 0 0 0
6700 -148.192 -2.01015 100 51 0 0 0 0 0 0 0 0 0 -1.45216 100 34 -1.03293 100 24 0 0 0 0 0 0 0 0
6800 -148.489 -3.3716 100 52 0 0 0 0 0 0 0 0 0 -1.41 100 19 -0.994622 100 26 0 0 0 0 0 0 0 0
6900 -151.615 -2.98772 100 55 0 0 0 0 0 0 0 0 0 -1.5039 100 33 -2.25076 100 34 0 0 0 0 0 0 0 0
7000 -149.241 -3.83159 100 57 0 0 0 0 0 0 0 0 0 -1.84674 100 39 -1.09357 100 26 0 0 0 0 0 0 0 0
7100 -148.653 -2.87079 100 58 0 0 0 0 0 0 0 0 0 -1.50307 100 33 -1.64907 100 31 0 0 0 0 0 0 0 0
7200 -148.428 -3.56233 100 57 0 0 0 0 0 0 0 0 0 -1.38177 100 33 -1.38847 100 33 0 0 0 0 0 0 0 0
7300 -148.219 -2.96458 100 60 0 0 0 0 0 0 0 0 0 -1.47344 100 28 -0.90213 100 34 0 0 0 0 0 0 0 0
7400 -148.793 -2.2598 100 52 0 0 0 0 0 0 0 0 0 -1.53232 100 29 -1.67171 100 30 0 0 0 0 0 0 0 0
7500 -147.948 -2.72635 100 64 0 0 0 0 0 0 0 0 0 -1.42736 100 31 -1.13262 100 33 0 0 0 0 0 0 0 0
7600 -149.926 -2.9256 100 54 0 0 0 0 0 0 0 0 0 -2.08882 100 23 -0.707536 100 22 0 0 0 0 0 0 0 0
7700 -148.731 -4.07431 100 57 0 0 0 0 0 0 0 0 0 -1.38182 100 35 -1.23166 100 30 0 0 0 0 0 0 0 0
7800 -149.738 -2.01112 100 59 0 0 0 0 0 0 0 0 0 -1.5368 100 37 -1.86254 100 32 0 0 0 0 0 0 0 0
7900 -151.586 -4.44253 100 51 0 0 0 0 0 0 0 0 0 -1.23714 100 32 -0.858718 100 36 0 0 0 0 0 0 0 0
8000 -147.668 -2.16719 100 56 0 0 0 0 0 0 0 0 0 -1.62042 100 31 -0.95922 100 26 0 0 0 0 0 0 0 0
8100 -148.317 -3.35989 100 65 0 0 0 0 0 0 0 0 0 -1.66312 100 25 -1.29335 100 25 0 0 0 0 0 0 0 0
8200 -150.693 -5.35114 100 60 0 0 0 0 0 0 0 0 0 -1.32384 100 32 -0.988815 100 31 0 0 0 0 0 0 0 0
8300 -151.612 -6.40255 100 60 0 0 0 0 0 0 0 0 0 -1.50041 100 31 -1.69112 100 27 0 0 0 0 0 0 0 0
8400 -147.782 -3.05865 100 60 0 0 0 0 0 0 0 0 0 -1.54848 100 24 -1.01588 100 26 0 0 0 0 0 0 0 0
8500 -148.015 -2.38348 100 66 0 0 0 0 0 0 0 0 0 -1.49883 100 28 -1.43333 100 21 0 0 0 0 0 0 0 0
8600 -148.748 -1.22539 100 52 0 0 0 0 0 0 0 0 0 -1.68902 100 29 -0.853789 100 26 0 0 0 0 0 0 0 0
8700 -150.629 -1.01516 100 56 0 0 0 0 0 0 0 0 0 -1.95127 100 26 -1.24676 100 30 0 0 0 0 0 0 0 0
8800 -148.995 -4.15684 100 57 0 0 0 0 0 0 0 0 0 -1.71659 100 31 -1.22339 100 31 0 0 0 0 0 0 0 0
8900 -148.322 -1.71134 100 58 0 0 0 0 0 0 0 0 0 -1.46962 100 25 -1.24614 100 35 0 0 0 0 0 0 0 0
9000 -150.821 -3.21684 100 51 0 0 0 0 0 0 0 0 0 -1.12474 100 34 -1.94076 100 29 0 0 0 0 0 0 0 0
9100 -149.138 -2.65236 100 46 0 0 0 0 0 0 0 0 0 -1.76144 100 30 -1.48226 100 29 0 0 0 0 0 0 0 0
9200 -148.131 -3.69295 100 46 0 0 0 0 0 0 0 0 0 -1.5949 100 33 -0.987642 100 32 0 0 0 0 0 0 0 0
9300 -148.65 -4.28601 100 46 0 0 0 0 0 0 0 0 0 -1.48321 100 28 -1.27362 100 34 0 0 0 0 0 0 0 0
9400 -148.794 -1.69775 100 56 0 0 0 0 0 0 0 0 0 -1.54998 100 39 -1.54149 100 30 0 0 0 0 0 0 0 0
9500 -154.725 0.0364278 100 54 0 0 0 0 0 0 0 0 0 -2.32437 100 34 -0.40364 100 24 0 0 0 0 0 0 0 0
9600 -148.031 -1.81503 100 59 0 0 0 0 0 0 0 0 0 -1.53836 100 27 -1.25136 100 27 0 0 0 0 0 0 0 0
9700 -148.421 -3.61736 100 57 0 0 0 0 0 0 0 0 0 -1.75486 100 32 -1.01113 100 32 0 0 0 0 0 0 0 0
9800 -148.672 -1.44625 100 58 0 0 0 0 0 0 0 0 0 -1.49621 100 25 -1.21267 100 29 0 0 0 0 0 0 0 0
9900 -148.137 -3.37586 100 57 0 0 0 0 0 0 0 0 0 -1.44749 100 32 -1.35504 100 23 0 0 0 0 0 0 0 0
10000 -148.414 -1.91257 100 57 0 0 0 0 0 0 0 0 0 -1.42165 100 26 -1.06635 100 32 0 0 0 0 0 0 0 0
10100 -148.277 -2.5461 100 53 0 0 0 0 0 0 0 0 0 -1.86977 100 31 -0.744716 100 27 0 0 0 0 0 0 0 0
10200 -148.862 -1.84944 100 49 0 0 0 0 0 0 0 0 0 -1.45922 100 22 -0.835025 100 33 0 0 0 0 0 0 0 0
10300 -148.71 -3.39133 100 53 0 0 0 0 0 0 0 0 0 -1.84882 100 23 -0.970844 100 31 0 0 0 0 0 0 0 0
10400 -149.463 -3.01624 100 50 0 0 0 0 0 0 0 0 0 -1.62091 100 27 -1.73352 100 27 0 0 0 0 0 0 0 0
10500 -149.188 -2.44216 100 58 0 0 0 0 0 0 0 0 0 -1.63332 100 36 -0.487342 100 33 0 0 0 0 0 0 0 0
10600 -148.383 -2.49302 100 65 0 0 0 0 0 0 0 0 0 -1.33323 100 36 -1.28267 100 25 0 0 0 0 0 0 0 0
10700 -148.396 -3.0565 100 56 0 0 0 0 0 0 0 0 0 -1.55873 100 32 -0.741833 100 32 0 0 0 0 0 0 0 0
10800 -149.479 -3.16836 100 46 0 0 0 0 0 0 0 0 0 -1.35816 100 36 -0.830401 100 36 0 0 0 0 0 0 0 0
10900 -149.779 -3.68151 100 51 0 0 0 0 0 0 0 0 0 -1.19987 100 31 -1.27312 100 26 0 0 0 0 0 0 0 0
11000 -148.195 -3.58496 100 49 0 0 0 0 0 0 0 0 0 -1.67727 100 26 -1.09988 100 30 0 0 0 0 0 0 0 0
11100 -149.858 -1.00477 100 59 0 0 0 0 0 0 0 0 0 -1.56384 100 34 -0.864773 100 28 0 0 0 0 0 0 0 0
11200 -147.78 -2.93407 100 57 0 0 0 0 0 0 0 0 0 -1.4864 100 35 -1.20643 100 30 0 0 0 0 0 0 0 0
11300 -148.773 -2.83491 100 57 0 0 0 0 0 0 0 0 0 -1.26884 100 29 -1.37484 100 41 0 0 0 0 0 0 0 0
11400 -147.78 -2.9712 100 46 0 0 0 0 0 0 0 0 0 -1.59817 100 35 -1.20417 100 34 0 0 0 0 0 0 0 0
11500 -150.336 -0.838072 100 51 0 0 0 0 0 0 0 0 0 -2.04033 100 31 -0.508926 100 33 0 0 0 0 0 0 0 0
11600 -148.672 -2.99037 100 51 0 0 0 0 0 0 0 0 0 -1.32455 100 31 -1.10968 100 30 0 0 0 0 0 0 0 0
11700 -149.497 -1.65499 100 46 0 0 0 0 0 0 0 0 0 -1.96131 100 23 -0.33131 100 30 0 0 0 0 0 0 0 0
11800 -150.183 -0.829915 100 51 0 0 0 0 0 0 0 0 0 -1.85547 100 35 -1.12794 100 28 0 0 0 0 0 0 0 0
11900 -149.092 -4.14524 100 58 0 0 0 0 0 0 0 0 0 -1.47943 100 33 -1.56708 100 17 0 0 0 0 0 0 0 0
12000 -151.674 -1.80106 100 62 0 0 0 0 0 0 0 0 0 -1.39977 100 30 -2.23349 100 27 0 0 0 0 0 0 0 0
12100 -150.754 -1.11764 100 56 0 0 0 0 0 0 0 0 0 -2.06164 100 34 -0.186786 100 41 0 0 0 0 0 0 0 0
12200 -149.17 -3.91247 100 65 0 0 0 0 0 0 0 0 0 -1.84608 100 27 -1.02565 100 32 0 0 0 0 0 0 0 0
12300 -149.692 -0.965918 100 57 0 0 0 0 0 0 0 0 0 -1.70732 100 24 -0.686644 100 29 0 0 0 0 0 0 0 0
12400 -149.854 -1.69277 100 62 0 0 0 0 0 0 0 0 0 -1.78258 100 21 -1.57573 100 27 0 0 0 0 0 0 0 0
12500 -148.652 -4.11125 100 45 0 0 0 0 0 0 0 0 0 -1.55519 100 28 -0.882231 100 33 0 0 0 0 0 0 0 0
12600 -148.843 -3.81262 100 48 0 0 0 0 0 0 0 0 0 -1.3184 100 24 -1.37821 100 31 0 0 0 0 0 0 0 0
12700 -147.907 -1.81112 100 63 0 0 0 0 0 0 0 0 0 -1.57304 100 28 -1.13479 100 28 0 0 0 0 0 0 0 0
12800 -148.984 -4.70428 100 49 0 0 0 0 0 0 0 0 0 -1.49077 100 27 -1.25193 100 32 0 0 0 0 0 0 0 0
12900 -150.317 -2.97557 100 50 0 0 0 0 0 0 0 0 0 -1.94503 100 32 -1.34348 100 31 0 0 0 0 0 0 0 0
13000 -149.85 -3.9402 100 57 0 0 0 0 0 0 0 0 0 -1.27962 100 35 -1.01362 100 36 0 0 0 0 0 0 0 0
13100 -149.263 -4.93299 100 58 0 0 0 0 0 0 0 0 0 -1.52838 100 36 -0.962601 100 34 0 0 0 0 0 0 0 0
13200 -148.107 -3.51074 100 52 0 0 0 0 0 0 0 0 0 -1.63374 100 36 -0.887243 100 32 0 0 0 0 0 0 0 0
13300 -148.429 -2.97989 100 54 0 0 0 0 0 0 0 0 0 -1.83039 100 36 -0.646569 100 27 0 0 0 0 0 0 0 0
13400 -150.873 -1.78473 100 54 0 0 0 0 0 0 0 0 0 -1.72313 100 34 -1.87495 100 34 0 0 0 0 0 0 0 0
13500 -148.958 -3.00292 100 65 0 0 0 0 0 0 0 0 0 -1.3183 100 35 -1.69536 100 26 0 0 0 0 0 0 0 0
13600 -153.318 -8.85324 100 49 0 0 0 0 0 0 0 0 0 -1.73287 100 27 -1.04314 100 33 0 0 0 0 0 0 0 0
13700 -148.393 -3.01988 100 64 0 0 0 0 0 0 0 0 0 -1.82694 100 35 -1.00368 100 31 0 0 0 0 0 0 0 0
13800 -149.834 -2.09722 100 56 0 0 0 0 0 0 0 0 0 -2.12882 100 32 -0.501031 100 22 0 0 0 0 0 0 0 0
13900 -148.318 -3.66546 100 62 0 0 0 0 0 0 0 0 0 -1.64921 100 33 -1.21692 100 24 0 0 0 0 0 0 0 0
14000 -147.88 -2.91451 100 51 0 0 0 0 0 0 0 0 0 -1.67094 100 35 -1.16854 100 30 0 0 0 0 0 0 0 0
14100 -151.638 -2.18967 100 65 0 0 0 0 0 0 0 0 0 -1.87507 100 24 -0.0267848 100 20 0 0 0 0 0 0 0 0
14200 -151.904 -3.39004 100 63 0 0 0 0 0 0 0 0 0 -1.69598 100 24 -2.05901 100 25 0 0 0 0 0 0 0 0
14300 -148.329 -3.76794 100 59 0 0 0 0 0 0 0 0 0 -1.5274 100 30 -1.33328 100 41 0 0 0 0 0 0 0 0
14400 -148.326 -1.91284 100 57 0 0 0 0 0 0 0 0 0 -1.46816 100 35 -1.44126 100 35 0 0 0 0 0 0 0 0
14500 -148.95 -4.3671 100 55 0 0 0 0 0 0 0 0 0 -1.7395 100 33 -0.85146 100 32 0 0 0 0 0 0 0 0
14600 -147.963 -2.87856 100 49 0 0 0 0 0 0 0 0 0 -1.61376 100 28 -1.31516 100 33 0 0 0 0 0 0 0 0
14700 -151.682 -2.46458 100 54 0 0 0 0 0 0 0 0 0 -2.3173 100 27 -0.389014 100 21 0 0 0 0 0 0 0 0
14800 -149.21 -3.3455 100 66 0 0 0 0 0 0 0 0 0 -1.89016 100 31 -0.478752 100 29 0 0 0 0 0 0 0 0
14900 -148.674 -2.12737 100 56 0 0 0 0 0 0 0 0 0 -1.56409 100 26 -0.662694 100 29 0 0 0 0 0 0 0 0
15000 -149.897 -1.92615 100 52 0 0 0 0 0 0 0 0 0 -1.77725 100 37 -1.62468 100 30 0 0 0 0 0 0 0 0
15100 -148.573 -4.08259 100 57 0 0 0 0 0 0 0 0 0 -1.65501 100 38 -1.16077 100 27 0 0 0 0 0 0 0 0
15200 -152.6 -2.4924 100 54 0 0 0 0 0 0 0 0 0 -1.98221 100 34 -1.75071 100 35 0 0 0 0 0 0 0 0
15300 -148.55 -4.11419 100 54 0 0 0 0 0 0 0 0 0 -1.52415 100 34 -0.974733 100 27 0 0 0 0 0 0 0 0
15400 -147.816 -2.05671 100 49 0 0 0 0 0 0 0 0 0 -1.61735 100 33 -1.22195 100 28 0 0 0 0 0 0 0 0
15500 -154.315 -4.10521 100 63 0 0 0 0 0 0 0 0 0 -1.61239 100 23 -2.45893 100 33 0 0 0 0 0 0 0 0
15600 -147.781 -2.38808 100 54 0 0 0 0 0 0 0 0 0 -1.63618 100 32 -0.831909 100 29 0 0 0 0 0 0 0 0
15700 -148.242 -2.33772 100 47 0 0 0 0 0 0 0 0 0 -1.81673 100 28 -1.08569 100 29 0 0 0 0 0 0 0 0
15800 -149.451 -1.67664 100 68 0 0 0 0 0 0 0 0 0 -1.97581 100 34 -1.06906 100 36 0 0 0 0 0 0 0 0
15900 -148.951 -3.2299 100 55 0 0 0 0 0 0 0 0 0 -1.41681 100 21 -1.72105 100 28 0 0 0 0 0 0 0 0
16000 -148.484 -2.81768 100 51 0 0 0 0 0 0 0 0 0 -1.85528 100 28 -0.610616 100 35 0 0 0 0 0 0 0 0
16100 -148.513 -2.35299 100 56 0 0 0 0 0 0 0 0 0 -1.89446 100 37 -0.968044 100 37 0 0 0 0 0 0 0 0
16200 -150.01 -3.30008 100 51 0 0 0 0 0 0 0 0 0 -1.15565 100 37 -1.69187 100 38 0 0 0 0 0 0 0 0
16300 -148.847 -3.33642 100 60 0 0 0 0 0 0 0 0 0 -1.84257 100 29 -0.566977 100 35 0 0 0 0 0 0 0 0
16400 -147.704 -2.01912 100 54 0 0 0 0 0 0 0 0 0 -1.64532 100 27 -1.03821 100 24 0 0 0 0 0 0 0 0
16500 -148.756 -4.46299 100 57 0 0 0 0 0 0 0 0 0 -1.48445 100 31 -1.18643 100 28 0 0 0 0 0 0 0 0
16600 -149.246 -3.10013 100 63 0 0 0 0 0 0 0 0 0 -1.96312 100 35 -0.912073 100 33 0 0 0 0 0 0 0 0
16700 -148.598 -1.5395 100 61 0 0 0 0 0 0 0 0 0 -1.88552 100 31 -0.672182 100 31 0 0 0 0 0 0 0 0
16800 -148.91 -1.37407 100 49 0 0 0 0 0 0 0 0 0 -1.50082 100 24 -1.009 100 27 0 0 0 0 0 0 0 0
16900 -152.555 -3.25286 100 45 0 0 0 0 0 0 0 0 0 -1.61155 100 31 -2.28285 100 28 0 0 0 0 0 0 0 0
17000 -148.135 -1.79318 100 48 0 0 0 0 0 0 0 0 0 -1.81921 100 26 -0.875664 100 38 0 0 0 0 0 0 0 0
17100 -149.201 -3.41054 100 54 0 0 0 0 0 0 0 0 0 -1.95195 100 31 -0.747726 100 25 0 0 0 0 0 0 0 0
17200 -149.865 -3.86649 100 53 0 0 0 0 0 0 0 0 0 -1.84747 100 26 -0.395423 100 35 0 0 0 0 0 0 0 0
17300 -150.265 -4.41992 100 58 0 0 0 0 0 0 0 0 0 -1.55949 100 29 -0.559306 100 30 0 0 0 0 0 0 0 0
17400 -151.512 -4.9395 100 59 0 0 0 0 0 0 0 0 0 -1.12286 100 35 -1.32567 100 27 0 0 0 0 0 0 0 0
17500 -150.061 -5.16647 100 44 0 0 0 0 0 0 0 0 0 -1.71959 100 28 -0.635115 100 28 0 0 0 0 0 0 0 0
17600 -147.834 -2.8598 100 56 0 0 0 0 0 0 0 0 0 -1.59254 100 34 -1.27577 100 29 0 0 0 0 0 0 0 0
17700 -148.184 -2.31014 100 45 0 0 0 0 0 0 0 0 0 -1.56246 100 35 -0.766384 100 35 0 0 0 0 0 0 0 0
17800 -148.772 -4.33755 100 61 0 0 0 0 0 0 0 0 0 -1.49486 100 33 -1.34607 100 32 0 0 0 0 0 0 0 0
17900 -148.666 -2.33964 100 54 0 0 0 0 0 0 0 0 0 -1.89839 100 32 -1.03556 100 35 0 0 0 0 0 0 0 0
18000 -148.737 -2.84742 100 56 0 0 0 0 0 0 0 0 0 -1.36211 100 32 -0.97051 100 34 0 0 0 0 0 0 0 0
18100 -149.225 -4.99783 100 55 0 0 0 0 0 0 0 0 0 -1.60492 100 33 -1.13072 100 29 0 0 0 0 0 0 0 0
18200 -147.896 -1.99927 100 47 0 0 0 0 0 0 0 0 0 -1.55815 100 30 -1.27854 100 34 0 0 0 0 0 0 0 0
18300 -148.826 -2.39158 100 59 0 0 0 0 0 0 0 0 0 -1.28093 100 32 -1.4908 100 27 0 0 0 0 0 0 0 0
18400 -147.948 -2.57908 100 61 0 0 0 0 0 0 0 0 0 -1.63416 100 33 -1.31529 100 33 0 0 0 0 0 0 0 0
18500 -148.657 -4.40111 100 63 0 0 0 0 0 0 0 0 0 -1.52892 100 29 -1.14321 100 25 0 0 0 0 0 0 0 0
18600 -150.009 -1.27444 100 58 0 0 0 0 0 0 0 0 0 -1.97524 100 29 -1.1382 100 36 0 0 0 0 0 0 0 0
18700 -150.821 -4.14883 100 61 0 0 0 0 0 0 0 0 0 -1.94571 100 36 -1.24725 100 26 0 0 0 0 0 0 0 0
18800 -148.32 -3.18287 100 62 0 0 0 0 0 0 0 0 0 -1.74816 100 35 -0.684932 100 38 0 0 0 0 0 0 0 0
18900 -148.761 -1.23083 100 52 0 0 0 0 0 0 0 0 0 -1.65289 100 30 -1.12305 100 21 0 0 0 0 0 0 0 0
19000 -149.464 -3.72256 100 58 0 0 0 0 0 0 0 0 0 -1.66291 100 27 -0.512813 100 28 0 0 0 0 0 0 0 0
19100 -147.818 -2.36187 100 51 0 0 0 0 0 0 0 0 0 -1.697 100 34 -0.789838 100 31 0 0 0 0 0 0 0 0
19200 -148.022 -2.88784 100 51 0 0 0 0 0 0 0 0 0 -1.65933 100 18 -1.27446 100 34 0 0 0 0 0 0 0 0
19300 -147.83 -2.17709 100 53 0 0 0 0 0 0 0 0 0 -1.74932 100 30 -1.00007 100 31 0 0 0 0 0 0 0 0
19400 -149.215 -3.03977 100 55 0 0 0 0 0 0 0 0 0 -1.246 100 34 -1.19143 100 26 0 0 0 0 0 0 0 0
19500 -148.12 -3.52885 100 53 0 0 0 0 0 0 0 0 0 -1.5843 100 20 -1.25419 100 24 0 0 0 0 0 0 0 0
19600 -149.093 -3.92527 100 60 0 0 0 0 0 0 0 0 0 -1.35815 100 40 -1.6089 100 32 0 0 0 0 0 0 0 0
19700 -148.335 -1.78515 100 56 0 0 0 0 0 0 0 0 0 -1.81494 100 35 -1.07283 100 25 0 0 0 0 0 0 0 0
19800 -149.84 -2.69146 100 56 0 0 0 0 0 0 0 0 0 -2.06266 100 25 -0.341946 100 26 0 0 0 0 0 0 0 0
19900 -151.795 -4.81949 100 59 0 0 0 0 0 0 0 0 0 -1.18713 100 38 -2.0494 100 37 0 0 0 0 0 0 0 0
20000 -148.422 -3.51123 100 56 0 0 0 0 0 0 0 0 0 -1.78792 100 45 -0.849834 100 23 0 0 0 0 0 0 0 0
20100 -149.244 -3.2623 100 61 0 0 0 0 0 0 0 0 0 -1.31671 100 39 -1.7647 100 30 0 0 0 0 0 0 0 0
20200 -149.02 -1.78589 100 62 0 0 0 0 0 0 0 0 0 -1.40613 100 29 -0.936081 100 32 0 0 0 0 0 0 0 0
20300 -149.825 -2.73014 100 56 0 0 0 0 0 0 0 0 0 -2.09515 100 31 -0.475458 100 30 0 0 0 0 0 0 0 0
20400 -147.789 -2.64971 100 64 0 0 0 0 0 0 0 0 0 -1.63836 100 31 -1.22151 100 27 0 0 0 0 0 0 0 0
20500 -150.681 -5.60791 100 69 0 0 0 0 0 0 0 0 0 -1.86604 100 33 -0.900635 100 39 0 0 0 0 0 0 0 0
20600 -148.443 -2.82053 100 62 0 0 0 0 0 0 0 0 0 -1.85465 100 35 -0.632792 100 22 0 0 0 0 0 0 0 0
20700 -148.67 -3.9397 100 57 0 0 0 0 0 0 0 0 0 -1.76294 100 32 -0.965839 100 31 0 0 0 0 0 0 0 0
20800 -148.722 -3.35904 100 62 0 0 0 0 0 0 0 0 0 -1.87604 100 37 -0.75448 100 38 0 0 0 0 0 0 0 0
20900 -149.212 -3.69899 100 63 0 0 0 0 0 0 0 0 0 -1.2504 100 34 -1.4404 100 28 0 0 0 0 0 0 0 0
21000 -147.86 -3.26425 100 53 0 0 0 0 0 0 0 0 0 -1.59685 100 35 -1.14263 100 29 0 0 0 0 0 0 0 0
21100 -149.364 -5.12601 100 53 0 0 0 0 0 0 0 0 0 -1.60325 100 35 -0.958761 100 35 0 0 0 0 0 0 0 0
21200 -150.327 -4.71492 100 62 0 0 0 0 0 0 0 0 0 -1.91365 100 34 -1.00276 100 39 0 0 0 0 0 0 0 0
21300 -148.261 -3.47217 100 54 0 0 0 0 0 0 0 0 0 -1.39858 100 37 -1.27875 100 32 0 0 0 0 0 0 0 0
21400 -150.588 -3.08366 100 64 0 0 0 0 0 0 0 0 0 -1.91715 100 33 -0.168897 100 29 0 0 0 0 0 0 0 0
21500 -148.247 -2.2176 100 51 0 0 0 0 0 0 0 0 0 -1.75285 100 37 -0.609142 100 24 0 0 0 0 0 0 0 0
21600 -148.06 -1.80493 100 51 0 0 0 0 0 0 0 0 0 -1.59399 100 33 -0.871815 100 31 0 0 0 0 0 0 0 0
21700 -148.466 -2.29558 100 64 0 0 0 0 0 0 0 0 0 -1.82512 100 40 -1.1647 100 23 0 0 0 0 0 0 0 0
21800 -150.389 -0.836478 100 61 0 0 0 0 0 0 0 0 0 -2.061 100 34 -0.653605 100 25 0 0 0 0 0 0 0 0
21900 -150.443 -3.42441 100 50 0 0 0 0 0 0 0 0 0 -2.1189 100 25 -0.540445 100 29 0 0 0 0 0 0 0 0
22000 -150.247 -2.71875 100 54 0 0 0 0 0 0 0 0 0 -1.71902 100 34 -0.282522 100 28 0 0 0 0 0 0 0 0
22100 -148.253 -2.07567 100 60 0 0 0 0 0 0 0 0 0 -1.59965 100 28 -0.724678 100 26 0 0 0 0 0 0 0 0
22200 -149.956 -1.40633 100 48 0 0 0 0 0 0 0 0 0 -1.56525 100 28 -1.72324 100 29 0 0 0 0 0 0 0 0
22300 -150.938 -1.48862 100 65 0 0 0 0 0 0 0 0 0 -1.6933 100 30 -1.86248 100 24 0 0 0 0 0 0 0 0
22400 -147.999 -1.7939 100 58 0 0 0 0 0 0 0 0 0 -1.6369 100 35 -1.20725 100 34 0 0 0 0 0 0 0 0
22500 -148.048 -2.06428 100 59 0 0 0 0 0 0 0 0 0 -1.54714 100 33 -1.38688 100 26 0 0 0 0 0 0 0 0
22600 -148.578 -1.82116 100 60 0 0 0 0 0 0 0 0 0 -1.51911 100 30 -1.52264 100 30 0 0 0 0 0 0 0 0
22700 -148.879 -1.78251 100 48 0 0 0 0 0 0 0 0 0 -1.94037 100 35 -0.495773 100 33 0 0 0 0 0 0 0 0
22800 -150.559 -2.94158 100 46 0 0 0 0 0 0 0 0 0 -2.12566 100 26 -0.849976 100 32 0 0 0 0 0 0 0 0
22900 -149.87 -2.45046 100 50 0 0 0 0 0 0 0 0 0 -2.04615 100 29 -0.277359 100 34 0 0 0 0 0 0 0 0
23000 -149.018 -2.8145 100 57 0 0 0 0 0 0 0 0 0 -1.95232 100 33 -0.508735 100 32 0 0 0 0 0 0 0 0
23100 -148.077 -3.16485 100 56 0 0 0 0 0 0 0 0 0 -1.65224 100 38 -0.785032 100 24 0 0 0 0 0 0 0 0
23200 -149.886 -3.49878 100 58 0 0 0 0 0 0 0 0 0 -1.9243 100 34 -1.18989 100 32 0 0 0 0 0 0 0 0
23300 -150.365 -2.96139 100 53 0 0 0 0 0 0 0 0 0 -1.69565 100 26 -1.82661 100 30 0 0 0 0 0 0 0 0
23400 -151.034 -3.29948 100 56 0 0 0 0 0 0 0 0 0 -2.186 100 31 -0.625653 100 30 0 0 0 0 0 0 0 0
23500 -147.81 -2.93846 100 63 0 0 0 0 0 0 0 0 0 -1.63844 100 30 -0.878178 100 21 0 0 0 0 0 0 0 0
23600 -149.94 -5.06449 100 62 0 0 0 0 0 0 0 0 0 -1.48682 100 22 -0.815702 100 21 0 0 0 0 0 0 0 0
23700 -148.784 -2.08767 100 56 0 0 0 0 0 0 0 0 0 -1.48529 100 27 -0.757215 100 29 0 0 0 0 0 0 0 0
23800 -150.457 -4.07677 100 58 0 0 0 0 0 0 0 0 0 -1.78987 100 28 -0.330552 100 34 0 0 0 0 0 0 0 0
23900 -148.441 -2.13214 100 61 0 0 0 0 0 0 0 0 0 -1.7692 100 32 -1.27614 100 28 0 0 0 0 0 0 0 0
24000 -148.471 -2.05419 100 42 0 0 0 0 0 0 0 0 0 -1.86475 100 29 -0.562469 100 27 0 0 0 0 0 0 0 0
24100 -148.108 -2.94655 100 49 0 0 0 0 0 0 0 0 0 -1.5951 100 28 -0.774641 100 34 0 0 0 0 0 0 0 0
24200 -149.102 -4.07853 100 50 0 0 0 0 0 0 0 0 0 -1.30615 100 33 -1.40464 100 34 0 0 0 0 0 0 0 0
24300 -149.363 -1.46426 100 56 0 0 0 0 0 0 0 0 0 -1.60205 100 33 -0.613025 100 22 0 0 0 0 0 0 0 0
24400 -148.936 -1.78621 100 54 0 0 0 0 0 0 0 0 0 -1.88416 100 32 -0.442895 100 28 0 0 0 0 0 0 0 0
24500 -148.667 -2.97439 100 53 0 0 0 0 0 0 0 0 0 -1.66462 100 26 -0.57929 100 29 0 0 0 0 0 0 0 0
24600 -150.342 -2.13107 100 54 0 0 0 0 0 0 0 0 0 -2.14492 100 29 -0.821083 100 32 0 0 0 0 0 0 0 0
24700 -148.655 -2.70589 100 66 0 0 0 0 0 0 0 0 0 -1.6268 100 32 -1.55404 100 25 0 0 0 0 0 0 0 0
24800 -147.772 -2.91249 100 61 0 0 0 0 0 0 0 0 0 -1.57297 100 29 -1.24092 100 36 0 0 0 0 0 0 0 0
24900 -149.298 -2.67451 100 64 0 0 0 0 0 0 0 0 0 -1.26298 100 29 -1.09087 100 34 0 0 0 0 0 0 0 0
25000 -149.387 -1.5903 100 55 0 0 0 0 0 0 0 0 0 -1.97771 100 29 -1.02138 100 34 0 0 0 0 0 0 0 0
25100 -150.512 -1.78503 100 56 0 0 0 0 0 0 0 0 0 -1.47933 100 37 -2.00138 100 33 0 0 0 0 0 0 0 0
25200 -149.221 -4.16882 100 49 0 0 0 0 0 0 0 0 0 -1.84164 100 27 -0.722069 100 29 0 0 0 0 0 0 0 0
25300 -148.7 -3.50207 100 54 0 0 0 0 0 0 0 0 0 -1.65166 100 34 -0.648295 100 42 0 0 0 0 0 0 0 0
25400 -148.236 -1.69766 100 64 0 0 0 0 0 0 0 0 0 -1.63436 100 39 -0.78675 100 28 0 0 0 0 0 0 0 0
25500 -150.73 -2.88751 100 58 0 0 0 0 0 0 0 0 0 -1.20016 100 38 -0.954551 100 33 0 0 0 0 0 0 0 0
25600 -148.749 -1.57399 100 59 0 0 0 0 0 0 0 0 0 -1.43056 100 32 -1.30701 100 25 0 0 0 0 0 0 0 0
25700 -148.369 -3.43247 100 59 0 0 0 0 0 0 0 0 0 -1.74942 100 37 -0.738928 100 37 0 0 0 0 0 0 0 0
25800 -147.718 -2.87841 100 56 0 0 0 0 0 0 0 0 0 -1.52014 100 25 -1.20043 100 33 0 0 0 0 0 0 0 0
25900 -148.22 -3.21837 100 50 0 0 0 0 0 0 0 0 0 -1.66903 100 40 -0.733013 100 31 0 0 0 0 0 0 0 0
26000 -148.692 -2.62418 100 52 0 0 0 0 0 0 0 0 0 -1.85069 100 27 -0.498295 100 27 0 0 0 0 0 0 0 0
26100 -148.097 -2.05587 100 60 0 0 0 0 0 0 0 0 0 -1.72018 100 28 -1.22576 100 26 0 0 0 0 0 0 0 0
26200 -149.779 -2.32634 100 45 0 0 0 0 0 0 0 0 0 -1.17645 100 34 -1.47696 100 26 0 0 0 0 0 0 0 0
26300 -148.417 -3.10159 100 63 0 0 0 0 0 0 0 0 0 -1.38121 100 38 -1.05178 100 36 0 0 0 0 0 0 0 0
26400 -151.631 -5.67238 100 60 0 0 0 0 0 0 0 0 0 -1.90667 100 32 -0.383472 100 21 0 0 0 0 0 0 0 0
26500 -148.157 -3.14906 100 65 0 0 0 0 0 0 0 0 0 -1.75258 100 33 -0.765922 100 35 0 0 0 0 0 0 0 0
26600 -148.556 -1.7368 100 53 0 0 0 0 0 0 0 0 0 -1.86998 100 25 -1.01853 100 32 0 0 0 0 0 0 0 0
26700 -147.989 -1.92755 100 47 0 0 0 0 0 0 0 0 0 -1.67911 100 32 -0.769916 100 24 0 0 0 0 0 0 0 0
26800 -150.402 -1.19277 100 59 0 0 0 0 0 0 0 0 0 -1.90202 100 29 -1.36428 100 38 0 0 0 0 0 0 0 0
26900 -149.631 -2.19525 100 53 0 0 0 0 0 0 0 0 0 -2.07886 100 28 -0.39503 100 33 0 0 0 0 0 0 0 0
27000 -148.142 -3.73144 100 59 0 0 0 0 0 0 0 0 0 -1.54823 100 35 -1.05226 100 30 0 0 0 0 0 0 0 0
27100 -148.514 -3.83906 100 60 0 0 0 0 0 0 0 0 0 -1.39295 100 29 -1.30043 100 29 0 0 0 0 0 0 0 0
27200 -147.673 -2.60526 100 58 0 0 0 0 0 0 0 0 0 -1.51285 100 33 -1.11442 100 27 0 0 0 0 0 0 0 0
27300 -147.702 -2.6174 100 52 0 0 0 0 0 0 0 0 0 -1.59907 100 34 -1.21705 100 23 0 0 0 0 0 0 0 0
27400 -148.072 -1.777 100 62 0 0 0 0 0 0 0 0 0 -1.63247 100 45 -1.24632 100 29 0 0 0 0 0 0 0 0
27500 -150.716 -2.54697 100 60 0 0 0 0 0 0 0 0 0 -2.08563 100 36 -0.120669 100 29 0 0 0 0 0 0 0 0
27600 -148.481 -2.66855 100 49 0 0 0 0 0 0 0 0 0 -1.37165 100 29 -1.02479 100 26 0 0 0 0 0 0 0 0
27700 -150.457 -3.64925 100 57 0 0 0 0 0 0 0 0 0 -2.07695 100 27 -0.390113 100 25 0 0 0 0 0 0 0 0
27800 -148.099 -3.55167 100 56 0 0 0 0 0 0 0 0 0 -1.64179 100 35 -1.12404 100 29 0 0 0 0 0 0 0 0
27900 -148.288 -1.80435 100 48 0 0 0 0 0 0 0 0 0 -1.83735 100 26 -0.980844 100 32 0 0 0 0 0 0 0 0
28000 -147.811 -2.98595 100 57 0 0 0 0 0 0 0 0 0 -1.57899 100 38 -0.928633 100 24 0 0 0 0 0 0 0 0
28100 -151.465 -2.19735 100 47 0 0 0 0 0 0 0 0 0 -2.01496 100 24 -1.48709 100 29 0 0 0 0 0 0 0 0
28200 -149.197 -4.2138 100 56 0 0 0 0 0 0 0 0 0 -1.82233 100 40 -0.714239 100 31 0 0 0 0 0 0 0 0
28300 -151.839 -2.36604 100 60 0 0 0 0 0 0 0 0 0 -2.15458 100 29 -1.19831 100 22 0 0 0 0 0 0 0 0
28400 -151.773 -5.86169 100 54 0 0 0 0 0 0 0 0 0 -1.82791 100 31 -1.36936 100 36 0 0 0 0 0 0 0 0
28500 -150.74 -6.2499 100 58 0 0 0 0 0 0 0 0 0 -1.50149 100 28 -1.45064 100 24 0 0 0 0 0 0 0 0
28600 -149.207 -3.74734 100 51 0 0 0 0 0 0 0 0 0 -1.88545 100 37 -0.59882 100 32 0 0 0 0 0 0 0 0
28700 -148.857 -3.63005 100 51 0 0 0 0 0 0 0 0 0 -1.35157 100 18 -1.5826 100 21 0 0 0 0 0 0 0 0
28800 -148.426 -2.92686 100 53 0 0 0 0 0 0 0 0 0 -1.6023 100 37 -0.677935 100 26 0 0 0 0 0 0 0 0
28900 -153.027 -6.13786 100 65 0 0 0 0 0 0 0 0 0 -1.51004 100 34 -2.04983 100 34 0 0 0 0 0 0 0 0
29000 -148.398 -2.43814 100 62 0 0 0 0 0 0 0 0 0 -1.89188 100 31 -0.664686 100 33 0 0 0 0 0 0 0 0
29100 -147.754 -3.09976 100 52 0 0 0 0 0 0 0 0 0 -1.55545 100 44 -1.08524 100 25 0 0 0 0 0 0 0 0
29200 -153.707 -2.96165 100 59 0 0 0 0 0 0 0 0 0 -2.36815 100 31 0.179801 100 19 0 0 0 0 0 0 0 0
29300 -148.096 -2.26521 100 60 0 0 0 0 0 0 0 0 0 -1.75214 100 31 -1.18001 100 37 0 0 0 0 0 0 0 0
29400 -148.079 -2.79882 100 58 0 0 0 0 0 0 0 0 0 -1.49514 100 20 -1.46065 100 33 0 0 0 0 0 0 0 0
29500 -151.493 -6.66395 100 54 0 0 0 0 0 0 0 0 0 -1.32759 100 33 -1.5398 100 27 0 0 0 0 0 0 0 0
29600 -149.367 -1.98965 100 61 0 0 0 0 0 0 0 0 0 -1.86835 100 35 -0.329656 100 39 0 0 0 0 0 0 0 0
29700 -148.998 -3.17139 100 53 0 0 0 0 0 0 0 0 0 -1.94538 100 33 -0.670775 100 29 0 0 0 0 0 0 0 0
29800 -147.858 -3.08119 100 47 0 0 0 0 0 0 0 0 0 -1.63125 100 35 -0.890142 100 35 0 0 0 0 0 0 0 0
29900 -150.698 -6.20921 100 58 0 0 0 0 0 0 0 0 0 -1.36564 100 27 -1.29409 100 28 0 0 0 0 0 0 0 0
30000 -150.008 -3.11801 100 61 0 0 0 0 0 0 0 0 0 -1.91383 100 32 -0.264823 100 35 0 0 0 0 0 0 0 0
30100 -151.899 -0.455956 100 45 0 0 0 0 0 0 0 0 0 -1.95643 100 35 -1.11173 100 32 0 0 0 0 0 0 0 0
30200 -148.641 -1.33511 100 56 0 0 0 0 0 0 0 0 0 -1.66793 100 24 -1.19446 100 23 0 0 0 0 0 0 0 0
30300 -149.309 -2.77187 100 54 0 0 0 0 0 0 0 0 0 -1.94158 100 35 -1.09843 100 34 0 0 0 0 0 0 0 0
30400 -148.717 -2.04059 100 51 0 0 0 0 0 0 0 0 0 -1.58754 100 38 -1.58863 100 25 0 0 0 0 0 0 0 0
30500 -148.137 -1.68571 100 60 0 0 0 0 0 0 0 0 0 -1.61808 100 35 -1.23729 100 28 0 0 0 0 0 0 0 0
30600 -147.676 -2.34263 100 57 0 0 0 0 0 0 0 0 0 -1.56667 100 29 -1.21406 100 25 0 0 0 0 0 0 0 0
30700 -149.526 -5.11437 100 47 0 0 0 0 0 0 0 0 0 -1.43241 100 29 -1.09304 100 35 0 0 0 0 0 0 0 0
30800 -148.665 -4.05235 100 55 0 0 0 0 0 0 0 0 0 -1.49081 100 37 -1.41706 100 32 0 0 0 0 0 0 0 0
30900 -149.005 -1.55195 100 57 0 0 0 0 0 0 0 0 0 -1.95588 100 34 -0.521773 100 34 0 0 0 0 0 0 0 0
31000 -148.271 -2.34882 100 60 0 0 0 0 0 0 0 0 0 -1.86068 100 25 -0.944879 100 24 0 0 0 0 0 0 0 0
31100 -149.525 -5.15213 100 47 0 0 0 0 0 0 0 0 0 -1.65824 100 29 -1.15773 100 30 0 0 0 0 0 0 0 0
31200 -148.551 -3.5942 100 57 0 0 0 0 0 0 0 0 0 -1.44636 100 33 -1.51668 100 40 0 0 0 0 0 0 0 0
31300 -147.924 -3.13111 100 50 0 0 0 0 0 0 0 0 0 -1.45274 100 34 -1.22045 100 40 0 0 0 0 0 0 0 0
31400 -148.733 -1.23746 100 61 0 0 0 0 0 0 0 0 0 -1.71244 100 29 -0.815035 100 25 0 0 0 0 0 0 0 0
31500 -149.739 -4.88496 100 54 0 0 0 0 0 0 0 0 0 -1.38661 100 32 -1.00343 100 28 0 0 0 0 0 0 0 0
31600 -147.954 -2.25117 100 48 0 0 0 0 0 0 0 0 0 -1.55862 100 30 -0.851855 100 35 0 0 0 0 0 0 0 0
31700 -148.165 -3.01521 100 56 0 0 0 0 0 0 0 0 0 -1.48293 100 29 -1.47372 100 24 0 0 0 0 0 0 0 0
31800 -148.332 -1.54323 100 56 0 0 0 0 0 0 0 0 0 -1.61702 100 25 -0.858694 100 25 0 0 0 0 0 0 0 0
31900 -147.635 -2.39352 100 52 0 0 0 0 0 0 0 0 0 -1.66462 100 28 -0.952028 100 30 0 0 0 0 0 0 0 0
32000 -148.755 -2.98854 100 59 0 0 0 0 0 0 0 0 0 -1.37449 100 38 -1.67436 100 25 0 0 0 0 0 0 0 0
32100 -150.257 -2.58241 100 59 0 0 0 0 0 0 0 0 0 -1.2572 100 29 -2.01125 100 26 0 0 0 0 0 0 0 0
32200 -148.435 -1.41801 100 54 0 0 0 0 0 0 0 0 0 -1.60713 100 22 -0.955419 100 28 0 0 0 0 0 0 0 0
32300 -148.236 -2.00295 100 44 0 0 0 0 0 0 0 0 0 -1.45397 100 31 -1.4224 100 26 0 0 0 0 0 0 0 0
32400 -149.481 -2.51508 100 67 0 0 0 0 0 0 0 0 0 -1.81168 100 30 -1.48191 100 30 0 0 0 0 0 0 0 0
32500 -147.914 -3.11107 100 57 0 0 0 0 0 0 0 0 0 -1.65056 100 30 -0.857813 100 33 0 0 0 0 0 0 0 0
32600 -149.007 -3.40394 100 50 0 0 0 0 0 0 0 0 0 -1.29658 100 23 -1.62119 100 24 0 0 0 0 0 0 0 0
32700 -148.985 -3.09604 100 56 0 0 0 0 0 0 0 0 0 -1.34218 100 32 -1.72019 100 29 0 0 0 0 0 0 0 0
32800 -147.82 -2.66537 100 56 0 0 0 0 0 0 0 0 0 -1.59474 100 29 -1.29267 100 25 0 0 0 0 0 0 0 0
32900 -151.89 -2.80941 100 61 0 0 0 0 0 0 0 0 0 -2.13714 100 39 -1.21248 100 24 0 0 0 0 0 0 0 0
33000 -149.647 -1.74537 100 66 0 0 0 0 0 0 0 0 0 -1.51125 100 33 -1.79686 100 36 0 0 0 0 0 0 0 0
33100 -148.312 -2.3492 100 49 0 0 0 0 0 0 0 0 0 -1.86472 100 38 -0.958052 100 30 0 0 0 0 0 0 0 0
33200 -149.368 -2.75122 100 59 0 0 0 0 0 0 0 0 0 -1.22665 100 29 -1.20731 100 37 0 0 0 0 0 0 0 0
33300 -151.474 -3.1565 100 55 0 0 0 0 0 0 0 0 0 -2.21289 100 34 -0.759288 100 32 0 0 0 0 0 0 0 0
33400 -148.355 -2.66321 100 59 0 0 0 0 0 0 0 0 0 -1.3749 100 27 -1.06604 100 33 0 0 0 0 0 0 0 0
33500 -148.565 -2.95611 100 51 0 0 0 0 0 0 0 0 0 -1.57283 100 25 -1.56511 100 34 0 0 0 0 0 0 0 0
33600 -148.637 -4.06657 100 54 0 0 0 0 0 0 0 0 0 -1.55261 100 24 -0.876367 100 31 0 0 0 0 0 0 0 0
33700 -149.588 -1.22077 100 59 0 0 0 0 0 0 0 0 0 -1.498 100 30 -1.46841 100 33 0 0 0 0 0 0 0 0
33800 -148.682 -3.56611 100 58 0 0 0 0 0 0 0 0 0 -1.45588 100 27 -0.877468 100 34 0 0 0 0 0 0 0 0
33900 -149.625 -1.75479 100 59 0 0 0 0 0 0 0 0 0 -1.31647 100 31 -1.0403 100 25 0 0 0 0 0 0 0 0
34000 -148.455 -2.82739 100 58 0 0 0 0 0 0 0 0 0 -1.61327 100 23 -0.653382 100 30 0 0 0 0 0 0 0 0
34100 -149.216 -3.70247 100 58 0 0 0 0 0 0 0 0 0 -1.63783 100 34 -0.57369 100 35 0 0 0 0 0 0 0 0
34200 -150.373 -4.05793 100 60 0 0 0 0 0 0 0 0 0 -2.04077 100 36 -0.532682 100 29 0 0 0 0 0 0 0 0
34300 -150.242 -3.95754 100 62 0 0 0 0 0 0 0 0 0 -1.24284 100 27 -1.87634 100 35 0 0 0 0 0 0 0 0
34400 -148.896 -3.08272 100 46 0 0 0 0 0 0 0 0 0 -1.83869 100 35 -0.496163 100 37 0 0 0 0 0 0 0 0
34500 -148.603 -3.82834 100 47 0 0 0 0 0 0 0 0 0 -1.3685 100 23 -1.31816 100 36 0 0 0 0 0 0 0 0
34600 -148.392 -2.36127 100 59 0 0 0 0 0 0 0 0 0 -1.90386 100 27 -0.760788 100 26 0 0 0 0 0 0 0 0
34700 -150.618 -3.9945 100 61 0 0 0 0 0 0 0 0 0 -1.59702 100 38 -0.426833 100 33 0 0 0 0 0 0 0 0
34800 -147.748 -2.78354 100 54 0 0 0 0 0 0 0 0 0 -1.48983 100 30 -1.11409 100 34 0 0 0 0 0 0 0 0
34900 -148.832 -4.12202 100 64 0 0 0 0 0 0 0 0 0 -1.58614 100 33 -1.39286 100 29 0 0 0 0 0 0 0 0
35000 -149.597 -1.72002 100 49 0 0 0 0 0 0 0 0 0 -1.325 100 44 -1.03844 100 34 0 0 0 0 0 0 0 0
35100 -149.941 -2.49784 100 60 0 0 0 0 0 0 0 0 0 -1.31819 100 33 -1.9758 100 42 0 0 0 0 0 0 0 0
35200 -147.618 -2.40898 100 49 0 0 0 0 0 0 0 0 0 -1.56039 100 28 -1.06364 100 21 0 0 0 0 0 0 0 0
35300 -150.971 -4.03229 100 62 0 0 0 0 0 0 0 0 0 -1.89269 100 31 -1.44027 100 26 0 0 0 0 0 0 0 0
35400 -148.088 -3.67381 100 58 0 0 0 0 0 0 0 0 0 -1.54143 100 38 -1.13105 100 32 0 0 0 0 0 0 0 0
35500 -148.863 -3.84541 100 57 0 0 0 0 0 0 0 0 0 -1.66075 100 37 -1.37868 100 31 0 0 0 0 0 0 0 0
35600 -148.08 -1.60318 100 54 0 0 0 0 0 0 0 0 0 -1.61888 100 33 -1.04937 100 35 0 0 0 0 0 0 0 0
35700 -148.178 -1.98428 100 47 0 0 0 0 0 0 0 0 0 -1.78726 100 27 -0.65513 100 32 0 0 0 0 0 0 0 0
35800 -150.274 -6.02507 100 54 0 0 0 0 0 0 0 0 0 -1.66602 100 36 -0.997055 100 35 0 0 0 0 0 0 0 0
35900 -148.347 -3.07641 100 62 0 0 0 0 0 0 0 0 0 -1.40232 100 33 -1.51912 100 34 0 0 0 0 0 0 0 0
36000 -150 -2.87147 100 55 0 0 0 0 0 0 0 0 0 -1.95662 100 36 -1.24889 100 38 0 0 0 0 0 0 0 0
36100 -153.173 -4.98741 100 60 0 0 0 0 0 0 0 0 0 -1.01411 100 35 -1.99098 100 28 0 0 0 0 0 0 0 0
36200 -149.356 -1.31296 100 60 0 0 0 0 0 0 0 0 0 -1.92493 100 42 -0.45011 100 28 0 0 0 0 0 0 0 0
36300 -150.222 -0.830595 100 55 0 0 0 0 0 0 0 0 0 -2.00253 100 24 -0.526198 100 31 0 0 0 0 0 0 0 0
36400 -149.602 -2.64323 100 56 0 0 0 0 0 0 0 0 0 -1.63845 100 24 -1.76856 100 27 0 0 0 0 0 0 0 0
36500 -148.782 -2.35529 100 57 0 0 0 0 0 0 0 0 0 -1.51575 100 35 -0.689297 100 33 0 0 0 0 0 0 0 0
36600 -148.75 -3.23579 100 55 0 0 0 0 0 0 0 0 0 -1.68431 100 29 -0.578427 100 28 0 0 0 0 0 0 0 0
36700 -149.022 -1.96394 100 61 0 0 0 0 0 0 0 0 0 -1.92075 100 40 -0.412157 100 34 0 0 0 0 0 0 0 0
36800 -151.054 -1.91389 100 48 0 0 0 0 0 0 0 0 0 -1.92539 100 31 -0.06807 100 29 0 0 0 0 0 0 0 0
36900 -149.015 -2.48806 100 57 0 0 0 0 0 0 0 0 0 -1.43907 100 32 -1.77394 100 30 0 0 0 0 0 0 0 0
37000 -148.64 -1.45544 100 53 0 0 0 0 0 0 0 0 0 -1.51231 100 35 -1.03515 100 34 0 0 0 0 0 0 0 0
37100 -149.897 -1.44971 100 62 0 0 0 0 0 0 0 0 0 -1.81877 100 28 -0.321987 100 39 0 0 0 0 0 0 0 0
37200 -148.146 -3.37075 100 55 0 0 0 0 0 0 0 0 0 -1.69288 100 42 -1.13449 100 25 0 0 0 0 0 0 0 0
37300 -148.378 -3.07279 100 52 0 0 0 0 0 0 0 0 0 -1.33806 100 28 -1.3773 100 32 0 0 0 0 0 0 0 0
37400 -148.039 -1.96576 100 64 0 0 0 0 0 0 0 0 0 -1.48241 100 29 -1.30391 100 28 0 0 0 0 0 0 0 0
37500 -149.298 -2.90653 100 61 0 0 0 0 0 0 0 0 0 -1.94417 100 38 -0.409036 100 33 0 0 0 0 0 0 0 0
37600 -148.644 -1.38498 100 66 0 0 0 0 0 0 0 0 0 -1.53613 100 35 -1.09332 100 37 0 0 0 0 0 0 0 0
37700 -152.226 -3.7284 100 49 0 0 0 0 0 0 0 0 0 -1.38811 100 24 -0.478625 100 35 0 0 0 0 0 0 0 0
37800 -148.63 -2.52302 100 50 0 0 0 0 0 0 0 0 0 -1.29566 100 36 -1.42572 100 38 0 0 0 0 0 0 0 0
37900 -148.12 -3.05032 100 58 0 0 0 0 0 0 0 0 0 -1.4082 100 29 -1.39253 100 28 0 0 0 0 0 0 0 0
38000 -150.696 -5.07287 100 48 0 0 0 0 0 0 0 0 0 -1.84879 100 35 -0.451427 100 29 0 0 0 0 0 0 0 0
38100 -149.709 -2.92845 100 52 0 0 0 0 0 0 0 0 0 -1.22794 100 35 -1.08829 100 30 0 0 0 0 0 0 0 0
38200 -148.341 -4.00782 100 54 0 0 0 0 0 0 0 0 0 -1.53297 100 25 -1.09305 100 32 0 0 0 0 0 0 0 0
38300 -149.452 -3.54939 100 48 0 0 0 0 0 0 0 0 0 -1.2398 100 26 -1.66502 100 28 0 0 0 0 0 0 0 0
38400 -147.782 -2.56848 100 60 0 0 0 0 0 0 0 0 0 -1.53136 100 28 -1.31434 100 40 0 0 0 0 0 0 0 0
38500 -149.691 -4.69763 100 58 0 0 0 0 0 0 0 0 0 -1.53864 100 30 -1.57104 100 28 0 0 0 0 0 0 0 0
38600 -150.307 -1.82641 100 59 0 0 0 0 0 0 0 0 0 -1.88244 100 38 -1.52077 100 28 0 0 0 0 0 0 0 0
38700 -147.735 -2.47436 100 58 0 0 0 0 0 0 0 0 0 -1.71764 100 29 -0.883753 100 39 0 0 0 0 0 0 0 0
38800 -150.034 -2.6088 100 46 0 0 0 0 0 0 0 0 0 -1.29105 100 35 -0.858896 100 22 0 0 0 0 0 0 0 0
38900 -149.831 -3.73785 100 61 0 0 0 0 0 0 0 0 0 -1.62445 100 35 -0.483842 100 31 0 0 0 0 0 0 0 0
39000 -149.847 -1.44471 100 56 0 0 0 0 0 0 0 0 0 -1.62265 100 32 -0.507436 100 34 0 0 0 0 0 0 0 0
39100 -148.288 -2.64628 100 51 0 0 0 0 0 0 0 0 0 -1.3635 100 36 -1.45896 100 31 0 0 0 0 0 0 0 0
39200 -148.58 -3.8518 100 50 0 0 0 0 0 0 0 0 0 -1.71755 100 32 -0.768458 100 24 0 0 0 0 0 0 0 0
39300 -148.352 -1.59939 100 56 0 0 0 0 0 0 0 0 0 -1.5097 100 29 -1.22703 100 23 0 0 0 0 0 0 0 0
39400 -147.909 -2.48246 100 56 0 0 0 0 0 0 0 0 0 -1.74326 100 26 -0.754437 100 28 0 0 0 0 0 0 0 0
39500 -150.238 -1.23979 100 48 0 0 0 0 0 0 0 0 0 -2.08835 100 30 -0.300492 100 29 0 0 0 0 0 0 0 0
39600 -148.067 -2.13062 100 64 0 0 0 0 0 0 0 0 0 -1.57821 100 27 -1.39621 100 34 0 0 0 0 0 0 0 0
39700 -148.493 -3.72707 100 53 0 0 0 0 0 0 0 0 0 -1.50575 100 36 -1.44311 100 24 0 0 0 0 0 0 0 0
39800 -151.01 -4.47252 100 59 0 0 0 0 0 0 0 0 0 -1.15945 100 39 -1.84798 100 24 0 0 0 0 0 0 0 0
39900 -149.237 -5.02226 100 54 0 0 0 0 0 0 0 0 0 -1.51673 100 33 -1.21944 100 32 0 0 0 0 0 0 0 0
40000 -149.507 -4.6452 100 66 0 0 0 0 0 0 0 0 0 -1.32185 100 28 -1.44797 100 29 0 0 0 0 0 0 0 0
40100 -148.437 -3.37369 100 60 0 0 0 0 0 0 0 0 0 -1.64939 100 37 -0.699737 100 30 0 0 0 0 0 0 0 0
40200 -148.999 -3.32552 100 52 0 0 0 0 0 0 0 0 0 -1.62981 100 36 -1.57187 100 32 0 0 0 0 0 0 0 0
40300 -149.972 -3.85562 100 59 0 0 0 0 0 0 0 0 0 -2.01242 100 24 -0.713141 100 32 0 0 0 0 0 0 0 0
40400 -150.29 -5.13324 100 48 0 0 0 0 0 0 0 0 0 -1.2704 100 34 -1.54485 100 29 0 0 0 0 0 0 0 0
40500 -149.055 -3.45822 100 48 0 0 0 0 0 0 0 0 0 -1.42009 100 29 -1.71838 100 34 0 0 0 0 0 0 0 0
40600 -149.235 -3.46763 100 54 0 0 0 0 0 0 0 0 0 -1.57093 100 31 -0.599168 100 29 0 0 0 0 0 0 0 0
40700 -153.997 -9.46901 100 56 0 0 0 0 0 0 0 0 0 -1.76491 100 31 -0.929429 100 30 0 0 0 0 0 0 0 0
40800 -148.201 -3.42188 100 51 0 0 0 0 0 0 0 0 0 -1.52683 100 26 -1.38688 100 38 0 0 0 0 0 0 0 0
40900 -148.85 -3.11079 100 52 0 0 0 0 0 0 0 0 0 -1.79467 100 38 -1.27626 100 38 0 0 0 0 0 0 0 0
41000 -151.569 -3.94318 100 57 0 0 0 0 0 0 0 0 0 -2.19394 100 26 -0.548954 100 24 0 0 0 0 0 0 0 0
41100 -148.453 -3.04203 100 56 0 0 0 0 0 0 0 0 0 -1.36865 100 31 -1.53924 100 38 0 0 0 0 0 0 0 0
41200 -150.473 -0.990362 100 57 0 0 0 0 0 0 0 0 0 -1.77533 100 29 -0.40509 100 36 0 0 0 0 0 0 0 0
41300 -149.314 -3.52199 100 63 0 0 0 0 0 0 0 0 0 -1.22547 100 44 -1.39638 100 22 0 0 0 0 0 0 0 0
41400 -152.44 -1.6954 100 55 0 0 0 0 0 0 0 0 0 -2.16301 100 42 -1.31482 100 29 0 0 0 0 0 0 0 0
41500 -148.986 -4.05348 100 60 0 0 0 0 0 0 0 0 0 -1.40698 100 22 -0.980212 100 34 0 0 0 0 0 0 0 0
41600 -148.185 -2.98455 100 58 0 0 0 0 0 0 0 0 0 -1.62999 100 30 -1.3709 100 21 0 0 0 0 0 0 0 0
41700 -150.192 -5.53274 100 53 0 0 0 0 0 0 0 0 0 -1.39048 100 28 -1.50938 100 29 0 0 0 0 0 0 0 0
41800 -152.433 -2.38479 100 51 0 0 0 0 0 0 0 0 0 -1.88887 100 41 -1.90846 100 29 0 0 0 0 0 0 0 0
41900 -148.647 -3.74346 100 45 0 0 0 0 0 0 0 0 0 -1.62608 100 29 -1.38106 100 28 0 0 0 0 0 0 0 0
42000 -150.051 -1.46722 100 53 0 0 0 0 0 0 0 0 0 -1.47919 100 38 -0.679086 100 22 0 0 0 0 0 0 0 0
42100 -148.086 -2.51471 100 52 0 0 0 0 0 0 0 0 0 -1.73241 100 33 -0.670897 100 18 0 0 0 0 0 0 0 0
42200 -149.888 -2.02212 100 52 0 0 0 0 0 0 0 0 0 -2.13506 100 27 -0.463585 100 25 0 0 0 0 0 0 0 0
42300 -150.394 -3.81908 100 55 0 0 0 0 0 0 0 0 0 -1.55585 100 28 -0.478164 100 36 0 0 0 0 0 0 0 0
42400 -148.374 -2.44188 100 56 0 0 0 0 0 0 0 0 0 -1.89357 100 22 -0.704611 100 29 0 0 0 0 0 0 0 0
42500 -148.747 -1.87785 100 61 0 0 0 0 0 0 0 0 0 -1.94478 100 29 -0.888786 100 31 0 0 0 0 0 0 0 0
42600 -152.486 -2.11731 100 64 0 0 0 0 0 0 0 0 0 -2.35314 100 34 -0.693909 100 25 0 0 0 0 0 0 0 0
42700 -147.757 -2.99711 100 54 0 0 0 0 0 0 0 0 0 -1.51093 100 30 -1.12452 100 26 0 0 0 0 0 0 0 0
42800 -150.882 -5.67402 100 61 0 0 0 0 0 0 0 0 0 -1.26441 100 30 -1.58761 100 26 0 0 0 0 0 0 0 0
42900 -148.141 -2.37979 100 60 0 0 0 0 0 0 0 0 0 -1.48482 100 33 -0.894916 100 31 0 0 0 0 0 0 0 0
43000 -149.065 -4.33312 100 58 0 0 0 0 0 0 0 0 0 -1.64263 100 28 -0.732529 100 24 0 0 0 0 0 0 0 0
43100 -148.024 -1.9106 100 56 0 0 0 0 0 0 0 0 0 -1.79707 100 25 -0.796575 100 22 0 0 0 0 0 0 0 0
43200 -148.322 -2.25002 100 47 0 0 0 0 0 0 0 0 0 -1.36254 100 29 -1.2356 100 37 0 0 0 0 0 0 0 0
43300 -148.184 -3.36685 100 58 0 0 0 0 0 0 0 0 0 -1.45908 100 31 -1.40075 100 26 0 0 0 0 0 0 0 0
43400 -148.046 -2.56908 100 58 0 0 0 0 0 0 0 0 0 -1.4091 100 25 -1.12583 100 39 0 0 0 0 0 0 0 0
43500 -149.949 -0.945017 100 53 0 0 0 0 0 0 0 0 0 -1.54469 100 37 -1.22153 100 33 0 0 0 0 0 0 0 0
43600 -149.908 -3.43649 100 50 0 0 0 0 0 0 0 0 0 -1.2169 100 33 -1.82267 100 34 0 0 0 0 0 0 0 0
43700 -148.87 -3.63196 100 55 0 0 0 0 0 0 0 0 0 -1.29989 100 28 -1.45228 100 36 0 0 0 0 0 0 0 0
43800 -151.207 -6.05995 100 62 0 0 0 0 0 0 0 0 0 -1.53485 100 36 -0.685453 100 25 0 0 0 0 0 0 0 0
43900 -149.398 -3.22783 100 58 0 0 0 0 0 0 0 0 0 -1.22042 100 37 -1.25373 100 29 0 0 0 0 0 0 0 0
44000 -148.851 -1.72777 100 50 0 0 0 0 0 0 0 0 0 -1.36505 100 35 -1.27271 100 22 0 0 0 0 0 0 0 0
44100 -148.951 -2.93762 100 57 0 0 0 0 0 0 0 0 0 -1.96206 100 29 -0.706807 100 35 0 0 0 0 0 0 0 0
44200 -149.423 -1.75012 100 56 0 0 0 0 0 0 0 0 0 -2.06831 100 29 -0.526025 100 32 0 0 0 0 0 0 0 0
44300 -149.243 -5.01305 100 48 0 0 0 0 0 0 0 0 0 -1.60977 100 29 -0.980496 100 33 0 0 0 0 0 0 0 0
44400 -148.112 -2.76353 100 56 0 0 0 0 0 0 0 0 0 -1.55643 100 28 -1.44824 100 42 0 0 0 0 0 0 0 0
44500 -148.189 -3.49272 100 52 0 0 0 0 0 0 0 0 0 -1.62627 100 26 -0.833514 100 26 0 0 0 0 0 0 0 0
44600 -147.714 -2.62837 100 51 0 0 0 0 0 0 0 0 0 -1.70043 100 30 -0.996516 100 37 0 0 0 0 0 0 0 0
44700 -149.023 -4.37616 100 52 0 0 0 0 0 0 0 0 0 -1.4709 100 31 -1.46866 100 34 0 0 0 0 0 0 0 0
44800 -147.971 -2.83381 100 47 0 0 0 0 0 0 0 0 0 -1.52033 100 24 -1.40175 100 28 0 0 0 0 0 0 0 0
44900 -148.222 -1.54497 100 50 0 0 0 0 0 0 0 0 0 -1.58073 100 33 -1.07854 100 35 0 0 0 0 0 0 0 0
45000 -150.117 -5.92614 100 56 0 0 0 0 0 0 0 0 0 -1.5215 100 24 -1.03263 100 22 0 0 0 0 0 0 0 0
45100 -147.807 -2.66443 100 55 0 0 0 0 0 0 0 0 0 -1.72441 100 20 -1.02748 100 36 0 0 0 0 0 0 0 0
45200 -148.349 -3.79939 100 50 0 0 0 0 0 0 0 0 0 -1.65931 100 31 -1.14838 100 31 0 0 0 0 0 0 0 0
45300 -148.475 -3.87304 100 50 0 0 0 0 0 0 0 0 0 -1.46036 100 32 -1.3835 100 33 0 0 0 0 0 0 0 0
45400 -148.746 -4.38858 100 54 0 0 0 0 0 0 0 0 0 -1.47111 100 31 -1.1082 100 31 0 0 0 0 0 0 0 0
45500 -149.503 -1.41519 100 61 0 0 0 0 0 0 0 0 0 -2.04499 100 32 -0.739832 100 30 0 0 0 0 0 0 0 0
45600 -147.797 -2.10637 100 58 0 0 0 0 0 0 0 0 0 -1.5677 100 26 -1.25125 100 36 0 0 0 0 0 0 0 0
45700 -149.815 -3.98343 100 57 0 0 0 0 0 0 0 0 0 -1.32743 100 25 -1.82018 100 30 0 0 0 0 0 0 0 0
45800 -149.031 -3.13303 100 68 0 0 0 0 0 0 0 0 0 -1.31311 100 25 -1.03145 100 27 0 0 0 0 0 0 0 0
45900 -148.46 -3.84375 100 54 0 0 0 0 0 0 0 0 0 -1.60335 100 34 -0.835052 100 33 0 0 0 0 0 0 0 0
46000 -148.161 -2.39905 100 55 0 0 0 0 0 0 0 0 0 -1.64315 100 26 -1.39157 100 35 0 0 0 0 0 0 0 0
46100 -151.693 -0.983817 100 58 0 0 0 0 0 0 0 0 0 -1.77112 100 24 -0.235075 100 31 0 0 0 0 0 0 0 0
46200 -148.99 -3.00351 100 59 0 0 0 0 0 0 0 0 0 -1.25455 100 41 -1.55384 100 27 0 0 0 0 0 0 0 0
46300 -148.085 -3.14997 100 52 0 0 0 0 0 0 0 0 0 -1.6086 100 29 -1.32532 100 27 0 0 0 0 0 0 0 0
46400 -147.94 -2.95411 100 52 0 0 0 0 0 0 0 0 0 -1.57474 100 29 -0.858423 100 30 0 0 0 0 0 0 0 0
46500 -148.511 -2.09337 100 48 0 0 0 0 0 0 0 0 0 -1.85499 100 29 -0.538462 100 29 0 0 0 0 0 0 0 0
46600 -151.06 -2.69818 100 51 0 0 0 0 0 0 0 0 0 -1.46549 100 29 -2.19079 100 34 0 0 0 0 0 0 0 0
46700 -148.66 -1.83713 100 63 0 0 0 0 0 0 0 0 0 -1.57216 100 27 -1.5386 100 32 0 0 0 0 0 0 0 0
46800 -147.979 -2.0239 100 58 0 0 0 0 0 0 0 0 0 -1.54424 100 29 -1.33941 100 39 0 0 0 0 0 0 0 0
46900 -148.021 -2.74007 100 54 0 0 0 0 0 0 0 0 0 -1.40196 100 29 -1.18957 100 31 0 0 0 0 0 0 0 0
47000 -147.796 -2.81719 100 58 0 0 0 0 0 0 0 0 0 -1.6159 100 33 -0.870183 100 29 0 0 0 0 0 0 0 0
47100 -148.061 -2.33092 100 56 0 0 0 0 0 0 0 0 0 -1.51058 100 39 -1.4483 100 39 0 0 0 0 0 0 0 0
47200 -149.225 -2.6464 100 56 0 0 0 0 0 0 0 0 0 -1.95164 100 32 -1.05609 100 39 0 0 0 0 0 0 0 0
47300 -148.388 -3.00513 100 53 0 0 0 0 0 0 0 0 0 -1.85255 100 39 -0.769056 100 27 0 0 0 0 0 0 0 0
47400 -151.39 -6.50629 100 48 0 0 0 0 0 0 0 0 0 -1.46874 100 41 -1.61487 100 29 0 0 0 0 0 0 0 0
47500 -154.17 -3.6673 100 64 0 0 0 0 0 0 0 0 0 -1.87097 100 25 -2.10594 100 35 0 0 0 0 0 0 0 0
47600 -148.401 -2.79924 100 61 0 0 0 0 0 0 0 0 0 -1.44824 100 29 -1.58842 100 37 0 0 0 0 0 0 0 0
47700 -147.747 -2.65499 100 56 0 0 0 0 0 0 0 0 0 -1.56552 100 28 -1.27368 100 25 0 0 0 0 0 0 0 0
47800 -148.736 -1.74664 100 59 0 0 0 0 0 0 0 0 0 -1.84816 100 25 -0.502908 100 27 0 0 0 0 0 0 0 0
47900 -149.419 -2.70295 100 56 0 0 0 0 0 0 0 0 0 -1.70408 100 25 -1.63844 100 37 0 0 0 0 0 0 0 0
48000 -149.294 -4.23686 100 66 0 0 0 0 0 0 0 0 0 -1.44716 100 27 -1.62108 100 25 0 0 0 0 0 0 0 0
48100 -150.337 -4.66749 100 50 0 0 0 0 0 0 0 0 0 -1.71327 100 35 -0.468139 100 28 0 0 0 0 0 0 0 0
48200 -147.595 -2.56268 100 61 0 0 0 0 0 0 0 0 0 -1.59998 100 31 -1.08369 100 29 0 0 0 0 0 0 0 0
48300 -148.338 -2.14063 100 50 0 0 0 0 0 0 0 0 0 -1.64382 100 27 -1.43571 100 28 0 0 0 0 0 0 0 0
48400 -150.741 -2.97843 100 63 0 0 0 0 0 0 0 0 0 -1.16796 100 23 -1.0427 100 33 0 0 0 0 0 0 0 0
48500 -149.154 -3.7567 100 59 0 0 0 0 0 0 0 0 0 -1.49308 100 28 -0.739353 100 31 0 0 0 0 0 0 0 0
48600 -147.68 -2.84755 100 57 0 0 0 0 0 0 0 0 0 -1.54561 100 32 -1.17116 100 26 0 0 0 0 0 0 0 0
48700 -148.879 -3.48177 100 50 0 0 0 0 0 0 0 0 0 -1.67782 100 33 -1.44069 100 30 0 0 0 0 0 0 0 0
48800 -153.417 -0.256488 100 50 0 0 0 0 0 0 0 0 0 -1.76517 100 37 -1.37197 100 33 0 0 0 0 0 0 0 0
48900 -149.238 -2.89144 100 57 0 0 0 0 0 0 0 0 0 -1.71608 100 36 -0.433595 100 34 0 0 0 0 0 0 0 0
49000 -147.768 -2.19525 100 59 0 0 0 0 0 0 0 0 0 -1.50179 100 29 -1.17028 100 31 0 0 0 0 0 0 0 0
49100 -150.071 -3.89334 100 54 0 0 0 0 0 0 0 0 0 -1.99523 100 38 -0.889224 100 24 0 0 0 0 0 0 0 0
49200 -149.009 -2.04893 100 54 0 0 0 0 0 0 0 0 0 -1.95209 100 34 -0.433176 100 24 0 0 0 0 0 0 0 0
49300 -149.287 -2.63542 100 54 0 0 0 0 0 0 0 0 0 -1.21365 100 33 -1.535 100 25 0 0 0 0 0 0 0 0
49400 -149.354 -4.3315 100 58 0 0 0 0 0 0 0 0 0 -1.41782 100 29 -0.911415 100 34 0 0 0 0 0 0 0 0
49500 -148.404 -2.03628 100 52 0 0 0 0 0 0 0 0 0 -1.9078 100 30 -0.732407 100 31 0 0 0 0 0 0 0 0
49600 -148.807 -1.63775 100 51 0 0 0 0 0 0 0 0 0 -1.68051 100 34 -1.43154 100 30 0 0 0 0 0 0 0 0
49700 -155.228 -2.13659 100 48 0 0 0 0 0 0 0 0 0 -0.901559 100 36 -1.34514 100 27 0 0 0 0 0 0 0 0
49800 -149.791 -2.43526 100 55 0 0 0 0 0 0 0 0 0 -1.85748 100 44 -0.260282 100 31 0 0 0 0 0 0 0 0
49900 -147.7 -2.73351 100 66 0 0 0 0 0 0 0 0 0 -1.63101 100 30 -1.15185 100 35 0 0 0 0 0 0 0 0
50000 -151.716 -3.06563 100 56 0 0 0 0 0 0 0 0 0 -1.5671 100 27 -2.20889 100 24 0 0 0 0 0 0 0 0
50100 -149.757 -4.91924 100 62 0 0 0 0 0 0 0 0 0 -1.31732 100 35 -1.25197 100 25 0 0 0 0 0 0 0 0
50200 -148.39 -1.59452 100 53 0 0 0 0 0 0 0 0 0 -1.71231 100 26 -1.2221 100 44 0 0 0 0 0 0 0 0
50300 -149.668 -4.41172 100 51 0 0 0 0 0 0 0 0 0 -1.41078 100 38 -1.69898 100 24 0 0 0 0 0 0 0 0
50400 -150.574 -5.56838 100 50 0 0 0 0 0 0 0 0 0 -1.28703 100 31 -1.23733 100 30 0 0 0 0 0 0 0 0
50500 -147.947 -2.93123 100 56 0 0 0 0 0 0 0 0 0 -1.72607 100 31 -0.809315 100 33 0 0 0 0 0 0 0 0
50600 -148.93 -4.37466 100 54 0 0 0 0 0 0 0 0 0 -1.55323 100 33 -1.38029 100 32 0 0 0 0 0 0 0 0
50700 -147.777 -2.83803 100 53 0 0 0 0 0 0 0 0 0 -1.53252 100 36 -1.28178 100 35 0 0 0 0 0 0 0 0
50800 -148.29 -3.37621 100 62 0 0 0 0 0 0 0 0 0 -1.77358 100 31 -0.825341 100 37 0 0 0 0 0 0 0 0
50900 -149.312 -4.23035 100 61 0 0 0 0 0 0 0 0 0 -1.8131 100 31 -1.07594 100 38 0 0 0 0 0 0 0 0
51000 -148.652 -3.89241 100 57 0 0 0 0 0 0 0 0 0 -1.76312 100 29 -0.993915 100 29 0 0 0 0 0 0 0 0
51100 -148.813 -4.15998 100 53 0 0 0 0 0 0 0 0 0 -1.63964 100 21 -0.772612 100 25 0 0 0 0 0 0 0 0
51200 -149.362 -5.18693 100 56 0 0 0 0 0 0 0 0 0 -1.53104 100 26 -1.09349 100 23 0 0 0 0 0 0 0 0
51300 -150.291 -1.54509 100 55 0 0 0 0 0 0 0 0 0 -1.30989 100 28 -0.994733 100 21 0 0 0 0 0 0 0 0
51400 -149.325 -4.81957 100 56 0 0 0 0 0 0 0 0 0 -1.6797 100 22 -1.17874 100 35 0 0 0 0 0 0 0 0
51500 -148.866 -3.87536 100 51 0 0 0 0 0 0 0 0 0 -1.71513 100 28 -1.26889 100 24 0 0 0 0 0 0 0 0
51600 -151.885 -3.57681 100 53 0 0 0 0 0 0 0 0 0 -1.01248 100 29 -1.81982 100 32 0 0 0 0 0 0 0 0
51700 -148.286 -3.74459 100 50 0 0 0 0 0 0 0 0 0 -1.69259 100 31 -0.970882 100 39 0 0 0 0 0 0 0 0
51800 -147.772 -2.23003 100 58 0 0 0 0 0 0 0 0 0 -1.56296 100 38 -1.27068 100 24 0 0 0 0 0 0 0 0
51900 -149.344 -1.08851 100 59 0 0 0 0 0 0 0 0 0 -1.55859 100 33 -1.14186 100 30 0 0 0 0 0 0 0 0
52000 -149.272 -3.35066 100 52 0 0 0 0 0 0 0 0 0 -1.6914 100 36 -0.483995 100 29 0 0 0 0 0 0 0 0
52100 -149.416 -1.50834 100 69 0 0 0 0 0 0 0 0 0 -1.6734 100 36 -1.56218 100 30 0 0 0 0 0 0 0 0
52200 -147.773 -3.04286 100 57 0 0 0 0 0 0 0 0 0 -1.61361 100 25 -1.14416 100 28 0 0 0 0 0 0 0 0
52300 -150.263 -3.35643 100 63 0 0 0 0 0 0 0 0 0 -1.25274 100 30 -1.98525 100 29 0 0 0 0 0 0 0 0
52400 -148.33 -2.4566 100 58 0 0 0 0 0 0 0 0 0 -1.87698 100 25 -0.678369 100 28 0 0 0 0 0 0 0 0
52500 -148.81 -1.84156 100 45 0 0 0 0 0 0 0 0 0 -1.55462 100 33 -1.59306 100 28 0 0 0 0 0 0 0 0
52600 -149.229 -4.0846 100 59 0 0 0 0 0 0 0 0 0 -1.592 100 27 -0.668149 100 38 0 0 0 0 0 0 0 0
52700 -148.275 -3.37402 100 49 0 0 0 0 0 0 0 0 0 -1.72501 100 31 -0.752275 100 35 0 0 0 0 0 0 0 0
52800 -152.205 -2.3616 100 53 0 0 0 0 0 0 0 0 0 -1.03839 100 37 -1.26408 100 32 0 0 0 0 0 0 0 0
52900 -149.21 -3.72046 100 55 0 0 0 0 0 0 0 0 0 -1.88908 100 42 -0.59252 100 30 0 0 0 0 0 0 0 0
53000 -148.025 -2.21935 100 57 0 0 0 0 0 0 0 0 0 -1.42581 100 37 -1.29837 100 30 0 0 0 0 0 0 0 0
53100 -148.359 -3.79017 100 60 0 0 0 0 0 0 0 0 0 -1.60053 100 32 -0.865906 100 31 0 0 0 0 0 0 0 0
53200 -152.063 -7.11018 100 65 0 0 0 0 0 0 0 0 0 -1.34289 100 29 -1.04064 100 33 0 0 0 0 0 0 0 0
53300 -150.772 -5.32675 100 68 0 0 0 0 0 0 0 0 0 -1.21904 100 37 -1.53151 100 32 0 0 0 0 0 0 0 0
53400 -148.514 -4.19462 100 53 0 0 0 0 0 0 0 0 0 -1.52453 100 31 -1.06237 100 25 0 0 0 0 0 0 0 0
53500 -148.387 -1.80542 100 58 0 0 0 0 0 0 0 0 0 -1.66834 100 29 -1.35988 100 40 0 0 0 0 0 0 0 0
53600 -148.609 -1.5992 100 61 0 0 0 0 0 0 0 0 0 -1.60258 100 38 -0.742089 100 27 0 0 0 0 0 0 0 0
53700 -148.256 -2.7065 100 58 0 0 0 0 0 0 0 0 0 -1.34921 100 34 -1.28049 100 37 0 0 0 0 0 0 0 0
53800 -149.474 -1.87376 100 43 0 0 0 0 0 0 0 0 0 -1.4301 100 38 -1.7967 100 29 0 0 0 0 0 0 0 0
53900 -147.887 -2.79556 100 56 0 0 0 0 0 0 0 0 0 -1.74902 100 33 -0.87563 100 30 0 0 0 0 0 0 0 0
54000 -148.521 -2.99514 100 63 0 0 0 0 0 0 0 0 0 -1.85134 100 36 -0.999785 100 29 0 0 0 0 0 0 0 0
54100 -148.879 -3.58446 100 57 0 0 0 0 0 0 0 0 0 -1.76255 100 26 -1.25302 100 32 0 0 0 0 0 0 0 0
54200 -147.977 -3.14382 100 55 0 0 0 0 0 0 0 0 0 -1.43607 100 30 -1.24237 100 39 0 0 0 0 0 0 0 0
54300 -148.683 -3.99566 100 58 0 0 0 0 0 0 0 0 0 -1.6768 100 42 -1.22462 100 23 0 0 0 0 0 0 0 0
54400 -147.814 -2.83663 100 57 0 0 0 0 0 0 0 0 0 -1.70614 100 39 -0.874859 100 34 0 0 0 0 0 0 0 0
54500 -149.541 -2.46169 100 45 0 0 0 0 0 0 0 0 0 -2.07922 100 26 -0.576908 100 24 0 0 0 0 0 0 0 0
54600 -151.669 -5.63235 100 53 0 0 0 0 0 0 0 0 0 -1.83311 100 28 -0.356322 100 37 0 0 0 0 0 0 0 0
54700 -149.286 -2.15365 100 64 0 0 0 0 0 0 0 0 0 -1.80212 100 34 -0.360294 100 22 0 0 0 0 0 0 0 0
54800 -148.304 -2.76409 100 64 0 0 0 0 0 0 0 0 0 -1.83938 100 34 -0.97503 100 33 0 0 0 0 0 0 0 0
54900 -148.034 -2.22504 100 64 0 0 0 0 0 0 0 0 0 -1.64406 100 34 -1.33406 100 30 0 0 0 0 0 0 0 0
55000 -152.368 -1.9879 100 56 0 0 0 0 0 0 0 0 0 -1.99786 100 29 0.102218 100 35 0 0 0 0 0 0 0 0
55100 -149.621 -4.28175 100 53 0 0 0 0 0 0 0 0 0 -1.44604 100 39 -1.71051 100 30 0 0 0 0 0 0 0 0
55200 -148.812 -1.38952 100 60 0 0 0 0 0 0 0 0 0 -1.49124 100 33 -1.19991 100 31 0 0 0 0 0 0 0 0
55300 -149.555 -2.05476 100 41 0 0 0 0 0 0 0 0 0 -1.96266 100 38 -0.290244 100 26 0 0 0 0 0 0 0 0
55400 -148.96 -4.54559 100 58 0 0 0 0 0 0 0 0 0 -1.49817 100 32 -1.35354 100 37 0 0 0 0 0 0 0 0
55500 -150.742 -5.39335 100 57 0 0 0 0 0 0 0 0 0 -1.62433 100 33 -0.571204 100 28 0 0 0 0 0 0 0 0
55600 -150.504 -6.28369 100 55 0 0 0 0 0 0 0 0 0 -1.45487 100 24 -1.24361 100 30 0 0 0 0 0 0 0 0
55700 -148.988 -2.20155 100 56 0 0 0 0 0 0 0 0 0 -1.83487 100 33 -0.405982 100 40 0 0 0 0 0 0 0 0
55800 -148.531 -3.77772 100 61 0 0 0 0 0 0 0 0 0 -1.59475 100 29 -1.36702 100 28 0 0 0 0 0 0 0 0
55900 -150.033 -3.07863 100 47 0 0 0 0 0 0 0 0 0 -2.04331 100 34 -0.947254 100 29 0 0 0 0 0 0 0 0
56000 -148.544 -2.94007 100 56 0 0 0 0 0 0 0 0 0 -1.51178 100 29 -0.753277 100 30 0 0 0 0 0 0 0 0
56100 -152.882 -2.45131 100 53 0 0 0 0 0 0 0 0 0 -2.12916 100 36 -1.46804 100 28 0 0 0 0 0 0 0 0
56200 -147.877 -2.94705 100 57 0 0 0 0 0 0 0 0 0 -1.60276 100 28 -0.860125 100 28 0 0 0 0 0 0 0 0
56300 -149.765 -5.21328 100 66 0 0 0 0 0 0 0 0 0 -1.57685 100 33 -0.80595 100 37 0 0 0 0 0 0 0 0
56400 -151.752 -4.05738 100 66 0 0 0 0 0 0 0 0 0 -1.6731 100 32 -0.242151 100 29 0 0 0 0 0 0 0 0
56500 -150.058 -5.69577 100 52 0 0 0 0 0 0 0 0 0 -1.46984 100 26 -1.01155 100 28 0 0 0 0 0 0 0 0
56600 -149.417 -1.62514 100 53 0 0 0 0 0 0 0 0 0 -1.32292 100 26 -1.22261 100 29 0 0 0 0 0 0 0 0
56700 -150.018 -2.45494 100 52 0 0 0 0 0 0 0 0 0 -1.43595 100 28 -0.607706 100 21 0 0 0 0 0 0 0 0
56800 -148.607 -2.20302 100 55 0 0 0 0 0 0 0 0 0 -1.7791 100 26 -0.504357 100 36 0 0 0 0 0 0 0 0
56900 -149.98 -3.62397 100 56 0 0 0 0 0 0 0 0 0 -1.19895 100 32 -1.77382 100 28 0 0 0 0 0 0 0 0
57000 -148.448 -2.23733 100 56 0 0 0 0 0 0 0 0 0 -1.48231 100 30 -1.58416 100 39 0 0 0 0 0 0 0 0
57100 -151.226 -3.56215 100 60 0 0 0 0 0 0 0 0 0 -2.05791 100 21 -1.16083 100 33 0 0 0 0 0 0 0 0
57200 -148.241 -1.85333 100 48 0 0 0 0 0 0 0 0 0 -1.62881 100 28 -0.738211 100 31 0 0 0 0 0 0 0 0
57300 -149.706 -1.80971 100 55 0 0 0 0 0 0 0 0 0 -1.98543 100 24 -1.14194 100 30 0 0 0 0 0 0 0 0
57400 -152.201 -3.10401 100 49 0 0 0 0 0 0 0 0 0 -1.96699 100 42 0.0368504 100 38 0 0 0 0 0 0 0 0
57500 -150.476 -1.6076 100 45 0 0 0 0 0 0 0 0 0 -2.17291 100 39 -0.737898 100 32 0 0 0 0 0 0 0 0
57600 -148.577 -2.47228 100 53 0 0 0 0 0 0 0 0 0 -1.81944 100 35 -1.21222 100 24 0 0 0 0 0 0 0 0
57700 -148.521 -2.91276 100 55 0 0 0 0 0 0 0 0 0 -1.72433 100 28 -1.34677 100 42 0 0 0 0 0 0 0 0
57800 -149.594 -1.78685 100 49 0 0 0 0 0 0 0 0 0 -2.09424 100 29 -0.501621 100 38 0 0 0 0 0 0 0 0
57900 -147.695 -2.50837 100 60 0 0 0 0 0 0 0 0 0 -1.5495 100 33 -1.24772 100 22 0 0 0 0 0 0 0 0
58000 -148.079 -2.20411 100 54 0 0 0 0 0 0 0 0 0 -1.60084 100 23 -1.3951 100 25 0 0 0 0 0 0 0 0
58100 -149.062 -1.5747 100 68 0 0 0 0 0 0 0 0 0 -1.89393 100 36 -1.1253 100 24 0 0 0 0 0 0 0 0
58200 -148.135 -1.84932 100 63 0 0 0 0 0 0 0 0 0 -1.63012 100 36 -1.31169 100 31 0 0 0 0 0 0 0 0
58300 -148.359 -3.07627 100 48 0 0 0 0 0 0 0 0 0 -1.43812 100 35 -0.934306 100 22 0 0 0 0 0 0 0 0
58400 -148.612 -4.13866 100 43 0 0 0 0 0 0 0 0 0 -1.55249 100 36 -1.31679 100 23 0 0 0 0 0 0 0 0
58500 -148.661 -2.20139 100 60 0 0 0 0 0 0 0 0 0 -1.9346 100 35 -0.899185 100 28 0 0 0 0 0 0 0 0
58600 -149.139 -1.05865 100 49 0 0 0 0 0 0 0 0 0 -1.67354 100 31 -1.06554 100 30 0 0 0 0 0 0 0 0
58700 -149.421 -5.10067 100 60 0 0 0 0 0 0 0 0 0 -1.66337 100 29 -0.909574 100 33 0 0 0 0 0 0 0 0
58800 -149.656 -5.1413 100 69 0 0 0 0 0 0 0 0 0 -1.39825 100 30 -1.4088 100 25 0 0 0 0 0 0 0 0
58900 -149.611 -3.36157 100 64 0 0 0 0 0 0 0 0 0 -2.00449 100 34 -0.811391 100 35 0 0 0 0 0 0 0 0
59000 -148.995 -4.22296 100 52 0 0 0 0 0 0 0 0 0 -1.35959 100 41 -1.42719 100 31 0 0 0 0 0 0 0 0
59100 -148.932 -1.20012 100 53 0 0 0 0 0 0 0 0 0 -1.86902 100 41 -0.78462 100 29 0 0 0 0 0 0 0 0
59200 -151.47 -3.08785 100 61 0 0 0 0 0 0 0 0 0 -1.62817 100 29 -0.244854 100 47 0 0 0 0 0 0 0 0
59300 -152.684 -4.9804 100 53 0 0 0 0 0 0 0 0 0 -1.39289 100 25 -0.524246 100 31 0 0 0 0 0 0 0 0
59400 -147.865 -2.14752 100 57 0 0 0 0 0 0 0 0 0 -1.76275 100 33 -0.819556 100 28 0 0 0 0 0 0 0 0
59500 -153.835 -6.67318 100 51 0 0 0 0 0 0 0 0 0 -1.08839 100 28 -1.93867 100 35 0 0 0 0 0 0 0 0
59600 -148.286 -3.5426 100 61 0 0 0 0 0 0 0 0 0 -1.41673 100 31 -1.35196 100 34 0 0 0 0 0 0 0 0
59700 -149.11 -2.18129 100 53 0 0 0 0 0 0 0 0 0 -1.70136 100 26 -0.44785 100 30 0 0 0 0 0 0 0 0
59800 -147.783 -2.07973 100 59 0 0 0 0 0 0 0 0 0 -1.72302 100 31 -0.871547 100 28 0 0 0 0 0 0 0 0
59900 -148.921 -2.39127 100 56 0 0 0 0 0 0 0 0 0 -1.26232 100 33 -1.39938 100 33 0 0 0 0 0 0 0 0
60000 -148.162 -2.59063 100 47 0 0 0 0 0 0 0 0 0 -1.48125 100 35 -1.50546 100 27 0 0 0 0 0 0 0 0
60100 -149.254 -2.52049 100 52 0 0 0 0 0 0 0 0 0 -1.68264 100 31 -1.63996 100 22 0 0 0 0 0 0 0 0
60200 -147.903 -2.59272 100 59 0 0 0 0 0 0 0 0 0 -1.59943 100 36 -1.33489 100 27 0 0 0 0 0 0 0 0
60300 -150.736 -0.994444 100 56 0 0 0 0 0 0 0 0 0 -2.17238 100 32 -0.513792 100 36 0 0 0 0 0 0 0 0
60400 -148.767 -2.70187 100 48 0 0 0 0 0 0 0 0 0 -1.3442 100 32 -1.005 100 29 0 0 0 0 0 0 0 0
60500 -148.211 -2.84933 100 60 0 0 0 0 0 0 0 0 0 -1.435 100 28 -1.50566 100 30 0 0 0 0 0 0 0 0
60600 -148.616 -1.52373 100 52 0 0 0 0 0 0 0 0 0 -1.58134 100 29 -0.80962 100 32 0 0 0 0 0 0 0 0
60700 -149.122 -2.32453 100 51 0 0 0 0 0 0 0 0 0 -1.45185 100 29 -1.7899 100 40 0 0 0 0 0 0 0 0
60800 -148.116 -1.65073 100 58 0 0 0 0 0 0 0 0 0 -1.75091 100 29 -0.814576 100 26 0 0 0 0 0 0 0 0
60900 -148.83 -1.99484 100 60 0 0 0 0 0 0 0 0 0 -1.9613 100 27 -0.88341 100 33 0 0 0 0 0 0 0 0
61000 -148.286 -2.8004 100 57 0 0 0 0 0 0 0 0 0 -1.48427 100 28 -0.850248 100 26 0 0 0 0 0 0 0 0
61100 -148.133 -2.41344 100 43 0 0 0 0 0 0 0 0 0 -1.80694 100 28 -1.04972 100 30 0 0 0 0 0 0 0 0
61200 -148.339 -1.71848 100 54 0 0 0 0 0 0 0 0 0 -1.56385 100 28 -0.840746 100 29 0 0 0 0 0 0 0 0
61300 -149.64 -4.45484 100 51 0 0 0 0 0 0 0 0 0 -1.74366 100 33 -0.567825 100 29 0 0 0 0 0 0 0 0
61400 -148.353 -1.41466 100 59 0 0 0 0 0 0 0 0 0 -1.69478 100 26 -1.05017 100 31 0 0 0 0 0 0 0 0
61500 -148.007 -2.5126 100 56 0 0 0 0 0 0 0 0 0 -1.74495 100 30 -1.14409 100 23 0 0 0 0 0 0 0 0
61600 -148.066 -2.68762 100 55 0 0 0 0 0 0 0 0 0 -1.81067 100 30 -0.901798 100 25 0 0 0 0 0 0 0 0
61700 -148.351 -1.85185 100 52 0 0 0 0 0 0 0 0 0 -1.55901 100 25 -0.796195 100 29 0 0 0 0 0 0 0 0
61800 -151.23 -5.32282 100 59 0 0 0 0 0 0 0 0 0 -1.17929 100 30 -1.30085 100 23 0 0 0 0 0 0 0 0
61900 -147.687 -2.43585 100 58 0 0 0 0 0 0 0 0 0 -1.64462 100 31 -0.885596 100 30 0 0 0 0 0 0 0 0
62000 -150.184 -3.53988 100 63 0 0 0 0 0 0 0 0 0 -1.95288 100 27 -0.294996 100 27 0 0 0 0 0 0 0 0
62100 -148.156 -2.73315 100 60 0 0 0 0 0 0 0 0 0 -1.82715 100 30 -0.772805 100 26 0 0 0 0 0 0 0 0
62200 -149.416 -3.45199 100 48 0 0 0 0 0 0 0 0 0 -1.94431 100 30 -0.957323 100 31 0 0 0 0 0 0 0 0
62300 -149.453 -3.64489 100 65 0 0 0 0 0 0 0 0 0 -1.91025 100 39 -1.03789 100 43 0 0 0 0 0 0 0 0
62400 -148.458 -2.10901 100 65 0 0 0 0 0 0 0 0 0 -1.35529 100 26 -1.35892 100 32 0 0 0 0 0 0 0 0
62500 -150.645 -1.58988 100 47 0 0 0 0 0 0 0 0 0 -1.38454 100 41 -1.95595 100 29 0 0 0 0 0 0 0 0
62600 -148.502 -2.61308 100 51 0 0 0 0 0 0 0 0 0 -1.65807 100 28 -1.47644 100 40 0 0 0 0 0 0 0 0
62700 -150.029 -4.96049 100 60 0 0 0 0 0 0 0 0 0 -1.84273 100 30 -0.996189 100 35 0 0 0 0 0 0 0 0
62800 -148.225 -2.3907 100 67 0 0 0 0 0 0 0 0 0 -1.47762 100 31 -0.880311 100 32 0 0 0 0 0 0 0 0
62900 -147.792 -3.074 100 50 0 0 0 0 0 0 0 0 0 -1.57297 100 32 -0.978035 100 34 0 0 0 0 0 0 0 0
63000 -148.662 -2.34899 100 59 0 0 0 0 0 0 0 0 0 -1.56209 100 24 -1.62301 100 27 0 0 0 0 0 0 0 0
63100 -148.049 -2.18029 100 49 0 0 0 0 0 0 0 0 0 -1.66604 100 37 -1.3069 100 33 0 0 0 0 0 0 0 0
63200 -148.477 -3.6237 100 46 0 0 0 0 0 0 0 0 0 -1.40115 100 27 -1.08997 100 21 0 0 0 0 0 0 0 0
63300 -151.343 -3.54244 100 62 0 0 0 0 0 0 0 0 0 -1.18557 100 31 -0.921908 100 28 0 0 0 0 0 0 0 0
63400 -149.018 -4.1896 100 70 0 0 0 0 0 0 0 0 0 -1.6657 100 41 -0.698971 100 21 0 0 0 0 0 0 0 0
63500 -148.034 -2.59925 100 58 0 0 0 0 0 0 0 0 0 -1.65952 100 36 -1.31486 100 26 0 0 0 0 0 0 0 0
63600 -148.008 -2.47294 100 62 0 0 0 0 0 0 0 0 0 -1.47728 100 28 -1.43296 100 31 0 0 0 0 0 0 0 0
63700 -149.587 -1.72206 100 55 0 0 0 0 0 0 0 0 0 -1.37071 100 28 -0.904667 100 26 0 0 0 0 0 0 0 0
63800 -148.179 -1.61604 100 54 0 0 0 0 0 0 0 0 0 -1.78673 100 29 -0.89644 100 35 0 0 0 0 0 0 0 0
63900 -148.372 -3.52828 100 63 0 0 0 0 0 0 0 0 0 -1.41603 100 27 -1.07299 100 26 0 0 0 0 0 0 0 0
64000 -149.31 -2.24167 100 50 0 0 0 0 0 0 0 0 0 -1.99524 100 26 -0.985907 100 39 0 0 0 0 0 0 0 0
64100 -149.786 -3.29128 100 56 0 0 0 0 0 0 0 0 0 -2.02297 100 28 -0.437539 100 35 0 0 0 0 0 0 0 0
64200 -150.411 -5.0891 100 61 0 0 0 0 0 0 0 0 0 -1.4319 100 38 -1.73961 100 30 0 0 0 0 0 0 0 0
64300 -148.368 -2.59083 100 62 0 0 0 0 0 0 0 0 0 -1.53104 100 32 -0.753511 100 21 0 0 0 0 0 0 0 0
64400 -148.521 -2.20083 100 57 0 0 0 0 0 0 0 0 0 -1.71074 100 25 -1.40746 100 30 0 0 0 0 0 0 0 0
64500 -147.753 -2.89805 100 66 0 0 0 0 0 0 0 0 0 -1.49305 100 29 -1.1744 100 26 0 0 0 0 0 0 0 0
64600 -148.006 -2.47026 100 57 0 0 0 0 0 0 0 0 0 -1.53216 100 36 -0.856848 100 31 0 0 0 0 0 0 0 0
64700 -147.72 -2.09794 100 55 0 0 0 0 0 0 0 0 0 -1.65756 100 35 -1.10692 100 23 0 0 0 0 0 0 0 0
64800 -148.973 -2.90891 100 63 0 0 0 0 0 0 0 0 0 -1.40781 100 31 -1.75787 100 22 0 0 0 0 0 0 0 0
64900 -148.176 -2.63122 100 57 0 0 0 0 0 0 0 0 0 -1.45389 100 29 -1.50782 100 29 0 0 0 0 0 0 0 0
65000 -153.093 -3.26714 100 59 0 0 0 0 0 0 0 0 0 -1.4675 100 28 -2.49293 100 35 0 0 0 0 0 0 0 0
65100 -149.163 -2.69539 100 56 0 0 0 0 0 0 0 0 0 -2.00728 100 26 -0.751298 100 36 0 0 0 0 0 0 0 0
65200 -149.193 -4.1005 100 57 0 0 0 0 0 0 0 0 0 -1.36993 100 31 -1.60688 100 35 0 0 0 0 0 0 0 0
65300 -151.799 -6.11252 100 57 0 0 0 0 0 0 0 0 0 -1.33247 100 27 -1.85304 100 32 0 0 0 0 0 0 0 0
65400 -149.247 -4.6185 100 50 0 0 0 0 0 0 0 0 0 -1.62351 100 29 -1.3387 100 36 0 0 0 0 0 0 0 0
65500 -148.956 -1.36106 100 58 0 0 0 0 0 0 0 0 0 -1.74919 100 37 -1.27172 100 44 0 0 0 0 0 0 0 0
65600 -149.303 -3.72877 100 54 0 0 0 0 0 0 0 0 0 -1.82071 100 31 -1.22416 100 38 0 0 0 0 0 0 0 0
65700 -149.65 -2.04986 100 50 0 0 0 0 0 0 0 0 0 -1.47155 100 30 -1.87666 100 22 0 0 0 0 0 0 0 0
65800 -150.185 -1.09397 100 55 0 0 0 0 0 0 0 0 0 -1.61153 100 40 -1.5734 100 32 0 0 0 0 0 0 0 0
65900 -152.094 -5.10982 100 63 0 0 0 0 0 0 0 0 0 -1.55091 100 30 -2.02097 100 23 0 0 0 0 0 0 0 0
66000 -148.806 -4.53094 100 51 0 0 0 0 0 0 0 0 0 -1.5152 100 28 -1.22795 100 34 0 0 0 0 0 0 0 0
66100 -148.513 -1.96043 100 63 0 0 0 0 0 0 0 0 0 -1.43768 100 29 -1.52321 100 25 0 0 0 0 0 0 0 0
66200 -148.308 -1.4498 100 55 0 0 0 0 0 0 0 0 0 -1.63322 100 38 -1.07972 100 26 0 0 0 0 0 0 0 0
66300 -148.266 -1.63113 100 56 0 0 0 0 0 0 0 0 0 -1.66057 100 29 -0.776759 100 31 0 0 0 0 0 0 0 0
66400 -148.448 -1.94147 100 51 0 0 0 0 0 0 0 0 0 -1.39604 100 36 -1.39956 100 36 0 0 0 0 0 0 0 0
66500 -148.523 -2.12551 100 54 0 0 0 0 0 0 0 0 0 -1.68874 100 28 -1.43482 100 33 0 0 0 0 0 0 0 0
66600 -148.069 -3.25525 100 56 0 0 0 0 0 0 0 0 0 -1.62641 100 34 -1.26413 100 32 0 0 0 0 0 0 0 0
66700 -148.109 -2.6656 100 57 0 0 0 0 0 0 0 0 0 -1.38457 100 34 -1.36776 100 32 0 0 0 0 0 0 0 0
66800 -148.777 -4.08102 100 51 0 0 0 0 0 0 0 0 0 -1.47249 100 27 -0.936871 100 31 0 0 0 0 0 0 0 0
66900 -148.346 -2.66065 100 57 0 0 0 0 0 0 0 0 0 -1.45944 100 33 -1.57427 100 22 0 0 0 0 0 0 0 0
67000 -149.024 -4.48501 100 58 0 0 0 0 0 0 0 0 0 -1.73104 100 38 -0.862856 100 23 0 0 0 0 0 0 0 0
67100 -148.986 -2.49296 100 58 0 0 0 0 0 0 0 0 0 -1.46044 100 32 -0.727499 100 25 0 0 0 0 0 0 0 0
67200 -149.576 -4.72684 100 65 0 0 0 0 0 0 0 0 0 -1.51858 100 33 -1.54213 100 36 0 0 0 0 0 0 0 0
67300 -149.486 -2.31026 100 48 0 0 0 0 0 0 0 0 0 -1.51402 100 23 -1.85162 100 31 0 0 0 0 0 0 0 0
67400 -150.023 -4.30443 100 60 0 0 0 0 0 0 0 0 0 -1.43156 100 36 -0.738813 100 24 0 0 0 0 0 0 0 0
67500 -148.719 -4.38002 100 51 0 0 0 0 0 0 0 0 0 -1.54057 100 32 -0.985382 100 28 0 0 0 0 0 0 0 0
67600 -153.382 -8.35638 100 57 0 0 0 0 0 0 0 0 0 -1.26638 100 38 -1.48659 100 25 0 0 0 0 0 0 0 0
67700 -150.774 -4.72889 100 61 0 0 0 0 0 0 0 0 0 -1.2469 100 24 -1.86141 100 29 0 0 0 0 0 0 0 0
67800 -148.631 -1.84639 100 54 0 0 0 0 0 0 0 0 0 -1.70094 100 30 -1.41028 100 29 0 0 0 0 0 0 0 0
67900 -148.691 -2.9816 100 53 0 0 0 0 0 0 0 0 0 -1.87368 100 38 -1.01715 100 40 0 0 0 0 0 0 0 0
68000 -149.082 -2.56025 100 63 0 0 0 0 0 0 0 0 0 -1.5571 100 34 -1.73668 100 25 0 0 0 0 0 0 0 0
68100 -149.911 -1.86335 100 57 0 0 0 0 0 0 0 0 0 -1.83006 100 35 -1.53436 100 25 0 0 0 0 0 0 0 0
68200 -148.555 -1.65532 100 54 0 0 0 0 0 0 0 0 0 -1.86275 100 36 -1.00985 100 33 0 0 0 0 0 0 0 0
68300 -150.158 -3.95982 100 52 0 0 0 0 0 0 0 0 0 -1.40242 100 34 -1.92064 100 34 0 0 0 0 0 0 0 0
68400 -147.838 -2.85987 100 52 0 0 0 0 0 0 0 0 0 -1.46095 100 27 -1.27098 100 33 0 0 0 0 0 0 0 0
68500 -148.311 -3.2444 100 55 0 0 0 0 0 0 0 0 0 -1.72325 100 25 -1.20003 100 27 0 0 0 0 0 0 0 0
68600 -149.704 -2.77529 100 64 0 0 0 0 0 0 0 0 0 -1.8902 100 28 -1.34922 100 27 0 0 0 0 0 0 0 0
68700 -147.993 -2.62804 100 48 0 0 0 0 0 0 0 0 0 -1.54631 100 32 -0.842167 100 37 0 0 0 0 0 0 0 0
68800 -150.095 -3.69259 100 58 0 0 0 0 0 0 0 0 0 -1.23794 100 33 -1.03053 100 31 0 0 0 0 0 0 0 0
68900 -147.93 -3.41351 100 55 0 0 0 0 0 0 0 0 0 -1.52995 100 19 -1.13434 100 31 0 0 0 0 0 0 0 0
69000 -148.327 -1.46151 100 50 0 0 0 0 0 0 0 0 0 -1.60032 100 35 -1.09058 100 21 0 0 0 0 0 0 0 0
69100 -149.19 -1.66294 100 56 0 0 0 0 0 0 0 0 0 -1.99971 100 21 -0.46649 100 28 0 0 0 0 0 0 0 0
69200 -148.899 -2.18603 100 51 0 0 0 0 0 0 0 0 0 -1.71882 100 28 -1.50004 100 31 0 0 0 0 0 0 0 0
69300 -151.511 -6.36858 100 59 0 0 0 0 0 0 0 0 0 -1.67058 100 32 -0.576617 100 33 0 0 0 0 0 0 0 0
69400 -150.853 -5.58347 100 61 0 0 0 0 0 0 0 0 0 -1.83182 100 28 -1.15106 100 34 0 0 0 0 0 0 0 0
69500 -148.609 -3.13029 100 53 0 0 0 0 0 0 0 0 0 -1.88312 100 28 -0.75429 100 31 0 0 0 0 0 0 0 0
69600 -148.088 -1.6852 100 50 0 0 0 0 0 0 0 0 0 -1.62656 100 36 -1.19969 100 26 0 0 0 0 0 0 0 0
69700 -149.323 -2.65628 100 57 0 0 0 0 0 0 0 0 0 -2.01028 100 32 -0.448037 100 34 0 0 0 0 0 0 0 0
69800 -149.666 -1.55987 100 52 0 0 0 0 0 0 0 0 0 -1.52153 100 28 -1.73338 100 33 0 0 0 0 0 0 0 0
69900 -150.212 -4.82524 100 62 0 0 0 0 0 0 0 0 0 -1.348 100 25 -0.936184 100 33 0 0 0 0 0 0 0 0
70000 -149.037 -1.83374 100 54 0 0 0 0 0 0 0 0 0 -2.00747 100 26 -0.760092 100 29 0 0 0 0 0 0 0 0
70100 -148.131 -3.04189 100 58 0 0 0 0 0 0 0 0 0 -1.7772 100 22 -0.785836 100 35 0 0 0 0 0 0 0 0
70200 -150.713 -4.54216 100 58 0 0 0 0 0 0 0 0 0 -1.19547 100 27 -1.80464 100 26 0 0 0 0 0 0 0 0
70300 -148.592 -3.8047 100 55 0 0 0 0 0 0 0 0 0 -1.52456 100 41 -1.45139 100 35 0 0 0 0 0 0 0 0
70400 -149.11 -2.74798 100 50 0 0 0 0 0 0 0 0 0 -1.72705 100 25 -1.52648 100 29 0 0 0 0 0 0 0 0
70500 -147.757 -2.38676 100 63 0 0 0 0 0 0 0 0 0 -1.73344 100 22 -0.975192 100 32 0 0 0 0 0 0 0 0
70600 -148.173 -2.55427 100 53 0 0 0 0 0 0 0 0 0 -1.61903 100 36 -1.42281 100 30 0 0 0 0 0 0 0 0
70700 -148.09 -1.80008 100 48 0 0 0 0 0 0 0 0 0 -1.51424 100 27 -1.04238 100 35 0 0 0 0 0 0 0 0
70800 -150.351 -5.03965 100 55 0 0 0 0 0 0 0 0 0 -1.82207 100 28 -1.1854 100 23 0 0 0 0 0 0 0 0
70900 -148.419 -3.901 100 53 0 0 0 0 0 0 0 0 0 -1.61297 100 34 -0.87174 100 26 0 0 0 0 0 0 0 0
71000 -149.283 -4.37593 100 50 0 0 0 0 0 0 0 0 0 -1.37542 100 32 -1.03837 100 24 0 0 0 0 0 0 0 0
71100 -148.638 -2.09319 100 50 0 0 0 0 0 0 0 0 0 -1.3716 100 30 -1.54852 100 32 0 0 0 0 0 0 0 0
71200 -148.886 -4.44387 100 58 0 0 0 0 0 0 0 0 0 -1.41931 100 28 -1.25658 100 31 0 0 0 0 0 0 0 0
71300 -147.94 -2.82893 100 56 0 0 0 0 0 0 0 0 0 -1.43312 100 34 -1.1279 100 30 0 0 0 0 0 0 0 0
71400 -148.264 -3.43421 100 53 0 0 0 0 0 0 0 0 0 -1.50488 100 35 -1.42375 100 30 0 0 0 0 0 0 0 0
71500 -150.057 -3.19407 100 57 0 0 0 0 0 0 0 0 0 -1.53923 100 35 -1.92378 100 29 0 0 0 0 0 0 0 0
71600 -149.451 -3.81837 100 63 0 0 0 0 0 0 0 0 0 -1.91061 100 19 -0.549668 100 32 0 0 0 0 0 0 0 0
71700 -148.165 -2.32429 100 55 0 0 0 0 0 0 0 0 0 -1.43516 100 27 -1.46771 100 30 0 0 0 0 0 0 0 0
71800 -149.647 -4.74498 100 64 0 0 0 0 0 0 0 0 0 -1.42507 100 30 -0.914541 100 27 0 0 0 0 0 0 0 0
71900 -149.058 -2.54732 100 58 0 0 0 0 0 0 0 0 0 -1.90435 100 32 -0.408203 100 28 0 0 0 0 0 0 0 0
72000 -148.302 -2.90198 100 64 0 0 0 0 0 0 0 0 0 -1.76731 100 31 -0.639347 100 45 0 0 0 0 0 0 0 0
72100 -148.45 -2.79184 100 62 0 0 0 0 0 0 0 0 0 -1.45659 100 39 -1.60565 100 38 0 0 0 0 0 0 0 0
72200 -148.298 -2.46263 100 50 0 0 0 0 0 0 0 0 0 -1.80893 100 25 -0.601194 100 30 0 0 0 0 0 0 0 0
72300 -151.802 -5.48011 100 53 0 0 0 0 0 0 0 0 0 -1.91919 100 37 -1.25016 100 36 0 0 0 0 0 0 0 0
72400 -148.284 -2.66559 100 56 0 0 0 0 0 0 0 0 0 -1.862 100 32 -0.742607 100 36 0 0 0 0 0 0 0 0
72500 -150.949 -2.40585 100 60 0 0 0 0 0 0 0 0 0 -2.01811 100 28 -1.36466 100 33 0 0 0 0 0 0 0 0
72600 -148.086 -2.10309 100 53 0 0 0 0 0 0 0 0 0 -1.74842 100 29 -0.674828 100 30 0 0 0 0 0 0 0 0
72700 -150.636 -5.67153 100 59 0 0 0 0 0 0 0 0 0 -1.75087 100 35 -1.24838 100 35 0 0 0 0 0 0 0 0
72800 -147.9 -3.04506 100 52 0 0 0 0 0 0 0 0 0 -1.61742 100 30 -1.24125 100 30 0 0 0 0 0 0 0 0
72900 -148.753 -2.94408 100 67 0 0 0 0 0 0 0 0 0 -1.92453 100 29 -0.662404 100 35 0 0 0 0 0 0 0 0
73000 -148.544 -3.48962 100 62 0 0 0 0 0 0 0 0 0 -1.7497 100 26 -0.673168 100 32 0 0 0 0 0 0 0 0
73100 -152.258 -7.47991 100 59 0 0 0 0 0 0 0 0 0 -1.33368 100 22 -1.52732 100 38 0 0 0 0 0 0 0 0
73200 -148.146 -3.53335 100 63 0 0 0 0 0 0 0 0 0 -1.69633 100 35 -0.987658 100 21 0 0 0 0 0 0 0 0
73300 -149.393 -2.62227 100 62 0 0 0 0 0 0 0 0 0 -1.85331 100 23 -0.336495 100 27 0 0 0 0 0 0 0 0
73400 -149.194 -2.14042 100 49 0 0 0 0 0 0 0 0 0 -1.96387 100 29 -0.382479 100 35 0 0 0 0 0 0 0 0
73500 -147.93 -3.38962 100 59 0 0 0 0 0 0 0 0 0 -1.60942 100 39 -0.991813 100 32 0 0 0 0 0 0 0 0
73600 -147.82 -2.22788 100 59 0 0 0 0 0 0 0 0 0 -1.73431 100 25 -1.0503 100 28 0 0 0 0 0 0 0 0
73700 -148.599 -2.8959 100 52 0 0 0 0 0 0 0 0 0 -1.85501 100 31 -0.573869 100 34 0 0 0 0 0 0 0 0
73800 -150.36 -1.33922 100 56 0 0 0 0 0 0 0 0 0 -1.66537 100 28 -1.72343 100 31 0 0 0 0 0 0 0 0
73900 -149.335 -3.59273 100 58 0 0 0 0 0 0 0 0 0 -1.43459 100 30 -1.77193 100 29 0 0 0 0 0 0 0 0
74000 -147.762 -2.54979 100 55 0 0 0 0 0 0 0 0 0 -1.58453 100 31 -0.889633 100 31 0 0 0 0 0 0 0 0
74100 -149.133 -1.32129 100 64 0 0 0 0 0 0 0 0 0 -1.95622 100 24 -0.588878 100 30 0 0 0 0 0 0 0 0
74200 -148.808 -3.34052 100 46 0 0 0 0 0 0 0 0 0 -1.84417 100 28 -1.06876 100 38 0 0 0 0 0 0 0 0
74300 -148.632 -4.26863 100 58 0 0 0 0 0 0 0 0 0 -1.62815 100 40 -0.930067 100 33 0 0 0 0 0 0 0 0
74400 -151.083 -4.41881 100 59 0 0 0 0 0 0 0 0 0 -1.82722 100 38 -0.268185 100 28 0 0 0 0 0 0 0 0
74500 -148.298 -1.65297 100 55 0 0 0 0 0 0 0 0 0 -1.82917 100 32 -0.929033 100 37 0 0 0 0 0 0 0 0
74600 -148.687 -1.2385 100 54 0 0 0 0 0 0 0 0 0 -1.78097 100 33 -0.882255 100 27 0 0 0 0 0 0 0 0
74700 -149.451 -3.45998 100 53 0 0 0 0 0 0 0 0 0 -1.98237 100 34 -0.749158 100 26 0 0 0 0 0 0 0 0
74800 -149.501 -2.29449 100 46 0 0 0 0 0 0 0 0 0 -1.86235 100 37 -1.39366 100 33 0 0 0 0 0 0 0 0
74900 -149.568 -5.28913 100 56 0 0 0 0 0 0 0 0 0 -1.61856 100 28 -1.17997 100 31 0 0 0 0 0 0 0 0
75000 -150.62 -2.94046 100 58 0 0 0 0 0 0 0 0 0 -1.15467 100 33 -1.96387 100 33 0 0 0 0 0 0 0 0
75100 -148.235 -3.39451 100 51 0 0 0 0 0 0 0 0 0 -1.63055 100 25 -1.30048 100 22 0 0 0 0 0 0 0 0
75200 -149.774 -4.66662 100 59 0 0 0 0 0 0 0 0 0 -1.81559 100 32 -1.10633 100 26 0 0 0 0 0 0 0 0
75300 -148.493 -3.94949 100 65 0 0 0 0 0 0 0 0 0 -1.65616 100 32 -1.17757 100 20 0 0 0 0 0 0 0 0
75400 -149.794 -2.68018 100 62 0 0 0 0 0 0 0 0 0 -1.97081 100 32 -0.270601 100 29 0 0 0 0 0 0 0 0
75500 -154.248 -8.20167 100 54 0 0 0 0 0 0 0 0 0 -1.69255 100 31 -0.402936 100 27 0 0 0 0 0 0 0 0
75600 -148.507 -1.87701 100 58 0 0 0 0 0 0 0 0 0 -1.66513 100 34 -1.42251 100 38 0 0 0 0 0 0 0 0
75700 -148.88 -3.88117 100 56 0 0 0 0 0 0 0 0 0 -1.52823 100 34 -1.53475 100 32 0 0 0 0 0 0 0 0
75800 -149.136 -4.64947 100 53 0 0 0 0 0 0 0 0 0 -1.40763 100 27 -1.16091 100 27 0 0 0 0 0 0 0 0
75900 -149.05 -4.13781 100 57 0 0 0 0 0 0 0 0 0 -1.49459 100 30 -0.829417 100 31 0 0 0 0 0 0 0 0
76000 -148.644 -1.55544 100 58 0 0 0 0 0 0 0 0 0 -1.84095 100 27 -1.07318 100 28 0 0 0 0 0 0 0 0
76100 -150.779 -4.23506 100 51 0 0 0 0 0 0 0 0 0 -1.24419 100 35 -0.948945 100 36 0 0 0 0 0 0 0 0
76200 -149.757 -4.20227 100 52 0 0 0 0 0 0 0 0 0 -1.91485 100 33 -0.567816 100 27 0 0 0 0 0 0 0 0
76300 -148.101 -3.60967 100 55 0 0 0 0 0 0 0 0 0 -1.63557 100 23 -0.963158 100 31 0 0 0 0 0 0 0 0
76400 -153.054 -0.556687 100 60 0 0 0 0 0 0 0 0 0 -2.24728 100 43 0.0137508 100 26 0 0 0 0 0 0 0 0
76500 -148.518 -2.23354 100 50 0 0 0 0 0 0 0 0 0 -1.57893 100 23 -1.56218 100 28 0 0 0 0 0 0 0 0
76600 -148.943 -2.40395 100 54 0 0 0 0 0 0 0 0 0 -1.53348 100 41 -1.71792 100 28 0 0 0 0 0 0 0 0
76700 -148.279 -3.78843 100 61 0 0 0 0 0 0 0 0 0 -1.53193 100 22 -0.980201 100 34 0 0 0 0 0 0 0 0
76800 -149.52 -3.81183 100 50 0 0 0 0 0 0 0 0 0 -1.51423 100 35 -0.65124 100 20 0 0 0 0 0 0 0 0
76900 -150.105 -2.44637 100 59 0 0 0 0 0 0 0 0 0 -2.09909 100 26 -0.272587 100 32 0 0 0 0 0 0 0 0
77000 -148.124 -1.93637 100 49 0 0 0 0 0 0 0 0 0 -1.75441 100 30 -1.14841 100 30 0 0 0 0 0 0 0 0
77100 -148.47 -3.88392 100 56 0 0 0 0 0 0 0 0 0 -1.44494 100 40 -1.07717 100 20 0 0 0 0 0 0 0 0
77200 -149.318 -4.23423 100 58 0 0 0 0 0 0 0 0 0 -1.47213 100 24 -0.811717 100 32 0 0 0 0 0 0 0 0
77300 -148.28 -1.57508 100 63 0 0 0 0 0 0 0 0 0 -1.66206 100 26 -0.801335 100 35 0 0 0 0 0 0 0 0
77400 -148.314 -1.45805 100 46 0 0 0 0 0 0 0 0 0 -1.70167 100 33 -1.07445 100 26 0 0 0 0 0 0 0 0
77500 -147.835 -2.94495 100 43 0 0 0 0 0 0 0 0 0 -1.50643 100 28 -1.0153 100 34 0 0 0 0 0 0 0 0
77600 -148.317 -3.77841 100 57 0 0 0 0 0 0 0 0 0 -1.69357 100 23 -0.994416 100 33 0 0 0 0 0 0 0 0
77700 -148.16 -3.15833 100 55 0 0 0 0 0 0 0 0 0 -1.61498 100 26 -0.772491 100 31 0 0 0 0 0 0 0 0
77800 -149.109 -2.12607 100 50 0 0 0 0 0 0 0 0 0 -1.57816 100 35 -1.70725 100 20 0 0 0 0 0 0 0 0
77900 -148.018 -2.39453 100 60 0 0 0 0 0 0 0 0 0 -1.53291 100 35 -1.43027 100 33 0 0 0 0 0 0 0 0
78000 -148.637 -1.39055 100 64 0 0 0 0 0 0 0 0 0 -1.55279 100 35 -1.23002 100 24 0 0 0 0 0 0 0 0
78100 -149.952 -3.47009 100 42 0 0 0 0 0 0 0 0 0 -1.79376 100 24 -0.334964 100 25 0 0 0 0 0 0 0 0
78200 -147.895 -1.81067 100 57 0 0 0 0 0 0 0 0 0 -1.58352 100 30 -1.02679 100 33 0 0 0 0 0 0 0 0
78300 -149.915 -4.56178 100 56 0 0 0 0 0 0 0 0 0 -1.85632 100 37 -0.550888 100 30 0 0 0 0 0 0 0 0
78400 -148.301 -3.6315 100 56 0 0 0 0 0 0 0 0 0 -1.7165 100 28 -0.857057 100 34 0 0 0 0 0 0 0 0
78500 -147.867 -3.01736 100 49 0 0 0 0 0 0 0 0 0 -1.61095 100 36 -0.875398 100 32 0 0 0 0 0 0 0 0
78600 -148.374 -2.04301 100 52 0 0 0 0 0 0 0 0 0 -1.37759 100 33 -1.30893 100 41 0 0 0 0 0 0 0 0
78700 -149.461 -1.30975 100 66 0 0 0 0 0 0 0 0 0 -1.47466 100 28 -0.910863 100 24 0 0 0 0 0 0 0 0
78800 -149.491 -2.12095 100 58 0 0 0 0 0 0 0 0 0 -1.81342 100 38 -1.48575 100 26 0 0 0 0 0 0 0 0
78900 -149.316 -4.30348 100 60 0 0 0 0 0 0 0 0 0 -1.83234 100 31 -0.954678 100 28 0 0 0 0 0 0 0 0
79000 -148.822 -2.20098 100 48 0 0 0 0 0 0 0 0 0 -1.42118 100 33 -1.6893 100 32 0 0 0 0 0 0 0 0
79100 -147.775 -2.45984 100 45 0 0 0 0 0 0 0 0 0 -1.47114 100 31 -1.22418 100 24 0 0 0 0 0 0 0 0
79200 -148.717 -4.41569 100 59 0 0 0 0 0 0 0 0 0 -1.48391 100 34 -1.19091 100 33 0 0 0 0 0 0 0 0
79300 -152.632 -0.577296 100 60 0 0 0 0 0 0 0 0 0 -2.08522 100 28 -1.20575 100 25 0 0 0 0 0 0 0 0
79400 -148.303 -3.93379 100 57 0 0 0 0 0 0 0 0 0 -1.53865 100 40 -1.20162 100 29 0 0 0 0 0 0 0 0
79500 -149.449 -1.84291 100 56 0 0 0 0 0 0 0 0 0 -1.88774 100 28 -0.319299 100 31 0 0 0 0 0 0 0 0
79600 -148.728 -2.37525 100 52 0 0 0 0 0 0 0 0 0 -1.95626 100 41 -0.807088 100 34 0 0 0 0 0 0 0 0
79700 -148.199 -3.37826 100 55 0 0 0 0 0 0 0 0 0 -1.72319 100 27 -0.801235 100 38 0 0 0 0 0 0 0 0
79800 -150.067 -2.25264 100 52 0 0 0 0 0 0 0 0 0 -1.68723 100 31 -1.80585 100 33 0 0 0 0 0 0 0 0
79900 -150 -4.93749 100 62 0 0 0 0 0 0 0 0 0 -1.27476 100 24 -1.44316 100 31 0 0 0 0 0 0 0 0
80000 -149.29 -4.31588 100 68 0 0 0 0 0 0 0 0 0 -1.46455 100 35 -0.846683 100 31 0 0 0 0 0 0 0 0
80100 -149.576 -1.54183 100 57 0 0 0 0 0 0 0 0 0 -1.45743 100 41 -1.69581 100 30 0 0 0 0 0 0 0 0
80200 -153.051 -1.49947 100 52 0 0 0 0 0 0 0 0 0 -1.1908 100 30 -0.868788 100 32 0 0 0 0 0 0 0 0
80300 -149.24 -1.96302 100 49 0 0 0 0 0 0 0 0 0 -1.76135 100 29 -1.50395 100 26 0 0 0 0 0 0 0 0
80400 -148.561 -1.75748 100 56 0 0 0 0 0 0 0 0 0 -1.68134 100 37 -1.39056 100 32 0 0 0 0 0 0 0 0
80500 -148.119 -1.73999 100 62 0 0 0 0 0 0 0 0 0 -1.52536 100 27 -1.04326 100 32 0 0 0 0 0 0 0 0
80600 -147.966 -3.19087 100 60 0 0 0 0 0 0 0 0 0 -1.58846 100 26 -1.27631 100 29 0 0 0 0 0 0 0 0
80700 -148.778 -4.19546 100 56 0 0 0 0 0 0 0 0 0 -1.73753 100 29 -0.890608 100 34 0 0 0 0 0 0 0 0
80800 -148.038 -2.80585 100 59 0 0 0 0 0 0 0 0 0 -1.45002 100 34 -1.43087 100 36 0 0 0 0 0 0 0 0
80900 -148.602 -4.21456 100 43 0 0 0 0 0 0 0 0 0 -1.46993 100 29 -1.27037 100 38 0 0 0 0 0 0 0 0
81000 -149.347 -2.55286 100 55 0 0 0 0 0 0 0 0 0 -1.55112 100 30 -0.547965 100 36 0 0 0 0 0 0 0 0
81100 -149.616 -3.49346 100 54 0 0 0 0 0 0 0 0 0 -1.29262 100 34 -1.82607 100 30 0 0 0 0 0 0 0 0
81200 -149.79 -1.50462 100 57 0 0 0 0 0 0 0 0 0 -1.71006 100 34 -1.61247 100 31 0 0 0 0 0 0 0 0
81300 -148.404 -1.41132 100 53 0 0 0 0 0 0 0 0 0 -1.77094 100 29 -0.947982 100 28 0 0 0 0 0 0 0 0
81400 -148.876 -4.40192 100 65 0 0 0 0 0 0 0 0 0 -1.62376 100 35 -1.24858 100 32 0 0 0 0 0 0 0 0
81500 -149.175 -4.59641 100 56 0 0 0 0 0 0 0 0 0 -1.7526 100 30 -0.904845 100 35 0 0 0 0 0 0 0 0
81600 -150.515 -2.75833 100 64 0 0 0 0 0 0 0 0 0 -1.36388 100 28 -0.653748 100 30 0 0 0 0 0 0 0 0
81700 -149.342 -2.61531 100 53 0 0 0 0 0 0 0 0 0 -1.35226 100 32 -0.851984 100 26 0 0 0 0 0 0 0 0
81800 -149.765 -3.40861 100 44 0 0 0 0 0 0 0 0 0 -1.27836 100 30 -1.86879 100 38 0 0 0 0 0 0 0 0
81900 -148.048 -2.14858 100 57 0 0 0 0 0 0 0 0 0 -1.76083 100 27 -1.12897 100 27 0 0 0 0 0 0 0 0
82000 -147.8 -1.96199 100 58 0 0 0 0 0 0 0 0 0 -1.70845 100 33 -1.01055 100 24 0 0 0 0 0 0 0 0
82100 -148.05 -2.40071 100 56 0 0 0 0 0 0 0 0 0 -1.41215 100 26 -1.36618 100 24 0 0 0 0 0 0 0 0
82200 -147.816 -2.05844 100 61 0 0 0 0 0 0 0 0 0 -1.53106 100 25 -1.0367 100 32 0 0 0 0 0 0 0 0
82300 -149.323 -3.42102 100 48 0 0 0 0 0 0 0 0 0 -1.27851 100 28 -1.72109 100 33 0 0 0 0 0 0 0 0
82400 -149.142 -1.73725 100 63 0 0 0 0 0 0 0 0 0 -1.34634 100 30 -1.52091 100 30 0 0 0 0 0 0 0 0
82500 -149.397 -2.65203 100 61 0 0 0 0 0 0 0 0 0 -1.97227 100 30 -1.05102 100 36 0 0 0 0 0 0 0 0
82600 -149.195 -4.07652 100 57 0 0 0 0 0 0 0 0 0 -1.5162 100 37 -0.752707 100 30 0 0 0 0 0 0 0 0
82700 -148.472 -1.98658 100 54 0 0 0 0 0 0 0 0 0 -1.36979 100 42 -1.29581 100 39 0 0 0 0 0 0 0 0
82800 -148.751 -2.03652 100 49 0 0 0 0 0 0 0 0 0 -1.32023 100 25 -1.36792 100 31 0 0 0 0 0 0 0 0
82900 -148.081 -3.03816 100 55 0 0 0 0 0 0 0 0 0 -1.40783 100 29 -1.15308 100 34 0 0 0 0 0 0 0 0
83000 -149.714 -1.72872 100 51 0 0 0 0 0 0 0 0 0 -1.35482 100 30 -0.913649 100 21 0 0 0 0 0 0 0 0
83100 -150.159 -2.49933 100 57 0 0 0 0 0 0 0 0 0 -1.18786 100 31 -1.86459 100 38 0 0 0 0 0 0 0 0
83200 -148.406 -3.69371 100 57 0 0 0 0 0 0 0 0 0 -1.71933 100 35 -0.805906 100 42 0 0 0 0 0 0 0 0
83300 -151.049 -2.68223 100 57 0 0 0 0 0 0 0 0 0 -1.36864 100 27 -2.219 100 31 0 0 0 0 0 0 0 0
83400 -148.474 -2.21539 100 62 0 0 0 0 0 0 0 0 0 -1.3993 100 34 -1.55225 100 30 0 0 0 0 0 0 0 0
83500 -148.459 -2.83418 100 62 0 0 0 0 0 0 0 0 0 -1.75445 100 29 -0.577802 100 35 0 0 0 0 0 0 0 0
83600 -147.951 -3.07163 100 46 0 0 0 0 0 0 0 0 0 -1.72514 100 29 -0.992172 100 27 0 0 0 0 0 0 0 0
83700 -147.958 -2.46116 100 48 0 0 0 0 0 0 0 0 0 -1.8008 100 27 -0.855689 100 30 0 0 0 0 0 0 0 0
83800 -147.865 -2.61135 100 57 0 0 0 0 0 0 0 0 0 -1.5015 100 38 -0.968657 100 30 0 0 0 0 0 0 0 0
83900 -150.038 -4.7006 100 58 0 0 0 0 0 0 0 0 0 -1.68331 100 30 -1.48308 100 36 0 0 0 0 0 0 0 0
84000 -148.122 -2.87681 100 57 0 0 0 0 0 0 0 0 0 -1.78771 100 27 -0.743997 100 26 0 0 0 0 0 0 0 0
84100 -147.835 -2.24039 100 57 0 0 0 0 0 0 0 0 0 -1.64604 100 28 -0.807458 100 35 0 0 0 0 0 0 0 0
84200 -148.248 -2.01621 100 58 0 0 0 0 0 0 0 0 0 -1.48891 100 31 -0.910817 100 27 0 0 0 0 0 0 0 0
84300 -149.513 -1.39769 100 47 0 0 0 0 0 0 0 0 0 -1.90357 100 30 -0.375371 100 32 0 0 0 0 0 0 0 0
84400 -149.243 -3.02578 100 62 0 0 0 0 0 0 0 0 0 -1.51977 100 36 -0.616438 100 25 0 0 0 0 0 0 0 0
84500 -148.426 -1.38302 100 60 0 0 0 0 0 0 0 0 0 -1.75399 100 45 -0.970153 100 29 0 0 0 0 0 0 0 0
84600 -148.356 -3.68721 100 59 0 0 0 0 0 0 0 0 0 -1.41458 100 21 -1.32019 100 32 0 0 0 0 0 0 0 0
84700 -147.86 -2.19552 100 58 0 0 0 0 0 0 0 0 0 -1.58679 100 34 -1.30551 100 23 0 0 0 0 0 0 0 0
84800 -148.864 -3.3311 100 54 0 0 0 0 0 0 0 0 0 -1.36229 100 25 -1.66082 100 27 0 0 0 0 0 0 0 0
84900 -148.764 -4.03399 100 48 0 0 0 0 0 0 0 0 0 -1.65373 100 32 -0.7469 100 35 0 0 0 0 0 0 0 0
85000 -150.35 -1.05665 100 55 0 0 0 0 0 0 0 0 0 -1.43006 100 33 -1.43298 100 29 0 0 0 0 0 0 0 0
85100 -150.066 -1.30172 100 51 0 0 0 0 0 0 0 0 0 -1.3515 100 31 -1.15277 100 33 0 0 0 0 0 0 0 0
85200 -148.406 -4.04804 100 61 0 0 0 0 0 0 0 0 0 -1.50508 100 33 -1.21519 100 32 0 0 0 0 0 0 0 0
85300 -151.649 -6.28007 100 47 0 0 0 0 0 0 0 0 0 -1.83009 100 30 -0.502732 100 29 0 0 0 0 0 0 0 0
85400 -148.781 -1.51533 100 44 0 0 0 0 0 0 0 0 0 -1.49972 100 35 -0.926603 100 36 0 0 0 0 0 0 0 0
85500 -150.034 -3.33145 100 62 0 0 0 0 0 0 0 0 0 -1.31141 100 33 -1.97044 100 31 0 0 0 0 0 0 0 0
85600 -148.079 -3.03121 100 65 0 0 0 0 0 0 0 0 0 -1.43357 100 30 -1.059 100 32 0 0 0 0 0 0 0 0
85700 -148.242 -3.64518 100 56 0 0 0 0 0 0 0 0 0 -1.62336 100 28 -0.861509 100 32 0 0 0 0 0 0 0 0
85800 -149.775 -3.10893 100 60 0 0 0 0 0 0 0 0 0 -2.04323 100 29 -0.81348 100 28 0 0 0 0 0 0 0 0
85900 -148.409 -2.46182 100 52 0 0 0 0 0 0 0 0 0 -1.39549 100 30 -1.56298 100 33 0 0 0 0 0 0 0 0
86000 -151.228 -2.79354 100 61 0 0 0 0 0 0 0 0 0 -1.91539 100 28 -1.62183 100 42 0 0 0 0 0 0 0 0
86100 -150.624 -4.10758 100 56 0 0 0 0 0 0 0 0 0 -1.85119 100 27 -1.43756 100 33 0 0 0 0 0 0 0 0
86200 -148.047 -2.8106 100 62 0 0 0 0 0 0 0 0 0 -1.79376 100 31 -0.915959 100 19 0 0 0 0 0 0 0 0
86300 -148.337 -1.57269 100 56 0 0 0 0 0 0 0 0 0 -1.5692 100 32 -0.924266 100 31 0 0 0 0 0 0 0 0
86400 -147.683 -2.0935 100 52 0 0 0 0 0 0 0 0 0 -1.58194 100 31 -1.0681 100 23 0 0 0 0 0 0 0 0
86500 -148.977 -4.58827 100 60 0 0 0 0 0 0 0 0 0 -1.58819 100 30 -1.26707 100 27 0 0 0 0 0 0 0 0
86600 -150.197 -4.62073 100 66 0 0 0 0 0 0 0 0 0 -1.44305 100 29 -0.738411 100 31 0 0 0 0 0 0 0 0
86700 -148.025 -2.98598 100 55 0 0 0 0 0 0 0 0 0 -1.46348 100 32 -1.40582 100 34 0 0 0 0 0 0 0 0
86800 -148.421 -3.84799 100 56 0 0 0 0 0 0 0 0 0 -1.52959 100 31 -1.35256 100 28 0 0 0 0 0 0 0 0
86900 -148.357 -3.14325 100 47 0 0 0 0 0 0 0 0 0 -1.41358 100 33 -1.5213 100 25 0 0 0 0 0 0 0 0
87000 -150.234 -1.33238 100 54 0 0 0 0 0 0 0 0 0 -2.154 100 26 -0.46852 100 22 0 0 0 0 0 0 0 0
87100 -147.755 -2.84249 100 62 0 0 0 0 0 0 0 0 0 -1.54408 100 36 -1.26137 100 27 0 0 0 0 0 0 0 0
87200 -148.517 -3.74839 100 50 0 0 0 0 0 0 0 0 0 -1.40213 100 33 -1.41409 100 26 0 0 0 0 0 0 0 0
87300 -149.019 -1.66663 100 60 0 0 0 0 0 0 0 0 0 -1.75219 100 32 -0.480782 100 27 0 0 0 0 0 0 0 0
87400 -147.806 -2.77055 100 55 0 0 0 0 0 0 0 0 0 -1.5047 100 39 -1.31309 100 25 0 0 0 0 0 0 0 0
87500 -152.55 -2.14075 100 52 0 0 0 0 0 0 0 0 0 -2.37208 100 34 -0.622833 100 25 0 0 0 0 0 0 0 0
87600 -148.284 -1.72557 100 51 0 0 0 0 0 0 0 0 0 -1.53077 100 44 -1.34998 100 28 0 0 0 0 0 0 0 0
87700 -147.777 -3.07984 100 47 0 0 0 0 0 0 0 0 0 -1.52564 100 27 -1.18544 100 20 0 0 0 0 0 0 0 0
87800 -148.956 -1.73064 100 57 0 0 0 0 0 0 0 0 0 -1.72837 100 30 -0.498175 100 32 0 0 0 0 0 0 0 0
87900 -149.015 -2.11203 100 58 0 0 0 0 0 0 0 0 0 -1.73117 100 34 -1.50706 100 34 0 0 0 0 0 0 0 0
88000 -151.666 -2.81185 100 59 0 0 0 0 0 0 0 0 0 -2.20445 100 39 -0.93875 100 34 0 0 0 0 0 0 0 0
88100 -147.777 -2.7073 100 57 0 0 0 0 0 0 0 0 0 -1.67061 100 22 -0.844332 100 32 0 0 0 0 0 0 0 0
88200 -150.437 -2.1617 100 55 0 0 0 0 0 0 0 0 0 -2.06367 100 39 -0.142953 100 34 0 0 0 0 0 0 0 0
88300 -148.412 -4.09446 100 58 0 0 0 0 0 0 0 0 0 -1.59402 100 38 -1.10396 100 35 0 0 0 0 0 0 0 0
88400 -148.999 -3.88189 100 54 0 0 0 0 0 0 0 0 0 -1.53634 100 30 -0.740464 100 30 0 0 0 0 0 0 0 0
88500 -149.83 -4.63179 100 49 0 0 0 0 0 0 0 0 0 -1.8875 100 33 -0.767035 100 24 0 0 0 0 0 0 0 0
88600 -148.488 -4.07483 100 52 0 0 0 0 0 0 0 0 0 -1.47196 100 38 -1.11315 100 43 0 0 0 0 0 0 0 0
88700 -147.94 -3.11905 100 56 0 0 0 0 0 0 0 0 0 -1.51418 100 35 -0.974374 100 23 0 0 0 0 0 0 0 0
88800 -149.409 -4.61059 100 56 0 0 0 0 0 0 0 0 0 -1.71387 100 34 -0.682192 100 39 0 0 0 0 0 0 0 0
88900 -147.665 -2.6324 100 62 0 0 0 0 0 0 0 0 0 -1.56307 100 26 -1.20991 100 24 0 0 0 0 0 0 0 0
89000 -149.505 -2.13892 100 55 0 0 0 0 0 0 0 0 0 -1.83968 100 32 -1.44018 100 29 0 0 0 0 0 0 0 0
89100 -148.373 -3.26777 100 55 0 0 0 0 0 0 0 0 0 -1.62064 100 37 -1.40174 100 34 0 0 0 0 0 0 0 0
89200 -149.156 -4.89143 100 55 0 0 0 0 0 0 0 0 0 -1.52947 100 35 -1.25935 100 28 0 0 0 0 0 0 0 0
89300 -149.492 -3.70684 100 53 0 0 0 0 0 0 0 0 0 -1.73994 100 27 -0.464461 100 30 0 0 0 0 0 0 0 0
89400 -150.887 -2.30799 100 54 0 0 0 0 0 0 0 0 0 -1.38513 100 27 -2.17196 100 33 0 0 0 0 0 0 0 0
89500 -149.791 -1.53612 100 62 0 0 0 0 0 0 0 0 0 -1.3051 100 31 -1.22273 100 29 0 0 0 0 0 0 0 0
89600 -148.447 -2.93579 100 57 0 0 0 0 0 0 0 0 0 -1.37757 100 32 -1.0308 100 33 0 0 0 0 0 0 0 0
89700 -150.15 -0.774864 100 57 0 0 0 0 0 0 0 0 0 -1.81849 100 27 -0.620248 100 30 0 0 0 0 0 0 0 0
89800 -150.919 -2.67514 100 52 0 0 0 0 0 0 0 0 0 -1.92615 100 31 -1.54917 100 38 0 0 0 0 0 0 0 0
89900 -148.659 -3.95687 100 58 0 0 0 0 0 0 0 0 0 -1.4288 100 28 -1.03683 100 24 0 0 0 0 0 0 0 0
90000 -148.181 -1.63279 100 59 0 0 0 0 0 0 0 0 0 -1.61816 100 35 -1.22446 100 39 0 0 0 0 0 0 0 0
90100 -147.628 -2.32838 100 63 0 0 0 0 0 0 0 0 0 -1.55732 100 29 -1.08587 100 27 0 0 0 0 0 0 0 0
90200 -148.303 -1.90484 100 53 0 0 0 0 0 0 0 0 0 -1.87928 100 27 -0.769658 100 37 0 0 0 0 0 0 0 0
90300 -148.341 -4.00754 100 64 0 0 0 0 0 0 0 0 0 -1.59507 100 23 -1.09288 100 31 0 0 0 0 0 0 0 0
90400 -149.577 -2.28334 100 60 0 0 0 0 0 0 0 0 0 -2.00606 100 33 -1.04559 100 28 0 0 0 0 0 0 0 0
90500 -149.435 -3.62937 100 51 0 0 0 0 0 0 0 0 0 -1.70206 100 26 -1.52703 100 19 0 0 0 0 0 0 0 0
90600 -149.055 -1.90614 100 54 0 0 0 0 0 0 0 0 0 -1.75186 100 32 -1.46538 100 32 0 0 0 0 0 0 0 0
90700 -149.081 -3.65121 100 50 0 0 0 0 0 0 0 0 0 -1.34003 100 33 -1.01799 100 26 0 0 0 0 0 0 0 0
90800 -147.9 -3.25101 100 59 0 0 0 0 0 0 0 0 0 -1.49042 100 35 -1.20908 100 31 0 0 0 0 0 0 0 0
90900 -149.213 -3.31164 100 53 0 0 0 0 0 0 0 0 0 -1.49728 100 28 -1.75446 100 25 0 0 0 0 0 0 0 0
91000 -148.053 -2.9088 100 54 0 0 0 0 0 0 0 0 0 -1.46975 100 27 -0.966002 100 34 0 0 0 0 0 0 0 0
91100 -150.801 -1.32479 100 54 0 0 0 0 0 0 0 0 0 -1.69225 100 30 -1.78483 100 37 0 0 0 0 0 0 0 0
91200 -151.175 -4.28829 100 59 0 0 0 0 0 0 0 0 0 -1.32299 100 30 -0.735989 100 36 0 0 0 0 0 0 0 0
91300 -151.374 -1.53219 100 53 0 0 0 0 0 0 0 0 0 -1.64365 100 31 -2.00111 100 31 0 0 0 0 0 0 0 0
91400 -149.06 -1.15086 100 63 0 0 0 0 0 0 0 0 0 -1.67365 100 26 -0.78846 100 28 0 0 0 0 0 0 0 0
91500 -149.617 -4.5536 100 61 0 0 0 0 0 0 0 0 0 -1.54723 100 33 -0.711791 100 38 0 0 0 0 0 0 0 0
91600 -148.871 -2.05002 100 57 0 0 0 0 0 0 0 0 0 -1.62154 100 28 -0.567011 100 30 0 0 0 0 0 0 0 0
91700 -150.616 -2.98514 100 48 0 0 0 0 0 0 0 0 0 -2.06031 100 36 -1.09942 100 22 0 0 0 0 0 0 0 0
91800 -149.428 -4.56494 100 50 0 0 0 0 0 0 0 0 0 -1.45493 100 29 -1.57132 100 37 0 0 0 0 0 0 0 0
91900 -151.799 -2.8103 100 50 0 0 0 0 0 0 0 0 0 -2.20654 100 36 -0.96924 100 29 0 0 0 0 0 0 0 0
92000 -148.41 -1.9766 100 50 0 0 0 0 0 0 0 0 0 -1.42465 100 27 -1.46593 100 29 0 0 0 0 0 0 0 0
92100 -148.071 -3.36188 100 56 0 0 0 0 0 0 0 0 0 -1.43795 100 30 -1.21586 100 25 0 0 0 0 0 0 0 0
92200 -149.852 -5.0473 100 56 0 0 0 0 0 0 0 0 0 -1.32172 100 29 -1.43958 100 24 0 0 0 0 0 0 0 0
92300 -151.994 -6.89624 100 57 0 0 0 0 0 0 0 0 0 -1.38857 100 30 -1.6986 100 31 0 0 0 0 0 0 0 0
92400 -148.873 -2.15809 100 57 0 0 0 0 0 0 0 0 0 -1.28999 100 34 -1.31845 100 31 0 0 0 0 0 0 0 0
92500 -149.038 -1.79556 100 53 0 0 0 0 0 0 0 0 0 -1.89161 100 32 -0.415186 100 36 0 0 0 0 0 0 0 0
92600 -149.034 -2.63024 100 52 0 0 0 0 0 0 0 0 0 -1.7652 100 37 -1.45036 100 29 0 0 0 0 0 0 0 0
92700 -149.224 -3.91499 100 58 0 0 0 0 0 0 0 0 0 -1.76168 100 30 -1.28806 100 33 0 0 0 0 0 0 0 0
92800 -150.451 -4.54524 100 60 0 0 0 0 0 0 0 0 0 -1.99693 100 39 -0.644094 100 31 0 0 0 0 0 0 0 0
92900 -150.206 -0.770419 100 68 0 0 0 0 0 0 0 0 0 -1.78884 100 38 -0.632309 100 36 0 0 0 0 0 0 0 0
93000 -147.884 -2.92654 100 57 0 0 0 0 0 0 0 0 0 -1.72467 100 27 -0.874126 100 28 0 0 0 0 0 0 0 0
93100 -148.718 -3.5308 100 66 0 0 0 0 0 0 0 0 0 -1.48889 100 27 -1.58395 100 34 0 0 0 0 0 0 0 0
93200 -153.853 -0.603894 100 62 0 0 0 0 0 0 0 0 0 -2.07804 100 28 -1.49 100 31 0 0 0 0 0 0 0 0
93300 -154.714 -3.11074 100 60 0 0 0 0 0 0 0 0 0 -1.84961 100 26 0.176547 100 25 0 0 0 0 0 0 0 0
93400 -147.864 -1.90968 100 57 0 0 0 0 0 0 0 0 0 -1.58177 100 32 -0.961468 100 29 0 0 0 0 0 0 0 0
93500 -148.873 -3.35347 100 50 0 0 0 0 0 0 0 0 0 -1.55069 100 27 -1.61988 100 33 0 0 0 0 0 0 0 0
93600 -148.344 -3.12416 100 59 0 0 0 0 0 0 0 0 0 -1.47217 100 22 -1.5311 100 23 0 0 0 0 0 0 0 0
93700 -149.429 -4.66917 100 63 0 0 0 0 0 0 0 0 0 -1.65056 100 18 -0.706319 100 28 0 0 0 0 0 0 0 0
93800 -150.668 -4.27526 100 56 0 0 0 0 0 0 0 0 0 -1.86006 100 36 -1.3933 100 36 0 0 0 0 0 0 0 0
93900 -148.511 -4.07742 100 67 0 0 0 0 0 0 0 0 0 -1.48535 100 25 -1.30455 100 36 0 0 0 0 0 0 0 0
94000 -148.828 -2.30625 100 53 0 0 0 0 0 0 0 0 0 -1.35751 100 39 -0.980558 100 24 0 0 0 0 0 0 0 0
94100 -148.184 -1.71057 100 62 0 0 0 0 0 0 0 0 0 -1.52646 100 35 -1.26262 100 27 0 0 0 0 0 0 0 0
94200 -148.035 -3.12905 100 56 0 0 0 0 0 0 0 0 0 -1.73792 100 31 -0.841208 100 25 0 0 0 0 0 0 0 0
94300 -148.055 -2.22719 100 49 0 0 0 0 0 0 0 0 0 -1.58863 100 38 -1.3984 100 29 0 0 0 0 0 0 0 0
94400 -148.543 -1.40595 100 60 0 0 0 0 0 0 0 0 0 -1.55229 100 31 -1.11217 100 30 0 0 0 0 0 0 0 0
94500 -148.419 -2.56898 100 56 0 0 0 0 0 0 0 0 0 -1.89494 100 24 -0.83469 100 32 0 0 0 0 0 0 0 0
94600 -148.505 -2.63621 100 57 0 0 0 0 0 0 0 0 0 -1.86117 100 37 -1.04613 100 36 0 0 0 0 0 0 0 0
94700 -149.406 -2.3605 100 51 0 0 0 0 0 0 0 0 0 -1.35149 100 31 -0.854212 100 33 0 0 0 0 0 0 0 0
94800 -149.855 -2.91422 100 48 0 0 0 0 0 0 0 0 0 -1.90844 100 29 -0.271226 100 27 0 0 0 0 0 0 0 0
94900 -153.139 -0.938612 100 50 0 0 0 0 0 0 0 0 0 -1.61552 100 26 -2.08014 100 39 0 0 0 0 0 0 0 0
95000 -147.8 -2.67581 100 66 0 0 0 0 0 0 0 0 0 -1.45786 100 30 -1.22015 100 23 0 0 0 0 0 0 0 0
95100 -148.174 -2.53438 100 52 0 0 0 0 0 0 0 0 0 -1.38485 100 26 -1.42153 100 24 0 0 0 0 0 0 0 0
95200 -148.203 -2.17811 100 55 0 0 0 0 0 0 0 0 0 -1.80779 100 23 -1.09087 100 30 0 0 0 0 0 0 0 0
95300 -149.271 -1.15661 100 55 0 0 0 0 0 0 0 0 0 -1.56937 100 32 -1.29816 100 32 0 0 0 0 0 0 0 0
95400 -147.699 -2.94137 100 60 0 0 0 0 0 0 0 0 0 -1.61812 100 25 -1.00793 100 39 0 0 0 0 0 0 0 0
95500 -149.362 -1.11668 100 51 0 0 0 0 0 0 0 0 0 -1.53841 100 28 -1.04451 100 30 0 0 0 0 0 0 0 0
95600 -147.715 -2.30406 100 57 0 0 0 0 0 0 0 0 0 -1.69078 100 32 -0.866689 100 26 0 0 0 0 0 0 0 0
95700 -148.693 -2.84616 100 47 0 0 0 0 0 0 0 0 0 -1.41027 100 31 -0.877459 100 31 0 0 0 0 0 0 0 0
95800 -148.711 -1.6376 100 56 0 0 0 0 0 0 0 0 0 -1.73954 100 38 -0.566471 100 33 0 0 0 0 0 0 0 0
95900 -150.216 -3.08575 100 58 0 0 0 0 0 0 0 0 0 -1.91681 100 27 -0.225903 100 30 0 0 0 0 0 0 0 0
96000 -148.705 -1.43835 100 56 0 0 0 0 0 0 0 0 0 -1.60649 100 37 -0.78801 100 26 0 0 0 0 0 0 0 0
96100 -149.859 -4.87317 100 56 0 0 0 0 0 0 0 0 0 -1.52966 100 22 -0.740132 100 37 0 0 0 0 0 0 0 0
96200 -148.481 -3.81645 100 52 0 0 0 0 0 0 0 0 0 -1.52733 100 28 -1.39664 100 34 0 0 0 0 0 0 0 0
96300 -149.12 -1.37634 100 54 0 0 0 0 0 0 0 0 0 -1.97742 100 41 -0.630695 100 31 0 0 0 0 0 0 0 0
96400 -149.494 -1.72901 100 55 0 0 0 0 0 0 0 0 0 -2.04146 100 28 -0.387951 100 29 0 0 0 0 0 0 0 0
96500 -150.551 -3.85466 100 60 0 0 0 0 0 0 0 0 0 -1.13511 100 26 -1.31794 100 29 0 0 0 0 0 0 0 0
96600 -148.588 -2.54647 100 53 0 0 0 0 0 0 0 0 0 -1.29853 100 36 -1.37472 100 26 0 0 0 0 0 0 0 0
96700 -147.749 -1.96689 100 63 0 0 0 0 0 0 0 0 0 -1.59336 100 27 -1.04067 100 43 0 0 0 0 0 0 0 0
96800 -149.282 -1.52157 100 62 0 0 0 0 0 0 0 0 0 -1.41651 100 31 -1.5473 100 31 0 0 0 0 0 0 0 0
96900 -150.105 -4.69724 100 65 0 0 0 0 0 0 0 0 0 -1.84238 100 29 -0.517067 100 20 0 0 0 0 0 0 0 0
97000 -147.704 -2.6585 100 52 0 0 0 0 0 0 0 0 0 -1.68841 100 29 -0.924776 100 34 0 0 0 0 0 0 0 0
97100 -147.633 -2.47421 100 40 0 0 0 0 0 0 0 0 0 -1.64281 100 26 -1.09684 100 26 0 0 0 0 0 0 0 0
97200 -148.452 -3.63941 100 52 0 0 0 0 0 0 0 0 0 -1.40503 100 31 -1.09932 100 33 0 0 0 0 0 0 0 0
97300 -150.072 -2.58008 100 55 0 0 0 0 0 0 0 0 0 -1.13865 100 32 -1.46042 100 23 0 0 0 0 0 0 0 0
97400 -148.934 -2.97945 100 56 0 0 0 0 0 0 0 0 0 -1.25195 100 37 -1.34377 100 37 0 0 0 0 0 0 0 0
97500 -149.49 -3.50206 100 56 0 0 0 0 0 0 0 0 0 -1.50375 100 38 -1.79141 100 29 0 0 0 0 0 0 0 0
97600 -148.036 -2.03183 100 58 0 0 0 0 0 0 0 0 0 -1.6619 100 33 -1.28415 100 33 0 0 0 0 0 0 0 0
97700 -154.026 0.0282665 100 57 0 0 0 0 0 0 0 0 0 -2.13186 100 28 -0.524742 100 32 0 0 0 0 0 0 0 0
97800 -148.092 -1.69469 100 52 0 0 0 0 0 0 0 0 0 -1.71045 100 26 -1.1152 100 24 0 0 0 0 0 0 0 0
97900 -148.125 -2.28164 100 53 0 0 0 0 0 0 0 0 0 -1.49534 100 22 -1.46971 100 27 0 0 0 0 0 0 0 0
98000 -150.278 -0.917681 100 63 0 0 0 0 0 0 0 0 0 -2.03626 100 32 -0.42574 100 37 0 0 0 0 0 0 0 0
98100 -149.419 -4.81493 100 54 0 0 0 0 0 0 0 0 0 -1.75386 100 25 -1.00476 100 27 0 0 0 0 0 0 0 0
98200 -150.652 -5.65201 100 41 0 0 0 0 0 0 0 0 0 -1.50612 100 27 -1.6208 100 28 0 0 0 0 0 0 0 0
98300 -148.245 -3.39327 100 57 0 0 0 0 0 0 0 0 0 -1.60106 100 26 -0.799494 100 25 0 0 0 0 0 0 0 0
98400 -149.003 -2.11577 100 53 0 0 0 0 0 0 0 0 0 -1.87815 100 30 -0.401393 100 28 0 0 0 0 0 0 0 0
98500 -149.316 -2.92931 100 64 0 0 0 0 0 0 0 0 0 -2.01743 100 27 -0.650261 100 31 0 0 0 0 0 0 0 0
98600 -148.456 -2.99291 100 61 0 0 0 0 0 0 0 0 0 -1.82515 100 36 -1.05859 100 31 0 0 0 0 0 0 0 0
98700 -148.323 -3.7029 100 55 0 0 0 0 0 0 0 0 0 -1.49811 100 24 -0.972673 100 33 0 0 0 0 0 0 0 0
98800 -147.859 -1.92407 100 55 0 0 0 0 0 0 0 0 0 -1.56532 100 31 -0.993547 100 26 0 0 0 0 0 0 0 0
98900 -149.069 -3.54375 100 56 0 0 0 0 0 0 0 0 0 -1.9153 100 31 -0.748512 100 29 0 0 0 0 0 0 0 0
99000 -147.897 -3.17036 100 60 0 0 0 0 0 0 0 0 0 -1.53689 100 35 -1.27867 100 28 0 0 0 0 0 0 0 0
99100 -148.902 -3.54954 100 62 0 0 0 0 0 0 0 0 0 -1.3688 100 24 -1.63735 100 30 0 0 0 0 0 0 0 0
99200 -150.241 -4.26802 100 51 0 0 0 0 0 0 0 0 0 -1.87672 100 36 -0.391654 100 34 0 0 0 0 0 0 0 0
99300 -149.995 -4.18849 100 64 0 0 0 0 0 0 0 0 0 -1.23895 100 32 -1.72529 100 38 0 0 0 0 0 0 0 0
99400 -149.852 -1.42081 100 52 0 0 0 0 0 0 0 0 0 -1.9551 100 27 -1.18903 100 36 0 0 0 0 0 0 0 0
99500 -147.67 -2.18744 100 59 0 0 0 0 0 0 0 0 0 -1.60393 100 30 -1.15017 100 28 0 0 0 0 0 0 0 0
99600 -149.929 -4.49119 100 52 0 0 0 0 0 0 0 0 0 -1.92598 100 33 -0.744813 100 32 0 0 0 0 0 0 0 0
99700 -148.244 -1.78505 100 50 0 0 0 0 0 0 0 0 0 -1.71192 100 36 -1.2389 100 25 0 0 0 0 0 0 0 0
99800 -148.238 -3.3828 100 53 0 0 0 0 0 0 0 0 0 -1.66487 100 32 -1.24661 100 23 0 0 0 0 0 0 0 0
99900 -149.385 -3.9828 100 62 0 0 0 0 0 0 0 0 0 -1.89781 100 33 -0.643191 100 29 0 0 0 0 0 0 0 0
100000 -148.674 -2.97965 100 53 0 0 0 0 0 0 0 0 0 -1.41477 100 37 -1.66334 100 30 0 0 0 0 0 0 0 0
