iteration logLik intercept1 intercept1_p intercept1_a pcov2 pcov2_p pcov2_a pcov3 pcov3_p pcov3_a pcov4 pcov4_p pcov4_a intercept2 intercept2_p intercept2_a intercept3 intercept3_p intercept3_a intercept4 intercept4_p intercept4_a pcov pcov_p pcov_a data_p data_a
0 -4.8059e+14 -4.82526 0 0 0 0 0 0 0 0 0 0 0 28.6093 0 0 -15.6238 0 0 0 0 0 0 0 0 0 0
100 -247.248 -6.14575 100 58 0 0 0 0 0 0 0 0 0 -2.50953 100 54 0.748891 100 45 0 0 0 0 0 0 0 0
200 -242.811 -4.49374 100 52 0 0 0 0 0 0 0 0 0 -2.0426 100 24 -0.0930591 100 17 0 0 0 0 0 0 0 0
300 -242.539 -4.58523 100 52 0 0 0 0 0 0 0 0 0 -2.06535 100 26 0.0184219 100 12 0 0 0 0 0 0 0 0
400 -241.481 -1.54338 100 49 0 0 0 0 0 0 0 0 0 -1.93593 100 26 0.23579 100 16 0 0 0 0 0 0 0 0
500 -241.064 -1.91534 100 53 0 0 0 0 0 0 0 0 0 -1.83614 100 31 0.00379199 100 24 0 0 0 0 0 0 0 0
600 -241.184 -1.67503 100 53 0 0 0 0 0 0 0 0 0 -1.92675 100 21 0.185964 100 11 0 0 0 0 0 0 0 0
700 -242.522 -1.03215 100 54 0 0 0 0 0 0 0 0 0 -1.94054 100 27 -0.199702 100 18 0 0 0 0 0 0 0 0
800 -242.014 -1.36948 100 51 0 0 0 0 0 0 0 0 0 -2.30919 100 26 0.483955 100 15 0 0 0 0 0 0 0 0
900 -240.739 -2.39814 100 54 0 0 0 0 0 0 0 0 0 -2.0357 100 14 0.211317 100 19 0 0 0 0 0 0 0 0
1000 -241.591 -1.96069 100 56 0 0 0 0 0 0 0 0 0 -2.27006 100 19 0.436285 100 18 0 0 0 0 0 0 0 0
1100 -241.408 -3.69498 100 57 0 0 0 0 0 0 0 0 0 -1.93767 100 29 0.122671 100 21 0 0 0 0 0 0 0 0
1200 -240.936 -2.76983 100 54 0 0 0 0 0 0 0 0 0 -2.0815 100 16 0.142709 100 15 0 0 0 0 0 0 0 0
1300 -246.289 -3.94981 100 51 0 0 0 0 0 0 0 0 0 -2.48594 100 28 0.928457 100 22 0 0 0 0 0 0 0 0
1400 -242.905 -2.2662 100 53 0 0 0 0 0 0 0 0 0 -2.06446 100 30 0.556651 100 17 0 0 0 0 0 0 0 0
1500 -240.996 -1.6367 100 52 0 0 0 0 0 0 0 0 0 -2.11127 100 23 0.294281 100 19 0 0 0 0 0 0 0 0
1600 -241.776 -4.21929 100 50 0 0 0 0 0 0 0 0 0 -1.90923 100 20 0.0105511 100 18 0 0 0 0 0 0 0 0
1700 -243.535 -0.810107 100 54 0 0 0 0 0 0 0 0 0 -2.31551 100 19 0.66995 100 15 0 0 0 0 0 0 0 0
1800 -241.273 -2.87713 100 58 0 0 0 0 0 0 0 0 0 -1.80599 100 22 0.0103849 100 17 0 0 0 0 0 0 0 0
1900 -246.42 -7.89049 100 52 0 0 0 0 0 0 0 0 0 -1.9946 100 22 -0.203997 100 22 0 0 0 0 0 0 0 0
2000 -240.668 -2.3811 100 56 0 0 0 0 0 0 0 0 0 -1.9738 100 13 0.0269346 100 21 0 0 0 0 0 0 0 0
2100 -241.43 -3.81749 100 54 0 0 0 0 0 0 0 0 0 -1.97766 100 23 0.0689449 100 20 0 0 0 0 0 0 0 0
2200 -241.477 -2.53064 100 60 0 0 0 0 0 0 0 0 0 -1.8083 100 20 -0.273724 100 21 0 0 0 0 0 0 0 0
2300 -244.829 -0.565214 100 57 0 0 0 0 0 0 0 0 0 -1.76301 100 24 -0.108189 100 25 0 0 0 0 0 0 0 0
2400 -241.739 -1.04672 100 57 0 0 0 0 0 0 0 0 0 -1.95983 100 34 0.125206 100 13 0 0 0 0 0 0 0 0
2500 -241.055 -1.61457 100 57 0 0 0 0 0 0 0 0 0 -1.88716 100 31 -0.0448484 100 23 0 0 0 0 0 0 0 0
2600 -241.168 -2.59175 100 47 0 0 0 0 0 0 0 0 0 -1.86401 100 35 -0.192263 100 18 0 0 0 0 0 0 0 0
2700 -240.866 -1.83438 100 48 0 0 0 0 0 0 0 0 0 -2.03389 100 20 0.0260797 100 9 0 0 0 0 0 0 0 0
2800 -244.457 -3.31004 100 56 0 0 0 0 0 0 0 0 0 -1.58407 100 26 -0.00460146 100 19 0 0 0 0 0 0 0 0
2900 -243.477 -3.94825 100 54 0 0 0 0 0 0 0 0 0 -2.26561 100 29 0.610949 100 24 0 0 0 0 0 0 0 0
3000 -240.745 -1.74304 100 51 0 0 0 0 0 0 0 0 0 -1.97563 100 27 0.0892276 100 16 0 0 0 0 0 0 0 0
3100 -242.308 -3.69743 100 53 0 0 0 0 0 0 0 0 0 -2.13727 100 26 0.447288 100 15 0 0 0 0 0 0 0 0
3200 -242.338 -4.37815 100 50 0 0 0 0 0 0 0 0 0 -2.01056 100 28 -0.0630898 100 14 0 0 0 0 0 0 0 0
3300 -241.263 -2.42125 100 59 0 0 0 0 0 0 0 0 0 -1.94475 100 27 -0.173217 100 27 0 0 0 0 0 0 0 0
3400 -241.953 -2.93893 100 49 0 0 0 0 0 0 0 0 0 -1.96608 100 20 -0.23644 100 14 0 0 0 0 0 0 0 0
3500 -240.686 -2.12145 100 54 0 0 0 0 0 0 0 0 0 -2.042 100 20 0.100848 100 27 0 0 0 0 0 0 0 0
3600 -240.961 -2.49837 100 63 0 0 0 0 0 0 0 0 0 -1.98213 100 28 0.238511 100 19 0 0 0 0 0 0 0 0
3700 -242.888 -5.4386 100 59 0 0 0 0 0 0 0 0 0 -1.97446 100 27 0.0665679 100 12 0 0 0 0 0 0 0 0
3800 -243.125 -1.81042 100 48 0 0 0 0 0 0 0 0 0 -1.61131 100 20 -0.389628 100 15 0 0 0 0 0 0 0 0
3900 -241.288 -2.02472 100 53 0 0 0 0 0 0 0 0 0 -1.87958 100 23 0.173802 100 11 0 0 0 0 0 0 0 0
4000 -241.69 -2.25957 100 47 0 0 0 0 0 0 0 0 0 -2.21227 100 26 0.130347 100 14 0 0 0 0 0 0 0 0
4100 -240.663 -2.26696 100 63 0 0 0 0 0 0 0 0 0 -2.02794 100 22 0.0975356 100 23 0 0 0 0 0 0 0 0
4200 -246.376 -5.7035 100 51 0 0 0 0 0 0 0 0 0 -2.1373 100 18 -0.258853 100 14 0 0 0 0 0 0 0 0
4300 -243.644 -4.68582 100 61 0 0 0 0 0 0 0 0 0 -2.11308 100 30 0.502754 100 23 0 0 0 0 0 0 0 0
4400 -242.086 -0.814425 100 59 0 0 0 0 0 0 0 0 0 -2.08545 100 17 0.154647 100 17 0 0 0 0 0 0 0 0
4500 -240.967 -2.36288 100 51 0 0 0 0 0 0 0 0 0 -1.82705 100 25 -0.0237552 100 21 0 0 0 0 0 0 0 0
4600 -241.178 -1.27058 100 63 0 0 0 0 0 0 0 0 0 -2.05246 100 24 0.167952 100 14 0 0 0 0 0 0 0 0
4700 -241.126 -2.51242 100 68 0 0 0 0 0 0 0 0 0 -2.11345 100 32 0.0853262 100 19 0 0 0 0 0 0 0 0
4800 -241.089 -2.25826 100 58 0 0 0 0 0 0 0 0 0 -2.13463 100 30 0.358897 100 16 0 0 0 0 0 0 0 0
4900 -240.7 -1.88175 100 64 0 0 0 0 0 0 0 0 0 -1.97548 100 23 0.124389 100 16 0 0 0 0 0 0 0 0
5000 -242.488 -1.4438 100 59 0 0 0 0 0 0 0 0 0 -1.90915 100 27 -0.32219 100 21 0 0 0 0 0 0 0 0
5100 -241.567 -2.32006 100 48 0 0 0 0 0 0 0 0 0 -2.22648 100 22 0.201063 100 22 0 0 0 0 0 0 0 0
5200 -243.719 -1.68798 100 54 0 0 0 0 0 0 0 0 0 -2.5267 100 20 0.601131 100 24 0 0 0 0 0 0 0 0
5300 -241.249 -2.89041 100 58 0 0 0 0 0 0 0 0 0 -2.1543 100 24 0.232982 100 16 0 0 0 0 0 0 0 0
5400 -245.291 -1.74741 100 56 0 0 0 0 0 0 0 0 0 -2.35139 100 24 -0.080498 100 19 0 0 0 0 0 0 0 0
5500 -241.632 -2.39276 100 53 0 0 0 0 0 0 0 0 0 -2.19881 100 24 0.122969 100 22 0 0 0 0 0 0 0 0
5600 -240.748 -1.89305 100 63 0 0 0 0 0 0 0 0 0 -1.94393 100 20 0.107646 100 23 0 0 0 0 0 0 0 0
5700 -244.16 -6.64005 100 60 0 0 0 0 0 0 0 0 0 -1.86594 100 18 -0.0724074 100 19 0 0 0 0 0 0 0 0
5800 -241.064 -2.16441 100 51 0 0 0 0 0 0 0 0 0 -1.82795 100 19 0.0231691 100 19 0 0 0 0 0 0 0 0
5900 -241.259 -3.595 100 55 0 0 0 0 0 0 0 0 0 -1.98389 100 21 0.097354 100 18 0 0 0 0 0 0 0 0
6000 -242.483 -2.09838 100 58 0 0 0 0 0 0 0 0 0 -1.63354 100 27 -0.235075 100 14 0 0 0 0 0 0 0 0
6100 -244.784 -5.51238 100 53 0 0 0 0 0 0 0 0 0 -1.84003 100 23 -0.435792 100 18 0 0 0 0 0 0 0 0
6200 -245.115 -2.72388 100 53 0 0 0 0 0 0 0 0 0 -1.52266 100 16 -0.0627908 100 23 0 0 0 0 0 0 0 0
6300 -241.727 -1.09134 100 55 0 0 0 0 0 0 0 0 0 -2.20205 100 29 0.342499 100 24 0 0 0 0 0 0 0 0
6400 -241.863 -3.15996 100 53 0 0 0 0 0 0 0 0 0 -1.89698 100 18 -0.264457 100 14 0 0 0 0 0 0 0 0
6500 -243.092 -3.47854 100 51 0 0 0 0 0 0 0 0 0 -2.32219 100 22 0.596606 100 19 0 0 0 0 0 0 0 0
6600 -241.63 -1.80609 100 55 0 0 0 0 0 0 0 0 0 -2.28059 100 25 0.352879 100 21 0 0 0 0 0 0 0 0
6700 -241.615 -3.89877 100 55 0 0 0 0 0 0 0 0 0 -2.05352 100 27 0.145101 100 18 0 0 0 0 0 0 0 0
6800 -242.112 -2.9353 100 56 0 0 0 0 0 0 0 0 0 -2.16885 100 24 0.0205909 100 28 0 0 0 0 0 0 0 0
6900 -241.19 -2.73213 100 51 0 0 0 0 0 0 0 0 0 -1.84479 100 24 0.0873178 100 13 0 0 0 0 0 0 0 0
7000 -241.412 -2.27519 100 63 0 0 0 0 0 0 0 0 0 -1.94464 100 29 -0.202845 100 24 0 0 0 0 0 0 0 0
7100 -242.833 -3.68623 100 53 0 0 0 0 0 0 0 0 0 -2.20687 100 26 0.545434 100 25 0 0 0 0 0 0 0 0
7200 -242.02 -2.77164 100 50 0 0 0 0 0 0 0 0 0 -2.06959 100 26 0.458962 100 22 0 0 0 0 0 0 0 0
7300 -241.266 -1.43482 100 56 0 0 0 0 0 0 0 0 0 -2.17546 100 29 0.322933 100 21 0 0 0 0 0 0 0 0
7400 -241.981 -0.940448 100 68 0 0 0 0 0 0 0 0 0 -2.20898 100 24 0.313416 100 16 0 0 0 0 0 0 0 0
7500 -241.814 -1.22888 100 56 0 0 0 0 0 0 0 0 0 -1.99136 100 21 0.295196 100 17 0 0 0 0 0 0 0 0
7600 -241.707 -3.82667 100 54 0 0 0 0 0 0 0 0 0 -1.88214 100 21 -0.141813 100 19 0 0 0 0 0 0 0 0
7700 -241.102 -2.69544 100 60 0 0 0 0 0 0 0 0 0 -1.80718 100 28 -0.127542 100 13 0 0 0 0 0 0 0 0
7800 -242.488 -3.29774 100 53 0 0 0 0 0 0 0 0 0 -1.83887 100 27 -0.381814 100 21 0 0 0 0 0 0 0 0
7900 -241.835 -4.22978 100 69 0 0 0 0 0 0 0 0 0 -1.9164 100 20 0.0888888 100 20 0 0 0 0 0 0 0 0
8000 -241.795 -2.10148 100 56 0 0 0 0 0 0 0 0 0 -2.13567 100 24 0.495742 100 19 0 0 0 0 0 0 0 0
8100 -242.609 -4.66334 100 49 0 0 0 0 0 0 0 0 0 -2.04977 100 26 0.312666 100 17 0 0 0 0 0 0 0 0
8200 -241.867 -3.62415 100 46 0 0 0 0 0 0 0 0 0 -1.80555 100 29 -0.241004 100 23 0 0 0 0 0 0 0 0
8300 -243.912 -4.28139 100 50 0 0 0 0 0 0 0 0 0 -2.08966 100 32 0.552998 100 25 0 0 0 0 0 0 0 0
8400 -244.077 -2.96832 100 54 0 0 0 0 0 0 0 0 0 -1.56197 100 25 -0.089563 100 22 0 0 0 0 0 0 0 0
8500 -242.038 -2.25562 100 46 0 0 0 0 0 0 0 0 0 -2.03851 100 27 -0.199194 100 17 0 0 0 0 0 0 0 0
8600 -241.155 -2.32533 100 55 0 0 0 0 0 0 0 0 0 -2.17775 100 37 0.349766 100 21 0 0 0 0 0 0 0 0
8700 -241.062 -2.46799 100 63 0 0 0 0 0 0 0 0 0 -1.90462 100 24 -0.156312 100 22 0 0 0 0 0 0 0 0
8800 -243.648 -0.532027 100 63 0 0 0 0 0 0 0 0 0 -2.20825 100 25 0.531988 100 16 0 0 0 0 0 0 0 0
8900 -240.738 -1.74048 100 64 0 0 0 0 0 0 0 0 0 -2.00025 100 27 0.0890135 100 22 0 0 0 0 0 0 0 0
9000 -241.583 -2.15252 100 54 0 0 0 0 0 0 0 0 0 -2.26405 100 27 0.307314 100 20 0 0 0 0 0 0 0 0
9100 -240.933 -1.99927 100 61 0 0 0 0 0 0 0 0 0 -1.85736 100 24 -0.0952654 100 17 0 0 0 0 0 0 0 0
9200 -242.229 -2.81399 100 48 0 0 0 0 0 0 0 0 0 -2.32197 100 25 0.438927 100 22 0 0 0 0 0 0 0 0
9300 -242.034 -3.85456 100 53 0 0 0 0 0 0 0 0 0 -1.87532 100 27 0.173164 100 22 0 0 0 0 0 0 0 0
9400 -242.788 -1.0676 100 60 0 0 0 0 0 0 0 0 0 -2.37844 100 26 0.391454 100 15 0 0 0 0 0 0 0 0
9500 -241.023 -2.2688 100 53 0 0 0 0 0 0 0 0 0 -2.11828 100 19 0.107187 100 17 0 0 0 0 0 0 0 0
9600 -240.871 -2.96548 100 58 0 0 0 0 0 0 0 0 0 -1.99958 100 20 0.0739061 100 25 0 0 0 0 0 0 0 0
9700 -242.769 -0.961938 100 60 0 0 0 0 0 0 0 0 0 -1.89978 100 23 -0.22146 100 25 0 0 0 0 0 0 0 0
9800 -246.5 -6.04833 100 54 0 0 0 0 0 0 0 0 0 -2.04004 100 22 -0.367743 100 15 0 0 0 0 0 0 0 0
9900 -240.813 -2.37855 100 59 0 0 0 0 0 0 0 0 0 -1.98102 100 24 -0.0330093 100 21 0 0 0 0 0 0 0 0
10000 -240.978 -2.21583 100 57 0 0 0 0 0 0 0 0 0 -1.84776 100 25 -0.138196 100 14 0 0 0 0 0 0 0 0
10100 -240.94 -2.46281 100 58 0 0 0 0 0 0 0 0 0 -1.83092 100 24 -0.0397301 100 15 0 0 0 0 0 0 0 0
10200 -241.83 -3.03114 100 63 0 0 0 0 0 0 0 0 0 -1.97102 100 20 0.337126 100 18 0 0 0 0 0 0 0 0
10300 -242.059 -3.41608 100 56 0 0 0 0 0 0 0 0 0 -2.03241 100 27 -0.130721 100 17 0 0 0 0 0 0 0 0
10400 -241.528 -1.66211 100 58 0 0 0 0 0 0 0 0 0 -2.25529 100 29 0.309467 100 17 0 0 0 0 0 0 0 0
10500 -243.343 -0.964832 100 57 0 0 0 0 0 0 0 0 0 -2.14935 100 25 -0.111245 100 22 0 0 0 0 0 0 0 0
10600 -242.299 -4.11998 100 56 0 0 0 0 0 0 0 0 0 -1.76096 100 27 -0.0341494 100 14 0 0 0 0 0 0 0 0
10700 -241.317 -2.02693 100 56 0 0 0 0 0 0 0 0 0 -2.19659 100 23 0.41814 100 23 0 0 0 0 0 0 0 0
10800 -241.952 -4.28465 100 57 0 0 0 0 0 0 0 0 0 -1.99634 100 24 0.00779201 100 18 0 0 0 0 0 0 0 0
10900 -244.111 -5.74444 100 64 0 0 0 0 0 0 0 0 0 -2.22123 100 26 0.269444 100 13 0 0 0 0 0 0 0 0
11000 -242.491 -2.22602 100 64 0 0 0 0 0 0 0 0 0 -2.37266 100 28 0.373925 100 12 0 0 0 0 0 0 0 0
11100 -242.552 -1.27657 100 52 0 0 0 0 0 0 0 0 0 -1.8125 100 27 -0.312377 100 27 0 0 0 0 0 0 0 0
11200 -242.141 -3.91825 100 55 0 0 0 0 0 0 0 0 0 -2.14074 100 27 0.118253 100 23 0 0 0 0 0 0 0 0
11300 -241.625 -3.9639 100 59 0 0 0 0 0 0 0 0 0 -2.03538 100 29 0.14893 100 18 0 0 0 0 0 0 0 0
11400 -241.297 -2.89742 100 52 0 0 0 0 0 0 0 0 0 -2.12113 100 24 0.346759 100 22 0 0 0 0 0 0 0 0
11500 -240.636 -2.28732 100 55 0 0 0 0 0 0 0 0 0 -2.01507 100 22 0.108634 100 16 0 0 0 0 0 0 0 0
11600 -244.228 -6.81805 100 55 0 0 0 0 0 0 0 0 0 -1.96106 100 30 0.0631474 100 20 0 0 0 0 0 0 0 0
11700 -242.539 -2.95877 100 50 0 0 0 0 0 0 0 0 0 -1.87997 100 28 0.31918 100 17 0 0 0 0 0 0 0 0
11800 -243.175 -5.19647 100 53 0 0 0 0 0 0 0 0 0 -2.08149 100 17 0.0308009 100 17 0 0 0 0 0 0 0 0
11900 -243.998 -3.35325 100 54 0 0 0 0 0 0 0 0 0 -1.55375 100 27 -0.537796 100 18 0 0 0 0 0 0 0 0
12000 -241.755 -3.71301 100 52 0 0 0 0 0 0 0 0 0 -1.78087 100 24 -0.0951484 100 21 0 0 0 0 0 0 0 0
12100 -242.677 -3.81747 100 61 0 0 0 0 0 0 0 0 0 -2.25649 100 27 0.245018 100 24 0 0 0 0 0 0 0 0
12200 -242.114 -3.07967 100 62 0 0 0 0 0 0 0 0 0 -1.75031 100 29 -0.362496 100 24 0 0 0 0 0 0 0 0
12300 -241.652 -2.70444 100 66 0 0 0 0 0 0 0 0 0 -1.74418 100 25 -0.281692 100 21 0 0 0 0 0 0 0 0
12400 -243.085 -1.20807 100 57 0 0 0 0 0 0 0 0 0 -1.93995 100 24 -0.333093 100 25 0 0 0 0 0 0 0 0
12500 -242.445 -1.72911 100 52 0 0 0 0 0 0 0 0 0 -1.94838 100 30 0.392563 100 19 0 0 0 0 0 0 0 0
12600 -242.44 -2.61912 100 57 0 0 0 0 0 0 0 0 0 -1.62833 100 19 -0.218945 100 21 0 0 0 0 0 0 0 0
12700 -240.678 -2.54971 100 58 0 0 0 0 0 0 0 0 0 -1.95357 100 32 0.0418785 100 16 0 0 0 0 0 0 0 0
12800 -242.238 -1.90745 100 58 0 0 0 0 0 0 0 0 0 -1.92166 100 22 0.350163 100 23 0 0 0 0 0 0 0 0
12900 -241.387 -1.36449 100 61 0 0 0 0 0 0 0 0 0 -1.99545 100 29 -0.0569406 100 20 0 0 0 0 0 0 0 0
13000 -242.282 -3.37498 100 58 0 0 0 0 0 0 0 0 0 -1.80357 100 27 -0.359074 100 27 0 0 0 0 0 0 0 0
13100 -241.777 -3.6946 100 54 0 0 0 0 0 0 0 0 0 -1.85459 100 22 0.11461 100 13 0 0 0 0 0 0 0 0
13200 -240.969 -2.51411 100 42 0 0 0 0 0 0 0 0 0 -2.12562 100 26 0.27737 100 18 0 0 0 0 0 0 0 0
13300 -241.723 -2.57534 100 61 0 0 0 0 0 0 0 0 0 -1.91854 100 24 -0.266405 100 21 0 0 0 0 0 0 0 0
13400 -241.792 -4.15731 100 53 0 0 0 0 0 0 0 0 0 -1.87871 100 25 -0.05567 100 15 0 0 0 0 0 0 0 0
13500 -240.976 -1.61872 100 65 0 0 0 0 0 0 0 0 0 -1.94483 100 25 0.138353 100 19 0 0 0 0 0 0 0 0
13600 -248.496 -0.40006 100 49 0 0 0 0 0 0 0 0 0 -2.85706 100 27 0.922826 100 32 0 0 0 0 0 0 0 0
13700 -244.895 -7.38235 100 71 0 0 0 0 0 0 0 0 0 -1.9571 100 23 0.154451 100 22 0 0 0 0 0 0 0 0
13800 -242.168 -4.55993 100 58 0 0 0 0 0 0 0 0 0 -2.03164 100 21 0.184807 100 14 0 0 0 0 0 0 0 0
13900 -241.618 -3.85889 100 50 0 0 0 0 0 0 0 0 0 -1.84234 100 14 -0.0577721 100 19 0 0 0 0 0 0 0 0
14000 -240.977 -2.57979 100 50 0 0 0 0 0 0 0 0 0 -2.06801 100 19 0.0533707 100 18 0 0 0 0 0 0 0 0
14100 -240.626 -2.16974 100 60 0 0 0 0 0 0 0 0 0 -1.95935 100 21 0.0693963 100 13 0 0 0 0 0 0 0 0
14200 -241.798 -2.4533 100 51 0 0 0 0 0 0 0 0 0 -2.26657 100 32 0.481105 100 16 0 0 0 0 0 0 0 0
14300 -241.307 -1.97056 100 47 0 0 0 0 0 0 0 0 0 -1.86698 100 21 0.153079 100 19 0 0 0 0 0 0 0 0
14400 -241.964 -4.19918 100 62 0 0 0 0 0 0 0 0 0 -2.04841 100 33 0.245393 100 12 0 0 0 0 0 0 0 0
14500 -243.232 -1.74979 100 45 0 0 0 0 0 0 0 0 0 -2.47531 100 23 0.640083 100 11 0 0 0 0 0 0 0 0
14600 -241.396 -3.41239 100 60 0 0 0 0 0 0 0 0 0 -1.99567 100 23 0.241167 100 25 0 0 0 0 0 0 0 0
14700 -241.543 -1.26336 100 49 0 0 0 0 0 0 0 0 0 -2.11851 100 23 0.0740039 100 18 0 0 0 0 0 0 0 0
14800 -242.274 -3.58817 100 55 0 0 0 0 0 0 0 0 0 -1.70607 100 21 -0.296717 100 20 0 0 0 0 0 0 0 0
14900 -242.482 -3.51695 100 47 0 0 0 0 0 0 0 0 0 -2.01546 100 27 -0.204165 100 18 0 0 0 0 0 0 0 0
15000 -243.696 -5.61489 100 56 0 0 0 0 0 0 0 0 0 -1.98601 100 18 -0.135809 100 18 0 0 0 0 0 0 0 0
15100 -245.378 -4.21209 100 56 0 0 0 0 0 0 0 0 0 -1.47307 100 16 -0.521375 100 21 0 0 0 0 0 0 0 0
15200 -241.649 -1.22047 100 58 0 0 0 0 0 0 0 0 0 -2.10506 100 21 0.0415492 100 25 0 0 0 0 0 0 0 0
15300 -242.953 -4.82495 100 49 0 0 0 0 0 0 0 0 0 -2.09414 100 25 0.37021 100 21 0 0 0 0 0 0 0 0
15400 -241.555 -1.10549 100 55 0 0 0 0 0 0 0 0 0 -1.99517 100 23 0.0305259 100 20 0 0 0 0 0 0 0 0
15500 -242.624 -3.71578 100 56 0 0 0 0 0 0 0 0 0 -1.75319 100 27 -0.385074 100 15 0 0 0 0 0 0 0 0
15600 -240.872 -2.11538 100 55 0 0 0 0 0 0 0 0 0 -1.87473 100 22 0.0589083 100 15 0 0 0 0 0 0 0 0
15700 -242.411 -2.55625 100 67 0 0 0 0 0 0 0 0 0 -2.15155 100 17 -0.0820541 100 13 0 0 0 0 0 0 0 0
15800 -240.774 -1.89607 100 58 0 0 0 0 0 0 0 0 0 -2.0557 100 27 0.0898989 100 23 0 0 0 0 0 0 0 0
15900 -243.12 -5.02775 100 52 0 0 0 0 0 0 0 0 0 -1.87142 100 18 0.178522 100 22 0 0 0 0 0 0 0 0
16000 -240.762 -1.6945 100 49 0 0 0 0 0 0 0 0 0 -2.0209 100 32 0.122889 100 24 0 0 0 0 0 0 0 0
16100 -243.662 -5.30138 100 59 0 0 0 0 0 0 0 0 0 -2.04747 100 21 -0.102831 100 21 0 0 0 0 0 0 0 0
16200 -241.35 -3.07889 100 48 0 0 0 0 0 0 0 0 0 -1.78664 100 17 -0.148092 100 25 0 0 0 0 0 0 0 0
16300 -246.055 -5.32095 100 54 0 0 0 0 0 0 0 0 0 -2.34429 100 30 0.771788 100 19 0 0 0 0 0 0 0 0
16400 -242.895 -2.13991 100 57 0 0 0 0 0 0 0 0 0 -1.80896 100 25 -0.48533 100 21 0 0 0 0 0 0 0 0
16500 -243.262 -0.611025 100 61 0 0 0 0 0 0 0 0 0 -1.93287 100 29 -0.0461247 100 15 0 0 0 0 0 0 0 0
16600 -242.163 -2.37857 100 57 0 0 0 0 0 0 0 0 0 -2.18467 100 25 -0.00160223 100 16 0 0 0 0 0 0 0 0
16700 -241.56 -3.7167 100 51 0 0 0 0 0 0 0 0 0 -1.82725 100 29 -0.0545604 100 20 0 0 0 0 0 0 0 0
16800 -242.147 -2.9786 100 60 0 0 0 0 0 0 0 0 0 -2.29629 100 20 0.428787 100 14 0 0 0 0 0 0 0 0
16900 -242.338 -3.68818 100 50 0 0 0 0 0 0 0 0 0 -2.24648 100 28 0.323385 100 16 0 0 0 0 0 0 0 0
17000 -246.949 -6.7915 100 52 0 0 0 0 0 0 0 0 0 -1.74236 100 26 0.232257 100 21 0 0 0 0 0 0 0 0
17100 -242.805 -2.34671 100 66 0 0 0 0 0 0 0 0 0 -1.72554 100 23 -0.496583 100 18 0 0 0 0 0 0 0 0
17200 -243.038 -1.26351 100 55 0 0 0 0 0 0 0 0 0 -2.21361 100 18 0.641458 100 21 0 0 0 0 0 0 0 0
17300 -242.593 -2.00391 100 62 0 0 0 0 0 0 0 0 0 -1.65276 100 27 -0.38695 100 19 0 0 0 0 0 0 0 0
17400 -242.933 -5.49509 100 55 0 0 0 0 0 0 0 0 0 -1.93151 100 28 0.0368461 100 17 0 0 0 0 0 0 0 0
17500 -242.293 -2.25199 100 57 0 0 0 0 0 0 0 0 0 -2.21326 100 31 0.589833 100 16 0 0 0 0 0 0 0 0
17600 -240.892 -1.89498 100 60 0 0 0 0 0 0 0 0 0 -2.06847 100 19 0.28577 100 17 0 0 0 0 0 0 0 0
17700 -242.16 -2.60992 100 55 0 0 0 0 0 0 0 0 0 -2.31764 100 30 0.344145 100 19 0 0 0 0 0 0 0 0
17800 -240.836 -1.89745 100 55 0 0 0 0 0 0 0 0 0 -2.11504 100 27 0.229724 100 15 0 0 0 0 0 0 0 0
17900 -242.283 -4.74026 100 56 0 0 0 0 0 0 0 0 0 -2.01835 100 25 0.140134 100 21 0 0 0 0 0 0 0 0
18000 -242.209 -1.33567 100 46 0 0 0 0 0 0 0 0 0 -2.04453 100 33 -0.156874 100 22 0 0 0 0 0 0 0 0
18100 -245.182 -7.31013 100 58 0 0 0 0 0 0 0 0 0 -1.81461 100 33 0.0534793 100 16 0 0 0 0 0 0 0 0
18200 -240.782 -2.46179 100 49 0 0 0 0 0 0 0 0 0 -2.01663 100 25 0.0284213 100 26 0 0 0 0 0 0 0 0
18300 -241.756 -4.11877 100 43 0 0 0 0 0 0 0 0 0 -1.96839 100 21 0.155091 100 24 0 0 0 0 0 0 0 0
18400 -242.485 -4.85723 100 56 0 0 0 0 0 0 0 0 0 -1.95449 100 23 -0.0511015 100 13 0 0 0 0 0 0 0 0
18500 -241.304 -2.26245 100 60 0 0 0 0 0 0 0 0 0 -2.08181 100 25 0.389723 100 17 0 0 0 0 0 0 0 0
18600 -241.943 -3.18885 100 56 0 0 0 0 0 0 0 0 0 -1.75096 100 26 -0.313925 100 15 0 0 0 0 0 0 0 0
18700 -241.004 -2.95132 100 54 0 0 0 0 0 0 0 0 0 -1.95484 100 17 -0.0543574 100 16 0 0 0 0 0 0 0 0
18800 -241.866 -4.24141 100 54 0 0 0 0 0 0 0 0 0 -1.91628 100 26 -0.0554918 100 24 0 0 0 0 0 0 0 0
18900 -240.728 -2.19105 100 60 0 0 0 0 0 0 0 0 0 -1.91177 100 16 -0.0376466 100 18 0 0 0 0 0 0 0 0
19000 -242.233 -1.92023 100 65 0 0 0 0 0 0 0 0 0 -1.71126 100 25 -0.363764 100 18 0 0 0 0 0 0 0 0
19100 -241.885 -1.36612 100 49 0 0 0 0 0 0 0 0 0 -1.79083 100 13 -0.108376 100 15 0 0 0 0 0 0 0 0
19200 -243.648 -3.82736 100 60 0 0 0 0 0 0 0 0 0 -2.25888 100 26 0.646058 100 20 0 0 0 0 0 0 0 0
19300 -242.334 -2.60194 100 66 0 0 0 0 0 0 0 0 0 -1.64318 100 25 -0.327587 100 16 0 0 0 0 0 0 0 0
19400 -243.282 -0.935544 100 49 0 0 0 0 0 0 0 0 0 -2.0782 100 26 0.507394 100 12 0 0 0 0 0 0 0 0
19500 -241.749 -0.965782 100 52 0 0 0 0 0 0 0 0 0 -2.0613 100 24 0.114321 100 25 0 0 0 0 0 0 0 0
19600 -243.001 -2.52247 100 56 0 0 0 0 0 0 0 0 0 -2.42748 100 24 0.581243 100 14 0 0 0 0 0 0 0 0
19700 -240.713 -2.00293 100 53 0 0 0 0 0 0 0 0 0 -1.93616 100 20 0.0943674 100 21 0 0 0 0 0 0 0 0
19800 -242.526 -3.41153 100 61 0 0 0 0 0 0 0 0 0 -2.00375 100 27 -0.234217 100 17 0 0 0 0 0 0 0 0
19900 -242.836 -1.19226 100 53 0 0 0 0 0 0 0 0 0 -1.76103 100 26 -0.300812 100 17 0 0 0 0 0 0 0 0
20000 -242.8 -4.5889 100 54 0 0 0 0 0 0 0 0 0 -1.94775 100 24 0.281217 100 19 0 0 0 0 0 0 0 0
20100 -241.954 -3.18181 100 55 0 0 0 0 0 0 0 0 0 -2.09491 100 21 0.43494 100 15 0 0 0 0 0 0 0 0
20200 -242.725 -0.650129 100 50 0 0 0 0 0 0 0 0 0 -2.18305 100 24 0.185625 100 19 0 0 0 0 0 0 0 0
20300 -241.028 -2.31428 100 63 0 0 0 0 0 0 0 0 0 -1.8105 100 14 -0.107858 100 21 0 0 0 0 0 0 0 0
20400 -243.053 -5.59354 100 55 0 0 0 0 0 0 0 0 0 -1.93774 100 20 -0.00147638 100 24 0 0 0 0 0 0 0 0
20500 -241.81 -4.12684 100 52 0 0 0 0 0 0 0 0 0 -1.97029 100 16 -0.0249451 100 19 0 0 0 0 0 0 0 0
20600 -241.055 -1.88458 100 64 0 0 0 0 0 0 0 0 0 -1.98312 100 33 -0.0866786 100 14 0 0 0 0 0 0 0 0
20700 -242.525 -3.2832 100 64 0 0 0 0 0 0 0 0 0 -2.21849 100 21 0.0856472 100 18 0 0 0 0 0 0 0 0
20800 -243.194 -2.58253 100 50 0 0 0 0 0 0 0 0 0 -1.7614 100 28 0.227321 100 13 0 0 0 0 0 0 0 0
20900 -241.007 -2.09774 100 57 0 0 0 0 0 0 0 0 0 -1.85707 100 25 0.0697469 100 21 0 0 0 0 0 0 0 0
21000 -241.646 -1.8041 100 56 0 0 0 0 0 0 0 0 0 -2.21818 100 15 0.147962 100 18 0 0 0 0 0 0 0 0
21100 -241.092 -1.62308 100 49 0 0 0 0 0 0 0 0 0 -1.87912 100 25 0.0381302 100 23 0 0 0 0 0 0 0 0
21200 -243.29 -3.14154 100 56 0 0 0 0 0 0 0 0 0 -2.39893 100 25 0.384664 100 23 0 0 0 0 0 0 0 0
21300 -241.71 -3.60849 100 62 0 0 0 0 0 0 0 0 0 -1.8904 100 21 0.167188 100 18 0 0 0 0 0 0 0 0
21400 -241.655 -1.27294 100 56 0 0 0 0 0 0 0 0 0 -1.85808 100 30 -0.000554951 100 13 0 0 0 0 0 0 0 0
21500 -241.15 -2.09388 100 53 0 0 0 0 0 0 0 0 0 -1.79433 100 22 -0.0857838 100 17 0 0 0 0 0 0 0 0
21600 -242.539 -4.1035 100 60 0 0 0 0 0 0 0 0 0 -2.22375 100 20 0.345568 100 18 0 0 0 0 0 0 0 0
21700 -242.864 -4.79125 100 60 0 0 0 0 0 0 0 0 0 -1.74673 100 21 -0.196643 100 19 0 0 0 0 0 0 0 0
21800 -242.453 -2.81367 100 63 0 0 0 0 0 0 0 0 0 -2.2098 100 29 0.579174 100 19 0 0 0 0 0 0 0 0
21900 -243.687 -2.57613 100 56 0 0 0 0 0 0 0 0 0 -2.36492 100 23 0.766521 100 16 0 0 0 0 0 0 0 0
22000 -243.215 -1.61345 100 46 0 0 0 0 0 0 0 0 0 -1.83294 100 25 -0.473143 100 17 0 0 0 0 0 0 0 0
22100 -241.568 -2.18259 100 55 0 0 0 0 0 0 0 0 0 -1.73744 100 20 -0.236052 100 21 0 0 0 0 0 0 0 0
22200 -242.238 -1.84316 100 57 0 0 0 0 0 0 0 0 0 -2.05172 100 42 -0.203951 100 23 0 0 0 0 0 0 0 0
22300 -243.605 -4.68143 100 52 0 0 0 0 0 0 0 0 0 -2.22079 100 24 0.112633 100 17 0 0 0 0 0 0 0 0
22400 -241.543 -3.22776 100 53 0 0 0 0 0 0 0 0 0 -1.84008 100 22 0.108169 100 20 0 0 0 0 0 0 0 0
22500 -242.498 -3.4242 100 61 0 0 0 0 0 0 0 0 0 -1.67523 100 24 -0.355461 100 20 0 0 0 0 0 0 0 0
22600 -240.643 -2.245 100 58 0 0 0 0 0 0 0 0 0 -1.98978 100 22 0.0516253 100 21 0 0 0 0 0 0 0 0
22700 -240.82 -2.27932 100 51 0 0 0 0 0 0 0 0 0 -1.97462 100 34 0.203355 100 22 0 0 0 0 0 0 0 0
22800 -241.1 -2.60312 100 53 0 0 0 0 0 0 0 0 0 -1.80032 100 26 -0.119991 100 15 0 0 0 0 0 0 0 0
22900 -242.355 -4.17636 100 45 0 0 0 0 0 0 0 0 0 -1.73879 100 19 -0.126671 100 16 0 0 0 0 0 0 0 0
23000 -241.216 -3.42133 100 55 0 0 0 0 0 0 0 0 0 -2.03304 100 26 0.179748 100 19 0 0 0 0 0 0 0 0
23100 -242.308 -4.741 100 54 0 0 0 0 0 0 0 0 0 -1.95423 100 16 0.14282 100 18 0 0 0 0 0 0 0 0
23200 -241.477 -1.35083 100 51 0 0 0 0 0 0 0 0 0 -2.0199 100 16 0.297982 100 21 0 0 0 0 0 0 0 0
23300 -242.149 -3.85666 100 52 0 0 0 0 0 0 0 0 0 -1.83554 100 28 0.134694 100 17 0 0 0 0 0 0 0 0
23400 -240.815 -2.28618 100 56 0 0 0 0 0 0 0 0 0 -2.10566 100 28 0.195102 100 13 0 0 0 0 0 0 0 0
23500 -240.696 -2.24176 100 58 0 0 0 0 0 0 0 0 0 -1.90625 100 21 0.00999118 100 13 0 0 0 0 0 0 0 0
23600 -241.475 -2.70058 100 52 0 0 0 0 0 0 0 0 0 -1.76558 100 26 -0.013205 100 26 0 0 0 0 0 0 0 0
23700 -240.886 -2.99268 100 53 0 0 0 0 0 0 0 0 0 -1.94281 100 24 0.0931078 100 30 0 0 0 0 0 0 0 0
23800 -240.867 -2.17461 100 55 0 0 0 0 0 0 0 0 0 -1.86999 100 25 -0.0974696 100 24 0 0 0 0 0 0 0 0
23900 -241.476 -1.69635 100 59 0 0 0 0 0 0 0 0 0 -1.86357 100 25 -0.216185 100 18 0 0 0 0 0 0 0 0
24000 -241.83 -2.82836 100 55 0 0 0 0 0 0 0 0 0 -1.73621 100 32 -0.00614012 100 14 0 0 0 0 0 0 0 0
24100 -242.46 -3.35525 100 49 0 0 0 0 0 0 0 0 0 -1.72536 100 31 0.0433867 100 20 0 0 0 0 0 0 0 0
24200 -241.31 -2.24082 100 57 0 0 0 0 0 0 0 0 0 -1.88378 100 29 0.191478 100 20 0 0 0 0 0 0 0 0
24300 -241.547 -2.0311 100 60 0 0 0 0 0 0 0 0 0 -1.73752 100 26 -0.158406 100 15 0 0 0 0 0 0 0 0
24400 -242.911 -1.79901 100 52 0 0 0 0 0 0 0 0 0 -1.87292 100 24 0.346045 100 18 0 0 0 0 0 0 0 0
24500 -242.505 -3.22076 100 59 0 0 0 0 0 0 0 0 0 -1.78496 100 28 -0.412964 100 16 0 0 0 0 0 0 0 0
24600 -245.032 -6.91452 100 50 0 0 0 0 0 0 0 0 0 -2.11103 100 22 0.0430046 100 22 0 0 0 0 0 0 0 0
24700 -243.022 -0.519886 100 52 0 0 0 0 0 0 0 0 0 -2.19053 100 32 0.334586 100 21 0 0 0 0 0 0 0 0
24800 -241.796 -3.5974 100 55 0 0 0 0 0 0 0 0 0 -2.16372 100 30 0.231988 100 18 0 0 0 0 0 0 0 0
24900 -240.834 -2.8324 100 55 0 0 0 0 0 0 0 0 0 -2.03246 100 26 0.15561 100 16 0 0 0 0 0 0 0 0
25000 -241.201 -1.6176 100 53 0 0 0 0 0 0 0 0 0 -1.8465 100 19 -0.0495307 100 12 0 0 0 0 0 0 0 0
25100 -241.566 -3.34193 100 55 0 0 0 0 0 0 0 0 0 -1.76969 100 24 -0.102989 100 22 0 0 0 0 0 0 0 0
25200 -240.883 -2.79683 100 63 0 0 0 0 0 0 0 0 0 -2.00513 100 19 0.200684 100 17 0 0 0 0 0 0 0 0
25300 -244.982 -6.84899 100 61 0 0 0 0 0 0 0 0 0 -2.18461 100 23 0.234165 100 18 0 0 0 0 0 0 0 0
25400 -241.05 -2.64885 100 59 0 0 0 0 0 0 0 0 0 -1.81118 100 21 -0.0805626 100 21 0 0 0 0 0 0 0 0
25500 -241.921 -3.25977 100 64 0 0 0 0 0 0 0 0 0 -1.74367 100 19 -0.293241 100 24 0 0 0 0 0 0 0 0
25600 -240.98 -2.20311 100 58 0 0 0 0 0 0 0 0 0 -2.13197 100 23 0.323345 100 17 0 0 0 0 0 0 0 0
25700 -241.646 -1.59632 100 59 0 0 0 0 0 0 0 0 0 -2.20913 100 21 0.144171 100 21 0 0 0 0 0 0 0 0
25800 -242.412 -1.02248 100 57 0 0 0 0 0 0 0 0 0 -2.3212 100 18 0.365624 100 24 0 0 0 0 0 0 0 0
25900 -244.887 -6.49467 100 58 0 0 0 0 0 0 0 0 0 -2.22297 100 29 0.40302 100 24 0 0 0 0 0 0 0 0
26000 -240.906 -2.37298 100 46 0 0 0 0 0 0 0 0 0 -2.11306 100 25 0.156582 100 19 0 0 0 0 0 0 0 0
26100 -242.843 -3.58091 100 54 0 0 0 0 0 0 0 0 0 -2.25153 100 19 0.141286 100 12 0 0 0 0 0 0 0 0
26200 -241.879 -3.38813 100 54 0 0 0 0 0 0 0 0 0 -1.92392 100 22 -0.2218 100 22 0 0 0 0 0 0 0 0
26300 -242.145 -2.08529 100 54 0 0 0 0 0 0 0 0 0 -1.68085 100 28 -0.320528 100 23 0 0 0 0 0 0 0 0
26400 -241.185 -3.34523 100 57 0 0 0 0 0 0 0 0 0 -1.91635 100 27 -0.0616665 100 18 0 0 0 0 0 0 0 0
26500 -241.327 -2.32961 100 53 0 0 0 0 0 0 0 0 0 -1.94968 100 21 -0.183107 100 19 0 0 0 0 0 0 0 0
26600 -240.829 -2.19801 100 45 0 0 0 0 0 0 0 0 0 -1.9926 100 23 0.224657 100 12 0 0 0 0 0 0 0 0
26700 -242.273 -3.07022 100 49 0 0 0 0 0 0 0 0 0 -2.29959 100 25 0.46673 100 9 0 0 0 0 0 0 0 0
26800 -242.511 -3.62222 100 54 0 0 0 0 0 0 0 0 0 -2.14112 100 24 -0.0140475 100 21 0 0 0 0 0 0 0 0
26900 -242.933 -2.49937 100 62 0 0 0 0 0 0 0 0 0 -1.77181 100 29 0.220381 100 23 0 0 0 0 0 0 0 0
27000 -242.676 -2.43075 100 59 0 0 0 0 0 0 0 0 0 -2.40043 100 28 0.509332 100 20 0 0 0 0 0 0 0 0
27100 -242.171 -4.5496 100 52 0 0 0 0 0 0 0 0 0 -2.02559 100 25 0.195726 100 21 0 0 0 0 0 0 0 0
27200 -245.286 -6.53385 100 61 0 0 0 0 0 0 0 0 0 -1.94464 100 20 0.356734 100 14 0 0 0 0 0 0 0 0
27300 -240.978 -1.88973 100 53 0 0 0 0 0 0 0 0 0 -1.86486 100 24 -0.101114 100 18 0 0 0 0 0 0 0 0
27400 -242.31 -4.40388 100 61 0 0 0 0 0 0 0 0 0 -2.00806 100 23 -0.0542186 100 17 0 0 0 0 0 0 0 0
27500 -241.806 -1.52041 100 71 0 0 0 0 0 0 0 0 0 -2.01686 100 23 0.377929 100 20 0 0 0 0 0 0 0 0
27600 -243.355 -4.85999 100 56 0 0 0 0 0 0 0 0 0 -1.73549 100 22 0.011666 100 21 0 0 0 0 0 0 0 0
27700 -240.692 -2.02006 100 61 0 0 0 0 0 0 0 0 0 -2.03601 100 23 0.194421 100 19 0 0 0 0 0 0 0 0
27800 -243.769 -2.74592 100 56 0 0 0 0 0 0 0 0 0 -2.46758 100 23 0.715285 100 21 0 0 0 0 0 0 0 0
27900 -241.765 -3.49835 100 54 0 0 0 0 0 0 0 0 0 -2.16601 100 31 0.337018 100 13 0 0 0 0 0 0 0 0
28000 -243.776 -6.01824 100 58 0 0 0 0 0 0 0 0 0 -1.95015 100 22 0.214369 100 26 0 0 0 0 0 0 0 0
28100 -244.15 -4.89565 100 58 0 0 0 0 0 0 0 0 0 -1.64329 100 23 -0.441048 100 27 0 0 0 0 0 0 0 0
28200 -242.172 -3.5419 100 63 0 0 0 0 0 0 0 0 0 -1.80024 100 19 0.119884 100 16 0 0 0 0 0 0 0 0
28300 -241.964 -2.53939 100 56 0 0 0 0 0 0 0 0 0 -1.81368 100 24 0.178975 100 15 0 0 0 0 0 0 0 0
28400 -241.713 -4.1473 100 64 0 0 0 0 0 0 0 0 0 -1.9598 100 22 0.0268776 100 18 0 0 0 0 0 0 0 0
28500 -240.926 -1.9668 100 53 0 0 0 0 0 0 0 0 0 -1.90861 100 28 0.131841 100 10 0 0 0 0 0 0 0 0
28600 -240.982 -1.59765 100 57 0 0 0 0 0 0 0 0 0 -1.98965 100 23 0.200846 100 21 0 0 0 0 0 0 0 0
28700 -241.259 -1.96979 100 52 0 0 0 0 0 0 0 0 0 -2.0271 100 24 -0.0891763 100 18 0 0 0 0 0 0 0 0
28800 -243.586 -1.50056 100 55 0 0 0 0 0 0 0 0 0 -2.40486 100 17 0.221067 100 19 0 0 0 0 0 0 0 0
28900 -241.913 -3.5978 100 57 0 0 0 0 0 0 0 0 0 -1.74453 100 27 -0.0913974 100 20 0 0 0 0 0 0 0 0
29000 -243.36 -4.79127 100 45 0 0 0 0 0 0 0 0 0 -2.14401 100 20 0.46325 100 19 0 0 0 0 0 0 0 0
29100 -245.178 -1.21343 100 54 0 0 0 0 0 0 0 0 0 -2.19703 100 25 0.790535 100 15 0 0 0 0 0 0 0 0
29200 -245.344 -1.03042 100 56 0 0 0 0 0 0 0 0 0 -2.60048 100 24 0.476618 100 14 0 0 0 0 0 0 0 0
29300 -241.755 -3.19351 100 50 0 0 0 0 0 0 0 0 0 -2.14176 100 26 0.0728352 100 15 0 0 0 0 0 0 0 0
29400 -241.047 -2.62379 100 58 0 0 0 0 0 0 0 0 0 -1.83251 100 18 -0.146222 100 24 0 0 0 0 0 0 0 0
29500 -242.569 -1.50871 100 58 0 0 0 0 0 0 0 0 0 -2.13867 100 24 0.566951 100 22 0 0 0 0 0 0 0 0
29600 -241.865 -1.09028 100 53 0 0 0 0 0 0 0 0 0 -2.22705 100 20 0.399988 100 31 0 0 0 0 0 0 0 0
29700 -242.26 -3.813 100 57 0 0 0 0 0 0 0 0 0 -1.77184 100 17 0.0468015 100 21 0 0 0 0 0 0 0 0
29800 -241.009 -2.20304 100 50 0 0 0 0 0 0 0 0 0 -1.96799 100 14 -0.103171 100 17 0 0 0 0 0 0 0 0
29900 -242.583 -2.26854 100 54 0 0 0 0 0 0 0 0 0 -1.78386 100 26 0.20399 100 16 0 0 0 0 0 0 0 0
30000 -241.75 -1.29114 100 67 0 0 0 0 0 0 0 0 0 -2.21127 100 20 0.451695 100 20 0 0 0 0 0 0 0 0
30100 -241.97 -1.88517 100 55 0 0 0 0 0 0 0 0 0 -2.15599 100 26 0.527711 100 23 0 0 0 0 0 0 0 0
30200 -242.212 -2.32003 100 60 0 0 0 0 0 0 0 0 0 -2.35044 100 27 0.430406 100 16 0 0 0 0 0 0 0 0
30300 -242.875 -1.88942 100 63 0 0 0 0 0 0 0 0 0 -1.74175 100 28 -0.481304 100 29 0 0 0 0 0 0 0 0
30400 -241.405 -2.33744 100 55 0 0 0 0 0 0 0 0 0 -2.23106 100 20 0.294153 100 19 0 0 0 0 0 0 0 0
30500 -243.949 -4.60461 100 53 0 0 0 0 0 0 0 0 0 -1.79294 100 29 0.223517 100 18 0 0 0 0 0 0 0 0
30600 -240.831 -2.28288 100 63 0 0 0 0 0 0 0 0 0 -1.86336 100 24 -0.0718619 100 23 0 0 0 0 0 0 0 0
30700 -241.13 -2.39726 100 55 0 0 0 0 0 0 0 0 0 -2.17458 100 29 0.238027 100 22 0 0 0 0 0 0 0 0
30800 -243.352 -3.11782 100 56 0 0 0 0 0 0 0 0 0 -2.20881 100 19 -0.0680343 100 16 0 0 0 0 0 0 0 0
30900 -241.272 -2.76174 100 55 0 0 0 0 0 0 0 0 0 -2.17299 100 32 0.243647 100 17 0 0 0 0 0 0 0 0
31000 -243.721 -3.42894 100 54 0 0 0 0 0 0 0 0 0 -1.55094 100 24 -0.245246 100 18 0 0 0 0 0 0 0 0
31100 -241.755 -2.02444 100 47 0 0 0 0 0 0 0 0 0 -2.25451 100 24 0.205188 100 27 0 0 0 0 0 0 0 0
31200 -242.562 -1.96933 100 45 0 0 0 0 0 0 0 0 0 -1.64205 100 18 -0.166668 100 18 0 0 0 0 0 0 0 0
31300 -245.565 -0.295996 100 54 0 0 0 0 0 0 0 0 0 -1.99624 100 25 0.392998 100 16 0 0 0 0 0 0 0 0
31400 -241.702 -1.57797 100 46 0 0 0 0 0 0 0 0 0 -2.09754 100 24 0.439718 100 21 0 0 0 0 0 0 0 0
31500 -241.49 -2.63883 100 61 0 0 0 0 0 0 0 0 0 -2.2196 100 32 0.262315 100 18 0 0 0 0 0 0 0 0
31600 -242.247 -2.75899 100 53 0 0 0 0 0 0 0 0 0 -2.29875 100 25 0.535089 100 22 0 0 0 0 0 0 0 0
31700 -245.301 -2.1886 100 60 0 0 0 0 0 0 0 0 0 -2.37477 100 25 -0.0352163 100 19 0 0 0 0 0 0 0 0
31800 -241.766 -3.121 100 54 0 0 0 0 0 0 0 0 0 -1.82895 100 31 -0.286839 100 26 0 0 0 0 0 0 0 0
31900 -241.961 -2.37599 100 65 0 0 0 0 0 0 0 0 0 -2.18657 100 17 0.532608 100 10 0 0 0 0 0 0 0 0
32000 -240.823 -2.14585 100 50 0 0 0 0 0 0 0 0 0 -1.9936 100 21 0.223698 100 17 0 0 0 0 0 0 0 0
32100 -241.252 -2.63048 100 60 0 0 0 0 0 0 0 0 0 -2.13075 100 20 0.0975722 100 19 0 0 0 0 0 0 0 0
32200 -240.879 -2.18307 100 64 0 0 0 0 0 0 0 0 0 -1.89817 100 30 -0.108479 100 11 0 0 0 0 0 0 0 0
32300 -241.234 -1.92998 100 52 0 0 0 0 0 0 0 0 0 -1.93451 100 25 -0.167303 100 20 0 0 0 0 0 0 0 0
32400 -242.353 -0.727503 100 51 0 0 0 0 0 0 0 0 0 -2.05922 100 24 0.126666 100 18 0 0 0 0 0 0 0 0
32500 -241.703 -2.94229 100 49 0 0 0 0 0 0 0 0 0 -1.78424 100 29 0.0670543 100 10 0 0 0 0 0 0 0 0
32600 -243.884 -1.47852 100 53 0 0 0 0 0 0 0 0 0 -2.53699 100 29 0.708519 100 20 0 0 0 0 0 0 0 0
32700 -244.366 -0.442325 100 67 0 0 0 0 0 0 0 0 0 -1.89006 100 18 -0.0972005 100 20 0 0 0 0 0 0 0 0
32800 -242.519 -3.21657 100 60 0 0 0 0 0 0 0 0 0 -1.63849 100 26 -0.203915 100 21 0 0 0 0 0 0 0 0
32900 -241.876 -1.97964 100 51 0 0 0 0 0 0 0 0 0 -2.22648 100 20 0.113572 100 20 0 0 0 0 0 0 0 0
33000 -241.732 -3.14787 100 56 0 0 0 0 0 0 0 0 0 -1.87307 100 35 -0.258565 100 11 0 0 0 0 0 0 0 0
33100 -241.389 -2.17254 100 57 0 0 0 0 0 0 0 0 0 -2.03084 100 25 0.368331 100 19 0 0 0 0 0 0 0 0
33200 -242.022 -3.67162 100 62 0 0 0 0 0 0 0 0 0 -2.19618 100 24 0.268031 100 18 0 0 0 0 0 0 0 0
33300 -241.988 -4.14995 100 57 0 0 0 0 0 0 0 0 0 -1.95754 100 25 -0.0897231 100 18 0 0 0 0 0 0 0 0
33400 -241.867 -2.2001 100 51 0 0 0 0 0 0 0 0 0 -2.20527 100 27 0.0775804 100 18 0 0 0 0 0 0 0 0
33500 -244.634 -0.24422 100 50 0 0 0 0 0 0 0 0 0 -2.11798 100 29 0.40366 100 14 0 0 0 0 0 0 0 0
33600 -242.179 -2.03364 100 68 0 0 0 0 0 0 0 0 0 -1.94297 100 22 -0.312433 100 10 0 0 0 0 0 0 0 0
33700 -242.013 -4.46659 100 57 0 0 0 0 0 0 0 0 0 -2.00266 100 25 0.0860548 100 15 0 0 0 0 0 0 0 0
33800 -242.047 -3.88304 100 55 0 0 0 0 0 0 0 0 0 -2.152 100 29 0.173464 100 17 0 0 0 0 0 0 0 0
33900 -245.077 -5.18026 100 45 0 0 0 0 0 0 0 0 0 -2.30956 100 27 0.672899 100 20 0 0 0 0 0 0 0 0
34000 -241.07 -2.03647 100 49 0 0 0 0 0 0 0 0 0 -2.11422 100 26 0.357543 100 21 0 0 0 0 0 0 0 0
34100 -241.945 -3.10503 100 46 0 0 0 0 0 0 0 0 0 -1.79078 100 22 -0.32974 100 13 0 0 0 0 0 0 0 0
34200 -241.915 -2.70607 100 53 0 0 0 0 0 0 0 0 0 -1.87468 100 17 -0.320088 100 22 0 0 0 0 0 0 0 0
34300 -242.224 -2.14411 100 65 0 0 0 0 0 0 0 0 0 -1.80961 100 24 -0.399526 100 26 0 0 0 0 0 0 0 0
34400 -241.829 -3.68185 100 56 0 0 0 0 0 0 0 0 0 -1.80383 100 23 0.0338077 100 23 0 0 0 0 0 0 0 0
34500 -241.291 -2.45934 100 54 0 0 0 0 0 0 0 0 0 -1.93927 100 21 -0.181869 100 20 0 0 0 0 0 0 0 0
34600 -241.837 -3.68804 100 56 0 0 0 0 0 0 0 0 0 -2.15929 100 19 0.238948 100 19 0 0 0 0 0 0 0 0
34700 -240.844 -2.8951 100 58 0 0 0 0 0 0 0 0 0 -1.95783 100 25 0.00992532 100 24 0 0 0 0 0 0 0 0
34800 -241.032 -1.46279 100 54 0 0 0 0 0 0 0 0 0 -1.94675 100 25 0.0399182 100 25 0 0 0 0 0 0 0 0
34900 -243.106 -0.679301 100 53 0 0 0 0 0 0 0 0 0 -1.9637 100 19 0.231181 100 17 0 0 0 0 0 0 0 0
35000 -243 -2.14226 100 60 0 0 0 0 0 0 0 0 0 -1.58784 100 21 -0.283839 100 25 0 0 0 0 0 0 0 0
35100 -241.869 -2.7354 100 59 0 0 0 0 0 0 0 0 0 -1.68857 100 19 -0.236992 100 13 0 0 0 0 0 0 0 0
35200 -241.257 -1.84542 100 60 0 0 0 0 0 0 0 0 0 -2.1847 100 24 0.178491 100 19 0 0 0 0 0 0 0 0
35300 -241.809 -3.59495 100 61 0 0 0 0 0 0 0 0 0 -2.16079 100 15 0.206022 100 12 0 0 0 0 0 0 0 0
35400 -241.913 -3.2632 100 61 0 0 0 0 0 0 0 0 0 -2.23339 100 23 0.3575 100 21 0 0 0 0 0 0 0 0
35500 -241.445 -1.29665 100 54 0 0 0 0 0 0 0 0 0 -1.89974 100 23 -0.0478247 100 24 0 0 0 0 0 0 0 0
35600 -243.481 -1.88936 100 55 0 0 0 0 0 0 0 0 0 -2.05626 100 19 -0.336957 100 19 0 0 0 0 0 0 0 0
35700 -240.958 -1.60076 100 56 0 0 0 0 0 0 0 0 0 -1.93075 100 17 0.0904007 100 20 0 0 0 0 0 0 0 0
35800 -241.885 -3.99371 100 57 0 0 0 0 0 0 0 0 0 -2.056 100 25 0.280652 100 23 0 0 0 0 0 0 0 0
35900 -241.359 -1.84308 100 52 0 0 0 0 0 0 0 0 0 -1.78985 100 26 -0.166932 100 23 0 0 0 0 0 0 0 0
36000 -242.488 -1.83511 100 59 0 0 0 0 0 0 0 0 0 -1.7054 100 25 0.00943697 100 22 0 0 0 0 0 0 0 0
36100 -245.185 -2.50989 100 54 0 0 0 0 0 0 0 0 0 -2.58651 100 29 0.886237 100 20 0 0 0 0 0 0 0 0
36200 -240.798 -1.9003 100 60 0 0 0 0 0 0 0 0 0 -1.96323 100 19 0.164514 100 18 0 0 0 0 0 0 0 0
36300 -240.875 -2.87436 100 61 0 0 0 0 0 0 0 0 0 -1.91534 100 32 0.0815727 100 22 0 0 0 0 0 0 0 0
36400 -242.612 -1.30024 100 58 0 0 0 0 0 0 0 0 0 -2.00641 100 25 -0.241841 100 21 0 0 0 0 0 0 0 0
36500 -242.407 -3.8442 100 61 0 0 0 0 0 0 0 0 0 -2.23455 100 23 0.295329 100 18 0 0 0 0 0 0 0 0
36600 -243.461 -2.98417 100 51 0 0 0 0 0 0 0 0 0 -1.80574 100 27 -0.536291 100 18 0 0 0 0 0 0 0 0
36700 -240.849 -1.61074 100 53 0 0 0 0 0 0 0 0 0 -2.04203 100 24 0.107162 100 18 0 0 0 0 0 0 0 0
36800 -241.691 -1.83243 100 57 0 0 0 0 0 0 0 0 0 -2.23904 100 29 0.183818 100 17 0 0 0 0 0 0 0 0
36900 -241.782 -3.68506 100 65 0 0 0 0 0 0 0 0 0 -1.87666 100 30 0.151159 100 26 0 0 0 0 0 0 0 0
37000 -245.081 -1.71486 100 53 0 0 0 0 0 0 0 0 0 -1.87677 100 31 -0.635535 100 20 0 0 0 0 0 0 0 0
37100 -244.779 -0.909773 100 56 0 0 0 0 0 0 0 0 0 -2.24376 100 28 -0.134376 100 17 0 0 0 0 0 0 0 0
37200 -244.207 -1.45693 100 57 0 0 0 0 0 0 0 0 0 -1.58687 100 27 -0.470597 100 22 0 0 0 0 0 0 0 0
37300 -242.494 -3.35038 100 57 0 0 0 0 0 0 0 0 0 -2.04193 100 25 0.452835 100 15 0 0 0 0 0 0 0 0
37400 -243.256 -0.670102 100 64 0 0 0 0 0 0 0 0 0 -1.92811 100 25 0.183005 100 21 0 0 0 0 0 0 0 0
37500 -241.446 -3.57481 100 62 0 0 0 0 0 0 0 0 0 -1.85166 100 18 -0.114602 100 14 0 0 0 0 0 0 0 0
37600 -240.887 -2.27359 100 61 0 0 0 0 0 0 0 0 0 -1.84313 100 27 -0.0715448 100 19 0 0 0 0 0 0 0 0
37700 -240.987 -1.59376 100 51 0 0 0 0 0 0 0 0 0 -1.98155 100 20 -0.0173957 100 14 0 0 0 0 0 0 0 0
37800 -242.411 -2.6793 100 45 0 0 0 0 0 0 0 0 0 -2.31695 100 23 0.267861 100 24 0 0 0 0 0 0 0 0
37900 -243.194 -1.54913 100 48 0 0 0 0 0 0 0 0 0 -1.90989 100 20 -0.421126 100 19 0 0 0 0 0 0 0 0
38000 -242.238 -3.29862 100 51 0 0 0 0 0 0 0 0 0 -2.20739 100 24 0.496404 100 23 0 0 0 0 0 0 0 0
38100 -241.342 -1.27926 100 52 0 0 0 0 0 0 0 0 0 -1.92654 100 21 0.0387858 100 21 0 0 0 0 0 0 0 0
38200 -242.869 -0.715879 100 46 0 0 0 0 0 0 0 0 0 -2.27819 100 25 0.266382 100 24 0 0 0 0 0 0 0 0
38300 -243.061 -2.59231 100 55 0 0 0 0 0 0 0 0 0 -2.23201 100 24 0.667833 100 16 0 0 0 0 0 0 0 0
38400 -241.174 -1.84209 100 48 0 0 0 0 0 0 0 0 0 -2.18049 100 29 0.20084 100 14 0 0 0 0 0 0 0 0
38500 -243.603 -2.3632 100 53 0 0 0 0 0 0 0 0 0 -2.37533 100 32 0.16544 100 20 0 0 0 0 0 0 0 0
38600 -240.842 -2.22659 100 57 0 0 0 0 0 0 0 0 0 -2.03544 100 28 0.261525 100 20 0 0 0 0 0 0 0 0
38700 -241.914 -3.99182 100 62 0 0 0 0 0 0 0 0 0 -1.90151 100 20 0.161257 100 20 0 0 0 0 0 0 0 0
38800 -246.742 -7.2706 100 53 0 0 0 0 0 0 0 0 0 -1.63753 100 22 -0.032508 100 14 0 0 0 0 0 0 0 0
38900 -241.472 -1.84432 100 53 0 0 0 0 0 0 0 0 0 -2.06174 100 22 0.398397 100 18 0 0 0 0 0 0 0 0
39000 -241.885 -3.64887 100 53 0 0 0 0 0 0 0 0 0 -2.1757 100 16 0.258975 100 16 0 0 0 0 0 0 0 0
39100 -241.206 -2.36478 100 61 0 0 0 0 0 0 0 0 0 -1.7977 100 26 0.000997132 100 22 0 0 0 0 0 0 0 0
39200 -242.045 -1.37042 100 55 0 0 0 0 0 0 0 0 0 -1.99257 100 31 0.361585 100 25 0 0 0 0 0 0 0 0
39300 -244.496 -5.76755 100 43 0 0 0 0 0 0 0 0 0 -2.13711 100 24 -0.0245981 100 9 0 0 0 0 0 0 0 0
39400 -241.87 -2.09041 100 54 0 0 0 0 0 0 0 0 0 -2.19473 100 25 0.0541408 100 23 0 0 0 0 0 0 0 0
39500 -242.914 -0.679646 100 56 0 0 0 0 0 0 0 0 0 -2.1932 100 27 0.121817 100 19 0 0 0 0 0 0 0 0
39600 -241.671 -2.11678 100 56 0 0 0 0 0 0 0 0 0 -1.87083 100 23 -0.291902 100 26 0 0 0 0 0 0 0 0
39700 -242.59 -2.92226 100 52 0 0 0 0 0 0 0 0 0 -2.34596 100 26 0.539725 100 19 0 0 0 0 0 0 0 0
39800 -241.28 -2.22531 100 65 0 0 0 0 0 0 0 0 0 -1.85677 100 29 0.143335 100 19 0 0 0 0 0 0 0 0
39900 -243.662 -3.4295 100 54 0 0 0 0 0 0 0 0 0 -2.42738 100 27 0.602545 100 14 0 0 0 0 0 0 0 0
40000 -241.615 -1.83184 100 59 0 0 0 0 0 0 0 0 0 -2.21378 100 18 0.144742 100 15 0 0 0 0 0 0 0 0
40100 -242.45 -2.95451 100 61 0 0 0 0 0 0 0 0 0 -1.78628 100 18 -0.423745 100 21 0 0 0 0 0 0 0 0
40200 -241.886 -3.35557 100 48 0 0 0 0 0 0 0 0 0 -2.14277 100 19 0.0711203 100 14 0 0 0 0 0 0 0 0
40300 -241.674 -1.77977 100 56 0 0 0 0 0 0 0 0 0 -2.27725 100 19 0.306097 100 12 0 0 0 0 0 0 0 0
40400 -241.438 -1.52274 100 55 0 0 0 0 0 0 0 0 0 -2.23175 100 21 0.368604 100 20 0 0 0 0 0 0 0 0
40500 -242.263 -3.10052 100 58 0 0 0 0 0 0 0 0 0 -1.72771 100 26 -0.383576 100 15 0 0 0 0 0 0 0 0
40600 -241.302 -3.27924 100 59 0 0 0 0 0 0 0 0 0 -1.85492 100 18 -0.139668 100 20 0 0 0 0 0 0 0 0
40700 -241.666 -1.16254 100 66 0 0 0 0 0 0 0 0 0 -1.91991 100 26 0.108184 100 16 0 0 0 0 0 0 0 0
40800 -244.589 -2.57758 100 62 0 0 0 0 0 0 0 0 0 -2.08868 100 18 0.688369 100 16 0 0 0 0 0 0 0 0
40900 -240.99 -2.16248 100 58 0 0 0 0 0 0 0 0 0 -1.85139 100 25 -0.141674 100 20 0 0 0 0 0 0 0 0
41000 -241.313 -1.80476 100 59 0 0 0 0 0 0 0 0 0 -2.21984 100 22 0.384203 100 14 0 0 0 0 0 0 0 0
41100 -241.902 -1.82176 100 63 0 0 0 0 0 0 0 0 0 -2.27112 100 23 0.537366 100 16 0 0 0 0 0 0 0 0
41200 -244.584 -0.637564 100 58 0 0 0 0 0 0 0 0 0 -2.01361 100 25 0.476178 100 25 0 0 0 0 0 0 0 0
41300 -241.608 -3.19903 100 54 0 0 0 0 0 0 0 0 0 -1.75912 100 24 -0.208463 100 16 0 0 0 0 0 0 0 0
41400 -241.463 -1.82431 100 46 0 0 0 0 0 0 0 0 0 -2.25238 100 25 0.398685 100 20 0 0 0 0 0 0 0 0
41500 -240.653 -2.14627 100 60 0 0 0 0 0 0 0 0 0 -2.01031 100 13 0.164214 100 15 0 0 0 0 0 0 0 0
41600 -240.972 -2.48305 100 54 0 0 0 0 0 0 0 0 0 -2.13582 100 21 0.22903 100 26 0 0 0 0 0 0 0 0
41700 -241.942 -1.83097 100 51 0 0 0 0 0 0 0 0 0 -2.14272 100 23 0.515644 100 18 0 0 0 0 0 0 0 0
41800 -242.09 -2.26204 100 49 0 0 0 0 0 0 0 0 0 -2.33832 100 24 0.464335 100 22 0 0 0 0 0 0 0 0
41900 -241.437 -1.86734 100 50 0 0 0 0 0 0 0 0 0 -1.86155 100 21 -0.234508 100 18 0 0 0 0 0 0 0 0
42000 -240.897 -2.08265 100 56 0 0 0 0 0 0 0 0 0 -2.1383 100 29 0.239996 100 25 0 0 0 0 0 0 0 0
42100 -240.866 -1.74956 100 49 0 0 0 0 0 0 0 0 0 -1.91067 100 27 -0.0167816 100 20 0 0 0 0 0 0 0 0
42200 -242.647 -1.86124 100 52 0 0 0 0 0 0 0 0 0 -1.86392 100 20 -0.416006 100 23 0 0 0 0 0 0 0 0
42300 -242.122 -4.5578 100 59 0 0 0 0 0 0 0 0 0 -1.94244 100 24 0.121456 100 12 0 0 0 0 0 0 0 0
42400 -241.622 -1.90096 100 66 0 0 0 0 0 0 0 0 0 -2.24289 100 26 0.482731 100 11 0 0 0 0 0 0 0 0
42500 -241.6 -1.84486 100 43 0 0 0 0 0 0 0 0 0 -2.27865 100 23 0.379479 100 13 0 0 0 0 0 0 0 0
42600 -240.628 -2.25047 100 61 0 0 0 0 0 0 0 0 0 -2.0116 100 23 0.121955 100 22 0 0 0 0 0 0 0 0
42700 -241.124 -2.18494 100 54 0 0 0 0 0 0 0 0 0 -2.1568 100 30 0.368151 100 22 0 0 0 0 0 0 0 0
42800 -242.3 -3.7312 100 59 0 0 0 0 0 0 0 0 0 -1.8726 100 18 -0.289114 100 21 0 0 0 0 0 0 0 0
42900 -242.63 -4.72992 100 62 0 0 0 0 0 0 0 0 0 -2.12627 100 25 0.181322 100 23 0 0 0 0 0 0 0 0
43000 -241.296 -3.22578 100 62 0 0 0 0 0 0 0 0 0 -2.11115 100 30 0.178273 100 23 0 0 0 0 0 0 0 0
43100 -242.556 -4.86773 100 59 0 0 0 0 0 0 0 0 0 -1.97083 100 21 -0.0532634 100 21 0 0 0 0 0 0 0 0
43200 -241.447 -1.83985 100 67 0 0 0 0 0 0 0 0 0 -1.99386 100 30 -0.151166 100 12 0 0 0 0 0 0 0 0
43300 -240.923 -1.87828 100 54 0 0 0 0 0 0 0 0 0 -2.12225 100 24 0.158703 100 13 0 0 0 0 0 0 0 0
43400 -242.584 -4.98105 100 54 0 0 0 0 0 0 0 0 0 -1.84898 100 18 -0.0148333 100 13 0 0 0 0 0 0 0 0
43500 -242.372 -3.9928 100 54 0 0 0 0 0 0 0 0 0 -1.86627 100 17 0.19851 100 13 0 0 0 0 0 0 0 0
43600 -241.637 -1.63506 100 49 0 0 0 0 0 0 0 0 0 -1.79451 100 24 0.0125377 100 14 0 0 0 0 0 0 0 0
43700 -240.779 -2.4956 100 63 0 0 0 0 0 0 0 0 0 -2.05123 100 28 0.219843 100 24 0 0 0 0 0 0 0 0
43800 -241.483 -3.37551 100 57 0 0 0 0 0 0 0 0 0 -2.10896 100 21 0.30655 100 19 0 0 0 0 0 0 0 0
43900 -245.852 -2.11369 100 60 0 0 0 0 0 0 0 0 0 -1.79778 100 24 -0.765685 100 25 0 0 0 0 0 0 0 0
44000 -242.285 -2.5729 100 64 0 0 0 0 0 0 0 0 0 -1.64397 100 26 -0.303378 100 19 0 0 0 0 0 0 0 0
44100 -241.527 -3.28983 100 56 0 0 0 0 0 0 0 0 0 -1.98143 100 26 -0.111538 100 21 0 0 0 0 0 0 0 0
44200 -242.413 -1.30123 100 52 0 0 0 0 0 0 0 0 0 -2.23668 100 29 0.0843291 100 23 0 0 0 0 0 0 0 0
44300 -240.723 -1.98782 100 56 0 0 0 0 0 0 0 0 0 -2.03128 100 26 0.208816 100 16 0 0 0 0 0 0 0 0
44400 -243.076 -2.62218 100 60 0 0 0 0 0 0 0 0 0 -2.12808 100 27 -0.193637 100 19 0 0 0 0 0 0 0 0
44500 -242.547 -1.36868 100 56 0 0 0 0 0 0 0 0 0 -2.18022 100 29 0.579899 100 23 0 0 0 0 0 0 0 0
44600 -240.985 -1.75116 100 62 0 0 0 0 0 0 0 0 0 -1.88297 100 24 0.0520895 100 19 0 0 0 0 0 0 0 0
44700 -242.883 -3.54748 100 68 0 0 0 0 0 0 0 0 0 -2.12102 100 19 -0.110479 100 15 0 0 0 0 0 0 0 0
44800 -243.617 -1.94101 100 53 0 0 0 0 0 0 0 0 0 -2.13631 100 20 -0.25202 100 22 0 0 0 0 0 0 0 0
44900 -244.181 -0.686549 100 58 0 0 0 0 0 0 0 0 0 -1.77881 100 19 -0.0137276 100 19 0 0 0 0 0 0 0 0
45000 -241.324 -2.78532 100 49 0 0 0 0 0 0 0 0 0 -2.06317 100 30 -0.0228502 100 19 0 0 0 0 0 0 0 0
45100 -244.223 -0.809315 100 51 0 0 0 0 0 0 0 0 0 -1.95424 100 24 -0.344208 100 19 0 0 0 0 0 0 0 0
45200 -241.255 -2.5775 100 50 0 0 0 0 0 0 0 0 0 -2.06334 100 23 -0.0269409 100 19 0 0 0 0 0 0 0 0
45300 -240.781 -2.57087 100 58 0 0 0 0 0 0 0 0 0 -2.01442 100 25 0.0402771 100 13 0 0 0 0 0 0 0 0
45400 -243.018 -5.04289 100 62 0 0 0 0 0 0 0 0 0 -1.75929 100 24 -0.0891355 100 19 0 0 0 0 0 0 0 0
45500 -241.066 -2.33768 100 59 0 0 0 0 0 0 0 0 0 -1.9521 100 17 -0.128841 100 20 0 0 0 0 0 0 0 0
45600 -241.051 -2.86027 100 61 0 0 0 0 0 0 0 0 0 -1.8307 100 25 -0.0293569 100 21 0 0 0 0 0 0 0 0
45700 -245.177 -3.9841 100 56 0 0 0 0 0 0 0 0 0 -1.66356 100 26 -0.695085 100 17 0 0 0 0 0 0 0 0
45800 -241.891 -3.88076 100 66 0 0 0 0 0 0 0 0 0 -2.12073 100 21 0.30281 100 19 0 0 0 0 0 0 0 0
45900 -246.009 -7.0996 100 65 0 0 0 0 0 0 0 0 0 -1.72991 100 28 0.082628 100 21 0 0 0 0 0 0 0 0
46000 -241.809 -2.88009 100 58 0 0 0 0 0 0 0 0 0 -1.85609 100 32 -0.303895 100 11 0 0 0 0 0 0 0 0
46100 -241.128 -2.00444 100 51 0 0 0 0 0 0 0 0 0 -2.18444 100 22 0.231812 100 21 0 0 0 0 0 0 0 0
46200 -245.804 -3.4222 100 56 0 0 0 0 0 0 0 0 0 -2.11156 100 22 -0.424495 100 17 0 0 0 0 0 0 0 0
46300 -243.089 -0.634586 100 64 0 0 0 0 0 0 0 0 0 -1.94778 100 24 -0.0313813 100 14 0 0 0 0 0 0 0 0
46400 -241.212 -1.5314 100 63 0 0 0 0 0 0 0 0 0 -1.90015 100 23 -0.0960299 100 23 0 0 0 0 0 0 0 0
46500 -243.002 -4.76138 100 58 0 0 0 0 0 0 0 0 0 -1.761 100 27 -0.281638 100 14 0 0 0 0 0 0 0 0
46600 -241.083 -1.94728 100 55 0 0 0 0 0 0 0 0 0 -1.8712 100 20 0.106684 100 15 0 0 0 0 0 0 0 0
46700 -242.669 -1.49758 100 58 0 0 0 0 0 0 0 0 0 -2.36 100 31 0.644378 100 23 0 0 0 0 0 0 0 0
46800 -241.638 -1.65943 100 64 0 0 0 0 0 0 0 0 0 -1.95673 100 25 -0.197562 100 21 0 0 0 0 0 0 0 0
46900 -242.195 -0.986561 100 45 0 0 0 0 0 0 0 0 0 -2.27753 100 24 0.417741 100 21 0 0 0 0 0 0 0 0
47000 -240.913 -2.19034 100 57 0 0 0 0 0 0 0 0 0 -1.97688 100 28 -0.0709085 100 21 0 0 0 0 0 0 0 0
47100 -242.435 -3.08975 100 59 0 0 0 0 0 0 0 0 0 -1.63954 100 23 -0.216527 100 20 0 0 0 0 0 0 0 0
47200 -243.506 -1.39283 100 60 0 0 0 0 0 0 0 0 0 -1.76132 100 26 0.18419 100 12 0 0 0 0 0 0 0 0
47300 -243.625 -2.95841 100 56 0 0 0 0 0 0 0 0 0 -2.02072 100 24 -0.370028 100 22 0 0 0 0 0 0 0 0
47400 -243.398 -3.51557 100 56 0 0 0 0 0 0 0 0 0 -1.58237 100 27 -0.417402 100 25 0 0 0 0 0 0 0 0
47500 -241.034 -2.7829 100 55 0 0 0 0 0 0 0 0 0 -1.96593 100 18 0.216397 100 20 0 0 0 0 0 0 0 0
47600 -243.142 -1.68571 100 57 0 0 0 0 0 0 0 0 0 -2.44315 100 26 0.406105 100 18 0 0 0 0 0 0 0 0
47700 -241.965 -1.15852 100 50 0 0 0 0 0 0 0 0 0 -1.85603 100 28 -0.116641 100 17 0 0 0 0 0 0 0 0
47800 -241.969 -2.50581 100 61 0 0 0 0 0 0 0 0 0 -1.96707 100 20 0.375724 100 19 0 0 0 0 0 0 0 0
47900 -241.279 -2.86934 100 49 0 0 0 0 0 0 0 0 0 -2.13888 100 26 0.148923 100 11 0 0 0 0 0 0 0 0
48000 -241.625 -3.65965 100 56 0 0 0 0 0 0 0 0 0 -2.11776 100 22 0.214152 100 21 0 0 0 0 0 0 0 0
48100 -242.661 -1.59374 100 57 0 0 0 0 0 0 0 0 0 -1.67003 100 19 -0.30012 100 17 0 0 0 0 0 0 0 0
48200 -241.398 -2.22433 100 62 0 0 0 0 0 0 0 0 0 -1.8303 100 26 -0.256686 100 27 0 0 0 0 0 0 0 0
48300 -242.562 -1.36697 100 55 0 0 0 0 0 0 0 0 0 -1.86364 100 23 -0.336941 100 17 0 0 0 0 0 0 0 0
48400 -240.767 -2.4218 100 58 0 0 0 0 0 0 0 0 0 -2.00401 100 28 0.0134173 100 16 0 0 0 0 0 0 0 0
48500 -241.146 -1.9712 100 56 0 0 0 0 0 0 0 0 0 -2.10868 100 21 0.373212 100 13 0 0 0 0 0 0 0 0
48600 -240.759 -2.18786 100 49 0 0 0 0 0 0 0 0 0 -2.08933 100 23 0.173521 100 22 0 0 0 0 0 0 0 0
48700 -246.392 -1.56741 100 62 0 0 0 0 0 0 0 0 0 -2.38951 100 18 -0.110472 100 24 0 0 0 0 0 0 0 0
48800 -242.645 -3.31798 100 58 0 0 0 0 0 0 0 0 0 -1.64723 100 22 -0.369849 100 29 0 0 0 0 0 0 0 0
48900 -243.26 -4.85215 100 54 0 0 0 0 0 0 0 0 0 -2.22663 100 27 0.294833 100 18 0 0 0 0 0 0 0 0
49000 -241.232 -1.36235 100 58 0 0 0 0 0 0 0 0 0 -1.97654 100 16 0.182392 100 24 0 0 0 0 0 0 0 0
49100 -241.346 -3.28398 100 61 0 0 0 0 0 0 0 0 0 -1.81726 100 24 -0.0188536 100 23 0 0 0 0 0 0 0 0
49200 -241.99 -2.89088 100 56 0 0 0 0 0 0 0 0 0 -2.26537 100 27 0.469035 100 16 0 0 0 0 0 0 0 0
49300 -241.211 -2.71805 100 51 0 0 0 0 0 0 0 0 0 -2.01285 100 25 0.302193 100 20 0 0 0 0 0 0 0 0
49400 -243.235 -3.3788 100 62 0 0 0 0 0 0 0 0 0 -2.30628 100 29 0.166333 100 26 0 0 0 0 0 0 0 0
49500 -240.641 -2.41685 100 53 0 0 0 0 0 0 0 0 0 -1.964 100 19 0.081494 100 18 0 0 0 0 0 0 0 0
49600 -241.629 -1.87903 100 57 0 0 0 0 0 0 0 0 0 -1.95623 100 18 0.31992 100 18 0 0 0 0 0 0 0 0
49700 -240.668 -2.41644 100 51 0 0 0 0 0 0 0 0 0 -2.01164 100 24 0.0834526 100 16 0 0 0 0 0 0 0 0
49800 -241.581 -3.47319 100 53 0 0 0 0 0 0 0 0 0 -2.13026 100 27 0.299591 100 24 0 0 0 0 0 0 0 0
49900 -241.696 -4.04719 100 62 0 0 0 0 0 0 0 0 0 -1.91464 100 21 0.0946726 100 20 0 0 0 0 0 0 0 0
50000 -242.21 -2.49972 100 60 0 0 0 0 0 0 0 0 0 -2.19267 100 28 0.0119838 100 20 0 0 0 0 0 0 0 0
50100 -245.861 -4.22886 100 57 0 0 0 0 0 0 0 0 0 -2.06958 100 20 -0.42802 100 24 0 0 0 0 0 0 0 0
50200 -244.239 -3.83132 100 60 0 0 0 0 0 0 0 0 0 -1.8459 100 23 0.373174 100 22 0 0 0 0 0 0 0 0
50300 -241.064 -1.40504 100 47 0 0 0 0 0 0 0 0 0 -2.09074 100 31 0.16992 100 21 0 0 0 0 0 0 0 0
50400 -240.928 -2.9132 100 55 0 0 0 0 0 0 0 0 0 -2.03571 100 28 0.0800926 100 22 0 0 0 0 0 0 0 0
50500 -241.859 -3.83453 100 62 0 0 0 0 0 0 0 0 0 -2.06934 100 18 0.31397 100 16 0 0 0 0 0 0 0 0
50600 -241.226 -2.48232 100 60 0 0 0 0 0 0 0 0 0 -1.78958 100 23 -0.191579 100 19 0 0 0 0 0 0 0 0
50700 -240.844 -2.15579 100 57 0 0 0 0 0 0 0 0 0 -2.00766 100 26 -0.0187702 100 16 0 0 0 0 0 0 0 0
50800 -240.939 -2.09015 100 63 0 0 0 0 0 0 0 0 0 -2.06735 100 18 0.035298 100 14 0 0 0 0 0 0 0 0
50900 -241.253 -3.2701 100 51 0 0 0 0 0 0 0 0 0 -2.0925 100 26 0.169946 100 14 0 0 0 0 0 0 0 0
51000 -240.733 -1.98048 100 52 0 0 0 0 0 0 0 0 0 -1.91753 100 26 -0.0085984 100 20 0 0 0 0 0 0 0 0
51100 -241.078 -2.95158 100 50 0 0 0 0 0 0 0 0 0 -1.91226 100 21 0.14332 100 24 0 0 0 0 0 0 0 0
51200 -241.989 -1.81347 100 59 0 0 0 0 0 0 0 0 0 -2.32815 100 16 0.370706 100 12 0 0 0 0 0 0 0 0
51300 -241.791 -0.993406 100 59 0 0 0 0 0 0 0 0 0 -1.97482 100 22 0.115685 100 22 0 0 0 0 0 0 0 0
51400 -242.478 -4.39415 100 51 0 0 0 0 0 0 0 0 0 -1.74855 100 27 -0.168996 100 15 0 0 0 0 0 0 0 0
51500 -240.74 -2.27977 100 56 0 0 0 0 0 0 0 0 0 -2.08 100 27 0.186087 100 18 0 0 0 0 0 0 0 0
51600 -241.844 -2.89316 100 62 0 0 0 0 0 0 0 0 0 -2.23689 100 23 0.453542 100 15 0 0 0 0 0 0 0 0
51700 -241.444 -3.80723 100 52 0 0 0 0 0 0 0 0 0 -1.94231 100 24 -1.74503e-05 100 17 0 0 0 0 0 0 0 0
51800 -241.514 -2.27656 100 53 0 0 0 0 0 0 0 0 0 -2.03258 100 26 -0.129557 100 18 0 0 0 0 0 0 0 0
51900 -242.453 -1.36254 100 54 0 0 0 0 0 0 0 0 0 -1.95773 100 21 -0.271663 100 25 0 0 0 0 0 0 0 0
52000 -243.119 -2.11479 100 65 0 0 0 0 0 0 0 0 0 -2.38393 100 26 0.248286 100 19 0 0 0 0 0 0 0 0
52100 -242.177 -2.61015 100 51 0 0 0 0 0 0 0 0 0 -1.80535 100 25 0.190955 100 17 0 0 0 0 0 0 0 0
52200 -240.81 -2.62157 100 48 0 0 0 0 0 0 0 0 0 -2.02938 100 24 0.2117 100 23 0 0 0 0 0 0 0 0
52300 -241.238 -3.12134 100 40 0 0 0 0 0 0 0 0 0 -1.97271 100 16 0.229901 100 16 0 0 0 0 0 0 0 0
52400 -241.053 -2.23119 100 55 0 0 0 0 0 0 0 0 0 -2.15764 100 29 0.334336 100 23 0 0 0 0 0 0 0 0
52500 -242.551 -1.9556 100 61 0 0 0 0 0 0 0 0 0 -2.27793 100 24 0.10076 100 17 0 0 0 0 0 0 0 0
52600 -243.097 -5.1099 100 49 0 0 0 0 0 0 0 0 0 -1.76171 100 32 -0.0663606 100 13 0 0 0 0 0 0 0 0
52700 -242.827 -1.44533 100 42 0 0 0 0 0 0 0 0 0 -2.38336 100 24 0.659248 100 19 0 0 0 0 0 0 0 0
52800 -240.891 -2.91622 100 57 0 0 0 0 0 0 0 0 0 -1.90453 100 24 -0.0344907 100 20 0 0 0 0 0 0 0 0
52900 -240.792 -2.42123 100 62 0 0 0 0 0 0 0 0 0 -1.928 100 27 0.13057 100 17 0 0 0 0 0 0 0 0
53000 -242.171 -2.00669 100 48 0 0 0 0 0 0 0 0 0 -1.87261 100 30 -0.359605 100 20 0 0 0 0 0 0 0 0
53100 -241.187 -2.10513 100 60 0 0 0 0 0 0 0 0 0 -1.78914 100 22 -0.136697 100 18 0 0 0 0 0 0 0 0
53200 -242.624 -2.84888 100 65 0 0 0 0 0 0 0 0 0 -1.7507 100 18 -0.461176 100 17 0 0 0 0 0 0 0 0
53300 -242.293 -3.40126 100 51 0 0 0 0 0 0 0 0 0 -1.70851 100 34 -0.342511 100 20 0 0 0 0 0 0 0 0
53400 -242.589 -2.46589 100 57 0 0 0 0 0 0 0 0 0 -2.38099 100 31 0.55924 100 21 0 0 0 0 0 0 0 0
53500 -242.473 -1.54957 100 48 0 0 0 0 0 0 0 0 0 -1.84 100 28 0.231924 100 25 0 0 0 0 0 0 0 0
53600 -241.068 -1.56298 100 59 0 0 0 0 0 0 0 0 0 -2.11325 100 32 0.306796 100 13 0 0 0 0 0 0 0 0
53700 -241.018 -1.87731 100 60 0 0 0 0 0 0 0 0 0 -2.14761 100 23 0.177886 100 12 0 0 0 0 0 0 0 0
53800 -241.54 -2.66125 100 64 0 0 0 0 0 0 0 0 0 -1.79137 100 21 -0.280592 100 21 0 0 0 0 0 0 0 0
53900 -241.142 -1.4358 100 58 0 0 0 0 0 0 0 0 0 -2.06016 100 19 0.0560209 100 18 0 0 0 0 0 0 0 0
54000 -244.425 -2.08688 100 54 0 0 0 0 0 0 0 0 0 -1.96827 100 32 0.571198 100 27 0 0 0 0 0 0 0 0
54100 -241.762 -3.85873 100 57 0 0 0 0 0 0 0 0 0 -1.84201 100 20 -0.158059 100 19 0 0 0 0 0 0 0 0
54200 -241.216 -1.24807 100 48 0 0 0 0 0 0 0 0 0 -2.02333 100 17 0.115979 100 19 0 0 0 0 0 0 0 0
54300 -241.66 -1.65312 100 52 0 0 0 0 0 0 0 0 0 -1.85252 100 24 -0.248006 100 16 0 0 0 0 0 0 0 0
54400 -241.538 -3.17373 100 61 0 0 0 0 0 0 0 0 0 -2.08581 100 25 0.359516 100 19 0 0 0 0 0 0 0 0
54500 -241.773 -3.45504 100 56 0 0 0 0 0 0 0 0 0 -1.99303 100 32 0.309226 100 17 0 0 0 0 0 0 0 0
54600 -243.937 -3.67353 100 64 0 0 0 0 0 0 0 0 0 -1.70687 100 27 0.160859 100 21 0 0 0 0 0 0 0 0
54700 -242.549 -1.27177 100 54 0 0 0 0 0 0 0 0 0 -2.18885 100 19 -0.0109757 100 22 0 0 0 0 0 0 0 0
54800 -244.778 -6.47309 100 60 0 0 0 0 0 0 0 0 0 -2.14358 100 16 0.0654705 100 14 0 0 0 0 0 0 0 0
54900 -240.994 -2.57946 100 65 0 0 0 0 0 0 0 0 0 -2.11935 100 23 0.287532 100 19 0 0 0 0 0 0 0 0
55000 -242.114 -2.75582 100 53 0 0 0 0 0 0 0 0 0 -1.75419 100 24 0.0894799 100 21 0 0 0 0 0 0 0 0
55100 -243.174 -0.573535 100 57 0 0 0 0 0 0 0 0 0 -2.11968 100 22 0.0487544 100 16 0 0 0 0 0 0 0 0
55200 -241.475 -2.33787 100 60 0 0 0 0 0 0 0 0 0 -1.7643 100 22 -0.255873 100 15 0 0 0 0 0 0 0 0
55300 -240.806 -1.8026 100 52 0 0 0 0 0 0 0 0 0 -2.07273 100 22 0.121599 100 19 0 0 0 0 0 0 0 0
55400 -240.694 -2.03128 100 48 0 0 0 0 0 0 0 0 0 -1.94654 100 26 0.000233132 100 14 0 0 0 0 0 0 0 0
55500 -241.463 -1.27955 100 59 0 0 0 0 0 0 0 0 0 -2.01975 100 28 0.273433 100 10 0 0 0 0 0 0 0 0
55600 -241.042 -2.66324 100 57 0 0 0 0 0 0 0 0 0 -2.10898 100 23 0.301641 100 18 0 0 0 0 0 0 0 0
55700 -241.338 -2.02861 100 57 0 0 0 0 0 0 0 0 0 -2.13515 100 26 0.0495945 100 23 0 0 0 0 0 0 0 0
55800 -241.556 -2.14442 100 55 0 0 0 0 0 0 0 0 0 -1.96285 100 25 -0.210326 100 23 0 0 0 0 0 0 0 0
55900 -242.375 -4.39496 100 49 0 0 0 0 0 0 0 0 0 -1.78555 100 26 -0.0223899 100 17 0 0 0 0 0 0 0 0
56000 -241.51 -1.86927 100 59 0 0 0 0 0 0 0 0 0 -1.91936 100 25 -0.223793 100 17 0 0 0 0 0 0 0 0
56100 -241.009 -2.54657 100 54 0 0 0 0 0 0 0 0 0 -1.93614 100 17 -0.11874 100 18 0 0 0 0 0 0 0 0
56200 -245.34 -1.61998 100 61 0 0 0 0 0 0 0 0 0 -2.60353 100 23 0.453633 100 21 0 0 0 0 0 0 0 0
56300 -240.955 -1.68045 100 50 0 0 0 0 0 0 0 0 0 -2.06924 100 23 0.0697544 100 15 0 0 0 0 0 0 0 0
56400 -240.775 -1.69758 100 56 0 0 0 0 0 0 0 0 0 -1.97446 100 27 0.0874471 100 22 0 0 0 0 0 0 0 0
56500 -241.136 -2.99621 100 56 0 0 0 0 0 0 0 0 0 -2.06648 100 28 0.0657214 100 24 0 0 0 0 0 0 0 0
56600 -241.99 -1.47578 100 49 0 0 0 0 0 0 0 0 0 -1.97389 100 21 -0.213295 100 14 0 0 0 0 0 0 0 0
56700 -241.366 -2.51962 100 51 0 0 0 0 0 0 0 0 0 -1.76347 100 19 -0.211781 100 20 0 0 0 0 0 0 0 0
56800 -241.302 -1.76193 100 52 0 0 0 0 0 0 0 0 0 -2.09786 100 23 0.00775333 100 23 0 0 0 0 0 0 0 0
56900 -243.486 -3.66806 100 67 0 0 0 0 0 0 0 0 0 -2.12688 100 21 0.586038 100 19 0 0 0 0 0 0 0 0
57000 -241.403 -3.26606 100 44 0 0 0 0 0 0 0 0 0 -1.79625 100 28 -0.0576361 100 20 0 0 0 0 0 0 0 0
57100 -243.262 -1.73719 100 56 0 0 0 0 0 0 0 0 0 -2.22911 100 27 -0.0758388 100 12 0 0 0 0 0 0 0 0
57200 -242.949 -5.44891 100 53 0 0 0 0 0 0 0 0 0 -1.88866 100 22 -0.041799 100 21 0 0 0 0 0 0 0 0
57300 -241.523 -3.47076 100 59 0 0 0 0 0 0 0 0 0 -1.98596 100 26 -0.0769452 100 15 0 0 0 0 0 0 0 0
57400 -242.29 -3.847 100 59 0 0 0 0 0 0 0 0 0 -1.92515 100 19 0.2756 100 22 0 0 0 0 0 0 0 0
57500 -241.436 -1.19341 100 53 0 0 0 0 0 0 0 0 0 -1.95327 100 29 0.0188191 100 23 0 0 0 0 0 0 0 0
57600 -243.378 -2.10301 100 44 0 0 0 0 0 0 0 0 0 -2.01774 100 23 0.551811 100 15 0 0 0 0 0 0 0 0
57700 -244.733 -3.08389 100 61 0 0 0 0 0 0 0 0 0 -2.27154 100 23 -0.114654 100 18 0 0 0 0 0 0 0 0
57800 -241.962 -3.2759 100 51 0 0 0 0 0 0 0 0 0 -2.09252 100 23 -0.0446997 100 19 0 0 0 0 0 0 0 0
57900 -241.853 -1.04822 100 59 0 0 0 0 0 0 0 0 0 -2.22304 100 29 0.320462 100 25 0 0 0 0 0 0 0 0
58000 -243.356 -4.63161 100 65 0 0 0 0 0 0 0 0 0 -1.91982 100 32 -0.29682 100 23 0 0 0 0 0 0 0 0
58100 -241.588 -3.90325 100 66 0 0 0 0 0 0 0 0 0 -1.87566 100 23 0.0225215 100 12 0 0 0 0 0 0 0 0
58200 -240.928 -1.75715 100 70 0 0 0 0 0 0 0 0 0 -2.04051 100 25 0.0245104 100 21 0 0 0 0 0 0 0 0
58300 -242.642 -2.96902 100 52 0 0 0 0 0 0 0 0 0 -1.61491 100 29 -0.244376 100 21 0 0 0 0 0 0 0 0
58400 -241.18 -1.7861 100 54 0 0 0 0 0 0 0 0 0 -2.08049 100 18 0.00764188 100 20 0 0 0 0 0 0 0 0
58500 -240.862 -1.99979 100 57 0 0 0 0 0 0 0 0 0 -1.96475 100 17 -0.0598286 100 14 0 0 0 0 0 0 0 0
58600 -242.812 -1.98815 100 39 0 0 0 0 0 0 0 0 0 -2.29172 100 22 0.679312 100 24 0 0 0 0 0 0 0 0
58700 -243.255 -3.53316 100 51 0 0 0 0 0 0 0 0 0 -1.81018 100 25 -0.475168 100 19 0 0 0 0 0 0 0 0
58800 -242.046 -1.41489 100 47 0 0 0 0 0 0 0 0 0 -2.21528 100 28 0.534196 100 24 0 0 0 0 0 0 0 0
58900 -241.575 -1.68402 100 61 0 0 0 0 0 0 0 0 0 -1.78111 100 23 -0.186362 100 17 0 0 0 0 0 0 0 0
59000 -241.685 -2.65354 100 56 0 0 0 0 0 0 0 0 0 -2.15576 100 23 0.464031 100 19 0 0 0 0 0 0 0 0
59100 -243.903 -2.88286 100 58 0 0 0 0 0 0 0 0 0 -2.17321 100 23 -0.20099 100 18 0 0 0 0 0 0 0 0
59200 -240.762 -2.49061 100 51 0 0 0 0 0 0 0 0 0 -1.97312 100 30 0.170409 100 20 0 0 0 0 0 0 0 0
59300 -241.371 -3.52188 100 55 0 0 0 0 0 0 0 0 0 -2.0441 100 22 0.0719049 100 20 0 0 0 0 0 0 0 0
59400 -241.587 -2.89991 100 51 0 0 0 0 0 0 0 0 0 -1.8597 100 24 -0.261833 100 12 0 0 0 0 0 0 0 0
59500 -245.556 -2.16422 100 64 0 0 0 0 0 0 0 0 0 -1.45819 100 25 -0.654631 100 21 0 0 0 0 0 0 0 0
59600 -242.599 -2.46916 100 49 0 0 0 0 0 0 0 0 0 -1.62248 100 28 -0.368482 100 15 0 0 0 0 0 0 0 0
59700 -242.551 -4.91976 100 59 0 0 0 0 0 0 0 0 0 -1.98762 100 27 -0.0133467 100 11 0 0 0 0 0 0 0 0
59800 -244.501 -1.24955 100 54 0 0 0 0 0 0 0 0 0 -1.90272 100 26 -0.514652 100 19 0 0 0 0 0 0 0 0
59900 -243.498 -3.40115 100 51 0 0 0 0 0 0 0 0 0 -1.67892 100 21 0.0841896 100 19 0 0 0 0 0 0 0 0
60000 -241.196 -1.77955 100 64 0 0 0 0 0 0 0 0 0 -1.86501 100 24 -0.16023 100 15 0 0 0 0 0 0 0 0
60100 -240.756 -2.73487 100 62 0 0 0 0 0 0 0 0 0 -1.93271 100 15 0.0605223 100 7 0 0 0 0 0 0 0 0
60200 -241.452 -2.27956 100 64 0 0 0 0 0 0 0 0 0 -1.95045 100 22 0.298584 100 24 0 0 0 0 0 0 0 0
60300 -243.002 -4.6241 100 53 0 0 0 0 0 0 0 0 0 -2.05587 100 30 -0.0868533 100 21 0 0 0 0 0 0 0 0
60400 -243.063 -2.98397 100 44 0 0 0 0 0 0 0 0 0 -1.57849 100 22 -0.343687 100 20 0 0 0 0 0 0 0 0
60500 -241.772 -1.18994 100 48 0 0 0 0 0 0 0 0 0 -2.12837 100 20 0.405546 100 13 0 0 0 0 0 0 0 0
60600 -240.977 -3.08428 100 59 0 0 0 0 0 0 0 0 0 -1.88913 100 23 -0.00219401 100 24 0 0 0 0 0 0 0 0
60700 -241.242 -1.65007 100 53 0 0 0 0 0 0 0 0 0 -1.83291 100 24 -0.0848224 100 14 0 0 0 0 0 0 0 0
60800 -241.79 -3.44595 100 62 0 0 0 0 0 0 0 0 0 -2.16255 100 20 0.370464 100 19 0 0 0 0 0 0 0 0
60900 -243.522 -5.91973 100 59 0 0 0 0 0 0 0 0 0 -2.01189 100 18 0.0185441 100 18 0 0 0 0 0 0 0 0
61000 -242.725 -2.09471 100 57 0 0 0 0 0 0 0 0 0 -2.0607 100 28 0.539207 100 19 0 0 0 0 0 0 0 0
61100 -241.636 -3.99821 100 56 0 0 0 0 0 0 0 0 0 -2.01021 100 16 0.162436 100 16 0 0 0 0 0 0 0 0
61200 -240.72 -2.62301 100 61 0 0 0 0 0 0 0 0 0 -2.00151 100 17 0.0722726 100 17 0 0 0 0 0 0 0 0
61300 -243.192 -1.65753 100 60 0 0 0 0 0 0 0 0 0 -1.68063 100 30 -0.472566 100 20 0 0 0 0 0 0 0 0
61400 -242.284 -3.13756 100 55 0 0 0 0 0 0 0 0 0 -2.15726 100 26 -0.00723745 100 28 0 0 0 0 0 0 0 0
61500 -242.163 -3.81659 100 48 0 0 0 0 0 0 0 0 0 -2.02301 100 19 -0.108249 100 19 0 0 0 0 0 0 0 0
61600 -241.007 -2.52546 100 56 0 0 0 0 0 0 0 0 0 -1.90088 100 30 0.14952 100 15 0 0 0 0 0 0 0 0
61700 -242.498 -4.20978 100 57 0 0 0 0 0 0 0 0 0 -1.7232 100 24 -0.214309 100 12 0 0 0 0 0 0 0 0
61800 -241.204 -3.52461 100 65 0 0 0 0 0 0 0 0 0 -1.93239 100 20 0.0493966 100 22 0 0 0 0 0 0 0 0
61900 -244.838 -1.64231 100 54 0 0 0 0 0 0 0 0 0 -1.6039 100 29 0.0363126 100 13 0 0 0 0 0 0 0 0
62000 -240.633 -2.33885 100 53 0 0 0 0 0 0 0 0 0 -2.00423 100 25 0.105578 100 19 0 0 0 0 0 0 0 0
62100 -242.352 -3.06065 100 58 0 0 0 0 0 0 0 0 0 -2.30819 100 27 0.341766 100 18 0 0 0 0 0 0 0 0
62200 -241.569 -1.53662 100 53 0 0 0 0 0 0 0 0 0 -1.89442 100 24 0.187015 100 17 0 0 0 0 0 0 0 0
62300 -242.657 -1.35617 100 49 0 0 0 0 0 0 0 0 0 -2.29367 100 33 0.143584 100 20 0 0 0 0 0 0 0 0
62400 -244.641 -3.06419 100 49 0 0 0 0 0 0 0 0 0 -2.25359 100 24 0.78735 100 17 0 0 0 0 0 0 0 0
62500 -241.094 -1.52932 100 51 0 0 0 0 0 0 0 0 0 -1.99848 100 17 -0.0223891 100 17 0 0 0 0 0 0 0 0
62600 -241.117 -1.68293 100 53 0 0 0 0 0 0 0 0 0 -2.17489 100 21 0.318031 100 19 0 0 0 0 0 0 0 0
62700 -241.263 -1.68659 100 57 0 0 0 0 0 0 0 0 0 -2.17234 100 25 0.392886 100 15 0 0 0 0 0 0 0 0
62800 -241.625 -1.52347 100 60 0 0 0 0 0 0 0 0 0 -1.83738 100 21 -0.202854 100 16 0 0 0 0 0 0 0 0
62900 -243.181 -4.33741 100 63 0 0 0 0 0 0 0 0 0 -2.17098 100 26 0.506902 100 15 0 0 0 0 0 0 0 0
63000 -241.935 -2.62681 100 45 0 0 0 0 0 0 0 0 0 -2.23755 100 22 0.164475 100 20 0 0 0 0 0 0 0 0
63100 -245.322 -4.12616 100 60 0 0 0 0 0 0 0 0 0 -2.52439 100 27 0.546701 100 14 0 0 0 0 0 0 0 0
63200 -242.794 -0.755081 100 62 0 0 0 0 0 0 0 0 0 -2.04032 100 26 -0.0590605 100 24 0 0 0 0 0 0 0 0
63300 -241.962 -1.33372 100 62 0 0 0 0 0 0 0 0 0 -1.86115 100 28 0.147846 100 24 0 0 0 0 0 0 0 0
63400 -243.257 -3.07848 100 53 0 0 0 0 0 0 0 0 0 -1.59883 100 20 -0.477555 100 20 0 0 0 0 0 0 0 0
63500 -240.872 -2.22455 100 50 0 0 0 0 0 0 0 0 0 -2.03211 100 25 0.00433796 100 17 0 0 0 0 0 0 0 0
63600 -241.537 -1.96919 100 54 0 0 0 0 0 0 0 0 0 -2.17832 100 29 0.471665 100 20 0 0 0 0 0 0 0 0
63700 -241.194 -2.45107 100 48 0 0 0 0 0 0 0 0 0 -1.87934 100 24 -0.199918 100 18 0 0 0 0 0 0 0 0
63800 -241.082 -2.6279 100 49 0 0 0 0 0 0 0 0 0 -1.97736 100 27 0.252364 100 20 0 0 0 0 0 0 0 0
63900 -241.626 -2.70795 100 47 0 0 0 0 0 0 0 0 0 -2.16516 100 24 0.449839 100 21 0 0 0 0 0 0 0 0
64000 -242.495 -4.64798 100 65 0 0 0 0 0 0 0 0 0 -1.99734 100 34 -0.0596597 100 25 0 0 0 0 0 0 0 0
64100 -245.27 -6.47356 100 59 0 0 0 0 0 0 0 0 0 -2.17516 100 28 0.0313934 100 18 0 0 0 0 0 0 0 0
64200 -241.346 -1.85426 100 62 0 0 0 0 0 0 0 0 0 -2.12824 100 28 0.0405287 100 24 0 0 0 0 0 0 0 0
64300 -240.942 -2.25292 100 61 0 0 0 0 0 0 0 0 0 -2.10546 100 19 0.108072 100 24 0 0 0 0 0 0 0 0
64400 -242.056 -1.44103 100 58 0 0 0 0 0 0 0 0 0 -2.24921 100 21 0.544811 100 14 0 0 0 0 0 0 0 0
64500 -240.994 -2.63314 100 52 0 0 0 0 0 0 0 0 0 -1.86094 100 28 -0.13578 100 23 0 0 0 0 0 0 0 0
64600 -240.745 -1.84423 100 51 0 0 0 0 0 0 0 0 0 -1.95227 100 25 0.106566 100 16 0 0 0 0 0 0 0 0
64700 -243.164 -1.31869 100 56 0 0 0 0 0 0 0 0 0 -2.46079 100 34 0.608743 100 17 0 0 0 0 0 0 0 0
64800 -242.293 -1.86692 100 62 0 0 0 0 0 0 0 0 0 -2.10562 100 22 0.531821 100 26 0 0 0 0 0 0 0 0
64900 -241.766 -3.67196 100 60 0 0 0 0 0 0 0 0 0 -2.14676 100 28 0.225799 100 12 0 0 0 0 0 0 0 0
65000 -242.52 -2.37023 100 57 0 0 0 0 0 0 0 0 0 -1.97941 100 24 -0.320862 100 27 0 0 0 0 0 0 0 0
65100 -241.488 -3.09754 100 50 0 0 0 0 0 0 0 0 0 -2.06124 100 25 0.348498 100 19 0 0 0 0 0 0 0 0
65200 -242.413 -3.21342 100 64 0 0 0 0 0 0 0 0 0 -1.76191 100 18 0.118827 100 14 0 0 0 0 0 0 0 0
65300 -241.595 -2.05615 100 50 0 0 0 0 0 0 0 0 0 -1.73855 100 22 -0.0826585 100 15 0 0 0 0 0 0 0 0
65400 -243.823 -3.41081 100 60 0 0 0 0 0 0 0 0 0 -2.30565 100 14 0.0788915 100 17 0 0 0 0 0 0 0 0
65500 -242.384 -2.06864 100 56 0 0 0 0 0 0 0 0 0 -2.30879 100 22 0.617941 100 7 0 0 0 0 0 0 0 0
65600 -243.794 -4.33217 100 49 0 0 0 0 0 0 0 0 0 -1.64125 100 31 -0.467329 100 17 0 0 0 0 0 0 0 0
65700 -241.121 -1.81506 100 57 0 0 0 0 0 0 0 0 0 -1.85462 100 17 0.0583459 100 20 0 0 0 0 0 0 0 0
65800 -241.349 -1.7129 100 63 0 0 0 0 0 0 0 0 0 -2.22947 100 22 0.308645 100 19 0 0 0 0 0 0 0 0
65900 -243.709 -2.26332 100 50 0 0 0 0 0 0 0 0 0 -1.63284 100 29 -0.594144 100 24 0 0 0 0 0 0 0 0
66000 -241.444 -2.83391 100 67 0 0 0 0 0 0 0 0 0 -1.77426 100 20 -0.230126 100 24 0 0 0 0 0 0 0 0
66100 -242.4 -3.20602 100 59 0 0 0 0 0 0 0 0 0 -1.7248 100 18 0.0460101 100 23 0 0 0 0 0 0 0 0
66200 -241.751 -2.39783 100 61 0 0 0 0 0 0 0 0 0 -2.079 100 27 -0.103098 100 22 0 0 0 0 0 0 0 0
66300 -243.999 -0.707623 100 61 0 0 0 0 0 0 0 0 0 -2.44168 100 24 0.707941 100 16 0 0 0 0 0 0 0 0
66400 -241.668 -4.01926 100 59 0 0 0 0 0 0 0 0 0 -1.87414 100 26 -0.0355779 100 18 0 0 0 0 0 0 0 0
66500 -241.201 -3.43946 100 61 0 0 0 0 0 0 0 0 0 -1.93691 100 34 -0.0252217 100 22 0 0 0 0 0 0 0 0
66600 -241.339 -2.12066 100 61 0 0 0 0 0 0 0 0 0 -2.23265 100 24 0.350193 100 18 0 0 0 0 0 0 0 0
66700 -240.693 -2.05623 100 48 0 0 0 0 0 0 0 0 0 -1.9202 100 21 0.0212617 100 11 0 0 0 0 0 0 0 0
66800 -243.796 -3.57378 100 54 0 0 0 0 0 0 0 0 0 -2.00574 100 22 0.523937 100 18 0 0 0 0 0 0 0 0
66900 -243.337 -4.04305 100 65 0 0 0 0 0 0 0 0 0 -2.25651 100 29 0.13298 100 11 0 0 0 0 0 0 0 0
67000 -245.98 -7.39166 100 57 0 0 0 0 0 0 0 0 0 -2.25782 100 17 0.421428 100 15 0 0 0 0 0 0 0 0
67100 -240.967 -2.173 100 52 0 0 0 0 0 0 0 0 0 -2.13087 100 20 0.153564 100 23 0 0 0 0 0 0 0 0
67200 -241.349 -1.74995 100 50 0 0 0 0 0 0 0 0 0 -2.21032 100 31 0.221814 100 23 0 0 0 0 0 0 0 0
67300 -243.401 -3.65615 100 59 0 0 0 0 0 0 0 0 0 -2.26526 100 24 0.0854128 100 18 0 0 0 0 0 0 0 0
67400 -241.121 -2.19241 100 55 0 0 0 0 0 0 0 0 0 -2.01909 100 26 -0.0745385 100 17 0 0 0 0 0 0 0 0
67500 -242.571 -2.74941 100 52 0 0 0 0 0 0 0 0 0 -2.07353 100 30 -0.203406 100 25 0 0 0 0 0 0 0 0
67600 -243.76 -3.27798 100 59 0 0 0 0 0 0 0 0 0 -2.42571 100 30 0.680135 100 20 0 0 0 0 0 0 0 0
67700 -242.407 -1.82089 100 55 0 0 0 0 0 0 0 0 0 -2.00745 100 17 0.456758 100 22 0 0 0 0 0 0 0 0
67800 -241.384 -2.6528 100 56 0 0 0 0 0 0 0 0 0 -2.20085 100 24 0.364948 100 17 0 0 0 0 0 0 0 0
67900 -241.239 -2.05162 100 63 0 0 0 0 0 0 0 0 0 -1.85793 100 25 -0.209085 100 16 0 0 0 0 0 0 0 0
68000 -242.468 -2.1123 100 55 0 0 0 0 0 0 0 0 0 -1.64934 100 32 -0.360691 100 26 0 0 0 0 0 0 0 0
68100 -240.635 -2.33852 100 46 0 0 0 0 0 0 0 0 0 -1.99804 100 23 0.0842503 100 12 0 0 0 0 0 0 0 0
68200 -241.557 -1.31828 100 47 0 0 0 0 0 0 0 0 0 -2.08592 100 28 0.00860836 100 22 0 0 0 0 0 0 0 0
68300 -246.482 -2.1583 100 59 0 0 0 0 0 0 0 0 0 -1.4841 100 16 -0.0441297 100 13 0 0 0 0 0 0 0 0
68400 -242.342 -4.03019 100 64 0 0 0 0 0 0 0 0 0 -1.72231 100 24 -0.144462 100 23 0 0 0 0 0 0 0 0
68500 -244.064 -1.99605 100 62 0 0 0 0 0 0 0 0 0 -2.44835 100 29 0.833085 100 18 0 0 0 0 0 0 0 0
68600 -241.762 -1.77441 100 59 0 0 0 0 0 0 0 0 0 -1.97399 100 23 -0.214967 100 18 0 0 0 0 0 0 0 0
68700 -243.219 -2.73686 100 51 0 0 0 0 0 0 0 0 0 -2.11075 100 23 -0.227581 100 19 0 0 0 0 0 0 0 0
68800 -241.828 -2.20061 100 67 0 0 0 0 0 0 0 0 0 -1.97041 100 24 -0.244008 100 16 0 0 0 0 0 0 0 0
68900 -241.917 -2.87468 100 61 0 0 0 0 0 0 0 0 0 -2.18563 100 16 0.4891 100 16 0 0 0 0 0 0 0 0
69000 -242.562 -3.59385 100 63 0 0 0 0 0 0 0 0 0 -2.27827 100 24 0.298425 100 23 0 0 0 0 0 0 0 0
69100 -242.312 -1.02378 100 54 0 0 0 0 0 0 0 0 0 -2.22295 100 28 0.143823 100 24 0 0 0 0 0 0 0 0
69200 -240.887 -2.31516 100 59 0 0 0 0 0 0 0 0 0 -2.00795 100 30 0.251885 100 21 0 0 0 0 0 0 0 0
69300 -241.503 -2.04326 100 48 0 0 0 0 0 0 0 0 0 -1.75393 100 19 -0.219187 100 15 0 0 0 0 0 0 0 0
69400 -242.206 -1.00779 100 51 0 0 0 0 0 0 0 0 0 -2.13977 100 26 0.0398279 100 25 0 0 0 0 0 0 0 0
69500 -240.924 -2.46153 100 45 0 0 0 0 0 0 0 0 0 -2.11274 100 26 0.277622 100 23 0 0 0 0 0 0 0 0
69600 -241.245 -1.62655 100 57 0 0 0 0 0 0 0 0 0 -1.98727 100 23 0.270866 100 18 0 0 0 0 0 0 0 0
69700 -242.579 -1.19374 100 59 0 0 0 0 0 0 0 0 0 -1.76741 100 20 -0.0192101 100 17 0 0 0 0 0 0 0 0
69800 -240.981 -2.31563 100 54 0 0 0 0 0 0 0 0 0 -1.84104 100 20 -0.138278 100 20 0 0 0 0 0 0 0 0
69900 -241.391 -3.23779 100 54 0 0 0 0 0 0 0 0 0 -2.13749 100 30 0.228204 100 15 0 0 0 0 0 0 0 0
70000 -241.642 -1.3092 100 56 0 0 0 0 0 0 0 0 0 -2.08116 100 27 0.377107 100 25 0 0 0 0 0 0 0 0
70100 -241.536 -2.02932 100 51 0 0 0 0 0 0 0 0 0 -2.15618 100 23 0.045677 100 19 0 0 0 0 0 0 0 0
70200 -241.097 -2.43099 100 55 0 0 0 0 0 0 0 0 0 -1.92722 100 24 -0.152076 100 12 0 0 0 0 0 0 0 0
70300 -242.735 -2.37081 100 49 0 0 0 0 0 0 0 0 0 -2.26057 100 27 0.652565 100 24 0 0 0 0 0 0 0 0
70400 -240.65 -1.99617 100 59 0 0 0 0 0 0 0 0 0 -1.97568 100 29 0.109042 100 19 0 0 0 0 0 0 0 0
70500 -245.145 -7.19588 100 56 0 0 0 0 0 0 0 0 0 -1.75186 100 24 -0.0989137 100 21 0 0 0 0 0 0 0 0
70600 -241.377 -3.30515 100 52 0 0 0 0 0 0 0 0 0 -2.02601 100 29 -0.016316 100 15 0 0 0 0 0 0 0 0
70700 -244.881 -5.50836 100 53 0 0 0 0 0 0 0 0 0 -1.84559 100 26 -0.444189 100 23 0 0 0 0 0 0 0 0
70800 -241.776 -2.56664 100 57 0 0 0 0 0 0 0 0 0 -2.27292 100 23 0.435406 100 11 0 0 0 0 0 0 0 0
70900 -241.078 -1.39177 100 62 0 0 0 0 0 0 0 0 0 -2.04416 100 25 0.086254 100 23 0 0 0 0 0 0 0 0
71000 -242.191 -2.13925 100 57 0 0 0 0 0 0 0 0 0 -2.20168 100 28 0.575749 100 18 0 0 0 0 0 0 0 0
71100 -243.388 -5.18059 100 62 0 0 0 0 0 0 0 0 0 -2.18904 100 23 0.361967 100 28 0 0 0 0 0 0 0 0
71200 -241.312 -2.57452 100 55 0 0 0 0 0 0 0 0 0 -1.95565 100 30 0.275332 100 19 0 0 0 0 0 0 0 0
71300 -242.238 -3.07709 100 48 0 0 0 0 0 0 0 0 0 -1.77887 100 21 0.134188 100 21 0 0 0 0 0 0 0 0
71400 -241.226 -2.05554 100 57 0 0 0 0 0 0 0 0 0 -1.92486 100 16 -0.17951 100 16 0 0 0 0 0 0 0 0
71500 -246.042 -0.23813 100 62 0 0 0 0 0 0 0 0 0 -1.96155 100 17 -0.240809 100 12 0 0 0 0 0 0 0 0
71600 -245.603 -0.830426 100 57 0 0 0 0 0 0 0 0 0 -2.62717 100 17 0.545757 100 14 0 0 0 0 0 0 0 0
71700 -244.272 -1.09402 100 55 0 0 0 0 0 0 0 0 0 -2.20043 100 27 -0.172655 100 21 0 0 0 0 0 0 0 0
71800 -242.449 -3.18288 100 54 0 0 0 0 0 0 0 0 0 -1.68711 100 17 -0.0317321 100 25 0 0 0 0 0 0 0 0
71900 -242.402 -3.07294 100 57 0 0 0 0 0 0 0 0 0 -2.24654 100 27 0.141922 100 19 0 0 0 0 0 0 0 0
72000 -242 -3.45893 100 53 0 0 0 0 0 0 0 0 0 -1.92657 100 27 -0.231716 100 17 0 0 0 0 0 0 0 0
72100 -241.101 -2.51294 100 56 0 0 0 0 0 0 0 0 0 -2.06622 100 22 0.329835 100 19 0 0 0 0 0 0 0 0
72200 -241.226 -1.49007 100 61 0 0 0 0 0 0 0 0 0 -2.03171 100 26 -0.0185794 100 21 0 0 0 0 0 0 0 0
72300 -242.6 -4.20219 100 53 0 0 0 0 0 0 0 0 0 -1.78185 100 30 0.0727722 100 15 0 0 0 0 0 0 0 0
72400 -243.991 -6.26882 100 58 0 0 0 0 0 0 0 0 0 -1.89781 100 27 0.147411 100 27 0 0 0 0 0 0 0 0
72500 -241.118 -2.33996 100 49 0 0 0 0 0 0 0 0 0 -1.82583 100 28 0.0448983 100 18 0 0 0 0 0 0 0 0
72600 -242.036 -0.902526 100 49 0 0 0 0 0 0 0 0 0 -2.01996 100 20 0.023825 100 18 0 0 0 0 0 0 0 0
72700 -243.648 -0.397884 100 57 0 0 0 0 0 0 0 0 0 -2.04548 100 33 0.109915 100 12 0 0 0 0 0 0 0 0
72800 -242.058 -3.06187 100 57 0 0 0 0 0 0 0 0 0 -1.68796 100 33 -0.122844 100 14 0 0 0 0 0 0 0 0
72900 -245.251 -0.400779 100 66 0 0 0 0 0 0 0 0 0 -2.18191 100 17 0.641055 100 15 0 0 0 0 0 0 0 0
73000 -240.659 -2.29653 100 61 0 0 0 0 0 0 0 0 0 -1.96681 100 27 0.0204325 100 18 0 0 0 0 0 0 0 0
73100 -242.715 -1.2744 100 53 0 0 0 0 0 0 0 0 0 -1.7416 100 25 -0.292609 100 29 0 0 0 0 0 0 0 0
73200 -241.299 -3.45161 100 52 0 0 0 0 0 0 0 0 0 -1.87011 100 23 0.0410402 100 20 0 0 0 0 0 0 0 0
73300 -243.767 -2.78023 100 62 0 0 0 0 0 0 0 0 0 -1.5789 100 24 -0.567542 100 15 0 0 0 0 0 0 0 0
73400 -241.125 -2.32365 100 48 0 0 0 0 0 0 0 0 0 -2.10202 100 27 0.361152 100 16 0 0 0 0 0 0 0 0
73500 -241.623 -3.10282 100 55 0 0 0 0 0 0 0 0 0 -1.73898 100 21 -0.183357 100 15 0 0 0 0 0 0 0 0
73600 -241.586 -1.02952 100 58 0 0 0 0 0 0 0 0 0 -2.06851 100 27 0.198249 100 18 0 0 0 0 0 0 0 0
73700 -243.98 -5.25082 100 45 0 0 0 0 0 0 0 0 0 -2.08237 100 18 0.461664 100 20 0 0 0 0 0 0 0 0
73800 -244.164 -0.664428 100 56 0 0 0 0 0 0 0 0 0 -2.24565 100 23 -0.00285354 100 23 0 0 0 0 0 0 0 0
73900 -242.998 -4.18531 100 42 0 0 0 0 0 0 0 0 0 -1.79248 100 22 0.155485 100 19 0 0 0 0 0 0 0 0
74000 -242.189 -3.98075 100 54 0 0 0 0 0 0 0 0 0 -2.1076 100 24 0.0486652 100 19 0 0 0 0 0 0 0 0
74100 -241.755 -3.51227 100 59 0 0 0 0 0 0 0 0 0 -1.98593 100 20 -0.121525 100 13 0 0 0 0 0 0 0 0
74200 -244.059 -6.07104 100 64 0 0 0 0 0 0 0 0 0 -2.14237 100 24 0.336725 100 22 0 0 0 0 0 0 0 0
74300 -241.991 -0.849458 100 53 0 0 0 0 0 0 0 0 0 -2.10978 100 25 0.193405 100 16 0 0 0 0 0 0 0 0
74400 -245.339 -5.40962 100 55 0 0 0 0 0 0 0 0 0 -1.54127 100 31 -0.305266 100 20 0 0 0 0 0 0 0 0
74500 -245.508 -6.2227 100 55 0 0 0 0 0 0 0 0 0 -1.65749 100 23 -0.0160684 100 18 0 0 0 0 0 0 0 0
74600 -242.288 -3.35957 100 57 0 0 0 0 0 0 0 0 0 -1.66907 100 25 -0.252896 100 21 0 0 0 0 0 0 0 0
74700 -240.905 -1.79314 100 63 0 0 0 0 0 0 0 0 0 -1.91038 100 25 0.0956877 100 21 0 0 0 0 0 0 0 0
74800 -242.171 -2.7681 100 54 0 0 0 0 0 0 0 0 0 -1.66823 100 29 -0.126044 100 24 0 0 0 0 0 0 0 0
74900 -241.033 -2.99426 100 48 0 0 0 0 0 0 0 0 0 -2.07737 100 15 0.21777 100 30 0 0 0 0 0 0 0 0
75000 -241.931 -4.42076 100 59 0 0 0 0 0 0 0 0 0 -1.94959 100 22 0.0477554 100 28 0 0 0 0 0 0 0 0
75100 -243.19 -1.0502 100 56 0 0 0 0 0 0 0 0 0 -2.4307 100 20 0.62498 100 18 0 0 0 0 0 0 0 0
75200 -245.492 -1.75273 100 53 0 0 0 0 0 0 0 0 0 -2.28288 100 25 -0.209014 100 22 0 0 0 0 0 0 0 0
75300 -241.588 -3.63698 100 67 0 0 0 0 0 0 0 0 0 -2.02547 100 23 -0.00821816 100 16 0 0 0 0 0 0 0 0
75400 -242.047 -3.51807 100 47 0 0 0 0 0 0 0 0 0 -1.71421 100 23 -0.131647 100 23 0 0 0 0 0 0 0 0
75500 -240.803 -1.87954 100 52 0 0 0 0 0 0 0 0 0 -2.09978 100 14 0.185748 100 15 0 0 0 0 0 0 0 0
75600 -242.013 -0.94373 100 56 0 0 0 0 0 0 0 0 0 -1.94523 100 21 0.0134541 100 18 0 0 0 0 0 0 0 0
75700 -244.873 -4.26327 100 56 0 0 0 0 0 0 0 0 0 -1.66691 100 22 0.135958 100 19 0 0 0 0 0 0 0 0
75800 -242.827 -0.618841 100 54 0 0 0 0 0 0 0 0 0 -2.10196 100 20 0.326719 100 25 0 0 0 0 0 0 0 0
75900 -242.262 -3.85855 100 61 0 0 0 0 0 0 0 0 0 -2.13084 100 24 0.412995 100 20 0 0 0 0 0 0 0 0
76000 -242.21 -2.55412 100 48 0 0 0 0 0 0 0 0 0 -1.71689 100 28 0.0326873 100 21 0 0 0 0 0 0 0 0
76100 -241.33 -1.37018 100 65 0 0 0 0 0 0 0 0 0 -1.89623 100 24 0.0477851 100 22 0 0 0 0 0 0 0 0
76200 -241.006 -2.44986 100 58 0 0 0 0 0 0 0 0 0 -2.14525 100 18 0.222977 100 20 0 0 0 0 0 0 0 0
76300 -243.91 -0.677182 100 60 0 0 0 0 0 0 0 0 0 -2.02344 100 21 0.436191 100 12 0 0 0 0 0 0 0 0
76400 -241.522 -2.08027 100 51 0 0 0 0 0 0 0 0 0 -1.7774 100 33 -0.263159 100 22 0 0 0 0 0 0 0 0
76500 -242.461 -3.90778 100 51 0 0 0 0 0 0 0 0 0 -2.23312 100 24 0.392446 100 17 0 0 0 0 0 0 0 0
76600 -244.614 -3.26251 100 54 0 0 0 0 0 0 0 0 0 -2.47548 100 25 0.348227 100 19 0 0 0 0 0 0 0 0
76700 -241.584 -2.31 100 58 0 0 0 0 0 0 0 0 0 -2.19503 100 23 0.119992 100 19 0 0 0 0 0 0 0 0
76800 -241.683 -1.96559 100 53 0 0 0 0 0 0 0 0 0 -2.2873 100 24 0.347867 100 22 0 0 0 0 0 0 0 0
76900 -241.239 -1.87608 100 58 0 0 0 0 0 0 0 0 0 -1.79832 100 27 -0.0755045 100 16 0 0 0 0 0 0 0 0
77000 -241.819 -3.12121 100 57 0 0 0 0 0 0 0 0 0 -1.74721 100 25 -0.287902 100 17 0 0 0 0 0 0 0 0
77100 -241.895 -1.11945 100 57 0 0 0 0 0 0 0 0 0 -1.95924 100 25 -0.103567 100 19 0 0 0 0 0 0 0 0
77200 -244.25 -0.247595 100 52 0 0 0 0 0 0 0 0 0 -2.24725 100 26 0.446817 100 17 0 0 0 0 0 0 0 0
77300 -241.852 -3.77432 100 56 0 0 0 0 0 0 0 0 0 -1.90011 100 18 -0.18025 100 17 0 0 0 0 0 0 0 0
77400 -243.921 -0.478921 100 53 0 0 0 0 0 0 0 0 0 -2.0296 100 20 0.345944 100 21 0 0 0 0 0 0 0 0
77500 -242.53 -3.99834 100 59 0 0 0 0 0 0 0 0 0 -2.2107 100 32 0.202764 100 13 0 0 0 0 0 0 0 0
77600 -242.501 -1.7964 100 53 0 0 0 0 0 0 0 0 0 -1.66721 100 23 -0.122141 100 19 0 0 0 0 0 0 0 0
77700 -241.216 -2.29036 100 58 0 0 0 0 0 0 0 0 0 -1.81586 100 20 -0.210065 100 8 0 0 0 0 0 0 0 0
77800 -245.11 -2.51404 100 49 0 0 0 0 0 0 0 0 0 -1.68511 100 27 -0.753389 100 25 0 0 0 0 0 0 0 0
77900 -242.69 -1.37994 100 59 0 0 0 0 0 0 0 0 0 -2.39882 100 25 0.593814 100 14 0 0 0 0 0 0 0 0
78000 -241.226 -2.30947 100 51 0 0 0 0 0 0 0 0 0 -2.16258 100 21 0.142976 100 19 0 0 0 0 0 0 0 0
78100 -241.39 -1.446 100 59 0 0 0 0 0 0 0 0 0 -2.1559 100 27 0.39004 100 16 0 0 0 0 0 0 0 0
78200 -241.31 -2.40546 100 55 0 0 0 0 0 0 0 0 0 -1.99562 100 24 -0.13351 100 23 0 0 0 0 0 0 0 0
78300 -241.053 -2.66931 100 63 0 0 0 0 0 0 0 0 0 -2.02159 100 24 -0.0303947 100 17 0 0 0 0 0 0 0 0
78400 -242.259 -1.4151 100 68 0 0 0 0 0 0 0 0 0 -1.86954 100 29 0.230104 100 17 0 0 0 0 0 0 0 0
78500 -247.122 -6.54643 100 56 0 0 0 0 0 0 0 0 0 -1.57776 100 24 -0.630387 100 20 0 0 0 0 0 0 0 0
78600 -241.352 -2.83674 100 53 0 0 0 0 0 0 0 0 0 -1.77831 100 16 -0.0352923 100 13 0 0 0 0 0 0 0 0
78700 -240.976 -3.00163 100 63 0 0 0 0 0 0 0 0 0 -2.05202 100 26 0.122695 100 16 0 0 0 0 0 0 0 0
78800 -241.83 -2.24862 100 71 0 0 0 0 0 0 0 0 0 -1.74243 100 25 0.0194272 100 16 0 0 0 0 0 0 0 0
78900 -241.145 -1.9081 100 48 0 0 0 0 0 0 0 0 0 -2.02831 100 33 0.320061 100 26 0 0 0 0 0 0 0 0
79000 -242.038 -0.866899 100 60 0 0 0 0 0 0 0 0 0 -2.17318 100 31 0.305976 100 17 0 0 0 0 0 0 0 0
79100 -242.373 -4.39413 100 63 0 0 0 0 0 0 0 0 0 -1.87179 100 28 0.146262 100 24 0 0 0 0 0 0 0 0
79200 -243.512 -1.86699 100 63 0 0 0 0 0 0 0 0 0 -1.98895 100 23 -0.410429 100 24 0 0 0 0 0 0 0 0
79300 -242.368 -1.62581 100 56 0 0 0 0 0 0 0 0 0 -2.18303 100 32 0.580517 100 19 0 0 0 0 0 0 0 0
79400 -242.731 -2.31428 100 62 0 0 0 0 0 0 0 0 0 -1.64803 100 24 -0.0554552 100 10 0 0 0 0 0 0 0 0
79500 -241.437 -1.57776 100 55 0 0 0 0 0 0 0 0 0 -1.83488 100 21 -0.161373 100 18 0 0 0 0 0 0 0 0
79600 -240.856 -2.9444 100 51 0 0 0 0 0 0 0 0 0 -1.97083 100 23 0.0333353 100 21 0 0 0 0 0 0 0 0
79700 -241.076 -1.55064 100 58 0 0 0 0 0 0 0 0 0 -2.14933 100 24 0.26417 100 23 0 0 0 0 0 0 0 0
79800 -241.39 -3.2263 100 60 0 0 0 0 0 0 0 0 0 -2.07857 100 24 0.313117 100 18 0 0 0 0 0 0 0 0
79900 -241.042 -2.40104 100 56 0 0 0 0 0 0 0 0 0 -1.92292 100 20 -0.143189 100 23 0 0 0 0 0 0 0 0
80000 -242.201 -2.70065 100 51 0 0 0 0 0 0 0 0 0 -1.65217 100 20 -0.282902 100 21 0 0 0 0 0 0 0 0
80100 -240.944 -2.49406 100 53 0 0 0 0 0 0 0 0 0 -1.85003 100 25 0.0341033 100 15 0 0 0 0 0 0 0 0
80200 -240.839 -2.42651 100 59 0 0 0 0 0 0 0 0 0 -1.9725 100 28 0.20102 100 19 0 0 0 0 0 0 0 0
80300 -241.823 -3.18299 100 62 0 0 0 0 0 0 0 0 0 -2.11012 100 21 -0.0018191 100 12 0 0 0 0 0 0 0 0
80400 -245.059 -0.528897 100 51 0 0 0 0 0 0 0 0 0 -2.3547 100 26 0.788534 100 26 0 0 0 0 0 0 0 0
80500 -241.071 -2.47898 100 51 0 0 0 0 0 0 0 0 0 -1.90341 100 20 -0.158851 100 25 0 0 0 0 0 0 0 0
80600 -242.122 -1.56027 100 56 0 0 0 0 0 0 0 0 0 -2.33722 100 23 0.51936 100 19 0 0 0 0 0 0 0 0
80700 -242.258 -4.35411 100 53 0 0 0 0 0 0 0 0 0 -1.79522 100 21 -0.031139 100 18 0 0 0 0 0 0 0 0
80800 -241.36 -1.15567 100 50 0 0 0 0 0 0 0 0 0 -2.05902 100 23 0.192458 100 16 0 0 0 0 0 0 0 0
80900 -243.02 -2.02562 100 55 0 0 0 0 0 0 0 0 0 -1.7594 100 20 -0.509586 100 17 0 0 0 0 0 0 0 0
81000 -241.499 -3.28408 100 57 0 0 0 0 0 0 0 0 0 -2.07625 100 17 0.0279951 100 17 0 0 0 0 0 0 0 0
81100 -241.698 -3.24199 100 50 0 0 0 0 0 0 0 0 0 -2.18425 100 30 0.208988 100 23 0 0 0 0 0 0 0 0
81200 -240.972 -2.54164 100 60 0 0 0 0 0 0 0 0 0 -1.83891 100 31 0.0126505 100 18 0 0 0 0 0 0 0 0
81300 -242.2 -4.3975 100 57 0 0 0 0 0 0 0 0 0 -1.80868 100 30 -0.0467341 100 11 0 0 0 0 0 0 0 0
81400 -241.961 -3.25406 100 52 0 0 0 0 0 0 0 0 0 -2.07331 100 23 -0.0764383 100 20 0 0 0 0 0 0 0 0
81500 -242.509 -4.27267 100 52 0 0 0 0 0 0 0 0 0 -2.06154 100 22 0.368302 100 15 0 0 0 0 0 0 0 0
81600 -241.799 -4.09745 100 48 0 0 0 0 0 0 0 0 0 -1.96606 100 23 -0.0351374 100 23 0 0 0 0 0 0 0 0
81700 -255.564 -0.631749 100 52 0 0 0 0 0 0 0 0 0 -1.79584 100 19 -1.20756 100 18 0 0 0 0 0 0 0 0
81800 -241.666 -1.47283 100 59 0 0 0 0 0 0 0 0 0 -1.80374 100 27 -0.147858 100 18 0 0 0 0 0 0 0 0
81900 -241.439 -1.3497 100 53 0 0 0 0 0 0 0 0 0 -1.88834 100 19 -0.0805235 100 24 0 0 0 0 0 0 0 0
82000 -240.888 -2.38418 100 55 0 0 0 0 0 0 0 0 0 -1.9516 100 25 0.193474 100 20 0 0 0 0 0 0 0 0
82100 -244.595 -6.98756 100 47 0 0 0 0 0 0 0 0 0 -1.99184 100 23 -0.0197617 100 20 0 0 0 0 0 0 0 0
82200 -241.579 -3.41971 100 55 0 0 0 0 0 0 0 0 0 -2.14737 100 23 0.218968 100 11 0 0 0 0 0 0 0 0
82300 -241.685 -1.19493 100 53 0 0 0 0 0 0 0 0 0 -2.22911 100 26 0.344946 100 21 0 0 0 0 0 0 0 0
82400 -245.398 -0.656385 100 56 0 0 0 0 0 0 0 0 0 -1.98166 100 21 -0.397817 100 22 0 0 0 0 0 0 0 0
82500 -243.8 -0.417285 100 43 0 0 0 0 0 0 0 0 0 -1.98456 100 24 0.130665 100 26 0 0 0 0 0 0 0 0
82600 -245.145 -5.98092 100 47 0 0 0 0 0 0 0 0 0 -2.2695 100 24 0.169164 100 20 0 0 0 0 0 0 0 0
82700 -242.35 -0.714064 100 53 0 0 0 0 0 0 0 0 0 -2.08695 100 25 0.180085 100 15 0 0 0 0 0 0 0 0
82800 -242.868 -3.98452 100 55 0 0 0 0 0 0 0 0 0 -2.27235 100 20 0.471141 100 12 0 0 0 0 0 0 0 0
82900 -242.73 -1.15621 100 54 0 0 0 0 0 0 0 0 0 -1.80015 100 26 -0.289976 100 23 0 0 0 0 0 0 0 0
83000 -242.114 -1.05007 100 54 0 0 0 0 0 0 0 0 0 -2.23429 100 33 0.468676 100 14 0 0 0 0 0 0 0 0
83100 -242.377 -4.23169 100 54 0 0 0 0 0 0 0 0 0 -1.78617 100 33 -0.246082 100 17 0 0 0 0 0 0 0 0
83200 -241.661 -1.31223 100 58 0 0 0 0 0 0 0 0 0 -1.89577 100 21 0.141975 100 6 0 0 0 0 0 0 0 0
83300 -242.991 -5.43127 100 57 0 0 0 0 0 0 0 0 0 -2.04508 100 19 0.139782 100 19 0 0 0 0 0 0 0 0
83400 -241.099 -1.71021 100 51 0 0 0 0 0 0 0 0 0 -1.85035 100 27 -0.0234473 100 17 0 0 0 0 0 0 0 0
83500 -241.351 -2.24187 100 55 0 0 0 0 0 0 0 0 0 -1.79808 100 32 -0.239838 100 17 0 0 0 0 0 0 0 0
83600 -244.421 -4.78101 100 59 0 0 0 0 0 0 0 0 0 -1.66672 100 25 -0.521478 100 19 0 0 0 0 0 0 0 0
83700 -241.076 -2.72083 100 53 0 0 0 0 0 0 0 0 0 -2.00579 100 17 -0.0510863 100 19 0 0 0 0 0 0 0 0
83800 -241.101 -2.49569 100 65 0 0 0 0 0 0 0 0 0 -2.1603 100 20 0.311809 100 15 0 0 0 0 0 0 0 0
83900 -243.91 -1.21961 100 52 0 0 0 0 0 0 0 0 0 -1.87343 100 26 0.369244 100 13 0 0 0 0 0 0 0 0
84000 -240.863 -2.2044 100 56 0 0 0 0 0 0 0 0 0 -2.08978 100 19 0.286465 100 14 0 0 0 0 0 0 0 0
84100 -242.586 -1.55995 100 56 0 0 0 0 0 0 0 0 0 -2.09091 100 21 -0.182371 100 14 0 0 0 0 0 0 0 0
84200 -241.426 -2.27223 100 59 0 0 0 0 0 0 0 0 0 -2.20233 100 22 0.176247 100 22 0 0 0 0 0 0 0 0
84300 -240.994 -2.69091 100 60 0 0 0 0 0 0 0 0 0 -2.11929 100 18 0.218048 100 20 0 0 0 0 0 0 0 0
84400 -242.554 -2.88747 100 45 0 0 0 0 0 0 0 0 0 -2.17259 100 20 -0.0448476 100 15 0 0 0 0 0 0 0 0
84500 -242.859 -1.38335 100 73 0 0 0 0 0 0 0 0 0 -2.16655 100 19 -0.099338 100 22 0 0 0 0 0 0 0 0
84600 -240.747 -2.52547 100 57 0 0 0 0 0 0 0 0 0 -2.02008 100 18 0.0595548 100 16 0 0 0 0 0 0 0 0
84700 -243.673 -0.901489 100 62 0 0 0 0 0 0 0 0 0 -2.47107 100 20 0.495496 100 21 0 0 0 0 0 0 0 0
84800 -241.61 -3.17225 100 50 0 0 0 0 0 0 0 0 0 -1.7454 100 29 -0.166325 100 14 0 0 0 0 0 0 0 0
84900 -244.814 -7.02798 100 54 0 0 0 0 0 0 0 0 0 -1.78286 100 18 -0.074379 100 16 0 0 0 0 0 0 0 0
85000 -241.953 -2.21006 100 56 0 0 0 0 0 0 0 0 0 -2.16646 100 31 0.529626 100 29 0 0 0 0 0 0 0 0
85100 -242.28 -3.12342 100 61 0 0 0 0 0 0 0 0 0 -2.05584 100 24 -0.162455 100 20 0 0 0 0 0 0 0 0
85200 -240.956 -2.78442 100 62 0 0 0 0 0 0 0 0 0 -2.06395 100 20 0.250923 100 22 0 0 0 0 0 0 0 0
85300 -240.97 -2.62735 100 56 0 0 0 0 0 0 0 0 0 -1.85402 100 18 -0.123825 100 20 0 0 0 0 0 0 0 0
85400 -241.363 -1.22699 100 56 0 0 0 0 0 0 0 0 0 -2.07957 100 18 0.277093 100 11 0 0 0 0 0 0 0 0
85500 -242.62 -2.85248 100 53 0 0 0 0 0 0 0 0 0 -2.12698 100 23 0.557206 100 19 0 0 0 0 0 0 0 0
85600 -244.472 -2.88958 100 59 0 0 0 0 0 0 0 0 0 -1.48505 100 23 -0.310915 100 23 0 0 0 0 0 0 0 0
85700 -244.014 -6.02811 100 54 0 0 0 0 0 0 0 0 0 -2.00587 100 21 -0.0945173 100 17 0 0 0 0 0 0 0 0
85800 -241.676 -2.49331 100 50 0 0 0 0 0 0 0 0 0 -1.95882 100 23 -0.227862 100 21 0 0 0 0 0 0 0 0
85900 -241.561 -3.52199 100 62 0 0 0 0 0 0 0 0 0 -1.98624 100 22 0.254187 100 18 0 0 0 0 0 0 0 0
86000 -244.928 -1.40593 100 60 0 0 0 0 0 0 0 0 0 -2.16351 100 19 -0.315032 100 17 0 0 0 0 0 0 0 0
86100 -240.913 -2.67505 100 61 0 0 0 0 0 0 0 0 0 -1.86002 100 19 -0.0884705 100 22 0 0 0 0 0 0 0 0
86200 -242.344 -3.80031 100 49 0 0 0 0 0 0 0 0 0 -2.11457 100 31 0.432172 100 17 0 0 0 0 0 0 0 0
86300 -242.154 -4.40269 100 57 0 0 0 0 0 0 0 0 0 -1.82558 100 25 -0.11656 100 23 0 0 0 0 0 0 0 0
86400 -242.224 -1.30645 100 56 0 0 0 0 0 0 0 0 0 -1.80594 100 21 -0.251675 100 21 0 0 0 0 0 0 0 0
86500 -243.871 -2.65777 100 65 0 0 0 0 0 0 0 0 0 -1.66645 100 22 0.127016 100 23 0 0 0 0 0 0 0 0
86600 -243.955 -0.854527 100 61 0 0 0 0 0 0 0 0 0 -2.46136 100 22 0.73606 100 22 0 0 0 0 0 0 0 0
86700 -242.793 -4.79665 100 62 0 0 0 0 0 0 0 0 0 -1.76758 100 28 -0.052432 100 20 0 0 0 0 0 0 0 0
86800 -243.156 -1.444 100 58 0 0 0 0 0 0 0 0 0 -1.97288 100 17 0.460902 100 15 0 0 0 0 0 0 0 0
86900 -242.3 -4.20263 100 56 0 0 0 0 0 0 0 0 0 -2.04815 100 22 -0.0351533 100 27 0 0 0 0 0 0 0 0
87000 -241.661 -3.66003 100 55 0 0 0 0 0 0 0 0 0 -2.06135 100 26 0.29613 100 19 0 0 0 0 0 0 0 0
87100 -243.712 -1.72716 100 49 0 0 0 0 0 0 0 0 0 -1.56523 100 22 -0.308026 100 9 0 0 0 0 0 0 0 0
87200 -245.119 -5.63345 100 62 0 0 0 0 0 0 0 0 0 -2.04814 100 27 0.51696 100 24 0 0 0 0 0 0 0 0
87300 -242.036 -3.00933 100 60 0 0 0 0 0 0 0 0 0 -2.26064 100 33 0.465024 100 14 0 0 0 0 0 0 0 0
87400 -244.338 -0.96343 100 43 0 0 0 0 0 0 0 0 0 -2.00687 100 33 0.527334 100 16 0 0 0 0 0 0 0 0
87500 -243.358 -5.57071 100 51 0 0 0 0 0 0 0 0 0 -1.8074 100 17 -0.00355219 100 13 0 0 0 0 0 0 0 0
87600 -241.82 -1.37381 100 54 0 0 0 0 0 0 0 0 0 -1.99939 100 21 -0.145816 100 22 0 0 0 0 0 0 0 0
87700 -242.367 -2.98001 100 59 0 0 0 0 0 0 0 0 0 -1.95766 100 26 -0.297663 100 21 0 0 0 0 0 0 0 0
87800 -243.069 -2.40286 100 51 0 0 0 0 0 0 0 0 0 -1.75479 100 19 0.20652 100 22 0 0 0 0 0 0 0 0
87900 -241.729 -3.50775 100 61 0 0 0 0 0 0 0 0 0 -2.10851 100 19 0.0711281 100 11 0 0 0 0 0 0 0 0
88000 -243.576 -3.0509 100 51 0 0 0 0 0 0 0 0 0 -2.30754 100 25 0.0801156 100 19 0 0 0 0 0 0 0 0
88100 -241.498 -2.87408 100 55 0 0 0 0 0 0 0 0 0 -2.1088 100 26 0.396212 100 24 0 0 0 0 0 0 0 0
88200 -241.796 -1.84411 100 50 0 0 0 0 0 0 0 0 0 -2.28602 100 21 0.283513 100 20 0 0 0 0 0 0 0 0
88300 -241.799 -3.73915 100 51 0 0 0 0 0 0 0 0 0 -2.13737 100 28 0.292076 100 20 0 0 0 0 0 0 0 0
88400 -242.152 -1.84473 100 51 0 0 0 0 0 0 0 0 0 -1.72376 100 26 -0.342827 100 20 0 0 0 0 0 0 0 0
88500 -241.112 -2.03316 100 56 0 0 0 0 0 0 0 0 0 -1.80928 100 23 -0.0431251 100 14 0 0 0 0 0 0 0 0
88600 -241.699 -1.41822 100 59 0 0 0 0 0 0 0 0 0 -1.8766 100 22 -0.194002 100 18 0 0 0 0 0 0 0 0
88700 -241.86 -3.78076 100 63 0 0 0 0 0 0 0 0 0 -1.8125 100 10 0.0404845 100 21 0 0 0 0 0 0 0 0
88800 -241.047 -1.76443 100 48 0 0 0 0 0 0 0 0 0 -1.8518 100 31 -0.0571081 100 22 0 0 0 0 0 0 0 0
88900 -242.662 -2.96201 100 55 0 0 0 0 0 0 0 0 0 -1.6178 100 19 -0.348393 100 19 0 0 0 0 0 0 0 0
89000 -241.647 -2.5663 100 56 0 0 0 0 0 0 0 0 0 -1.71372 100 31 -0.218226 100 24 0 0 0 0 0 0 0 0
89100 -241.851 -3.20679 100 60 0 0 0 0 0 0 0 0 0 -1.71844 100 25 -0.235503 100 18 0 0 0 0 0 0 0 0
89200 -246.152 -8.03534 100 52 0 0 0 0 0 0 0 0 0 -2.0348 100 30 0.352119 100 18 0 0 0 0 0 0 0 0
89300 -242.642 -3.74319 100 59 0 0 0 0 0 0 0 0 0 -1.67771 100 30 -0.0963704 100 18 0 0 0 0 0 0 0 0
89400 -241.359 -2.64861 100 55 0 0 0 0 0 0 0 0 0 -2.15692 100 23 0.395371 100 18 0 0 0 0 0 0 0 0
89500 -242.136 -3.87149 100 58 0 0 0 0 0 0 0 0 0 -2.11078 100 29 0.381057 100 24 0 0 0 0 0 0 0 0
89600 -242.44 -2.92708 100 61 0 0 0 0 0 0 0 0 0 -1.85273 100 19 -0.393947 100 13 0 0 0 0 0 0 0 0
89700 -241.286 -2.09575 100 48 0 0 0 0 0 0 0 0 0 -1.82443 100 21 0.0779345 100 10 0 0 0 0 0 0 0 0
89800 -243.024 -4.09841 100 69 0 0 0 0 0 0 0 0 0 -1.69438 100 22 -0.0208588 100 16 0 0 0 0 0 0 0 0
89900 -241.792 -3.356 100 54 0 0 0 0 0 0 0 0 0 -2.10047 100 21 0.0125699 100 16 0 0 0 0 0 0 0 0
90000 -241.544 -3.2476 100 56 0 0 0 0 0 0 0 0 0 -2.13521 100 21 0.35094 100 16 0 0 0 0 0 0 0 0
90100 -242.894 -4.71078 100 44 0 0 0 0 0 0 0 0 0 -1.95145 100 25 -0.183363 100 15 0 0 0 0 0 0 0 0
90200 -243.088 -4.70473 100 54 0 0 0 0 0 0 0 0 0 -1.74267 100 20 0.00018021 100 22 0 0 0 0 0 0 0 0
90300 -241.934 -2.64177 100 56 0 0 0 0 0 0 0 0 0 -1.80619 100 31 0.160283 100 26 0 0 0 0 0 0 0 0
90400 -242.589 -4.00881 100 57 0 0 0 0 0 0 0 0 0 -1.89757 100 31 -0.282363 100 16 0 0 0 0 0 0 0 0
90500 -242.058 -3.37434 100 63 0 0 0 0 0 0 0 0 0 -2.05095 100 23 0.404473 100 18 0 0 0 0 0 0 0 0
90600 -241.465 -1.82554 100 53 0 0 0 0 0 0 0 0 0 -1.94187 100 17 -0.197124 100 16 0 0 0 0 0 0 0 0
90700 -241.504 -2.33048 100 48 0 0 0 0 0 0 0 0 0 -1.73884 100 22 -0.222518 100 16 0 0 0 0 0 0 0 0
90800 -245.175 -1.15704 100 63 0 0 0 0 0 0 0 0 0 -2.44217 100 23 0.119468 100 21 0 0 0 0 0 0 0 0
90900 -240.859 -2.4937 100 57 0 0 0 0 0 0 0 0 0 -2.09658 100 25 0.163712 100 28 0 0 0 0 0 0 0 0
91000 -241.82 -1.18834 100 55 0 0 0 0 0 0 0 0 0 -1.88357 100 26 -0.115828 100 23 0 0 0 0 0 0 0 0
91100 -241.492 -2.37801 100 62 0 0 0 0 0 0 0 0 0 -2.18844 100 22 0.449823 100 21 0 0 0 0 0 0 0 0
91200 -245.255 -4.22389 100 49 0 0 0 0 0 0 0 0 0 -2.49699 100 30 0.73644 100 15 0 0 0 0 0 0 0 0
91300 -241.301 -2.26178 100 56 0 0 0 0 0 0 0 0 0 -1.76328 100 21 -0.158517 100 17 0 0 0 0 0 0 0 0
91400 -241.392 -3.44755 100 52 0 0 0 0 0 0 0 0 0 -2.03639 100 25 0.255978 100 19 0 0 0 0 0 0 0 0
91500 -240.719 -2.30588 100 56 0 0 0 0 0 0 0 0 0 -1.91868 100 30 -0.0347037 100 14 0 0 0 0 0 0 0 0
91600 -241.559 -2.42707 100 61 0 0 0 0 0 0 0 0 0 -1.7221 100 25 -0.171976 100 19 0 0 0 0 0 0 0 0
91700 -242.803 -3.98686 100 60 0 0 0 0 0 0 0 0 0 -2.09683 100 30 -0.0850166 100 17 0 0 0 0 0 0 0 0
91800 -244.777 -6.60227 100 61 0 0 0 0 0 0 0 0 0 -1.74044 100 16 -0.271616 100 19 0 0 0 0 0 0 0 0
91900 -241.284 -1.28915 100 64 0 0 0 0 0 0 0 0 0 -2.13586 100 19 0.20443 100 18 0 0 0 0 0 0 0 0
92000 -241.746 -3.09705 100 54 0 0 0 0 0 0 0 0 0 -1.72963 100 27 -0.240373 100 22 0 0 0 0 0 0 0 0
92100 -241.302 -2.06677 100 62 0 0 0 0 0 0 0 0 0 -1.7717 100 31 -0.0959647 100 15 0 0 0 0 0 0 0 0
92200 -242.744 -1.26597 100 51 0 0 0 0 0 0 0 0 0 -1.78285 100 26 0.0980358 100 20 0 0 0 0 0 0 0 0
92300 -243.002 -5.19069 100 59 0 0 0 0 0 0 0 0 0 -1.96409 100 27 0.232813 100 17 0 0 0 0 0 0 0 0
92400 -240.858 -2.83629 100 52 0 0 0 0 0 0 0 0 0 -1.90659 100 31 -0.037252 100 17 0 0 0 0 0 0 0 0
92500 -243.364 -2.93898 100 59 0 0 0 0 0 0 0 0 0 -1.93501 100 23 0.452686 100 24 0 0 0 0 0 0 0 0
92600 -242.281 -2.15357 100 50 0 0 0 0 0 0 0 0 0 -2.27952 100 29 0.602058 100 18 0 0 0 0 0 0 0 0
92700 -244.64 -5.85697 100 60 0 0 0 0 0 0 0 0 0 -2.28755 100 24 0.41667 100 17 0 0 0 0 0 0 0 0
92800 -242.013 -1.62234 100 56 0 0 0 0 0 0 0 0 0 -2.17695 100 28 0.533138 100 18 0 0 0 0 0 0 0 0
92900 -241.295 -3.05729 100 58 0 0 0 0 0 0 0 0 0 -1.82989 100 33 -0.178019 100 12 0 0 0 0 0 0 0 0
93000 -242.022 -3.47554 100 62 0 0 0 0 0 0 0 0 0 -1.8647 100 21 -0.278289 100 19 0 0 0 0 0 0 0 0
93100 -240.771 -1.94256 100 58 0 0 0 0 0 0 0 0 0 -1.94347 100 20 0.12986 100 18 0 0 0 0 0 0 0 0
93200 -241.501 -1.28149 100 50 0 0 0 0 0 0 0 0 0 -1.98342 100 22 0.237611 100 16 0 0 0 0 0 0 0 0
93300 -242.938 -5.26549 100 62 0 0 0 0 0 0 0 0 0 -1.81798 100 28 -0.069879 100 20 0 0 0 0 0 0 0 0
93400 -241.908 -1.11213 100 50 0 0 0 0 0 0 0 0 0 -2.01178 100 24 0.300356 100 14 0 0 0 0 0 0 0 0
93500 -241.596 -1.35932 100 64 0 0 0 0 0 0 0 0 0 -2.08471 100 22 -0.0117018 100 17 0 0 0 0 0 0 0 0
93600 -241.098 -2.69454 100 50 0 0 0 0 0 0 0 0 0 -1.83109 100 19 0.0326148 100 14 0 0 0 0 0 0 0 0
93700 -241.807 -1.72839 100 47 0 0 0 0 0 0 0 0 0 -2.29944 100 25 0.474048 100 23 0 0 0 0 0 0 0 0
93800 -245.502 -7.40558 100 53 0 0 0 0 0 0 0 0 0 -2.09027 100 28 0.00845484 100 20 0 0 0 0 0 0 0 0
93900 -240.845 -2.38704 100 57 0 0 0 0 0 0 0 0 0 -1.88889 100 33 -0.0958889 100 17 0 0 0 0 0 0 0 0
94000 -246.759 -6.62039 100 55 0 0 0 0 0 0 0 0 0 -2.44186 100 25 0.535872 100 18 0 0 0 0 0 0 0 0
94100 -240.662 -2.32737 100 57 0 0 0 0 0 0 0 0 0 -1.93527 100 24 0.0120022 100 23 0 0 0 0 0 0 0 0
94200 -241.597 -2.80821 100 63 0 0 0 0 0 0 0 0 0 -1.88803 100 24 0.225949 100 14 0 0 0 0 0 0 0 0
94300 -241.004 -2.74342 100 54 0 0 0 0 0 0 0 0 0 -1.91703 100 20 0.154706 100 20 0 0 0 0 0 0 0 0
94400 -240.801 -2.17625 100 48 0 0 0 0 0 0 0 0 0 -1.87534 100 23 -0.058012 100 22 0 0 0 0 0 0 0 0
94500 -242.903 -1.3153 100 55 0 0 0 0 0 0 0 0 0 -1.73344 100 23 0.0208582 100 16 0 0 0 0 0 0 0 0
94600 -241.961 -4.20444 100 58 0 0 0 0 0 0 0 0 0 -2.06193 100 24 0.0964658 100 21 0 0 0 0 0 0 0 0
94700 -241.658 -1.65435 100 52 0 0 0 0 0 0 0 0 0 -2.05536 100 23 0.40745 100 25 0 0 0 0 0 0 0 0
94800 -240.927 -2.08051 100 57 0 0 0 0 0 0 0 0 0 -2.1113 100 22 0.12109 100 21 0 0 0 0 0 0 0 0
94900 -241.275 -1.99341 100 57 0 0 0 0 0 0 0 0 0 -2.15397 100 21 0.413893 100 23 0 0 0 0 0 0 0 0
95000 -240.892 -2.14644 100 53 0 0 0 0 0 0 0 0 0 -1.86391 100 30 -0.103427 100 15 0 0 0 0 0 0 0 0
95100 -241.392 -1.21663 100 51 0 0 0 0 0 0 0 0 0 -2.02156 100 30 0.0270992 100 21 0 0 0 0 0 0 0 0
95200 -242.51 -4.14413 100 53 0 0 0 0 0 0 0 0 0 -2.21265 100 18 0.299234 100 14 0 0 0 0 0 0 0 0
95300 -242.578 -2.36768 100 55 0 0 0 0 0 0 0 0 0 -1.86523 100 24 -0.421529 100 13 0 0 0 0 0 0 0 0
95400 -240.941 -2.5816 100 55 0 0 0 0 0 0 0 0 0 -1.8541 100 19 -0.114714 100 16 0 0 0 0 0 0 0 0
95500 -243.077 -0.550036 100 63 0 0 0 0 0 0 0 0 0 -2.06307 100 19 0.273262 100 17 0 0 0 0 0 0 0 0
95600 -240.906 -1.67479 100 51 0 0 0 0 0 0 0 0 0 -2.08397 100 22 0.11864 100 13 0 0 0 0 0 0 0 0
95700 -243.377 -4.85612 100 59 0 0 0 0 0 0 0 0 0 -1.7735 100 20 0.0929294 100 17 0 0 0 0 0 0 0 0
95800 -241.315 -1.50949 100 56 0 0 0 0 0 0 0 0 0 -2.16298 100 28 0.381569 100 21 0 0 0 0 0 0 0 0
95900 -241.991 -2.33736 100 59 0 0 0 0 0 0 0 0 0 -1.67543 100 26 -0.169648 100 24 0 0 0 0 0 0 0 0
96000 -241.475 -1.41295 100 56 0 0 0 0 0 0 0 0 0 -1.8981 100 31 -0.134034 100 10 0 0 0 0 0 0 0 0
96100 -240.701 -2.11002 100 49 0 0 0 0 0 0 0 0 0 -1.94762 100 23 -0.0135649 100 12 0 0 0 0 0 0 0 0
96200 -241.105 -1.63958 100 60 0 0 0 0 0 0 0 0 0 -2.09452 100 20 0.067021 100 18 0 0 0 0 0 0 0 0
96300 -241.845 -4.32023 100 51 0 0 0 0 0 0 0 0 0 -1.94667 100 15 0.070041 100 20 0 0 0 0 0 0 0 0
96400 -240.79 -2.01416 100 57 0 0 0 0 0 0 0 0 0 -1.94303 100 25 0.146277 100 20 0 0 0 0 0 0 0 0
96500 -241.978 -4.2153 100 45 0 0 0 0 0 0 0 0 0 -1.84302 100 24 -0.125006 100 20 0 0 0 0 0 0 0 0
96600 -241.052 -2.87915 100 49 0 0 0 0 0 0 0 0 0 -2.10522 100 32 0.243764 100 17 0 0 0 0 0 0 0 0
96700 -240.871 -1.85205 100 47 0 0 0 0 0 0 0 0 0 -2.12046 100 26 0.198601 100 17 0 0 0 0 0 0 0 0
96800 -241.377 -1.85562 100 53 0 0 0 0 0 0 0 0 0 -1.77745 100 25 -0.122445 100 13 0 0 0 0 0 0 0 0
96900 -241.648 -2.35702 100 57 0 0 0 0 0 0 0 0 0 -1.81769 100 34 0.142374 100 14 0 0 0 0 0 0 0 0
97000 -243.172 -1.24228 100 54 0 0 0 0 0 0 0 0 0 -2.13304 100 23 0.595692 100 13 0 0 0 0 0 0 0 0
97100 -240.664 -2.22174 100 59 0 0 0 0 0 0 0 0 0 -1.92681 100 18 0.0151273 100 17 0 0 0 0 0 0 0 0
97200 -242.134 -0.884032 100 59 0 0 0 0 0 0 0 0 0 -2.19126 100 32 0.210935 100 19 0 0 0 0 0 0 0 0
97300 -240.936 -2.11826 100 45 0 0 0 0 0 0 0 0 0 -2.04673 100 16 0.295319 100 21 0 0 0 0 0 0 0 0
97400 -241.366 -3.48082 100 50 0 0 0 0 0 0 0 0 0 -2.07511 100 19 0.136874 100 18 0 0 0 0 0 0 0 0
97500 -240.876 -2.63895 100 52 0 0 0 0 0 0 0 0 0 -1.89397 100 26 -0.0878792 100 15 0 0 0 0 0 0 0 0
97600 -241.126 -2.84331 100 49 0 0 0 0 0 0 0 0 0 -2.11699 100 22 0.293931 100 19 0 0 0 0 0 0 0 0
97700 -241.333 -2.31254 100 57 0 0 0 0 0 0 0 0 0 -1.76011 100 34 -0.181092 100 19 0 0 0 0 0 0 0 0
97800 -241.587 -3.45533 100 63 0 0 0 0 0 0 0 0 0 -1.80562 100 23 -0.188361 100 17 0 0 0 0 0 0 0 0
97900 -240.72 -2.33213 100 49 0 0 0 0 0 0 0 0 0 -2.06733 100 19 0.178026 100 15 0 0 0 0 0 0 0 0
98000 -240.925 -2.43433 100 57 0 0 0 0 0 0 0 0 0 -2.09964 100 29 0.291152 100 23 0 0 0 0 0 0 0 0
98100 -240.822 -2.72143 100 53 0 0 0 0 0 0 0 0 0 -1.93025 100 15 0.112278 100 26 0 0 0 0 0 0 0 0
98200 -241.044 -2.1173 100 59 0 0 0 0 0 0 0 0 0 -2.07987 100 30 0.0260367 100 14 0 0 0 0 0 0 0 0
98300 -240.809 -2.56862 100 58 0 0 0 0 0 0 0 0 0 -2.06671 100 22 0.215792 100 18 0 0 0 0 0 0 0 0
98400 -244.606 -3.11196 100 53 0 0 0 0 0 0 0 0 0 -1.77536 100 25 0.340985 100 21 0 0 0 0 0 0 0 0
98500 -240.676 -1.89784 100 59 0 0 0 0 0 0 0 0 0 -2.02728 100 18 0.126615 100 16 0 0 0 0 0 0 0 0
98600 -240.763 -2.36365 100 53 0 0 0 0 0 0 0 0 0 -1.92872 100 23 -0.053967 100 18 0 0 0 0 0 0 0 0
98700 -241.408 -2.1621 100 47 0 0 0 0 0 0 0 0 0 -1.96589 100 20 -0.183474 100 25 0 0 0 0 0 0 0 0
98800 -243.266 -3.36854 100 52 0 0 0 0 0 0 0 0 0 -1.98384 100 18 -0.347697 100 21 0 0 0 0 0 0 0 0
98900 -242.257 -2.46591 100 60 0 0 0 0 0 0 0 0 0 -1.78196 100 25 -0.415099 100 23 0 0 0 0 0 0 0 0
99000 -241.812 -3.02083 100 59 0 0 0 0 0 0 0 0 0 -2.15214 100 27 0.449918 100 22 0 0 0 0 0 0 0 0
99100 -242.06 -1.81211 100 56 0 0 0 0 0 0 0 0 0 -2.34409 100 24 0.473645 100 25 0 0 0 0 0 0 0 0
99200 -242.159 -1.4716 100 56 0 0 0 0 0 0 0 0 0 -2.14233 100 20 -0.0490111 100 17 0 0 0 0 0 0 0 0
99300 -241.608 -2.91448 100 49 0 0 0 0 0 0 0 0 0 -1.78149 100 27 0.0432116 100 22 0 0 0 0 0 0 0 0
99400 -241.216 -2.2505 100 62 0 0 0 0 0 0 0 0 0 -2.13214 100 25 0.077284 100 22 0 0 0 0 0 0 0 0
99500 -240.726 -2.46185 100 55 0 0 0 0 0 0 0 0 0 -2.01161 100 30 0.187323 100 14 0 0 0 0 0 0 0 0
99600 -243.375 -2.85979 100 46 0 0 0 0 0 0 0 0 0 -2.3043 100 33 0.706565 100 15 0 0 0 0 0 0 0 0
99700 -242.343 -1.12505 100 49 0 0 0 0 0 0 0 0 0 -2.1859 100 24 0.52115 100 21 0 0 0 0 0 0 0 0
99800 -242.939 -3.58166 100 57 0 0 0 0 0 0 0 0 0 -1.68169 100 20 0.00136019 100 18 0 0 0 0 0 0 0 0
99900 -241.352 -2.50012 100 49 0 0 0 0 0 0 0 0 0 -2.18209 100 13 0.170946 100 20 0 0 0 0 0 0 0 0
100000 -241.093 -1.43217 100 62 0 0 0 0 0 0 0 0 0 -2.03231 100 25 0.0437996 100 16 0 0 0 0 0 0 0 0
