iteration logLik intercept1 intercept1_p intercept1_a pcov2 pcov2_p pcov2_a pcov3 pcov3_p pcov3_a pcov4 pcov4_p pcov4_a intercept2 intercept2_p intercept2_a intercept3 intercept3_p intercept3_a intercept4 intercept4_p intercept4_a pcov pcov_p pcov_a data_p data_a
0 -372.84 -19.6224 0 0 0 0 0 0 0 0 0 0 0 0.305251 0 0 -2.20615 0 0 0 0 0 0 0 0 0 0
100 -231.462 -3.11631 100 45 0 0 0 0 0 0 0 0 0 -1.6053 100 32 -0.461359 100 21 0 0 0 0 0 0 0 0
200 -232.617 -3.42632 100 45 0 0 0 0 0 0 0 0 0 -1.52272 100 20 -0.416954 100 30 0 0 0 0 0 0 0 0
300 -234.482 -4.51587 100 40 0 0 0 0 0 0 0 0 0 -1.72818 100 29 -0.185676 100 21 0 0 0 0 0 0 0 0
400 -232.442 -3.70015 100 44 0 0 0 0 0 0 0 0 0 -1.80541 100 25 -0.389098 100 28 0 0 0 0 0 0 0 0
500 -230.983 -1.68974 100 45 0 0 0 0 0 0 0 0 0 -1.65402 100 32 -0.767273 100 28 0 0 0 0 0 0 0 0
600 -232.056 -3.62184 100 46 0 0 0 0 0 0 0 0 0 -1.69051 100 27 -0.566994 100 24 0 0 0 0 0 0 0 0
700 -231.196 -1.8653 100 44 0 0 0 0 0 0 0 0 0 -1.54085 100 29 -0.466639 100 26 0 0 0 0 0 0 0 0
800 -232.086 -2.6258 100 53 0 0 0 0 0 0 0 0 0 -1.45461 100 35 -1.02348 100 34 0 0 0 0 0 0 0 0
900 -230.907 -1.97886 100 49 0 0 0 0 0 0 0 0 0 -1.79867 100 32 -0.620729 100 23 0 0 0 0 0 0 0 0
1000 -230.659 -2.44525 100 36 0 0 0 0 0 0 0 0 0 -1.61565 100 30 -0.654422 100 18 0 0 0 0 0 0 0 0
1100 -231.297 -1.14853 100 47 0 0 0 0 0 0 0 0 0 -1.76596 100 25 -0.322931 100 27 0 0 0 0 0 0 0 0
1200 -230.793 -1.39588 100 43 0 0 0 0 0 0 0 0 0 -1.8305 100 19 -0.335632 100 23 0 0 0 0 0 0 0 0
1300 -231.986 -2.51895 100 41 0 0 0 0 0 0 0 0 0 -1.97454 100 21 -0.408904 100 26 0 0 0 0 0 0 0 0
1400 -231.471 -1.62843 100 38 0 0 0 0 0 0 0 0 0 -1.76213 100 19 -0.773324 100 23 0 0 0 0 0 0 0 0
1500 -233.915 -3.92393 100 45 0 0 0 0 0 0 0 0 0 -1.98676 100 25 -0.239832 100 25 0 0 0 0 0 0 0 0
1600 -233.239 -3.93989 100 39 0 0 0 0 0 0 0 0 0 -1.87736 100 24 -0.38538 100 19 0 0 0 0 0 0 0 0
1700 -233.131 -2.885 100 46 0 0 0 0 0 0 0 0 0 -1.9643 100 24 -0.587897 100 16 0 0 0 0 0 0 0 0
1800 -231.143 -1.50707 100 52 0 0 0 0 0 0 0 0 0 -1.6603 100 21 -0.332056 100 20 0 0 0 0 0 0 0 0
1900 -230.672 -2.46507 100 60 0 0 0 0 0 0 0 0 0 -1.5941 100 25 -0.621358 100 29 0 0 0 0 0 0 0 0
2000 -231.604 -3.20687 100 42 0 0 0 0 0 0 0 0 0 -1.6737 100 22 -0.373708 100 22 0 0 0 0 0 0 0 0
2100 -231.636 -1.78902 100 38 0 0 0 0 0 0 0 0 0 -1.49395 100 22 -0.492138 100 28 0 0 0 0 0 0 0 0
2200 -230.758 -1.67183 100 48 0 0 0 0 0 0 0 0 0 -1.71729 100 16 -0.66077 100 23 0 0 0 0 0 0 0 0
2300 -233.689 -1.76236 100 45 0 0 0 0 0 0 0 0 0 -1.2736 100 27 -0.881567 100 20 0 0 0 0 0 0 0 0
2400 -230.787 -2.00567 100 42 0 0 0 0 0 0 0 0 0 -1.54274 100 21 -0.708205 100 12 0 0 0 0 0 0 0 0
2500 -232.485 -0.799231 100 51 0 0 0 0 0 0 0 0 0 -1.88382 100 24 -0.503548 100 21 0 0 0 0 0 0 0 0
2600 -230.649 -2.191 100 52 0 0 0 0 0 0 0 0 0 -1.69503 100 24 -0.66514 100 27 0 0 0 0 0 0 0 0
2700 -230.538 -2.38845 100 46 0 0 0 0 0 0 0 0 0 -1.67186 100 20 -0.57868 100 18 0 0 0 0 0 0 0 0
2800 -235.344 -2.73838 100 41 0 0 0 0 0 0 0 0 0 -1.16172 100 27 -1.23903 100 17 0 0 0 0 0 0 0 0
2900 -232.483 -1.66738 100 51 0 0 0 0 0 0 0 0 0 -1.80445 100 31 -0.883792 100 24 0 0 0 0 0 0 0 0
3000 -231.211 -1.9591 100 44 0 0 0 0 0 0 0 0 0 -1.78163 100 19 -0.71596 100 24 0 0 0 0 0 0 0 0
3100 -232.723 -3.21031 100 46 0 0 0 0 0 0 0 0 0 -1.42767 100 28 -0.532661 100 24 0 0 0 0 0 0 0 0
3200 -232.223 -0.841249 100 41 0 0 0 0 0 0 0 0 0 -1.91046 100 27 -0.154142 100 14 0 0 0 0 0 0 0 0
3300 -230.53 -1.81828 100 43 0 0 0 0 0 0 0 0 0 -1.76439 100 35 -0.545612 100 23 0 0 0 0 0 0 0 0
3400 -231.481 -3.10319 100 43 0 0 0 0 0 0 0 0 0 -1.72084 100 18 -0.336614 100 21 0 0 0 0 0 0 0 0
3500 -231.768 -1.95669 100 52 0 0 0 0 0 0 0 0 0 -1.42421 100 27 -0.642462 100 25 0 0 0 0 0 0 0 0
3600 -233.683 -4.40879 100 51 0 0 0 0 0 0 0 0 0 -1.55024 100 23 -0.497744 100 17 0 0 0 0 0 0 0 0
3700 -232.517 -2.31594 100 52 0 0 0 0 0 0 0 0 0 -2.02006 100 20 0.0870489 100 17 0 0 0 0 0 0 0 0
3800 -230.607 -1.80544 100 44 0 0 0 0 0 0 0 0 0 -1.60953 100 24 -0.642155 100 19 0 0 0 0 0 0 0 0
3900 -231.331 -1.07666 100 48 0 0 0 0 0 0 0 0 0 -1.80662 100 19 -0.395828 100 16 0 0 0 0 0 0 0 0
4000 -232.089 -1.16543 100 42 0 0 0 0 0 0 0 0 0 -1.57267 100 20 -0.778108 100 18 0 0 0 0 0 0 0 0
4100 -231.64 -2.84589 100 47 0 0 0 0 0 0 0 0 0 -1.80382 100 34 -0.17715 100 22 0 0 0 0 0 0 0 0
4200 -234.648 -4.17422 100 46 0 0 0 0 0 0 0 0 0 -2.01474 100 26 -0.263668 100 20 0 0 0 0 0 0 0 0
4300 -233.072 -2.61432 100 44 0 0 0 0 0 0 0 0 0 -1.41687 100 29 -0.418507 100 20 0 0 0 0 0 0 0 0
4400 -230.441 -1.84952 100 45 0 0 0 0 0 0 0 0 0 -1.7445 100 21 -0.378865 100 23 0 0 0 0 0 0 0 0
4500 -233.332 -3.72649 100 48 0 0 0 0 0 0 0 0 0 -1.37513 100 25 -0.73967 100 26 0 0 0 0 0 0 0 0
4600 -232.151 -1.61805 100 46 0 0 0 0 0 0 0 0 0 -1.44995 100 30 -0.552167 100 23 0 0 0 0 0 0 0 0
4700 -233.615 -3.42056 100 43 0 0 0 0 0 0 0 0 0 -2.05307 100 23 -0.194399 100 26 0 0 0 0 0 0 0 0
4800 -230.965 -1.52778 100 49 0 0 0 0 0 0 0 0 0 -1.84152 100 31 -0.187161 100 16 0 0 0 0 0 0 0 0
4900 -232.59 -2.93703 100 51 0 0 0 0 0 0 0 0 0 -1.64203 100 30 -0.175523 100 16 0 0 0 0 0 0 0 0
5000 -233.345 -1.4354 100 47 0 0 0 0 0 0 0 0 0 -1.3529 100 22 -0.925811 100 25 0 0 0 0 0 0 0 0
5100 -231.177 -2.19008 100 35 0 0 0 0 0 0 0 0 0 -1.57643 100 28 -0.875049 100 23 0 0 0 0 0 0 0 0
5200 -230.917 -1.32454 100 47 0 0 0 0 0 0 0 0 0 -1.83478 100 24 -0.301211 100 20 0 0 0 0 0 0 0 0
5300 -231.026 -2.88711 100 41 0 0 0 0 0 0 0 0 0 -1.62857 100 22 -0.505141 100 14 0 0 0 0 0 0 0 0
5400 -231.873 -2.48854 100 42 0 0 0 0 0 0 0 0 0 -1.93591 100 18 -0.0434004 100 20 0 0 0 0 0 0 0 0
5500 -230.399 -1.80832 100 46 0 0 0 0 0 0 0 0 0 -1.73174 100 30 -0.441075 100 26 0 0 0 0 0 0 0 0
5600 -231.026 -1.42559 100 51 0 0 0 0 0 0 0 0 0 -1.81079 100 33 -0.212119 100 24 0 0 0 0 0 0 0 0
5700 -232.91 -3.44566 100 49 0 0 0 0 0 0 0 0 0 -1.4406 100 31 -1.00366 100 20 0 0 0 0 0 0 0 0
5800 -230.845 -1.81293 100 52 0 0 0 0 0 0 0 0 0 -1.81329 100 33 -0.197978 100 15 0 0 0 0 0 0 0 0
5900 -230.927 -2.28689 100 46 0 0 0 0 0 0 0 0 0 -1.83655 100 23 -0.217309 100 23 0 0 0 0 0 0 0 0
6000 -230.787 -1.99127 100 47 0 0 0 0 0 0 0 0 0 -1.73465 100 33 -0.677614 100 16 0 0 0 0 0 0 0 0
6100 -232.262 -3.545 100 45 0 0 0 0 0 0 0 0 0 -1.74835 100 22 -0.617961 100 21 0 0 0 0 0 0 0 0
6200 -234.826 -1.36801 100 39 0 0 0 0 0 0 0 0 0 -2.26584 100 18 -0.313341 100 22 0 0 0 0 0 0 0 0
6300 -233.19 -3.70411 100 49 0 0 0 0 0 0 0 0 0 -1.42458 100 33 -0.590294 100 20 0 0 0 0 0 0 0 0
6400 -230.849 -1.54099 100 39 0 0 0 0 0 0 0 0 0 -1.88118 100 26 -0.398592 100 22 0 0 0 0 0 0 0 0
6500 -231.6 -3.27547 100 40 0 0 0 0 0 0 0 0 0 -1.74953 100 22 -0.479189 100 30 0 0 0 0 0 0 0 0
6600 -231.374 -2.63913 100 48 0 0 0 0 0 0 0 0 0 -1.78081 100 26 -0.191142 100 21 0 0 0 0 0 0 0 0
6700 -232.179 -3.18475 100 47 0 0 0 0 0 0 0 0 0 -1.4214 100 21 -0.8178 100 18 0 0 0 0 0 0 0 0
6800 -230.778 -2.7016 100 47 0 0 0 0 0 0 0 0 0 -1.64675 100 23 -0.561008 100 24 0 0 0 0 0 0 0 0
6900 -231.966 -3.19262 100 49 0 0 0 0 0 0 0 0 0 -1.57382 100 27 -0.86416 100 30 0 0 0 0 0 0 0 0
7000 -230.818 -1.4513 100 48 0 0 0 0 0 0 0 0 0 -1.84887 100 24 -0.272172 100 26 0 0 0 0 0 0 0 0
7100 -230.691 -1.64474 100 53 0 0 0 0 0 0 0 0 0 -1.62042 100 25 -0.617694 100 23 0 0 0 0 0 0 0 0
7200 -233.749 -3.56091 100 51 0 0 0 0 0 0 0 0 0 -1.78286 100 13 -0.0274744 100 21 0 0 0 0 0 0 0 0
7300 -231.19 -2.48326 100 38 0 0 0 0 0 0 0 0 0 -1.56109 100 28 -0.43403 100 26 0 0 0 0 0 0 0 0
7400 -232.637 -2.18632 100 48 0 0 0 0 0 0 0 0 0 -1.79046 100 22 0.0312698 100 19 0 0 0 0 0 0 0 0
7500 -232.303 -0.798098 100 47 0 0 0 0 0 0 0 0 0 -1.76793 100 25 -0.389952 100 26 0 0 0 0 0 0 0 0
7600 -231.78 -3.00713 100 48 0 0 0 0 0 0 0 0 0 -1.70524 100 32 -0.762932 100 27 0 0 0 0 0 0 0 0
7700 -230.807 -1.66471 100 54 0 0 0 0 0 0 0 0 0 -1.90124 100 23 -0.298192 100 21 0 0 0 0 0 0 0 0
7800 -230.667 -2.18265 100 40 0 0 0 0 0 0 0 0 0 -1.6704 100 26 -0.367347 100 16 0 0 0 0 0 0 0 0
7900 -230.786 -2.3213 100 45 0 0 0 0 0 0 0 0 0 -1.83485 100 29 -0.295733 100 21 0 0 0 0 0 0 0 0
8000 -233.073 -3.14319 100 44 0 0 0 0 0 0 0 0 0 -1.59723 100 30 -0.200852 100 21 0 0 0 0 0 0 0 0
8100 -231.245 -1.69668 100 58 0 0 0 0 0 0 0 0 0 -1.50003 100 34 -0.704577 100 20 0 0 0 0 0 0 0 0
8200 -231.483 -2.22397 100 39 0 0 0 0 0 0 0 0 0 -1.71793 100 26 -0.831414 100 37 0 0 0 0 0 0 0 0
8300 -231.298 -2.47832 100 41 0 0 0 0 0 0 0 0 0 -1.85013 100 25 -0.15777 100 18 0 0 0 0 0 0 0 0
8400 -231.239 -2.72814 100 38 0 0 0 0 0 0 0 0 0 -1.51383 100 26 -0.783381 100 20 0 0 0 0 0 0 0 0
8500 -230.49 -1.83805 100 31 0 0 0 0 0 0 0 0 0 -1.67234 100 29 -0.438155 100 22 0 0 0 0 0 0 0 0
8600 -230.889 -2.24018 100 36 0 0 0 0 0 0 0 0 0 -1.77365 100 29 -0.628878 100 11 0 0 0 0 0 0 0 0
8700 -232.863 -1.24059 100 47 0 0 0 0 0 0 0 0 0 -1.6416 100 24 -0.173134 100 15 0 0 0 0 0 0 0 0
8800 -232.823 -1.46036 100 41 0 0 0 0 0 0 0 0 0 -2.18833 100 21 -0.0389998 100 23 0 0 0 0 0 0 0 0
8900 -233.065 -2.53185 100 39 0 0 0 0 0 0 0 0 0 -2.13713 100 25 -0.0509481 100 21 0 0 0 0 0 0 0 0
9000 -232.041 -2.36589 100 47 0 0 0 0 0 0 0 0 0 -2.04053 100 26 -0.218794 100 24 0 0 0 0 0 0 0 0
9100 -231.297 -3.14529 100 49 0 0 0 0 0 0 0 0 0 -1.66996 100 17 -0.536418 100 23 0 0 0 0 0 0 0 0
9200 -231.657 -2.76689 100 45 0 0 0 0 0 0 0 0 0 -1.43489 100 27 -0.80521 100 32 0 0 0 0 0 0 0 0
9300 -231.176 -1.67814 100 42 0 0 0 0 0 0 0 0 0 -1.706 100 28 -0.229246 100 23 0 0 0 0 0 0 0 0
9400 -230.944 -2.12651 100 48 0 0 0 0 0 0 0 0 0 -1.7469 100 22 -0.222933 100 21 0 0 0 0 0 0 0 0
9500 -230.612 -2.46466 100 45 0 0 0 0 0 0 0 0 0 -1.64835 100 27 -0.609469 100 25 0 0 0 0 0 0 0 0
9600 -230.537 -2.00548 100 46 0 0 0 0 0 0 0 0 0 -1.60107 100 25 -0.625268 100 19 0 0 0 0 0 0 0 0
9700 -232.666 -1.33104 100 40 0 0 0 0 0 0 0 0 0 -1.6739 100 22 -0.977254 100 21 0 0 0 0 0 0 0 0
9800 -231.349 -1.45908 100 44 0 0 0 0 0 0 0 0 0 -1.98815 100 22 -0.276076 100 25 0 0 0 0 0 0 0 0
9900 -230.741 -1.42342 100 44 0 0 0 0 0 0 0 0 0 -1.71421 100 22 -0.519395 100 25 0 0 0 0 0 0 0 0
10000 -231.519 -1.79351 100 51 0 0 0 0 0 0 0 0 0 -1.84378 100 20 -0.0541934 100 18 0 0 0 0 0 0 0 0
10100 -231.648 -1.62752 100 44 0 0 0 0 0 0 0 0 0 -1.48849 100 33 -0.865038 100 25 0 0 0 0 0 0 0 0
10200 -230.943 -2.30281 100 47 0 0 0 0 0 0 0 0 0 -1.88527 100 26 -0.315337 100 22 0 0 0 0 0 0 0 0
10300 -232.274 -3.62248 100 36 0 0 0 0 0 0 0 0 0 -1.51023 100 18 -0.669903 100 17 0 0 0 0 0 0 0 0
10400 -231.436 -1.10778 100 32 0 0 0 0 0 0 0 0 0 -1.83485 100 26 -0.498426 100 26 0 0 0 0 0 0 0 0
10500 -230.661 -2.19769 100 42 0 0 0 0 0 0 0 0 0 -1.79548 100 31 -0.515943 100 19 0 0 0 0 0 0 0 0
10600 -232.69 -1.44788 100 44 0 0 0 0 0 0 0 0 0 -1.47563 100 32 -0.441365 100 22 0 0 0 0 0 0 0 0
10700 -231.373 -1.90554 100 38 0 0 0 0 0 0 0 0 0 -1.45574 100 26 -0.721206 100 17 0 0 0 0 0 0 0 0
10800 -230.937 -1.38099 100 42 0 0 0 0 0 0 0 0 0 -1.71347 100 26 -0.362932 100 19 0 0 0 0 0 0 0 0
10900 -231.532 -1.4047 100 39 0 0 0 0 0 0 0 0 0 -1.55079 100 32 -0.526545 100 19 0 0 0 0 0 0 0 0
11000 -232.674 -2.30346 100 44 0 0 0 0 0 0 0 0 0 -2.03791 100 24 0.110099 100 22 0 0 0 0 0 0 0 0
11100 -231.104 -2.90749 100 41 0 0 0 0 0 0 0 0 0 -1.69024 100 31 -0.404481 100 21 0 0 0 0 0 0 0 0
11200 -233.87 -2.34201 100 50 0 0 0 0 0 0 0 0 0 -1.58988 100 20 -1.25542 100 19 0 0 0 0 0 0 0 0
11300 -231.054 -2.36805 100 42 0 0 0 0 0 0 0 0 0 -1.85013 100 28 -0.199899 100 13 0 0 0 0 0 0 0 0
11400 -230.766 -2.19034 100 40 0 0 0 0 0 0 0 0 0 -1.55075 100 26 -0.725149 100 18 0 0 0 0 0 0 0 0
11500 -232.082 -3.41495 100 46 0 0 0 0 0 0 0 0 0 -1.6042 100 23 -0.401085 100 22 0 0 0 0 0 0 0 0
11600 -233.912 -2.31435 100 48 0 0 0 0 0 0 0 0 0 -1.38914 100 24 -0.371258 100 24 0 0 0 0 0 0 0 0
11700 -232.519 -3.70174 100 39 0 0 0 0 0 0 0 0 0 -1.72687 100 23 -0.294254 100 12 0 0 0 0 0 0 0 0
11800 -231.305 -1.31635 100 44 0 0 0 0 0 0 0 0 0 -1.71407 100 19 -0.695208 100 27 0 0 0 0 0 0 0 0
11900 -231.82 -1.65867 100 50 0 0 0 0 0 0 0 0 0 -1.77771 100 34 -0.81821 100 27 0 0 0 0 0 0 0 0
12000 -231.829 -2.80169 100 47 0 0 0 0 0 0 0 0 0 -1.4161 100 25 -0.733458 100 24 0 0 0 0 0 0 0 0
12100 -232.798 -1.70865 100 49 0 0 0 0 0 0 0 0 0 -1.43822 100 20 -0.441387 100 21 0 0 0 0 0 0 0 0
12200 -231.737 -1.22765 100 44 0 0 0 0 0 0 0 0 0 -2.00107 100 25 -0.0652466 100 22 0 0 0 0 0 0 0 0
12300 -231.353 -1.36437 100 51 0 0 0 0 0 0 0 0 0 -1.88079 100 34 -0.112583 100 22 0 0 0 0 0 0 0 0
12400 -232.682 -1.31129 100 48 0 0 0 0 0 0 0 0 0 -1.70467 100 24 -0.954211 100 27 0 0 0 0 0 0 0 0
12500 -231.802 -1.4239 100 37 0 0 0 0 0 0 0 0 0 -1.68232 100 18 -0.860227 100 13 0 0 0 0 0 0 0 0
12600 -231.761 -3.11428 100 52 0 0 0 0 0 0 0 0 0 -1.47127 100 28 -0.738188 100 25 0 0 0 0 0 0 0 0
12700 -234.163 -2.98747 100 43 0 0 0 0 0 0 0 0 0 -2.16571 100 30 -0.164289 100 29 0 0 0 0 0 0 0 0
12800 -230.754 -2.52116 100 38 0 0 0 0 0 0 0 0 0 -1.57989 100 18 -0.581766 100 29 0 0 0 0 0 0 0 0
12900 -231.521 -2.82017 100 46 0 0 0 0 0 0 0 0 0 -1.77583 100 24 -0.652983 100 24 0 0 0 0 0 0 0 0
13000 -231.312 -1.45894 100 49 0 0 0 0 0 0 0 0 0 -1.78545 100 26 -0.160093 100 20 0 0 0 0 0 0 0 0
13100 -230.731 -2.01091 100 38 0 0 0 0 0 0 0 0 0 -1.81296 100 24 -0.539617 100 25 0 0 0 0 0 0 0 0
13200 -232.764 -3.76305 100 46 0 0 0 0 0 0 0 0 0 -1.45781 100 21 -0.786577 100 25 0 0 0 0 0 0 0 0
13300 -230.805 -1.47168 100 54 0 0 0 0 0 0 0 0 0 -1.86234 100 21 -0.281966 100 22 0 0 0 0 0 0 0 0
13400 -231.371 -2.50186 100 42 0 0 0 0 0 0 0 0 0 -1.65448 100 17 -0.841448 100 14 0 0 0 0 0 0 0 0
13500 -231.088 -2.47997 100 45 0 0 0 0 0 0 0 0 0 -1.87124 100 27 -0.402807 100 15 0 0 0 0 0 0 0 0
13600 -231.557 -3.15689 100 36 0 0 0 0 0 0 0 0 0 -1.79606 100 22 -0.415429 100 18 0 0 0 0 0 0 0 0
13700 -233.619 -1.32599 100 43 0 0 0 0 0 0 0 0 0 -1.35426 100 24 -0.870856 100 21 0 0 0 0 0 0 0 0
13800 -230.495 -1.70657 100 49 0 0 0 0 0 0 0 0 0 -1.79881 100 30 -0.391446 100 21 0 0 0 0 0 0 0 0
13900 -231.331 -1.84125 100 44 0 0 0 0 0 0 0 0 0 -1.97306 100 26 -0.355512 100 24 0 0 0 0 0 0 0 0
14000 -233.226 -4.15028 100 46 0 0 0 0 0 0 0 0 0 -1.52913 100 27 -0.799126 100 13 0 0 0 0 0 0 0 0
14100 -232.2 -1.37929 100 46 0 0 0 0 0 0 0 0 0 -2.04147 100 23 -0.400794 100 18 0 0 0 0 0 0 0 0
14200 -231.613 -1.10631 100 43 0 0 0 0 0 0 0 0 0 -1.65387 100 27 -0.503401 100 19 0 0 0 0 0 0 0 0
14300 -230.683 -1.69437 100 45 0 0 0 0 0 0 0 0 0 -1.67505 100 24 -0.383417 100 14 0 0 0 0 0 0 0 0
14400 -231.066 -1.71472 100 41 0 0 0 0 0 0 0 0 0 -1.95287 100 26 -0.291708 100 28 0 0 0 0 0 0 0 0
14500 -230.829 -1.64351 100 45 0 0 0 0 0 0 0 0 0 -1.81742 100 26 -0.553126 100 22 0 0 0 0 0 0 0 0
14600 -231.562 -2.15671 100 48 0 0 0 0 0 0 0 0 0 -1.90151 100 30 -0.567387 100 24 0 0 0 0 0 0 0 0
14700 -231.811 -1.03381 100 37 0 0 0 0 0 0 0 0 0 -1.89261 100 24 -0.488356 100 23 0 0 0 0 0 0 0 0
14800 -233.659 -3.19816 100 51 0 0 0 0 0 0 0 0 0 -1.71184 100 32 -1.01477 100 19 0 0 0 0 0 0 0 0
14900 -231.465 -2.016 100 42 0 0 0 0 0 0 0 0 0 -1.8398 100 31 -0.0685412 100 18 0 0 0 0 0 0 0 0
15000 -231.954 -1.41936 100 33 0 0 0 0 0 0 0 0 0 -1.86243 100 21 -0.699717 100 21 0 0 0 0 0 0 0 0
15100 -230.47 -1.79693 100 34 0 0 0 0 0 0 0 0 0 -1.66345 100 11 -0.486133 100 24 0 0 0 0 0 0 0 0
15200 -233.117 -1.05233 100 43 0 0 0 0 0 0 0 0 0 -2.18 100 27 -0.14204 100 24 0 0 0 0 0 0 0 0
15300 -231.235 -2.3248 100 38 0 0 0 0 0 0 0 0 0 -1.84964 100 32 -0.568284 100 26 0 0 0 0 0 0 0 0
15400 -233.677 -1.43197 100 44 0 0 0 0 0 0 0 0 0 -1.87559 100 35 -0.921079 100 15 0 0 0 0 0 0 0 0
15500 -230.763 -2.60017 100 47 0 0 0 0 0 0 0 0 0 -1.60563 100 22 -0.640686 100 25 0 0 0 0 0 0 0 0
15600 -231.297 -1.4991 100 55 0 0 0 0 0 0 0 0 0 -1.88025 100 25 -0.0980806 100 24 0 0 0 0 0 0 0 0
15700 -230.774 -1.86598 100 47 0 0 0 0 0 0 0 0 0 -1.55415 100 22 -0.672461 100 18 0 0 0 0 0 0 0 0
15800 -233.682 -0.929989 100 37 0 0 0 0 0 0 0 0 0 -1.50078 100 19 -0.854624 100 16 0 0 0 0 0 0 0 0
15900 -230.562 -1.67914 100 44 0 0 0 0 0 0 0 0 0 -1.79996 100 29 -0.473112 100 21 0 0 0 0 0 0 0 0
16000 -232.562 -0.750822 100 51 0 0 0 0 0 0 0 0 0 -1.84644 100 25 -0.506182 100 27 0 0 0 0 0 0 0 0
16100 -232.692 -2.19886 100 41 0 0 0 0 0 0 0 0 0 -1.31294 100 28 -0.936161 100 23 0 0 0 0 0 0 0 0
16200 -231.675 -1.60118 100 39 0 0 0 0 0 0 0 0 0 -1.99844 100 19 -0.398958 100 14 0 0 0 0 0 0 0 0
16300 -231.716 -0.980075 100 36 0 0 0 0 0 0 0 0 0 -1.77249 100 27 -0.328759 100 22 0 0 0 0 0 0 0 0
16400 -230.889 -1.64061 100 43 0 0 0 0 0 0 0 0 0 -1.76935 100 24 -0.229358 100 23 0 0 0 0 0 0 0 0
16500 -234.033 -1.59926 100 39 0 0 0 0 0 0 0 0 0 -2.21482 100 31 -0.315 100 21 0 0 0 0 0 0 0 0
16600 -231.055 -2.46113 100 41 0 0 0 0 0 0 0 0 0 -1.7596 100 25 -0.653874 100 25 0 0 0 0 0 0 0 0
16700 -231.083 -2.77227 100 48 0 0 0 0 0 0 0 0 0 -1.79556 100 25 -0.340862 100 21 0 0 0 0 0 0 0 0
16800 -233.491 -3.37214 100 37 0 0 0 0 0 0 0 0 0 -1.9281 100 32 0.0310725 100 26 0 0 0 0 0 0 0 0
16900 -230.558 -2.35666 100 49 0 0 0 0 0 0 0 0 0 -1.71317 100 24 -0.405462 100 24 0 0 0 0 0 0 0 0
17000 -231.155 -1.84571 100 44 0 0 0 0 0 0 0 0 0 -1.82746 100 30 -0.123368 100 26 0 0 0 0 0 0 0 0
17100 -230.789 -2.35808 100 48 0 0 0 0 0 0 0 0 0 -1.63585 100 21 -0.398608 100 24 0 0 0 0 0 0 0 0
17200 -233.017 -2.21362 100 43 0 0 0 0 0 0 0 0 0 -1.94161 100 26 -0.730091 100 24 0 0 0 0 0 0 0 0
17300 -230.96 -2.4768 100 47 0 0 0 0 0 0 0 0 0 -1.75164 100 25 -0.266061 100 17 0 0 0 0 0 0 0 0
17400 -230.723 -1.42092 100 44 0 0 0 0 0 0 0 0 0 -1.80451 100 23 -0.410582 100 30 0 0 0 0 0 0 0 0
17500 -231.514 -2.35461 100 47 0 0 0 0 0 0 0 0 0 -1.9244 100 25 -0.0935897 100 19 0 0 0 0 0 0 0 0
17600 -231.324 -2.08539 100 42 0 0 0 0 0 0 0 0 0 -1.97143 100 21 -0.301278 100 12 0 0 0 0 0 0 0 0
17700 -230.513 -2.24882 100 50 0 0 0 0 0 0 0 0 0 -1.61909 100 26 -0.602472 100 20 0 0 0 0 0 0 0 0
17800 -231.548 -2.63507 100 40 0 0 0 0 0 0 0 0 0 -1.67097 100 25 -0.241812 100 16 0 0 0 0 0 0 0 0
17900 -232.371 -3.79854 100 45 0 0 0 0 0 0 0 0 0 -1.66429 100 19 -0.441272 100 23 0 0 0 0 0 0 0 0
18000 -232.271 -3.04963 100 53 0 0 0 0 0 0 0 0 0 -1.95469 100 25 -0.310095 100 16 0 0 0 0 0 0 0 0
18100 -233.984 -0.655783 100 55 0 0 0 0 0 0 0 0 0 -1.82988 100 31 -0.746856 100 21 0 0 0 0 0 0 0 0
18200 -232.444 -1.72171 100 43 0 0 0 0 0 0 0 0 0 -2.03526 100 26 0.1295 100 28 0 0 0 0 0 0 0 0
18300 -230.569 -2.43586 100 45 0 0 0 0 0 0 0 0 0 -1.70039 100 29 -0.546488 100 22 0 0 0 0 0 0 0 0
18400 -230.977 -1.86155 100 47 0 0 0 0 0 0 0 0 0 -1.86067 100 19 -0.531671 100 22 0 0 0 0 0 0 0 0
18500 -230.963 -2.55995 100 45 0 0 0 0 0 0 0 0 0 -1.65484 100 26 -0.364044 100 26 0 0 0 0 0 0 0 0
18600 -230.92 -2.32526 100 51 0 0 0 0 0 0 0 0 0 -1.5703 100 23 -0.793984 100 21 0 0 0 0 0 0 0 0
18700 -231.201 -2.18618 100 44 0 0 0 0 0 0 0 0 0 -1.47883 100 27 -0.613919 100 30 0 0 0 0 0 0 0 0
18800 -230.473 -2.24054 100 46 0 0 0 0 0 0 0 0 0 -1.65509 100 22 -0.490492 100 14 0 0 0 0 0 0 0 0
18900 -230.987 -2.31224 100 44 0 0 0 0 0 0 0 0 0 -1.86309 100 28 -0.215293 100 25 0 0 0 0 0 0 0 0
19000 -230.915 -1.52711 100 41 0 0 0 0 0 0 0 0 0 -1.72012 100 20 -0.667631 100 16 0 0 0 0 0 0 0 0
19100 -231.912 -1.91598 100 45 0 0 0 0 0 0 0 0 0 -1.47649 100 18 -0.458934 100 26 0 0 0 0 0 0 0 0
19200 -230.831 -1.47981 100 36 0 0 0 0 0 0 0 0 0 -1.80664 100 22 -0.258588 100 22 0 0 0 0 0 0 0 0
19300 -231.014 -2.82541 100 47 0 0 0 0 0 0 0 0 0 -1.60404 100 28 -0.673045 100 27 0 0 0 0 0 0 0 0
19400 -231.239 -1.78602 100 44 0 0 0 0 0 0 0 0 0 -1.78017 100 26 -0.13982 100 20 0 0 0 0 0 0 0 0
19500 -231.761 -1.84396 100 44 0 0 0 0 0 0 0 0 0 -2.05298 100 21 -0.0783888 100 17 0 0 0 0 0 0 0 0
19600 -231.637 -3.31122 100 45 0 0 0 0 0 0 0 0 0 -1.73291 100 31 -0.521088 100 20 0 0 0 0 0 0 0 0
19700 -231.504 -3.17336 100 42 0 0 0 0 0 0 0 0 0 -1.58029 100 27 -0.714741 100 24 0 0 0 0 0 0 0 0
19800 -231.25 -1.84204 100 49 0 0 0 0 0 0 0 0 0 -1.80296 100 21 -0.120357 100 28 0 0 0 0 0 0 0 0
19900 -231.43 -1.2599 100 46 0 0 0 0 0 0 0 0 0 -1.8511 100 33 -0.56547 100 19 0 0 0 0 0 0 0 0
20000 -230.513 -1.87036 100 41 0 0 0 0 0 0 0 0 0 -1.7505 100 28 -0.334647 100 22 0 0 0 0 0 0 0 0
20100 -230.503 -2.05294 100 44 0 0 0 0 0 0 0 0 0 -1.70953 100 29 -0.372233 100 20 0 0 0 0 0 0 0 0
20200 -230.796 -1.47814 100 52 0 0 0 0 0 0 0 0 0 -1.69591 100 25 -0.392131 100 23 0 0 0 0 0 0 0 0
20300 -230.799 -2.50743 100 44 0 0 0 0 0 0 0 0 0 -1.72687 100 20 -0.608639 100 29 0 0 0 0 0 0 0 0
20400 -231.625 -1.33482 100 45 0 0 0 0 0 0 0 0 0 -1.77625 100 16 -0.726259 100 22 0 0 0 0 0 0 0 0
20500 -233.817 -3.92491 100 48 0 0 0 0 0 0 0 0 0 -1.85991 100 24 -0.0701885 100 27 0 0 0 0 0 0 0 0
20600 -231.5 -2.71733 100 49 0 0 0 0 0 0 0 0 0 -1.64771 100 23 -0.835047 100 28 0 0 0 0 0 0 0 0
20700 -230.771 -2.01183 100 49 0 0 0 0 0 0 0 0 0 -1.55109 100 26 -0.720648 100 15 0 0 0 0 0 0 0 0
20800 -231.937 -2.43154 100 46 0 0 0 0 0 0 0 0 0 -1.38137 100 25 -0.754015 100 23 0 0 0 0 0 0 0 0
20900 -232.956 -3.89341 100 38 0 0 0 0 0 0 0 0 0 -1.80392 100 23 -0.254572 100 28 0 0 0 0 0 0 0 0
21000 -231.957 -1.69475 100 48 0 0 0 0 0 0 0 0 0 -1.47733 100 23 -0.49002 100 23 0 0 0 0 0 0 0 0
21100 -232.788 -2.03106 100 41 0 0 0 0 0 0 0 0 0 -1.7569 100 29 0.0226823 100 23 0 0 0 0 0 0 0 0
21200 -232.627 -1.92812 100 49 0 0 0 0 0 0 0 0 0 -2.07 100 22 -0.418206 100 24 0 0 0 0 0 0 0 0
21300 -231.167 -1.17532 100 49 0 0 0 0 0 0 0 0 0 -1.73319 100 19 -0.475916 100 14 0 0 0 0 0 0 0 0
21400 -231.639 -1.355 100 40 0 0 0 0 0 0 0 0 0 -1.62428 100 25 -0.343232 100 25 0 0 0 0 0 0 0 0
21500 -231.14 -2.86381 100 41 0 0 0 0 0 0 0 0 0 -1.68734 100 35 -0.654965 100 26 0 0 0 0 0 0 0 0
21600 -232.591 -1.84098 100 40 0 0 0 0 0 0 0 0 0 -2.12239 100 33 0.0976972 100 21 0 0 0 0 0 0 0 0
21700 -230.892 -1.44656 100 44 0 0 0 0 0 0 0 0 0 -1.68513 100 26 -0.638403 100 19 0 0 0 0 0 0 0 0
21800 -233.131 -2.26676 100 47 0 0 0 0 0 0 0 0 0 -1.43513 100 31 -0.364078 100 24 0 0 0 0 0 0 0 0
21900 -231.67 -1.26627 100 37 0 0 0 0 0 0 0 0 0 -1.88269 100 27 -0.578327 100 19 0 0 0 0 0 0 0 0
22000 -230.998 -2.00912 100 44 0 0 0 0 0 0 0 0 0 -1.58786 100 25 -0.828612 100 14 0 0 0 0 0 0 0 0
22100 -230.867 -2.60083 100 51 0 0 0 0 0 0 0 0 0 -1.66798 100 32 -0.389358 100 19 0 0 0 0 0 0 0 0
22200 -232.653 -1.78917 100 39 0 0 0 0 0 0 0 0 0 -2.15845 100 23 0.0350363 100 22 0 0 0 0 0 0 0 0
22300 -232.037 -1.30829 100 43 0 0 0 0 0 0 0 0 0 -1.6958 100 30 -0.858101 100 17 0 0 0 0 0 0 0 0
22400 -232.157 -1.97913 100 45 0 0 0 0 0 0 0 0 0 -1.93207 100 25 0.0673308 100 32 0 0 0 0 0 0 0 0
22500 -232.987 -3.53898 100 40 0 0 0 0 0 0 0 0 0 -1.38134 100 31 -0.745002 100 18 0 0 0 0 0 0 0 0
22600 -231.613 -1.10453 100 44 0 0 0 0 0 0 0 0 0 -1.94555 100 28 -0.147513 100 19 0 0 0 0 0 0 0 0
22700 -231.247 -1.18153 100 39 0 0 0 0 0 0 0 0 0 -1.88416 100 26 -0.240609 100 13 0 0 0 0 0 0 0 0
22800 -230.569 -1.99867 100 36 0 0 0 0 0 0 0 0 0 -1.75695 100 25 -0.308474 100 28 0 0 0 0 0 0 0 0
22900 -232.702 -2.95163 100 42 0 0 0 0 0 0 0 0 0 -2.03527 100 28 -0.170782 100 14 0 0 0 0 0 0 0 0
23000 -233.248 -0.71594 100 48 0 0 0 0 0 0 0 0 0 -1.6758 100 23 -0.656842 100 22 0 0 0 0 0 0 0 0
23100 -231.967 -1.9134 100 38 0 0 0 0 0 0 0 0 0 -1.4734 100 28 -1.01575 100 17 0 0 0 0 0 0 0 0
23200 -234.064 -2.27329 100 46 0 0 0 0 0 0 0 0 0 -2.16091 100 17 0.280723 100 25 0 0 0 0 0 0 0 0
23300 -230.529 -1.75695 100 50 0 0 0 0 0 0 0 0 0 -1.74233 100 29 -0.346871 100 22 0 0 0 0 0 0 0 0
23400 -231.341 -3.03294 100 44 0 0 0 0 0 0 0 0 0 -1.75224 100 20 -0.540936 100 8 0 0 0 0 0 0 0 0
23500 -232.324 -2.35188 100 45 0 0 0 0 0 0 0 0 0 -2.06963 100 27 -0.0302709 100 23 0 0 0 0 0 0 0 0
23600 -233.516 -3.2313 100 46 0 0 0 0 0 0 0 0 0 -1.61054 100 27 -0.152478 100 30 0 0 0 0 0 0 0 0
23700 -231.309 -2.558 100 37 0 0 0 0 0 0 0 0 0 -1.86693 100 28 -0.485057 100 29 0 0 0 0 0 0 0 0
23800 -231.368 -3.17433 100 43 0 0 0 0 0 0 0 0 0 -1.67486 100 22 -0.465391 100 11 0 0 0 0 0 0 0 0
23900 -230.78 -1.72612 100 41 0 0 0 0 0 0 0 0 0 -1.58628 100 25 -0.686718 100 24 0 0 0 0 0 0 0 0
24000 -230.6 -2.08633 100 43 0 0 0 0 0 0 0 0 0 -1.81058 100 20 -0.300888 100 13 0 0 0 0 0 0 0 0
24100 -233.161 -2.02685 100 45 0 0 0 0 0 0 0 0 0 -1.98943 100 21 0.199516 100 21 0 0 0 0 0 0 0 0
24200 -231.151 -2.00849 100 46 0 0 0 0 0 0 0 0 0 -1.86329 100 23 -0.117835 100 15 0 0 0 0 0 0 0 0
24300 -233.397 -2.11496 100 40 0 0 0 0 0 0 0 0 0 -1.91344 100 18 -0.837186 100 16 0 0 0 0 0 0 0 0
24400 -230.826 -1.7093 100 43 0 0 0 0 0 0 0 0 0 -1.57644 100 19 -0.555178 100 17 0 0 0 0 0 0 0 0
24500 -231.231 -2.04091 100 44 0 0 0 0 0 0 0 0 0 -1.65863 100 24 -0.256393 100 21 0 0 0 0 0 0 0 0
24600 -230.899 -1.55566 100 39 0 0 0 0 0 0 0 0 0 -1.85336 100 19 -0.494533 100 17 0 0 0 0 0 0 0 0
24700 -231.831 -2.52535 100 48 0 0 0 0 0 0 0 0 0 -1.70777 100 24 -0.151857 100 21 0 0 0 0 0 0 0 0
24800 -233.395 -0.92379 100 42 0 0 0 0 0 0 0 0 0 -2.13806 100 22 -0.311106 100 22 0 0 0 0 0 0 0 0
24900 -230.73 -1.41433 100 41 0 0 0 0 0 0 0 0 0 -1.72651 100 22 -0.450997 100 28 0 0 0 0 0 0 0 0
25000 -231.901 -1.11482 100 40 0 0 0 0 0 0 0 0 0 -1.66097 100 25 -0.736874 100 19 0 0 0 0 0 0 0 0
25100 -232.331 -2.27621 100 40 0 0 0 0 0 0 0 0 0 -1.55696 100 32 -0.251955 100 24 0 0 0 0 0 0 0 0
25200 -233.778 -3.38471 100 45 0 0 0 0 0 0 0 0 0 -2.02658 100 18 0.0455955 100 16 0 0 0 0 0 0 0 0
25300 -231.187 -2.84844 100 48 0 0 0 0 0 0 0 0 0 -1.80656 100 22 -0.358908 100 19 0 0 0 0 0 0 0 0
25400 -230.487 -1.68624 100 48 0 0 0 0 0 0 0 0 0 -1.683 100 24 -0.521155 100 21 0 0 0 0 0 0 0 0
25500 -231.581 -1.62529 100 44 0 0 0 0 0 0 0 0 0 -2.03649 100 32 -0.113882 100 24 0 0 0 0 0 0 0 0
25600 -231.669 -2.24213 100 36 0 0 0 0 0 0 0 0 0 -1.97423 100 24 -0.0593082 100 20 0 0 0 0 0 0 0 0
25700 -231.04 -1.46776 100 42 0 0 0 0 0 0 0 0 0 -1.89198 100 19 -0.441206 100 22 0 0 0 0 0 0 0 0
25800 -231.923 -2.58334 100 42 0 0 0 0 0 0 0 0 0 -1.91484 100 28 -0.533739 100 20 0 0 0 0 0 0 0 0
25900 -232.004 -1.54926 100 49 0 0 0 0 0 0 0 0 0 -2.04309 100 22 0.0421948 100 21 0 0 0 0 0 0 0 0
26000 -231.404 -2.53615 100 45 0 0 0 0 0 0 0 0 0 -1.92963 100 25 -0.275057 100 21 0 0 0 0 0 0 0 0
26100 -232.03 -1.54434 100 44 0 0 0 0 0 0 0 0 0 -1.8768 100 28 0.0236945 100 22 0 0 0 0 0 0 0 0
26200 -232.002 -1.72214 100 46 0 0 0 0 0 0 0 0 0 -2.09336 100 19 -0.114752 100 24 0 0 0 0 0 0 0 0
26300 -233.878 -1.01623 100 47 0 0 0 0 0 0 0 0 0 -1.76023 100 28 -0.977333 100 27 0 0 0 0 0 0 0 0
26400 -232.16 -3.54072 100 37 0 0 0 0 0 0 0 0 0 -1.71112 100 34 -0.330516 100 26 0 0 0 0 0 0 0 0
26500 -231.888 -2.90824 100 48 0 0 0 0 0 0 0 0 0 -1.87409 100 26 -0.518407 100 27 0 0 0 0 0 0 0 0
26600 -233.514 -2.50407 100 43 0 0 0 0 0 0 0 0 0 -2.18318 100 24 0.0179304 100 18 0 0 0 0 0 0 0 0
26700 -230.893 -1.84944 100 50 0 0 0 0 0 0 0 0 0 -1.62552 100 31 -0.779771 100 25 0 0 0 0 0 0 0 0
26800 -231.155 -2.0766 100 35 0 0 0 0 0 0 0 0 0 -1.6799 100 27 -0.244686 100 23 0 0 0 0 0 0 0 0
26900 -230.602 -2.19149 100 38 0 0 0 0 0 0 0 0 0 -1.66799 100 22 -0.392919 100 22 0 0 0 0 0 0 0 0
27000 -231.379 -1.65002 100 38 0 0 0 0 0 0 0 0 0 -1.88697 100 14 -0.577273 100 29 0 0 0 0 0 0 0 0
27100 -232.373 -1.18718 100 40 0 0 0 0 0 0 0 0 0 -2.08257 100 21 -0.289505 100 18 0 0 0 0 0 0 0 0
27200 -232.176 -0.872492 100 36 0 0 0 0 0 0 0 0 0 -1.86781 100 27 -0.500769 100 29 0 0 0 0 0 0 0 0
27300 -231.824 -3.46209 100 44 0 0 0 0 0 0 0 0 0 -1.68535 100 25 -0.59126 100 15 0 0 0 0 0 0 0 0
27400 -230.748 -1.54082 100 50 0 0 0 0 0 0 0 0 0 -1.70493 100 32 -0.623109 100 21 0 0 0 0 0 0 0 0
27500 -231.197 -2.22401 100 54 0 0 0 0 0 0 0 0 0 -1.73258 100 25 -0.760229 100 21 0 0 0 0 0 0 0 0
27600 -230.916 -1.44407 100 55 0 0 0 0 0 0 0 0 0 -1.76429 100 17 -0.598305 100 20 0 0 0 0 0 0 0 0
27700 -232.413 -1.80131 100 49 0 0 0 0 0 0 0 0 0 -2.12546 100 19 -0.181378 100 20 0 0 0 0 0 0 0 0
27800 -231.611 -2.04178 100 44 0 0 0 0 0 0 0 0 0 -1.46664 100 26 -0.942985 100 26 0 0 0 0 0 0 0 0
27900 -232.032 -1.93281 100 46 0 0 0 0 0 0 0 0 0 -1.7873 100 23 -0.848796 100 14 0 0 0 0 0 0 0 0
28000 -230.39 -1.93251 100 40 0 0 0 0 0 0 0 0 0 -1.74236 100 18 -0.487781 100 22 0 0 0 0 0 0 0 0
28100 -230.618 -1.61154 100 40 0 0 0 0 0 0 0 0 0 -1.72663 100 25 -0.362521 100 25 0 0 0 0 0 0 0 0
28200 -231.6 -3.17083 100 42 0 0 0 0 0 0 0 0 0 -1.80265 100 26 -0.40338 100 18 0 0 0 0 0 0 0 0
28300 -234.764 -2.87412 100 49 0 0 0 0 0 0 0 0 0 -2.09879 100 30 0.287183 100 18 0 0 0 0 0 0 0 0
28400 -231.494 -1.48769 100 47 0 0 0 0 0 0 0 0 0 -1.52445 100 27 -0.574964 100 19 0 0 0 0 0 0 0 0
28500 -230.697 -2.47849 100 44 0 0 0 0 0 0 0 0 0 -1.59252 100 20 -0.562906 100 16 0 0 0 0 0 0 0 0
28600 -233.96 -3.57565 100 53 0 0 0 0 0 0 0 0 0 -1.97846 100 27 0.0456723 100 17 0 0 0 0 0 0 0 0
28700 -230.467 -1.93034 100 47 0 0 0 0 0 0 0 0 0 -1.65059 100 25 -0.479784 100 20 0 0 0 0 0 0 0 0
28800 -230.583 -1.58194 100 42 0 0 0 0 0 0 0 0 0 -1.72847 100 23 -0.544326 100 25 0 0 0 0 0 0 0 0
28900 -231.065 -1.68844 100 59 0 0 0 0 0 0 0 0 0 -1.94935 100 26 -0.311155 100 23 0 0 0 0 0 0 0 0
29000 -230.574 -2.03186 100 40 0 0 0 0 0 0 0 0 0 -1.61505 100 22 -0.487178 100 17 0 0 0 0 0 0 0 0
29100 -230.416 -1.77347 100 41 0 0 0 0 0 0 0 0 0 -1.74116 100 19 -0.482736 100 17 0 0 0 0 0 0 0 0
29200 -232.114 -0.885371 100 44 0 0 0 0 0 0 0 0 0 -1.75891 100 25 -0.562483 100 27 0 0 0 0 0 0 0 0
29300 -231.231 -1.33581 100 44 0 0 0 0 0 0 0 0 0 -1.6278 100 25 -0.676699 100 18 0 0 0 0 0 0 0 0
29400 -232.116 -1.62203 100 38 0 0 0 0 0 0 0 0 0 -2.09989 100 27 -0.18908 100 24 0 0 0 0 0 0 0 0
29500 -231.779 -2.12637 100 45 0 0 0 0 0 0 0 0 0 -2.03776 100 22 -0.195459 100 23 0 0 0 0 0 0 0 0
29600 -231.073 -2.88581 100 37 0 0 0 0 0 0 0 0 0 -1.64696 100 32 -0.448446 100 18 0 0 0 0 0 0 0 0
29700 -231.315 -1.16992 100 46 0 0 0 0 0 0 0 0 0 -1.69568 100 17 -0.430607 100 25 0 0 0 0 0 0 0 0
29800 -230.96 -1.72264 100 37 0 0 0 0 0 0 0 0 0 -1.57718 100 26 -0.480773 100 22 0 0 0 0 0 0 0 0
29900 -231.027 -2.13862 100 38 0 0 0 0 0 0 0 0 0 -1.91429 100 24 -0.207254 100 26 0 0 0 0 0 0 0 0
30000 -230.881 -2.013 100 39 0 0 0 0 0 0 0 0 0 -1.89744 100 27 -0.377514 100 30 0 0 0 0 0 0 0 0
30100 -231.48 -1.55931 100 30 0 0 0 0 0 0 0 0 0 -1.78163 100 24 -0.119195 100 21 0 0 0 0 0 0 0 0
30200 -231.417 -2.67686 100 41 0 0 0 0 0 0 0 0 0 -1.45974 100 18 -0.776958 100 18 0 0 0 0 0 0 0 0
30300 -231.41 -2.86678 100 42 0 0 0 0 0 0 0 0 0 -1.8472 100 23 -0.420248 100 23 0 0 0 0 0 0 0 0
30400 -231.588 -1.26746 100 48 0 0 0 0 0 0 0 0 0 -1.99816 100 29 -0.290649 100 21 0 0 0 0 0 0 0 0
30500 -232.953 -1.95842 100 43 0 0 0 0 0 0 0 0 0 -1.98509 100 23 -0.661367 100 28 0 0 0 0 0 0 0 0
30600 -232.429 -2.61268 100 41 0 0 0 0 0 0 0 0 0 -1.91085 100 26 -0.637821 100 26 0 0 0 0 0 0 0 0
30700 -231.32 -1.08198 100 52 0 0 0 0 0 0 0 0 0 -1.82073 100 18 -0.361709 100 24 0 0 0 0 0 0 0 0
30800 -230.395 -2.13307 100 48 0 0 0 0 0 0 0 0 0 -1.70891 100 27 -0.466231 100 21 0 0 0 0 0 0 0 0
30900 -232.664 -1.85517 100 41 0 0 0 0 0 0 0 0 0 -2.03743 100 25 0.156835 100 29 0 0 0 0 0 0 0 0
31000 -231.553 -1.59044 100 37 0 0 0 0 0 0 0 0 0 -2.03053 100 29 -0.110304 100 20 0 0 0 0 0 0 0 0
31100 -231.851 -1.04608 100 41 0 0 0 0 0 0 0 0 0 -1.99032 100 32 -0.124576 100 21 0 0 0 0 0 0 0 0
31200 -231.853 -1.48932 100 40 0 0 0 0 0 0 0 0 0 -2.06549 100 26 -0.216015 100 21 0 0 0 0 0 0 0 0
31300 -231.955 -2.0389 100 38 0 0 0 0 0 0 0 0 0 -1.8985 100 25 -0.661526 100 24 0 0 0 0 0 0 0 0
31400 -230.928 -2.42619 100 46 0 0 0 0 0 0 0 0 0 -1.53072 100 16 -0.585614 100 18 0 0 0 0 0 0 0 0
31500 -230.72 -2.24649 100 36 0 0 0 0 0 0 0 0 0 -1.55332 100 29 -0.68196 100 20 0 0 0 0 0 0 0 0
31600 -232.161 -3.38431 100 50 0 0 0 0 0 0 0 0 0 -1.63792 100 28 -0.803562 100 18 0 0 0 0 0 0 0 0
31700 -230.714 -2.36172 100 44 0 0 0 0 0 0 0 0 0 -1.56369 100 32 -0.601371 100 25 0 0 0 0 0 0 0 0
31800 -232.4 -1.48581 100 43 0 0 0 0 0 0 0 0 0 -1.43529 100 23 -0.610171 100 28 0 0 0 0 0 0 0 0
31900 -230.924 -1.84913 100 54 0 0 0 0 0 0 0 0 0 -1.55472 100 28 -0.518653 100 27 0 0 0 0 0 0 0 0
32000 -231.461 -1.25334 100 40 0 0 0 0 0 0 0 0 0 -1.9802 100 21 -0.269414 100 12 0 0 0 0 0 0 0 0
32100 -231.505 -1.0698 100 40 0 0 0 0 0 0 0 0 0 -1.8098 100 21 -0.518332 100 19 0 0 0 0 0 0 0 0
32200 -231.382 -1.73964 100 51 0 0 0 0 0 0 0 0 0 -2.00177 100 29 -0.123583 100 21 0 0 0 0 0 0 0 0
32300 -231.226 -1.16839 100 34 0 0 0 0 0 0 0 0 0 -1.87321 100 23 -0.379762 100 20 0 0 0 0 0 0 0 0
32400 -233.198 -1.3101 100 40 0 0 0 0 0 0 0 0 0 -2.19871 100 12 0.160976 100 18 0 0 0 0 0 0 0 0
32500 -232.379 -1.03371 100 47 0 0 0 0 0 0 0 0 0 -1.71434 100 27 -0.208021 100 23 0 0 0 0 0 0 0 0
32600 -230.919 -1.44884 100 36 0 0 0 0 0 0 0 0 0 -1.78923 100 17 -0.250881 100 15 0 0 0 0 0 0 0 0
32700 -231.714 -1.24708 100 45 0 0 0 0 0 0 0 0 0 -2.0287 100 18 -0.127843 100 16 0 0 0 0 0 0 0 0
32800 -231.155 -1.31847 100 45 0 0 0 0 0 0 0 0 0 -1.82852 100 26 -0.542804 100 25 0 0 0 0 0 0 0 0
32900 -231.411 -2.61306 100 42 0 0 0 0 0 0 0 0 0 -1.47421 100 29 -0.847959 100 18 0 0 0 0 0 0 0 0
33000 -233.413 -2.76291 100 50 0 0 0 0 0 0 0 0 0 -1.272 100 27 -1.04688 100 17 0 0 0 0 0 0 0 0
33100 -232.751 -3.90395 100 43 0 0 0 0 0 0 0 0 0 -1.56013 100 26 -0.498972 100 14 0 0 0 0 0 0 0 0
33200 -230.524 -1.99125 100 42 0 0 0 0 0 0 0 0 0 -1.69481 100 21 -0.631771 100 21 0 0 0 0 0 0 0 0
33300 -234.567 -4.14406 100 45 0 0 0 0 0 0 0 0 0 -1.74832 100 27 -0.880855 100 22 0 0 0 0 0 0 0 0
33400 -232.78 -2.34267 100 47 0 0 0 0 0 0 0 0 0 -1.96324 100 35 -0.637547 100 28 0 0 0 0 0 0 0 0
33500 -231.364 -2.58495 100 42 0 0 0 0 0 0 0 0 0 -1.45609 100 23 -0.743229 100 35 0 0 0 0 0 0 0 0
33600 -234.895 -2.14186 100 41 0 0 0 0 0 0 0 0 0 -1.80957 100 26 -1.149 100 13 0 0 0 0 0 0 0 0
33700 -230.368 -1.99606 100 46 0 0 0 0 0 0 0 0 0 -1.71217 100 35 -0.493348 100 33 0 0 0 0 0 0 0 0
33800 -232.001 -0.950469 100 49 0 0 0 0 0 0 0 0 0 -1.91591 100 21 -0.123534 100 20 0 0 0 0 0 0 0 0
33900 -231.193 -2.44911 100 42 0 0 0 0 0 0 0 0 0 -1.47644 100 14 -0.66495 100 14 0 0 0 0 0 0 0 0
34000 -231.699 -2.47982 100 47 0 0 0 0 0 0 0 0 0 -1.70297 100 31 -0.169023 100 21 0 0 0 0 0 0 0 0
34100 -232.809 -3.2374 100 40 0 0 0 0 0 0 0 0 0 -1.99455 100 30 -0.220526 100 22 0 0 0 0 0 0 0 0
34200 -233.865 -2.64693 100 44 0 0 0 0 0 0 0 0 0 -1.95386 100 35 0.201137 100 24 0 0 0 0 0 0 0 0
34300 -230.416 -1.92095 100 39 0 0 0 0 0 0 0 0 0 -1.66168 100 31 -0.506371 100 23 0 0 0 0 0 0 0 0
34400 -232.036 -1.91187 100 52 0 0 0 0 0 0 0 0 0 -1.81633 100 18 -0.810808 100 24 0 0 0 0 0 0 0 0
34500 -232.395 -1.90372 100 38 0 0 0 0 0 0 0 0 0 -2.12968 100 21 -0.0812524 100 15 0 0 0 0 0 0 0 0
34600 -230.988 -1.87673 100 44 0 0 0 0 0 0 0 0 0 -1.52411 100 26 -0.758841 100 22 0 0 0 0 0 0 0 0
34700 -236.917 -3.51518 100 51 0 0 0 0 0 0 0 0 0 -1.13757 100 33 -1.37117 100 23 0 0 0 0 0 0 0 0
34800 -232.264 -2.5686 100 48 0 0 0 0 0 0 0 0 0 -1.52562 100 24 -0.323373 100 19 0 0 0 0 0 0 0 0
34900 -233.72 -3.50409 100 41 0 0 0 0 0 0 0 0 0 -2.05154 100 21 -0.160623 100 25 0 0 0 0 0 0 0 0
35000 -230.691 -1.65841 100 53 0 0 0 0 0 0 0 0 0 -1.6535 100 32 -0.660028 100 18 0 0 0 0 0 0 0 0
35100 -232.006 -2.93138 100 44 0 0 0 0 0 0 0 0 0 -1.62679 100 23 -0.267042 100 22 0 0 0 0 0 0 0 0
35200 -236.673 -3.85953 100 46 0 0 0 0 0 0 0 0 0 -2.20566 100 32 0.276754 100 17 0 0 0 0 0 0 0 0
35300 -233.257 -0.632624 100 44 0 0 0 0 0 0 0 0 0 -2.00859 100 27 -0.0166824 100 15 0 0 0 0 0 0 0 0
35400 -234.213 -1.10457 100 45 0 0 0 0 0 0 0 0 0 -2.24887 100 24 0.307454 100 31 0 0 0 0 0 0 0 0
35500 -231.602 -1.91888 100 47 0 0 0 0 0 0 0 0 0 -1.66745 100 27 -0.907205 100 19 0 0 0 0 0 0 0 0
35600 -231.778 -1.28466 100 47 0 0 0 0 0 0 0 0 0 -1.89066 100 28 -0.0424995 100 24 0 0 0 0 0 0 0 0
35700 -231.872 -0.973884 100 37 0 0 0 0 0 0 0 0 0 -1.82327 100 23 -0.208878 100 24 0 0 0 0 0 0 0 0
35800 -232.846 -2.35911 100 53 0 0 0 0 0 0 0 0 0 -2.04928 100 31 -0.447862 100 24 0 0 0 0 0 0 0 0
35900 -231.259 -1.14301 100 44 0 0 0 0 0 0 0 0 0 -1.87014 100 28 -0.279916 100 28 0 0 0 0 0 0 0 0
36000 -231.357 -1.76526 100 40 0 0 0 0 0 0 0 0 0 -1.60337 100 24 -0.328239 100 18 0 0 0 0 0 0 0 0
36100 -230.903 -2.27044 100 43 0 0 0 0 0 0 0 0 0 -1.5122 100 27 -0.682625 100 23 0 0 0 0 0 0 0 0
36200 -232.237 -3.721 100 52 0 0 0 0 0 0 0 0 0 -1.64253 100 24 -0.646269 100 28 0 0 0 0 0 0 0 0
36300 -231.725 -1.86702 100 43 0 0 0 0 0 0 0 0 0 -1.75098 100 22 -0.0929571 100 24 0 0 0 0 0 0 0 0
36400 -233.084 -1.0242 100 40 0 0 0 0 0 0 0 0 0 -1.8842 100 32 0.0682126 100 23 0 0 0 0 0 0 0 0
36500 -231.154 -1.41169 100 44 0 0 0 0 0 0 0 0 0 -1.78879 100 19 -0.200857 100 19 0 0 0 0 0 0 0 0
36600 -232.466 -1.98587 100 37 0 0 0 0 0 0 0 0 0 -1.67235 100 33 -0.0901467 100 27 0 0 0 0 0 0 0 0
36700 -231.332 -1.86881 100 51 0 0 0 0 0 0 0 0 0 -1.93228 100 27 -0.0704838 100 17 0 0 0 0 0 0 0 0
36800 -230.68 -1.54386 100 41 0 0 0 0 0 0 0 0 0 -1.7939 100 23 -0.503982 100 24 0 0 0 0 0 0 0 0
36900 -231.108 -1.8152 100 40 0 0 0 0 0 0 0 0 0 -1.77836 100 24 -0.697627 100 23 0 0 0 0 0 0 0 0
37000 -233.186 -0.715481 100 44 0 0 0 0 0 0 0 0 0 -2.10656 100 18 0.00273583 100 17 0 0 0 0 0 0 0 0
37100 -231.328 -1.71925 100 53 0 0 0 0 0 0 0 0 0 -1.49162 100 30 -0.77944 100 18 0 0 0 0 0 0 0 0
37200 -232.8 -3.31507 100 49 0 0 0 0 0 0 0 0 0 -1.94487 100 28 -0.412499 100 11 0 0 0 0 0 0 0 0
37300 -231.229 -2.51543 100 47 0 0 0 0 0 0 0 0 0 -1.70541 100 14 -0.75773 100 20 0 0 0 0 0 0 0 0
37400 -232.043 -1.34424 100 49 0 0 0 0 0 0 0 0 0 -1.78611 100 28 -0.070323 100 19 0 0 0 0 0 0 0 0
37500 -231.076 -1.46775 100 46 0 0 0 0 0 0 0 0 0 -1.61889 100 21 -0.710591 100 24 0 0 0 0 0 0 0 0
37600 -230.874 -1.5285 100 46 0 0 0 0 0 0 0 0 0 -1.88813 100 20 -0.387812 100 21 0 0 0 0 0 0 0 0
37700 -230.832 -1.47814 100 44 0 0 0 0 0 0 0 0 0 -1.87801 100 24 -0.280302 100 22 0 0 0 0 0 0 0 0
37800 -232.244 -2.99915 100 39 0 0 0 0 0 0 0 0 0 -1.82065 100 33 -0.684486 100 18 0 0 0 0 0 0 0 0
37900 -230.959 -2.59489 100 50 0 0 0 0 0 0 0 0 0 -1.55221 100 29 -0.735191 100 28 0 0 0 0 0 0 0 0
38000 -230.969 -1.71058 100 43 0 0 0 0 0 0 0 0 0 -1.66956 100 23 -0.310693 100 28 0 0 0 0 0 0 0 0
38100 -230.999 -2.74312 100 47 0 0 0 0 0 0 0 0 0 -1.55855 100 26 -0.67572 100 25 0 0 0 0 0 0 0 0
38200 -231.424 -3.12648 100 50 0 0 0 0 0 0 0 0 0 -1.7674 100 24 -0.443295 100 20 0 0 0 0 0 0 0 0
38300 -235.399 -1.37264 100 46 0 0 0 0 0 0 0 0 0 -1.48186 100 30 -1.37906 100 19 0 0 0 0 0 0 0 0
38400 -232.662 -3.64891 100 44 0 0 0 0 0 0 0 0 0 -1.86992 100 25 -0.352275 100 22 0 0 0 0 0 0 0 0
38500 -230.991 -1.8428 100 44 0 0 0 0 0 0 0 0 0 -1.94103 100 27 -0.256824 100 26 0 0 0 0 0 0 0 0
38600 -231.415 -1.79016 100 42 0 0 0 0 0 0 0 0 0 -1.47753 100 27 -0.82965 100 30 0 0 0 0 0 0 0 0
38700 -230.929 -1.77229 100 40 0 0 0 0 0 0 0 0 0 -1.88243 100 24 -0.167975 100 17 0 0 0 0 0 0 0 0
38800 -231.008 -1.81091 100 50 0 0 0 0 0 0 0 0 0 -1.67825 100 22 -0.279625 100 16 0 0 0 0 0 0 0 0
38900 -232.421 -3.60721 100 43 0 0 0 0 0 0 0 0 0 -1.49152 100 31 -0.608614 100 20 0 0 0 0 0 0 0 0
39000 -232.334 -2.94477 100 36 0 0 0 0 0 0 0 0 0 -1.98548 100 27 -0.274238 100 21 0 0 0 0 0 0 0 0
39100 -231.27 -2.58807 100 44 0 0 0 0 0 0 0 0 0 -1.67614 100 19 -0.784608 100 19 0 0 0 0 0 0 0 0
39200 -230.884 -2.26494 100 33 0 0 0 0 0 0 0 0 0 -1.51798 100 30 -0.713643 100 16 0 0 0 0 0 0 0 0
39300 -231.197 -1.5777 100 48 0 0 0 0 0 0 0 0 0 -1.64912 100 28 -0.318903 100 21 0 0 0 0 0 0 0 0
39400 -232.95 -1.70983 100 54 0 0 0 0 0 0 0 0 0 -1.41518 100 15 -0.474259 100 18 0 0 0 0 0 0 0 0
39500 -232.716 -3.02821 100 38 0 0 0 0 0 0 0 0 0 -1.79455 100 30 -0.0478363 100 15 0 0 0 0 0 0 0 0
39600 -232.275 -3.391 100 46 0 0 0 0 0 0 0 0 0 -1.44418 100 31 -0.760257 100 18 0 0 0 0 0 0 0 0
39700 -233.175 -4.297 100 49 0 0 0 0 0 0 0 0 0 -1.6009 100 36 -0.619931 100 21 0 0 0 0 0 0 0 0
39800 -232.412 -0.731706 100 47 0 0 0 0 0 0 0 0 0 -1.89411 100 28 -0.282526 100 29 0 0 0 0 0 0 0 0
39900 -232.943 -1.34707 100 41 0 0 0 0 0 0 0 0 0 -1.42649 100 23 -0.593685 100 18 0 0 0 0 0 0 0 0
40000 -231.092 -2.80339 100 42 0 0 0 0 0 0 0 0 0 -1.77463 100 21 -0.508655 100 20 0 0 0 0 0 0 0 0
40100 -233.519 -3.22617 100 42 0 0 0 0 0 0 0 0 0 -1.75136 100 19 -0.941582 100 22 0 0 0 0 0 0 0 0
40200 -230.773 -2.14367 100 37 0 0 0 0 0 0 0 0 0 -1.53643 100 22 -0.642323 100 19 0 0 0 0 0 0 0 0
40300 -232.81 -2.56591 100 63 0 0 0 0 0 0 0 0 0 -1.30539 100 34 -0.820918 100 20 0 0 0 0 0 0 0 0
40400 -231.183 -2.3015 100 54 0 0 0 0 0 0 0 0 0 -1.87003 100 26 -0.513356 100 17 0 0 0 0 0 0 0 0
40500 -231.586 -2.61398 100 49 0 0 0 0 0 0 0 0 0 -1.48159 100 19 -0.916563 100 17 0 0 0 0 0 0 0 0
40600 -230.896 -1.62007 100 40 0 0 0 0 0 0 0 0 0 -1.88874 100 26 -0.195969 100 27 0 0 0 0 0 0 0 0
40700 -231.065 -2.05127 100 39 0 0 0 0 0 0 0 0 0 -1.73404 100 32 -0.206147 100 20 0 0 0 0 0 0 0 0
40800 -233.845 -4.18104 100 46 0 0 0 0 0 0 0 0 0 -1.43832 100 22 -0.58551 100 20 0 0 0 0 0 0 0 0
40900 -234.456 -2.43998 100 38 0 0 0 0 0 0 0 0 0 -2.27253 100 19 0.0326314 100 27 0 0 0 0 0 0 0 0
41000 -231.301 -2.62531 100 44 0 0 0 0 0 0 0 0 0 -1.66061 100 20 -0.294182 100 23 0 0 0 0 0 0 0 0
41100 -232.444 -0.953601 100 48 0 0 0 0 0 0 0 0 0 -1.68374 100 17 -0.299453 100 19 0 0 0 0 0 0 0 0
41200 -233.566 -1.11005 100 44 0 0 0 0 0 0 0 0 0 -1.65389 100 24 -0.118483 100 20 0 0 0 0 0 0 0 0
41300 -230.947 -2.09073 100 49 0 0 0 0 0 0 0 0 0 -1.74405 100 21 -0.702124 100 18 0 0 0 0 0 0 0 0
41400 -230.639 -2.06292 100 34 0 0 0 0 0 0 0 0 0 -1.57062 100 25 -0.590174 100 26 0 0 0 0 0 0 0 0
41500 -231.207 -2.36757 100 38 0 0 0 0 0 0 0 0 0 -1.47112 100 23 -0.790008 100 19 0 0 0 0 0 0 0 0
41600 -230.606 -1.87335 100 48 0 0 0 0 0 0 0 0 0 -1.82314 100 28 -0.279418 100 20 0 0 0 0 0 0 0 0
41700 -231.578 -2.96485 100 49 0 0 0 0 0 0 0 0 0 -1.64518 100 24 -0.328053 100 14 0 0 0 0 0 0 0 0
41800 -230.644 -1.90479 100 32 0 0 0 0 0 0 0 0 0 -1.83901 100 27 -0.448808 100 20 0 0 0 0 0 0 0 0
41900 -232.048 -2.65365 100 46 0 0 0 0 0 0 0 0 0 -1.93333 100 21 -0.044649 100 22 0 0 0 0 0 0 0 0
42000 -230.772 -2.09252 100 57 0 0 0 0 0 0 0 0 0 -1.78072 100 30 -0.23995 100 26 0 0 0 0 0 0 0 0
42100 -231.597 -1.11975 100 38 0 0 0 0 0 0 0 0 0 -1.65925 100 29 -0.457146 100 23 0 0 0 0 0 0 0 0
42200 -231.984 -1.36058 100 49 0 0 0 0 0 0 0 0 0 -2.07781 100 20 -0.196322 100 17 0 0 0 0 0 0 0 0
42300 -230.829 -1.59439 100 49 0 0 0 0 0 0 0 0 0 -1.59904 100 27 -0.637342 100 16 0 0 0 0 0 0 0 0
42400 -232.719 -3.92558 100 47 0 0 0 0 0 0 0 0 0 -1.76803 100 30 -0.378106 100 20 0 0 0 0 0 0 0 0
42500 -232.383 -2.51934 100 46 0 0 0 0 0 0 0 0 0 -1.35209 100 25 -0.979262 100 25 0 0 0 0 0 0 0 0
42600 -231.98 -3.54929 100 41 0 0 0 0 0 0 0 0 0 -1.65559 100 29 -0.642888 100 20 0 0 0 0 0 0 0 0
42700 -230.748 -1.95263 100 48 0 0 0 0 0 0 0 0 0 -1.54935 100 21 -0.633857 100 22 0 0 0 0 0 0 0 0
42800 -231.185 -1.53301 100 42 0 0 0 0 0 0 0 0 0 -1.63975 100 22 -0.780642 100 20 0 0 0 0 0 0 0 0
42900 -231.638 -2.55262 100 40 0 0 0 0 0 0 0 0 0 -1.88843 100 30 -0.533317 100 26 0 0 0 0 0 0 0 0
43000 -232.108 -2.88149 100 46 0 0 0 0 0 0 0 0 0 -1.8475 100 28 -0.085215 100 27 0 0 0 0 0 0 0 0
43100 -232.794 -3.13257 100 40 0 0 0 0 0 0 0 0 0 -1.97801 100 23 -0.394049 100 18 0 0 0 0 0 0 0 0
43200 -230.834 -2.4892 100 44 0 0 0 0 0 0 0 0 0 -1.71674 100 32 -0.641892 100 22 0 0 0 0 0 0 0 0
43300 -232.33 -1.70068 100 54 0 0 0 0 0 0 0 0 0 -1.41997 100 17 -0.991789 100 28 0 0 0 0 0 0 0 0
43400 -231.21 -2.90427 100 51 0 0 0 0 0 0 0 0 0 -1.79414 100 24 -0.379625 100 20 0 0 0 0 0 0 0 0
43500 -230.709 -1.8486 100 48 0 0 0 0 0 0 0 0 0 -1.72772 100 24 -0.660133 100 17 0 0 0 0 0 0 0 0
43600 -231.437 -1.67783 100 44 0 0 0 0 0 0 0 0 0 -1.70572 100 28 -0.828391 100 23 0 0 0 0 0 0 0 0
43700 -233.183 -3.58449 100 40 0 0 0 0 0 0 0 0 0 -1.87337 100 24 -0.0790853 100 23 0 0 0 0 0 0 0 0
43800 -232.799 -3.63139 100 36 0 0 0 0 0 0 0 0 0 -1.50493 100 29 -0.928208 100 21 0 0 0 0 0 0 0 0
43900 -231.415 -1.63641 100 41 0 0 0 0 0 0 0 0 0 -1.62114 100 25 -0.866993 100 22 0 0 0 0 0 0 0 0
44000 -230.436 -2.135 100 37 0 0 0 0 0 0 0 0 0 -1.71919 100 26 -0.543969 100 22 0 0 0 0 0 0 0 0
44100 -231.275 -2.19472 100 45 0 0 0 0 0 0 0 0 0 -1.53008 100 26 -0.451539 100 24 0 0 0 0 0 0 0 0
44200 -230.804 -2.6887 100 35 0 0 0 0 0 0 0 0 0 -1.61697 100 23 -0.553641 100 21 0 0 0 0 0 0 0 0
44300 -231.82 -3.50299 100 46 0 0 0 0 0 0 0 0 0 -1.65322 100 30 -0.514173 100 20 0 0 0 0 0 0 0 0
44400 -235.764 -2.66145 100 46 0 0 0 0 0 0 0 0 0 -1.13424 100 21 -1.24635 100 19 0 0 0 0 0 0 0 0
44500 -235.102 -1.38487 100 45 0 0 0 0 0 0 0 0 0 -1.50711 100 23 -1.34825 100 30 0 0 0 0 0 0 0 0
44600 -230.792 -2.56243 100 39 0 0 0 0 0 0 0 0 0 -1.68212 100 31 -0.390808 100 19 0 0 0 0 0 0 0 0
44700 -235.964 -3.89444 100 40 0 0 0 0 0 0 0 0 0 -1.87123 100 21 -0.931462 100 20 0 0 0 0 0 0 0 0
44800 -230.654 -2.30309 100 49 0 0 0 0 0 0 0 0 0 -1.77156 100 29 -0.320778 100 20 0 0 0 0 0 0 0 0
44900 -230.965 -2.86421 100 37 0 0 0 0 0 0 0 0 0 -1.70219 100 30 -0.472822 100 17 0 0 0 0 0 0 0 0
45000 -238.129 -4.52744 100 49 0 0 0 0 0 0 0 0 0 -1.71093 100 29 -1.26265 100 20 0 0 0 0 0 0 0 0
45100 -232.416 -3.84202 100 43 0 0 0 0 0 0 0 0 0 -1.65688 100 30 -0.463431 100 28 0 0 0 0 0 0 0 0
45200 -231.692 -2.64441 100 51 0 0 0 0 0 0 0 0 0 -1.42812 100 29 -0.671529 100 18 0 0 0 0 0 0 0 0
45300 -231.512 -2.19273 100 43 0 0 0 0 0 0 0 0 0 -1.47305 100 33 -0.530268 100 18 0 0 0 0 0 0 0 0
45400 -230.769 -1.71301 100 45 0 0 0 0 0 0 0 0 0 -1.68538 100 24 -0.33746 100 25 0 0 0 0 0 0 0 0
45500 -231.234 -2.74551 100 53 0 0 0 0 0 0 0 0 0 -1.77934 100 28 -0.589212 100 24 0 0 0 0 0 0 0 0
45600 -233.371 -1.55122 100 38 0 0 0 0 0 0 0 0 0 -2.23806 100 27 -0.0361374 100 13 0 0 0 0 0 0 0 0
45700 -232.232 -3.01461 100 38 0 0 0 0 0 0 0 0 0 -1.39396 100 25 -0.731786 100 23 0 0 0 0 0 0 0 0
45800 -240.931 -8.24444 100 51 0 0 0 0 0 0 0 0 0 -1.56631 100 21 -0.572729 100 27 0 0 0 0 0 0 0 0
45900 -231.521 -1.57846 100 49 0 0 0 0 0 0 0 0 0 -1.75198 100 27 -0.786191 100 27 0 0 0 0 0 0 0 0
46000 -232.689 -3.23825 100 44 0 0 0 0 0 0 0 0 0 -1.97785 100 33 -0.18842 100 29 0 0 0 0 0 0 0 0
46100 -230.608 -2.24454 100 52 0 0 0 0 0 0 0 0 0 -1.66663 100 26 -0.666124 100 21 0 0 0 0 0 0 0 0
46200 -231.442 -2.15621 100 45 0 0 0 0 0 0 0 0 0 -1.95424 100 30 -0.0899532 100 24 0 0 0 0 0 0 0 0
46300 -231.565 -3.18567 100 41 0 0 0 0 0 0 0 0 0 -1.74925 100 19 -0.554571 100 25 0 0 0 0 0 0 0 0
46400 -232.613 -1.24374 100 40 0 0 0 0 0 0 0 0 0 -1.79822 100 19 -0.844395 100 21 0 0 0 0 0 0 0 0
46500 -231.888 -1.36756 100 49 0 0 0 0 0 0 0 0 0 -2.04825 100 26 -0.0189705 100 19 0 0 0 0 0 0 0 0
46600 -230.964 -1.43396 100 49 0 0 0 0 0 0 0 0 0 -1.73136 100 28 -0.301281 100 22 0 0 0 0 0 0 0 0
46700 -234.208 -4.75774 100 41 0 0 0 0 0 0 0 0 0 -1.75868 100 25 -0.495502 100 20 0 0 0 0 0 0 0 0
46800 -231.657 -2.25929 100 47 0 0 0 0 0 0 0 0 0 -2.0017 100 30 -0.268788 100 21 0 0 0 0 0 0 0 0
46900 -232.599 -3.20353 100 43 0 0 0 0 0 0 0 0 0 -1.9434 100 29 -0.408057 100 21 0 0 0 0 0 0 0 0
47000 -232.558 -2.16277 100 48 0 0 0 0 0 0 0 0 0 -2.12075 100 26 -0.00229724 100 21 0 0 0 0 0 0 0 0
47100 -233.052 -2.72488 100 41 0 0 0 0 0 0 0 0 0 -1.41022 100 26 -1.17375 100 22 0 0 0 0 0 0 0 0
47200 -231.376 -1.77203 100 44 0 0 0 0 0 0 0 0 0 -1.47829 100 25 -0.798478 100 19 0 0 0 0 0 0 0 0
47300 -233.823 -0.651702 100 46 0 0 0 0 0 0 0 0 0 -1.69196 100 22 -0.285434 100 26 0 0 0 0 0 0 0 0
47400 -230.908 -2.12852 100 46 0 0 0 0 0 0 0 0 0 -1.52715 100 30 -0.769592 100 21 0 0 0 0 0 0 0 0
47500 -231.791 -1.54702 100 52 0 0 0 0 0 0 0 0 0 -1.60258 100 27 -0.296844 100 21 0 0 0 0 0 0 0 0
47600 -234.575 -1.57563 100 46 0 0 0 0 0 0 0 0 0 -2.2908 100 25 -0.185637 100 23 0 0 0 0 0 0 0 0
47700 -231.125 -2.33572 100 43 0 0 0 0 0 0 0 0 0 -1.51816 100 29 -0.524793 100 27 0 0 0 0 0 0 0 0
47800 -234.549 -4.50534 100 49 0 0 0 0 0 0 0 0 0 -1.50703 100 28 -0.989378 100 21 0 0 0 0 0 0 0 0
47900 -232.191 -2.47161 100 48 0 0 0 0 0 0 0 0 0 -1.5282 100 25 -0.321096 100 23 0 0 0 0 0 0 0 0
48000 -230.727 -1.41731 100 36 0 0 0 0 0 0 0 0 0 -1.72493 100 26 -0.452346 100 22 0 0 0 0 0 0 0 0
48100 -231.233 -1.86592 100 50 0 0 0 0 0 0 0 0 0 -1.96981 100 36 -0.316325 100 18 0 0 0 0 0 0 0 0
48200 -230.539 -1.61979 100 45 0 0 0 0 0 0 0 0 0 -1.70105 100 14 -0.543451 100 15 0 0 0 0 0 0 0 0
48300 -231.001 -1.85754 100 35 0 0 0 0 0 0 0 0 0 -1.72872 100 24 -0.73489 100 19 0 0 0 0 0 0 0 0
48400 -232.886 -1.92336 100 41 0 0 0 0 0 0 0 0 0 -1.89398 100 25 -0.813679 100 20 0 0 0 0 0 0 0 0
48500 -232.11 -1.93589 100 43 0 0 0 0 0 0 0 0 0 -1.37468 100 28 -0.828081 100 23 0 0 0 0 0 0 0 0
48600 -230.499 -2.22699 100 43 0 0 0 0 0 0 0 0 0 -1.77021 100 27 -0.433595 100 13 0 0 0 0 0 0 0 0
48700 -234.557 -4.88097 100 44 0 0 0 0 0 0 0 0 0 -1.54425 100 23 -0.506645 100 22 0 0 0 0 0 0 0 0
48800 -231.745 -3.37421 100 43 0 0 0 0 0 0 0 0 0 -1.66501 100 21 -0.418714 100 14 0 0 0 0 0 0 0 0
48900 -231.539 -1.07394 100 39 0 0 0 0 0 0 0 0 0 -1.92827 100 37 -0.212477 100 19 0 0 0 0 0 0 0 0
49000 -231.259 -2.99427 100 51 0 0 0 0 0 0 0 0 0 -1.60234 100 23 -0.487826 100 22 0 0 0 0 0 0 0 0
49100 -236.801 -3.66628 100 49 0 0 0 0 0 0 0 0 0 -1.98481 100 24 0.329438 100 23 0 0 0 0 0 0 0 0
49200 -231.793 -2.36907 100 45 0 0 0 0 0 0 0 0 0 -1.9266 100 24 -0.0337284 100 16 0 0 0 0 0 0 0 0
49300 -230.962 -1.89316 100 40 0 0 0 0 0 0 0 0 0 -1.8828 100 25 -0.476207 100 18 0 0 0 0 0 0 0 0
49400 -230.708 -2.17538 100 48 0 0 0 0 0 0 0 0 0 -1.63735 100 25 -0.728235 100 21 0 0 0 0 0 0 0 0
49500 -230.728 -2.35178 100 39 0 0 0 0 0 0 0 0 0 -1.76228 100 26 -0.570162 100 17 0 0 0 0 0 0 0 0
49600 -231.189 -2.04859 100 46 0 0 0 0 0 0 0 0 0 -1.94291 100 18 -0.364667 100 26 0 0 0 0 0 0 0 0
49700 -231.009 -1.63825 100 46 0 0 0 0 0 0 0 0 0 -1.76842 100 25 -0.671016 100 22 0 0 0 0 0 0 0 0
49800 -232.909 -3.89326 100 47 0 0 0 0 0 0 0 0 0 -1.83616 100 24 -0.33861 100 19 0 0 0 0 0 0 0 0
49900 -231.069 -1.79889 100 41 0 0 0 0 0 0 0 0 0 -1.62693 100 29 -0.340605 100 26 0 0 0 0 0 0 0 0
50000 -232.044 -1.21506 100 46 0 0 0 0 0 0 0 0 0 -1.96133 100 31 0.0146753 100 17 0 0 0 0 0 0 0 0
50100 -232.623 -2.45715 100 42 0 0 0 0 0 0 0 0 0 -1.81408 100 23 -0.857621 100 20 0 0 0 0 0 0 0 0
50200 -233.357 -3.71524 100 43 0 0 0 0 0 0 0 0 0 -1.96079 100 37 -0.27271 100 21 0 0 0 0 0 0 0 0
50300 -230.56 -1.81396 100 45 0 0 0 0 0 0 0 0 0 -1.78919 100 26 -0.301042 100 16 0 0 0 0 0 0 0 0
50400 -231.051 -1.5853 100 44 0 0 0 0 0 0 0 0 0 -1.715 100 17 -0.257274 100 24 0 0 0 0 0 0 0 0
50500 -232.086 -0.872694 100 51 0 0 0 0 0 0 0 0 0 -1.93836 100 17 -0.169898 100 17 0 0 0 0 0 0 0 0
50600 -230.469 -2.23857 100 35 0 0 0 0 0 0 0 0 0 -1.66013 100 21 -0.590094 100 22 0 0 0 0 0 0 0 0
50700 -231.935 -1.6789 100 49 0 0 0 0 0 0 0 0 0 -2.0663 100 26 -0.00492669 100 24 0 0 0 0 0 0 0 0
50800 -231.364 -1.84227 100 42 0 0 0 0 0 0 0 0 0 -1.97536 100 16 -0.0878793 100 17 0 0 0 0 0 0 0 0
50900 -230.772 -2.02554 100 43 0 0 0 0 0 0 0 0 0 -1.61094 100 22 -0.760475 100 27 0 0 0 0 0 0 0 0
51000 -232.566 -1.50127 100 51 0 0 0 0 0 0 0 0 0 -1.88178 100 26 -0.777493 100 20 0 0 0 0 0 0 0 0
51100 -230.718 -1.6713 100 41 0 0 0 0 0 0 0 0 0 -1.83004 100 17 -0.492432 100 21 0 0 0 0 0 0 0 0
51200 -234.466 -1.2104 100 39 0 0 0 0 0 0 0 0 0 -1.58314 100 26 -1.20978 100 16 0 0 0 0 0 0 0 0
51300 -232.012 -2.65635 100 44 0 0 0 0 0 0 0 0 0 -1.84415 100 20 -0.679908 100 20 0 0 0 0 0 0 0 0
51400 -230.669 -2.0221 100 49 0 0 0 0 0 0 0 0 0 -1.71686 100 27 -0.307617 100 28 0 0 0 0 0 0 0 0
51500 -231.419 -2.18385 100 48 0 0 0 0 0 0 0 0 0 -1.91677 100 30 -0.0803325 100 20 0 0 0 0 0 0 0 0
51600 -233.644 -4.32184 100 36 0 0 0 0 0 0 0 0 0 -1.76176 100 19 -0.606508 100 26 0 0 0 0 0 0 0 0
51700 -231.376 -1.46631 100 49 0 0 0 0 0 0 0 0 0 -1.81496 100 26 -0.66433 100 29 0 0 0 0 0 0 0 0
51800 -231.386 -1.88674 100 47 0 0 0 0 0 0 0 0 0 -1.99714 100 26 -0.271469 100 14 0 0 0 0 0 0 0 0
51900 -230.382 -2.10427 100 40 0 0 0 0 0 0 0 0 0 -1.69955 100 24 -0.495143 100 18 0 0 0 0 0 0 0 0
52000 -232.052 -1.82808 100 55 0 0 0 0 0 0 0 0 0 -2.09382 100 32 -0.0677716 100 21 0 0 0 0 0 0 0 0
52100 -231.763 -3.47102 100 39 0 0 0 0 0 0 0 0 0 -1.64981 100 33 -0.547774 100 21 0 0 0 0 0 0 0 0
52200 -230.951 -2.40492 100 41 0 0 0 0 0 0 0 0 0 -1.51131 100 23 -0.670866 100 23 0 0 0 0 0 0 0 0
52300 -231.156 -2.3859 100 37 0 0 0 0 0 0 0 0 0 -1.76041 100 35 -0.199951 100 29 0 0 0 0 0 0 0 0
52400 -231.175 -2.08847 100 43 0 0 0 0 0 0 0 0 0 -1.49341 100 30 -0.575573 100 19 0 0 0 0 0 0 0 0
52500 -231.029 -1.80658 100 47 0 0 0 0 0 0 0 0 0 -1.94817 100 29 -0.273215 100 27 0 0 0 0 0 0 0 0
52600 -230.824 -1.81928 100 41 0 0 0 0 0 0 0 0 0 -1.90383 100 24 -0.248828 100 21 0 0 0 0 0 0 0 0
52700 -231.624 -1.99098 100 33 0 0 0 0 0 0 0 0 0 -1.75615 100 23 -0.101221 100 19 0 0 0 0 0 0 0 0
52800 -231.826 -2.64295 100 45 0 0 0 0 0 0 0 0 0 -1.84986 100 26 -0.0836016 100 18 0 0 0 0 0 0 0 0
52900 -231.177 -2.16755 100 35 0 0 0 0 0 0 0 0 0 -1.57982 100 35 -0.379097 100 20 0 0 0 0 0 0 0 0
53000 -231.794 -1.25464 100 37 0 0 0 0 0 0 0 0 0 -1.98469 100 26 -0.407031 100 24 0 0 0 0 0 0 0 0
53100 -232.826 -2.721 100 45 0 0 0 0 0 0 0 0 0 -1.38109 100 30 -1.11765 100 26 0 0 0 0 0 0 0 0
53200 -231.026 -2.60514 100 43 0 0 0 0 0 0 0 0 0 -1.84069 100 30 -0.359054 100 20 0 0 0 0 0 0 0 0
53300 -230.966 -1.9525 100 54 0 0 0 0 0 0 0 0 0 -1.56223 100 24 -0.467634 100 16 0 0 0 0 0 0 0 0
53400 -230.469 -1.72048 100 54 0 0 0 0 0 0 0 0 0 -1.73034 100 26 -0.530997 100 27 0 0 0 0 0 0 0 0
53500 -231.371 -2.24845 100 44 0 0 0 0 0 0 0 0 0 -1.45733 100 26 -0.85821 100 23 0 0 0 0 0 0 0 0
53600 -234.323 -1.60255 100 43 0 0 0 0 0 0 0 0 0 -2.30593 100 27 0.265171 100 29 0 0 0 0 0 0 0 0
53700 -230.476 -1.87815 100 39 0 0 0 0 0 0 0 0 0 -1.64914 100 28 -0.60883 100 22 0 0 0 0 0 0 0 0
53800 -231.594 -1.20836 100 45 0 0 0 0 0 0 0 0 0 -1.96856 100 21 -0.102332 100 19 0 0 0 0 0 0 0 0
53900 -231.175 -3.03477 100 43 0 0 0 0 0 0 0 0 0 -1.61862 100 21 -0.566476 100 29 0 0 0 0 0 0 0 0
54000 -233.289 -3.73828 100 54 0 0 0 0 0 0 0 0 0 -1.6416 100 23 -0.232713 100 21 0 0 0 0 0 0 0 0
54100 -230.835 -2.69765 100 39 0 0 0 0 0 0 0 0 0 -1.60051 100 19 -0.592557 100 21 0 0 0 0 0 0 0 0
54200 -230.51 -2.02881 100 42 0 0 0 0 0 0 0 0 0 -1.61015 100 28 -0.619536 100 27 0 0 0 0 0 0 0 0
54300 -233.121 -4.10695 100 44 0 0 0 0 0 0 0 0 0 -1.50397 100 31 -0.631458 100 22 0 0 0 0 0 0 0 0
54400 -230.91 -2.28244 100 45 0 0 0 0 0 0 0 0 0 -1.8598 100 24 -0.439732 100 16 0 0 0 0 0 0 0 0
54500 -231.468 -1.79809 100 42 0 0 0 0 0 0 0 0 0 -1.95879 100 21 -0.0426811 100 19 0 0 0 0 0 0 0 0
54600 -231.672 -1.00102 100 44 0 0 0 0 0 0 0 0 0 -1.72773 100 25 -0.431857 100 21 0 0 0 0 0 0 0 0
54700 -233.174 -3.23419 100 39 0 0 0 0 0 0 0 0 0 -1.74956 100 22 -0.0580627 100 30 0 0 0 0 0 0 0 0
54800 -231.677 -1.74203 100 45 0 0 0 0 0 0 0 0 0 -2.05032 100 26 -0.175299 100 30 0 0 0 0 0 0 0 0
54900 -231.647 -2.58943 100 41 0 0 0 0 0 0 0 0 0 -1.9421 100 31 -0.363266 100 25 0 0 0 0 0 0 0 0
55000 -230.676 -1.72455 100 42 0 0 0 0 0 0 0 0 0 -1.76431 100 26 -0.279527 100 23 0 0 0 0 0 0 0 0
55100 -231.362 -2.46591 100 46 0 0 0 0 0 0 0 0 0 -1.86398 100 27 -0.140205 100 21 0 0 0 0 0 0 0 0
55200 -233.162 -2.38297 100 49 0 0 0 0 0 0 0 0 0 -2.07772 100 35 -0.429159 100 29 0 0 0 0 0 0 0 0
55300 -231.199 -2.93498 100 47 0 0 0 0 0 0 0 0 0 -1.55722 100 29 -0.60122 100 20 0 0 0 0 0 0 0 0
55400 -231.687 -1.7111 100 42 0 0 0 0 0 0 0 0 0 -1.79581 100 19 -0.778443 100 22 0 0 0 0 0 0 0 0
55500 -231.643 -2.55734 100 39 0 0 0 0 0 0 0 0 0 -1.92777 100 32 -0.117719 100 25 0 0 0 0 0 0 0 0
55600 -231.207 -1.17422 100 37 0 0 0 0 0 0 0 0 0 -1.83328 100 27 -0.455742 100 18 0 0 0 0 0 0 0 0
55700 -231.295 -3.11391 100 55 0 0 0 0 0 0 0 0 0 -1.68936 100 21 -0.565071 100 21 0 0 0 0 0 0 0 0
55800 -231.31 -3.1467 100 41 0 0 0 0 0 0 0 0 0 -1.6413 100 23 -0.588788 100 16 0 0 0 0 0 0 0 0
55900 -231.922 -1.93672 100 52 0 0 0 0 0 0 0 0 0 -1.56998 100 19 -0.28299 100 20 0 0 0 0 0 0 0 0
56000 -236.48 -0.703683 100 43 0 0 0 0 0 0 0 0 0 -1.42146 100 24 -0.539948 100 30 0 0 0 0 0 0 0 0
56100 -231.27 -1.41133 100 44 0 0 0 0 0 0 0 0 0 -1.90886 100 36 -0.468759 100 29 0 0 0 0 0 0 0 0
56200 -231.117 -1.76139 100 47 0 0 0 0 0 0 0 0 0 -1.85853 100 25 -0.120071 100 17 0 0 0 0 0 0 0 0
56300 -230.888 -2.56224 100 48 0 0 0 0 0 0 0 0 0 -1.65925 100 19 -0.38141 100 23 0 0 0 0 0 0 0 0
56400 -231.454 -2.12405 100 40 0 0 0 0 0 0 0 0 0 -1.44271 100 22 -0.658644 100 15 0 0 0 0 0 0 0 0
56500 -233.116 -2.37068 100 55 0 0 0 0 0 0 0 0 0 -2.15513 100 28 0.0394066 100 23 0 0 0 0 0 0 0 0
56600 -230.886 -2.76319 100 42 0 0 0 0 0 0 0 0 0 -1.72902 100 30 -0.495272 100 15 0 0 0 0 0 0 0 0
56700 -232.43 -2.9572 100 52 0 0 0 0 0 0 0 0 0 -1.73787 100 26 -0.109814 100 18 0 0 0 0 0 0 0 0
56800 -231.652 -2.22945 100 40 0 0 0 0 0 0 0 0 0 -2.00748 100 24 -0.133999 100 14 0 0 0 0 0 0 0 0
56900 -232.49 -1.35375 100 50 0 0 0 0 0 0 0 0 0 -2.0646 100 25 -0.405502 100 25 0 0 0 0 0 0 0 0
57000 -232.609 -2.7947 100 42 0 0 0 0 0 0 0 0 0 -1.37291 100 27 -1.04708 100 22 0 0 0 0 0 0 0 0
57100 -231.834 -2.25402 100 41 0 0 0 0 0 0 0 0 0 -1.63975 100 27 -0.200739 100 21 0 0 0 0 0 0 0 0
57200 -235.972 -5.60532 100 46 0 0 0 0 0 0 0 0 0 -1.76025 100 24 -0.569542 100 23 0 0 0 0 0 0 0 0
57300 -230.818 -2.38207 100 39 0 0 0 0 0 0 0 0 0 -1.83121 100 21 -0.431613 100 21 0 0 0 0 0 0 0 0
57400 -230.7 -2.58786 100 49 0 0 0 0 0 0 0 0 0 -1.70665 100 25 -0.542229 100 15 0 0 0 0 0 0 0 0
57500 -232.312 -0.912513 100 40 0 0 0 0 0 0 0 0 0 -1.99294 100 18 -0.0493913 100 17 0 0 0 0 0 0 0 0
57600 -232.798 -3.48672 100 51 0 0 0 0 0 0 0 0 0 -1.90163 100 23 -0.454977 100 23 0 0 0 0 0 0 0 0
57700 -231.216 -1.40282 100 45 0 0 0 0 0 0 0 0 0 -1.75653 100 32 -0.677031 100 8 0 0 0 0 0 0 0 0
57800 -230.565 -1.97022 100 45 0 0 0 0 0 0 0 0 0 -1.83144 100 19 -0.397755 100 29 0 0 0 0 0 0 0 0
57900 -232.844 -3.40151 100 44 0 0 0 0 0 0 0 0 0 -1.92615 100 28 -0.441512 100 22 0 0 0 0 0 0 0 0
58000 -231.215 -1.76175 100 36 0 0 0 0 0 0 0 0 0 -1.89905 100 19 -0.518388 100 28 0 0 0 0 0 0 0 0
58100 -232.313 -3.55623 100 44 0 0 0 0 0 0 0 0 0 -1.58885 100 33 -0.810908 100 16 0 0 0 0 0 0 0 0
58200 -231.507 -1.55966 100 42 0 0 0 0 0 0 0 0 0 -1.74749 100 28 -0.785222 100 19 0 0 0 0 0 0 0 0
58300 -233.922 -1.4671 100 29 0 0 0 0 0 0 0 0 0 -2.2123 100 17 0.30488 100 14 0 0 0 0 0 0 0 0
58400 -231.037 -2.09562 100 43 0 0 0 0 0 0 0 0 0 -1.83903 100 28 -0.155675 100 24 0 0 0 0 0 0 0 0
58500 -230.941 -1.49464 100 42 0 0 0 0 0 0 0 0 0 -1.66877 100 24 -0.686526 100 23 0 0 0 0 0 0 0 0
58600 -231.975 -1.59723 100 38 0 0 0 0 0 0 0 0 0 -2.02101 100 29 0.0486159 100 25 0 0 0 0 0 0 0 0
58700 -231.128 -2.02169 100 50 0 0 0 0 0 0 0 0 0 -1.92286 100 24 -0.141455 100 27 0 0 0 0 0 0 0 0
58800 -231.568 -1.1201 100 50 0 0 0 0 0 0 0 0 0 -1.93351 100 28 -0.149142 100 19 0 0 0 0 0 0 0 0
58900 -233.681 -1.277 100 53 0 0 0 0 0 0 0 0 0 -2.19658 100 21 -0.293112 100 28 0 0 0 0 0 0 0 0
59000 -231.217 -2.82016 100 45 0 0 0 0 0 0 0 0 0 -1.63156 100 28 -0.750168 100 27 0 0 0 0 0 0 0 0
59100 -232.033 -1.61574 100 47 0 0 0 0 0 0 0 0 0 -1.51833 100 26 -0.98449 100 28 0 0 0 0 0 0 0 0
59200 -230.846 -2.65135 100 47 0 0 0 0 0 0 0 0 0 -1.62074 100 31 -0.673538 100 21 0 0 0 0 0 0 0 0
59300 -230.515 -2.22206 100 54 0 0 0 0 0 0 0 0 0 -1.61287 100 33 -0.600558 100 19 0 0 0 0 0 0 0 0
59400 -231.145 -2.34596 100 38 0 0 0 0 0 0 0 0 0 -1.91113 100 24 -0.226027 100 19 0 0 0 0 0 0 0 0
59500 -232.476 -1.77658 100 40 0 0 0 0 0 0 0 0 0 -2.09837 100 28 0.104469 100 19 0 0 0 0 0 0 0 0
59600 -232.706 -3.96909 100 42 0 0 0 0 0 0 0 0 0 -1.5593 100 31 -0.579389 100 26 0 0 0 0 0 0 0 0
59700 -231.437 -1.3949 100 46 0 0 0 0 0 0 0 0 0 -1.83399 100 25 -0.635139 100 19 0 0 0 0 0 0 0 0
59800 -232.092 -0.851977 100 37 0 0 0 0 0 0 0 0 0 -1.81641 100 25 -0.27926 100 18 0 0 0 0 0 0 0 0
59900 -231.193 -2.0982 100 40 0 0 0 0 0 0 0 0 0 -1.90991 100 22 -0.459239 100 25 0 0 0 0 0 0 0 0
60000 -231.003 -1.94175 100 44 0 0 0 0 0 0 0 0 0 -1.61721 100 27 -0.356926 100 21 0 0 0 0 0 0 0 0
60100 -231.728 -1.73497 100 44 0 0 0 0 0 0 0 0 0 -1.63828 100 20 -0.224623 100 14 0 0 0 0 0 0 0 0
60200 -233.032 -4.20675 100 50 0 0 0 0 0 0 0 0 0 -1.59634 100 24 -0.643035 100 23 0 0 0 0 0 0 0 0
60300 -230.435 -2.19898 100 44 0 0 0 0 0 0 0 0 0 -1.73489 100 23 -0.481583 100 16 0 0 0 0 0 0 0 0
60400 -230.481 -1.85355 100 40 0 0 0 0 0 0 0 0 0 -1.78323 100 25 -0.343283 100 18 0 0 0 0 0 0 0 0
60500 -232.411 -3.44397 100 50 0 0 0 0 0 0 0 0 0 -1.53429 100 15 -0.442662 100 25 0 0 0 0 0 0 0 0
60600 -231.39 -1.2136 100 50 0 0 0 0 0 0 0 0 0 -1.82493 100 25 -0.568 100 20 0 0 0 0 0 0 0 0
60700 -232.021 -1.03243 100 54 0 0 0 0 0 0 0 0 0 -1.97065 100 26 -0.405639 100 22 0 0 0 0 0 0 0 0
60800 -232.936 -1.23633 100 45 0 0 0 0 0 0 0 0 0 -2.18795 100 26 -0.0839975 100 24 0 0 0 0 0 0 0 0
60900 -233.222 -3.35832 100 38 0 0 0 0 0 0 0 0 0 -1.36156 100 25 -0.647668 100 23 0 0 0 0 0 0 0 0
61000 -233.471 -0.736041 100 49 0 0 0 0 0 0 0 0 0 -1.60898 100 28 -0.631266 100 18 0 0 0 0 0 0 0 0
61100 -232.135 -2.00335 100 50 0 0 0 0 0 0 0 0 0 -1.74024 100 25 -0.919228 100 13 0 0 0 0 0 0 0 0
61200 -231.944 -1.06414 100 49 0 0 0 0 0 0 0 0 0 -1.84975 100 22 -0.601429 100 24 0 0 0 0 0 0 0 0
61300 -233.79 -2.91099 100 38 0 0 0 0 0 0 0 0 0 -1.53769 100 33 -0.180591 100 13 0 0 0 0 0 0 0 0
61400 -230.938 -1.62618 100 39 0 0 0 0 0 0 0 0 0 -1.92713 100 22 -0.239602 100 15 0 0 0 0 0 0 0 0
61500 -231.85 -3.26226 100 36 0 0 0 0 0 0 0 0 0 -1.83 100 25 -0.340366 100 26 0 0 0 0 0 0 0 0
61600 -232.613 -2.37398 100 40 0 0 0 0 0 0 0 0 0 -1.40602 100 29 -1.12425 100 19 0 0 0 0 0 0 0 0
61700 -230.416 -1.95574 100 44 0 0 0 0 0 0 0 0 0 -1.67127 100 32 -0.472956 100 18 0 0 0 0 0 0 0 0
61800 -231.682 -2.75187 100 44 0 0 0 0 0 0 0 0 0 -1.916 100 27 -0.176208 100 25 0 0 0 0 0 0 0 0
61900 -232.428 -1.5022 100 43 0 0 0 0 0 0 0 0 0 -2.14272 100 30 -0.11039 100 26 0 0 0 0 0 0 0 0
62000 -232.821 -0.700283 100 40 0 0 0 0 0 0 0 0 0 -1.8815 100 31 -0.144729 100 23 0 0 0 0 0 0 0 0
62100 -231.041 -2.90502 100 44 0 0 0 0 0 0 0 0 0 -1.72671 100 24 -0.474271 100 26 0 0 0 0 0 0 0 0
62200 -233.126 -1.78525 100 46 0 0 0 0 0 0 0 0 0 -1.64879 100 25 -1.12603 100 27 0 0 0 0 0 0 0 0
62300 -233.773 -2.95105 100 44 0 0 0 0 0 0 0 0 0 -1.39813 100 24 -1.25193 100 23 0 0 0 0 0 0 0 0
62400 -236.059 -4.18097 100 58 0 0 0 0 0 0 0 0 0 -2.1355 100 27 0.115997 100 16 0 0 0 0 0 0 0 0
62500 -230.914 -2.69349 100 34 0 0 0 0 0 0 0 0 0 -1.57818 100 24 -0.562235 100 26 0 0 0 0 0 0 0 0
62600 -232.56 -1.49718 100 33 0 0 0 0 0 0 0 0 0 -2.15031 100 28 0.0521332 100 16 0 0 0 0 0 0 0 0
62700 -232.298 -2.86757 100 45 0 0 0 0 0 0 0 0 0 -1.57938 100 26 -0.275505 100 18 0 0 0 0 0 0 0 0
62800 -231.181 -1.59646 100 38 0 0 0 0 0 0 0 0 0 -1.93336 100 20 -0.416896 100 24 0 0 0 0 0 0 0 0
62900 -231.337 -2.40833 100 35 0 0 0 0 0 0 0 0 0 -1.85052 100 27 -0.575 100 12 0 0 0 0 0 0 0 0
63000 -232.627 -2.2464 100 39 0 0 0 0 0 0 0 0 0 -1.33352 100 32 -1.02067 100 15 0 0 0 0 0 0 0 0
63100 -231.866 -3.06255 100 41 0 0 0 0 0 0 0 0 0 -1.80965 100 17 -0.189801 100 22 0 0 0 0 0 0 0 0
63200 -231.043 -2.23066 100 44 0 0 0 0 0 0 0 0 0 -1.49666 100 30 -0.779224 100 20 0 0 0 0 0 0 0 0
63300 -231.333 -1.16702 100 39 0 0 0 0 0 0 0 0 0 -1.76164 100 26 -0.579322 100 19 0 0 0 0 0 0 0 0
63400 -233.949 -1.70114 100 41 0 0 0 0 0 0 0 0 0 -2.06664 100 23 0.312243 100 19 0 0 0 0 0 0 0 0
63500 -232.302 -1.85294 100 37 0 0 0 0 0 0 0 0 0 -1.37887 100 22 -0.947704 100 25 0 0 0 0 0 0 0 0
63600 -232.949 -1.60143 100 39 0 0 0 0 0 0 0 0 0 -1.80852 100 29 -0.934646 100 24 0 0 0 0 0 0 0 0
63700 -230.907 -2.00091 100 46 0 0 0 0 0 0 0 0 0 -1.64909 100 34 -0.783711 100 22 0 0 0 0 0 0 0 0
63800 -231.932 -1.78787 100 38 0 0 0 0 0 0 0 0 0 -2.03068 100 26 -0.37708 100 31 0 0 0 0 0 0 0 0
63900 -230.538 -2.27615 100 46 0 0 0 0 0 0 0 0 0 -1.62882 100 26 -0.633192 100 16 0 0 0 0 0 0 0 0
64000 -233.429 -0.85489 100 53 0 0 0 0 0 0 0 0 0 -1.80071 100 34 -0.810363 100 26 0 0 0 0 0 0 0 0
64100 -230.939 -2.73907 100 51 0 0 0 0 0 0 0 0 0 -1.6065 100 27 -0.680849 100 31 0 0 0 0 0 0 0 0
64200 -231.211 -2.12397 100 47 0 0 0 0 0 0 0 0 0 -1.90772 100 29 -0.121476 100 26 0 0 0 0 0 0 0 0
64300 -231.722 -2.8744 100 39 0 0 0 0 0 0 0 0 0 -1.91291 100 27 -0.311927 100 17 0 0 0 0 0 0 0 0
64400 -231.935 -1.45235 100 48 0 0 0 0 0 0 0 0 0 -2.07767 100 23 -0.0479804 100 22 0 0 0 0 0 0 0 0
64500 -231.598 -2.08701 100 42 0 0 0 0 0 0 0 0 0 -2.00835 100 19 -0.0990408 100 23 0 0 0 0 0 0 0 0
64600 -232.789 -0.650435 100 37 0 0 0 0 0 0 0 0 0 -1.89629 100 30 -0.224685 100 19 0 0 0 0 0 0 0 0
64700 -230.977 -1.31116 100 54 0 0 0 0 0 0 0 0 0 -1.87308 100 36 -0.332651 100 22 0 0 0 0 0 0 0 0
64800 -230.588 -2.49184 100 54 0 0 0 0 0 0 0 0 0 -1.69465 100 20 -0.518636 100 21 0 0 0 0 0 0 0 0
64900 -234.104 -4.41986 100 45 0 0 0 0 0 0 0 0 0 -1.70104 100 32 -0.777314 100 23 0 0 0 0 0 0 0 0
65000 -231.783 -2.13509 100 39 0 0 0 0 0 0 0 0 0 -2.01898 100 22 -0.0536953 100 19 0 0 0 0 0 0 0 0
65100 -233.944 -4.49387 100 48 0 0 0 0 0 0 0 0 0 -1.49574 100 24 -0.826971 100 24 0 0 0 0 0 0 0 0
65200 -230.777 -2.50844 100 41 0 0 0 0 0 0 0 0 0 -1.79733 100 25 -0.411148 100 25 0 0 0 0 0 0 0 0
65300 -235.331 -2.67999 100 50 0 0 0 0 0 0 0 0 0 -1.88603 100 28 -1.03899 100 22 0 0 0 0 0 0 0 0
65400 -230.545 -1.99415 100 46 0 0 0 0 0 0 0 0 0 -1.66657 100 20 -0.405964 100 20 0 0 0 0 0 0 0 0
65500 -231.86 -3.49105 100 43 0 0 0 0 0 0 0 0 0 -1.60833 100 31 -0.522906 100 16 0 0 0 0 0 0 0 0
65600 -232.253 -2.02232 100 39 0 0 0 0 0 0 0 0 0 -1.91339 100 18 0.0711496 100 22 0 0 0 0 0 0 0 0
65700 -232.654 -1.2733 100 49 0 0 0 0 0 0 0 0 0 -2.16336 100 29 -0.0584345 100 21 0 0 0 0 0 0 0 0
65800 -230.961 -1.61387 100 40 0 0 0 0 0 0 0 0 0 -1.86579 100 24 -0.502285 100 21 0 0 0 0 0 0 0 0
65900 -232.901 -1.34403 100 39 0 0 0 0 0 0 0 0 0 -1.74967 100 30 -0.955431 100 19 0 0 0 0 0 0 0 0
66000 -232.201 -1.32059 100 53 0 0 0 0 0 0 0 0 0 -1.51898 100 27 -0.884449 100 25 0 0 0 0 0 0 0 0
66100 -230.835 -1.53123 100 48 0 0 0 0 0 0 0 0 0 -1.88758 100 17 -0.358315 100 22 0 0 0 0 0 0 0 0
66200 -231.556 -2.00823 100 44 0 0 0 0 0 0 0 0 0 -1.4275 100 25 -0.727001 100 23 0 0 0 0 0 0 0 0
66300 -230.96 -1.72074 100 42 0 0 0 0 0 0 0 0 0 -1.70461 100 21 -0.266983 100 21 0 0 0 0 0 0 0 0
66400 -231.517 -1.79917 100 38 0 0 0 0 0 0 0 0 0 -1.9658 100 27 -0.0335741 100 19 0 0 0 0 0 0 0 0
66500 -231.277 -1.91027 100 37 0 0 0 0 0 0 0 0 0 -1.77945 100 26 -0.13182 100 24 0 0 0 0 0 0 0 0
66600 -231.101 -1.79706 100 44 0 0 0 0 0 0 0 0 0 -1.70931 100 29 -0.227564 100 27 0 0 0 0 0 0 0 0
66700 -230.759 -1.5217 100 50 0 0 0 0 0 0 0 0 0 -1.67947 100 21 -0.414037 100 12 0 0 0 0 0 0 0 0
66800 -231.787 -1.54881 100 41 0 0 0 0 0 0 0 0 0 -1.91086 100 28 -0.609601 100 20 0 0 0 0 0 0 0 0
66900 -233.255 -4.18189 100 39 0 0 0 0 0 0 0 0 0 -1.51387 100 28 -0.592522 100 22 0 0 0 0 0 0 0 0
67000 -232.237 -2.64134 100 41 0 0 0 0 0 0 0 0 0 -1.4753 100 17 -1.05636 100 27 0 0 0 0 0 0 0 0
67100 -230.551 -2.00612 100 51 0 0 0 0 0 0 0 0 0 -1.78698 100 30 -0.307721 100 23 0 0 0 0 0 0 0 0
67200 -230.557 -1.83554 100 42 0 0 0 0 0 0 0 0 0 -1.63958 100 22 -0.467347 100 25 0 0 0 0 0 0 0 0
67300 -232.093 -2.36942 100 54 0 0 0 0 0 0 0 0 0 -2.03679 100 20 -0.0519227 100 22 0 0 0 0 0 0 0 0
67400 -231.637 -1.05261 100 40 0 0 0 0 0 0 0 0 0 -1.84567 100 36 -0.512783 100 29 0 0 0 0 0 0 0 0
67500 -231.349 -2.20432 100 45 0 0 0 0 0 0 0 0 0 -1.45475 100 28 -0.83982 100 15 0 0 0 0 0 0 0 0
67600 -231.161 -1.96731 100 39 0 0 0 0 0 0 0 0 0 -1.9118 100 31 -0.116427 100 22 0 0 0 0 0 0 0 0
67700 -234.358 -3.72727 100 31 0 0 0 0 0 0 0 0 0 -2.04523 100 33 -0.338273 100 24 0 0 0 0 0 0 0 0
67800 -230.742 -1.59955 100 47 0 0 0 0 0 0 0 0 0 -1.62248 100 23 -0.625925 100 19 0 0 0 0 0 0 0 0
67900 -230.978 -1.83068 100 48 0 0 0 0 0 0 0 0 0 -1.55656 100 24 -0.498066 100 29 0 0 0 0 0 0 0 0
68000 -230.58 -1.95226 100 48 0 0 0 0 0 0 0 0 0 -1.60839 100 26 -0.50876 100 23 0 0 0 0 0 0 0 0
68100 -230.395 -2.00159 100 47 0 0 0 0 0 0 0 0 0 -1.7427 100 18 -0.418718 100 18 0 0 0 0 0 0 0 0
68200 -230.653 -1.84178 100 47 0 0 0 0 0 0 0 0 0 -1.86444 100 19 -0.31014 100 22 0 0 0 0 0 0 0 0
68300 -233.305 -4.326 100 46 0 0 0 0 0 0 0 0 0 -1.72149 100 18 -0.523566 100 25 0 0 0 0 0 0 0 0
68400 -231.687 -3.16331 100 46 0 0 0 0 0 0 0 0 0 -1.53226 100 16 -0.54244 100 19 0 0 0 0 0 0 0 0
68500 -231.194 -1.99713 100 41 0 0 0 0 0 0 0 0 0 -1.84357 100 26 -0.113149 100 24 0 0 0 0 0 0 0 0
68600 -232.882 -3.34741 100 42 0 0 0 0 0 0 0 0 0 -1.96426 100 27 -0.350368 100 13 0 0 0 0 0 0 0 0
68700 -232.492 -0.926609 100 40 0 0 0 0 0 0 0 0 0 -1.61787 100 28 -0.512271 100 19 0 0 0 0 0 0 0 0
68800 -231.2 -1.60404 100 37 0 0 0 0 0 0 0 0 0 -1.90771 100 31 -0.103533 100 26 0 0 0 0 0 0 0 0
68900 -230.799 -2.18057 100 42 0 0 0 0 0 0 0 0 0 -1.7332 100 26 -0.669447 100 18 0 0 0 0 0 0 0 0
69000 -231.918 -1.33654 100 44 0 0 0 0 0 0 0 0 0 -1.5127 100 24 -0.781836 100 14 0 0 0 0 0 0 0 0
69100 -236.263 -3.93304 100 41 0 0 0 0 0 0 0 0 0 -2.14766 100 25 -0.36326 100 22 0 0 0 0 0 0 0 0
69200 -232.294 -2.47292 100 36 0 0 0 0 0 0 0 0 0 -1.65165 100 23 -1.00211 100 31 0 0 0 0 0 0 0 0
69300 -232.656 -1.2302 100 42 0 0 0 0 0 0 0 0 0 -1.52771 100 30 -0.41888 100 23 0 0 0 0 0 0 0 0
69400 -232.72 -0.67674 100 41 0 0 0 0 0 0 0 0 0 -1.86516 100 30 -0.236704 100 19 0 0 0 0 0 0 0 0
69500 -232.924 -1.08278 100 46 0 0 0 0 0 0 0 0 0 -1.48727 100 28 -0.754089 100 19 0 0 0 0 0 0 0 0
69600 -232.131 -2.67933 100 54 0 0 0 0 0 0 0 0 0 -1.86905 100 23 -0.0354341 100 23 0 0 0 0 0 0 0 0
69700 -234.743 -4.88946 100 44 0 0 0 0 0 0 0 0 0 -1.79712 100 17 -0.540792 100 21 0 0 0 0 0 0 0 0
69800 -230.886 -2.21899 100 44 0 0 0 0 0 0 0 0 0 -1.74865 100 20 -0.668149 100 18 0 0 0 0 0 0 0 0
69900 -230.504 -2.07519 100 50 0 0 0 0 0 0 0 0 0 -1.62537 100 23 -0.63956 100 27 0 0 0 0 0 0 0 0
70000 -232.086 -1.99425 100 43 0 0 0 0 0 0 0 0 0 -1.60743 100 28 -0.208003 100 20 0 0 0 0 0 0 0 0
70100 -231.521 -1.34018 100 39 0 0 0 0 0 0 0 0 0 -1.78815 100 27 -0.694128 100 24 0 0 0 0 0 0 0 0
70200 -231.188 -1.31118 100 46 0 0 0 0 0 0 0 0 0 -1.62726 100 17 -0.597576 100 17 0 0 0 0 0 0 0 0
70300 -232.121 -3.49924 100 35 0 0 0 0 0 0 0 0 0 -1.62374 100 24 -0.398987 100 29 0 0 0 0 0 0 0 0
70400 -233.572 -1.58278 100 46 0 0 0 0 0 0 0 0 0 -1.55092 100 31 -1.20675 100 11 0 0 0 0 0 0 0 0
70500 -232.668 -3.22807 100 44 0 0 0 0 0 0 0 0 0 -1.55556 100 27 -1.00503 100 26 0 0 0 0 0 0 0 0
70600 -231.144 -1.47938 100 42 0 0 0 0 0 0 0 0 0 -1.7123 100 28 -0.720264 100 27 0 0 0 0 0 0 0 0
70700 -232.332 -3.52882 100 43 0 0 0 0 0 0 0 0 0 -1.52949 100 27 -0.502126 100 14 0 0 0 0 0 0 0 0
70800 -232.363 -0.861101 100 49 0 0 0 0 0 0 0 0 0 -1.71816 100 31 -0.348454 100 18 0 0 0 0 0 0 0 0
70900 -230.643 -1.8062 100 42 0 0 0 0 0 0 0 0 0 -1.71115 100 21 -0.328414 100 22 0 0 0 0 0 0 0 0
71000 -231.393 -1.88418 100 45 0 0 0 0 0 0 0 0 0 -1.47978 100 26 -0.578548 100 17 0 0 0 0 0 0 0 0
71100 -230.606 -1.50235 100 31 0 0 0 0 0 0 0 0 0 -1.7402 100 23 -0.469083 100 28 0 0 0 0 0 0 0 0
71200 -235.316 -0.447195 100 43 0 0 0 0 0 0 0 0 0 -1.98286 100 24 0.170611 100 17 0 0 0 0 0 0 0 0
71300 -232.777 -2.67386 100 32 0 0 0 0 0 0 0 0 0 -1.31142 100 25 -0.820045 100 20 0 0 0 0 0 0 0 0
71400 -231.429 -2.50729 100 48 0 0 0 0 0 0 0 0 0 -1.90714 100 25 -0.152869 100 19 0 0 0 0 0 0 0 0
71500 -233.588 -4.3933 100 43 0 0 0 0 0 0 0 0 0 -1.778 100 32 -0.470065 100 23 0 0 0 0 0 0 0 0
71600 -231.318 -2.45426 100 47 0 0 0 0 0 0 0 0 0 -1.87502 100 27 -0.502145 100 20 0 0 0 0 0 0 0 0
71700 -231.99 -2.75598 100 37 0 0 0 0 0 0 0 0 0 -1.95537 100 27 -0.374964 100 25 0 0 0 0 0 0 0 0
71800 -233.497 -2.82567 100 45 0 0 0 0 0 0 0 0 0 -2.11061 100 32 0.0857803 100 26 0 0 0 0 0 0 0 0
71900 -232.996 -1.7069 100 42 0 0 0 0 0 0 0 0 0 -2.04905 100 29 0.206163 100 27 0 0 0 0 0 0 0 0
72000 -235.256 -3.62397 100 34 0 0 0 0 0 0 0 0 0 -1.54717 100 26 -1.28173 100 28 0 0 0 0 0 0 0 0
72100 -235.087 -2.55123 100 49 0 0 0 0 0 0 0 0 0 -2.03416 100 24 -0.774158 100 21 0 0 0 0 0 0 0 0
72200 -231.397 -2.76947 100 51 0 0 0 0 0 0 0 0 0 -1.49249 100 21 -0.814328 100 19 0 0 0 0 0 0 0 0
72300 -230.749 -1.88385 100 50 0 0 0 0 0 0 0 0 0 -1.62875 100 26 -0.405446 100 22 0 0 0 0 0 0 0 0
72400 -231.797 -2.71806 100 50 0 0 0 0 0 0 0 0 0 -1.93579 100 22 -0.140207 100 23 0 0 0 0 0 0 0 0
72500 -232.913 -3.51809 100 59 0 0 0 0 0 0 0 0 0 -1.71415 100 20 -0.171079 100 26 0 0 0 0 0 0 0 0
72600 -230.814 -1.59269 100 32 0 0 0 0 0 0 0 0 0 -1.67564 100 26 -0.681457 100 18 0 0 0 0 0 0 0 0
72700 -231.358 -1.86419 100 44 0 0 0 0 0 0 0 0 0 -1.97938 100 16 -0.0977711 100 20 0 0 0 0 0 0 0 0
72800 -230.917 -2.62399 100 51 0 0 0 0 0 0 0 0 0 -1.77443 100 30 -0.52279 100 15 0 0 0 0 0 0 0 0
72900 -230.579 -2.19264 100 33 0 0 0 0 0 0 0 0 0 -1.64191 100 19 -0.674186 100 30 0 0 0 0 0 0 0 0
73000 -234.638 -2.36124 100 46 0 0 0 0 0 0 0 0 0 -1.26931 100 19 -1.34223 100 24 0 0 0 0 0 0 0 0
73100 -230.697 -2.10988 100 41 0 0 0 0 0 0 0 0 0 -1.62741 100 24 -0.414804 100 23 0 0 0 0 0 0 0 0
73200 -233.234 -1.94106 100 49 0 0 0 0 0 0 0 0 0 -2.11596 100 23 -0.413183 100 17 0 0 0 0 0 0 0 0
73300 -230.795 -2.29876 100 36 0 0 0 0 0 0 0 0 0 -1.57485 100 27 -0.497508 100 24 0 0 0 0 0 0 0 0
73400 -233.942 -1.62628 100 48 0 0 0 0 0 0 0 0 0 -1.47516 100 27 -1.271 100 20 0 0 0 0 0 0 0 0
73500 -230.822 -1.59315 100 48 0 0 0 0 0 0 0 0 0 -1.59758 100 30 -0.600579 100 26 0 0 0 0 0 0 0 0
73600 -231.738 -1.57658 100 33 0 0 0 0 0 0 0 0 0 -1.77775 100 20 -0.795807 100 20 0 0 0 0 0 0 0 0
73700 -231.377 -1.35141 100 45 0 0 0 0 0 0 0 0 0 -1.61274 100 21 -0.436289 100 29 0 0 0 0 0 0 0 0
73800 -232.538 -1.50214 100 38 0 0 0 0 0 0 0 0 0 -1.62086 100 23 -0.182316 100 17 0 0 0 0 0 0 0 0
73900 -231.328 -2.72761 100 42 0 0 0 0 0 0 0 0 0 -1.51708 100 19 -0.538895 100 26 0 0 0 0 0 0 0 0
74000 -231.597 -1.665 100 46 0 0 0 0 0 0 0 0 0 -1.51188 100 27 -0.895818 100 21 0 0 0 0 0 0 0 0
74100 -230.944 -2.37394 100 43 0 0 0 0 0 0 0 0 0 -1.61328 100 23 -0.787696 100 24 0 0 0 0 0 0 0 0
74200 -234.527 -1.86262 100 37 0 0 0 0 0 0 0 0 0 -1.29925 100 26 -0.537242 100 27 0 0 0 0 0 0 0 0
74300 -232.089 -1.04277 100 45 0 0 0 0 0 0 0 0 0 -1.60613 100 35 -0.636772 100 25 0 0 0 0 0 0 0 0
74400 -234.524 -0.600412 100 39 0 0 0 0 0 0 0 0 0 -2.23524 100 28 0.203644 100 16 0 0 0 0 0 0 0 0
74500 -232.416 -1.6048 100 36 0 0 0 0 0 0 0 0 0 -1.79429 100 26 0.0113159 100 25 0 0 0 0 0 0 0 0
74600 -233.821 -2.68077 100 44 0 0 0 0 0 0 0 0 0 -2.1129 100 22 -0.388717 100 17 0 0 0 0 0 0 0 0
74700 -231.565 -1.81743 100 36 0 0 0 0 0 0 0 0 0 -1.99242 100 28 -0.38034 100 20 0 0 0 0 0 0 0 0
74800 -231.216 -1.22891 100 48 0 0 0 0 0 0 0 0 0 -1.66876 100 24 -0.496647 100 16 0 0 0 0 0 0 0 0
74900 -231.083 -2.40029 100 55 0 0 0 0 0 0 0 0 0 -1.65522 100 19 -0.309208 100 25 0 0 0 0 0 0 0 0
75000 -231.343 -2.40525 100 47 0 0 0 0 0 0 0 0 0 -1.52949 100 25 -0.450031 100 17 0 0 0 0 0 0 0 0
75100 -232.121 -3.6335 100 45 0 0 0 0 0 0 0 0 0 -1.59734 100 22 -0.51594 100 18 0 0 0 0 0 0 0 0
75200 -233.544 -3.6971 100 37 0 0 0 0 0 0 0 0 0 -1.78676 100 21 -0.783725 100 27 0 0 0 0 0 0 0 0
75300 -232.455 -3.81269 100 45 0 0 0 0 0 0 0 0 0 -1.70762 100 28 -0.591447 100 24 0 0 0 0 0 0 0 0
75400 -230.807 -1.40308 100 44 0 0 0 0 0 0 0 0 0 -1.69041 100 22 -0.480464 100 33 0 0 0 0 0 0 0 0
75500 -231.989 -3.28659 100 36 0 0 0 0 0 0 0 0 0 -1.59055 100 32 -0.829562 100 26 0 0 0 0 0 0 0 0
75600 -232.082 -2.65932 100 44 0 0 0 0 0 0 0 0 0 -1.75588 100 27 -0.0966916 100 20 0 0 0 0 0 0 0 0
75700 -231.153 -2.06826 100 43 0 0 0 0 0 0 0 0 0 -1.86154 100 26 -0.122763 100 24 0 0 0 0 0 0 0 0
75800 -232.042 -1.91681 100 50 0 0 0 0 0 0 0 0 0 -1.90238 100 26 -0.67652 100 20 0 0 0 0 0 0 0 0
75900 -231.94 -2.8221 100 39 0 0 0 0 0 0 0 0 0 -1.44921 100 20 -0.946344 100 14 0 0 0 0 0 0 0 0
76000 -231.98 -2.32193 100 43 0 0 0 0 0 0 0 0 0 -1.97382 100 29 -0.464174 100 20 0 0 0 0 0 0 0 0
76100 -233.484 -4.1986 100 39 0 0 0 0 0 0 0 0 0 -1.45617 100 18 -0.703248 100 29 0 0 0 0 0 0 0 0
76200 -232.092 -2.22568 100 46 0 0 0 0 0 0 0 0 0 -1.65595 100 28 -0.98858 100 28 0 0 0 0 0 0 0 0
76300 -230.932 -1.86925 100 57 0 0 0 0 0 0 0 0 0 -1.87757 100 25 -0.47962 100 26 0 0 0 0 0 0 0 0
76400 -230.816 -1.80657 100 45 0 0 0 0 0 0 0 0 0 -1.6395 100 26 -0.747292 100 21 0 0 0 0 0 0 0 0
76500 -230.482 -1.73091 100 42 0 0 0 0 0 0 0 0 0 -1.79407 100 31 -0.424403 100 26 0 0 0 0 0 0 0 0
76600 -232.28 -3.68461 100 45 0 0 0 0 0 0 0 0 0 -1.70115 100 17 -0.62133 100 19 0 0 0 0 0 0 0 0
76700 -231.445 -2.90934 100 48 0 0 0 0 0 0 0 0 0 -1.81828 100 23 -0.256269 100 19 0 0 0 0 0 0 0 0
76800 -232.602 -2.54855 100 36 0 0 0 0 0 0 0 0 0 -1.42783 100 28 -1.12175 100 18 0 0 0 0 0 0 0 0
76900 -231.455 -3.19444 100 36 0 0 0 0 0 0 0 0 0 -1.67364 100 18 -0.622292 100 22 0 0 0 0 0 0 0 0
77000 -235.41 -1.31045 100 47 0 0 0 0 0 0 0 0 0 -1.26472 100 25 -1.11429 100 23 0 0 0 0 0 0 0 0
77100 -230.763 -1.86777 100 42 0 0 0 0 0 0 0 0 0 -1.87279 100 30 -0.418375 100 19 0 0 0 0 0 0 0 0
77200 -230.622 -2.13664 100 40 0 0 0 0 0 0 0 0 0 -1.74271 100 26 -0.605091 100 21 0 0 0 0 0 0 0 0
77300 -231.05 -2.63793 100 36 0 0 0 0 0 0 0 0 0 -1.7915 100 26 -0.539261 100 19 0 0 0 0 0 0 0 0
77400 -232.444 -2.21314 100 48 0 0 0 0 0 0 0 0 0 -2.10888 100 30 -0.101176 100 27 0 0 0 0 0 0 0 0
77500 -230.559 -1.75625 100 38 0 0 0 0 0 0 0 0 0 -1.62641 100 24 -0.565443 100 26 0 0 0 0 0 0 0 0
77600 -231.325 -2.73155 100 45 0 0 0 0 0 0 0 0 0 -1.83095 100 35 -0.513319 100 22 0 0 0 0 0 0 0 0
77700 -230.869 -1.94788 100 47 0 0 0 0 0 0 0 0 0 -1.78877 100 26 -0.627233 100 21 0 0 0 0 0 0 0 0
77800 -231.336 -1.59566 100 43 0 0 0 0 0 0 0 0 0 -1.80881 100 24 -0.686169 100 17 0 0 0 0 0 0 0 0
77900 -232.978 -1.92747 100 42 0 0 0 0 0 0 0 0 0 -1.88591 100 36 0.137864 100 22 0 0 0 0 0 0 0 0
78000 -230.854 -2.30583 100 41 0 0 0 0 0 0 0 0 0 -1.67047 100 21 -0.735709 100 23 0 0 0 0 0 0 0 0
78100 -230.953 -2.80354 100 38 0 0 0 0 0 0 0 0 0 -1.6697 100 21 -0.437934 100 26 0 0 0 0 0 0 0 0
78200 -231.753 -1.10279 100 49 0 0 0 0 0 0 0 0 0 -1.63314 100 20 -0.631921 100 24 0 0 0 0 0 0 0 0
78300 -232.531 -1.16332 100 45 0 0 0 0 0 0 0 0 0 -1.55662 100 31 -0.887203 100 21 0 0 0 0 0 0 0 0
78400 -230.513 -1.94058 100 47 0 0 0 0 0 0 0 0 0 -1.7109 100 30 -0.364613 100 17 0 0 0 0 0 0 0 0
78500 -230.948 -1.26433 100 50 0 0 0 0 0 0 0 0 0 -1.79237 100 19 -0.372621 100 20 0 0 0 0 0 0 0 0
78600 -231.083 -2.46473 100 43 0 0 0 0 0 0 0 0 0 -1.52975 100 26 -0.8131 100 16 0 0 0 0 0 0 0 0
78700 -230.774 -2.26309 100 49 0 0 0 0 0 0 0 0 0 -1.70204 100 33 -0.688199 100 26 0 0 0 0 0 0 0 0
78800 -231.65 -2.61173 100 47 0 0 0 0 0 0 0 0 0 -1.4802 100 28 -0.513526 100 22 0 0 0 0 0 0 0 0
78900 -232.404 -3.50736 100 41 0 0 0 0 0 0 0 0 0 -1.86402 100 15 -0.295853 100 23 0 0 0 0 0 0 0 0
79000 -231.447 -2.31274 100 47 0 0 0 0 0 0 0 0 0 -1.82137 100 20 -0.671575 100 18 0 0 0 0 0 0 0 0
79100 -231.17 -2.11224 100 44 0 0 0 0 0 0 0 0 0 -1.93377 100 29 -0.157708 100 15 0 0 0 0 0 0 0 0
79200 -234.329 -3.8152 100 46 0 0 0 0 0 0 0 0 0 -1.56063 100 26 -0.218361 100 24 0 0 0 0 0 0 0 0
79300 -231.488 -1.77188 100 41 0 0 0 0 0 0 0 0 0 -1.76082 100 23 -0.790628 100 17 0 0 0 0 0 0 0 0
79400 -232.504 -1.93507 100 45 0 0 0 0 0 0 0 0 0 -2.11499 100 23 0.0682826 100 20 0 0 0 0 0 0 0 0
79500 -230.955 -1.30193 100 40 0 0 0 0 0 0 0 0 0 -1.83249 100 25 -0.296305 100 32 0 0 0 0 0 0 0 0
79600 -234.443 -1.45624 100 33 0 0 0 0 0 0 0 0 0 -1.75475 100 23 -1.1475 100 23 0 0 0 0 0 0 0 0
79700 -234.151 -4.17514 100 49 0 0 0 0 0 0 0 0 0 -1.70826 100 30 -0.157697 100 23 0 0 0 0 0 0 0 0
79800 -230.788 -1.56882 100 42 0 0 0 0 0 0 0 0 0 -1.83811 100 27 -0.238615 100 19 0 0 0 0 0 0 0 0
79900 -232.12 -2.07863 100 45 0 0 0 0 0 0 0 0 0 -1.42775 100 28 -1.03502 100 19 0 0 0 0 0 0 0 0
80000 -230.426 -1.83989 100 50 0 0 0 0 0 0 0 0 0 -1.66567 100 25 -0.53176 100 21 0 0 0 0 0 0 0 0
80100 -231.633 -2.47068 100 44 0 0 0 0 0 0 0 0 0 -1.61805 100 24 -0.923646 100 31 0 0 0 0 0 0 0 0
80200 -233.931 -3.58518 100 40 0 0 0 0 0 0 0 0 0 -1.56874 100 31 -1.11104 100 28 0 0 0 0 0 0 0 0
80300 -231.312 -2.68055 100 55 0 0 0 0 0 0 0 0 0 -1.50606 100 24 -0.560278 100 21 0 0 0 0 0 0 0 0
80400 -231.121 -2.94835 100 51 0 0 0 0 0 0 0 0 0 -1.64991 100 29 -0.638176 100 16 0 0 0 0 0 0 0 0
80500 -231.906 -1.26813 100 46 0 0 0 0 0 0 0 0 0 -2.04383 100 32 -0.0349417 100 18 0 0 0 0 0 0 0 0
80600 -232.226 -2.50756 100 45 0 0 0 0 0 0 0 0 0 -1.83445 100 21 -0.0106751 100 24 0 0 0 0 0 0 0 0
80700 -232.55 -2.76418 100 49 0 0 0 0 0 0 0 0 0 -1.49191 100 24 -1.09333 100 19 0 0 0 0 0 0 0 0
80800 -233.13 -1.51221 100 37 0 0 0 0 0 0 0 0 0 -1.81038 100 35 -0.94662 100 25 0 0 0 0 0 0 0 0
80900 -230.806 -2.11258 100 43 0 0 0 0 0 0 0 0 0 -1.84098 100 23 -0.492508 100 19 0 0 0 0 0 0 0 0
81000 -231.374 -1.34787 100 51 0 0 0 0 0 0 0 0 0 -1.88117 100 28 -0.533771 100 25 0 0 0 0 0 0 0 0
81100 -231.905 -2.05937 100 51 0 0 0 0 0 0 0 0 0 -1.43462 100 22 -0.988565 100 16 0 0 0 0 0 0 0 0
81200 -230.583 -1.79638 100 48 0 0 0 0 0 0 0 0 0 -1.83409 100 32 -0.420066 100 18 0 0 0 0 0 0 0 0
81300 -230.617 -2.37538 100 48 0 0 0 0 0 0 0 0 0 -1.72294 100 21 -0.373832 100 24 0 0 0 0 0 0 0 0
81400 -232.37 -3.32172 100 41 0 0 0 0 0 0 0 0 0 -1.63675 100 19 -0.869869 100 21 0 0 0 0 0 0 0 0
81500 -233.049 -2.37028 100 36 0 0 0 0 0 0 0 0 0 -1.92946 100 28 -0.738383 100 22 0 0 0 0 0 0 0 0
81600 -231.667 -2.3034 100 51 0 0 0 0 0 0 0 0 0 -1.68773 100 30 -0.172279 100 23 0 0 0 0 0 0 0 0
81700 -231.077 -2.10647 100 53 0 0 0 0 0 0 0 0 0 -1.73039 100 22 -0.746895 100 25 0 0 0 0 0 0 0 0
81800 -232.569 -0.714936 100 45 0 0 0 0 0 0 0 0 0 -1.82412 100 26 -0.448242 100 21 0 0 0 0 0 0 0 0
81900 -231.277 -2.26852 100 46 0 0 0 0 0 0 0 0 0 -1.61868 100 25 -0.307528 100 24 0 0 0 0 0 0 0 0
82000 -235.54 -3.29368 100 46 0 0 0 0 0 0 0 0 0 -1.52908 100 33 -0.0941295 100 9 0 0 0 0 0 0 0 0
82100 -231.134 -1.96802 100 42 0 0 0 0 0 0 0 0 0 -1.86498 100 27 -0.560875 100 20 0 0 0 0 0 0 0 0
82200 -231.36 -2.78417 100 50 0 0 0 0 0 0 0 0 0 -1.86734 100 25 -0.357197 100 22 0 0 0 0 0 0 0 0
82300 -231.134 -1.17956 100 44 0 0 0 0 0 0 0 0 0 -1.76352 100 21 -0.478846 100 19 0 0 0 0 0 0 0 0
82400 -231.238 -3.05926 100 46 0 0 0 0 0 0 0 0 0 -1.5981 100 32 -0.577823 100 29 0 0 0 0 0 0 0 0
82500 -231.237 -1.95307 100 42 0 0 0 0 0 0 0 0 0 -1.53644 100 27 -0.455308 100 21 0 0 0 0 0 0 0 0
82600 -230.41 -2.10175 100 37 0 0 0 0 0 0 0 0 0 -1.65828 100 29 -0.523273 100 24 0 0 0 0 0 0 0 0
82700 -231.288 -1.34914 100 42 0 0 0 0 0 0 0 0 0 -1.62985 100 22 -0.715194 100 29 0 0 0 0 0 0 0 0
82800 -231.545 -3.18259 100 59 0 0 0 0 0 0 0 0 0 -1.76646 100 27 -0.361587 100 22 0 0 0 0 0 0 0 0
82900 -231.077 -2.28954 100 40 0 0 0 0 0 0 0 0 0 -1.52696 100 24 -0.834244 100 28 0 0 0 0 0 0 0 0
83000 -231.68 -2.95663 100 43 0 0 0 0 0 0 0 0 0 -1.56537 100 28 -0.411397 100 20 0 0 0 0 0 0 0 0
83100 -230.546 -2.03668 100 53 0 0 0 0 0 0 0 0 0 -1.61266 100 22 -0.660438 100 22 0 0 0 0 0 0 0 0
83200 -232.296 -3.24545 100 41 0 0 0 0 0 0 0 0 0 -1.65791 100 28 -0.856306 100 23 0 0 0 0 0 0 0 0
83300 -233.202 -3.67262 100 47 0 0 0 0 0 0 0 0 0 -1.50663 100 25 -1.00257 100 14 0 0 0 0 0 0 0 0
83400 -231.628 -2.22344 100 41 0 0 0 0 0 0 0 0 0 -1.40995 100 26 -0.809953 100 21 0 0 0 0 0 0 0 0
83500 -233.452 -3.4406 100 38 0 0 0 0 0 0 0 0 0 -1.67604 100 30 -0.122486 100 22 0 0 0 0 0 0 0 0
83600 -232.142 -2.3911 100 37 0 0 0 0 0 0 0 0 0 -1.92101 100 25 -0.606806 100 28 0 0 0 0 0 0 0 0
83700 -230.459 -1.7514 100 52 0 0 0 0 0 0 0 0 0 -1.76185 100 28 -0.379474 100 21 0 0 0 0 0 0 0 0
83800 -231.138 -2.10945 100 38 0 0 0 0 0 0 0 0 0 -1.7313 100 28 -0.198154 100 16 0 0 0 0 0 0 0 0
83900 -231.347 -2.28222 100 49 0 0 0 0 0 0 0 0 0 -1.63469 100 22 -0.276129 100 28 0 0 0 0 0 0 0 0
84000 -233.697 -4.27248 100 47 0 0 0 0 0 0 0 0 0 -1.78564 100 21 -0.231 100 21 0 0 0 0 0 0 0 0
84100 -231.365 -1.50898 100 50 0 0 0 0 0 0 0 0 0 -1.9702 100 19 -0.0916461 100 17 0 0 0 0 0 0 0 0
84200 -230.706 -1.75205 100 44 0 0 0 0 0 0 0 0 0 -1.5872 100 25 -0.583505 100 31 0 0 0 0 0 0 0 0
84300 -231.657 -1.90182 100 42 0 0 0 0 0 0 0 0 0 -1.42342 100 29 -0.747642 100 24 0 0 0 0 0 0 0 0
84400 -231.162 -1.62382 100 47 0 0 0 0 0 0 0 0 0 -1.63478 100 20 -0.33838 100 27 0 0 0 0 0 0 0 0
84500 -230.869 -2.56034 100 45 0 0 0 0 0 0 0 0 0 -1.56182 100 24 -0.567871 100 25 0 0 0 0 0 0 0 0
84600 -231.417 -1.97367 100 32 0 0 0 0 0 0 0 0 0 -1.97373 100 25 -0.368921 100 27 0 0 0 0 0 0 0 0
84700 -232.261 -2.71049 100 44 0 0 0 0 0 0 0 0 0 -1.38774 100 21 -0.987896 100 18 0 0 0 0 0 0 0 0
84800 -230.812 -1.39713 100 44 0 0 0 0 0 0 0 0 0 -1.76353 100 23 -0.341642 100 23 0 0 0 0 0 0 0 0
84900 -230.893 -1.56713 100 49 0 0 0 0 0 0 0 0 0 -1.83881 100 32 -0.522905 100 23 0 0 0 0 0 0 0 0
85000 -231.206 -2.67975 100 31 0 0 0 0 0 0 0 0 0 -1.5275 100 26 -0.541878 100 18 0 0 0 0 0 0 0 0
85100 -230.546 -1.79034 100 43 0 0 0 0 0 0 0 0 0 -1.82271 100 28 -0.423241 100 27 0 0 0 0 0 0 0 0
85200 -231.287 -2.5416 100 40 0 0 0 0 0 0 0 0 0 -1.52023 100 29 -0.86273 100 25 0 0 0 0 0 0 0 0
85300 -230.879 -2.02163 100 41 0 0 0 0 0 0 0 0 0 -1.635 100 38 -0.784384 100 16 0 0 0 0 0 0 0 0
85400 -232.105 -2.62031 100 52 0 0 0 0 0 0 0 0 0 -1.9043 100 26 -0.0231053 100 24 0 0 0 0 0 0 0 0
85500 -236.053 -1.08772 100 47 0 0 0 0 0 0 0 0 0 -2.40317 100 31 -0.103719 100 19 0 0 0 0 0 0 0 0
85600 -231.203 -2.74737 100 36 0 0 0 0 0 0 0 0 0 -1.52007 100 24 -0.762912 100 23 0 0 0 0 0 0 0 0
85700 -234.192 -1.93593 100 46 0 0 0 0 0 0 0 0 0 -2.26974 100 24 0.252614 100 24 0 0 0 0 0 0 0 0
85800 -230.887 -2.3563 100 49 0 0 0 0 0 0 0 0 0 -1.81662 100 18 -0.521298 100 19 0 0 0 0 0 0 0 0
85900 -231.012 -2.56547 100 44 0 0 0 0 0 0 0 0 0 -1.75677 100 21 -0.271097 100 25 0 0 0 0 0 0 0 0
86000 -231.394 -1.34545 100 46 0 0 0 0 0 0 0 0 0 -1.60656 100 22 -0.451068 100 23 0 0 0 0 0 0 0 0
86100 -231.503 -2.80196 100 44 0 0 0 0 0 0 0 0 0 -1.47263 100 22 -0.634567 100 23 0 0 0 0 0 0 0 0
86200 -230.743 -1.41899 100 49 0 0 0 0 0 0 0 0 0 -1.74531 100 18 -0.515507 100 20 0 0 0 0 0 0 0 0
86300 -232.239 -0.888293 100 38 0 0 0 0 0 0 0 0 0 -1.74107 100 20 -0.614653 100 27 0 0 0 0 0 0 0 0
86400 -231.993 -2.79837 100 43 0 0 0 0 0 0 0 0 0 -1.96748 100 25 -0.176169 100 21 0 0 0 0 0 0 0 0
86500 -231.958 -1.44124 100 40 0 0 0 0 0 0 0 0 0 -1.92668 100 27 0.0284345 100 21 0 0 0 0 0 0 0 0
86600 -231.555 -2.23634 100 39 0 0 0 0 0 0 0 0 0 -1.56513 100 25 -0.95525 100 22 0 0 0 0 0 0 0 0
86700 -231.75 -1.72349 100 34 0 0 0 0 0 0 0 0 0 -1.55941 100 33 -0.961124 100 23 0 0 0 0 0 0 0 0
86800 -231.367 -1.76335 100 37 0 0 0 0 0 0 0 0 0 -1.79546 100 28 -0.72508 100 21 0 0 0 0 0 0 0 0
86900 -230.982 -1.37885 100 49 0 0 0 0 0 0 0 0 0 -1.6512 100 29 -0.603528 100 27 0 0 0 0 0 0 0 0
87000 -232.364 -3.12203 100 36 0 0 0 0 0 0 0 0 0 -1.75778 100 29 -0.777079 100 23 0 0 0 0 0 0 0 0
87100 -231.194 -3.05943 100 45 0 0 0 0 0 0 0 0 0 -1.67578 100 23 -0.488057 100 19 0 0 0 0 0 0 0 0
87200 -232.609 -3.38052 100 53 0 0 0 0 0 0 0 0 0 -1.61462 100 21 -0.27993 100 28 0 0 0 0 0 0 0 0
87300 -236.768 -3.49397 100 46 0 0 0 0 0 0 0 0 0 -1.83488 100 26 -1.14287 100 18 0 0 0 0 0 0 0 0
87400 -231.458 -1.74049 100 45 0 0 0 0 0 0 0 0 0 -1.63846 100 26 -0.886551 100 16 0 0 0 0 0 0 0 0
87500 -230.722 -2.1608 100 51 0 0 0 0 0 0 0 0 0 -1.54887 100 25 -0.678651 100 24 0 0 0 0 0 0 0 0
87600 -231.403 -1.4714 100 45 0 0 0 0 0 0 0 0 0 -1.76277 100 22 -0.732033 100 17 0 0 0 0 0 0 0 0
87700 -230.774 -2.61072 100 41 0 0 0 0 0 0 0 0 0 -1.72742 100 18 -0.546738 100 21 0 0 0 0 0 0 0 0
87800 -234.174 -2.49436 100 45 0 0 0 0 0 0 0 0 0 -1.2501 100 25 -0.68809 100 27 0 0 0 0 0 0 0 0
87900 -233.733 -2.05173 100 35 0 0 0 0 0 0 0 0 0 -1.60775 100 23 -0.0574865 100 25 0 0 0 0 0 0 0 0
88000 -232.012 -1.64791 100 47 0 0 0 0 0 0 0 0 0 -2.09442 100 31 -0.0610734 100 22 0 0 0 0 0 0 0 0
88100 -230.839 -2.6159 100 43 0 0 0 0 0 0 0 0 0 -1.57088 100 19 -0.635992 100 27 0 0 0 0 0 0 0 0
88200 -234.547 -1.19233 100 38 0 0 0 0 0 0 0 0 0 -1.92537 100 29 0.261971 100 18 0 0 0 0 0 0 0 0
88300 -231.608 -3.21676 100 52 0 0 0 0 0 0 0 0 0 -1.67057 100 29 -0.379858 100 20 0 0 0 0 0 0 0 0
88400 -231.535 -3.04689 100 53 0 0 0 0 0 0 0 0 0 -1.77313 100 25 -0.279516 100 21 0 0 0 0 0 0 0 0
88500 -230.545 -2.18491 100 42 0 0 0 0 0 0 0 0 0 -1.75328 100 21 -0.546137 100 11 0 0 0 0 0 0 0 0
88600 -234.023 -0.880228 100 43 0 0 0 0 0 0 0 0 0 -2.24923 100 34 -0.107206 100 27 0 0 0 0 0 0 0 0
88700 -230.869 -1.78744 100 54 0 0 0 0 0 0 0 0 0 -1.88819 100 23 -0.193494 100 18 0 0 0 0 0 0 0 0
88800 -235.301 -4.25009 100 43 0 0 0 0 0 0 0 0 0 -2.07777 100 33 -0.149235 100 27 0 0 0 0 0 0 0 0
88900 -233.854 -1.1442 100 41 0 0 0 0 0 0 0 0 0 -2.27935 100 26 0.017232 100 28 0 0 0 0 0 0 0 0
89000 -230.814 -1.67942 100 44 0 0 0 0 0 0 0 0 0 -1.5922 100 27 -0.690391 100 15 0 0 0 0 0 0 0 0
89100 -232.449 -3.32845 100 35 0 0 0 0 0 0 0 0 0 -1.92382 100 34 -0.276171 100 19 0 0 0 0 0 0 0 0
89200 -231.377 -2.73831 100 53 0 0 0 0 0 0 0 0 0 -1.78305 100 30 -0.627627 100 16 0 0 0 0 0 0 0 0
89300 -231.642 -1.27491 100 48 0 0 0 0 0 0 0 0 0 -1.64998 100 28 -0.331305 100 13 0 0 0 0 0 0 0 0
89400 -230.72 -2.57171 100 34 0 0 0 0 0 0 0 0 0 -1.74745 100 27 -0.476176 100 23 0 0 0 0 0 0 0 0
89500 -231.62 -1.62226 100 37 0 0 0 0 0 0 0 0 0 -1.88177 100 30 -0.026326 100 19 0 0 0 0 0 0 0 0
89600 -232.262 -3.02536 100 37 0 0 0 0 0 0 0 0 0 -1.65764 100 30 -0.904037 100 23 0 0 0 0 0 0 0 0
89700 -230.826 -2.69455 100 40 0 0 0 0 0 0 0 0 0 -1.71497 100 32 -0.417803 100 23 0 0 0 0 0 0 0 0
89800 -230.734 -2.35637 100 41 0 0 0 0 0 0 0 0 0 -1.72374 100 22 -0.322135 100 26 0 0 0 0 0 0 0 0
89900 -231.715 -2.54494 100 43 0 0 0 0 0 0 0 0 0 -1.88818 100 31 -0.55512 100 19 0 0 0 0 0 0 0 0
90000 -232.073 -1.49883 100 49 0 0 0 0 0 0 0 0 0 -1.45725 100 24 -0.618186 100 17 0 0 0 0 0 0 0 0
90100 -232.452 -2.24934 100 36 0 0 0 0 0 0 0 0 0 -2.06395 100 25 0.0582524 100 24 0 0 0 0 0 0 0 0
90200 -231.29 -1.46076 100 44 0 0 0 0 0 0 0 0 0 -1.97995 100 23 -0.162058 100 21 0 0 0 0 0 0 0 0
90300 -230.537 -1.89921 100 40 0 0 0 0 0 0 0 0 0 -1.81071 100 31 -0.314977 100 17 0 0 0 0 0 0 0 0
90400 -230.488 -2.30436 100 45 0 0 0 0 0 0 0 0 0 -1.64373 100 22 -0.556102 100 18 0 0 0 0 0 0 0 0
90500 -231.205 -2.83043 100 42 0 0 0 0 0 0 0 0 0 -1.7715 100 19 -0.298852 100 29 0 0 0 0 0 0 0 0
90600 -230.916 -2.30841 100 51 0 0 0 0 0 0 0 0 0 -1.56517 100 28 -0.793742 100 20 0 0 0 0 0 0 0 0
90700 -232.147 -1.75589 100 42 0 0 0 0 0 0 0 0 0 -2.10963 100 26 -0.0955676 100 19 0 0 0 0 0 0 0 0
90800 -233.44 -1.6067 100 39 0 0 0 0 0 0 0 0 0 -2.10797 100 21 -0.488886 100 15 0 0 0 0 0 0 0 0
90900 -230.826 -2.70764 100 46 0 0 0 0 0 0 0 0 0 -1.66033 100 17 -0.464851 100 26 0 0 0 0 0 0 0 0
91000 -232.223 -2.10016 100 46 0 0 0 0 0 0 0 0 0 -1.45035 100 31 -0.451748 100 20 0 0 0 0 0 0 0 0
91100 -231.998 -3.39603 100 46 0 0 0 0 0 0 0 0 0 -1.77038 100 32 -0.29597 100 24 0 0 0 0 0 0 0 0
91200 -233.731 -3.78058 100 53 0 0 0 0 0 0 0 0 0 -1.67908 100 27 -0.149393 100 26 0 0 0 0 0 0 0 0
91300 -232.456 -2.88995 100 40 0 0 0 0 0 0 0 0 0 -1.56267 100 25 -1.03402 100 20 0 0 0 0 0 0 0 0
91400 -234.158 -0.765727 100 56 0 0 0 0 0 0 0 0 0 -1.9899 100 27 -0.6615 100 22 0 0 0 0 0 0 0 0
91500 -232.124 -2.37522 100 46 0 0 0 0 0 0 0 0 0 -1.65634 100 27 -0.154879 100 10 0 0 0 0 0 0 0 0
91600 -230.902 -2.74826 100 43 0 0 0 0 0 0 0 0 0 -1.74871 100 25 -0.426493 100 15 0 0 0 0 0 0 0 0
91700 -230.558 -1.9792 100 46 0 0 0 0 0 0 0 0 0 -1.62647 100 24 -0.472672 100 36 0 0 0 0 0 0 0 0
91800 -231.687 -1.59853 100 46 0 0 0 0 0 0 0 0 0 -2.01541 100 25 -0.35275 100 30 0 0 0 0 0 0 0 0
91900 -230.378 -1.93318 100 51 0 0 0 0 0 0 0 0 0 -1.72753 100 34 -0.442555 100 22 0 0 0 0 0 0 0 0
92000 -230.736 -1.98965 100 46 0 0 0 0 0 0 0 0 0 -1.67924 100 31 -0.717634 100 22 0 0 0 0 0 0 0 0
92100 -231.928 -1.80829 100 48 0 0 0 0 0 0 0 0 0 -1.84528 100 24 0.00253826 100 23 0 0 0 0 0 0 0 0
92200 -234.163 -2.75145 100 44 0 0 0 0 0 0 0 0 0 -1.22459 100 26 -0.82333 100 28 0 0 0 0 0 0 0 0
92300 -230.493 -2.07166 100 44 0 0 0 0 0 0 0 0 0 -1.77862 100 22 -0.350566 100 26 0 0 0 0 0 0 0 0
92400 -231.109 -2.78826 100 30 0 0 0 0 0 0 0 0 0 -1.53543 100 23 -0.656711 100 26 0 0 0 0 0 0 0 0
92500 -233.12 -3.67606 100 43 0 0 0 0 0 0 0 0 0 -1.88481 100 20 -0.129648 100 19 0 0 0 0 0 0 0 0
92600 -230.518 -2.02208 100 44 0 0 0 0 0 0 0 0 0 -1.81123 100 17 -0.414138 100 26 0 0 0 0 0 0 0 0
92700 -233.271 -2.65178 100 46 0 0 0 0 0 0 0 0 0 -2.04234 100 26 0.141743 100 27 0 0 0 0 0 0 0 0
92800 -230.684 -2.17693 100 47 0 0 0 0 0 0 0 0 0 -1.57117 100 24 -0.548339 100 18 0 0 0 0 0 0 0 0
92900 -231.363 -2.55126 100 48 0 0 0 0 0 0 0 0 0 -1.78543 100 33 -0.173538 100 21 0 0 0 0 0 0 0 0
93000 -230.512 -1.96599 100 38 0 0 0 0 0 0 0 0 0 -1.65577 100 33 -0.646962 100 17 0 0 0 0 0 0 0 0
93100 -231.101 -2.73215 100 37 0 0 0 0 0 0 0 0 0 -1.80646 100 23 -0.309565 100 28 0 0 0 0 0 0 0 0
93200 -231.889 -2.27615 100 47 0 0 0 0 0 0 0 0 0 -1.42688 100 27 -0.568556 100 24 0 0 0 0 0 0 0 0
93300 -231.802 -2.04968 100 45 0 0 0 0 0 0 0 0 0 -1.48224 100 28 -0.999997 100 20 0 0 0 0 0 0 0 0
93400 -234.846 -5.07327 100 41 0 0 0 0 0 0 0 0 0 -1.58467 100 21 -0.462833 100 18 0 0 0 0 0 0 0 0
93500 -233.436 -0.936081 100 49 0 0 0 0 0 0 0 0 0 -1.97838 100 26 -0.639301 100 19 0 0 0 0 0 0 0 0
93600 -232.081 -1.72106 100 47 0 0 0 0 0 0 0 0 0 -1.61124 100 24 -0.218925 100 21 0 0 0 0 0 0 0 0
93700 -230.626 -1.80081 100 49 0 0 0 0 0 0 0 0 0 -1.60986 100 25 -0.656658 100 26 0 0 0 0 0 0 0 0
93800 -232.596 -1.5201 100 35 0 0 0 0 0 0 0 0 0 -1.62015 100 28 -1.04103 100 22 0 0 0 0 0 0 0 0
93900 -231.972 -1.02112 100 43 0 0 0 0 0 0 0 0 0 -1.6569 100 26 -0.433642 100 23 0 0 0 0 0 0 0 0
94000 -231.741 -1.07212 100 38 0 0 0 0 0 0 0 0 0 -1.64747 100 16 -0.574593 100 22 0 0 0 0 0 0 0 0
94100 -230.488 -2.0559 100 42 0 0 0 0 0 0 0 0 0 -1.62819 100 23 -0.628768 100 25 0 0 0 0 0 0 0 0
94200 -231.19 -1.41211 100 45 0 0 0 0 0 0 0 0 0 -1.93548 100 33 -0.370401 100 18 0 0 0 0 0 0 0 0
94300 -230.467 -1.68059 100 45 0 0 0 0 0 0 0 0 0 -1.70565 100 30 -0.477632 100 25 0 0 0 0 0 0 0 0
94400 -230.785 -1.73741 100 39 0 0 0 0 0 0 0 0 0 -1.81669 100 16 -0.551689 100 18 0 0 0 0 0 0 0 0
94500 -231.099 -1.33285 100 32 0 0 0 0 0 0 0 0 0 -1.83835 100 30 -0.515323 100 18 0 0 0 0 0 0 0 0
94600 -230.917 -2.61707 100 50 0 0 0 0 0 0 0 0 0 -1.65125 100 33 -0.702064 100 16 0 0 0 0 0 0 0 0
94700 -231.988 -2.5521 100 59 0 0 0 0 0 0 0 0 0 -1.73048 100 22 -0.11514 100 21 0 0 0 0 0 0 0 0
94800 -231.231 -3.06338 100 39 0 0 0 0 0 0 0 0 0 -1.60799 100 33 -0.618151 100 24 0 0 0 0 0 0 0 0
94900 -232.209 -2.27244 100 53 0 0 0 0 0 0 0 0 0 -2.07503 100 31 -0.0873106 100 18 0 0 0 0 0 0 0 0
95000 -233.308 -0.941838 100 45 0 0 0 0 0 0 0 0 0 -2.14878 100 28 0.156358 100 21 0 0 0 0 0 0 0 0
95100 -232.725 -3.66618 100 43 0 0 0 0 0 0 0 0 0 -1.87624 100 23 -0.343996 100 20 0 0 0 0 0 0 0 0
95200 -232.475 -0.990031 100 51 0 0 0 0 0 0 0 0 0 -2.0214 100 25 0.0334832 100 19 0 0 0 0 0 0 0 0
95300 -231.27 -1.42964 100 44 0 0 0 0 0 0 0 0 0 -1.69847 100 31 -0.743079 100 26 0 0 0 0 0 0 0 0
95400 -231.241 -2.6282 100 43 0 0 0 0 0 0 0 0 0 -1.73812 100 24 -0.239865 100 23 0 0 0 0 0 0 0 0
95500 -230.664 -1.64234 100 42 0 0 0 0 0 0 0 0 0 -1.62633 100 28 -0.543934 100 16 0 0 0 0 0 0 0 0
95600 -230.942 -2.11482 100 44 0 0 0 0 0 0 0 0 0 -1.55841 100 30 -0.811662 100 18 0 0 0 0 0 0 0 0
95700 -231.14 -2.43711 100 42 0 0 0 0 0 0 0 0 0 -1.88605 100 34 -0.222279 100 24 0 0 0 0 0 0 0 0
95800 -232.62 -3.64321 100 39 0 0 0 0 0 0 0 0 0 -1.71956 100 21 -0.251489 100 20 0 0 0 0 0 0 0 0
95900 -231.956 -3.16952 100 38 0 0 0 0 0 0 0 0 0 -1.87475 100 30 -0.259766 100 17 0 0 0 0 0 0 0 0
96000 -232.999 -1.53459 100 49 0 0 0 0 0 0 0 0 0 -1.37732 100 21 -0.999385 100 24 0 0 0 0 0 0 0 0
96100 -230.469 -2.29187 100 51 0 0 0 0 0 0 0 0 0 -1.65582 100 22 -0.546463 100 26 0 0 0 0 0 0 0 0
96200 -233.602 -0.562086 100 49 0 0 0 0 0 0 0 0 0 -2.03178 100 23 0.00920152 100 16 0 0 0 0 0 0 0 0
96300 -230.471 -1.9411 100 50 0 0 0 0 0 0 0 0 0 -1.67092 100 28 -0.435877 100 17 0 0 0 0 0 0 0 0
96400 -231.202 -1.90863 100 43 0 0 0 0 0 0 0 0 0 -1.95503 100 32 -0.133281 100 25 0 0 0 0 0 0 0 0
96500 -232.105 -2.80163 100 51 0 0 0 0 0 0 0 0 0 -1.82513 100 20 -0.0762485 100 26 0 0 0 0 0 0 0 0
96600 -230.905 -2.71444 100 42 0 0 0 0 0 0 0 0 0 -1.63674 100 32 -0.455607 100 18 0 0 0 0 0 0 0 0
96700 -230.848 -1.32618 100 42 0 0 0 0 0 0 0 0 0 -1.75942 100 23 -0.40353 100 18 0 0 0 0 0 0 0 0
96800 -231.68 -2.5952 100 41 0 0 0 0 0 0 0 0 0 -1.95989 100 29 -0.192355 100 28 0 0 0 0 0 0 0 0
96900 -233.505 -3.23277 100 45 0 0 0 0 0 0 0 0 0 -2.04916 100 25 -0.316 100 28 0 0 0 0 0 0 0 0
97000 -231.927 -1.48157 100 50 0 0 0 0 0 0 0 0 0 -1.58705 100 22 -0.93237 100 22 0 0 0 0 0 0 0 0
97100 -235.673 -1.13792 100 44 0 0 0 0 0 0 0 0 0 -2.41271 100 29 0.401756 100 14 0 0 0 0 0 0 0 0
97200 -231.743 -3.22442 100 40 0 0 0 0 0 0 0 0 0 -1.58907 100 27 -0.441164 100 30 0 0 0 0 0 0 0 0
97300 -230.669 -2.01768 100 43 0 0 0 0 0 0 0 0 0 -1.8597 100 22 -0.319534 100 19 0 0 0 0 0 0 0 0
97400 -231.179 -1.61642 100 39 0 0 0 0 0 0 0 0 0 -1.95334 100 23 -0.357491 100 18 0 0 0 0 0 0 0 0
97500 -232.528 -1.55947 100 41 0 0 0 0 0 0 0 0 0 -2.12705 100 28 -0.241899 100 19 0 0 0 0 0 0 0 0
97600 -231.573 -2.31545 100 49 0 0 0 0 0 0 0 0 0 -1.82672 100 19 -0.0828992 100 23 0 0 0 0 0 0 0 0
97700 -230.643 -1.94391 100 46 0 0 0 0 0 0 0 0 0 -1.57407 100 24 -0.607038 100 26 0 0 0 0 0 0 0 0
97800 -230.998 -2.84957 100 42 0 0 0 0 0 0 0 0 0 -1.60376 100 30 -0.550167 100 25 0 0 0 0 0 0 0 0
97900 -232.61 -1.6485 100 50 0 0 0 0 0 0 0 0 0 -2.0172 100 29 -0.553852 100 26 0 0 0 0 0 0 0 0
98000 -231.577 -2.96142 100 37 0 0 0 0 0 0 0 0 0 -1.48238 100 24 -0.788469 100 15 0 0 0 0 0 0 0 0
98100 -231.558 -2.69935 100 43 0 0 0 0 0 0 0 0 0 -1.64439 100 17 -0.853395 100 21 0 0 0 0 0 0 0 0
98200 -234.137 -2.65323 100 40 0 0 0 0 0 0 0 0 0 -2.21584 100 27 -0.0712766 100 30 0 0 0 0 0 0 0 0
98300 -232.173 -2.69861 100 34 0 0 0 0 0 0 0 0 0 -1.62611 100 23 -0.212288 100 21 0 0 0 0 0 0 0 0
98400 -232.301 -1.25791 100 41 0 0 0 0 0 0 0 0 0 -2.11413 100 25 -0.147868 100 27 0 0 0 0 0 0 0 0
98500 -232.158 -0.963627 100 44 0 0 0 0 0 0 0 0 0 -1.66832 100 21 -0.406855 100 14 0 0 0 0 0 0 0 0
98600 -233.537 -0.812749 100 41 0 0 0 0 0 0 0 0 0 -2.15422 100 22 0.150222 100 19 0 0 0 0 0 0 0 0
98700 -232.439 -2.0941 100 45 0 0 0 0 0 0 0 0 0 -2.10787 100 20 0.0173605 100 23 0 0 0 0 0 0 0 0
98800 -230.447 -2.04449 100 50 0 0 0 0 0 0 0 0 0 -1.73237 100 26 -0.549101 100 27 0 0 0 0 0 0 0 0
98900 -232.615 -3.86665 100 29 0 0 0 0 0 0 0 0 0 -1.60564 100 23 -0.737272 100 18 0 0 0 0 0 0 0 0
99000 -231.14 -2.63187 100 47 0 0 0 0 0 0 0 0 0 -1.51353 100 22 -0.598702 100 23 0 0 0 0 0 0 0 0
99100 -232.367 -1.12869 100 38 0 0 0 0 0 0 0 0 0 -2.07453 100 31 -0.291252 100 21 0 0 0 0 0 0 0 0
99200 -232.785 -3.76879 100 49 0 0 0 0 0 0 0 0 0 -1.84591 100 27 -0.4226 100 23 0 0 0 0 0 0 0 0
99300 -233.089 -2.93749 100 46 0 0 0 0 0 0 0 0 0 -1.39909 100 20 -0.486144 100 22 0 0 0 0 0 0 0 0
99400 -233.797 -0.436859 100 41 0 0 0 0 0 0 0 0 0 -1.98852 100 20 -0.156284 100 22 0 0 0 0 0 0 0 0
99500 -236.376 -1.23068 100 38 0 0 0 0 0 0 0 0 0 -1.45297 100 33 -1.43627 100 24 0 0 0 0 0 0 0 0
99600 -233.009 -1.76259 100 48 0 0 0 0 0 0 0 0 0 -1.54803 100 25 -0.209307 100 23 0 0 0 0 0 0 0 0
99700 -230.878 -1.52949 100 47 0 0 0 0 0 0 0 0 0 -1.78159 100 31 -0.244698 100 20 0 0 0 0 0 0 0 0
99800 -231.628 -1.29788 100 40 0 0 0 0 0 0 0 0 0 -1.7697 100 25 -0.721186 100 16 0 0 0 0 0 0 0 0
99900 -230.621 -1.52872 100 39 0 0 0 0 0 0 0 0 0 -1.73757 100 18 -0.527604 100 27 0 0 0 0 0 0 0 0
100000 -233.839 -1.73206 100 33 0 0 0 0 0 0 0 0 0 -2.09622 100 25 -0.571509 100 16 0 0 0 0 0 0 0 0
