iteration logLik intercept1 intercept1_p intercept1_a pcov2 pcov2_p pcov2_a pcov3 pcov3_p pcov3_a pcov4 pcov4_p pcov4_a intercept2 intercept2_p intercept2_a intercept3 intercept3_p intercept3_a intercept4 intercept4_p intercept4_a pcov pcov_p pcov_a data_p data_a
0 -1.09819e+06 -9.33151 0 0 0 0 0 0 0 0 0 0 0 8.33799 0 0 -1.17586 0 0 0 0 0 0 0 0 0 0
100 -271.154 -1.59309 100 39 0 0 0 0 0 0 0 0 0 -1.8589 100 32 -0.380051 100 27 0 0 0 0 0 0 0 0
200 -271.132 -1.35533 100 36 0 0 0 0 0 0 0 0 0 -1.64658 100 23 -0.60252 100 21 0 0 0 0 0 0 0 0
300 -272.781 -0.926621 100 36 0 0 0 0 0 0 0 0 0 -1.53419 100 24 -0.635484 100 29 0 0 0 0 0 0 0 0
400 -272.344 -1.17227 100 39 0 0 0 0 0 0 0 0 0 -1.52916 100 24 -0.769823 100 24 0 0 0 0 0 0 0 0
500 -271.805 -2.1355 100 40 0 0 0 0 0 0 0 0 0 -1.72913 100 25 -0.765451 100 21 0 0 0 0 0 0 0 0
600 -271.583 -1.75299 100 47 0 0 0 0 0 0 0 0 0 -1.66133 100 24 -0.808554 100 26 0 0 0 0 0 0 0 0
700 -271.132 -2.24581 100 45 0 0 0 0 0 0 0 0 0 -1.66686 100 18 -0.401103 100 20 0 0 0 0 0 0 0 0
800 -270.819 -1.81866 100 50 0 0 0 0 0 0 0 0 0 -1.7389 100 19 -0.371415 100 21 0 0 0 0 0 0 0 0
900 -271.799 -1.06242 100 42 0 0 0 0 0 0 0 0 0 -1.88961 100 20 -0.108534 100 16 0 0 0 0 0 0 0 0
1000 -271.616 -1.05222 100 42 0 0 0 0 0 0 0 0 0 -1.69968 100 26 -0.65355 100 26 0 0 0 0 0 0 0 0
1100 -273.474 -2.19201 100 44 0 0 0 0 0 0 0 0 0 -1.94878 100 21 0.146551 100 27 0 0 0 0 0 0 0 0
1200 -272.021 -1.38262 100 40 0 0 0 0 0 0 0 0 0 -1.58739 100 21 -0.322581 100 23 0 0 0 0 0 0 0 0
1300 -273.634 -1.29315 100 44 0 0 0 0 0 0 0 0 0 -1.74029 100 20 0.074408 100 18 0 0 0 0 0 0 0 0
1400 -271.576 -1.62269 100 52 0 0 0 0 0 0 0 0 0 -1.57661 100 23 -0.407305 100 16 0 0 0 0 0 0 0 0
1500 -272.483 -3.26711 100 51 0 0 0 0 0 0 0 0 0 -1.74829 100 22 -0.525854 100 18 0 0 0 0 0 0 0 0
1600 -271.401 -2.2339 100 33 0 0 0 0 0 0 0 0 0 -1.83854 100 21 -0.269432 100 18 0 0 0 0 0 0 0 0
1700 -272.313 -2.84781 100 45 0 0 0 0 0 0 0 0 0 -1.52179 100 22 -0.69645 100 20 0 0 0 0 0 0 0 0
1800 -271.661 -1.05152 100 39 0 0 0 0 0 0 0 0 0 -1.89896 100 20 -0.177869 100 31 0 0 0 0 0 0 0 0
1900 -271.672 -1.34875 100 34 0 0 0 0 0 0 0 0 0 -1.93739 100 32 -0.310718 100 21 0 0 0 0 0 0 0 0
2000 -271.324 -1.90296 100 41 0 0 0 0 0 0 0 0 0 -1.56688 100 26 -0.681299 100 18 0 0 0 0 0 0 0 0
2100 -271.394 -1.98555 100 48 0 0 0 0 0 0 0 0 0 -1.55612 100 16 -0.546174 100 23 0 0 0 0 0 0 0 0
2200 -272.447 -1.49155 100 42 0 0 0 0 0 0 0 0 0 -1.99795 100 26 -0.367748 100 25 0 0 0 0 0 0 0 0
2300 -270.911 -1.68685 100 38 0 0 0 0 0 0 0 0 0 -1.78902 100 22 -0.298138 100 15 0 0 0 0 0 0 0 0
2400 -271.99 -2.79921 100 37 0 0 0 0 0 0 0 0 0 -1.80797 100 21 -0.259494 100 31 0 0 0 0 0 0 0 0
2500 -273.314 -3.63835 100 41 0 0 0 0 0 0 0 0 0 -1.58522 100 27 -0.432402 100 17 0 0 0 0 0 0 0 0
2600 -271.447 -1.05768 100 47 0 0 0 0 0 0 0 0 0 -1.77024 100 27 -0.244669 100 18 0 0 0 0 0 0 0 0
2700 -273.601 -1.9952 100 31 0 0 0 0 0 0 0 0 0 -1.45052 100 15 -0.36673 100 24 0 0 0 0 0 0 0 0
2800 -272.413 -1.47337 100 41 0 0 0 0 0 0 0 0 0 -1.55852 100 27 -0.304715 100 28 0 0 0 0 0 0 0 0
2900 -271.109 -2.08275 100 45 0 0 0 0 0 0 0 0 0 -1.78543 100 31 -0.485315 100 31 0 0 0 0 0 0 0 0
3000 -272.765 -2.89537 100 44 0 0 0 0 0 0 0 0 0 -1.59056 100 29 -0.893803 100 24 0 0 0 0 0 0 0 0
3100 -274.526 -0.592425 100 42 0 0 0 0 0 0 0 0 0 -1.67597 100 13 -0.96464 100 30 0 0 0 0 0 0 0 0
3200 -271.295 -1.4617 100 43 0 0 0 0 0 0 0 0 0 -1.87445 100 18 -0.189942 100 23 0 0 0 0 0 0 0 0
3300 -271.074 -1.4873 100 52 0 0 0 0 0 0 0 0 0 -1.71689 100 23 -0.284768 100 21 0 0 0 0 0 0 0 0
3400 -273.568 -1.05117 100 47 0 0 0 0 0 0 0 0 0 -1.57758 100 17 -0.201045 100 18 0 0 0 0 0 0 0 0
3500 -271.229 -2.28791 100 42 0 0 0 0 0 0 0 0 0 -1.73622 100 23 -0.303805 100 22 0 0 0 0 0 0 0 0
3600 -271.261 -1.4314 100 49 0 0 0 0 0 0 0 0 0 -1.78996 100 31 -0.180972 100 24 0 0 0 0 0 0 0 0
3700 -273.233 -0.916899 100 44 0 0 0 0 0 0 0 0 0 -2.08523 100 24 -0.0869113 100 23 0 0 0 0 0 0 0 0
3800 -273.57 -3.13755 100 50 0 0 0 0 0 0 0 0 0 -1.88179 100 17 -0.584137 100 13 0 0 0 0 0 0 0 0
3900 -271.624 -1.87387 100 41 0 0 0 0 0 0 0 0 0 -1.55031 100 28 -0.457305 100 27 0 0 0 0 0 0 0 0
4000 -271.13 -1.755 100 45 0 0 0 0 0 0 0 0 0 -1.59008 100 22 -0.591211 100 21 0 0 0 0 0 0 0 0
4100 -271.951 -1.7865 100 45 0 0 0 0 0 0 0 0 0 -1.70753 100 19 -0.119334 100 21 0 0 0 0 0 0 0 0
4200 -271.525 -2.48785 100 54 0 0 0 0 0 0 0 0 0 -1.80782 100 22 -0.420184 100 31 0 0 0 0 0 0 0 0
4300 -272.436 -3.20512 100 44 0 0 0 0 0 0 0 0 0 -1.66605 100 24 -0.347572 100 19 0 0 0 0 0 0 0 0
4400 -274.716 -0.8967 100 45 0 0 0 0 0 0 0 0 0 -2.20098 100 27 0.079499 100 20 0 0 0 0 0 0 0 0
4500 -276.72 -3.499 100 47 0 0 0 0 0 0 0 0 0 -1.7355 100 21 -1.18069 100 23 0 0 0 0 0 0 0 0
4600 -272.489 -2.68056 100 49 0 0 0 0 0 0 0 0 0 -1.86438 100 22 -0.0893833 100 22 0 0 0 0 0 0 0 0
4700 -271.79 -2.18163 100 38 0 0 0 0 0 0 0 0 0 -1.57942 100 23 -0.36265 100 19 0 0 0 0 0 0 0 0
4800 -271.27 -2.11896 100 43 0 0 0 0 0 0 0 0 0 -1.83088 100 30 -0.407797 100 25 0 0 0 0 0 0 0 0
4900 -272.464 -1.5097 100 44 0 0 0 0 0 0 0 0 0 -1.6051 100 23 -0.20278 100 20 0 0 0 0 0 0 0 0
5000 -278.255 -2.74755 100 39 0 0 0 0 0 0 0 0 0 -1.70695 100 30 -1.46753 100 24 0 0 0 0 0 0 0 0
5100 -271.675 -1.62864 100 40 0 0 0 0 0 0 0 0 0 -1.5387 100 12 -0.757399 100 20 0 0 0 0 0 0 0 0
5200 -272.166 -2.3694 100 42 0 0 0 0 0 0 0 0 0 -1.76952 100 22 -0.740188 100 23 0 0 0 0 0 0 0 0
5300 -272.125 -1.72229 100 39 0 0 0 0 0 0 0 0 0 -1.74909 100 25 -0.831973 100 18 0 0 0 0 0 0 0 0
5400 -274.212 -0.618374 100 46 0 0 0 0 0 0 0 0 0 -2.04519 100 25 -0.455245 100 15 0 0 0 0 0 0 0 0
5500 -272.039 -0.952739 100 47 0 0 0 0 0 0 0 0 0 -1.61185 100 23 -0.481251 100 26 0 0 0 0 0 0 0 0
5600 -271.101 -1.8271 100 46 0 0 0 0 0 0 0 0 0 -1.84177 100 18 -0.363994 100 24 0 0 0 0 0 0 0 0
5700 -271.882 -2.12578 100 40 0 0 0 0 0 0 0 0 0 -1.58166 100 19 -0.332598 100 14 0 0 0 0 0 0 0 0
5800 -272.331 -2.88689 100 48 0 0 0 0 0 0 0 0 0 -1.58851 100 22 -0.792674 100 26 0 0 0 0 0 0 0 0
5900 -277.027 -1.18898 100 46 0 0 0 0 0 0 0 0 0 -1.79337 100 20 -1.31487 100 29 0 0 0 0 0 0 0 0
6000 -271.997 -1.59401 100 45 0 0 0 0 0 0 0 0 0 -1.97646 100 24 -0.11329 100 20 0 0 0 0 0 0 0 0
6100 -270.861 -1.65307 100 50 0 0 0 0 0 0 0 0 0 -1.71354 100 31 -0.558081 100 23 0 0 0 0 0 0 0 0
6200 -271.643 -1.21513 100 41 0 0 0 0 0 0 0 0 0 -1.58461 100 19 -0.53301 100 23 0 0 0 0 0 0 0 0
6300 -271.418 -2.35741 100 35 0 0 0 0 0 0 0 0 0 -1.68822 100 23 -0.668752 100 29 0 0 0 0 0 0 0 0
6400 -271.103 -1.9978 100 36 0 0 0 0 0 0 0 0 0 -1.63914 100 23 -0.401858 100 23 0 0 0 0 0 0 0 0
6500 -274.691 -0.699953 100 42 0 0 0 0 0 0 0 0 0 -1.95964 100 27 -0.743808 100 20 0 0 0 0 0 0 0 0
6600 -272.069 -2.86475 100 41 0 0 0 0 0 0 0 0 0 -1.70493 100 22 -0.668627 100 21 0 0 0 0 0 0 0 0
6700 -270.915 -2.00956 100 47 0 0 0 0 0 0 0 0 0 -1.76458 100 25 -0.390485 100 21 0 0 0 0 0 0 0 0
6800 -272.136 -1.0917 100 31 0 0 0 0 0 0 0 0 0 -1.72601 100 26 -0.782853 100 21 0 0 0 0 0 0 0 0
6900 -276.557 -3.24835 100 47 0 0 0 0 0 0 0 0 0 -1.32621 100 25 -1.25148 100 22 0 0 0 0 0 0 0 0
7000 -271.831 -1.26914 100 41 0 0 0 0 0 0 0 0 0 -1.60313 100 27 -0.789907 100 18 0 0 0 0 0 0 0 0
7100 -271.743 -2.13572 100 41 0 0 0 0 0 0 0 0 0 -1.54282 100 27 -0.793509 100 24 0 0 0 0 0 0 0 0
7200 -271.481 -1.04559 100 38 0 0 0 0 0 0 0 0 0 -1.86814 100 21 -0.358251 100 26 0 0 0 0 0 0 0 0
7300 -273.902 -0.373763 100 36 0 0 0 0 0 0 0 0 0 -1.78953 100 24 -0.6429 100 22 0 0 0 0 0 0 0 0
7400 -271.38 -1.05258 100 41 0 0 0 0 0 0 0 0 0 -1.75226 100 16 -0.544351 100 23 0 0 0 0 0 0 0 0
7500 -272.211 -1.71371 100 47 0 0 0 0 0 0 0 0 0 -1.75395 100 32 -0.040595 100 23 0 0 0 0 0 0 0 0
7600 -271.157 -1.18475 100 37 0 0 0 0 0 0 0 0 0 -1.68555 100 23 -0.447884 100 15 0 0 0 0 0 0 0 0
7700 -273.541 -2.85155 100 46 0 0 0 0 0 0 0 0 0 -2.00089 100 24 -0.094939 100 20 0 0 0 0 0 0 0 0
7800 -275.264 -1.85934 100 41 0 0 0 0 0 0 0 0 0 -1.62468 100 25 -1.32422 100 31 0 0 0 0 0 0 0 0
7900 -273.338 -0.978968 100 38 0 0 0 0 0 0 0 0 0 -1.56421 100 18 -0.961078 100 18 0 0 0 0 0 0 0 0
8000 -272.149 -2.22522 100 40 0 0 0 0 0 0 0 0 0 -1.71097 100 20 -0.837158 100 27 0 0 0 0 0 0 0 0
8100 -273.334 -3.51069 100 52 0 0 0 0 0 0 0 0 0 -1.85086 100 28 -0.414041 100 26 0 0 0 0 0 0 0 0
8200 -272.287 -1.66629 100 48 0 0 0 0 0 0 0 0 0 -1.60413 100 33 -0.955186 100 20 0 0 0 0 0 0 0 0
8300 -272.144 -2.88409 100 56 0 0 0 0 0 0 0 0 0 -1.61451 100 27 -0.740022 100 33 0 0 0 0 0 0 0 0
8400 -273.514 -1.7473 100 40 0 0 0 0 0 0 0 0 0 -2.10786 100 23 -0.117924 100 25 0 0 0 0 0 0 0 0
8500 -272.458 -1.77394 100 34 0 0 0 0 0 0 0 0 0 -1.46203 100 22 -0.556801 100 31 0 0 0 0 0 0 0 0
8600 -272.37 -0.786476 100 49 0 0 0 0 0 0 0 0 0 -1.7462 100 22 -0.675806 100 21 0 0 0 0 0 0 0 0
8700 -273.33 -1.82918 100 39 0 0 0 0 0 0 0 0 0 -1.57975 100 19 -1.1198 100 19 0 0 0 0 0 0 0 0
8800 -271.667 -2.4187 100 43 0 0 0 0 0 0 0 0 0 -1.8172 100 22 -0.201354 100 21 0 0 0 0 0 0 0 0
8900 -271.593 -1.79266 100 42 0 0 0 0 0 0 0 0 0 -1.5413 100 26 -0.504984 100 28 0 0 0 0 0 0 0 0
9000 -271.837 -2.45106 100 49 0 0 0 0 0 0 0 0 0 -1.68897 100 19 -0.225661 100 26 0 0 0 0 0 0 0 0
9100 -272.274 -2.54391 100 42 0 0 0 0 0 0 0 0 0 -1.64137 100 22 -0.224829 100 22 0 0 0 0 0 0 0 0
9200 -270.812 -1.84447 100 42 0 0 0 0 0 0 0 0 0 -1.68339 100 23 -0.507028 100 26 0 0 0 0 0 0 0 0
9300 -271.255 -1.77949 100 42 0 0 0 0 0 0 0 0 0 -1.57902 100 26 -0.505532 100 25 0 0 0 0 0 0 0 0
9400 -273.155 -3.74989 100 46 0 0 0 0 0 0 0 0 0 -1.71329 100 27 -0.396499 100 15 0 0 0 0 0 0 0 0
9500 -270.994 -2.1898 100 39 0 0 0 0 0 0 0 0 0 -1.70346 100 21 -0.51764 100 19 0 0 0 0 0 0 0 0
9600 -271.772 -2.72461 100 53 0 0 0 0 0 0 0 0 0 -1.78564 100 30 -0.295243 100 17 0 0 0 0 0 0 0 0
9700 -271.113 -1.90138 100 44 0 0 0 0 0 0 0 0 0 -1.62405 100 24 -0.421722 100 28 0 0 0 0 0 0 0 0
9800 -271.681 -2.70008 100 41 0 0 0 0 0 0 0 0 0 -1.73298 100 30 -0.307287 100 23 0 0 0 0 0 0 0 0
9900 -273.49 -0.769412 100 54 0 0 0 0 0 0 0 0 0 -1.95551 100 17 -0.591934 100 22 0 0 0 0 0 0 0 0
10000 -271.047 -1.97196 100 49 0 0 0 0 0 0 0 0 0 -1.75854 100 26 -0.549245 100 24 0 0 0 0 0 0 0 0
10100 -271.919 -2.27021 100 40 0 0 0 0 0 0 0 0 0 -1.52282 100 20 -0.502859 100 17 0 0 0 0 0 0 0 0
10200 -272.235 -2.73505 100 43 0 0 0 0 0 0 0 0 0 -1.51484 100 20 -0.705281 100 19 0 0 0 0 0 0 0 0
10300 -272.427 -2.17824 100 49 0 0 0 0 0 0 0 0 0 -1.98309 100 24 -0.215257 100 28 0 0 0 0 0 0 0 0
10400 -270.916 -1.94287 100 46 0 0 0 0 0 0 0 0 0 -1.68614 100 24 -0.387722 100 26 0 0 0 0 0 0 0 0
10500 -273.739 -0.473111 100 43 0 0 0 0 0 0 0 0 0 -1.99 100 26 -0.405423 100 21 0 0 0 0 0 0 0 0
10600 -274.117 -1.70444 100 49 0 0 0 0 0 0 0 0 0 -1.35221 100 27 -0.95432 100 25 0 0 0 0 0 0 0 0
10700 -271.342 -1.21342 100 40 0 0 0 0 0 0 0 0 0 -1.74679 100 20 -0.618311 100 25 0 0 0 0 0 0 0 0
10800 -275.838 -1.90852 100 49 0 0 0 0 0 0 0 0 0 -2.12855 100 25 -0.5425 100 32 0 0 0 0 0 0 0 0
10900 -271.528 -1.41818 100 41 0 0 0 0 0 0 0 0 0 -1.92685 100 23 -0.254928 100 31 0 0 0 0 0 0 0 0
11000 -273.748 -3.57796 100 47 0 0 0 0 0 0 0 0 0 -1.86373 100 27 -0.128663 100 26 0 0 0 0 0 0 0 0
11100 -271.5 -1.67383 100 43 0 0 0 0 0 0 0 0 0 -1.79545 100 23 -0.118413 100 23 0 0 0 0 0 0 0 0
11200 -274.278 -0.997842 100 42 0 0 0 0 0 0 0 0 0 -2.13141 100 16 -0.300242 100 24 0 0 0 0 0 0 0 0
11300 -271.274 -1.18544 100 36 0 0 0 0 0 0 0 0 0 -1.66716 100 17 -0.588776 100 27 0 0 0 0 0 0 0 0
11400 -273.096 -2.10374 100 50 0 0 0 0 0 0 0 0 0 -1.43277 100 27 -0.981518 100 19 0 0 0 0 0 0 0 0
11500 -271.351 -1.97376 100 39 0 0 0 0 0 0 0 0 0 -1.85183 100 19 -0.43747 100 23 0 0 0 0 0 0 0 0
11600 -272.672 -0.705407 100 37 0 0 0 0 0 0 0 0 0 -1.91526 100 26 -0.0487408 100 29 0 0 0 0 0 0 0 0
11700 -273.9 -3.37643 100 48 0 0 0 0 0 0 0 0 0 -1.81748 100 23 -0.0246856 100 21 0 0 0 0 0 0 0 0
11800 -271.308 -1.85257 100 37 0 0 0 0 0 0 0 0 0 -1.63648 100 27 -0.746679 100 19 0 0 0 0 0 0 0 0
11900 -271.703 -2.67607 100 36 0 0 0 0 0 0 0 0 0 -1.61345 100 21 -0.445511 100 21 0 0 0 0 0 0 0 0
12000 -273.402 -1.3984 100 53 0 0 0 0 0 0 0 0 0 -1.42278 100 25 -0.920525 100 28 0 0 0 0 0 0 0 0
12100 -271.559 -1.86165 100 52 0 0 0 0 0 0 0 0 0 -1.62116 100 17 -0.302944 100 26 0 0 0 0 0 0 0 0
12200 -271.789 -1.56178 100 35 0 0 0 0 0 0 0 0 0 -1.6491 100 22 -0.847284 100 18 0 0 0 0 0 0 0 0
12300 -271.061 -2.22331 100 50 0 0 0 0 0 0 0 0 0 -1.70371 100 20 -0.379866 100 22 0 0 0 0 0 0 0 0
12400 -272.452 -2.33573 100 41 0 0 0 0 0 0 0 0 0 -1.65171 100 17 -0.923943 100 17 0 0 0 0 0 0 0 0
12500 -271.24 -2.21494 100 44 0 0 0 0 0 0 0 0 0 -1.77987 100 20 -0.51191 100 19 0 0 0 0 0 0 0 0
12600 -273.344 -2.47035 100 38 0 0 0 0 0 0 0 0 0 -1.55162 100 26 -1.08002 100 21 0 0 0 0 0 0 0 0
12700 -273.305 -1.63187 100 43 0 0 0 0 0 0 0 0 0 -1.55004 100 27 -0.19462 100 20 0 0 0 0 0 0 0 0
12800 -270.944 -1.28239 100 44 0 0 0 0 0 0 0 0 0 -1.73834 100 23 -0.421683 100 26 0 0 0 0 0 0 0 0
12900 -271.358 -1.93356 100 40 0 0 0 0 0 0 0 0 0 -1.62801 100 19 -0.338406 100 22 0 0 0 0 0 0 0 0
13000 -271.635 -2.38229 100 41 0 0 0 0 0 0 0 0 0 -1.68688 100 23 -0.255238 100 30 0 0 0 0 0 0 0 0
13100 -271.511 -1.28353 100 46 0 0 0 0 0 0 0 0 0 -1.84293 100 21 -0.539968 100 23 0 0 0 0 0 0 0 0
13200 -273.724 -3.48107 100 52 0 0 0 0 0 0 0 0 0 -1.79657 100 21 -0.084399 100 25 0 0 0 0 0 0 0 0
13300 -271.39 -2.15656 100 51 0 0 0 0 0 0 0 0 0 -1.84809 100 21 -0.251809 100 15 0 0 0 0 0 0 0 0
13400 -271.409 -1.28692 100 36 0 0 0 0 0 0 0 0 0 -1.62166 100 23 -0.671524 100 27 0 0 0 0 0 0 0 0
13500 -273.301 -1.04742 100 41 0 0 0 0 0 0 0 0 0 -1.48186 100 30 -0.528364 100 18 0 0 0 0 0 0 0 0
13600 -272.856 -3.59293 100 39 0 0 0 0 0 0 0 0 0 -1.65317 100 18 -0.485082 100 23 0 0 0 0 0 0 0 0
13700 -273.636 -1.32196 100 51 0 0 0 0 0 0 0 0 0 -1.94501 100 32 -0.728417 100 26 0 0 0 0 0 0 0 0
13800 -272.357 -1.16644 100 41 0 0 0 0 0 0 0 0 0 -1.99161 100 30 -0.341902 100 23 0 0 0 0 0 0 0 0
13900 -272.964 -2.59063 100 46 0 0 0 0 0 0 0 0 0 -1.46756 100 19 -0.479597 100 26 0 0 0 0 0 0 0 0
14000 -272.007 -2.94773 100 41 0 0 0 0 0 0 0 0 0 -1.68325 100 17 -0.345208 100 18 0 0 0 0 0 0 0 0
14100 -271.523 -1.68912 100 43 0 0 0 0 0 0 0 0 0 -1.56155 100 26 -0.757152 100 20 0 0 0 0 0 0 0 0
14200 -271.591 -1.41987 100 43 0 0 0 0 0 0 0 0 0 -1.66413 100 24 -0.248917 100 26 0 0 0 0 0 0 0 0
14300 -271.917 -2.7927 100 38 0 0 0 0 0 0 0 0 0 -1.71357 100 19 -0.278966 100 26 0 0 0 0 0 0 0 0
14400 -272.083 -0.936088 100 55 0 0 0 0 0 0 0 0 0 -1.64685 100 18 -0.702027 100 16 0 0 0 0 0 0 0 0
14500 -274.199 -1.56959 100 47 0 0 0 0 0 0 0 0 0 -1.76601 100 27 -1.08583 100 25 0 0 0 0 0 0 0 0
14600 -271.85 -0.894151 100 47 0 0 0 0 0 0 0 0 0 -1.65904 100 28 -0.503829 100 16 0 0 0 0 0 0 0 0
14700 -272.002 -1.61515 100 34 0 0 0 0 0 0 0 0 0 -1.59998 100 26 -0.89971 100 16 0 0 0 0 0 0 0 0
14800 -271.047 -1.60044 100 39 0 0 0 0 0 0 0 0 0 -1.68532 100 32 -0.650156 100 28 0 0 0 0 0 0 0 0
14900 -273.869 -2.76982 100 47 0 0 0 0 0 0 0 0 0 -1.85304 100 22 -0.794124 100 29 0 0 0 0 0 0 0 0
15000 -271.733 -2.34384 100 55 0 0 0 0 0 0 0 0 0 -1.77003 100 34 -0.651401 100 21 0 0 0 0 0 0 0 0
15100 -275.894 -2.21993 100 46 0 0 0 0 0 0 0 0 0 -1.67019 100 19 0.158299 100 23 0 0 0 0 0 0 0 0
15200 -273.187 -1.48321 100 50 0 0 0 0 0 0 0 0 0 -2.03118 100 22 -0.437471 100 23 0 0 0 0 0 0 0 0
15300 -271.73 -2.06774 100 38 0 0 0 0 0 0 0 0 0 -1.51159 100 19 -0.636063 100 26 0 0 0 0 0 0 0 0
15400 -271.661 -1.29212 100 46 0 0 0 0 0 0 0 0 0 -1.86735 100 20 -0.0871598 100 21 0 0 0 0 0 0 0 0
15500 -273.86 -2.2991 100 40 0 0 0 0 0 0 0 0 0 -1.60391 100 23 -0.0703479 100 22 0 0 0 0 0 0 0 0
15600 -275.648 -0.930885 100 49 0 0 0 0 0 0 0 0 0 -2.25809 100 22 -0.0289235 100 22 0 0 0 0 0 0 0 0
15700 -274.101 -2.72764 100 40 0 0 0 0 0 0 0 0 0 -1.69507 100 25 0.0181587 100 23 0 0 0 0 0 0 0 0
15800 -274.148 -1.75958 100 36 0 0 0 0 0 0 0 0 0 -2.05206 100 30 0.247589 100 29 0 0 0 0 0 0 0 0
15900 -272.502 -2.07339 100 53 0 0 0 0 0 0 0 0 0 -1.84816 100 24 -0.712786 100 17 0 0 0 0 0 0 0 0
16000 -271.903 -2.04062 100 42 0 0 0 0 0 0 0 0 0 -1.61379 100 20 -0.876818 100 23 0 0 0 0 0 0 0 0
16100 -274.839 -3.53722 100 53 0 0 0 0 0 0 0 0 0 -1.58978 100 25 -1.07915 100 23 0 0 0 0 0 0 0 0
16200 -272.256 -2.39597 100 48 0 0 0 0 0 0 0 0 0 -1.56643 100 19 -0.328726 100 23 0 0 0 0 0 0 0 0
16300 -270.813 -1.84982 100 43 0 0 0 0 0 0 0 0 0 -1.68796 100 24 -0.513248 100 23 0 0 0 0 0 0 0 0
16400 -271.228 -2.44942 100 46 0 0 0 0 0 0 0 0 0 -1.67277 100 23 -0.530924 100 22 0 0 0 0 0 0 0 0
16500 -271.416 -2.4892 100 54 0 0 0 0 0 0 0 0 0 -1.7149 100 27 -0.322084 100 14 0 0 0 0 0 0 0 0
16600 -271.984 -2.55848 100 49 0 0 0 0 0 0 0 0 0 -1.79153 100 22 -0.155562 100 18 0 0 0 0 0 0 0 0
16700 -272.939 -0.730681 100 49 0 0 0 0 0 0 0 0 0 -1.60725 100 23 -0.416645 100 13 0 0 0 0 0 0 0 0
16800 -271.016 -1.23371 100 46 0 0 0 0 0 0 0 0 0 -1.78398 100 19 -0.400646 100 22 0 0 0 0 0 0 0 0
16900 -271.112 -1.7372 100 46 0 0 0 0 0 0 0 0 0 -1.74043 100 23 -0.627973 100 25 0 0 0 0 0 0 0 0
17000 -273.577 -3.78176 100 46 0 0 0 0 0 0 0 0 0 -1.80908 100 17 -0.460344 100 20 0 0 0 0 0 0 0 0
17100 -272.512 -1.51061 100 44 0 0 0 0 0 0 0 0 0 -1.48746 100 21 -0.482071 100 15 0 0 0 0 0 0 0 0
17200 -273.158 -2.58003 100 39 0 0 0 0 0 0 0 0 0 -1.61428 100 20 -0.150904 100 28 0 0 0 0 0 0 0 0
17300 -273.779 -2.88293 100 34 0 0 0 0 0 0 0 0 0 -1.88616 100 27 -0.686605 100 21 0 0 0 0 0 0 0 0
17400 -274.353 -3.68573 100 45 0 0 0 0 0 0 0 0 0 -1.91551 100 25 -0.0727186 100 23 0 0 0 0 0 0 0 0
17500 -272.266 -1.58575 100 47 0 0 0 0 0 0 0 0 0 -1.87867 100 21 -0.651543 100 17 0 0 0 0 0 0 0 0
17600 -273.01 -0.567884 100 42 0 0 0 0 0 0 0 0 0 -1.79595 100 29 -0.626014 100 27 0 0 0 0 0 0 0 0
17700 -271.028 -2.13868 100 41 0 0 0 0 0 0 0 0 0 -1.63748 100 17 -0.526446 100 24 0 0 0 0 0 0 0 0
17800 -271.937 -2.60171 100 39 0 0 0 0 0 0 0 0 0 -1.86374 100 22 -0.298035 100 19 0 0 0 0 0 0 0 0
17900 -271.507 -2.30918 100 43 0 0 0 0 0 0 0 0 0 -1.60273 100 25 -0.731954 100 20 0 0 0 0 0 0 0 0
18000 -274.851 -0.46298 100 33 0 0 0 0 0 0 0 0 0 -1.8224 100 26 0.0897968 100 24 0 0 0 0 0 0 0 0
18100 -273.927 -4.04909 100 44 0 0 0 0 0 0 0 0 0 -1.7998 100 21 -0.347476 100 20 0 0 0 0 0 0 0 0
18200 -273.536 -1.49304 100 55 0 0 0 0 0 0 0 0 0 -1.5541 100 25 -1.12986 100 18 0 0 0 0 0 0 0 0
18300 -271.889 -2.88255 100 47 0 0 0 0 0 0 0 0 0 -1.75877 100 18 -0.490635 100 17 0 0 0 0 0 0 0 0
18400 -271.534 -1.54671 100 38 0 0 0 0 0 0 0 0 0 -1.85008 100 22 -0.0980184 100 11 0 0 0 0 0 0 0 0
18500 -273.74 -1.53689 100 51 0 0 0 0 0 0 0 0 0 -1.48764 100 26 -1.13892 100 25 0 0 0 0 0 0 0 0
18600 -271.718 -1.84796 100 39 0 0 0 0 0 0 0 0 0 -1.63129 100 19 -0.255807 100 20 0 0 0 0 0 0 0 0
18700 -274.903 -4.00554 100 42 0 0 0 0 0 0 0 0 0 -1.43543 100 31 -0.665728 100 25 0 0 0 0 0 0 0 0
18800 -270.913 -2.06813 100 51 0 0 0 0 0 0 0 0 0 -1.67379 100 24 -0.47422 100 24 0 0 0 0 0 0 0 0
18900 -270.965 -1.44952 100 47 0 0 0 0 0 0 0 0 0 -1.65586 100 19 -0.483744 100 24 0 0 0 0 0 0 0 0
19000 -271.456 -0.997135 100 48 0 0 0 0 0 0 0 0 0 -1.83097 100 24 -0.415499 100 20 0 0 0 0 0 0 0 0
19100 -274.51 -1.60029 100 41 0 0 0 0 0 0 0 0 0 -1.95341 100 19 0.293189 100 22 0 0 0 0 0 0 0 0
19200 -270.771 -1.77181 100 51 0 0 0 0 0 0 0 0 0 -1.71828 100 25 -0.439313 100 20 0 0 0 0 0 0 0 0
19300 -270.884 -1.58453 100 38 0 0 0 0 0 0 0 0 0 -1.75111 100 19 -0.313604 100 25 0 0 0 0 0 0 0 0
19400 -272.001 -1.32981 100 51 0 0 0 0 0 0 0 0 0 -1.69691 100 26 -0.833956 100 17 0 0 0 0 0 0 0 0
19500 -272.456 -3.31602 100 45 0 0 0 0 0 0 0 0 0 -1.73026 100 28 -0.499019 100 27 0 0 0 0 0 0 0 0
19600 -271.244 -1.47811 100 39 0 0 0 0 0 0 0 0 0 -1.69394 100 29 -0.69284 100 17 0 0 0 0 0 0 0 0
19700 -270.846 -1.95587 100 44 0 0 0 0 0 0 0 0 0 -1.70504 100 14 -0.509833 100 23 0 0 0 0 0 0 0 0
19800 -272.243 -3.18649 100 40 0 0 0 0 0 0 0 0 0 -1.62916 100 23 -0.559635 100 21 0 0 0 0 0 0 0 0
19900 -274.347 -0.856499 100 36 0 0 0 0 0 0 0 0 0 -1.54349 100 23 -0.249906 100 20 0 0 0 0 0 0 0 0
20000 -273.718 -1.32419 100 50 0 0 0 0 0 0 0 0 0 -2.13901 100 17 -0.0371296 100 22 0 0 0 0 0 0 0 0
20100 -271.253 -1.87171 100 52 0 0 0 0 0 0 0 0 0 -1.71951 100 19 -0.683002 100 29 0 0 0 0 0 0 0 0
20200 -271.337 -2.20105 100 43 0 0 0 0 0 0 0 0 0 -1.67909 100 23 -0.298579 100 19 0 0 0 0 0 0 0 0
20300 -272.701 -0.837247 100 51 0 0 0 0 0 0 0 0 0 -1.58461 100 22 -0.711473 100 21 0 0 0 0 0 0 0 0
20400 -273.247 -2.10451 100 44 0 0 0 0 0 0 0 0 0 -2.06416 100 25 -0.110119 100 25 0 0 0 0 0 0 0 0
20500 -273.414 -3.57903 100 40 0 0 0 0 0 0 0 0 0 -1.77174 100 16 -0.625688 100 21 0 0 0 0 0 0 0 0
20600 -276.828 -2.24877 100 44 0 0 0 0 0 0 0 0 0 -1.75669 100 14 -1.33286 100 20 0 0 0 0 0 0 0 0
20700 -274.332 -3.29936 100 51 0 0 0 0 0 0 0 0 0 -1.95207 100 22 0.0361961 100 27 0 0 0 0 0 0 0 0
20800 -272.923 -3.58095 100 39 0 0 0 0 0 0 0 0 0 -1.75211 100 24 -0.447206 100 29 0 0 0 0 0 0 0 0
20900 -273.158 -3.55647 100 51 0 0 0 0 0 0 0 0 0 -1.71657 100 18 -0.25744 100 24 0 0 0 0 0 0 0 0
21000 -272.064 -0.748611 100 44 0 0 0 0 0 0 0 0 0 -1.88459 100 29 -0.240609 100 16 0 0 0 0 0 0 0 0
21100 -272.463 -1.68357 100 46 0 0 0 0 0 0 0 0 0 -1.44853 100 19 -0.715245 100 18 0 0 0 0 0 0 0 0
21200 -275.374 -0.862877 100 45 0 0 0 0 0 0 0 0 0 -1.89089 100 26 -0.977593 100 17 0 0 0 0 0 0 0 0
21300 -273.176 -1.23869 100 41 0 0 0 0 0 0 0 0 0 -1.83033 100 35 -0.85779 100 23 0 0 0 0 0 0 0 0
21400 -270.812 -1.83166 100 41 0 0 0 0 0 0 0 0 0 -1.74621 100 20 -0.459036 100 28 0 0 0 0 0 0 0 0
21500 -272.519 -2.9786 100 43 0 0 0 0 0 0 0 0 0 -1.514 100 24 -0.667375 100 23 0 0 0 0 0 0 0 0
21600 -271.215 -1.74856 100 45 0 0 0 0 0 0 0 0 0 -1.73742 100 22 -0.21679 100 24 0 0 0 0 0 0 0 0
21700 -271.99 -2.24709 100 43 0 0 0 0 0 0 0 0 0 -1.89849 100 28 -0.112845 100 24 0 0 0 0 0 0 0 0
21800 -272.118 -1.45249 100 53 0 0 0 0 0 0 0 0 0 -1.99502 100 22 -0.233606 100 21 0 0 0 0 0 0 0 0
21900 -272.024 -2.24578 100 38 0 0 0 0 0 0 0 0 0 -1.91019 100 24 -0.402715 100 19 0 0 0 0 0 0 0 0
22000 -271.323 -2.55644 100 50 0 0 0 0 0 0 0 0 0 -1.69016 100 30 -0.48755 100 24 0 0 0 0 0 0 0 0
22100 -273.341 -0.926473 100 42 0 0 0 0 0 0 0 0 0 -1.53839 100 21 -0.380656 100 21 0 0 0 0 0 0 0 0
22200 -273.335 -2.01907 100 46 0 0 0 0 0 0 0 0 0 -1.49392 100 28 -0.297108 100 28 0 0 0 0 0 0 0 0
22300 -271.435 -2.63199 100 47 0 0 0 0 0 0 0 0 0 -1.68985 100 10 -0.531354 100 18 0 0 0 0 0 0 0 0
22400 -270.901 -1.3908 100 45 0 0 0 0 0 0 0 0 0 -1.69569 100 23 -0.450542 100 21 0 0 0 0 0 0 0 0
22500 -275.622 -1.24737 100 53 0 0 0 0 0 0 0 0 0 -1.92839 100 29 -0.992331 100 13 0 0 0 0 0 0 0 0
22600 -271.265 -2.40865 100 53 0 0 0 0 0 0 0 0 0 -1.64539 100 25 -0.594092 100 21 0 0 0 0 0 0 0 0
22700 -272.165 -2.15763 100 47 0 0 0 0 0 0 0 0 0 -1.83678 100 23 -0.0344796 100 20 0 0 0 0 0 0 0 0
22800 -273.456 -0.455959 100 40 0 0 0 0 0 0 0 0 0 -1.90074 100 23 -0.0460594 100 19 0 0 0 0 0 0 0 0
22900 -272.355 -3.10976 100 37 0 0 0 0 0 0 0 0 0 -1.62821 100 18 -0.703237 100 14 0 0 0 0 0 0 0 0
23000 -276.044 -0.463518 100 49 0 0 0 0 0 0 0 0 0 -1.62399 100 27 -1.08385 100 31 0 0 0 0 0 0 0 0
23100 -273.97 -4.11128 100 40 0 0 0 0 0 0 0 0 0 -1.60658 100 31 -0.447215 100 18 0 0 0 0 0 0 0 0
23200 -275.175 -0.599385 100 46 0 0 0 0 0 0 0 0 0 -2.09807 100 12 -0.479349 100 18 0 0 0 0 0 0 0 0
23300 -271.997 -0.817694 100 54 0 0 0 0 0 0 0 0 0 -1.73027 100 23 -0.595891 100 22 0 0 0 0 0 0 0 0
23400 -272.211 -0.840305 100 44 0 0 0 0 0 0 0 0 0 -1.8654 100 27 -0.529009 100 31 0 0 0 0 0 0 0 0
23500 -273.321 -3.61991 100 44 0 0 0 0 0 0 0 0 0 -1.72003 100 23 -0.669437 100 20 0 0 0 0 0 0 0 0
23600 -271.179 -1.21721 100 36 0 0 0 0 0 0 0 0 0 -1.84218 100 31 -0.294548 100 25 0 0 0 0 0 0 0 0
23700 -271.811 -2.06859 100 45 0 0 0 0 0 0 0 0 0 -1.52951 100 23 -0.804829 100 23 0 0 0 0 0 0 0 0
23800 -272.36 -0.896989 100 41 0 0 0 0 0 0 0 0 0 -1.86126 100 19 -0.599455 100 19 0 0 0 0 0 0 0 0
23900 -272.604 -1.76299 100 40 0 0 0 0 0 0 0 0 0 -1.825 100 23 0.0528492 100 17 0 0 0 0 0 0 0 0
24000 -272.017 -2.65314 100 40 0 0 0 0 0 0 0 0 0 -1.71504 100 20 -0.210963 100 35 0 0 0 0 0 0 0 0
24100 -273.231 -1.51026 100 44 0 0 0 0 0 0 0 0 0 -2.08143 100 31 -0.241756 100 28 0 0 0 0 0 0 0 0
24200 -270.858 -1.76703 100 41 0 0 0 0 0 0 0 0 0 -1.74573 100 29 -0.514847 100 16 0 0 0 0 0 0 0 0
24300 -270.802 -1.69562 100 50 0 0 0 0 0 0 0 0 0 -1.7569 100 16 -0.451498 100 17 0 0 0 0 0 0 0 0
24400 -271.501 -1.95077 100 47 0 0 0 0 0 0 0 0 0 -1.72701 100 26 -0.179381 100 17 0 0 0 0 0 0 0 0
24500 -271.063 -1.24267 100 41 0 0 0 0 0 0 0 0 0 -1.68794 100 18 -0.470203 100 21 0 0 0 0 0 0 0 0
24600 -271.546 -1.42828 100 50 0 0 0 0 0 0 0 0 0 -1.86568 100 24 -0.101367 100 24 0 0 0 0 0 0 0 0
24700 -271.568 -1.37786 100 42 0 0 0 0 0 0 0 0 0 -1.87642 100 28 -0.492732 100 30 0 0 0 0 0 0 0 0
24800 -271.179 -1.29085 100 35 0 0 0 0 0 0 0 0 0 -1.66865 100 26 -0.615403 100 19 0 0 0 0 0 0 0 0
24900 -272.532 -2.19946 100 42 0 0 0 0 0 0 0 0 0 -1.92875 100 29 0.00585124 100 27 0 0 0 0 0 0 0 0
25000 -271.791 -1.36972 100 47 0 0 0 0 0 0 0 0 0 -1.61638 100 20 -0.818323 100 23 0 0 0 0 0 0 0 0
25100 -271.665 -2.28294 100 52 0 0 0 0 0 0 0 0 0 -1.54912 100 30 -0.504447 100 20 0 0 0 0 0 0 0 0
25200 -271.527 -2.18184 100 37 0 0 0 0 0 0 0 0 0 -1.71519 100 26 -0.713202 100 23 0 0 0 0 0 0 0 0
25300 -271.138 -1.30853 100 49 0 0 0 0 0 0 0 0 0 -1.84171 100 25 -0.389658 100 30 0 0 0 0 0 0 0 0
25400 -272.229 -1.91977 100 47 0 0 0 0 0 0 0 0 0 -1.89154 100 24 -0.59042 100 23 0 0 0 0 0 0 0 0
25500 -273.326 -2.22007 100 35 0 0 0 0 0 0 0 0 0 -1.84337 100 26 0.107042 100 25 0 0 0 0 0 0 0 0
25600 -273.003 -2.42364 100 45 0 0 0 0 0 0 0 0 0 -1.49441 100 20 -1.01148 100 29 0 0 0 0 0 0 0 0
25700 -271.059 -1.72899 100 36 0 0 0 0 0 0 0 0 0 -1.78188 100 28 -0.546466 100 23 0 0 0 0 0 0 0 0
25800 -271.471 -1.33945 100 48 0 0 0 0 0 0 0 0 0 -1.67241 100 19 -0.733607 100 20 0 0 0 0 0 0 0 0
25900 -271.737 -1.58078 100 53 0 0 0 0 0 0 0 0 0 -1.63898 100 28 -0.84101 100 19 0 0 0 0 0 0 0 0
26000 -271.688 -2.7128 100 39 0 0 0 0 0 0 0 0 0 -1.75756 100 23 -0.512964 100 30 0 0 0 0 0 0 0 0
26100 -275.414 -1.2154 100 50 0 0 0 0 0 0 0 0 0 -1.74557 100 27 0.204183 100 21 0 0 0 0 0 0 0 0
26200 -271.033 -1.24415 100 44 0 0 0 0 0 0 0 0 0 -1.79343 100 26 -0.333353 100 27 0 0 0 0 0 0 0 0
26300 -270.903 -1.94419 100 38 0 0 0 0 0 0 0 0 0 -1.76982 100 24 -0.43912 100 21 0 0 0 0 0 0 0 0
26400 -272.892 -1.36457 100 50 0 0 0 0 0 0 0 0 0 -1.48728 100 25 -0.944019 100 22 0 0 0 0 0 0 0 0
26500 -274.148 -3.11072 100 52 0 0 0 0 0 0 0 0 0 -1.58082 100 22 -0.164918 100 28 0 0 0 0 0 0 0 0
26600 -273.888 -2.12837 100 44 0 0 0 0 0 0 0 0 0 -2.00188 100 22 -0.576519 100 29 0 0 0 0 0 0 0 0
26700 -271.494 -1.18871 100 38 0 0 0 0 0 0 0 0 0 -1.78324 100 25 -0.612848 100 26 0 0 0 0 0 0 0 0
26800 -276.716 -4.03018 100 43 0 0 0 0 0 0 0 0 0 -1.46434 100 23 -1.23082 100 22 0 0 0 0 0 0 0 0
26900 -271.848 -2.41946 100 36 0 0 0 0 0 0 0 0 0 -1.80784 100 21 -0.587769 100 27 0 0 0 0 0 0 0 0
27000 -271.868 -1.51212 100 43 0 0 0 0 0 0 0 0 0 -1.82132 100 22 -0.68343 100 28 0 0 0 0 0 0 0 0
27100 -271.482 -1.57729 100 46 0 0 0 0 0 0 0 0 0 -1.61341 100 27 -0.779373 100 31 0 0 0 0 0 0 0 0
27200 -270.844 -1.58547 100 50 0 0 0 0 0 0 0 0 0 -1.68499 100 19 -0.424773 100 19 0 0 0 0 0 0 0 0
27300 -270.902 -2.07969 100 44 0 0 0 0 0 0 0 0 0 -1.69075 100 27 -0.497113 100 17 0 0 0 0 0 0 0 0
27400 -272.765 -3.25502 100 52 0 0 0 0 0 0 0 0 0 -1.55551 100 27 -0.493496 100 18 0 0 0 0 0 0 0 0
27500 -271.846 -2.0574 100 57 0 0 0 0 0 0 0 0 0 -1.77507 100 22 -0.0961679 100 26 0 0 0 0 0 0 0 0
27600 -271.683 -1.41585 100 45 0 0 0 0 0 0 0 0 0 -1.54901 100 32 -0.701311 100 20 0 0 0 0 0 0 0 0
27700 -271.188 -1.97283 100 53 0 0 0 0 0 0 0 0 0 -1.84119 100 22 -0.375003 100 16 0 0 0 0 0 0 0 0
27800 -274.288 -1.13992 100 38 0 0 0 0 0 0 0 0 0 -1.87277 100 21 -0.924902 100 26 0 0 0 0 0 0 0 0
27900 -271.431 -1.65597 100 47 0 0 0 0 0 0 0 0 0 -1.59113 100 30 -0.404281 100 22 0 0 0 0 0 0 0 0
28000 -271.674 -2.37519 100 42 0 0 0 0 0 0 0 0 0 -1.59462 100 35 -0.391968 100 26 0 0 0 0 0 0 0 0
28100 -271.316 -1.55094 100 40 0 0 0 0 0 0 0 0 0 -1.58525 100 28 -0.489006 100 24 0 0 0 0 0 0 0 0
28200 -271.24 -2.05583 100 46 0 0 0 0 0 0 0 0 0 -1.72597 100 28 -0.647272 100 27 0 0 0 0 0 0 0 0
28300 -272.922 -1.83168 100 40 0 0 0 0 0 0 0 0 0 -1.57587 100 22 -1.06277 100 20 0 0 0 0 0 0 0 0
28400 -272.154 -1.61368 100 44 0 0 0 0 0 0 0 0 0 -1.93303 100 24 -0.497507 100 19 0 0 0 0 0 0 0 0
28500 -272.824 -2.5213 100 42 0 0 0 0 0 0 0 0 0 -1.49599 100 25 -0.958382 100 26 0 0 0 0 0 0 0 0
28600 -271.486 -1.78734 100 55 0 0 0 0 0 0 0 0 0 -1.75306 100 19 -0.150229 100 27 0 0 0 0 0 0 0 0
28700 -271.724 -1.26946 100 43 0 0 0 0 0 0 0 0 0 -1.61593 100 25 -0.769086 100 17 0 0 0 0 0 0 0 0
28800 -272.929 -2.24632 100 39 0 0 0 0 0 0 0 0 0 -1.60783 100 24 -0.151736 100 18 0 0 0 0 0 0 0 0
28900 -271.823 -0.987365 100 45 0 0 0 0 0 0 0 0 0 -1.70274 100 22 -0.267037 100 26 0 0 0 0 0 0 0 0
29000 -272.046 -1.75083 100 48 0 0 0 0 0 0 0 0 0 -1.48854 100 20 -0.781251 100 22 0 0 0 0 0 0 0 0
29100 -274.673 -1.5478 100 38 0 0 0 0 0 0 0 0 0 -1.35806 100 23 -1.09337 100 36 0 0 0 0 0 0 0 0
29200 -271.546 -0.957687 100 40 0 0 0 0 0 0 0 0 0 -1.75521 100 26 -0.538269 100 26 0 0 0 0 0 0 0 0
29300 -273.042 -3.0017 100 55 0 0 0 0 0 0 0 0 0 -1.57493 100 22 -0.922114 100 26 0 0 0 0 0 0 0 0
29400 -270.903 -2.02763 100 50 0 0 0 0 0 0 0 0 0 -1.67164 100 23 -0.459735 100 16 0 0 0 0 0 0 0 0
29500 -270.858 -1.99248 100 44 0 0 0 0 0 0 0 0 0 -1.71158 100 21 -0.497392 100 22 0 0 0 0 0 0 0 0
29600 -274.073 -0.48504 100 42 0 0 0 0 0 0 0 0 0 -1.82344 100 25 0.0123568 100 21 0 0 0 0 0 0 0 0
29700 -272.302 -3.23443 100 44 0 0 0 0 0 0 0 0 0 -1.72342 100 23 -0.396649 100 25 0 0 0 0 0 0 0 0
29800 -271.218 -2.02141 100 44 0 0 0 0 0 0 0 0 0 -1.58718 100 17 -0.649673 100 21 0 0 0 0 0 0 0 0
29900 -273.135 -2.19281 100 38 0 0 0 0 0 0 0 0 0 -1.58875 100 22 -1.0743 100 23 0 0 0 0 0 0 0 0
30000 -271.224 -1.68016 100 30 0 0 0 0 0 0 0 0 0 -1.75774 100 22 -0.197702 100 24 0 0 0 0 0 0 0 0
30100 -272.158 -0.958785 100 42 0 0 0 0 0 0 0 0 0 -1.90964 100 30 -0.476202 100 23 0 0 0 0 0 0 0 0
30200 -271.098 -1.45379 100 40 0 0 0 0 0 0 0 0 0 -1.63345 100 18 -0.61349 100 26 0 0 0 0 0 0 0 0
30300 -273.064 -0.5692 100 47 0 0 0 0 0 0 0 0 0 -1.75503 100 25 -0.181853 100 26 0 0 0 0 0 0 0 0
30400 -272.094 -2.20833 100 50 0 0 0 0 0 0 0 0 0 -1.83885 100 20 -0.632185 100 18 0 0 0 0 0 0 0 0
30500 -271.058 -1.61568 100 35 0 0 0 0 0 0 0 0 0 -1.81486 100 21 -0.233188 100 24 0 0 0 0 0 0 0 0
30600 -274.668 -1.89516 100 41 0 0 0 0 0 0 0 0 0 -1.81307 100 24 0.222563 100 17 0 0 0 0 0 0 0 0
30700 -271.664 -1.72741 100 40 0 0 0 0 0 0 0 0 0 -1.70463 100 26 -0.163953 100 17 0 0 0 0 0 0 0 0
30800 -272.394 -2.43804 100 51 0 0 0 0 0 0 0 0 0 -1.47733 100 24 -0.815866 100 14 0 0 0 0 0 0 0 0
30900 -271.675 -1.48469 100 42 0 0 0 0 0 0 0 0 0 -1.9393 100 15 -0.312093 100 31 0 0 0 0 0 0 0 0
31000 -271.279 -2.10755 100 44 0 0 0 0 0 0 0 0 0 -1.74013 100 17 -0.238063 100 30 0 0 0 0 0 0 0 0
31100 -270.955 -1.32482 100 41 0 0 0 0 0 0 0 0 0 -1.70695 100 33 -0.509959 100 17 0 0 0 0 0 0 0 0
31200 -274.06 -3.49457 100 49 0 0 0 0 0 0 0 0 0 -1.81126 100 17 -0.720857 100 23 0 0 0 0 0 0 0 0
31300 -271.637 -1.17037 100 35 0 0 0 0 0 0 0 0 0 -1.68063 100 24 -0.27074 100 21 0 0 0 0 0 0 0 0
31400 -271.216 -2.04443 100 47 0 0 0 0 0 0 0 0 0 -1.71473 100 28 -0.263972 100 19 0 0 0 0 0 0 0 0
31500 -270.929 -1.4677 100 49 0 0 0 0 0 0 0 0 0 -1.71794 100 31 -0.341574 100 19 0 0 0 0 0 0 0 0
31600 -272.251 -2.97661 100 43 0 0 0 0 0 0 0 0 0 -1.82083 100 23 -0.411461 100 18 0 0 0 0 0 0 0 0
31700 -271.496 -2.47511 100 50 0 0 0 0 0 0 0 0 0 -1.61202 100 20 -0.445047 100 25 0 0 0 0 0 0 0 0
31800 -270.996 -2.05845 100 29 0 0 0 0 0 0 0 0 0 -1.65693 100 20 -0.428986 100 25 0 0 0 0 0 0 0 0
31900 -272.345 -3.09533 100 39 0 0 0 0 0 0 0 0 0 -1.57117 100 23 -0.540207 100 21 0 0 0 0 0 0 0 0
32000 -272.841 -3.34588 100 42 0 0 0 0 0 0 0 0 0 -1.5674 100 23 -0.724516 100 27 0 0 0 0 0 0 0 0
32100 -275.15 -2.45111 100 49 0 0 0 0 0 0 0 0 0 -1.47514 100 17 -0.177407 100 23 0 0 0 0 0 0 0 0
32200 -272.558 -2.33514 100 49 0 0 0 0 0 0 0 0 0 -1.97929 100 21 -0.195899 100 21 0 0 0 0 0 0 0 0
32300 -271.393 -1.08229 100 42 0 0 0 0 0 0 0 0 0 -1.71963 100 23 -0.31498 100 18 0 0 0 0 0 0 0 0
32400 -272.744 -3.22057 100 44 0 0 0 0 0 0 0 0 0 -1.82018 100 25 -0.220184 100 26 0 0 0 0 0 0 0 0
32500 -273.146 -3.1315 100 49 0 0 0 0 0 0 0 0 0 -1.62371 100 18 -0.892578 100 26 0 0 0 0 0 0 0 0
32600 -273.475 -0.469674 100 28 0 0 0 0 0 0 0 0 0 -2.01214 100 18 -0.112513 100 26 0 0 0 0 0 0 0 0
32700 -273.291 -2.18339 100 46 0 0 0 0 0 0 0 0 0 -1.54576 100 26 -1.10341 100 23 0 0 0 0 0 0 0 0
32800 -271.843 -1.55728 100 46 0 0 0 0 0 0 0 0 0 -1.89693 100 19 -0.0398185 100 22 0 0 0 0 0 0 0 0
32900 -271.941 -2.91403 100 44 0 0 0 0 0 0 0 0 0 -1.69709 100 29 -0.608956 100 22 0 0 0 0 0 0 0 0
33000 -272.127 -1.85589 100 38 0 0 0 0 0 0 0 0 0 -1.61788 100 21 -0.92783 100 20 0 0 0 0 0 0 0 0
33100 -272.475 -2.54615 100 55 0 0 0 0 0 0 0 0 0 -1.47479 100 36 -0.589734 100 30 0 0 0 0 0 0 0 0
33200 -272.376 -1.31467 100 41 0 0 0 0 0 0 0 0 0 -1.56839 100 24 -0.318193 100 16 0 0 0 0 0 0 0 0
33300 -273.621 -3.22171 100 45 0 0 0 0 0 0 0 0 0 -1.51417 100 13 -0.960338 100 23 0 0 0 0 0 0 0 0
33400 -272.581 -0.594249 100 44 0 0 0 0 0 0 0 0 0 -1.81633 100 20 -0.202651 100 22 0 0 0 0 0 0 0 0
33500 -271.775 -2.88775 100 42 0 0 0 0 0 0 0 0 0 -1.65667 100 24 -0.471415 100 20 0 0 0 0 0 0 0 0
33600 -273.515 -3.40332 100 47 0 0 0 0 0 0 0 0 0 -1.89132 100 24 -0.412766 100 30 0 0 0 0 0 0 0 0
33700 -273.31 -0.901638 100 40 0 0 0 0 0 0 0 0 0 -1.67948 100 23 -0.0968542 100 24 0 0 0 0 0 0 0 0
33800 -271.456 -1.57715 100 27 0 0 0 0 0 0 0 0 0 -1.56292 100 26 -0.703103 100 30 0 0 0 0 0 0 0 0
33900 -271.347 -2.18749 100 41 0 0 0 0 0 0 0 0 0 -1.61477 100 30 -0.7108 100 21 0 0 0 0 0 0 0 0
34000 -271.472 -1.31152 100 42 0 0 0 0 0 0 0 0 0 -1.91274 100 18 -0.28974 100 22 0 0 0 0 0 0 0 0
34100 -271.611 -2.66807 100 50 0 0 0 0 0 0 0 0 0 -1.71034 100 29 -0.590194 100 17 0 0 0 0 0 0 0 0
34200 -271.912 -2.37989 100 47 0 0 0 0 0 0 0 0 0 -1.89778 100 26 -0.308585 100 24 0 0 0 0 0 0 0 0
34300 -273.955 -4.11815 100 47 0 0 0 0 0 0 0 0 0 -1.73513 100 18 -0.556476 100 28 0 0 0 0 0 0 0 0
34400 -272.02 -1.59694 100 38 0 0 0 0 0 0 0 0 0 -1.87288 100 18 -0.616229 100 26 0 0 0 0 0 0 0 0
34500 -271.121 -2.00576 100 36 0 0 0 0 0 0 0 0 0 -1.80509 100 26 -0.464675 100 16 0 0 0 0 0 0 0 0
34600 -275.909 -3.73442 100 36 0 0 0 0 0 0 0 0 0 -1.86289 100 25 0.150474 100 22 0 0 0 0 0 0 0 0
34700 -270.988 -1.25008 100 49 0 0 0 0 0 0 0 0 0 -1.76146 100 27 -0.442329 100 19 0 0 0 0 0 0 0 0
34800 -272.013 -1.14016 100 41 0 0 0 0 0 0 0 0 0 -1.71561 100 18 -0.15634 100 19 0 0 0 0 0 0 0 0
34900 -271.43 -2.54613 100 53 0 0 0 0 0 0 0 0 0 -1.76244 100 22 -0.462094 100 21 0 0 0 0 0 0 0 0
35000 -271.676 -1.32432 100 48 0 0 0 0 0 0 0 0 0 -1.78529 100 25 -0.109513 100 20 0 0 0 0 0 0 0 0
35100 -270.783 -1.71917 100 48 0 0 0 0 0 0 0 0 0 -1.69916 100 26 -0.437982 100 24 0 0 0 0 0 0 0 0
35200 -272.014 -1.27052 100 48 0 0 0 0 0 0 0 0 0 -1.81321 100 26 -0.703096 100 25 0 0 0 0 0 0 0 0
35300 -270.935 -2.05382 100 35 0 0 0 0 0 0 0 0 0 -1.72702 100 29 -0.516948 100 19 0 0 0 0 0 0 0 0
35400 -271.699 -1.90039 100 48 0 0 0 0 0 0 0 0 0 -1.53501 100 32 -0.786118 100 27 0 0 0 0 0 0 0 0
35500 -272.522 -0.858848 100 41 0 0 0 0 0 0 0 0 0 -1.58565 100 24 -0.513395 100 21 0 0 0 0 0 0 0 0
35600 -273.531 -1.62066 100 53 0 0 0 0 0 0 0 0 0 -2.11724 100 28 -0.0703885 100 24 0 0 0 0 0 0 0 0
35700 -271.573 -2.39354 100 44 0 0 0 0 0 0 0 0 0 -1.81389 100 24 -0.490213 100 22 0 0 0 0 0 0 0 0
35800 -271.888 -1.98166 100 39 0 0 0 0 0 0 0 0 0 -1.90168 100 24 -0.469199 100 23 0 0 0 0 0 0 0 0
35900 -270.987 -1.68157 100 39 0 0 0 0 0 0 0 0 0 -1.81422 100 25 -0.435925 100 17 0 0 0 0 0 0 0 0
36000 -271.948 -2.54943 100 44 0 0 0 0 0 0 0 0 0 -1.68706 100 23 -0.758338 100 22 0 0 0 0 0 0 0 0
36100 -273.137 -0.982721 100 56 0 0 0 0 0 0 0 0 0 -1.81207 100 12 -0.831581 100 23 0 0 0 0 0 0 0 0
36200 -271.742 -2.64883 100 45 0 0 0 0 0 0 0 0 0 -1.57296 100 13 -0.624124 100 17 0 0 0 0 0 0 0 0
36300 -271.551 -1.07616 100 47 0 0 0 0 0 0 0 0 0 -1.89075 100 14 -0.214106 100 20 0 0 0 0 0 0 0 0
36400 -272.928 -1.72837 100 42 0 0 0 0 0 0 0 0 0 -1.45109 100 19 -0.968257 100 20 0 0 0 0 0 0 0 0
36500 -272.396 -2.23081 100 44 0 0 0 0 0 0 0 0 0 -1.95807 100 19 -0.0789419 100 16 0 0 0 0 0 0 0 0
36600 -271.957 -1.38169 100 45 0 0 0 0 0 0 0 0 0 -1.5183 100 19 -0.670327 100 24 0 0 0 0 0 0 0 0
36700 -273.001 -3.38877 100 49 0 0 0 0 0 0 0 0 0 -1.76851 100 22 -0.206196 100 26 0 0 0 0 0 0 0 0
36800 -272.314 -1.44525 100 29 0 0 0 0 0 0 0 0 0 -1.48739 100 17 -0.574048 100 23 0 0 0 0 0 0 0 0
36900 -271.187 -1.09407 100 45 0 0 0 0 0 0 0 0 0 -1.76698 100 23 -0.445709 100 28 0 0 0 0 0 0 0 0
37000 -273.034 -1.00151 100 41 0 0 0 0 0 0 0 0 0 -1.9701 100 19 -0.540557 100 22 0 0 0 0 0 0 0 0
37100 -273.375 -3.58855 100 38 0 0 0 0 0 0 0 0 0 -1.69779 100 23 -0.726596 100 19 0 0 0 0 0 0 0 0
37200 -271.634 -1.17863 100 43 0 0 0 0 0 0 0 0 0 -1.9153 100 22 -0.159584 100 21 0 0 0 0 0 0 0 0
37300 -271.98 -0.95957 100 39 0 0 0 0 0 0 0 0 0 -1.83271 100 32 -0.583603 100 27 0 0 0 0 0 0 0 0
37400 -274.603 -3.23454 100 42 0 0 0 0 0 0 0 0 0 -1.61509 100 23 -0.0907709 100 18 0 0 0 0 0 0 0 0
37500 -271.327 -1.63827 100 48 0 0 0 0 0 0 0 0 0 -1.56949 100 18 -0.660739 100 20 0 0 0 0 0 0 0 0
37600 -272.426 -0.584093 100 40 0 0 0 0 0 0 0 0 0 -1.79985 100 20 -0.406788 100 26 0 0 0 0 0 0 0 0
37700 -271.416 -2.60684 100 36 0 0 0 0 0 0 0 0 0 -1.72953 100 27 -0.471518 100 21 0 0 0 0 0 0 0 0
37800 -271.411 -1.945 100 37 0 0 0 0 0 0 0 0 0 -1.54694 100 15 -0.62243 100 23 0 0 0 0 0 0 0 0
37900 -271.982 -3.01174 100 44 0 0 0 0 0 0 0 0 0 -1.6519 100 24 -0.585605 100 27 0 0 0 0 0 0 0 0
38000 -272.925 -2.29177 100 43 0 0 0 0 0 0 0 0 0 -2.01211 100 21 -0.0661885 100 33 0 0 0 0 0 0 0 0
38100 -271.676 -2.73675 100 41 0 0 0 0 0 0 0 0 0 -1.7327 100 40 -0.330727 100 18 0 0 0 0 0 0 0 0
38200 -271.277 -2.20809 100 38 0 0 0 0 0 0 0 0 0 -1.67051 100 20 -0.676323 100 33 0 0 0 0 0 0 0 0
38300 -273.894 -2.87611 100 49 0 0 0 0 0 0 0 0 0 -1.47478 100 19 -0.353812 100 29 0 0 0 0 0 0 0 0
38400 -271.103 -1.24476 100 47 0 0 0 0 0 0 0 0 0 -1.80468 100 23 -0.280564 100 23 0 0 0 0 0 0 0 0
38500 -272.465 -1.78636 100 46 0 0 0 0 0 0 0 0 0 -2.01964 100 28 -0.120936 100 26 0 0 0 0 0 0 0 0
38600 -271.842 -2.95801 100 38 0 0 0 0 0 0 0 0 0 -1.68341 100 17 -0.505316 100 24 0 0 0 0 0 0 0 0
38700 -273.201 -3.59275 100 50 0 0 0 0 0 0 0 0 0 -1.81385 100 29 -0.306818 100 20 0 0 0 0 0 0 0 0
38800 -276.782 -2.08477 100 51 0 0 0 0 0 0 0 0 0 -1.72936 100 25 -1.37172 100 19 0 0 0 0 0 0 0 0
38900 -274.806 -1.01931 100 51 0 0 0 0 0 0 0 0 0 -1.66246 100 24 0.0429877 100 20 0 0 0 0 0 0 0 0
39000 -271.388 -1.33886 100 40 0 0 0 0 0 0 0 0 0 -1.88785 100 22 -0.183906 100 21 0 0 0 0 0 0 0 0
39100 -271.237 -1.22724 100 36 0 0 0 0 0 0 0 0 0 -1.69956 100 22 -0.328902 100 26 0 0 0 0 0 0 0 0
39200 -272.899 -3.4595 100 49 0 0 0 0 0 0 0 0 0 -1.78977 100 26 -0.459169 100 22 0 0 0 0 0 0 0 0
39300 -271.867 -1.81292 100 36 0 0 0 0 0 0 0 0 0 -1.52754 100 28 -0.462646 100 20 0 0 0 0 0 0 0 0
39400 -272.656 -0.595961 100 48 0 0 0 0 0 0 0 0 0 -1.93574 100 17 -0.207801 100 20 0 0 0 0 0 0 0 0
39500 -271.315 -1.73887 100 54 0 0 0 0 0 0 0 0 0 -1.67106 100 26 -0.270494 100 23 0 0 0 0 0 0 0 0
39600 -272.239 -1.13455 100 48 0 0 0 0 0 0 0 0 0 -1.79941 100 31 -0.038898 100 28 0 0 0 0 0 0 0 0
39700 -271.155 -1.22416 100 50 0 0 0 0 0 0 0 0 0 -1.78421 100 27 -0.507272 100 27 0 0 0 0 0 0 0 0
39800 -276.349 -2.5271 100 42 0 0 0 0 0 0 0 0 0 -1.25516 100 16 -1.14384 100 22 0 0 0 0 0 0 0 0
39900 -273.328 -3.31025 100 39 0 0 0 0 0 0 0 0 0 -1.60734 100 21 -0.882217 100 24 0 0 0 0 0 0 0 0
40000 -271.546 -1.49556 100 42 0 0 0 0 0 0 0 0 0 -1.55056 100 18 -0.65951 100 28 0 0 0 0 0 0 0 0
40100 -275.115 -4.76587 100 47 0 0 0 0 0 0 0 0 0 -1.61243 100 28 -0.644197 100 25 0 0 0 0 0 0 0 0
40200 -271.345 -1.32224 100 57 0 0 0 0 0 0 0 0 0 -1.64244 100 18 -0.374094 100 21 0 0 0 0 0 0 0 0
40300 -272.577 -2.41945 100 44 0 0 0 0 0 0 0 0 0 -1.48988 100 28 -0.911854 100 15 0 0 0 0 0 0 0 0
40400 -271.973 -2.23223 100 45 0 0 0 0 0 0 0 0 0 -1.89526 100 20 -0.445429 100 21 0 0 0 0 0 0 0 0
40500 -272.475 -2.37345 100 49 0 0 0 0 0 0 0 0 0 -1.7022 100 22 -0.879132 100 27 0 0 0 0 0 0 0 0
40600 -272.496 -1.2329 100 50 0 0 0 0 0 0 0 0 0 -1.73757 100 30 -0.0480068 100 21 0 0 0 0 0 0 0 0
40700 -271.5 -2.03407 100 39 0 0 0 0 0 0 0 0 0 -1.54694 100 20 -0.535148 100 19 0 0 0 0 0 0 0 0
40800 -274.235 -0.936155 100 44 0 0 0 0 0 0 0 0 0 -2.08964 100 22 0.233384 100 28 0 0 0 0 0 0 0 0
40900 -271.646 -2.28308 100 54 0 0 0 0 0 0 0 0 0 -1.55505 100 27 -0.741255 100 20 0 0 0 0 0 0 0 0
41000 -272.418 -1.6856 100 37 0 0 0 0 0 0 0 0 0 -1.53941 100 17 -0.96572 100 25 0 0 0 0 0 0 0 0
41100 -273.887 -3.91729 100 40 0 0 0 0 0 0 0 0 0 -1.53857 100 27 -0.541529 100 30 0 0 0 0 0 0 0 0
41200 -271.84 -0.804749 100 36 0 0 0 0 0 0 0 0 0 -1.74167 100 22 -0.354724 100 20 0 0 0 0 0 0 0 0
41300 -274.707 -4.59035 100 47 0 0 0 0 0 0 0 0 0 -1.72384 100 17 -0.502204 100 25 0 0 0 0 0 0 0 0
41400 -271.88 -2.23669 100 47 0 0 0 0 0 0 0 0 0 -1.71409 100 20 -0.781909 100 17 0 0 0 0 0 0 0 0
41500 -272.986 -1.17911 100 51 0 0 0 0 0 0 0 0 0 -1.99939 100 27 -0.482703 100 25 0 0 0 0 0 0 0 0
41600 -270.872 -1.94372 100 46 0 0 0 0 0 0 0 0 0 -1.76227 100 24 -0.411412 100 26 0 0 0 0 0 0 0 0
41700 -272.721 -2.54609 100 40 0 0 0 0 0 0 0 0 0 -1.77134 100 28 -0.801181 100 21 0 0 0 0 0 0 0 0
41800 -272.222 -1.86252 100 42 0 0 0 0 0 0 0 0 0 -1.65791 100 16 -0.144548 100 30 0 0 0 0 0 0 0 0
41900 -273.067 -2.70341 100 43 0 0 0 0 0 0 0 0 0 -1.51436 100 18 -0.355124 100 21 0 0 0 0 0 0 0 0
42000 -272.772 -2.38568 100 48 0 0 0 0 0 0 0 0 0 -1.99364 100 27 -0.146827 100 23 0 0 0 0 0 0 0 0
42100 -270.889 -1.79259 100 44 0 0 0 0 0 0 0 0 0 -1.68331 100 21 -0.586542 100 25 0 0 0 0 0 0 0 0
42200 -272.138 -2.88987 100 52 0 0 0 0 0 0 0 0 0 -1.57203 100 22 -0.488565 100 18 0 0 0 0 0 0 0 0
42300 -270.803 -1.52566 100 34 0 0 0 0 0 0 0 0 0 -1.74111 100 30 -0.461488 100 18 0 0 0 0 0 0 0 0
42400 -273.573 -3.06987 100 35 0 0 0 0 0 0 0 0 0 -1.8311 100 24 -0.718818 100 17 0 0 0 0 0 0 0 0
42500 -275.179 -1.66972 100 49 0 0 0 0 0 0 0 0 0 -2.05408 100 20 -0.67979 100 25 0 0 0 0 0 0 0 0
42600 -271.77 -1.12783 100 44 0 0 0 0 0 0 0 0 0 -1.81729 100 21 -0.616141 100 25 0 0 0 0 0 0 0 0
42700 -271.595 -2.14387 100 44 0 0 0 0 0 0 0 0 0 -1.8884 100 29 -0.245244 100 17 0 0 0 0 0 0 0 0
42800 -271.343 -1.08514 100 53 0 0 0 0 0 0 0 0 0 -1.67533 100 22 -0.493573 100 22 0 0 0 0 0 0 0 0
42900 -272.53 -0.772575 100 34 0 0 0 0 0 0 0 0 0 -1.98056 100 25 -0.244074 100 31 0 0 0 0 0 0 0 0
43000 -274.237 -0.781953 100 39 0 0 0 0 0 0 0 0 0 -2.00526 100 26 -0.611413 100 31 0 0 0 0 0 0 0 0
43100 -272.328 -3.0864 100 52 0 0 0 0 0 0 0 0 0 -1.58366 100 21 -0.489467 100 20 0 0 0 0 0 0 0 0
43200 -272.87 -2.13655 100 39 0 0 0 0 0 0 0 0 0 -2.01865 100 17 -0.267335 100 25 0 0 0 0 0 0 0 0
43300 -272.503 -2.55689 100 33 0 0 0 0 0 0 0 0 0 -1.89573 100 26 -0.491355 100 29 0 0 0 0 0 0 0 0
43400 -271.507 -1.66546 100 42 0 0 0 0 0 0 0 0 0 -1.56934 100 21 -0.760902 100 21 0 0 0 0 0 0 0 0
43500 -273.384 -3.27292 100 45 0 0 0 0 0 0 0 0 0 -1.81397 100 29 -0.655134 100 20 0 0 0 0 0 0 0 0
43600 -271.571 -2.43495 100 56 0 0 0 0 0 0 0 0 0 -1.80033 100 24 -0.233422 100 24 0 0 0 0 0 0 0 0
43700 -271.145 -2.09757 100 41 0 0 0 0 0 0 0 0 0 -1.61129 100 24 -0.631334 100 20 0 0 0 0 0 0 0 0
43800 -272.035 -2.79834 100 51 0 0 0 0 0 0 0 0 0 -1.5507 100 22 -0.626924 100 23 0 0 0 0 0 0 0 0
43900 -272.11 -2.44833 100 43 0 0 0 0 0 0 0 0 0 -1.49979 100 23 -0.589777 100 23 0 0 0 0 0 0 0 0
44000 -272.102 -1.32397 100 48 0 0 0 0 0 0 0 0 0 -1.85835 100 22 -0.651068 100 15 0 0 0 0 0 0 0 0
44100 -271.252 -1.27856 100 44 0 0 0 0 0 0 0 0 0 -1.87104 100 21 -0.322565 100 14 0 0 0 0 0 0 0 0
44200 -274.379 -0.8225 100 55 0 0 0 0 0 0 0 0 0 -1.45211 100 22 -0.62168 100 18 0 0 0 0 0 0 0 0
44300 -272.08 -0.735243 100 37 0 0 0 0 0 0 0 0 0 -1.8151 100 21 -0.481966 100 29 0 0 0 0 0 0 0 0
44400 -271.435 -2.00491 100 45 0 0 0 0 0 0 0 0 0 -1.68523 100 24 -0.24053 100 25 0 0 0 0 0 0 0 0
44500 -272.447 -0.924408 100 38 0 0 0 0 0 0 0 0 0 -1.88153 100 22 -0.00870777 100 15 0 0 0 0 0 0 0 0
44600 -271.391 -1.52001 100 48 0 0 0 0 0 0 0 0 0 -1.90423 100 26 -0.212812 100 23 0 0 0 0 0 0 0 0
44700 -271.711 -2.07011 100 42 0 0 0 0 0 0 0 0 0 -1.76213 100 28 -0.712051 100 27 0 0 0 0 0 0 0 0
44800 -274.386 -4.11058 100 43 0 0 0 0 0 0 0 0 0 -1.53631 100 31 -0.480683 100 17 0 0 0 0 0 0 0 0
44900 -274.493 -2.5507 100 43 0 0 0 0 0 0 0 0 0 -2.11546 100 17 -0.0753794 100 24 0 0 0 0 0 0 0 0
45000 -271.294 -2.38533 100 51 0 0 0 0 0 0 0 0 0 -1.62835 100 20 -0.61632 100 21 0 0 0 0 0 0 0 0
45100 -272.491 -2.1269 100 45 0 0 0 0 0 0 0 0 0 -1.44159 100 22 -0.702733 100 20 0 0 0 0 0 0 0 0
45200 -272.772 -1.52617 100 37 0 0 0 0 0 0 0 0 0 -1.9275 100 26 0.109729 100 24 0 0 0 0 0 0 0 0
45300 -270.912 -1.55146 100 39 0 0 0 0 0 0 0 0 0 -1.72479 100 21 -0.565122 100 16 0 0 0 0 0 0 0 0
45400 -271.489 -2.3929 100 47 0 0 0 0 0 0 0 0 0 -1.81811 100 23 -0.430414 100 26 0 0 0 0 0 0 0 0
45500 -271.125 -2.31074 100 49 0 0 0 0 0 0 0 0 0 -1.65661 100 24 -0.469635 100 24 0 0 0 0 0 0 0 0
45600 -273.546 -2.2299 100 46 0 0 0 0 0 0 0 0 0 -2.07673 100 21 -0.09402 100 26 0 0 0 0 0 0 0 0
45700 -270.863 -1.68656 100 51 0 0 0 0 0 0 0 0 0 -1.67966 100 25 -0.57104 100 21 0 0 0 0 0 0 0 0
45800 -272.871 -1.29352 100 38 0 0 0 0 0 0 0 0 0 -1.87615 100 18 0.103245 100 25 0 0 0 0 0 0 0 0
45900 -271.973 -1.71248 100 36 0 0 0 0 0 0 0 0 0 -1.95263 100 31 -0.0709332 100 28 0 0 0 0 0 0 0 0
46000 -271.538 -2.20452 100 44 0 0 0 0 0 0 0 0 0 -1.87242 100 20 -0.283203 100 28 0 0 0 0 0 0 0 0
46100 -272.202 -0.800544 100 42 0 0 0 0 0 0 0 0 0 -1.64718 100 24 -0.497387 100 25 0 0 0 0 0 0 0 0
46200 -272.796 -0.763278 100 50 0 0 0 0 0 0 0 0 0 -1.81439 100 20 -0.0475139 100 21 0 0 0 0 0 0 0 0
46300 -272.878 -1.27819 100 47 0 0 0 0 0 0 0 0 0 -1.62425 100 28 -0.998266 100 23 0 0 0 0 0 0 0 0
46400 -271.382 -1.30793 100 45 0 0 0 0 0 0 0 0 0 -1.64608 100 12 -0.694501 100 18 0 0 0 0 0 0 0 0
46500 -273.799 -3.47262 100 43 0 0 0 0 0 0 0 0 0 -1.85004 100 16 -0.066924 100 22 0 0 0 0 0 0 0 0
46600 -271.737 -2.53697 100 31 0 0 0 0 0 0 0 0 0 -1.56973 100 18 -0.492895 100 25 0 0 0 0 0 0 0 0
46700 -271.579 -2.50566 100 41 0 0 0 0 0 0 0 0 0 -1.76476 100 26 -0.562891 100 27 0 0 0 0 0 0 0 0
46800 -272.438 -1.46049 100 37 0 0 0 0 0 0 0 0 0 -1.92245 100 19 0.0622483 100 22 0 0 0 0 0 0 0 0
46900 -273.132 -3.23784 100 45 0 0 0 0 0 0 0 0 0 -1.48913 100 24 -0.752236 100 23 0 0 0 0 0 0 0 0
47000 -271.74 -1.10806 100 43 0 0 0 0 0 0 0 0 0 -1.71744 100 17 -0.708943 100 16 0 0 0 0 0 0 0 0
47100 -272.694 -1.08114 100 45 0 0 0 0 0 0 0 0 0 -1.51434 100 22 -0.537502 100 14 0 0 0 0 0 0 0 0
47200 -271.377 -1.47658 100 42 0 0 0 0 0 0 0 0 0 -1.89704 100 30 -0.194547 100 26 0 0 0 0 0 0 0 0
47300 -270.989 -1.88233 100 51 0 0 0 0 0 0 0 0 0 -1.64643 100 29 -0.625944 100 29 0 0 0 0 0 0 0 0
47400 -273.547 -2.2595 100 41 0 0 0 0 0 0 0 0 0 -1.72094 100 25 -1.02646 100 16 0 0 0 0 0 0 0 0
47500 -271.935 -1.71386 100 51 0 0 0 0 0 0 0 0 0 -1.8539 100 29 -0.633496 100 28 0 0 0 0 0 0 0 0
47600 -272.902 -2.43316 100 52 0 0 0 0 0 0 0 0 0 -1.97923 100 20 -0.351325 100 12 0 0 0 0 0 0 0 0
47700 -271.022 -1.4093 100 42 0 0 0 0 0 0 0 0 0 -1.64767 100 31 -0.535653 100 14 0 0 0 0 0 0 0 0
47800 -271.69 -0.837744 100 39 0 0 0 0 0 0 0 0 0 -1.80706 100 14 -0.316197 100 21 0 0 0 0 0 0 0 0
47900 -272.708 -1.18358 100 41 0 0 0 0 0 0 0 0 0 -1.48321 100 17 -0.70499 100 17 0 0 0 0 0 0 0 0
48000 -270.994 -1.78717 100 45 0 0 0 0 0 0 0 0 0 -1.66701 100 15 -0.639862 100 26 0 0 0 0 0 0 0 0
48100 -274.488 -0.324961 100 44 0 0 0 0 0 0 0 0 0 -1.72461 100 18 -0.72124 100 23 0 0 0 0 0 0 0 0
48200 -271.518 -0.983064 100 54 0 0 0 0 0 0 0 0 0 -1.86107 100 26 -0.331412 100 27 0 0 0 0 0 0 0 0
48300 -274.029 -3.65946 100 45 0 0 0 0 0 0 0 0 0 -1.60496 100 28 -0.252415 100 23 0 0 0 0 0 0 0 0
48400 -272.171 -0.859356 100 40 0 0 0 0 0 0 0 0 0 -1.74884 100 21 -0.185155 100 27 0 0 0 0 0 0 0 0
48500 -271.992 -1.2547 100 41 0 0 0 0 0 0 0 0 0 -1.81346 100 20 -0.695966 100 27 0 0 0 0 0 0 0 0
48600 -274.014 -3.21758 100 35 0 0 0 0 0 0 0 0 0 -1.92168 100 23 -0.54298 100 18 0 0 0 0 0 0 0 0
48700 -273.109 -2.74539 100 39 0 0 0 0 0 0 0 0 0 -1.42712 100 27 -0.725892 100 18 0 0 0 0 0 0 0 0
48800 -272.447 -1.46071 100 43 0 0 0 0 0 0 0 0 0 -1.77561 100 25 -0.845334 100 13 0 0 0 0 0 0 0 0
48900 -272.194 -1.38013 100 49 0 0 0 0 0 0 0 0 0 -1.49903 100 19 -0.609342 100 32 0 0 0 0 0 0 0 0
49000 -271.261 -2.02828 100 46 0 0 0 0 0 0 0 0 0 -1.82252 100 22 -0.474355 100 13 0 0 0 0 0 0 0 0
49100 -275.546 -2.3503 100 39 0 0 0 0 0 0 0 0 0 -1.77911 100 19 -1.17092 100 28 0 0 0 0 0 0 0 0
49200 -272.485 -2.43934 100 41 0 0 0 0 0 0 0 0 0 -1.95517 100 20 -0.151933 100 19 0 0 0 0 0 0 0 0
49300 -271.811 -1.26973 100 43 0 0 0 0 0 0 0 0 0 -1.77179 100 25 -0.104545 100 18 0 0 0 0 0 0 0 0
49400 -272.214 -2.5502 100 39 0 0 0 0 0 0 0 0 0 -1.5913 100 25 -0.314932 100 26 0 0 0 0 0 0 0 0
49500 -271.335 -1.66032 100 46 0 0 0 0 0 0 0 0 0 -1.8871 100 20 -0.20285 100 16 0 0 0 0 0 0 0 0
49600 -272.248 -3.08085 100 44 0 0 0 0 0 0 0 0 0 -1.6413 100 22 -0.676095 100 26 0 0 0 0 0 0 0 0
49700 -273.414 -0.633575 100 42 0 0 0 0 0 0 0 0 0 -1.9421 100 27 0.0640617 100 22 0 0 0 0 0 0 0 0
49800 -270.86 -1.70373 100 47 0 0 0 0 0 0 0 0 0 -1.7308 100 23 -0.541688 100 18 0 0 0 0 0 0 0 0
49900 -271.555 -1.79167 100 47 0 0 0 0 0 0 0 0 0 -1.87531 100 20 -0.481522 100 21 0 0 0 0 0 0 0 0
50000 -271.253 -1.48071 100 43 0 0 0 0 0 0 0 0 0 -1.68552 100 23 -0.279769 100 25 0 0 0 0 0 0 0 0
50100 -272.023 -1.05208 100 44 0 0 0 0 0 0 0 0 0 -1.72563 100 24 -0.746803 100 24 0 0 0 0 0 0 0 0
50200 -272.097 -3.02459 100 44 0 0 0 0 0 0 0 0 0 -1.6175 100 17 -0.636542 100 22 0 0 0 0 0 0 0 0
50300 -270.919 -1.88571 100 39 0 0 0 0 0 0 0 0 0 -1.65149 100 13 -0.452199 100 15 0 0 0 0 0 0 0 0
50400 -272.335 -1.74659 100 48 0 0 0 0 0 0 0 0 0 -1.99363 100 27 -0.0411467 100 21 0 0 0 0 0 0 0 0
50500 -270.902 -1.77811 100 41 0 0 0 0 0 0 0 0 0 -1.69908 100 25 -0.354203 100 17 0 0 0 0 0 0 0 0
50600 -273.772 -1.50079 100 42 0 0 0 0 0 0 0 0 0 -2.06637 100 20 0.203387 100 17 0 0 0 0 0 0 0 0
50700 -271.815 -2.15197 100 51 0 0 0 0 0 0 0 0 0 -1.80298 100 23 -0.653453 100 24 0 0 0 0 0 0 0 0
50800 -273.345 -1.45567 100 44 0 0 0 0 0 0 0 0 0 -1.81709 100 23 -0.914913 100 18 0 0 0 0 0 0 0 0
50900 -272.578 -2.00193 100 48 0 0 0 0 0 0 0 0 0 -2.01505 100 19 -0.160897 100 19 0 0 0 0 0 0 0 0
51000 -272.102 -2.42009 100 43 0 0 0 0 0 0 0 0 0 -1.80084 100 24 -0.0978999 100 26 0 0 0 0 0 0 0 0
51100 -272.718 -2.17678 100 42 0 0 0 0 0 0 0 0 0 -1.65135 100 25 -0.111211 100 24 0 0 0 0 0 0 0 0
51200 -271.654 -0.95269 100 42 0 0 0 0 0 0 0 0 0 -1.7599 100 21 -0.574638 100 19 0 0 0 0 0 0 0 0
51300 -272.93 -1.45737 100 38 0 0 0 0 0 0 0 0 0 -1.81814 100 19 0.0848523 100 20 0 0 0 0 0 0 0 0
51400 -270.802 -1.80147 100 41 0 0 0 0 0 0 0 0 0 -1.7542 100 26 -0.406288 100 32 0 0 0 0 0 0 0 0
51500 -271.513 -2.69991 100 46 0 0 0 0 0 0 0 0 0 -1.72181 100 24 -0.430347 100 21 0 0 0 0 0 0 0 0
51600 -271.194 -1.42068 100 49 0 0 0 0 0 0 0 0 0 -1.68767 100 31 -0.302203 100 22 0 0 0 0 0 0 0 0
51700 -271.603 -1.10268 100 39 0 0 0 0 0 0 0 0 0 -1.70558 100 15 -0.262942 100 23 0 0 0 0 0 0 0 0
51800 -272.687 -0.890906 100 51 0 0 0 0 0 0 0 0 0 -1.60014 100 21 -0.795578 100 20 0 0 0 0 0 0 0 0
51900 -271.842 -0.799962 100 55 0 0 0 0 0 0 0 0 0 -1.78723 100 31 -0.479373 100 20 0 0 0 0 0 0 0 0
52000 -275.037 -2.15138 100 43 0 0 0 0 0 0 0 0 0 -1.29081 100 26 -0.807666 100 26 0 0 0 0 0 0 0 0
52100 -273.184 -1.14761 100 40 0 0 0 0 0 0 0 0 0 -1.60817 100 20 -0.16457 100 33 0 0 0 0 0 0 0 0
52200 -273.926 -1.22408 100 52 0 0 0 0 0 0 0 0 0 -1.46563 100 17 -0.375112 100 25 0 0 0 0 0 0 0 0
52300 -271.798 -1.79232 100 52 0 0 0 0 0 0 0 0 0 -1.86779 100 23 -0.567033 100 14 0 0 0 0 0 0 0 0
52400 -270.833 -1.62571 100 46 0 0 0 0 0 0 0 0 0 -1.68389 100 26 -0.428737 100 18 0 0 0 0 0 0 0 0
52500 -271.375 -1.31556 100 38 0 0 0 0 0 0 0 0 0 -1.60015 100 21 -0.603931 100 25 0 0 0 0 0 0 0 0
52600 -271.046 -2.09266 100 40 0 0 0 0 0 0 0 0 0 -1.78892 100 15 -0.346146 100 16 0 0 0 0 0 0 0 0
52700 -272.294 -1.95134 100 46 0 0 0 0 0 0 0 0 0 -1.70657 100 23 -0.0826782 100 22 0 0 0 0 0 0 0 0
52800 -271.634 -2.40093 100 48 0 0 0 0 0 0 0 0 0 -1.60615 100 15 -0.384337 100 22 0 0 0 0 0 0 0 0
52900 -272.48 -1.45003 100 48 0 0 0 0 0 0 0 0 0 -2.00234 100 27 -0.361979 100 18 0 0 0 0 0 0 0 0
53000 -272.025 -3.03815 100 36 0 0 0 0 0 0 0 0 0 -1.74534 100 25 -0.43558 100 23 0 0 0 0 0 0 0 0
53100 -273.467 -0.821629 100 39 0 0 0 0 0 0 0 0 0 -1.84741 100 22 0.0841802 100 22 0 0 0 0 0 0 0 0
53200 -270.849 -1.47405 100 48 0 0 0 0 0 0 0 0 0 -1.7684 100 16 -0.440654 100 23 0 0 0 0 0 0 0 0
53300 -271.376 -1.22717 100 43 0 0 0 0 0 0 0 0 0 -1.66804 100 29 -0.343399 100 23 0 0 0 0 0 0 0 0
53400 -270.9 -1.45279 100 40 0 0 0 0 0 0 0 0 0 -1.77147 100 22 -0.474271 100 25 0 0 0 0 0 0 0 0
53500 -271.019 -1.54872 100 47 0 0 0 0 0 0 0 0 0 -1.74332 100 17 -0.589652 100 24 0 0 0 0 0 0 0 0
53600 -272.13 -3.05753 100 46 0 0 0 0 0 0 0 0 0 -1.6026 100 25 -0.580026 100 18 0 0 0 0 0 0 0 0
53700 -270.854 -1.47891 100 53 0 0 0 0 0 0 0 0 0 -1.69079 100 20 -0.451432 100 18 0 0 0 0 0 0 0 0
53800 -272.277 -1.57769 100 43 0 0 0 0 0 0 0 0 0 -1.96683 100 20 -0.426895 100 18 0 0 0 0 0 0 0 0
53900 -271.892 -2.06008 100 47 0 0 0 0 0 0 0 0 0 -1.79592 100 25 -0.0785546 100 17 0 0 0 0 0 0 0 0
54000 -272.632 -2.90262 100 38 0 0 0 0 0 0 0 0 0 -1.70971 100 24 -0.163765 100 15 0 0 0 0 0 0 0 0
54100 -271.512 -1.88253 100 44 0 0 0 0 0 0 0 0 0 -1.74731 100 23 -0.155396 100 24 0 0 0 0 0 0 0 0
54200 -272.964 -0.926271 100 49 0 0 0 0 0 0 0 0 0 -1.67353 100 26 -0.89507 100 21 0 0 0 0 0 0 0 0
54300 -272.049 -2.94634 100 40 0 0 0 0 0 0 0 0 0 -1.77982 100 24 -0.308352 100 23 0 0 0 0 0 0 0 0
54400 -272.153 -2.74415 100 44 0 0 0 0 0 0 0 0 0 -1.73674 100 20 -0.691851 100 20 0 0 0 0 0 0 0 0
54500 -271.83 -0.82351 100 45 0 0 0 0 0 0 0 0 0 -1.83728 100 23 -0.235591 100 24 0 0 0 0 0 0 0 0
54600 -272.66 -2.42924 100 53 0 0 0 0 0 0 0 0 0 -1.96553 100 25 -0.321848 100 21 0 0 0 0 0 0 0 0
54700 -272.723 -0.999963 100 45 0 0 0 0 0 0 0 0 0 -1.82159 100 22 -0.759728 100 22 0 0 0 0 0 0 0 0
54800 -271.59 -2.62592 100 40 0 0 0 0 0 0 0 0 0 -1.66818 100 26 -0.642618 100 19 0 0 0 0 0 0 0 0
54900 -273.559 -1.01917 100 41 0 0 0 0 0 0 0 0 0 -1.71598 100 28 -0.992295 100 24 0 0 0 0 0 0 0 0
55000 -271.8 -1.08915 100 47 0 0 0 0 0 0 0 0 0 -1.88221 100 19 -0.0972025 100 26 0 0 0 0 0 0 0 0
55100 -271.748 -2.05423 100 37 0 0 0 0 0 0 0 0 0 -1.538 100 19 -0.799067 100 27 0 0 0 0 0 0 0 0
55200 -271.66 -2.53541 100 48 0 0 0 0 0 0 0 0 0 -1.56876 100 21 -0.649956 100 18 0 0 0 0 0 0 0 0
55300 -275.511 -2.61493 100 42 0 0 0 0 0 0 0 0 0 -2.02121 100 20 0.30407 100 24 0 0 0 0 0 0 0 0
55400 -271.849 -2.39394 100 46 0 0 0 0 0 0 0 0 0 -1.86421 100 22 -0.171394 100 37 0 0 0 0 0 0 0 0
55500 -272.898 -2.24071 100 47 0 0 0 0 0 0 0 0 0 -2.02014 100 22 -0.103403 100 30 0 0 0 0 0 0 0 0
55600 -271.744 -1.87923 100 35 0 0 0 0 0 0 0 0 0 -1.75944 100 28 -0.106948 100 16 0 0 0 0 0 0 0 0
55700 -274.555 -3.88488 100 50 0 0 0 0 0 0 0 0 0 -1.73443 100 12 -0.0954076 100 30 0 0 0 0 0 0 0 0
55800 -271.832 -1.30705 100 38 0 0 0 0 0 0 0 0 0 -1.5546 100 24 -0.502222 100 22 0 0 0 0 0 0 0 0
55900 -271.109 -2.19619 100 39 0 0 0 0 0 0 0 0 0 -1.62426 100 24 -0.524956 100 22 0 0 0 0 0 0 0 0
56000 -272.84 -2.40343 100 42 0 0 0 0 0 0 0 0 0 -1.94136 100 30 -0.486452 100 21 0 0 0 0 0 0 0 0
56100 -272.39 -1.80376 100 40 0 0 0 0 0 0 0 0 0 -1.79268 100 24 -0.813593 100 20 0 0 0 0 0 0 0 0
56200 -271.841 -1.3393 100 40 0 0 0 0 0 0 0 0 0 -1.82852 100 23 -0.0548363 100 30 0 0 0 0 0 0 0 0
56300 -277.629 -3.26859 100 35 0 0 0 0 0 0 0 0 0 -1.53285 100 23 -1.46978 100 18 0 0 0 0 0 0 0 0
56400 -272.036 -2.15904 100 48 0 0 0 0 0 0 0 0 0 -1.60708 100 31 -0.262296 100 22 0 0 0 0 0 0 0 0
56500 -271.38 -1.00603 100 42 0 0 0 0 0 0 0 0 0 -1.82415 100 20 -0.313866 100 22 0 0 0 0 0 0 0 0
56600 -272.295 -1.75079 100 43 0 0 0 0 0 0 0 0 0 -1.4596 100 26 -0.678496 100 23 0 0 0 0 0 0 0 0
56700 -273.196 -2.41273 100 57 0 0 0 0 0 0 0 0 0 -2.02823 100 27 -0.180401 100 23 0 0 0 0 0 0 0 0
56800 -273.089 -3.57991 100 51 0 0 0 0 0 0 0 0 0 -1.79253 100 25 -0.435304 100 22 0 0 0 0 0 0 0 0
56900 -271.655 -2.73296 100 49 0 0 0 0 0 0 0 0 0 -1.68004 100 30 -0.375495 100 22 0 0 0 0 0 0 0 0
57000 -271.251 -1.61566 100 51 0 0 0 0 0 0 0 0 0 -1.66175 100 25 -0.304031 100 22 0 0 0 0 0 0 0 0
57100 -273.395 -0.939662 100 42 0 0 0 0 0 0 0 0 0 -2.00352 100 22 -0.512018 100 25 0 0 0 0 0 0 0 0
57200 -271.894 -2.16333 100 38 0 0 0 0 0 0 0 0 0 -1.49716 100 15 -0.665695 100 16 0 0 0 0 0 0 0 0
57300 -272.271 -1.86052 100 50 0 0 0 0 0 0 0 0 0 -1.58602 100 21 -0.957327 100 21 0 0 0 0 0 0 0 0
57400 -274.621 -2.47688 100 48 0 0 0 0 0 0 0 0 0 -1.42687 100 26 -0.329187 100 22 0 0 0 0 0 0 0 0
57500 -271.134 -2.01751 100 45 0 0 0 0 0 0 0 0 0 -1.81271 100 22 -0.27126 100 30 0 0 0 0 0 0 0 0
57600 -274.98 -3.42577 100 37 0 0 0 0 0 0 0 0 0 -1.50032 100 28 -1.13707 100 24 0 0 0 0 0 0 0 0
57700 -271.033 -1.51268 100 52 0 0 0 0 0 0 0 0 0 -1.75749 100 21 -0.573039 100 19 0 0 0 0 0 0 0 0
57800 -271.743 -2.74224 100 39 0 0 0 0 0 0 0 0 0 -1.78555 100 19 -0.427544 100 19 0 0 0 0 0 0 0 0
57900 -271.85 -2.84 100 40 0 0 0 0 0 0 0 0 0 -1.72758 100 22 -0.315625 100 26 0 0 0 0 0 0 0 0
58000 -272.765 -2.40701 100 34 0 0 0 0 0 0 0 0 0 -1.878 100 15 0.0221339 100 18 0 0 0 0 0 0 0 0
58100 -271.991 -1.32727 100 43 0 0 0 0 0 0 0 0 0 -1.98209 100 15 -0.147629 100 18 0 0 0 0 0 0 0 0
58200 -270.822 -1.79085 100 45 0 0 0 0 0 0 0 0 0 -1.66963 100 26 -0.497647 100 15 0 0 0 0 0 0 0 0
58300 -271.266 -1.50331 100 43 0 0 0 0 0 0 0 0 0 -1.86071 100 19 -0.437484 100 22 0 0 0 0 0 0 0 0
58400 -271.382 -2.23595 100 47 0 0 0 0 0 0 0 0 0 -1.81066 100 19 -0.233376 100 16 0 0 0 0 0 0 0 0
58500 -271.177 -1.67892 100 49 0 0 0 0 0 0 0 0 0 -1.84243 100 19 -0.450259 100 23 0 0 0 0 0 0 0 0
58600 -271.352 -1.26628 100 51 0 0 0 0 0 0 0 0 0 -1.88829 100 13 -0.31557 100 28 0 0 0 0 0 0 0 0
58700 -271.336 -2.35255 100 47 0 0 0 0 0 0 0 0 0 -1.75055 100 22 -0.281333 100 16 0 0 0 0 0 0 0 0
58800 -270.893 -1.34737 100 42 0 0 0 0 0 0 0 0 0 -1.7355 100 28 -0.408907 100 33 0 0 0 0 0 0 0 0
58900 -272.208 -2.15183 100 44 0 0 0 0 0 0 0 0 0 -1.60877 100 23 -0.925198 100 25 0 0 0 0 0 0 0 0
59000 -272.235 -1.43197 100 43 0 0 0 0 0 0 0 0 0 -1.51301 100 19 -0.480303 100 21 0 0 0 0 0 0 0 0
59100 -271.84 -1.12556 100 47 0 0 0 0 0 0 0 0 0 -1.59372 100 24 -0.692958 100 15 0 0 0 0 0 0 0 0
59200 -272.054 -1.48615 100 46 0 0 0 0 0 0 0 0 0 -1.86713 100 30 -0.634644 100 29 0 0 0 0 0 0 0 0
59300 -272.293 -1.84303 100 45 0 0 0 0 0 0 0 0 0 -1.69878 100 22 -0.907517 100 24 0 0 0 0 0 0 0 0
59400 -271.195 -1.16967 100 41 0 0 0 0 0 0 0 0 0 -1.83592 100 28 -0.3435 100 32 0 0 0 0 0 0 0 0
59500 -271.263 -2.08724 100 44 0 0 0 0 0 0 0 0 0 -1.60472 100 20 -0.439214 100 18 0 0 0 0 0 0 0 0
59600 -271.381 -1.77163 100 51 0 0 0 0 0 0 0 0 0 -1.78001 100 21 -0.642454 100 23 0 0 0 0 0 0 0 0
59700 -272.235 -2.30109 100 44 0 0 0 0 0 0 0 0 0 -1.60562 100 30 -0.248979 100 14 0 0 0 0 0 0 0 0
59800 -272.717 -2.47295 100 41 0 0 0 0 0 0 0 0 0 -1.62712 100 26 -0.96092 100 24 0 0 0 0 0 0 0 0
59900 -271.377 -1.09175 100 47 0 0 0 0 0 0 0 0 0 -1.66882 100 22 -0.45135 100 25 0 0 0 0 0 0 0 0
60000 -272.135 -0.985691 100 45 0 0 0 0 0 0 0 0 0 -1.82526 100 26 -0.641169 100 14 0 0 0 0 0 0 0 0
60100 -274.138 -1.70042 100 40 0 0 0 0 0 0 0 0 0 -2.06146 100 26 0.246306 100 23 0 0 0 0 0 0 0 0
60200 -272.183 -1.5151 100 40 0 0 0 0 0 0 0 0 0 -1.93504 100 22 -0.502678 100 28 0 0 0 0 0 0 0 0
60300 -271.987 -0.804971 100 50 0 0 0 0 0 0 0 0 0 -1.68741 100 25 -0.527651 100 20 0 0 0 0 0 0 0 0
60400 -274.139 -2.79459 100 40 0 0 0 0 0 0 0 0 0 -1.61575 100 20 -0.0757688 100 25 0 0 0 0 0 0 0 0
60500 -271.799 -2.49944 100 48 0 0 0 0 0 0 0 0 0 -1.86231 100 19 -0.319566 100 23 0 0 0 0 0 0 0 0
60600 -272.376 -0.627883 100 37 0 0 0 0 0 0 0 0 0 -1.83868 100 16 -0.224288 100 28 0 0 0 0 0 0 0 0
60700 -273.062 -3.15404 100 45 0 0 0 0 0 0 0 0 0 -1.86242 100 20 -0.502214 100 14 0 0 0 0 0 0 0 0
60800 -274.037 -1.50036 100 47 0 0 0 0 0 0 0 0 0 -2.04637 100 26 -0.546889 100 19 0 0 0 0 0 0 0 0
60900 -270.97 -1.78014 100 38 0 0 0 0 0 0 0 0 0 -1.65052 100 22 -0.625481 100 20 0 0 0 0 0 0 0 0
61000 -271.511 -1.73118 100 41 0 0 0 0 0 0 0 0 0 -1.82477 100 20 -0.109431 100 34 0 0 0 0 0 0 0 0
61100 -271.705 -2.00834 100 42 0 0 0 0 0 0 0 0 0 -1.70714 100 24 -0.785255 100 20 0 0 0 0 0 0 0 0
61200 -272.026 -2.81157 100 46 0 0 0 0 0 0 0 0 0 -1.59332 100 21 -0.431388 100 18 0 0 0 0 0 0 0 0
61300 -272.252 -1.80855 100 47 0 0 0 0 0 0 0 0 0 -1.99542 100 19 -0.229392 100 32 0 0 0 0 0 0 0 0
61400 -271.384 -1.48445 100 37 0 0 0 0 0 0 0 0 0 -1.67625 100 22 -0.739116 100 27 0 0 0 0 0 0 0 0
61500 -271.222 -1.77281 100 34 0 0 0 0 0 0 0 0 0 -1.79739 100 27 -0.185106 100 28 0 0 0 0 0 0 0 0
61600 -272.413 -1.05907 100 40 0 0 0 0 0 0 0 0 0 -1.60927 100 27 -0.843774 100 20 0 0 0 0 0 0 0 0
61700 -271.413 -2.38525 100 42 0 0 0 0 0 0 0 0 0 -1.73179 100 19 -0.607617 100 24 0 0 0 0 0 0 0 0
61800 -271.99 -0.965253 100 45 0 0 0 0 0 0 0 0 0 -1.68133 100 21 -0.711369 100 17 0 0 0 0 0 0 0 0
61900 -272.752 -2.20395 100 49 0 0 0 0 0 0 0 0 0 -1.42986 100 14 -0.840208 100 16 0 0 0 0 0 0 0 0
62000 -272.349 -1.90483 100 48 0 0 0 0 0 0 0 0 0 -1.45943 100 24 -0.604415 100 18 0 0 0 0 0 0 0 0
62100 -275.189 -0.19894 100 51 0 0 0 0 0 0 0 0 0 -1.67489 100 19 -0.620906 100 20 0 0 0 0 0 0 0 0
62200 -272.155 -2.8352 100 42 0 0 0 0 0 0 0 0 0 -1.79449 100 17 -0.205894 100 31 0 0 0 0 0 0 0 0
62300 -277.201 -5.5041 100 46 0 0 0 0 0 0 0 0 0 -1.87853 100 31 -0.324345 100 29 0 0 0 0 0 0 0 0
62400 -271.002 -1.54478 100 52 0 0 0 0 0 0 0 0 0 -1.71362 100 23 -0.61152 100 23 0 0 0 0 0 0 0 0
62500 -271.055 -1.57282 100 38 0 0 0 0 0 0 0 0 0 -1.81507 100 27 -0.23496 100 25 0 0 0 0 0 0 0 0
62600 -272.106 -3.01471 100 44 0 0 0 0 0 0 0 0 0 -1.59429 100 28 -0.602814 100 28 0 0 0 0 0 0 0 0
62700 -270.898 -1.61175 100 39 0 0 0 0 0 0 0 0 0 -1.64897 100 20 -0.526698 100 26 0 0 0 0 0 0 0 0
62800 -271.364 -1.07229 100 46 0 0 0 0 0 0 0 0 0 -1.74926 100 24 -0.554014 100 23 0 0 0 0 0 0 0 0
62900 -271.047 -2.18515 100 47 0 0 0 0 0 0 0 0 0 -1.6502 100 27 -0.469118 100 27 0 0 0 0 0 0 0 0
63000 -272.418 -0.672455 100 37 0 0 0 0 0 0 0 0 0 -1.78839 100 25 -0.203382 100 26 0 0 0 0 0 0 0 0
63100 -273.116 -1.71045 100 48 0 0 0 0 0 0 0 0 0 -1.60386 100 17 -1.08315 100 26 0 0 0 0 0 0 0 0
63200 -271.719 -1.5731 100 37 0 0 0 0 0 0 0 0 0 -1.52451 100 22 -0.694713 100 19 0 0 0 0 0 0 0 0
63300 -272.458 -0.783334 100 47 0 0 0 0 0 0 0 0 0 -1.62204 100 28 -0.602154 100 18 0 0 0 0 0 0 0 0
63400 -273.334 -0.768204 100 44 0 0 0 0 0 0 0 0 0 -1.53598 100 32 -0.646452 100 21 0 0 0 0 0 0 0 0
63500 -274.055 -2.05734 100 49 0 0 0 0 0 0 0 0 0 -1.87962 100 19 0.205478 100 24 0 0 0 0 0 0 0 0
63600 -271.501 -2.44283 100 45 0 0 0 0 0 0 0 0 0 -1.80568 100 21 -0.450798 100 23 0 0 0 0 0 0 0 0
63700 -271.115 -2.26531 100 44 0 0 0 0 0 0 0 0 0 -1.7142 100 29 -0.359883 100 25 0 0 0 0 0 0 0 0
63800 -272.818 -3.25758 100 35 0 0 0 0 0 0 0 0 0 -1.60095 100 25 -0.36617 100 28 0 0 0 0 0 0 0 0
63900 -271.451 -2.461 100 41 0 0 0 0 0 0 0 0 0 -1.79431 100 19 -0.304259 100 16 0 0 0 0 0 0 0 0
64000 -273.387 -2.89926 100 33 0 0 0 0 0 0 0 0 0 -1.96117 100 21 -0.372466 100 23 0 0 0 0 0 0 0 0
64100 -270.932 -1.51985 100 43 0 0 0 0 0 0 0 0 0 -1.73334 100 21 -0.312636 100 28 0 0 0 0 0 0 0 0
64200 -272.776 -3.46784 100 34 0 0 0 0 0 0 0 0 0 -1.76555 100 19 -0.438395 100 25 0 0 0 0 0 0 0 0
64300 -273.949 -0.657333 100 34 0 0 0 0 0 0 0 0 0 -2.09726 100 20 -0.230991 100 22 0 0 0 0 0 0 0 0
64400 -271.505 -2.67023 100 41 0 0 0 0 0 0 0 0 0 -1.65014 100 19 -0.55634 100 22 0 0 0 0 0 0 0 0
64500 -271.45 -1.82304 100 33 0 0 0 0 0 0 0 0 0 -1.84309 100 31 -0.131967 100 20 0 0 0 0 0 0 0 0
64600 -272.732 -1.07672 100 41 0 0 0 0 0 0 0 0 0 -1.61285 100 16 -0.9168 100 20 0 0 0 0 0 0 0 0
64700 -273.192 -2.5541 100 44 0 0 0 0 0 0 0 0 0 -1.53177 100 30 -0.278584 100 17 0 0 0 0 0 0 0 0
64800 -273.632 -1.8475 100 43 0 0 0 0 0 0 0 0 0 -1.45303 100 22 -1.12023 100 18 0 0 0 0 0 0 0 0
64900 -271.66 -0.929038 100 53 0 0 0 0 0 0 0 0 0 -1.85751 100 20 -0.4002 100 25 0 0 0 0 0 0 0 0
65000 -271.427 -2.37083 100 45 0 0 0 0 0 0 0 0 0 -1.67257 100 24 -0.679529 100 22 0 0 0 0 0 0 0 0
65100 -275.415 -3.93984 100 41 0 0 0 0 0 0 0 0 0 -1.98383 100 21 -0.354683 100 17 0 0 0 0 0 0 0 0
65200 -272.426 -3.1482 100 50 0 0 0 0 0 0 0 0 0 -1.6075 100 23 -0.706718 100 23 0 0 0 0 0 0 0 0
65300 -273.138 -1.57585 100 48 0 0 0 0 0 0 0 0 0 -1.8877 100 26 0.143557 100 19 0 0 0 0 0 0 0 0
65400 -271.771 -2.44804 100 52 0 0 0 0 0 0 0 0 0 -1.8463 100 22 -0.444914 100 21 0 0 0 0 0 0 0 0
65500 -273.593 -1.73872 100 44 0 0 0 0 0 0 0 0 0 -1.88429 100 24 -0.836561 100 28 0 0 0 0 0 0 0 0
65600 -272.532 -1.31842 100 44 0 0 0 0 0 0 0 0 0 -1.91344 100 21 -0.62014 100 22 0 0 0 0 0 0 0 0
65700 -278.177 -3.00254 100 36 0 0 0 0 0 0 0 0 0 -1.22353 100 28 -0.612039 100 29 0 0 0 0 0 0 0 0
65800 -271.143 -1.53006 100 41 0 0 0 0 0 0 0 0 0 -1.86562 100 23 -0.31348 100 27 0 0 0 0 0 0 0 0
65900 -270.782 -1.76534 100 48 0 0 0 0 0 0 0 0 0 -1.6948 100 18 -0.471219 100 19 0 0 0 0 0 0 0 0
66000 -270.796 -1.85054 100 39 0 0 0 0 0 0 0 0 0 -1.69796 100 30 -0.48566 100 19 0 0 0 0 0 0 0 0
66100 -272.013 -1.9032 100 43 0 0 0 0 0 0 0 0 0 -1.7702 100 12 -0.0611087 100 24 0 0 0 0 0 0 0 0
66200 -273.145 -1.67846 100 47 0 0 0 0 0 0 0 0 0 -1.79827 100 26 -0.917589 100 20 0 0 0 0 0 0 0 0
66300 -271.271 -2.33173 100 35 0 0 0 0 0 0 0 0 0 -1.76558 100 14 -0.301371 100 23 0 0 0 0 0 0 0 0
66400 -270.837 -1.65775 100 43 0 0 0 0 0 0 0 0 0 -1.77539 100 20 -0.345552 100 21 0 0 0 0 0 0 0 0
66500 -270.787 -1.66347 100 38 0 0 0 0 0 0 0 0 0 -1.75692 100 17 -0.39799 100 27 0 0 0 0 0 0 0 0
66600 -271.448 -1.11121 100 48 0 0 0 0 0 0 0 0 0 -1.85247 100 27 -0.194807 100 18 0 0 0 0 0 0 0 0
66700 -271.027 -1.31384 100 46 0 0 0 0 0 0 0 0 0 -1.67293 100 29 -0.475242 100 24 0 0 0 0 0 0 0 0
66800 -272.573 -1.45896 100 40 0 0 0 0 0 0 0 0 0 -1.75719 100 27 -0.886028 100 29 0 0 0 0 0 0 0 0
66900 -271.451 -2.30932 100 49 0 0 0 0 0 0 0 0 0 -1.83969 100 19 -0.316727 100 24 0 0 0 0 0 0 0 0
67000 -271.044 -2.00114 100 49 0 0 0 0 0 0 0 0 0 -1.69532 100 20 -0.330197 100 16 0 0 0 0 0 0 0 0
67100 -271.799 -2.59967 100 47 0 0 0 0 0 0 0 0 0 -1.72004 100 28 -0.670168 100 19 0 0 0 0 0 0 0 0
67200 -271.538 -2.43971 100 39 0 0 0 0 0 0 0 0 0 -1.65937 100 21 -0.327396 100 20 0 0 0 0 0 0 0 0
67300 -273.672 -3.33638 100 41 0 0 0 0 0 0 0 0 0 -1.49208 100 19 -0.912603 100 27 0 0 0 0 0 0 0 0
67400 -274.181 -3.01218 100 35 0 0 0 0 0 0 0 0 0 -1.37387 100 22 -0.731769 100 26 0 0 0 0 0 0 0 0
67500 -272.625 -2.62313 100 33 0 0 0 0 0 0 0 0 0 -1.75364 100 28 -0.0766602 100 18 0 0 0 0 0 0 0 0
67600 -271.615 -1.545 100 38 0 0 0 0 0 0 0 0 0 -1.8315 100 17 -0.61283 100 24 0 0 0 0 0 0 0 0
67700 -271.098 -1.21386 100 50 0 0 0 0 0 0 0 0 0 -1.78551 100 25 -0.467034 100 20 0 0 0 0 0 0 0 0
67800 -271.263 -2.361 100 40 0 0 0 0 0 0 0 0 0 -1.73833 100 22 -0.318702 100 24 0 0 0 0 0 0 0 0
67900 -274.197 -0.616098 100 31 0 0 0 0 0 0 0 0 0 -1.53312 100 23 -0.760804 100 20 0 0 0 0 0 0 0 0
68000 -275.15 -3.41082 100 44 0 0 0 0 0 0 0 0 0 -1.6341 100 22 -0.0429228 100 19 0 0 0 0 0 0 0 0
68100 -272.567 -1.29366 100 47 0 0 0 0 0 0 0 0 0 -1.81777 100 21 0.0360987 100 29 0 0 0 0 0 0 0 0
68200 -271.461 -2.43508 100 46 0 0 0 0 0 0 0 0 0 -1.74141 100 20 -0.591154 100 24 0 0 0 0 0 0 0 0
68300 -272.293 -1.78411 100 36 0 0 0 0 0 0 0 0 0 -1.66785 100 26 -0.121713 100 31 0 0 0 0 0 0 0 0
68400 -273.658 -1.05204 100 40 0 0 0 0 0 0 0 0 0 -2.01579 100 28 -0.547886 100 23 0 0 0 0 0 0 0 0
68500 -272.866 -0.737666 100 43 0 0 0 0 0 0 0 0 0 -1.96746 100 30 -0.000746201 100 22 0 0 0 0 0 0 0 0
68600 -274.514 -1.55714 100 38 0 0 0 0 0 0 0 0 0 -2.05941 100 19 -0.58184 100 17 0 0 0 0 0 0 0 0
68700 -275.633 -3.4284 100 43 0 0 0 0 0 0 0 0 0 -1.77763 100 21 -1.01618 100 29 0 0 0 0 0 0 0 0
68800 -271.532 -1.30811 100 42 0 0 0 0 0 0 0 0 0 -1.89876 100 25 -0.40296 100 19 0 0 0 0 0 0 0 0
68900 -272.953 -1.85387 100 36 0 0 0 0 0 0 0 0 0 -1.76305 100 26 0.044151 100 23 0 0 0 0 0 0 0 0
69000 -273.068 -1.92271 100 42 0 0 0 0 0 0 0 0 0 -2.023 100 23 0.0757751 100 24 0 0 0 0 0 0 0 0
69100 -272.566 -2.27328 100 39 0 0 0 0 0 0 0 0 0 -1.91038 100 24 -0.547976 100 21 0 0 0 0 0 0 0 0
69200 -271.6 -2.12376 100 56 0 0 0 0 0 0 0 0 0 -1.57262 100 21 -0.418293 100 27 0 0 0 0 0 0 0 0
69300 -270.883 -1.82182 100 44 0 0 0 0 0 0 0 0 0 -1.64791 100 19 -0.501829 100 19 0 0 0 0 0 0 0 0
69400 -271.978 -1.123 100 43 0 0 0 0 0 0 0 0 0 -1.58801 100 19 -0.737652 100 27 0 0 0 0 0 0 0 0
69500 -272.037 -2.12771 100 42 0 0 0 0 0 0 0 0 0 -1.53308 100 10 -0.415467 100 26 0 0 0 0 0 0 0 0
69600 -271.728 -0.909462 100 43 0 0 0 0 0 0 0 0 0 -1.878 100 23 -0.3505 100 22 0 0 0 0 0 0 0 0
69700 -271.1 -1.21989 100 48 0 0 0 0 0 0 0 0 0 -1.81837 100 18 -0.373931 100 17 0 0 0 0 0 0 0 0
69800 -272.579 -2.87376 100 40 0 0 0 0 0 0 0 0 0 -1.75993 100 27 -0.131332 100 26 0 0 0 0 0 0 0 0
69900 -270.964 -2.16678 100 43 0 0 0 0 0 0 0 0 0 -1.71881 100 26 -0.420633 100 19 0 0 0 0 0 0 0 0
70000 -271.6 -2.77376 100 41 0 0 0 0 0 0 0 0 0 -1.71384 100 20 -0.469858 100 19 0 0 0 0 0 0 0 0
70100 -276.34 -1.92297 100 41 0 0 0 0 0 0 0 0 0 -1.66932 100 19 -1.39585 100 19 0 0 0 0 0 0 0 0
70200 -273.193 -2.13743 100 45 0 0 0 0 0 0 0 0 0 -2.03208 100 25 -0.321525 100 22 0 0 0 0 0 0 0 0
70300 -272.398 -3.28492 100 45 0 0 0 0 0 0 0 0 0 -1.73631 100 23 -0.393813 100 27 0 0 0 0 0 0 0 0
70400 -271.711 -0.89618 100 52 0 0 0 0 0 0 0 0 0 -1.72358 100 24 -0.559057 100 24 0 0 0 0 0 0 0 0
70500 -271.158 -2.01992 100 40 0 0 0 0 0 0 0 0 0 -1.66708 100 28 -0.334422 100 16 0 0 0 0 0 0 0 0
70600 -271.76 -1.20958 100 48 0 0 0 0 0 0 0 0 0 -1.90523 100 20 -0.0889839 100 26 0 0 0 0 0 0 0 0
70700 -271.028 -1.7957 100 45 0 0 0 0 0 0 0 0 0 -1.83152 100 26 -0.331014 100 24 0 0 0 0 0 0 0 0
70800 -271.779 -2.14408 100 43 0 0 0 0 0 0 0 0 0 -1.60877 100 25 -0.302344 100 25 0 0 0 0 0 0 0 0
70900 -271.567 -2.162 100 40 0 0 0 0 0 0 0 0 0 -1.66024 100 11 -0.264494 100 19 0 0 0 0 0 0 0 0
71000 -271.912 -0.783485 100 53 0 0 0 0 0 0 0 0 0 -1.85554 100 14 -0.373168 100 20 0 0 0 0 0 0 0 0
71100 -271.807 -1.00223 100 43 0 0 0 0 0 0 0 0 0 -1.6674 100 30 -0.334128 100 23 0 0 0 0 0 0 0 0
71200 -271.246 -2.14191 100 46 0 0 0 0 0 0 0 0 0 -1.68609 100 28 -0.671449 100 18 0 0 0 0 0 0 0 0
71300 -271.263 -1.33013 100 46 0 0 0 0 0 0 0 0 0 -1.61785 100 21 -0.500039 100 23 0 0 0 0 0 0 0 0
71400 -271.483 -1.97305 100 42 0 0 0 0 0 0 0 0 0 -1.5602 100 22 -0.477693 100 18 0 0 0 0 0 0 0 0
71500 -271.224 -1.11567 100 52 0 0 0 0 0 0 0 0 0 -1.80297 100 24 -0.29175 100 35 0 0 0 0 0 0 0 0
71600 -271.793 -1.71369 100 42 0 0 0 0 0 0 0 0 0 -1.6201 100 21 -0.262169 100 28 0 0 0 0 0 0 0 0
71700 -272.414 -0.983095 100 44 0 0 0 0 0 0 0 0 0 -1.56878 100 23 -0.732864 100 23 0 0 0 0 0 0 0 0
71800 -271.93 -1.83 100 38 0 0 0 0 0 0 0 0 0 -1.86152 100 27 -0.60697 100 26 0 0 0 0 0 0 0 0
71900 -271.493 -2.18413 100 47 0 0 0 0 0 0 0 0 0 -1.77481 100 27 -0.1829 100 23 0 0 0 0 0 0 0 0
72000 -273.592 -2.29135 100 44 0 0 0 0 0 0 0 0 0 -2.07427 100 24 -0.0737997 100 23 0 0 0 0 0 0 0 0
72100 -271.398 -1.34153 100 42 0 0 0 0 0 0 0 0 0 -1.84016 100 23 -0.145062 100 29 0 0 0 0 0 0 0 0
72200 -272.726 -2.62821 100 28 0 0 0 0 0 0 0 0 0 -1.82947 100 25 -0.0294652 100 21 0 0 0 0 0 0 0 0
72300 -271.393 -2.23179 100 40 0 0 0 0 0 0 0 0 0 -1.75535 100 26 -0.611596 100 27 0 0 0 0 0 0 0 0
72400 -272.419 -1.27447 100 47 0 0 0 0 0 0 0 0 0 -1.87345 100 19 0.0441818 100 16 0 0 0 0 0 0 0 0
72500 -272.325 -1.8513 100 43 0 0 0 0 0 0 0 0 0 -1.93187 100 26 0.0203325 100 24 0 0 0 0 0 0 0 0
72600 -273.081 -1.6671 100 54 0 0 0 0 0 0 0 0 0 -2.07267 100 23 -0.197978 100 31 0 0 0 0 0 0 0 0
72700 -271.348 -1.352 100 43 0 0 0 0 0 0 0 0 0 -1.60897 100 24 -0.656128 100 17 0 0 0 0 0 0 0 0
72800 -274.305 -1.11284 100 41 0 0 0 0 0 0 0 0 0 -1.8931 100 20 0.237076 100 27 0 0 0 0 0 0 0 0
72900 -272.066 -1.27649 100 43 0 0 0 0 0 0 0 0 0 -1.59321 100 31 -0.845404 100 17 0 0 0 0 0 0 0 0
73000 -272.193 -0.810984 100 37 0 0 0 0 0 0 0 0 0 -1.6766 100 23 -0.348032 100 21 0 0 0 0 0 0 0 0
73100 -277.25 -3.23229 100 40 0 0 0 0 0 0 0 0 0 -1.28647 100 24 -0.525049 100 28 0 0 0 0 0 0 0 0
73200 -270.795 -1.70295 100 38 0 0 0 0 0 0 0 0 0 -1.73994 100 24 -0.376237 100 20 0 0 0 0 0 0 0 0
73300 -271.521 -1.18491 100 45 0 0 0 0 0 0 0 0 0 -1.74124 100 18 -0.664615 100 22 0 0 0 0 0 0 0 0
73400 -272.368 -1.83068 100 36 0 0 0 0 0 0 0 0 0 -1.49974 100 16 -0.430828 100 28 0 0 0 0 0 0 0 0
73500 -273.264 -1.13392 100 36 0 0 0 0 0 0 0 0 0 -1.46028 100 31 -0.589008 100 29 0 0 0 0 0 0 0 0
73600 -272.531 -1.27293 100 46 0 0 0 0 0 0 0 0 0 -2.02713 100 19 -0.258863 100 22 0 0 0 0 0 0 0 0
73700 -273.436 -1.39942 100 56 0 0 0 0 0 0 0 0 0 -2.04549 100 20 -0.445341 100 25 0 0 0 0 0 0 0 0
73800 -273.576 -1.81205 100 36 0 0 0 0 0 0 0 0 0 -2.09573 100 29 -0.22551 100 18 0 0 0 0 0 0 0 0
73900 -272.848 -3.50421 100 43 0 0 0 0 0 0 0 0 0 -1.60463 100 19 -0.496966 100 24 0 0 0 0 0 0 0 0
74000 -271.441 -1.92711 100 47 0 0 0 0 0 0 0 0 0 -1.69112 100 23 -0.225705 100 24 0 0 0 0 0 0 0 0
74100 -273.799 -0.999655 100 54 0 0 0 0 0 0 0 0 0 -2.00119 100 19 -0.598713 100 21 0 0 0 0 0 0 0 0
74200 -270.91 -1.68927 100 39 0 0 0 0 0 0 0 0 0 -1.75108 100 21 -0.539652 100 25 0 0 0 0 0 0 0 0
74300 -272.947 -1.96762 100 47 0 0 0 0 0 0 0 0 0 -1.90857 100 22 -0.676011 100 26 0 0 0 0 0 0 0 0
74400 -272.312 -0.819018 100 42 0 0 0 0 0 0 0 0 0 -1.65914 100 22 -0.348193 100 28 0 0 0 0 0 0 0 0
74500 -271.1 -1.61887 100 45 0 0 0 0 0 0 0 0 0 -1.79755 100 24 -0.534807 100 20 0 0 0 0 0 0 0 0
74600 -271.642 -1.82589 100 42 0 0 0 0 0 0 0 0 0 -1.66318 100 21 -0.818809 100 22 0 0 0 0 0 0 0 0
74700 -271.484 -1.47478 100 49 0 0 0 0 0 0 0 0 0 -1.55934 100 22 -0.634458 100 26 0 0 0 0 0 0 0 0
74800 -272.651 -2.62627 100 44 0 0 0 0 0 0 0 0 0 -1.56958 100 31 -0.936691 100 24 0 0 0 0 0 0 0 0
74900 -271.217 -2.17567 100 51 0 0 0 0 0 0 0 0 0 -1.60706 100 22 -0.480602 100 20 0 0 0 0 0 0 0 0
75000 -272.165 -1.45342 100 47 0 0 0 0 0 0 0 0 0 -1.9207 100 25 0.016663 100 19 0 0 0 0 0 0 0 0
75100 -271.101 -1.60717 100 50 0 0 0 0 0 0 0 0 0 -1.75639 100 15 -0.230525 100 25 0 0 0 0 0 0 0 0
75200 -270.866 -1.4104 100 34 0 0 0 0 0 0 0 0 0 -1.76978 100 18 -0.411777 100 16 0 0 0 0 0 0 0 0
75300 -271.438 -1.07997 100 43 0 0 0 0 0 0 0 0 0 -1.77563 100 22 -0.231746 100 27 0 0 0 0 0 0 0 0
75400 -271.845 -1.38819 100 38 0 0 0 0 0 0 0 0 0 -1.65915 100 17 -0.83256 100 30 0 0 0 0 0 0 0 0
75500 -271.23 -1.70013 100 50 0 0 0 0 0 0 0 0 0 -1.86537 100 22 -0.389879 100 32 0 0 0 0 0 0 0 0
75600 -272.277 -2.2753 100 46 0 0 0 0 0 0 0 0 0 -1.95599 100 25 -0.249517 100 26 0 0 0 0 0 0 0 0
75700 -272.783 -2.54338 100 52 0 0 0 0 0 0 0 0 0 -1.966 100 21 -0.101581 100 21 0 0 0 0 0 0 0 0
75800 -272.359 -2.21577 100 34 0 0 0 0 0 0 0 0 0 -1.51986 100 26 -0.392853 100 24 0 0 0 0 0 0 0 0
75900 -274.153 -3.5283 100 44 0 0 0 0 0 0 0 0 0 -1.93106 100 23 -0.0750864 100 13 0 0 0 0 0 0 0 0
76000 -271.159 -1.76806 100 44 0 0 0 0 0 0 0 0 0 -1.76941 100 22 -0.598989 100 25 0 0 0 0 0 0 0 0
76100 -271.94 -2.65178 100 35 0 0 0 0 0 0 0 0 0 -1.84334 100 29 -0.242402 100 23 0 0 0 0 0 0 0 0
76200 -273.465 -2.84352 100 49 0 0 0 0 0 0 0 0 0 -1.85106 100 19 -0.718458 100 18 0 0 0 0 0 0 0 0
76300 -273.316 -1.7441 100 53 0 0 0 0 0 0 0 0 0 -1.98132 100 24 0.166631 100 28 0 0 0 0 0 0 0 0
76400 -271.026 -2.24501 100 47 0 0 0 0 0 0 0 0 0 -1.69043 100 27 -0.511045 100 18 0 0 0 0 0 0 0 0
76500 -271.298 -2.39232 100 49 0 0 0 0 0 0 0 0 0 -1.7548 100 32 -0.512773 100 19 0 0 0 0 0 0 0 0
76600 -271.272 -1.33404 100 49 0 0 0 0 0 0 0 0 0 -1.61198 100 23 -0.573938 100 18 0 0 0 0 0 0 0 0
76700 -271.157 -1.28953 100 51 0 0 0 0 0 0 0 0 0 -1.65045 100 26 -0.571341 100 17 0 0 0 0 0 0 0 0
76800 -272.822 -2.62518 100 41 0 0 0 0 0 0 0 0 0 -1.64932 100 18 -0.937737 100 30 0 0 0 0 0 0 0 0
76900 -271.152 -1.64218 100 48 0 0 0 0 0 0 0 0 0 -1.6139 100 22 -0.44006 100 20 0 0 0 0 0 0 0 0
77000 -272.192 -2.88857 100 40 0 0 0 0 0 0 0 0 0 -1.75121 100 28 -0.627059 100 19 0 0 0 0 0 0 0 0
77100 -271.729 -1.84602 100 48 0 0 0 0 0 0 0 0 0 -1.903 100 25 -0.442678 100 19 0 0 0 0 0 0 0 0
77200 -272.471 -3.15785 100 38 0 0 0 0 0 0 0 0 0 -1.69945 100 21 -0.667825 100 27 0 0 0 0 0 0 0 0
77300 -271.711 -2.63684 100 43 0 0 0 0 0 0 0 0 0 -1.78518 100 19 -0.266689 100 20 0 0 0 0 0 0 0 0
77400 -270.956 -1.96491 100 48 0 0 0 0 0 0 0 0 0 -1.77284 100 28 -0.322056 100 21 0 0 0 0 0 0 0 0
77500 -272.488 -3.31492 100 48 0 0 0 0 0 0 0 0 0 -1.6593 100 29 -0.616198 100 25 0 0 0 0 0 0 0 0
77600 -277.097 -4.55772 100 40 0 0 0 0 0 0 0 0 0 -1.9571 100 23 0.112228 100 23 0 0 0 0 0 0 0 0
77700 -272.75 -3.20265 100 40 0 0 0 0 0 0 0 0 0 -1.5884 100 18 -0.78522 100 19 0 0 0 0 0 0 0 0
77800 -272.391 -1.20044 100 60 0 0 0 0 0 0 0 0 0 -1.60579 100 24 -0.894772 100 24 0 0 0 0 0 0 0 0
77900 -278.581 -3.49781 100 54 0 0 0 0 0 0 0 0 0 -1.87026 100 21 -1.16948 100 29 0 0 0 0 0 0 0 0
78000 -271.18 -2.31141 100 36 0 0 0 0 0 0 0 0 0 -1.70974 100 26 -0.350792 100 25 0 0 0 0 0 0 0 0
78100 -271.409 -2.07679 100 47 0 0 0 0 0 0 0 0 0 -1.75097 100 27 -0.657072 100 29 0 0 0 0 0 0 0 0
78200 -271.33 -1.31129 100 43 0 0 0 0 0 0 0 0 0 -1.77991 100 23 -0.187058 100 18 0 0 0 0 0 0 0 0
78300 -273.014 -1.10069 100 34 0 0 0 0 0 0 0 0 0 -2.07543 100 18 -0.149417 100 22 0 0 0 0 0 0 0 0
78400 -273.197 -3.18402 100 50 0 0 0 0 0 0 0 0 0 -1.86469 100 23 -0.521059 100 21 0 0 0 0 0 0 0 0
78500 -276.694 -1.83307 100 39 0 0 0 0 0 0 0 0 0 -1.39004 100 20 -0.215083 100 21 0 0 0 0 0 0 0 0
78600 -272.35 -2.4033 100 45 0 0 0 0 0 0 0 0 0 -1.85503 100 26 -0.0443889 100 14 0 0 0 0 0 0 0 0
78700 -273.189 -2.83773 100 45 0 0 0 0 0 0 0 0 0 -1.81196 100 21 -0.00889876 100 22 0 0 0 0 0 0 0 0
78800 -273.896 -4.01493 100 39 0 0 0 0 0 0 0 0 0 -1.65063 100 31 -0.709148 100 24 0 0 0 0 0 0 0 0
78900 -271.505 -1.90583 100 39 0 0 0 0 0 0 0 0 0 -1.84592 100 26 -0.129677 100 19 0 0 0 0 0 0 0 0
79000 -271.492 -0.952195 100 46 0 0 0 0 0 0 0 0 0 -1.83164 100 27 -0.375347 100 21 0 0 0 0 0 0 0 0
79100 -270.98 -1.62473 100 41 0 0 0 0 0 0 0 0 0 -1.68236 100 19 -0.350449 100 27 0 0 0 0 0 0 0 0
79200 -271.679 -0.865372 100 47 0 0 0 0 0 0 0 0 0 -1.74813 100 18 -0.49888 100 18 0 0 0 0 0 0 0 0
79300 -274.278 -4.12173 100 40 0 0 0 0 0 0 0 0 0 -1.54472 100 17 -0.749896 100 30 0 0 0 0 0 0 0 0
79400 -273.134 -1.19729 100 40 0 0 0 0 0 0 0 0 0 -1.8372 100 21 0.102596 100 21 0 0 0 0 0 0 0 0
79500 -270.986 -1.58419 100 38 0 0 0 0 0 0 0 0 0 -1.81153 100 23 -0.448379 100 19 0 0 0 0 0 0 0 0
79600 -271.505 -1.13989 100 41 0 0 0 0 0 0 0 0 0 -1.88542 100 18 -0.188435 100 22 0 0 0 0 0 0 0 0
79700 -270.964 -1.54839 100 53 0 0 0 0 0 0 0 0 0 -1.75771 100 19 -0.277728 100 25 0 0 0 0 0 0 0 0
79800 -274.678 -2.05962 100 35 0 0 0 0 0 0 0 0 0 -1.82747 100 25 -1.03788 100 21 0 0 0 0 0 0 0 0
79900 -272.803 -0.904487 100 38 0 0 0 0 0 0 0 0 0 -1.63812 100 17 -0.855989 100 24 0 0 0 0 0 0 0 0
80000 -272.808 -0.948866 100 36 0 0 0 0 0 0 0 0 0 -1.67119 100 25 -0.878353 100 14 0 0 0 0 0 0 0 0
80100 -271.235 -1.28976 100 58 0 0 0 0 0 0 0 0 0 -1.72662 100 15 -0.626844 100 19 0 0 0 0 0 0 0 0
80200 -272.534 -3.20088 100 41 0 0 0 0 0 0 0 0 0 -1.81375 100 26 -0.325033 100 23 0 0 0 0 0 0 0 0
80300 -271.54 -1.80282 100 50 0 0 0 0 0 0 0 0 0 -1.62379 100 16 -0.808701 100 28 0 0 0 0 0 0 0 0
80400 -271.034 -1.80753 100 44 0 0 0 0 0 0 0 0 0 -1.74916 100 23 -0.260758 100 23 0 0 0 0 0 0 0 0
80500 -271.585 -1.83085 100 40 0 0 0 0 0 0 0 0 0 -1.72589 100 25 -0.756148 100 16 0 0 0 0 0 0 0 0
80600 -273.523 -2.61962 100 38 0 0 0 0 0 0 0 0 0 -1.42363 100 17 -0.517862 100 22 0 0 0 0 0 0 0 0
80700 -271.603 -2.75203 100 41 0 0 0 0 0 0 0 0 0 -1.728 100 20 -0.398241 100 23 0 0 0 0 0 0 0 0
80800 -271.767 -0.992344 100 48 0 0 0 0 0 0 0 0 0 -1.91796 100 29 -0.280503 100 23 0 0 0 0 0 0 0 0
80900 -273.411 -0.848864 100 36 0 0 0 0 0 0 0 0 0 -1.91294 100 28 -0.685859 100 19 0 0 0 0 0 0 0 0
81000 -273.232 -2.83883 100 42 0 0 0 0 0 0 0 0 0 -1.72328 100 24 -0.88829 100 26 0 0 0 0 0 0 0 0
81100 -271.964 -2.62811 100 41 0 0 0 0 0 0 0 0 0 -1.67022 100 20 -0.260504 100 20 0 0 0 0 0 0 0 0
81200 -272.423 -2.07964 100 36 0 0 0 0 0 0 0 0 0 -1.47733 100 23 -0.897561 100 24 0 0 0 0 0 0 0 0
81300 -273.821 -0.853504 100 48 0 0 0 0 0 0 0 0 0 -2.02929 100 20 0.186605 100 25 0 0 0 0 0 0 0 0
81400 -272.233 -1.62069 100 41 0 0 0 0 0 0 0 0 0 -1.84868 100 28 0.0209728 100 26 0 0 0 0 0 0 0 0
81500 -272.459 -1.40552 100 48 0 0 0 0 0 0 0 0 0 -1.7406 100 27 -0.882623 100 26 0 0 0 0 0 0 0 0
81600 -271.899 -2.20516 100 35 0 0 0 0 0 0 0 0 0 -1.59816 100 19 -0.858742 100 21 0 0 0 0 0 0 0 0
81700 -270.851 -1.47209 100 40 0 0 0 0 0 0 0 0 0 -1.76443 100 23 -0.354855 100 16 0 0 0 0 0 0 0 0
81800 -272.257 -2.07001 100 45 0 0 0 0 0 0 0 0 0 -1.59122 100 25 -0.248823 100 29 0 0 0 0 0 0 0 0
81900 -272.581 -1.81979 100 48 0 0 0 0 0 0 0 0 0 -1.52842 100 28 -0.997121 100 26 0 0 0 0 0 0 0 0
82000 -271.234 -1.71778 100 38 0 0 0 0 0 0 0 0 0 -1.66291 100 22 -0.301914 100 30 0 0 0 0 0 0 0 0
82100 -270.992 -1.83 100 39 0 0 0 0 0 0 0 0 0 -1.77963 100 27 -0.270326 100 16 0 0 0 0 0 0 0 0
82200 -272.253 -0.759749 100 43 0 0 0 0 0 0 0 0 0 -1.92902 100 17 -0.173509 100 27 0 0 0 0 0 0 0 0
82300 -271.769 -1.44279 100 42 0 0 0 0 0 0 0 0 0 -1.82685 100 18 -0.650875 100 17 0 0 0 0 0 0 0 0
82400 -270.938 -1.96959 100 43 0 0 0 0 0 0 0 0 0 -1.72667 100 18 -0.337262 100 27 0 0 0 0 0 0 0 0
82500 -271.063 -1.55595 100 43 0 0 0 0 0 0 0 0 0 -1.777 100 21 -0.557843 100 22 0 0 0 0 0 0 0 0
82600 -276.08 -3.60005 100 41 0 0 0 0 0 0 0 0 0 -1.98002 100 27 0.202346 100 21 0 0 0 0 0 0 0 0
82700 -273.589 -3.88663 100 39 0 0 0 0 0 0 0 0 0 -1.75306 100 20 -0.54142 100 23 0 0 0 0 0 0 0 0
82800 -271.638 -2.11734 100 46 0 0 0 0 0 0 0 0 0 -1.69141 100 16 -0.772511 100 28 0 0 0 0 0 0 0 0
82900 -273.452 -1.1254 100 45 0 0 0 0 0 0 0 0 0 -1.80816 100 20 0.104656 100 19 0 0 0 0 0 0 0 0
83000 -271.656 -2.71947 100 51 0 0 0 0 0 0 0 0 0 -1.67157 100 33 -0.619522 100 28 0 0 0 0 0 0 0 0
83100 -270.795 -1.62257 100 45 0 0 0 0 0 0 0 0 0 -1.70051 100 16 -0.429746 100 21 0 0 0 0 0 0 0 0
83200 -271.653 -2.44205 100 37 0 0 0 0 0 0 0 0 0 -1.81438 100 31 -0.499709 100 20 0 0 0 0 0 0 0 0
83300 -272.201 -2.08454 100 44 0 0 0 0 0 0 0 0 0 -1.77637 100 24 -0.0461086 100 26 0 0 0 0 0 0 0 0
83400 -271.998 -2.56288 100 45 0 0 0 0 0 0 0 0 0 -1.86052 100 22 -0.188737 100 25 0 0 0 0 0 0 0 0
83500 -271.924 -2.2943 100 44 0 0 0 0 0 0 0 0 0 -1.88833 100 27 -0.138012 100 24 0 0 0 0 0 0 0 0
83600 -271.24 -1.95308 100 56 0 0 0 0 0 0 0 0 0 -1.8064 100 23 -0.528267 100 19 0 0 0 0 0 0 0 0
83700 -271.16 -1.79433 100 43 0 0 0 0 0 0 0 0 0 -1.85479 100 21 -0.360964 100 19 0 0 0 0 0 0 0 0
83800 -272.493 -1.77219 100 60 0 0 0 0 0 0 0 0 0 -1.99513 100 25 0.00304952 100 15 0 0 0 0 0 0 0 0
83900 -271.728 -1.30219 100 54 0 0 0 0 0 0 0 0 0 -1.95052 100 22 -0.227168 100 23 0 0 0 0 0 0 0 0
84000 -272.308 -0.631618 100 42 0 0 0 0 0 0 0 0 0 -1.79596 100 27 -0.453357 100 18 0 0 0 0 0 0 0 0
84100 -271.388 -1.79176 100 56 0 0 0 0 0 0 0 0 0 -1.55023 100 33 -0.601577 100 20 0 0 0 0 0 0 0 0
84200 -272.057 -2.04175 100 38 0 0 0 0 0 0 0 0 0 -1.47718 100 29 -0.702385 100 23 0 0 0 0 0 0 0 0
84300 -271.895 -1.23466 100 46 0 0 0 0 0 0 0 0 0 -1.91001 100 21 -0.0515401 100 18 0 0 0 0 0 0 0 0
84400 -271.862 -2.7124 100 37 0 0 0 0 0 0 0 0 0 -1.79289 100 21 -0.506677 100 23 0 0 0 0 0 0 0 0
84500 -271.186 -1.81981 100 43 0 0 0 0 0 0 0 0 0 -1.74888 100 25 -0.21885 100 22 0 0 0 0 0 0 0 0
84600 -272.153 -0.956388 100 50 0 0 0 0 0 0 0 0 0 -1.74626 100 23 -0.720889 100 25 0 0 0 0 0 0 0 0
84700 -273.283 -2.46924 100 49 0 0 0 0 0 0 0 0 0 -1.40644 100 24 -0.896732 100 22 0 0 0 0 0 0 0 0
84800 -271.471 -1.35012 100 46 0 0 0 0 0 0 0 0 0 -1.81835 100 27 -0.129112 100 17 0 0 0 0 0 0 0 0
84900 -271.117 -1.5466 100 46 0 0 0 0 0 0 0 0 0 -1.85318 100 19 -0.251609 100 28 0 0 0 0 0 0 0 0
85000 -272.281 -2.31891 100 44 0 0 0 0 0 0 0 0 0 -1.49942 100 24 -0.485408 100 20 0 0 0 0 0 0 0 0
85100 -270.971 -1.73564 100 44 0 0 0 0 0 0 0 0 0 -1.63552 100 19 -0.609092 100 28 0 0 0 0 0 0 0 0
85200 -271.208 -1.10378 100 46 0 0 0 0 0 0 0 0 0 -1.71537 100 25 -0.485521 100 19 0 0 0 0 0 0 0 0
85300 -273.191 -2.46459 100 49 0 0 0 0 0 0 0 0 0 -1.40369 100 28 -0.706818 100 24 0 0 0 0 0 0 0 0
85400 -275.797 -4.53357 100 46 0 0 0 0 0 0 0 0 0 -1.55379 100 25 -0.305157 100 27 0 0 0 0 0 0 0 0
85500 -271.593 -2.35985 100 37 0 0 0 0 0 0 0 0 0 -1.59656 100 26 -0.744587 100 13 0 0 0 0 0 0 0 0
85600 -271.297 -2.16973 100 41 0 0 0 0 0 0 0 0 0 -1.75588 100 29 -0.237967 100 26 0 0 0 0 0 0 0 0
85700 -271.323 -2.29743 100 35 0 0 0 0 0 0 0 0 0 -1.59823 100 20 -0.639318 100 22 0 0 0 0 0 0 0 0
85800 -271.331 -1.46268 100 36 0 0 0 0 0 0 0 0 0 -1.63639 100 18 -0.352065 100 19 0 0 0 0 0 0 0 0
85900 -273.23 -2.19106 100 42 0 0 0 0 0 0 0 0 0 -1.67458 100 32 -1.03775 100 18 0 0 0 0 0 0 0 0
86000 -271.249 -1.13633 100 38 0 0 0 0 0 0 0 0 0 -1.69796 100 25 -0.387067 100 23 0 0 0 0 0 0 0 0
86100 -272.805 -0.720684 100 40 0 0 0 0 0 0 0 0 0 -2.00355 100 31 -0.100902 100 23 0 0 0 0 0 0 0 0
86200 -272.64 -3.15788 100 46 0 0 0 0 0 0 0 0 0 -1.56687 100 34 -0.758765 100 14 0 0 0 0 0 0 0 0
86300 -271.288 -1.67736 100 55 0 0 0 0 0 0 0 0 0 -1.66228 100 22 -0.291171 100 25 0 0 0 0 0 0 0 0
86400 -274.085 -1.62741 100 60 0 0 0 0 0 0 0 0 0 -2.15406 100 25 -0.086651 100 26 0 0 0 0 0 0 0 0
86500 -271.049 -1.91739 100 41 0 0 0 0 0 0 0 0 0 -1.64085 100 32 -0.6498 100 14 0 0 0 0 0 0 0 0
86600 -271.154 -1.11362 100 45 0 0 0 0 0 0 0 0 0 -1.74633 100 16 -0.388254 100 28 0 0 0 0 0 0 0 0
86700 -273.254 -2.21727 100 42 0 0 0 0 0 0 0 0 0 -1.38792 100 26 -0.7772 100 24 0 0 0 0 0 0 0 0
86800 -272.16 -1.31297 100 44 0 0 0 0 0 0 0 0 0 -1.74788 100 24 -0.816572 100 22 0 0 0 0 0 0 0 0
86900 -273.635 -3.88157 100 46 0 0 0 0 0 0 0 0 0 -1.78915 100 28 -0.46308 100 24 0 0 0 0 0 0 0 0
87000 -272.801 -2.3808 100 45 0 0 0 0 0 0 0 0 0 -1.46741 100 32 -0.477473 100 28 0 0 0 0 0 0 0 0
87100 -272.258 -1.65142 100 49 0 0 0 0 0 0 0 0 0 -1.53576 100 19 -0.363632 100 23 0 0 0 0 0 0 0 0
87200 -270.914 -1.5186 100 56 0 0 0 0 0 0 0 0 0 -1.7581 100 26 -0.520947 100 26 0 0 0 0 0 0 0 0
87300 -272.164 -1.03047 100 44 0 0 0 0 0 0 0 0 0 -1.63029 100 30 -0.313058 100 19 0 0 0 0 0 0 0 0
87400 -271.728 -1.64786 100 43 0 0 0 0 0 0 0 0 0 -1.53839 100 23 -0.483239 100 27 0 0 0 0 0 0 0 0
87500 -272.876 -1.27072 100 50 0 0 0 0 0 0 0 0 0 -1.8817 100 19 -0.735481 100 25 0 0 0 0 0 0 0 0
87600 -270.955 -1.80538 100 41 0 0 0 0 0 0 0 0 0 -1.65465 100 19 -0.411637 100 25 0 0 0 0 0 0 0 0
87700 -271.36 -2.27566 100 42 0 0 0 0 0 0 0 0 0 -1.79115 100 19 -0.246347 100 25 0 0 0 0 0 0 0 0
87800 -274.203 -1.9508 100 33 0 0 0 0 0 0 0 0 0 -1.94496 100 23 0.24761 100 20 0 0 0 0 0 0 0 0
87900 -272.183 -3.086 100 47 0 0 0 0 0 0 0 0 0 -1.74402 100 24 -0.325194 100 20 0 0 0 0 0 0 0 0
88000 -272.765 -2.31751 100 42 0 0 0 0 0 0 0 0 0 -1.45943 100 15 -0.504448 100 17 0 0 0 0 0 0 0 0
88100 -271.907 -1.39328 100 41 0 0 0 0 0 0 0 0 0 -1.57453 100 22 -0.828679 100 31 0 0 0 0 0 0 0 0
88200 -271.63 -1.78903 100 46 0 0 0 0 0 0 0 0 0 -1.64011 100 29 -0.826525 100 25 0 0 0 0 0 0 0 0
88300 -277.023 -0.243266 100 47 0 0 0 0 0 0 0 0 0 -1.51893 100 23 -0.828546 100 14 0 0 0 0 0 0 0 0
88400 -272.204 -0.870302 100 46 0 0 0 0 0 0 0 0 0 -1.93672 100 20 -0.36599 100 19 0 0 0 0 0 0 0 0
88500 -271.8 -1.40222 100 54 0 0 0 0 0 0 0 0 0 -1.9006 100 27 -0.497806 100 21 0 0 0 0 0 0 0 0
88600 -271.341 -1.78691 100 43 0 0 0 0 0 0 0 0 0 -1.57309 100 22 -0.484328 100 21 0 0 0 0 0 0 0 0
88700 -272.252 -2.20551 100 35 0 0 0 0 0 0 0 0 0 -1.89416 100 27 -0.0326589 100 29 0 0 0 0 0 0 0 0
88800 -272.499 -2.77118 100 35 0 0 0 0 0 0 0 0 0 -1.86912 100 15 -0.122489 100 14 0 0 0 0 0 0 0 0
88900 -271.625 -2.24401 100 38 0 0 0 0 0 0 0 0 0 -1.71677 100 23 -0.722846 100 24 0 0 0 0 0 0 0 0
89000 -271.458 -2.31122 100 46 0 0 0 0 0 0 0 0 0 -1.5846 100 22 -0.478366 100 27 0 0 0 0 0 0 0 0
89100 -272.486 -1.19786 100 54 0 0 0 0 0 0 0 0 0 -1.62533 100 20 -0.914381 100 25 0 0 0 0 0 0 0 0
89200 -272.494 -2.65507 100 41 0 0 0 0 0 0 0 0 0 -1.50514 100 21 -0.848392 100 23 0 0 0 0 0 0 0 0
89300 -273.01 -0.849871 100 50 0 0 0 0 0 0 0 0 0 -1.75217 100 30 -0.0514794 100 17 0 0 0 0 0 0 0 0
89400 -272.122 -0.996191 100 36 0 0 0 0 0 0 0 0 0 -1.59124 100 25 -0.678882 100 20 0 0 0 0 0 0 0 0
89500 -271.237 -2.20896 100 39 0 0 0 0 0 0 0 0 0 -1.81083 100 16 -0.30703 100 22 0 0 0 0 0 0 0 0
89600 -272.396 -1.67843 100 36 0 0 0 0 0 0 0 0 0 -2.00844 100 26 -0.0482982 100 18 0 0 0 0 0 0 0 0
89700 -273.69 -2.38638 100 39 0 0 0 0 0 0 0 0 0 -1.40191 100 23 -0.526904 100 23 0 0 0 0 0 0 0 0
89800 -275.153 -1.18942 100 46 0 0 0 0 0 0 0 0 0 -2.19692 100 21 0.281634 100 30 0 0 0 0 0 0 0 0
89900 -274.557 -2.00961 100 48 0 0 0 0 0 0 0 0 0 -1.31285 100 23 -0.882285 100 20 0 0 0 0 0 0 0 0
90000 -271.522 -1.44409 100 47 0 0 0 0 0 0 0 0 0 -1.68486 100 22 -0.762406 100 26 0 0 0 0 0 0 0 0
90100 -273.236 -1.04927 100 46 0 0 0 0 0 0 0 0 0 -2.07725 100 25 -0.243789 100 19 0 0 0 0 0 0 0 0
90200 -271.999 -2.55419 100 42 0 0 0 0 0 0 0 0 0 -1.71832 100 27 -0.188918 100 26 0 0 0 0 0 0 0 0
90300 -271.031 -1.28624 100 50 0 0 0 0 0 0 0 0 0 -1.81146 100 19 -0.326069 100 27 0 0 0 0 0 0 0 0
90400 -271.951 -1.65898 100 43 0 0 0 0 0 0 0 0 0 -1.73194 100 20 -0.822227 100 25 0 0 0 0 0 0 0 0
90500 -271.811 -1.19076 100 39 0 0 0 0 0 0 0 0 0 -1.57333 100 19 -0.677578 100 22 0 0 0 0 0 0 0 0
90600 -271.308 -1.8727 100 46 0 0 0 0 0 0 0 0 0 -1.70865 100 23 -0.708082 100 22 0 0 0 0 0 0 0 0
90700 -271.579 -2.33329 100 43 0 0 0 0 0 0 0 0 0 -1.77308 100 23 -0.607553 100 18 0 0 0 0 0 0 0 0
90800 -271.032 -1.45479 100 49 0 0 0 0 0 0 0 0 0 -1.79641 100 21 -0.250226 100 21 0 0 0 0 0 0 0 0
90900 -271.982 -2.90026 100 49 0 0 0 0 0 0 0 0 0 -1.60947 100 14 -0.663288 100 19 0 0 0 0 0 0 0 0
91000 -271.003 -1.66013 100 50 0 0 0 0 0 0 0 0 0 -1.65469 100 24 -0.392661 100 25 0 0 0 0 0 0 0 0
91100 -271.405 -1.67533 100 44 0 0 0 0 0 0 0 0 0 -1.66383 100 24 -0.765909 100 21 0 0 0 0 0 0 0 0
91200 -274.402 -0.499181 100 49 0 0 0 0 0 0 0 0 0 -2.10153 100 24 -0.250148 100 26 0 0 0 0 0 0 0 0
91300 -271.908 -1.16636 100 50 0 0 0 0 0 0 0 0 0 -1.96057 100 23 -0.271765 100 12 0 0 0 0 0 0 0 0
91400 -271.067 -1.3118 100 57 0 0 0 0 0 0 0 0 0 -1.66475 100 23 -0.544762 100 31 0 0 0 0 0 0 0 0
91500 -271.705 -1.85057 100 44 0 0 0 0 0 0 0 0 0 -1.92108 100 17 -0.358947 100 16 0 0 0 0 0 0 0 0
91600 -271.413 -2.0251 100 46 0 0 0 0 0 0 0 0 0 -1.55049 100 18 -0.650267 100 12 0 0 0 0 0 0 0 0
91700 -274.722 -2.26451 100 47 0 0 0 0 0 0 0 0 0 -1.65378 100 24 0.0613899 100 20 0 0 0 0 0 0 0 0
91800 -271.216 -1.47965 100 38 0 0 0 0 0 0 0 0 0 -1.70978 100 24 -0.255497 100 20 0 0 0 0 0 0 0 0
91900 -272.188 -0.765302 100 44 0 0 0 0 0 0 0 0 0 -1.66913 100 20 -0.475651 100 23 0 0 0 0 0 0 0 0
92000 -273.041 -1.39455 100 44 0 0 0 0 0 0 0 0 0 -1.49437 100 21 -0.996923 100 21 0 0 0 0 0 0 0 0
92100 -271.212 -1.16569 100 42 0 0 0 0 0 0 0 0 0 -1.76949 100 22 -0.525108 100 26 0 0 0 0 0 0 0 0
92200 -274.408 -3.19067 100 47 0 0 0 0 0 0 0 0 0 -1.99511 100 26 0.0396291 100 22 0 0 0 0 0 0 0 0
92300 -272.246 -1.0029 100 43 0 0 0 0 0 0 0 0 0 -1.83936 100 28 -0.648749 100 27 0 0 0 0 0 0 0 0
92400 -271.48 -2.32229 100 42 0 0 0 0 0 0 0 0 0 -1.76676 100 12 -0.592468 100 23 0 0 0 0 0 0 0 0
92500 -274.191 -1.78577 100 39 0 0 0 0 0 0 0 0 0 -1.70555 100 32 0.0963954 100 14 0 0 0 0 0 0 0 0
92600 -271.409 -1.64527 100 48 0 0 0 0 0 0 0 0 0 -1.55355 100 18 -0.635235 100 14 0 0 0 0 0 0 0 0
92700 -271.332 -2.45002 100 46 0 0 0 0 0 0 0 0 0 -1.77454 100 23 -0.417516 100 26 0 0 0 0 0 0 0 0
92800 -272.218 -2.46605 100 49 0 0 0 0 0 0 0 0 0 -1.49104 100 16 -0.766562 100 20 0 0 0 0 0 0 0 0
92900 -271.731 -1.44033 100 47 0 0 0 0 0 0 0 0 0 -1.61144 100 29 -0.31527 100 19 0 0 0 0 0 0 0 0
93000 -271.447 -2.50043 100 44 0 0 0 0 0 0 0 0 0 -1.7916 100 25 -0.353638 100 21 0 0 0 0 0 0 0 0
93100 -270.834 -1.90939 100 42 0 0 0 0 0 0 0 0 0 -1.69234 100 23 -0.521148 100 28 0 0 0 0 0 0 0 0
93200 -271.619 -1.85719 100 46 0 0 0 0 0 0 0 0 0 -1.9175 100 23 -0.322999 100 20 0 0 0 0 0 0 0 0
93300 -274.024 -2.41324 100 46 0 0 0 0 0 0 0 0 0 -1.39834 100 18 -0.481573 100 29 0 0 0 0 0 0 0 0
93400 -271.889 -1.15153 100 37 0 0 0 0 0 0 0 0 0 -1.93568 100 22 -0.0925321 100 25 0 0 0 0 0 0 0 0
93500 -272.62 -0.968637 100 40 0 0 0 0 0 0 0 0 0 -1.9675 100 20 -0.449033 100 21 0 0 0 0 0 0 0 0
93600 -272.352 -2.24893 100 46 0 0 0 0 0 0 0 0 0 -1.46953 100 26 -0.82515 100 23 0 0 0 0 0 0 0 0
93700 -271.814 -2.23561 100 49 0 0 0 0 0 0 0 0 0 -1.87974 100 21 -0.440682 100 29 0 0 0 0 0 0 0 0
93800 -272.024 -1.14637 100 42 0 0 0 0 0 0 0 0 0 -1.65199 100 28 -0.806746 100 21 0 0 0 0 0 0 0 0
93900 -271.815 -0.945936 100 42 0 0 0 0 0 0 0 0 0 -1.70428 100 18 -0.646482 100 23 0 0 0 0 0 0 0 0
94000 -271.261 -1.77616 100 35 0 0 0 0 0 0 0 0 0 -1.74699 100 26 -0.199876 100 23 0 0 0 0 0 0 0 0
94100 -271.386 -1.24834 100 43 0 0 0 0 0 0 0 0 0 -1.81049 100 25 -0.170213 100 21 0 0 0 0 0 0 0 0
94200 -274.095 -3.18003 100 42 0 0 0 0 0 0 0 0 0 -1.78526 100 20 -0.855436 100 23 0 0 0 0 0 0 0 0
94300 -272.423 -0.795129 100 40 0 0 0 0 0 0 0 0 0 -1.87886 100 25 -0.0619766 100 24 0 0 0 0 0 0 0 0
94400 -273.39 -2.78695 100 43 0 0 0 0 0 0 0 0 0 -1.41927 100 24 -0.87576 100 23 0 0 0 0 0 0 0 0
94500 -274.037 -1.06967 100 48 0 0 0 0 0 0 0 0 0 -1.85117 100 27 -0.916828 100 26 0 0 0 0 0 0 0 0
94600 -272.838 -2.88606 100 43 0 0 0 0 0 0 0 0 0 -1.54562 100 23 -0.906634 100 24 0 0 0 0 0 0 0 0
94700 -273.3 -3.38334 100 49 0 0 0 0 0 0 0 0 0 -1.68211 100 29 -0.80254 100 22 0 0 0 0 0 0 0 0
94800 -270.983 -2.15825 100 42 0 0 0 0 0 0 0 0 0 -1.74365 100 23 -0.450083 100 13 0 0 0 0 0 0 0 0
94900 -271.68 -1.22571 100 55 0 0 0 0 0 0 0 0 0 -1.61873 100 23 -0.738729 100 21 0 0 0 0 0 0 0 0
95000 -271.314 -1.44943 100 49 0 0 0 0 0 0 0 0 0 -1.58693 100 23 -0.545245 100 21 0 0 0 0 0 0 0 0
95100 -270.932 -1.49263 100 36 0 0 0 0 0 0 0 0 0 -1.78689 100 21 -0.471537 100 23 0 0 0 0 0 0 0 0
95200 -272.393 -3.22085 100 46 0 0 0 0 0 0 0 0 0 -1.72533 100 18 -0.565196 100 26 0 0 0 0 0 0 0 0
95300 -271.856 -2.80071 100 41 0 0 0 0 0 0 0 0 0 -1.5866 100 29 -0.612914 100 28 0 0 0 0 0 0 0 0
95400 -271.222 -1.15314 100 45 0 0 0 0 0 0 0 0 0 -1.8113 100 24 -0.265609 100 20 0 0 0 0 0 0 0 0
95500 -273.084 -3.68067 100 40 0 0 0 0 0 0 0 0 0 -1.74132 100 18 -0.372462 100 13 0 0 0 0 0 0 0 0
95600 -271.577 -1.85987 100 46 0 0 0 0 0 0 0 0 0 -1.89304 100 21 -0.418078 100 22 0 0 0 0 0 0 0 0
95700 -272.723 -2.86039 100 40 0 0 0 0 0 0 0 0 0 -1.58628 100 24 -0.297889 100 22 0 0 0 0 0 0 0 0
95800 -273.087 -2.21396 100 50 0 0 0 0 0 0 0 0 0 -1.67226 100 20 -1.01815 100 32 0 0 0 0 0 0 0 0
95900 -272.612 -0.881576 100 42 0 0 0 0 0 0 0 0 0 -1.58011 100 24 -0.722944 100 21 0 0 0 0 0 0 0 0
96000 -272.076 -1.4984 100 42 0 0 0 0 0 0 0 0 0 -1.96882 100 21 -0.360384 100 22 0 0 0 0 0 0 0 0
96100 -271.987 -0.771416 100 43 0 0 0 0 0 0 0 0 0 -1.74867 100 26 -0.533744 100 28 0 0 0 0 0 0 0 0
96200 -271.51 -2.4508 100 51 0 0 0 0 0 0 0 0 0 -1.73648 100 24 -0.610454 100 18 0 0 0 0 0 0 0 0
96300 -271.31 -2.48509 100 40 0 0 0 0 0 0 0 0 0 -1.70271 100 18 -0.552598 100 25 0 0 0 0 0 0 0 0
96400 -272.951 -0.443396 100 40 0 0 0 0 0 0 0 0 0 -1.84849 100 21 -0.328059 100 16 0 0 0 0 0 0 0 0
96500 -271.379 -1.63685 100 55 0 0 0 0 0 0 0 0 0 -1.86185 100 30 -0.477178 100 28 0 0 0 0 0 0 0 0
96600 -271.675 -1.34931 100 43 0 0 0 0 0 0 0 0 0 -1.65866 100 23 -0.253684 100 23 0 0 0 0 0 0 0 0
96700 -271.602 -1.78953 100 46 0 0 0 0 0 0 0 0 0 -1.68685 100 25 -0.195486 100 28 0 0 0 0 0 0 0 0
96800 -271.891 -2.50773 100 42 0 0 0 0 0 0 0 0 0 -1.85974 100 23 -0.414758 100 13 0 0 0 0 0 0 0 0
96900 -271.812 -2.20388 100 49 0 0 0 0 0 0 0 0 0 -1.51724 100 21 -0.744949 100 22 0 0 0 0 0 0 0 0
97000 -274.026 -4.20908 100 34 0 0 0 0 0 0 0 0 0 -1.60635 100 32 -0.558519 100 26 0 0 0 0 0 0 0 0
97100 -272.045 -1.31691 100 35 0 0 0 0 0 0 0 0 0 -1.74897 100 22 -0.0839224 100 23 0 0 0 0 0 0 0 0
97200 -274.882 -4.52425 100 45 0 0 0 0 0 0 0 0 0 -1.55348 100 15 -0.536845 100 20 0 0 0 0 0 0 0 0
97300 -271.741 -2.41421 100 43 0 0 0 0 0 0 0 0 0 -1.59901 100 19 -0.777621 100 20 0 0 0 0 0 0 0 0
97400 -273.669 -3.51476 100 43 0 0 0 0 0 0 0 0 0 -1.77411 100 21 -0.110478 100 23 0 0 0 0 0 0 0 0
97500 -271.34 -1.7804 100 52 0 0 0 0 0 0 0 0 0 -1.84403 100 20 -0.498814 100 27 0 0 0 0 0 0 0 0
97600 -271.766 -1.11783 100 47 0 0 0 0 0 0 0 0 0 -1.78191 100 21 -0.660926 100 16 0 0 0 0 0 0 0 0
97700 -271.36 -1.93057 100 51 0 0 0 0 0 0 0 0 0 -1.73663 100 23 -0.19741 100 24 0 0 0 0 0 0 0 0
97800 -272.409 -3.03626 100 39 0 0 0 0 0 0 0 0 0 -1.61424 100 34 -0.757723 100 17 0 0 0 0 0 0 0 0
97900 -271.352 -1.98909 100 35 0 0 0 0 0 0 0 0 0 -1.86428 100 18 -0.377429 100 20 0 0 0 0 0 0 0 0
98000 -271.101 -2.24911 100 45 0 0 0 0 0 0 0 0 0 -1.67594 100 27 -0.404659 100 31 0 0 0 0 0 0 0 0
98100 -270.993 -1.71038 100 46 0 0 0 0 0 0 0 0 0 -1.81678 100 22 -0.426731 100 17 0 0 0 0 0 0 0 0
98200 -271.766 -1.94672 100 49 0 0 0 0 0 0 0 0 0 -1.9337 100 34 -0.208422 100 14 0 0 0 0 0 0 0 0
98300 -270.974 -1.4403 100 47 0 0 0 0 0 0 0 0 0 -1.82093 100 22 -0.371707 100 18 0 0 0 0 0 0 0 0
98400 -271.616 -2.02822 100 47 0 0 0 0 0 0 0 0 0 -1.53633 100 25 -0.742546 100 17 0 0 0 0 0 0 0 0
98500 -270.987 -1.89383 100 37 0 0 0 0 0 0 0 0 0 -1.69648 100 24 -0.616126 100 27 0 0 0 0 0 0 0 0
98600 -271.914 -2.12791 100 48 0 0 0 0 0 0 0 0 0 -1.6022 100 25 -0.871738 100 24 0 0 0 0 0 0 0 0
98700 -271.886 -2.36876 100 44 0 0 0 0 0 0 0 0 0 -1.58114 100 25 -0.823721 100 22 0 0 0 0 0 0 0 0
98800 -272.954 -1.42312 100 43 0 0 0 0 0 0 0 0 0 -1.97442 100 23 -0.556583 100 20 0 0 0 0 0 0 0 0
98900 -274.359 -1.52075 100 38 0 0 0 0 0 0 0 0 0 -1.65472 100 24 0.047508 100 23 0 0 0 0 0 0 0 0
99000 -272.038 -2.72 100 41 0 0 0 0 0 0 0 0 0 -1.81979 100 22 -0.204293 100 27 0 0 0 0 0 0 0 0
99100 -271.672 -0.989204 100 38 0 0 0 0 0 0 0 0 0 -1.83427 100 24 -0.504725 100 22 0 0 0 0 0 0 0 0
99200 -271.489 -2.04801 100 44 0 0 0 0 0 0 0 0 0 -1.64878 100 20 -0.774883 100 29 0 0 0 0 0 0 0 0
99300 -274.05 -4.05987 100 46 0 0 0 0 0 0 0 0 0 -1.62702 100 17 -0.350896 100 23 0 0 0 0 0 0 0 0
99400 -271.48 -1.98514 100 46 0 0 0 0 0 0 0 0 0 -1.55911 100 24 -0.73908 100 34 0 0 0 0 0 0 0 0
99500 -272.429 -2.73256 100 41 0 0 0 0 0 0 0 0 0 -1.5186 100 28 -0.487022 100 27 0 0 0 0 0 0 0 0
99600 -271.218 -1.5391 100 41 0 0 0 0 0 0 0 0 0 -1.87553 100 23 -0.242664 100 22 0 0 0 0 0 0 0 0
99700 -271.021 -1.9302 100 50 0 0 0 0 0 0 0 0 0 -1.61439 100 19 -0.570248 100 15 0 0 0 0 0 0 0 0
99800 -271.359 -1.8071 100 47 0 0 0 0 0 0 0 0 0 -1.63451 100 27 -0.320707 100 22 0 0 0 0 0 0 0 0
99900 -271.573 -2.7614 100 47 0 0 0 0 0 0 0 0 0 -1.68106 100 16 -0.479499 100 25 0 0 0 0 0 0 0 0
100000 -274.088 -1.22624 100 44 0 0 0 0 0 0 0 0 0 -2.16392 100 22 0.0564314 100 20 0 0 0 0 0 0 0 0
