iteration logLik intercept1 intercept1_p intercept1_a pcov2 pcov2_p pcov2_a pcov3 pcov3_p pcov3_a pcov4 pcov4_p pcov4_a intercept2 intercept2_p intercept2_a intercept3 intercept3_p intercept3_a intercept4 intercept4_p intercept4_a pcov pcov_p pcov_a data_p data_a
0 -5.56088e+07 15.1704 0 0 0 0 0 0 0 0 0 0 0 -2.05727 0 0 -1.65654 0 0 0 0 0 0 0 0 0 0
100 -283.101 -0.83851 100 35 0 0 0 0 0 0 0 0 0 -1.66347 100 32 -1.09057 100 37 0 0 0 0 0 0 0 0
200 -282.915 -1.09504 100 27 0 0 0 0 0 0 0 0 0 -1.54756 100 25 -0.731005 100 26 0 0 0 0 0 0 0 0
300 -283.47 -0.65577 100 25 0 0 0 0 0 0 0 0 0 -1.65052 100 23 -1.07731 100 24 0 0 0 0 0 0 0 0
400 -287.448 -2.2881 100 26 0 0 0 0 0 0 0 0 0 -1.67485 100 25 -0.519805 100 30 0 0 0 0 0 0 0 0
500 -283.404 -1.32551 100 34 0 0 0 0 0 0 0 0 0 -1.48579 100 17 -1.07209 100 24 0 0 0 0 0 0 0 0
600 -282.87 -0.978524 100 24 0 0 0 0 0 0 0 0 0 -1.70525 100 22 -0.986548 100 37 0 0 0 0 0 0 0 0
700 -283.158 -0.900507 100 24 0 0 0 0 0 0 0 0 0 -1.52607 100 20 -0.9685 100 39 0 0 0 0 0 0 0 0
800 -284.007 -0.864387 100 24 0 0 0 0 0 0 0 0 0 -1.90303 100 31 -0.789436 100 25 0 0 0 0 0 0 0 0
900 -283.507 -0.802942 100 24 0 0 0 0 0 0 0 0 0 -1.8449 100 15 -0.330195 100 27 0 0 0 0 0 0 0 0
1000 -285.523 -1.11714 100 29 0 0 0 0 0 0 0 0 0 -1.33631 100 16 -1.31988 100 33 0 0 0 0 0 0 0 0
1100 -285.519 -0.404728 100 29 0 0 0 0 0 0 0 0 0 -1.82801 100 18 -1.21015 100 26 0 0 0 0 0 0 0 0
1200 -283.51 -0.544379 100 24 0 0 0 0 0 0 0 0 0 -1.84599 100 26 -0.700587 100 31 0 0 0 0 0 0 0 0
1300 -283.127 -0.991276 100 19 0 0 0 0 0 0 0 0 0 -1.57944 100 26 -1.15042 100 27 0 0 0 0 0 0 0 0
1400 -283.802 -1.13754 100 29 0 0 0 0 0 0 0 0 0 -1.43037 100 26 -1.03476 100 35 0 0 0 0 0 0 0 0
1500 -283.283 -1.26516 100 21 0 0 0 0 0 0 0 0 0 -1.61866 100 20 -0.505426 100 23 0 0 0 0 0 0 0 0
1600 -283.161 -1.12266 100 31 0 0 0 0 0 0 0 0 0 -1.80562 100 21 -0.633719 100 30 0 0 0 0 0 0 0 0
1700 -283.805 -1.24631 100 22 0 0 0 0 0 0 0 0 0 -1.77167 100 20 -1.00926 100 27 0 0 0 0 0 0 0 0
1800 -283.366 -0.629512 100 25 0 0 0 0 0 0 0 0 0 -1.60554 100 24 -0.866424 100 17 0 0 0 0 0 0 0 0
1900 -283.495 -1.18662 100 25 0 0 0 0 0 0 0 0 0 -1.46055 100 28 -0.872799 100 20 0 0 0 0 0 0 0 0
2000 -283.648 -1.55595 100 19 0 0 0 0 0 0 0 0 0 -1.6022 100 24 -0.635491 100 27 0 0 0 0 0 0 0 0
2100 -284.104 -0.817345 100 29 0 0 0 0 0 0 0 0 0 -1.53362 100 28 -0.526544 100 29 0 0 0 0 0 0 0 0
2200 -282.892 -0.997015 100 28 0 0 0 0 0 0 0 0 0 -1.62 100 25 -0.559293 100 28 0 0 0 0 0 0 0 0
2300 -282.75 -0.990908 100 29 0 0 0 0 0 0 0 0 0 -1.76055 100 22 -0.575178 100 24 0 0 0 0 0 0 0 0
2400 -283.696 -1.14931 100 21 0 0 0 0 0 0 0 0 0 -1.55244 100 21 -0.490474 100 17 0 0 0 0 0 0 0 0
2500 -283.462 -1.15365 100 21 0 0 0 0 0 0 0 0 0 -1.75271 100 23 -1.01911 100 29 0 0 0 0 0 0 0 0
2600 -283.661 -1.56451 100 18 0 0 0 0 0 0 0 0 0 -1.5377 100 26 -1.03503 100 25 0 0 0 0 0 0 0 0
2700 -284.963 -1.76645 100 20 0 0 0 0 0 0 0 0 0 -1.73072 100 32 -0.51293 100 26 0 0 0 0 0 0 0 0
2800 -284.724 -1.04952 100 19 0 0 0 0 0 0 0 0 0 -1.56906 100 23 -1.53422 100 23 0 0 0 0 0 0 0 0
2900 -285.757 -0.689375 100 20 0 0 0 0 0 0 0 0 0 -2.05783 100 24 -0.624199 100 24 0 0 0 0 0 0 0 0
3000 -282.914 -1.28857 100 17 0 0 0 0 0 0 0 0 0 -1.5995 100 19 -0.986457 100 31 0 0 0 0 0 0 0 0
3100 -283.293 -1.343 100 16 0 0 0 0 0 0 0 0 0 -1.74434 100 24 -0.616084 100 27 0 0 0 0 0 0 0 0
3200 -284.465 -0.999725 100 19 0 0 0 0 0 0 0 0 0 -1.6656 100 23 -1.4286 100 24 0 0 0 0 0 0 0 0
3300 -283.317 -0.911001 100 20 0 0 0 0 0 0 0 0 0 -1.50998 100 31 -1.02452 100 30 0 0 0 0 0 0 0 0
3400 -282.869 -0.924865 100 20 0 0 0 0 0 0 0 0 0 -1.57161 100 29 -0.725882 100 25 0 0 0 0 0 0 0 0
3500 -285.462 -0.969982 100 30 0 0 0 0 0 0 0 0 0 -2.01963 100 22 -0.234899 100 25 0 0 0 0 0 0 0 0
3600 -286.108 -2.05497 100 24 0 0 0 0 0 0 0 0 0 -1.42183 100 23 -0.852528 100 29 0 0 0 0 0 0 0 0
3700 -282.778 -1.27135 100 25 0 0 0 0 0 0 0 0 0 -1.60124 100 19 -0.896821 100 25 0 0 0 0 0 0 0 0
3800 -282.749 -0.759068 100 28 0 0 0 0 0 0 0 0 0 -1.73843 100 23 -0.795161 100 33 0 0 0 0 0 0 0 0
3900 -284.54 -0.718526 100 19 0 0 0 0 0 0 0 0 0 -1.80162 100 25 -1.21945 100 32 0 0 0 0 0 0 0 0
4000 -283.458 -0.952279 100 25 0 0 0 0 0 0 0 0 0 -1.51386 100 24 -0.682392 100 32 0 0 0 0 0 0 0 0
4100 -285.044 -0.500735 100 14 0 0 0 0 0 0 0 0 0 -1.8707 100 26 -0.0937335 100 26 0 0 0 0 0 0 0 0
4200 -283.177 -1.43613 100 22 0 0 0 0 0 0 0 0 0 -1.55201 100 21 -0.844236 100 26 0 0 0 0 0 0 0 0
4300 -283.91 -0.442162 100 17 0 0 0 0 0 0 0 0 0 -1.67346 100 18 -0.849187 100 33 0 0 0 0 0 0 0 0
4400 -283.23 -0.63098 100 25 0 0 0 0 0 0 0 0 0 -1.74387 100 23 -0.461534 100 20 0 0 0 0 0 0 0 0
4500 -283.599 -0.499518 100 28 0 0 0 0 0 0 0 0 0 -1.76663 100 20 -0.460454 100 35 0 0 0 0 0 0 0 0
4600 -284.492 -1.83489 100 21 0 0 0 0 0 0 0 0 0 -1.59752 100 31 -0.833194 100 31 0 0 0 0 0 0 0 0
4700 -283.394 -1.40669 100 22 0 0 0 0 0 0 0 0 0 -1.51822 100 19 -1.07898 100 27 0 0 0 0 0 0 0 0
4800 -285.603 -1.85191 100 25 0 0 0 0 0 0 0 0 0 -1.6058 100 26 -1.28548 100 35 0 0 0 0 0 0 0 0
4900 -284.367 -1.55848 100 20 0 0 0 0 0 0 0 0 0 -1.41822 100 28 -1.12894 100 20 0 0 0 0 0 0 0 0
5000 -283.32 -1.15441 100 29 0 0 0 0 0 0 0 0 0 -1.81702 100 19 -0.580362 100 29 0 0 0 0 0 0 0 0
5100 -282.488 -1.0029 100 22 0 0 0 0 0 0 0 0 0 -1.65268 100 20 -0.738166 100 22 0 0 0 0 0 0 0 0
5200 -284.043 -0.607112 100 24 0 0 0 0 0 0 0 0 0 -1.91687 100 21 -0.304401 100 24 0 0 0 0 0 0 0 0
5300 -284.41 -1.30071 100 18 0 0 0 0 0 0 0 0 0 -1.4554 100 17 -1.39706 100 17 0 0 0 0 0 0 0 0
5400 -284.015 -1.09181 100 18 0 0 0 0 0 0 0 0 0 -1.80098 100 22 -1.07061 100 28 0 0 0 0 0 0 0 0
5500 -283.472 -0.61138 100 23 0 0 0 0 0 0 0 0 0 -1.75095 100 29 -0.984368 100 32 0 0 0 0 0 0 0 0
5600 -282.922 -1.26749 100 20 0 0 0 0 0 0 0 0 0 -1.64406 100 23 -0.603765 100 34 0 0 0 0 0 0 0 0
5700 -285.137 -1.80166 100 22 0 0 0 0 0 0 0 0 0 -1.75653 100 23 -0.653155 100 25 0 0 0 0 0 0 0 0
5800 -282.845 -0.858021 100 23 0 0 0 0 0 0 0 0 0 -1.67701 100 21 -0.521183 100 26 0 0 0 0 0 0 0 0
5900 -282.521 -0.879469 100 26 0 0 0 0 0 0 0 0 0 -1.66831 100 25 -0.753181 100 25 0 0 0 0 0 0 0 0
6000 -283.076 -1.1063 100 21 0 0 0 0 0 0 0 0 0 -1.62143 100 14 -0.508689 100 30 0 0 0 0 0 0 0 0
6100 -283.196 -1.35593 100 17 0 0 0 0 0 0 0 0 0 -1.65977 100 25 -0.985798 100 21 0 0 0 0 0 0 0 0
6200 -283.133 -0.838229 100 27 0 0 0 0 0 0 0 0 0 -1.82716 100 20 -0.453138 100 26 0 0 0 0 0 0 0 0
6300 -284.424 -0.907104 100 24 0 0 0 0 0 0 0 0 0 -1.53843 100 21 -1.43945 100 20 0 0 0 0 0 0 0 0
6400 -283.34 -0.655422 100 27 0 0 0 0 0 0 0 0 0 -1.59899 100 18 -0.738961 100 33 0 0 0 0 0 0 0 0
6500 -283.355 -0.551837 100 28 0 0 0 0 0 0 0 0 0 -1.66496 100 14 -0.741936 100 38 0 0 0 0 0 0 0 0
6600 -284.984 -1.90998 100 24 0 0 0 0 0 0 0 0 0 -1.59816 100 25 -1.00104 100 22 0 0 0 0 0 0 0 0
6700 -283.272 -0.905831 100 21 0 0 0 0 0 0 0 0 0 -1.61212 100 22 -0.487196 100 27 0 0 0 0 0 0 0 0
6800 -283.367 -1.47314 100 27 0 0 0 0 0 0 0 0 0 -1.66397 100 24 -0.643167 100 21 0 0 0 0 0 0 0 0
6900 -283.418 -1.51024 100 18 0 0 0 0 0 0 0 0 0 -1.58358 100 22 -0.703106 100 25 0 0 0 0 0 0 0 0
7000 -283.197 -1.33273 100 22 0 0 0 0 0 0 0 0 0 -1.5586 100 21 -1.08955 100 22 0 0 0 0 0 0 0 0
7100 -282.703 -1.18304 100 29 0 0 0 0 0 0 0 0 0 -1.64565 100 15 -0.649961 100 24 0 0 0 0 0 0 0 0
7200 -282.756 -0.939539 100 36 0 0 0 0 0 0 0 0 0 -1.65902 100 27 -0.996064 100 31 0 0 0 0 0 0 0 0
7300 -285.576 -1.23092 100 26 0 0 0 0 0 0 0 0 0 -1.64898 100 23 -0.12955 100 28 0 0 0 0 0 0 0 0
7400 -288.481 -0.594902 100 24 0 0 0 0 0 0 0 0 0 -1.92425 100 23 -1.58136 100 32 0 0 0 0 0 0 0 0
7500 -284.256 -0.595201 100 22 0 0 0 0 0 0 0 0 0 -1.63405 100 24 -0.406702 100 40 0 0 0 0 0 0 0 0
7600 -283.721 -1.16491 100 21 0 0 0 0 0 0 0 0 0 -1.43685 100 20 -0.932351 100 29 0 0 0 0 0 0 0 0
7700 -282.632 -1.07618 100 21 0 0 0 0 0 0 0 0 0 -1.67665 100 20 -0.896408 100 27 0 0 0 0 0 0 0 0
7800 -285.015 -1.17766 100 16 0 0 0 0 0 0 0 0 0 -1.56562 100 21 -1.58218 100 30 0 0 0 0 0 0 0 0
7900 -282.824 -0.757552 100 24 0 0 0 0 0 0 0 0 0 -1.77844 100 26 -0.576813 100 44 0 0 0 0 0 0 0 0
8000 -283.892 -0.986125 100 22 0 0 0 0 0 0 0 0 0 -1.76697 100 23 -1.15685 100 25 0 0 0 0 0 0 0 0
8100 -283.613 -0.674763 100 26 0 0 0 0 0 0 0 0 0 -1.81627 100 20 -0.306215 100 36 0 0 0 0 0 0 0 0
8200 -283.352 -0.663304 100 29 0 0 0 0 0 0 0 0 0 -1.65431 100 22 -1.04455 100 21 0 0 0 0 0 0 0 0
8300 -284.731 -0.341504 100 19 0 0 0 0 0 0 0 0 0 -1.94262 100 20 -0.330301 100 28 0 0 0 0 0 0 0 0
8400 -285.58 -1.95734 100 26 0 0 0 0 0 0 0 0 0 -1.62011 100 18 -1.11677 100 29 0 0 0 0 0 0 0 0
8500 -283.616 -1.19313 100 23 0 0 0 0 0 0 0 0 0 -1.83117 100 21 -0.724144 100 30 0 0 0 0 0 0 0 0
8600 -283.698 -1.30119 100 30 0 0 0 0 0 0 0 0 0 -1.79842 100 22 -0.804505 100 29 0 0 0 0 0 0 0 0
8700 -282.762 -0.856348 100 24 0 0 0 0 0 0 0 0 0 -1.78211 100 24 -0.671345 100 29 0 0 0 0 0 0 0 0
8800 -282.951 -1.25168 100 19 0 0 0 0 0 0 0 0 0 -1.58346 100 16 -1.03865 100 28 0 0 0 0 0 0 0 0
8900 -284.762 -1.3736 100 24 0 0 0 0 0 0 0 0 0 -1.84778 100 26 -0.905338 100 25 0 0 0 0 0 0 0 0
9000 -282.647 -0.895905 100 26 0 0 0 0 0 0 0 0 0 -1.73004 100 20 -0.578219 100 24 0 0 0 0 0 0 0 0
9100 -284.62 -0.610728 100 24 0 0 0 0 0 0 0 0 0 -1.64297 100 21 -1.33592 100 26 0 0 0 0 0 0 0 0
9200 -283.55 -0.835469 100 23 0 0 0 0 0 0 0 0 0 -1.55636 100 25 -0.579145 100 31 0 0 0 0 0 0 0 0
9300 -283.228 -1.36778 100 24 0 0 0 0 0 0 0 0 0 -1.58741 100 19 -1.07407 100 27 0 0 0 0 0 0 0 0
9400 -284.119 -1.70503 100 31 0 0 0 0 0 0 0 0 0 -1.59015 100 28 -0.66909 100 32 0 0 0 0 0 0 0 0
9500 -283.422 -1.40738 100 32 0 0 0 0 0 0 0 0 0 -1.54882 100 24 -1.12199 100 22 0 0 0 0 0 0 0 0
9600 -286.208 -0.775663 100 29 0 0 0 0 0 0 0 0 0 -1.35931 100 27 -1.27236 100 26 0 0 0 0 0 0 0 0
9700 -282.887 -1.0243 100 21 0 0 0 0 0 0 0 0 0 -1.77789 100 26 -0.543829 100 31 0 0 0 0 0 0 0 0
9800 -283.463 -0.680727 100 25 0 0 0 0 0 0 0 0 0 -1.61507 100 20 -1.07834 100 24 0 0 0 0 0 0 0 0
9900 -283.252 -1.01256 100 18 0 0 0 0 0 0 0 0 0 -1.64324 100 23 -1.18057 100 28 0 0 0 0 0 0 0 0
10000 -286.337 -0.476184 100 18 0 0 0 0 0 0 0 0 0 -1.53265 100 23 -1.44334 100 24 0 0 0 0 0 0 0 0
10100 -283.943 -1.69116 100 22 0 0 0 0 0 0 0 0 0 -1.55254 100 22 -0.81998 100 31 0 0 0 0 0 0 0 0
10200 -282.784 -0.818729 100 25 0 0 0 0 0 0 0 0 0 -1.78552 100 21 -0.624879 100 25 0 0 0 0 0 0 0 0
10300 -283.25 -1.02503 100 22 0 0 0 0 0 0 0 0 0 -1.83818 100 18 -0.59516 100 27 0 0 0 0 0 0 0 0
10400 -286.079 -2.06699 100 23 0 0 0 0 0 0 0 0 0 -1.69899 100 21 -0.808542 100 29 0 0 0 0 0 0 0 0
10500 -282.634 -1.11606 100 23 0 0 0 0 0 0 0 0 0 -1.59304 100 17 -0.763098 100 32 0 0 0 0 0 0 0 0
10600 -285.522 -1.83891 100 28 0 0 0 0 0 0 0 0 0 -1.37949 100 27 -0.974176 100 31 0 0 0 0 0 0 0 0
10700 -282.75 -0.976243 100 20 0 0 0 0 0 0 0 0 0 -1.75941 100 20 -0.562383 100 33 0 0 0 0 0 0 0 0
10800 -285.307 -1.54136 100 23 0 0 0 0 0 0 0 0 0 -1.86616 100 17 -0.76412 100 22 0 0 0 0 0 0 0 0
10900 -283.334 -0.825478 100 27 0 0 0 0 0 0 0 0 0 -1.71805 100 29 -0.360143 100 26 0 0 0 0 0 0 0 0
11000 -284.419 -0.437741 100 24 0 0 0 0 0 0 0 0 0 -1.60452 100 21 -0.890124 100 34 0 0 0 0 0 0 0 0
11100 -283.495 -1.56185 100 30 0 0 0 0 0 0 0 0 0 -1.58319 100 24 -0.923871 100 28 0 0 0 0 0 0 0 0
11200 -283.825 -1.63206 100 27 0 0 0 0 0 0 0 0 0 -1.59627 100 21 -0.989426 100 32 0 0 0 0 0 0 0 0
11300 -282.928 -1.1075 100 30 0 0 0 0 0 0 0 0 0 -1.69191 100 18 -0.491564 100 25 0 0 0 0 0 0 0 0
11400 -284.957 -0.824214 100 27 0 0 0 0 0 0 0 0 0 -1.87297 100 24 -0.0573386 100 25 0 0 0 0 0 0 0 0
11500 -283 -1.0453 100 32 0 0 0 0 0 0 0 0 0 -1.74032 100 18 -0.944091 100 24 0 0 0 0 0 0 0 0
11600 -282.765 -1.14459 100 20 0 0 0 0 0 0 0 0 0 -1.73131 100 22 -0.737714 100 18 0 0 0 0 0 0 0 0
11700 -285.096 -0.325263 100 26 0 0 0 0 0 0 0 0 0 -1.90765 100 25 -0.882683 100 26 0 0 0 0 0 0 0 0
11800 -285.315 -1.76929 100 30 0 0 0 0 0 0 0 0 0 -1.78904 100 20 -0.719834 100 34 0 0 0 0 0 0 0 0
11900 -282.584 -0.994862 100 30 0 0 0 0 0 0 0 0 0 -1.65101 100 22 -0.642135 100 21 0 0 0 0 0 0 0 0
12000 -283.004 -0.844158 100 24 0 0 0 0 0 0 0 0 0 -1.63994 100 23 -1.06689 100 31 0 0 0 0 0 0 0 0
12100 -288.363 -0.350407 100 27 0 0 0 0 0 0 0 0 0 -1.41973 100 22 -1.21162 100 26 0 0 0 0 0 0 0 0
12200 -283.888 -0.497218 100 26 0 0 0 0 0 0 0 0 0 -1.90018 100 10 -0.447269 100 25 0 0 0 0 0 0 0 0
12300 -287.034 -1.94759 100 26 0 0 0 0 0 0 0 0 0 -1.73445 100 24 -1.23326 100 30 0 0 0 0 0 0 0 0
12400 -288.435 -1.08308 100 29 0 0 0 0 0 0 0 0 0 -1.87898 100 25 -1.63836 100 23 0 0 0 0 0 0 0 0
12500 -286.478 -1.72633 100 22 0 0 0 0 0 0 0 0 0 -1.62076 100 22 -1.5477 100 34 0 0 0 0 0 0 0 0
12600 -282.555 -0.868858 100 28 0 0 0 0 0 0 0 0 0 -1.65064 100 16 -0.763257 100 30 0 0 0 0 0 0 0 0
12700 -285.317 -1.77506 100 22 0 0 0 0 0 0 0 0 0 -1.37724 100 24 -1.00415 100 30 0 0 0 0 0 0 0 0
12800 -284.923 -1.92014 100 21 0 0 0 0 0 0 0 0 0 -1.5163 100 23 -0.863999 100 30 0 0 0 0 0 0 0 0
12900 -283.863 -1.43744 100 21 0 0 0 0 0 0 0 0 0 -1.45189 100 19 -1.12621 100 34 0 0 0 0 0 0 0 0
13000 -282.91 -1.11095 100 21 0 0 0 0 0 0 0 0 0 -1.60963 100 20 -0.576035 100 27 0 0 0 0 0 0 0 0
13100 -284.734 -0.646449 100 25 0 0 0 0 0 0 0 0 0 -1.55921 100 23 -0.454628 100 27 0 0 0 0 0 0 0 0
13200 -282.536 -1.06796 100 25 0 0 0 0 0 0 0 0 0 -1.67796 100 28 -0.811426 100 24 0 0 0 0 0 0 0 0
13300 -285.534 -1.67772 100 18 0 0 0 0 0 0 0 0 0 -1.83224 100 20 -0.395507 100 33 0 0 0 0 0 0 0 0
13400 -283.036 -0.848396 100 27 0 0 0 0 0 0 0 0 0 -1.60564 100 20 -0.590992 100 23 0 0 0 0 0 0 0 0
13500 -282.734 -0.77364 100 29 0 0 0 0 0 0 0 0 0 -1.71331 100 16 -0.584451 100 32 0 0 0 0 0 0 0 0
13600 -283.743 -1.2943 100 22 0 0 0 0 0 0 0 0 0 -1.65895 100 20 -1.20975 100 31 0 0 0 0 0 0 0 0
13700 -283.339 -1.47525 100 22 0 0 0 0 0 0 0 0 0 -1.57119 100 22 -0.714517 100 29 0 0 0 0 0 0 0 0
13800 -283.691 -1.2236 100 19 0 0 0 0 0 0 0 0 0 -1.67342 100 30 -1.20921 100 38 0 0 0 0 0 0 0 0
13900 -283.656 -1.03168 100 22 0 0 0 0 0 0 0 0 0 -1.74115 100 17 -0.28658 100 35 0 0 0 0 0 0 0 0
14000 -283.798 -1.56031 100 23 0 0 0 0 0 0 0 0 0 -1.4944 100 21 -0.812543 100 25 0 0 0 0 0 0 0 0
14100 -283.093 -0.705297 100 18 0 0 0 0 0 0 0 0 0 -1.76189 100 22 -0.447318 100 34 0 0 0 0 0 0 0 0
14200 -285.448 -1.23339 100 25 0 0 0 0 0 0 0 0 0 -1.68043 100 23 -1.54097 100 26 0 0 0 0 0 0 0 0
14300 -283.531 -0.82345 100 29 0 0 0 0 0 0 0 0 0 -1.73876 100 26 -1.12382 100 29 0 0 0 0 0 0 0 0
14400 -284.964 -0.653584 100 29 0 0 0 0 0 0 0 0 0 -1.62518 100 13 -0.27596 100 30 0 0 0 0 0 0 0 0
14500 -283.799 -0.605172 100 28 0 0 0 0 0 0 0 0 0 -1.56743 100 20 -0.930087 100 38 0 0 0 0 0 0 0 0
14600 -283.942 -1.10661 100 32 0 0 0 0 0 0 0 0 0 -1.75735 100 18 -1.15701 100 22 0 0 0 0 0 0 0 0
14700 -285.587 -1.80118 100 27 0 0 0 0 0 0 0 0 0 -1.50426 100 34 -0.501272 100 27 0 0 0 0 0 0 0 0
14800 -284.13 -0.717817 100 21 0 0 0 0 0 0 0 0 0 -1.91723 100 17 -0.791046 100 36 0 0 0 0 0 0 0 0
14900 -282.622 -1.04812 100 31 0 0 0 0 0 0 0 0 0 -1.72546 100 16 -0.654456 100 24 0 0 0 0 0 0 0 0
15000 -284.011 -1.71226 100 24 0 0 0 0 0 0 0 0 0 -1.54726 100 23 -0.874606 100 31 0 0 0 0 0 0 0 0
15100 -287.162 -0.285355 100 26 0 0 0 0 0 0 0 0 0 -2.10067 100 29 -0.743625 100 27 0 0 0 0 0 0 0 0
15200 -282.687 -1.02923 100 30 0 0 0 0 0 0 0 0 0 -1.71333 100 18 -0.870454 100 28 0 0 0 0 0 0 0 0
15300 -283.69 -1.36678 100 19 0 0 0 0 0 0 0 0 0 -1.53846 100 20 -1.24137 100 41 0 0 0 0 0 0 0 0
15400 -285.191 -0.412413 100 23 0 0 0 0 0 0 0 0 0 -1.61182 100 21 -0.479612 100 28 0 0 0 0 0 0 0 0
15500 -283.146 -1.29861 100 24 0 0 0 0 0 0 0 0 0 -1.56194 100 30 -0.65213 100 22 0 0 0 0 0 0 0 0
15600 -283.606 -0.449056 100 22 0 0 0 0 0 0 0 0 0 -1.74924 100 25 -0.611802 100 30 0 0 0 0 0 0 0 0
15700 -283.143 -0.96213 100 30 0 0 0 0 0 0 0 0 0 -1.83122 100 33 -0.522122 100 25 0 0 0 0 0 0 0 0
15800 -283.02 -1.02129 100 24 0 0 0 0 0 0 0 0 0 -1.52141 100 20 -0.973774 100 18 0 0 0 0 0 0 0 0
15900 -284.586 -0.815908 100 23 0 0 0 0 0 0 0 0 0 -1.94174 100 27 -0.17986 100 19 0 0 0 0 0 0 0 0
16000 -283.654 -1.01178 100 21 0 0 0 0 0 0 0 0 0 -1.88289 100 20 -0.592234 100 24 0 0 0 0 0 0 0 0
16100 -282.526 -0.905912 100 29 0 0 0 0 0 0 0 0 0 -1.70735 100 27 -0.753232 100 40 0 0 0 0 0 0 0 0
16200 -285.036 -1.42958 100 24 0 0 0 0 0 0 0 0 0 -1.44608 100 13 -1.49932 100 28 0 0 0 0 0 0 0 0
16300 -282.877 -0.681001 100 27 0 0 0 0 0 0 0 0 0 -1.74522 100 26 -0.588187 100 27 0 0 0 0 0 0 0 0
16400 -283.841 -1.44421 100 22 0 0 0 0 0 0 0 0 0 -1.7313 100 22 -0.455246 100 23 0 0 0 0 0 0 0 0
16500 -284.281 -0.586362 100 37 0 0 0 0 0 0 0 0 0 -1.66409 100 28 -1.23762 100 26 0 0 0 0 0 0 0 0
16600 -283.051 -1.20801 100 29 0 0 0 0 0 0 0 0 0 -1.57024 100 32 -0.627563 100 34 0 0 0 0 0 0 0 0
16700 -284.998 -1.1932 100 25 0 0 0 0 0 0 0 0 0 -1.5844 100 29 -0.25652 100 29 0 0 0 0 0 0 0 0
16800 -285.678 -0.274457 100 27 0 0 0 0 0 0 0 0 0 -1.74855 100 18 -1.15866 100 31 0 0 0 0 0 0 0 0
16900 -283.722 -0.978491 100 20 0 0 0 0 0 0 0 0 0 -1.4891 100 19 -1.21612 100 30 0 0 0 0 0 0 0 0
17000 -283.619 -0.825106 100 22 0 0 0 0 0 0 0 0 0 -1.61816 100 25 -0.427706 100 22 0 0 0 0 0 0 0 0
17100 -286.457 -0.607839 100 27 0 0 0 0 0 0 0 0 0 -1.97549 100 24 -1.13849 100 29 0 0 0 0 0 0 0 0
17200 -283.327 -1.19428 100 16 0 0 0 0 0 0 0 0 0 -1.59197 100 20 -1.20225 100 29 0 0 0 0 0 0 0 0
17300 -284.41 -0.665446 100 25 0 0 0 0 0 0 0 0 0 -1.84004 100 27 -0.148568 100 25 0 0 0 0 0 0 0 0
17400 -283.366 -1.45769 100 28 0 0 0 0 0 0 0 0 0 -1.69184 100 20 -0.805737 100 30 0 0 0 0 0 0 0 0
17500 -284.318 -1.33576 100 26 0 0 0 0 0 0 0 0 0 -1.46715 100 20 -0.590618 100 21 0 0 0 0 0 0 0 0
17600 -283.689 -1.3613 100 25 0 0 0 0 0 0 0 0 0 -1.72612 100 16 -1.00845 100 38 0 0 0 0 0 0 0 0
17700 -283.261 -0.750861 100 26 0 0 0 0 0 0 0 0 0 -1.81061 100 23 -0.867208 100 25 0 0 0 0 0 0 0 0
17800 -284.074 -1.08674 100 26 0 0 0 0 0 0 0 0 0 -1.4371 100 18 -0.758673 100 25 0 0 0 0 0 0 0 0
17900 -283.934 -0.942371 100 26 0 0 0 0 0 0 0 0 0 -1.84088 100 21 -0.983681 100 26 0 0 0 0 0 0 0 0
18000 -286.352 -1.55667 100 31 0 0 0 0 0 0 0 0 0 -1.6718 100 25 -0.120356 100 29 0 0 0 0 0 0 0 0
18100 -283.637 -1.29173 100 28 0 0 0 0 0 0 0 0 0 -1.81329 100 16 -0.624742 100 37 0 0 0 0 0 0 0 0
18200 -285.071 -1.91916 100 20 0 0 0 0 0 0 0 0 0 -1.60721 100 23 -1.00738 100 23 0 0 0 0 0 0 0 0
18300 -282.793 -0.847429 100 22 0 0 0 0 0 0 0 0 0 -1.68884 100 22 -0.531827 100 27 0 0 0 0 0 0 0 0
18400 -283.843 -1.21624 100 24 0 0 0 0 0 0 0 0 0 -1.85212 100 18 -0.477329 100 30 0 0 0 0 0 0 0 0
18500 -282.714 -1.03492 100 22 0 0 0 0 0 0 0 0 0 -1.59349 100 28 -0.688644 100 19 0 0 0 0 0 0 0 0
18600 -284.181 -1.00717 100 22 0 0 0 0 0 0 0 0 0 -1.91587 100 19 -0.703645 100 34 0 0 0 0 0 0 0 0
18700 -282.884 -0.960937 100 24 0 0 0 0 0 0 0 0 0 -1.78213 100 19 -0.777188 100 23 0 0 0 0 0 0 0 0
18800 -287.562 -1.28865 100 23 0 0 0 0 0 0 0 0 0 -2.07863 100 21 -0.562232 100 21 0 0 0 0 0 0 0 0
18900 -284.319 -1.09201 100 22 0 0 0 0 0 0 0 0 0 -1.74098 100 21 -1.27758 100 31 0 0 0 0 0 0 0 0
19000 -283.469 -1.18577 100 21 0 0 0 0 0 0 0 0 0 -1.74054 100 34 -0.373357 100 30 0 0 0 0 0 0 0 0
19100 -283.885 -1.13647 100 22 0 0 0 0 0 0 0 0 0 -1.75067 100 23 -0.268219 100 36 0 0 0 0 0 0 0 0
19200 -284.714 -1.32443 100 27 0 0 0 0 0 0 0 0 0 -1.37434 100 20 -0.861193 100 27 0 0 0 0 0 0 0 0
19300 -284.943 -0.733417 100 29 0 0 0 0 0 0 0 0 0 -1.66236 100 24 -0.193865 100 30 0 0 0 0 0 0 0 0
19400 -284.113 -0.580995 100 29 0 0 0 0 0 0 0 0 0 -1.91272 100 16 -0.28132 100 29 0 0 0 0 0 0 0 0
19500 -284.997 -1.87799 100 28 0 0 0 0 0 0 0 0 0 -1.65342 100 21 -0.608317 100 30 0 0 0 0 0 0 0 0
19600 -282.94 -1.05681 100 20 0 0 0 0 0 0 0 0 0 -1.53777 100 28 -1.01457 100 28 0 0 0 0 0 0 0 0
19700 -284.988 -1.24907 100 24 0 0 0 0 0 0 0 0 0 -1.89311 100 17 -0.899195 100 35 0 0 0 0 0 0 0 0
19800 -285.997 -1.10458 100 23 0 0 0 0 0 0 0 0 0 -2.0407 100 20 -0.351445 100 24 0 0 0 0 0 0 0 0
19900 -284.274 -1.42868 100 22 0 0 0 0 0 0 0 0 0 -1.59836 100 17 -1.33375 100 40 0 0 0 0 0 0 0 0
20000 -285.349 -0.912249 100 20 0 0 0 0 0 0 0 0 0 -1.40945 100 20 -0.648557 100 42 0 0 0 0 0 0 0 0
20100 -284.537 -1.34138 100 24 0 0 0 0 0 0 0 0 0 -1.44204 100 24 -0.61869 100 26 0 0 0 0 0 0 0 0
20200 -283.169 -0.98539 100 28 0 0 0 0 0 0 0 0 0 -1.57352 100 20 -1.15968 100 31 0 0 0 0 0 0 0 0
20300 -284.622 -0.509225 100 23 0 0 0 0 0 0 0 0 0 -1.98024 100 19 -0.593 100 23 0 0 0 0 0 0 0 0
20400 -284.775 -1.66868 100 29 0 0 0 0 0 0 0 0 0 -1.43336 100 32 -0.754516 100 30 0 0 0 0 0 0 0 0
20500 -286.895 -2.06485 100 29 0 0 0 0 0 0 0 0 0 -1.60581 100 20 -0.371226 100 23 0 0 0 0 0 0 0 0
20600 -284.71 -1.52746 100 31 0 0 0 0 0 0 0 0 0 -1.72377 100 26 -1.15428 100 29 0 0 0 0 0 0 0 0
20700 -283.996 -0.768604 100 22 0 0 0 0 0 0 0 0 0 -1.91934 100 19 -0.305093 100 19 0 0 0 0 0 0 0 0
20800 -283.306 -1.36278 100 23 0 0 0 0 0 0 0 0 0 -1.73197 100 20 -0.597335 100 23 0 0 0 0 0 0 0 0
20900 -284.096 -1.15594 100 22 0 0 0 0 0 0 0 0 0 -1.51958 100 26 -1.39822 100 33 0 0 0 0 0 0 0 0
21000 -283.395 -0.789037 100 33 0 0 0 0 0 0 0 0 0 -1.85987 100 25 -0.402126 100 32 0 0 0 0 0 0 0 0
21100 -283.634 -0.480662 100 24 0 0 0 0 0 0 0 0 0 -1.81245 100 26 -0.775197 100 26 0 0 0 0 0 0 0 0
21200 -282.715 -1.08133 100 38 0 0 0 0 0 0 0 0 0 -1.67479 100 23 -0.945187 100 29 0 0 0 0 0 0 0 0
21300 -283.226 -0.895353 100 17 0 0 0 0 0 0 0 0 0 -1.61573 100 22 -1.16395 100 22 0 0 0 0 0 0 0 0
21400 -284.322 -1.01436 100 26 0 0 0 0 0 0 0 0 0 -1.40612 100 22 -1.0999 100 21 0 0 0 0 0 0 0 0
21500 -284.555 -1.27775 100 26 0 0 0 0 0 0 0 0 0 -1.37314 100 15 -0.962842 100 40 0 0 0 0 0 0 0 0
21600 -285.127 -0.326917 100 23 0 0 0 0 0 0 0 0 0 -1.99206 100 18 -0.568716 100 24 0 0 0 0 0 0 0 0
21700 -283.901 -0.572283 100 19 0 0 0 0 0 0 0 0 0 -1.89102 100 21 -0.760701 100 28 0 0 0 0 0 0 0 0
21800 -284.104 -0.764282 100 21 0 0 0 0 0 0 0 0 0 -1.90291 100 24 -0.842889 100 27 0 0 0 0 0 0 0 0
21900 -284.078 -1.00897 100 18 0 0 0 0 0 0 0 0 0 -1.50147 100 19 -1.36022 100 27 0 0 0 0 0 0 0 0
22000 -282.498 -1.04436 100 28 0 0 0 0 0 0 0 0 0 -1.63817 100 23 -0.776981 100 18 0 0 0 0 0 0 0 0
22100 -284.868 -1.30869 100 21 0 0 0 0 0 0 0 0 0 -1.81359 100 19 -0.182923 100 24 0 0 0 0 0 0 0 0
22200 -284.878 -1.42198 100 35 0 0 0 0 0 0 0 0 0 -1.73047 100 23 -0.221929 100 35 0 0 0 0 0 0 0 0
22300 -283.811 -0.66398 100 28 0 0 0 0 0 0 0 0 0 -1.60787 100 20 -1.16978 100 33 0 0 0 0 0 0 0 0
22400 -282.987 -0.877799 100 22 0 0 0 0 0 0 0 0 0 -1.5695 100 21 -1.01262 100 24 0 0 0 0 0 0 0 0
22500 -283.737 -0.770609 100 19 0 0 0 0 0 0 0 0 0 -1.80634 100 14 -0.254832 100 27 0 0 0 0 0 0 0 0
22600 -284.477 -0.644221 100 24 0 0 0 0 0 0 0 0 0 -1.49049 100 29 -0.870387 100 36 0 0 0 0 0 0 0 0
22700 -286.918 -0.052285 100 24 0 0 0 0 0 0 0 0 0 -1.77202 100 21 -0.982597 100 25 0 0 0 0 0 0 0 0
22800 -285.174 -1.40471 100 24 0 0 0 0 0 0 0 0 0 -1.81696 100 24 -0.185869 100 25 0 0 0 0 0 0 0 0
22900 -283.614 -0.682215 100 26 0 0 0 0 0 0 0 0 0 -1.55192 100 23 -0.784758 100 27 0 0 0 0 0 0 0 0
23000 -282.885 -0.990479 100 22 0 0 0 0 0 0 0 0 0 -1.67777 100 34 -0.489329 100 20 0 0 0 0 0 0 0 0
23100 -282.979 -0.833213 100 29 0 0 0 0 0 0 0 0 0 -1.61461 100 31 -0.598546 100 19 0 0 0 0 0 0 0 0
23200 -283.531 -0.81122 100 25 0 0 0 0 0 0 0 0 0 -1.58939 100 25 -0.511133 100 34 0 0 0 0 0 0 0 0
23300 -285.362 -1.81132 100 24 0 0 0 0 0 0 0 0 0 -1.38296 100 19 -1.06132 100 24 0 0 0 0 0 0 0 0
23400 -282.914 -1.33496 100 25 0 0 0 0 0 0 0 0 0 -1.61826 100 23 -0.911636 100 23 0 0 0 0 0 0 0 0
23500 -284.764 -0.832823 100 24 0 0 0 0 0 0 0 0 0 -1.662 100 24 -1.46832 100 29 0 0 0 0 0 0 0 0
23600 -283.672 -0.533075 100 24 0 0 0 0 0 0 0 0 0 -1.79379 100 20 -0.909918 100 31 0 0 0 0 0 0 0 0
23700 -285.829 -1.89221 100 22 0 0 0 0 0 0 0 0 0 -1.78186 100 20 -0.692329 100 26 0 0 0 0 0 0 0 0
23800 -282.722 -1.16784 100 27 0 0 0 0 0 0 0 0 0 -1.65222 100 21 -0.933835 100 30 0 0 0 0 0 0 0 0
23900 -284.481 -0.571108 100 20 0 0 0 0 0 0 0 0 0 -1.58231 100 24 -1.21555 100 30 0 0 0 0 0 0 0 0
24000 -283.266 -0.601562 100 16 0 0 0 0 0 0 0 0 0 -1.74954 100 23 -0.894583 100 23 0 0 0 0 0 0 0 0
24100 -282.838 -1.10116 100 20 0 0 0 0 0 0 0 0 0 -1.62519 100 21 -0.575178 100 32 0 0 0 0 0 0 0 0
24200 -284.426 -0.892079 100 21 0 0 0 0 0 0 0 0 0 -1.61348 100 17 -1.44523 100 31 0 0 0 0 0 0 0 0
24300 -284.908 -0.633709 100 27 0 0 0 0 0 0 0 0 0 -1.98504 100 27 -0.741384 100 32 0 0 0 0 0 0 0 0
24400 -283.359 -0.68653 100 26 0 0 0 0 0 0 0 0 0 -1.84789 100 23 -0.416121 100 21 0 0 0 0 0 0 0 0
24500 -282.693 -0.78584 100 23 0 0 0 0 0 0 0 0 0 -1.65817 100 20 -0.694394 100 24 0 0 0 0 0 0 0 0
24600 -283.895 -0.431762 100 23 0 0 0 0 0 0 0 0 0 -1.85579 100 23 -0.700277 100 26 0 0 0 0 0 0 0 0
24700 -286.324 -0.0397142 100 21 0 0 0 0 0 0 0 0 0 -1.92557 100 25 -0.359014 100 28 0 0 0 0 0 0 0 0
24800 -283.918 -1.07174 100 16 0 0 0 0 0 0 0 0 0 -1.88315 100 21 -0.377883 100 30 0 0 0 0 0 0 0 0
24900 -282.762 -0.703673 100 28 0 0 0 0 0 0 0 0 0 -1.71503 100 20 -0.717126 100 34 0 0 0 0 0 0 0 0
25000 -284.037 -0.944549 100 10 0 0 0 0 0 0 0 0 0 -1.69975 100 24 -1.30582 100 31 0 0 0 0 0 0 0 0
25100 -282.579 -0.964688 100 23 0 0 0 0 0 0 0 0 0 -1.61831 100 25 -0.887852 100 24 0 0 0 0 0 0 0 0
25200 -284.99 -1.29474 100 22 0 0 0 0 0 0 0 0 0 -1.38733 100 24 -1.41216 100 31 0 0 0 0 0 0 0 0
25300 -284.311 -0.900049 100 24 0 0 0 0 0 0 0 0 0 -1.89216 100 26 -0.923187 100 27 0 0 0 0 0 0 0 0
25400 -282.902 -0.64535 100 24 0 0 0 0 0 0 0 0 0 -1.72722 100 22 -0.670697 100 22 0 0 0 0 0 0 0 0
25500 -283.765 -0.531948 100 30 0 0 0 0 0 0 0 0 0 -1.61758 100 18 -0.89566 100 25 0 0 0 0 0 0 0 0
25600 -282.92 -0.656992 100 25 0 0 0 0 0 0 0 0 0 -1.73771 100 17 -0.782957 100 31 0 0 0 0 0 0 0 0
25700 -283.197 -0.669731 100 30 0 0 0 0 0 0 0 0 0 -1.61298 100 17 -0.725893 100 27 0 0 0 0 0 0 0 0
25800 -286.873 -1.55955 100 23 0 0 0 0 0 0 0 0 0 -1.30479 100 27 -0.712588 100 30 0 0 0 0 0 0 0 0
25900 -282.832 -1.09753 100 19 0 0 0 0 0 0 0 0 0 -1.73046 100 22 -0.864833 100 24 0 0 0 0 0 0 0 0
26000 -283.622 -0.652639 100 20 0 0 0 0 0 0 0 0 0 -1.71678 100 18 -1.10043 100 33 0 0 0 0 0 0 0 0
26100 -283.095 -1.18806 100 29 0 0 0 0 0 0 0 0 0 -1.76682 100 25 -0.548104 100 25 0 0 0 0 0 0 0 0
26200 -287.602 -1.35663 100 23 0 0 0 0 0 0 0 0 0 -1.95156 100 23 -1.16702 100 23 0 0 0 0 0 0 0 0
26300 -285.394 -0.82425 100 18 0 0 0 0 0 0 0 0 0 -2.04106 100 25 -0.492913 100 32 0 0 0 0 0 0 0 0
26400 -283.131 -1.43606 100 20 0 0 0 0 0 0 0 0 0 -1.57037 100 21 -0.833322 100 30 0 0 0 0 0 0 0 0
26500 -282.937 -0.705834 100 32 0 0 0 0 0 0 0 0 0 -1.77608 100 14 -0.778176 100 33 0 0 0 0 0 0 0 0
26600 -284.172 -0.608783 100 24 0 0 0 0 0 0 0 0 0 -1.53955 100 28 -1.04786 100 31 0 0 0 0 0 0 0 0
26700 -282.919 -1.03315 100 26 0 0 0 0 0 0 0 0 0 -1.57087 100 28 -0.655891 100 23 0 0 0 0 0 0 0 0
26800 -289.603 -1.62153 100 21 0 0 0 0 0 0 0 0 0 -1.31399 100 19 -2.08129 100 22 0 0 0 0 0 0 0 0
26900 -283.489 -0.829167 100 34 0 0 0 0 0 0 0 0 0 -1.80274 100 19 -0.304523 100 22 0 0 0 0 0 0 0 0
27000 -284.337 -1.56738 100 30 0 0 0 0 0 0 0 0 0 -1.71123 100 23 -0.421391 100 32 0 0 0 0 0 0 0 0
27100 -283.569 -1.10496 100 29 0 0 0 0 0 0 0 0 0 -1.85015 100 19 -0.689459 100 32 0 0 0 0 0 0 0 0
27200 -282.982 -0.744158 100 25 0 0 0 0 0 0 0 0 0 -1.78153 100 26 -0.821196 100 28 0 0 0 0 0 0 0 0
27300 -284.117 -1.17697 100 30 0 0 0 0 0 0 0 0 0 -1.6535 100 24 -0.290102 100 27 0 0 0 0 0 0 0 0
27400 -283.432 -0.745495 100 23 0 0 0 0 0 0 0 0 0 -1.88378 100 24 -0.537872 100 30 0 0 0 0 0 0 0 0
27500 -283.543 -0.901101 100 19 0 0 0 0 0 0 0 0 0 -1.88053 100 22 -0.665361 100 35 0 0 0 0 0 0 0 0
27600 -284.811 -1.2833 100 23 0 0 0 0 0 0 0 0 0 -1.49639 100 28 -0.43229 100 24 0 0 0 0 0 0 0 0
27700 -287.486 -1.54114 100 21 0 0 0 0 0 0 0 0 0 -1.34347 100 17 -1.81027 100 25 0 0 0 0 0 0 0 0
27800 -286.05 -0.745502 100 20 0 0 0 0 0 0 0 0 0 -1.61133 100 19 -0.145065 100 24 0 0 0 0 0 0 0 0
27900 -283.037 -0.693789 100 24 0 0 0 0 0 0 0 0 0 -1.7831 100 20 -0.484734 100 28 0 0 0 0 0 0 0 0
28000 -283.361 -1.15487 100 22 0 0 0 0 0 0 0 0 0 -1.57454 100 17 -0.52045 100 23 0 0 0 0 0 0 0 0
28100 -284.725 -0.537611 100 22 0 0 0 0 0 0 0 0 0 -1.57152 100 20 -1.21427 100 28 0 0 0 0 0 0 0 0
28200 -283.797 -1.14313 100 28 0 0 0 0 0 0 0 0 0 -1.70975 100 28 -1.20595 100 26 0 0 0 0 0 0 0 0
28300 -283.99 -0.403625 100 34 0 0 0 0 0 0 0 0 0 -1.82453 100 21 -0.431167 100 33 0 0 0 0 0 0 0 0
28400 -282.873 -0.808346 100 29 0 0 0 0 0 0 0 0 0 -1.73347 100 14 -0.913856 100 24 0 0 0 0 0 0 0 0
28500 -284.408 -1.15368 100 25 0 0 0 0 0 0 0 0 0 -1.87137 100 26 -0.899786 100 32 0 0 0 0 0 0 0 0
28600 -283.957 -1.15106 100 37 0 0 0 0 0 0 0 0 0 -1.53558 100 23 -1.37286 100 20 0 0 0 0 0 0 0 0
28700 -283.19 -0.707125 100 24 0 0 0 0 0 0 0 0 0 -1.74467 100 26 -0.968504 100 31 0 0 0 0 0 0 0 0
28800 -282.881 -1.19511 100 20 0 0 0 0 0 0 0 0 0 -1.56483 100 20 -0.710406 100 28 0 0 0 0 0 0 0 0
28900 -283.296 -0.941045 100 17 0 0 0 0 0 0 0 0 0 -1.50784 100 24 -1.04152 100 26 0 0 0 0 0 0 0 0
29000 -283.105 -1.43768 100 29 0 0 0 0 0 0 0 0 0 -1.59356 100 22 -0.854292 100 22 0 0 0 0 0 0 0 0
29100 -285.734 -1.71114 100 22 0 0 0 0 0 0 0 0 0 -1.76893 100 25 -0.276193 100 31 0 0 0 0 0 0 0 0
29200 -286.074 -1.19459 100 21 0 0 0 0 0 0 0 0 0 -1.91104 100 20 -1.12548 100 29 0 0 0 0 0 0 0 0
29300 -286.759 -1.81313 100 31 0 0 0 0 0 0 0 0 0 -1.88646 100 24 -0.687885 100 33 0 0 0 0 0 0 0 0
29400 -283.613 -1.01215 100 24 0 0 0 0 0 0 0 0 0 -1.48722 100 28 -0.709738 100 25 0 0 0 0 0 0 0 0
29500 -286.108 -1.67355 100 27 0 0 0 0 0 0 0 0 0 -1.39839 100 30 -1.56388 100 28 0 0 0 0 0 0 0 0
29600 -283.911 -0.795572 100 16 0 0 0 0 0 0 0 0 0 -1.55306 100 24 -1.26556 100 20 0 0 0 0 0 0 0 0
29700 -285.739 -0.353653 100 25 0 0 0 0 0 0 0 0 0 -1.79412 100 29 -1.24784 100 28 0 0 0 0 0 0 0 0
29800 -283.335 -1.41402 100 25 0 0 0 0 0 0 0 0 0 -1.50351 100 27 -0.910582 100 27 0 0 0 0 0 0 0 0
29900 -283.695 -0.507793 100 23 0 0 0 0 0 0 0 0 0 -1.84966 100 24 -0.747273 100 25 0 0 0 0 0 0 0 0
30000 -282.964 -0.949845 100 28 0 0 0 0 0 0 0 0 0 -1.74956 100 26 -0.932416 100 31 0 0 0 0 0 0 0 0
30100 -284.611 -1.5072 100 20 0 0 0 0 0 0 0 0 0 -1.38049 100 15 -1.05771 100 25 0 0 0 0 0 0 0 0
30200 -285.133 -0.353106 100 26 0 0 0 0 0 0 0 0 0 -1.59411 100 18 -0.851829 100 29 0 0 0 0 0 0 0 0
30300 -282.602 -0.821108 100 26 0 0 0 0 0 0 0 0 0 -1.70427 100 26 -0.652197 100 28 0 0 0 0 0 0 0 0
30400 -284.218 -0.629651 100 27 0 0 0 0 0 0 0 0 0 -1.84547 100 21 -1.0285 100 27 0 0 0 0 0 0 0 0
30500 -284.429 -1.71575 100 22 0 0 0 0 0 0 0 0 0 -1.71285 100 20 -0.674415 100 31 0 0 0 0 0 0 0 0
30600 -283.413 -0.703319 100 23 0 0 0 0 0 0 0 0 0 -1.72545 100 25 -1.06469 100 32 0 0 0 0 0 0 0 0
30700 -285.546 -1.10186 100 35 0 0 0 0 0 0 0 0 0 -1.39832 100 23 -1.55512 100 25 0 0 0 0 0 0 0 0
30800 -286.841 -1.294 100 25 0 0 0 0 0 0 0 0 0 -1.2589 100 19 -0.968197 100 31 0 0 0 0 0 0 0 0
30900 -284.669 -1.67414 100 21 0 0 0 0 0 0 0 0 0 -1.42984 100 22 -1.18747 100 35 0 0 0 0 0 0 0 0
31000 -283.678 -1.22727 100 25 0 0 0 0 0 0 0 0 0 -1.49625 100 23 -1.25685 100 28 0 0 0 0 0 0 0 0
31100 -283.673 -0.882647 100 19 0 0 0 0 0 0 0 0 0 -1.53343 100 27 -0.588927 100 33 0 0 0 0 0 0 0 0
31200 -284.927 -0.916449 100 26 0 0 0 0 0 0 0 0 0 -1.96057 100 26 -0.803154 100 29 0 0 0 0 0 0 0 0
31300 -286.008 -0.44533 100 26 0 0 0 0 0 0 0 0 0 -1.67239 100 25 -0.186444 100 27 0 0 0 0 0 0 0 0
31400 -283.323 -1.03963 100 34 0 0 0 0 0 0 0 0 0 -1.80072 100 18 -0.883278 100 20 0 0 0 0 0 0 0 0
31500 -284.321 -1.01763 100 27 0 0 0 0 0 0 0 0 0 -1.91051 100 18 -0.266034 100 31 0 0 0 0 0 0 0 0
31600 -284.489 -0.660138 100 15 0 0 0 0 0 0 0 0 0 -1.54627 100 25 -1.27943 100 28 0 0 0 0 0 0 0 0
31700 -282.652 -0.804145 100 26 0 0 0 0 0 0 0 0 0 -1.71775 100 27 -0.616858 100 31 0 0 0 0 0 0 0 0
31800 -282.781 -1.07934 100 27 0 0 0 0 0 0 0 0 0 -1.74906 100 30 -0.763743 100 28 0 0 0 0 0 0 0 0
31900 -283.847 -1.13501 100 25 0 0 0 0 0 0 0 0 0 -1.82407 100 24 -0.311209 100 25 0 0 0 0 0 0 0 0
32000 -282.807 -0.718987 100 21 0 0 0 0 0 0 0 0 0 -1.6687 100 26 -0.688924 100 31 0 0 0 0 0 0 0 0
32100 -285.386 -1.65851 100 27 0 0 0 0 0 0 0 0 0 -1.69807 100 25 -1.25547 100 27 0 0 0 0 0 0 0 0
32200 -285.668 -0.528816 100 23 0 0 0 0 0 0 0 0 0 -1.94247 100 20 0.00362469 100 29 0 0 0 0 0 0 0 0
32300 -284.993 -1.92114 100 27 0 0 0 0 0 0 0 0 0 -1.63428 100 22 -0.854999 100 20 0 0 0 0 0 0 0 0
32400 -284.518 -0.615573 100 19 0 0 0 0 0 0 0 0 0 -1.75195 100 20 -0.18938 100 26 0 0 0 0 0 0 0 0
32500 -284.674 -1.84091 100 27 0 0 0 0 0 0 0 0 0 -1.62815 100 23 -0.671706 100 25 0 0 0 0 0 0 0 0
32600 -283.08 -1.28516 100 21 0 0 0 0 0 0 0 0 0 -1.67264 100 23 -0.979898 100 35 0 0 0 0 0 0 0 0
32700 -283.053 -1.19625 100 20 0 0 0 0 0 0 0 0 0 -1.75433 100 18 -0.800048 100 33 0 0 0 0 0 0 0 0
32800 -283.346 -1.26846 100 18 0 0 0 0 0 0 0 0 0 -1.63599 100 28 -0.473904 100 31 0 0 0 0 0 0 0 0
32900 -287.945 -1.23368 100 28 0 0 0 0 0 0 0 0 0 -1.20983 100 23 -1.3177 100 36 0 0 0 0 0 0 0 0
33000 -282.818 -1.0874 100 30 0 0 0 0 0 0 0 0 0 -1.57898 100 22 -0.674306 100 28 0 0 0 0 0 0 0 0
33100 -286.35 -0.962269 100 29 0 0 0 0 0 0 0 0 0 -1.89483 100 21 0.0925222 100 28 0 0 0 0 0 0 0 0
33200 -284.111 -0.381008 100 21 0 0 0 0 0 0 0 0 0 -1.81522 100 18 -0.811912 100 31 0 0 0 0 0 0 0 0
33300 -282.546 -0.961758 100 25 0 0 0 0 0 0 0 0 0 -1.64651 100 25 -0.880478 100 29 0 0 0 0 0 0 0 0
33400 -284.129 -1.54981 100 21 0 0 0 0 0 0 0 0 0 -1.7665 100 18 -0.692079 100 28 0 0 0 0 0 0 0 0
33500 -283.184 -1.20068 100 31 0 0 0 0 0 0 0 0 0 -1.64438 100 20 -1.11789 100 22 0 0 0 0 0 0 0 0
33600 -283.724 -1.32675 100 25 0 0 0 0 0 0 0 0 0 -1.49659 100 20 -0.64675 100 35 0 0 0 0 0 0 0 0
33700 -285.324 -1.27643 100 26 0 0 0 0 0 0 0 0 0 -1.35943 100 21 -1.41902 100 31 0 0 0 0 0 0 0 0
33800 -282.725 -1.1787 100 29 0 0 0 0 0 0 0 0 0 -1.64086 100 13 -0.941435 100 27 0 0 0 0 0 0 0 0
33900 -282.943 -1.11477 100 20 0 0 0 0 0 0 0 0 0 -1.65023 100 17 -0.514701 100 21 0 0 0 0 0 0 0 0
34000 -283.274 -1.17834 100 22 0 0 0 0 0 0 0 0 0 -1.67379 100 24 -1.11562 100 29 0 0 0 0 0 0 0 0
34100 -282.823 -1.19162 100 24 0 0 0 0 0 0 0 0 0 -1.64065 100 20 -0.596797 100 26 0 0 0 0 0 0 0 0
34200 -283.82 -0.556712 100 21 0 0 0 0 0 0 0 0 0 -1.85564 100 29 -0.323214 100 21 0 0 0 0 0 0 0 0
34300 -284.632 -1.6174 100 30 0 0 0 0 0 0 0 0 0 -1.50568 100 28 -1.33035 100 28 0 0 0 0 0 0 0 0
34400 -284.943 -0.982599 100 31 0 0 0 0 0 0 0 0 0 -1.62874 100 21 -1.54488 100 29 0 0 0 0 0 0 0 0
34500 -283.339 -0.795081 100 26 0 0 0 0 0 0 0 0 0 -1.79899 100 21 -0.938923 100 33 0 0 0 0 0 0 0 0
34600 -283.031 -1.15044 100 26 0 0 0 0 0 0 0 0 0 -1.77978 100 29 -0.652696 100 24 0 0 0 0 0 0 0 0
34700 -286.345 -1.57368 100 26 0 0 0 0 0 0 0 0 0 -1.465 100 21 -0.364778 100 22 0 0 0 0 0 0 0 0
34800 -283.257 -1.24397 100 25 0 0 0 0 0 0 0 0 0 -1.52202 100 24 -1.13189 100 30 0 0 0 0 0 0 0 0
34900 -284.237 -0.932977 100 24 0 0 0 0 0 0 0 0 0 -1.64644 100 22 -1.39871 100 22 0 0 0 0 0 0 0 0
35000 -283.721 -1.00232 100 19 0 0 0 0 0 0 0 0 0 -1.7704 100 24 -0.265528 100 25 0 0 0 0 0 0 0 0
35100 -286.756 -1.81698 100 25 0 0 0 0 0 0 0 0 0 -1.32421 100 24 -0.779023 100 26 0 0 0 0 0 0 0 0
35200 -283.293 -0.601652 100 26 0 0 0 0 0 0 0 0 0 -1.76965 100 24 -0.876222 100 27 0 0 0 0 0 0 0 0
35300 -283.312 -1.0961 100 24 0 0 0 0 0 0 0 0 0 -1.55112 100 22 -1.20661 100 33 0 0 0 0 0 0 0 0
35400 -287.144 -2.13373 100 23 0 0 0 0 0 0 0 0 0 -1.76568 100 21 -0.486604 100 32 0 0 0 0 0 0 0 0
35500 -282.848 -0.983568 100 22 0 0 0 0 0 0 0 0 0 -1.76686 100 18 -0.515556 100 36 0 0 0 0 0 0 0 0
35600 -285.942 -2.04771 100 39 0 0 0 0 0 0 0 0 0 -1.4243 100 23 -0.943831 100 28 0 0 0 0 0 0 0 0
35700 -285.767 -0.99723 100 17 0 0 0 0 0 0 0 0 0 -1.64638 100 24 -1.6661 100 24 0 0 0 0 0 0 0 0
35800 -282.829 -1.19259 100 22 0 0 0 0 0 0 0 0 0 -1.66594 100 26 -0.952914 100 28 0 0 0 0 0 0 0 0
35900 -284.485 -1.81611 100 27 0 0 0 0 0 0 0 0 0 -1.61834 100 24 -0.891852 100 34 0 0 0 0 0 0 0 0
36000 -283.028 -0.651137 100 27 0 0 0 0 0 0 0 0 0 -1.67414 100 24 -0.871371 100 30 0 0 0 0 0 0 0 0
36100 -282.549 -0.935227 100 24 0 0 0 0 0 0 0 0 0 -1.66965 100 22 -0.651189 100 38 0 0 0 0 0 0 0 0
36200 -284.498 -1.67152 100 19 0 0 0 0 0 0 0 0 0 -1.60992 100 26 -0.49094 100 31 0 0 0 0 0 0 0 0
36300 -282.798 -1.1553 100 28 0 0 0 0 0 0 0 0 0 -1.72494 100 22 -0.605399 100 23 0 0 0 0 0 0 0 0
36400 -287.184 -1.785 100 30 0 0 0 0 0 0 0 0 0 -1.25869 100 17 -1.28164 100 26 0 0 0 0 0 0 0 0
36500 -283.472 -0.750386 100 21 0 0 0 0 0 0 0 0 0 -1.57002 100 22 -0.630749 100 23 0 0 0 0 0 0 0 0
36600 -284.424 -1.81212 100 34 0 0 0 0 0 0 0 0 0 -1.55356 100 26 -0.954063 100 21 0 0 0 0 0 0 0 0
36700 -283.427 -1.49173 100 29 0 0 0 0 0 0 0 0 0 -1.52016 100 31 -0.865975 100 21 0 0 0 0 0 0 0 0
36800 -283.289 -1.05895 100 27 0 0 0 0 0 0 0 0 0 -1.80371 100 19 -0.845327 100 33 0 0 0 0 0 0 0 0
36900 -283.435 -0.598162 100 24 0 0 0 0 0 0 0 0 0 -1.70615 100 28 -0.467912 100 26 0 0 0 0 0 0 0 0
37000 -284.358 -1.23209 100 18 0 0 0 0 0 0 0 0 0 -1.38643 100 21 -1.1196 100 40 0 0 0 0 0 0 0 0
37100 -283.181 -1.10472 100 19 0 0 0 0 0 0 0 0 0 -1.76717 100 26 -0.431441 100 37 0 0 0 0 0 0 0 0
37200 -282.7 -0.939333 100 27 0 0 0 0 0 0 0 0 0 -1.66313 100 16 -0.966964 100 33 0 0 0 0 0 0 0 0
37300 -284.08 -1.10714 100 31 0 0 0 0 0 0 0 0 0 -1.44035 100 22 -0.733601 100 29 0 0 0 0 0 0 0 0
37400 -283.786 -1.1304 100 21 0 0 0 0 0 0 0 0 0 -1.43432 100 23 -1.07214 100 22 0 0 0 0 0 0 0 0
37500 -283.881 -0.925008 100 29 0 0 0 0 0 0 0 0 0 -1.70548 100 26 -1.26491 100 28 0 0 0 0 0 0 0 0
37600 -283.005 -1.34086 100 25 0 0 0 0 0 0 0 0 0 -1.64418 100 21 -0.639166 100 26 0 0 0 0 0 0 0 0
37700 -284.377 -1.11936 100 22 0 0 0 0 0 0 0 0 0 -1.53624 100 24 -1.46713 100 24 0 0 0 0 0 0 0 0
37800 -285.519 -1.39128 100 18 0 0 0 0 0 0 0 0 0 -1.89492 100 24 -0.90309 100 34 0 0 0 0 0 0 0 0
37900 -284.352 -1.73081 100 29 0 0 0 0 0 0 0 0 0 -1.68921 100 20 -0.711052 100 27 0 0 0 0 0 0 0 0
38000 -282.955 -0.755725 100 20 0 0 0 0 0 0 0 0 0 -1.74601 100 18 -0.474983 100 31 0 0 0 0 0 0 0 0
38100 -283.363 -1.31853 100 21 0 0 0 0 0 0 0 0 0 -1.58879 100 15 -1.15993 100 34 0 0 0 0 0 0 0 0
38200 -283.155 -1.00168 100 21 0 0 0 0 0 0 0 0 0 -1.58429 100 22 -1.16433 100 25 0 0 0 0 0 0 0 0
38300 -283.268 -1.21431 100 22 0 0 0 0 0 0 0 0 0 -1.7372 100 22 -0.955035 100 26 0 0 0 0 0 0 0 0
38400 -283.487 -1.55973 100 23 0 0 0 0 0 0 0 0 0 -1.63231 100 27 -0.808388 100 28 0 0 0 0 0 0 0 0
38500 -283.658 -1.2663 100 27 0 0 0 0 0 0 0 0 0 -1.73054 100 22 -0.367217 100 25 0 0 0 0 0 0 0 0
38600 -283.724 -0.452667 100 23 0 0 0 0 0 0 0 0 0 -1.75441 100 26 -0.849511 100 26 0 0 0 0 0 0 0 0
38700 -285.402 -1.66606 100 24 0 0 0 0 0 0 0 0 0 -1.65765 100 28 -0.294167 100 22 0 0 0 0 0 0 0 0
38800 -282.966 -0.857345 100 31 0 0 0 0 0 0 0 0 0 -1.56003 100 21 -0.895876 100 26 0 0 0 0 0 0 0 0
38900 -283.06 -0.959682 100 18 0 0 0 0 0 0 0 0 0 -1.62228 100 22 -1.12917 100 38 0 0 0 0 0 0 0 0
39000 -283.088 -0.738704 100 26 0 0 0 0 0 0 0 0 0 -1.71527 100 16 -0.455315 100 32 0 0 0 0 0 0 0 0
39100 -285.271 -0.493196 100 22 0 0 0 0 0 0 0 0 0 -1.5192 100 19 -0.694388 100 37 0 0 0 0 0 0 0 0
39200 -287.796 -0.244354 100 28 0 0 0 0 0 0 0 0 0 -1.50745 100 29 -1.15519 100 34 0 0 0 0 0 0 0 0
39300 -282.862 -0.897994 100 27 0 0 0 0 0 0 0 0 0 -1.56504 100 18 -0.903774 100 32 0 0 0 0 0 0 0 0
39400 -283.086 -0.64646 100 27 0 0 0 0 0 0 0 0 0 -1.77153 100 22 -0.819274 100 27 0 0 0 0 0 0 0 0
39500 -282.907 -1.06853 100 24 0 0 0 0 0 0 0 0 0 -1.78029 100 22 -0.600699 100 34 0 0 0 0 0 0 0 0
39600 -283.602 -0.973222 100 24 0 0 0 0 0 0 0 0 0 -1.88372 100 20 -0.594778 100 19 0 0 0 0 0 0 0 0
39700 -284.595 -0.542337 100 25 0 0 0 0 0 0 0 0 0 -1.73298 100 19 -1.23976 100 31 0 0 0 0 0 0 0 0
39800 -283.939 -0.456692 100 26 0 0 0 0 0 0 0 0 0 -1.89717 100 27 -0.550932 100 21 0 0 0 0 0 0 0 0
39900 -282.83 -1.23979 100 26 0 0 0 0 0 0 0 0 0 -1.5894 100 20 -0.701737 100 26 0 0 0 0 0 0 0 0
40000 -284.069 -0.976243 100 21 0 0 0 0 0 0 0 0 0 -1.52415 100 17 -1.37238 100 28 0 0 0 0 0 0 0 0
40100 -283.883 -1.07444 100 28 0 0 0 0 0 0 0 0 0 -1.89126 100 21 -0.612265 100 22 0 0 0 0 0 0 0 0
40200 -285.099 -0.427739 100 25 0 0 0 0 0 0 0 0 0 -1.68629 100 24 -0.302916 100 37 0 0 0 0 0 0 0 0
40300 -284.788 -1.40797 100 28 0 0 0 0 0 0 0 0 0 -1.66916 100 23 -0.251421 100 25 0 0 0 0 0 0 0 0
40400 -285.35 -1.59959 100 30 0 0 0 0 0 0 0 0 0 -1.86499 100 19 -0.504756 100 32 0 0 0 0 0 0 0 0
40500 -284.06 -1.71202 100 29 0 0 0 0 0 0 0 0 0 -1.6245 100 25 -0.879443 100 27 0 0 0 0 0 0 0 0
40600 -283.415 -0.525504 100 19 0 0 0 0 0 0 0 0 0 -1.73869 100 21 -0.531179 100 36 0 0 0 0 0 0 0 0
40700 -284.828 -0.511766 100 25 0 0 0 0 0 0 0 0 0 -1.92083 100 25 -0.928134 100 31 0 0 0 0 0 0 0 0
40800 -283.726 -1.18924 100 14 0 0 0 0 0 0 0 0 0 -1.44964 100 24 -0.806122 100 27 0 0 0 0 0 0 0 0
40900 -282.747 -1.23661 100 15 0 0 0 0 0 0 0 0 0 -1.64198 100 19 -0.676568 100 35 0 0 0 0 0 0 0 0
41000 -283.506 -0.720518 100 15 0 0 0 0 0 0 0 0 0 -1.55722 100 19 -1.02918 100 32 0 0 0 0 0 0 0 0
41100 -282.677 -1.16463 100 15 0 0 0 0 0 0 0 0 0 -1.67586 100 24 -0.859228 100 31 0 0 0 0 0 0 0 0
41200 -283.783 -1.19305 100 26 0 0 0 0 0 0 0 0 0 -1.43144 100 29 -1.06556 100 29 0 0 0 0 0 0 0 0
41300 -286.048 -1.15557 100 24 0 0 0 0 0 0 0 0 0 -1.60739 100 24 -1.73057 100 22 0 0 0 0 0 0 0 0
41400 -283.68 -1.18049 100 26 0 0 0 0 0 0 0 0 0 -1.43898 100 30 -0.953419 100 28 0 0 0 0 0 0 0 0
41500 -284.939 -1.26542 100 22 0 0 0 0 0 0 0 0 0 -1.8112 100 21 -1.16505 100 27 0 0 0 0 0 0 0 0
41600 -285.641 -0.181559 100 32 0 0 0 0 0 0 0 0 0 -1.89102 100 23 -0.245433 100 29 0 0 0 0 0 0 0 0
41700 -282.703 -0.799371 100 30 0 0 0 0 0 0 0 0 0 -1.68548 100 19 -0.608246 100 28 0 0 0 0 0 0 0 0
41800 -283.082 -0.874493 100 28 0 0 0 0 0 0 0 0 0 -1.7644 100 18 -0.403367 100 23 0 0 0 0 0 0 0 0
41900 -283.473 -0.736415 100 23 0 0 0 0 0 0 0 0 0 -1.54093 100 24 -0.837675 100 16 0 0 0 0 0 0 0 0
42000 -283.919 -0.938287 100 25 0 0 0 0 0 0 0 0 0 -1.8618 100 27 -0.908339 100 31 0 0 0 0 0 0 0 0
42100 -284.113 -0.807009 100 24 0 0 0 0 0 0 0 0 0 -1.9506 100 27 -0.45967 100 30 0 0 0 0 0 0 0 0
42200 -283.87 -1.12233 100 20 0 0 0 0 0 0 0 0 0 -1.8824 100 14 -0.575944 100 26 0 0 0 0 0 0 0 0
42300 -284.399 -1.35007 100 31 0 0 0 0 0 0 0 0 0 -1.45945 100 18 -1.38674 100 26 0 0 0 0 0 0 0 0
42400 -282.753 -0.967298 100 25 0 0 0 0 0 0 0 0 0 -1.63283 100 21 -1.01109 100 30 0 0 0 0 0 0 0 0
42500 -282.724 -0.759497 100 22 0 0 0 0 0 0 0 0 0 -1.75348 100 17 -0.640706 100 24 0 0 0 0 0 0 0 0
42600 -286.28 -0.584134 100 27 0 0 0 0 0 0 0 0 0 -2.1061 100 22 -0.146229 100 31 0 0 0 0 0 0 0 0
42700 -283.564 -0.750673 100 26 0 0 0 0 0 0 0 0 0 -1.65341 100 16 -1.18511 100 29 0 0 0 0 0 0 0 0
42800 -283.524 -1.14081 100 21 0 0 0 0 0 0 0 0 0 -1.83457 100 18 -0.467958 100 26 0 0 0 0 0 0 0 0
42900 -284.008 -0.632767 100 22 0 0 0 0 0 0 0 0 0 -1.70382 100 18 -0.313466 100 29 0 0 0 0 0 0 0 0
43000 -282.772 -1.18366 100 22 0 0 0 0 0 0 0 0 0 -1.63501 100 21 -0.971609 100 32 0 0 0 0 0 0 0 0
43100 -282.54 -1.09042 100 20 0 0 0 0 0 0 0 0 0 -1.66425 100 18 -0.699441 100 28 0 0 0 0 0 0 0 0
43200 -283.585 -0.820614 100 22 0 0 0 0 0 0 0 0 0 -1.89693 100 23 -0.596878 100 31 0 0 0 0 0 0 0 0
43300 -284.457 -0.781271 100 19 0 0 0 0 0 0 0 0 0 -1.95211 100 22 -0.233442 100 32 0 0 0 0 0 0 0 0
43400 -284.347 -0.465764 100 25 0 0 0 0 0 0 0 0 0 -1.59436 100 23 -0.747714 100 29 0 0 0 0 0 0 0 0
43500 -283.282 -1.05051 100 24 0 0 0 0 0 0 0 0 0 -1.52976 100 17 -0.648273 100 30 0 0 0 0 0 0 0 0
43600 -282.79 -0.980618 100 28 0 0 0 0 0 0 0 0 0 -1.77223 100 18 -0.737333 100 27 0 0 0 0 0 0 0 0
43700 -282.78 -1.1297 100 29 0 0 0 0 0 0 0 0 0 -1.60099 100 16 -0.646695 100 31 0 0 0 0 0 0 0 0
43800 -284.785 -0.836496 100 30 0 0 0 0 0 0 0 0 0 -1.44889 100 20 -0.660688 100 21 0 0 0 0 0 0 0 0
43900 -284.336 -1.71039 100 20 0 0 0 0 0 0 0 0 0 -1.53868 100 26 -1.13673 100 34 0 0 0 0 0 0 0 0
44000 -283.822 -1.00227 100 20 0 0 0 0 0 0 0 0 0 -1.81693 100 19 -0.257248 100 20 0 0 0 0 0 0 0 0
44100 -283.165 -0.964623 100 24 0 0 0 0 0 0 0 0 0 -1.52002 100 23 -0.779635 100 27 0 0 0 0 0 0 0 0
44200 -284.447 -0.475084 100 20 0 0 0 0 0 0 0 0 0 -1.86604 100 14 -0.215863 100 22 0 0 0 0 0 0 0 0
44300 -283.719 -1.09731 100 15 0 0 0 0 0 0 0 0 0 -1.54945 100 18 -1.32106 100 30 0 0 0 0 0 0 0 0
44400 -285.221 -0.294459 100 31 0 0 0 0 0 0 0 0 0 -1.73941 100 19 -0.341717 100 27 0 0 0 0 0 0 0 0
44500 -283.398 -0.692549 100 25 0 0 0 0 0 0 0 0 0 -1.83602 100 21 -0.377292 100 29 0 0 0 0 0 0 0 0
44600 -282.941 -0.908634 100 35 0 0 0 0 0 0 0 0 0 -1.58734 100 26 -1.04949 100 22 0 0 0 0 0 0 0 0
44700 -283.242 -1.25876 100 26 0 0 0 0 0 0 0 0 0 -1.67947 100 24 -1.05098 100 18 0 0 0 0 0 0 0 0
44800 -285.782 -1.03442 100 28 0 0 0 0 0 0 0 0 0 -2.02035 100 26 -0.657626 100 23 0 0 0 0 0 0 0 0
44900 -285.921 -1.75504 100 22 0 0 0 0 0 0 0 0 0 -1.67727 100 32 -1.32695 100 23 0 0 0 0 0 0 0 0
45000 -283.426 -0.705044 100 24 0 0 0 0 0 0 0 0 0 -1.7499 100 14 -0.354475 100 31 0 0 0 0 0 0 0 0
45100 -282.977 -0.758941 100 27 0 0 0 0 0 0 0 0 0 -1.69611 100 18 -0.979804 100 32 0 0 0 0 0 0 0 0
45200 -283.211 -0.658332 100 25 0 0 0 0 0 0 0 0 0 -1.83033 100 29 -0.48538 100 20 0 0 0 0 0 0 0 0
45300 -283.822 -0.424637 100 30 0 0 0 0 0 0 0 0 0 -1.76046 100 20 -0.82811 100 25 0 0 0 0 0 0 0 0
45400 -282.941 -1.05713 100 28 0 0 0 0 0 0 0 0 0 -1.79013 100 20 -0.63563 100 32 0 0 0 0 0 0 0 0
45500 -283.38 -1.05877 100 25 0 0 0 0 0 0 0 0 0 -1.79358 100 31 -0.370346 100 29 0 0 0 0 0 0 0 0
45600 -284.708 -1.55255 100 20 0 0 0 0 0 0 0 0 0 -1.82059 100 17 -0.488972 100 25 0 0 0 0 0 0 0 0
45700 -282.807 -0.713566 100 31 0 0 0 0 0 0 0 0 0 -1.68134 100 29 -0.830048 100 27 0 0 0 0 0 0 0 0
45800 -282.517 -1.00418 100 18 0 0 0 0 0 0 0 0 0 -1.64791 100 30 -0.701295 100 33 0 0 0 0 0 0 0 0
45900 -283.341 -1.00821 100 21 0 0 0 0 0 0 0 0 0 -1.73935 100 29 -1.07044 100 32 0 0 0 0 0 0 0 0
46000 -284.334 -0.649423 100 18 0 0 0 0 0 0 0 0 0 -1.89466 100 23 -0.928807 100 29 0 0 0 0 0 0 0 0
46100 -282.785 -0.733804 100 20 0 0 0 0 0 0 0 0 0 -1.69861 100 21 -0.60995 100 30 0 0 0 0 0 0 0 0
46200 -282.93 -0.865861 100 20 0 0 0 0 0 0 0 0 0 -1.67941 100 24 -1.03018 100 30 0 0 0 0 0 0 0 0
46300 -283.979 -1.51464 100 33 0 0 0 0 0 0 0 0 0 -1.44494 100 23 -1.05579 100 34 0 0 0 0 0 0 0 0
46400 -284.659 -1.59083 100 32 0 0 0 0 0 0 0 0 0 -1.80631 100 27 -0.669748 100 29 0 0 0 0 0 0 0 0
46500 -283.597 -1.11957 100 18 0 0 0 0 0 0 0 0 0 -1.57291 100 23 -1.29299 100 21 0 0 0 0 0 0 0 0
46600 -283.482 -0.893096 100 23 0 0 0 0 0 0 0 0 0 -1.53265 100 22 -1.17161 100 40 0 0 0 0 0 0 0 0
46700 -287.244 -1.95709 100 23 0 0 0 0 0 0 0 0 0 -1.29094 100 21 -0.971911 100 29 0 0 0 0 0 0 0 0
46800 -282.64 -0.952286 100 23 0 0 0 0 0 0 0 0 0 -1.66143 100 23 -0.93884 100 30 0 0 0 0 0 0 0 0
46900 -282.932 -0.936147 100 22 0 0 0 0 0 0 0 0 0 -1.74496 100 25 -0.449471 100 22 0 0 0 0 0 0 0 0
47000 -284.924 -1.50042 100 26 0 0 0 0 0 0 0 0 0 -1.84286 100 25 -0.37054 100 21 0 0 0 0 0 0 0 0
47100 -283.368 -0.734305 100 20 0 0 0 0 0 0 0 0 0 -1.55497 100 26 -0.939642 100 30 0 0 0 0 0 0 0 0
47200 -284.53 -1.09993 100 30 0 0 0 0 0 0 0 0 0 -1.54116 100 24 -1.49895 100 33 0 0 0 0 0 0 0 0
47300 -285.32 -1.01794 100 24 0 0 0 0 0 0 0 0 0 -1.63735 100 25 -0.148534 100 26 0 0 0 0 0 0 0 0
47400 -282.902 -0.846332 100 37 0 0 0 0 0 0 0 0 0 -1.80527 100 29 -0.688678 100 27 0 0 0 0 0 0 0 0
47500 -283.161 -0.72769 100 26 0 0 0 0 0 0 0 0 0 -1.80723 100 22 -0.427223 100 24 0 0 0 0 0 0 0 0
47600 -283.564 -0.720953 100 22 0 0 0 0 0 0 0 0 0 -1.70483 100 26 -1.13833 100 31 0 0 0 0 0 0 0 0
47700 -282.897 -1.16925 100 23 0 0 0 0 0 0 0 0 0 -1.68595 100 21 -0.964001 100 30 0 0 0 0 0 0 0 0
47800 -282.906 -0.858472 100 26 0 0 0 0 0 0 0 0 0 -1.80402 100 22 -0.543119 100 31 0 0 0 0 0 0 0 0
47900 -284.974 -0.451004 100 26 0 0 0 0 0 0 0 0 0 -1.79467 100 17 -1.18205 100 25 0 0 0 0 0 0 0 0
48000 -283.297 -0.948396 100 25 0 0 0 0 0 0 0 0 0 -1.85232 100 27 -0.501682 100 28 0 0 0 0 0 0 0 0
48100 -283.513 -0.592143 100 17 0 0 0 0 0 0 0 0 0 -1.75645 100 26 -0.394649 100 27 0 0 0 0 0 0 0 0
48200 -290.746 -1.32304 100 23 0 0 0 0 0 0 0 0 0 -1.39373 100 23 -2.35889 100 35 0 0 0 0 0 0 0 0
48300 -283.834 -1.09763 100 26 0 0 0 0 0 0 0 0 0 -1.46483 100 26 -0.704174 100 34 0 0 0 0 0 0 0 0
48400 -284.395 -0.360176 100 23 0 0 0 0 0 0 0 0 0 -1.69596 100 20 -0.903019 100 21 0 0 0 0 0 0 0 0
48500 -285.022 -0.459305 100 25 0 0 0 0 0 0 0 0 0 -1.6024 100 19 -0.476148 100 26 0 0 0 0 0 0 0 0
48600 -283.561 -1.5718 100 22 0 0 0 0 0 0 0 0 0 -1.59081 100 16 -0.951931 100 24 0 0 0 0 0 0 0 0
48700 -285.654 -1.52367 100 28 0 0 0 0 0 0 0 0 0 -1.35075 100 26 -1.4308 100 30 0 0 0 0 0 0 0 0
48800 -284.196 -0.518145 100 20 0 0 0 0 0 0 0 0 0 -1.638 100 20 -1.1187 100 28 0 0 0 0 0 0 0 0
48900 -283.002 -0.75475 100 23 0 0 0 0 0 0 0 0 0 -1.61598 100 26 -0.663308 100 26 0 0 0 0 0 0 0 0
49000 -284.769 -1.66091 100 31 0 0 0 0 0 0 0 0 0 -1.77035 100 21 -0.492063 100 34 0 0 0 0 0 0 0 0
49100 -282.712 -1.16628 100 26 0 0 0 0 0 0 0 0 0 -1.66047 100 24 -0.916117 100 27 0 0 0 0 0 0 0 0
49200 -282.719 -0.750148 100 29 0 0 0 0 0 0 0 0 0 -1.74901 100 34 -0.678595 100 33 0 0 0 0 0 0 0 0
49300 -286.1 -2.04911 100 29 0 0 0 0 0 0 0 0 0 -1.55282 100 16 -1.2356 100 26 0 0 0 0 0 0 0 0
49400 -286.432 -1.20953 100 21 0 0 0 0 0 0 0 0 0 -1.60817 100 20 -0.0896981 100 30 0 0 0 0 0 0 0 0
49500 -284.506 -1.21765 100 30 0 0 0 0 0 0 0 0 0 -1.90256 100 23 -0.696572 100 36 0 0 0 0 0 0 0 0
49600 -285.626 -1.27808 100 25 0 0 0 0 0 0 0 0 0 -1.33364 100 22 -0.808731 100 19 0 0 0 0 0 0 0 0
49700 -283.124 -0.735924 100 24 0 0 0 0 0 0 0 0 0 -1.66217 100 33 -0.516387 100 18 0 0 0 0 0 0 0 0
49800 -283.876 -1.39391 100 17 0 0 0 0 0 0 0 0 0 -1.45711 100 21 -1.18887 100 35 0 0 0 0 0 0 0 0
49900 -284.498 -1.82026 100 25 0 0 0 0 0 0 0 0 0 -1.51553 100 16 -0.900661 100 18 0 0 0 0 0 0 0 0
50000 -282.853 -0.698907 100 26 0 0 0 0 0 0 0 0 0 -1.68488 100 20 -0.843793 100 33 0 0 0 0 0 0 0 0
50100 -284.693 -0.600789 100 26 0 0 0 0 0 0 0 0 0 -1.60261 100 26 -1.32869 100 25 0 0 0 0 0 0 0 0
50200 -283.294 -1.34812 100 19 0 0 0 0 0 0 0 0 0 -1.57947 100 23 -1.11936 100 29 0 0 0 0 0 0 0 0
50300 -283.176 -1.27323 100 20 0 0 0 0 0 0 0 0 0 -1.75235 100 23 -0.585053 100 17 0 0 0 0 0 0 0 0
50400 -284.702 -1.66617 100 24 0 0 0 0 0 0 0 0 0 -1.72104 100 29 -1.00214 100 33 0 0 0 0 0 0 0 0
50500 -283.605 -1.15888 100 22 0 0 0 0 0 0 0 0 0 -1.76849 100 11 -1.01624 100 28 0 0 0 0 0 0 0 0
50600 -283.492 -0.691308 100 17 0 0 0 0 0 0 0 0 0 -1.8406 100 19 -0.34876 100 33 0 0 0 0 0 0 0 0
50700 -282.771 -1.20292 100 26 0 0 0 0 0 0 0 0 0 -1.70345 100 15 -0.657257 100 25 0 0 0 0 0 0 0 0
50800 -285.645 -1.15939 100 18 0 0 0 0 0 0 0 0 0 -1.31268 100 24 -1.1552 100 23 0 0 0 0 0 0 0 0
50900 -285.507 -0.947726 100 21 0 0 0 0 0 0 0 0 0 -2.02345 100 26 -0.214093 100 19 0 0 0 0 0 0 0 0
51000 -283.101 -0.883433 100 19 0 0 0 0 0 0 0 0 0 -1.60875 100 19 -1.11673 100 26 0 0 0 0 0 0 0 0
51100 -282.762 -1.04484 100 17 0 0 0 0 0 0 0 0 0 -1.55655 100 23 -0.827972 100 31 0 0 0 0 0 0 0 0
51200 -282.963 -0.939296 100 30 0 0 0 0 0 0 0 0 0 -1.79056 100 23 -0.480575 100 27 0 0 0 0 0 0 0 0
51300 -282.582 -1.12087 100 21 0 0 0 0 0 0 0 0 0 -1.63036 100 23 -0.881549 100 18 0 0 0 0 0 0 0 0
51400 -285.432 -1.8461 100 26 0 0 0 0 0 0 0 0 0 -1.75354 100 21 -0.536314 100 27 0 0 0 0 0 0 0 0
51500 -282.868 -1.31869 100 25 0 0 0 0 0 0 0 0 0 -1.66137 100 25 -0.784185 100 32 0 0 0 0 0 0 0 0
51600 -284.275 -0.354275 100 27 0 0 0 0 0 0 0 0 0 -1.73384 100 21 -0.866307 100 19 0 0 0 0 0 0 0 0
51700 -283.084 -1.12739 100 22 0 0 0 0 0 0 0 0 0 -1.66135 100 21 -0.468624 100 21 0 0 0 0 0 0 0 0
51800 -284.178 -1.0093 100 28 0 0 0 0 0 0 0 0 0 -1.6555 100 28 -1.3831 100 30 0 0 0 0 0 0 0 0
51900 -283.611 -0.447128 100 28 0 0 0 0 0 0 0 0 0 -1.73587 100 11 -0.692681 100 26 0 0 0 0 0 0 0 0
52000 -283.891 -1.62093 100 34 0 0 0 0 0 0 0 0 0 -1.61606 100 20 -1.01756 100 21 0 0 0 0 0 0 0 0
52100 -287.229 -0.567507 100 22 0 0 0 0 0 0 0 0 0 -2.07984 100 24 0.137445 100 36 0 0 0 0 0 0 0 0
52200 -284.001 -1.27749 100 24 0 0 0 0 0 0 0 0 0 -1.64223 100 21 -1.30155 100 27 0 0 0 0 0 0 0 0
52300 -283.37 -1.04009 100 21 0 0 0 0 0 0 0 0 0 -1.47711 100 24 -0.977286 100 28 0 0 0 0 0 0 0 0
52400 -282.941 -1.20976 100 23 0 0 0 0 0 0 0 0 0 -1.55226 100 19 -1.03175 100 30 0 0 0 0 0 0 0 0
52500 -283.055 -0.893908 100 36 0 0 0 0 0 0 0 0 0 -1.78987 100 23 -0.860141 100 20 0 0 0 0 0 0 0 0
52600 -282.626 -0.930809 100 17 0 0 0 0 0 0 0 0 0 -1.62541 100 19 -0.921701 100 22 0 0 0 0 0 0 0 0
52700 -285.909 -0.752186 100 31 0 0 0 0 0 0 0 0 0 -2.04206 100 12 -0.750743 100 33 0 0 0 0 0 0 0 0
52800 -285.117 -0.87441 100 26 0 0 0 0 0 0 0 0 0 -2.00081 100 21 -0.662791 100 29 0 0 0 0 0 0 0 0
52900 -286.532 -1.09692 100 27 0 0 0 0 0 0 0 0 0 -1.27706 100 18 -1.18771 100 26 0 0 0 0 0 0 0 0
53000 -284.242 -0.329924 100 22 0 0 0 0 0 0 0 0 0 -1.75532 100 21 -0.753741 100 28 0 0 0 0 0 0 0 0
53100 -285.406 -1.2052 100 24 0 0 0 0 0 0 0 0 0 -1.97426 100 27 -0.611729 100 22 0 0 0 0 0 0 0 0
53200 -285.168 -1.2605 100 20 0 0 0 0 0 0 0 0 0 -1.3647 100 27 -0.766224 100 25 0 0 0 0 0 0 0 0
53300 -283.732 -0.466903 100 25 0 0 0 0 0 0 0 0 0 -1.75643 100 17 -0.470187 100 23 0 0 0 0 0 0 0 0
53400 -283.801 -0.845817 100 24 0 0 0 0 0 0 0 0 0 -1.66345 100 24 -1.27845 100 32 0 0 0 0 0 0 0 0
53500 -283.142 -0.660449 100 28 0 0 0 0 0 0 0 0 0 -1.80432 100 24 -0.476682 100 24 0 0 0 0 0 0 0 0
53600 -283.733 -1.52084 100 31 0 0 0 0 0 0 0 0 0 -1.54204 100 24 -1.13544 100 25 0 0 0 0 0 0 0 0
53700 -285.343 -1.18662 100 31 0 0 0 0 0 0 0 0 0 -1.45423 100 14 -1.61092 100 24 0 0 0 0 0 0 0 0
53800 -283.662 -0.657571 100 35 0 0 0 0 0 0 0 0 0 -1.59402 100 19 -1.09145 100 33 0 0 0 0 0 0 0 0
53900 -283.279 -0.870941 100 13 0 0 0 0 0 0 0 0 0 -1.85959 100 17 -0.625281 100 26 0 0 0 0 0 0 0 0
54000 -283.073 -0.998199 100 29 0 0 0 0 0 0 0 0 0 -1.69316 100 28 -0.426742 100 23 0 0 0 0 0 0 0 0
54100 -282.936 -1.28526 100 20 0 0 0 0 0 0 0 0 0 -1.62749 100 27 -0.625002 100 33 0 0 0 0 0 0 0 0
54200 -282.694 -0.769767 100 20 0 0 0 0 0 0 0 0 0 -1.66249 100 25 -0.807297 100 23 0 0 0 0 0 0 0 0
54300 -282.95 -1.32732 100 27 0 0 0 0 0 0 0 0 0 -1.56012 100 28 -0.808136 100 26 0 0 0 0 0 0 0 0
54400 -283.266 -0.648531 100 29 0 0 0 0 0 0 0 0 0 -1.7788 100 22 -0.419797 100 28 0 0 0 0 0 0 0 0
54500 -283.624 -0.674593 100 33 0 0 0 0 0 0 0 0 0 -1.72094 100 14 -0.347385 100 27 0 0 0 0 0 0 0 0
54600 -286.132 -0.534274 100 17 0 0 0 0 0 0 0 0 0 -2.10548 100 27 -0.411195 100 35 0 0 0 0 0 0 0 0
54700 -282.676 -0.860008 100 23 0 0 0 0 0 0 0 0 0 -1.7551 100 22 -0.742335 100 24 0 0 0 0 0 0 0 0
54800 -282.983 -1.0926 100 18 0 0 0 0 0 0 0 0 0 -1.58384 100 24 -1.10823 100 33 0 0 0 0 0 0 0 0
54900 -283.686 -0.588361 100 23 0 0 0 0 0 0 0 0 0 -1.64746 100 23 -0.51889 100 32 0 0 0 0 0 0 0 0
55000 -283.474 -0.682992 100 24 0 0 0 0 0 0 0 0 0 -1.87487 100 23 -0.431624 100 33 0 0 0 0 0 0 0 0
55100 -282.483 -0.948436 100 22 0 0 0 0 0 0 0 0 0 -1.66782 100 20 -0.770639 100 17 0 0 0 0 0 0 0 0
55200 -282.791 -1.21895 100 25 0 0 0 0 0 0 0 0 0 -1.62509 100 27 -0.964248 100 30 0 0 0 0 0 0 0 0
55300 -284.024 -0.424787 100 18 0 0 0 0 0 0 0 0 0 -1.89 100 24 -0.615189 100 33 0 0 0 0 0 0 0 0
55400 -284.357 -1.09382 100 25 0 0 0 0 0 0 0 0 0 -1.71936 100 14 -1.32351 100 28 0 0 0 0 0 0 0 0
55500 -286.424 -2.2273 100 26 0 0 0 0 0 0 0 0 0 -1.53626 100 26 -0.804114 100 39 0 0 0 0 0 0 0 0
55600 -286.263 -1.76947 100 21 0 0 0 0 0 0 0 0 0 -1.76339 100 20 -1.17419 100 24 0 0 0 0 0 0 0 0
55700 -282.846 -1.31417 100 33 0 0 0 0 0 0 0 0 0 -1.60692 100 19 -0.890282 100 22 0 0 0 0 0 0 0 0
55800 -282.925 -1.10745 100 19 0 0 0 0 0 0 0 0 0 -1.76379 100 29 -0.774833 100 24 0 0 0 0 0 0 0 0
55900 -284.034 -0.647434 100 25 0 0 0 0 0 0 0 0 0 -1.87727 100 20 -0.895948 100 24 0 0 0 0 0 0 0 0
56000 -283.403 -1.27257 100 16 0 0 0 0 0 0 0 0 0 -1.67042 100 19 -0.43889 100 34 0 0 0 0 0 0 0 0
56100 -288.918 0.130735 100 21 0 0 0 0 0 0 0 0 0 -1.93748 100 24 -0.0673405 100 19 0 0 0 0 0 0 0 0
56200 -283.194 -1.25511 100 23 0 0 0 0 0 0 0 0 0 -1.74283 100 21 -0.860185 100 24 0 0 0 0 0 0 0 0
56300 -283.658 -1.15399 100 22 0 0 0 0 0 0 0 0 0 -1.81381 100 18 -0.883529 100 18 0 0 0 0 0 0 0 0
56400 -283.405 -1.48388 100 24 0 0 0 0 0 0 0 0 0 -1.61452 100 25 -0.996965 100 26 0 0 0 0 0 0 0 0
56500 -289.24 -0.505758 100 29 0 0 0 0 0 0 0 0 0 -1.31693 100 15 -0.96045 100 22 0 0 0 0 0 0 0 0
56600 -283.441 -0.560396 100 24 0 0 0 0 0 0 0 0 0 -1.65491 100 26 -0.654225 100 26 0 0 0 0 0 0 0 0
56700 -284.414 -0.980131 100 22 0 0 0 0 0 0 0 0 0 -1.45536 100 20 -1.35504 100 28 0 0 0 0 0 0 0 0
56800 -282.749 -0.932327 100 23 0 0 0 0 0 0 0 0 0 -1.71022 100 22 -0.927772 100 29 0 0 0 0 0 0 0 0
56900 -284.361 -0.719483 100 25 0 0 0 0 0 0 0 0 0 -1.46997 100 23 -0.987467 100 37 0 0 0 0 0 0 0 0
57000 -283.701 -1.47437 100 26 0 0 0 0 0 0 0 0 0 -1.4806 100 24 -0.809845 100 28 0 0 0 0 0 0 0 0
57100 -283.882 -1.23225 100 27 0 0 0 0 0 0 0 0 0 -1.5946 100 23 -1.33318 100 36 0 0 0 0 0 0 0 0
57200 -282.979 -0.942806 100 25 0 0 0 0 0 0 0 0 0 -1.55538 100 19 -1.03025 100 37 0 0 0 0 0 0 0 0
57300 -287.79 -0.921018 100 28 0 0 0 0 0 0 0 0 0 -1.86096 100 17 0.219388 100 37 0 0 0 0 0 0 0 0
57400 -282.653 -0.990088 100 23 0 0 0 0 0 0 0 0 0 -1.69644 100 30 -0.900462 100 30 0 0 0 0 0 0 0 0
57500 -285.474 -0.559968 100 20 0 0 0 0 0 0 0 0 0 -2.04892 100 22 -0.574073 100 24 0 0 0 0 0 0 0 0
57600 -284.823 -1.42992 100 19 0 0 0 0 0 0 0 0 0 -1.42767 100 14 -0.626303 100 33 0 0 0 0 0 0 0 0
57700 -283.466 -0.63715 100 24 0 0 0 0 0 0 0 0 0 -1.87046 100 22 -0.661038 100 32 0 0 0 0 0 0 0 0
57800 -284.248 -0.719995 100 27 0 0 0 0 0 0 0 0 0 -1.48204 100 21 -1.04944 100 23 0 0 0 0 0 0 0 0
57900 -283.581 -1.18636 100 23 0 0 0 0 0 0 0 0 0 -1.46101 100 21 -1.12933 100 30 0 0 0 0 0 0 0 0
58000 -285.237 -0.745084 100 25 0 0 0 0 0 0 0 0 0 -1.45289 100 20 -1.36823 100 18 0 0 0 0 0 0 0 0
58100 -282.885 -0.686768 100 20 0 0 0 0 0 0 0 0 0 -1.75671 100 23 -0.766586 100 31 0 0 0 0 0 0 0 0
58200 -284.164 -1.15401 100 12 0 0 0 0 0 0 0 0 0 -1.71498 100 15 -1.27456 100 35 0 0 0 0 0 0 0 0
58300 -284.962 -0.408121 100 27 0 0 0 0 0 0 0 0 0 -1.57236 100 19 -0.905303 100 23 0 0 0 0 0 0 0 0
58400 -285.014 -0.420424 100 34 0 0 0 0 0 0 0 0 0 -1.62778 100 21 -1.18087 100 33 0 0 0 0 0 0 0 0
58500 -289.366 -1.19061 100 29 0 0 0 0 0 0 0 0 0 -1.97318 100 18 -1.46886 100 25 0 0 0 0 0 0 0 0
58600 -285.527 -1.36639 100 21 0 0 0 0 0 0 0 0 0 -1.91682 100 21 -0.824173 100 30 0 0 0 0 0 0 0 0
58700 -284.267 -1.53912 100 23 0 0 0 0 0 0 0 0 0 -1.48428 100 19 -1.27482 100 29 0 0 0 0 0 0 0 0
58800 -284.328 -1.10736 100 29 0 0 0 0 0 0 0 0 0 -1.91601 100 22 -0.367685 100 33 0 0 0 0 0 0 0 0
58900 -286.917 -1.02521 100 22 0 0 0 0 0 0 0 0 0 -1.82471 100 20 -1.56217 100 29 0 0 0 0 0 0 0 0
59000 -288.667 -0.698498 100 21 0 0 0 0 0 0 0 0 0 -1.32137 100 19 -1.64162 100 32 0 0 0 0 0 0 0 0
59100 -282.927 -0.840676 100 25 0 0 0 0 0 0 0 0 0 -1.79046 100 33 -0.487427 100 36 0 0 0 0 0 0 0 0
59200 -283.223 -1.32793 100 23 0 0 0 0 0 0 0 0 0 -1.73354 100 23 -0.797694 100 26 0 0 0 0 0 0 0 0
59300 -283.95 -0.434655 100 29 0 0 0 0 0 0 0 0 0 -1.8546 100 23 -0.746667 100 30 0 0 0 0 0 0 0 0
59400 -283.229 -0.805665 100 22 0 0 0 0 0 0 0 0 0 -1.54256 100 28 -0.851903 100 35 0 0 0 0 0 0 0 0
59500 -283.667 -0.515416 100 26 0 0 0 0 0 0 0 0 0 -1.86843 100 25 -0.464056 100 31 0 0 0 0 0 0 0 0
59600 -285.411 -0.877198 100 29 0 0 0 0 0 0 0 0 0 -1.95395 100 23 -0.0415924 100 28 0 0 0 0 0 0 0 0
59700 -284.206 -1.30059 100 17 0 0 0 0 0 0 0 0 0 -1.40338 100 28 -0.889914 100 33 0 0 0 0 0 0 0 0
59800 -283.024 -0.63287 100 28 0 0 0 0 0 0 0 0 0 -1.7848 100 32 -0.58518 100 26 0 0 0 0 0 0 0 0
59900 -284.241 -1.48105 100 29 0 0 0 0 0 0 0 0 0 -1.44708 100 11 -1.25327 100 21 0 0 0 0 0 0 0 0
60000 -282.897 -1.2862 100 26 0 0 0 0 0 0 0 0 0 -1.66112 100 20 -0.632581 100 26 0 0 0 0 0 0 0 0
60100 -282.946 -1.2903 100 26 0 0 0 0 0 0 0 0 0 -1.70417 100 20 -0.775632 100 29 0 0 0 0 0 0 0 0
60200 -284.779 -0.296306 100 17 0 0 0 0 0 0 0 0 0 -1.6822 100 21 -0.72116 100 32 0 0 0 0 0 0 0 0
60300 -289.147 -0.776745 100 24 0 0 0 0 0 0 0 0 0 -1.79621 100 26 -1.9297 100 31 0 0 0 0 0 0 0 0
60400 -284.508 -0.907899 100 19 0 0 0 0 0 0 0 0 0 -1.96874 100 24 -0.362107 100 32 0 0 0 0 0 0 0 0
60500 -282.685 -0.999721 100 19 0 0 0 0 0 0 0 0 0 -1.66118 100 17 -0.965627 100 22 0 0 0 0 0 0 0 0
60600 -285.616 -1.19383 100 17 0 0 0 0 0 0 0 0 0 -1.98342 100 15 -0.661428 100 30 0 0 0 0 0 0 0 0
60700 -283.217 -1.15377 100 28 0 0 0 0 0 0 0 0 0 -1.80272 100 19 -0.678558 100 28 0 0 0 0 0 0 0 0
60800 -283.275 -1.07661 100 22 0 0 0 0 0 0 0 0 0 -1.77134 100 21 -0.94502 100 38 0 0 0 0 0 0 0 0
60900 -284.569 -0.748849 100 20 0 0 0 0 0 0 0 0 0 -1.51313 100 29 -0.539389 100 27 0 0 0 0 0 0 0 0
61000 -283.435 -1.28131 100 19 0 0 0 0 0 0 0 0 0 -1.61311 100 21 -1.18653 100 25 0 0 0 0 0 0 0 0
61100 -283.1 -1.19084 100 23 0 0 0 0 0 0 0 0 0 -1.69584 100 22 -1.01203 100 26 0 0 0 0 0 0 0 0
61200 -282.907 -1.31062 100 28 0 0 0 0 0 0 0 0 0 -1.67601 100 17 -0.817237 100 29 0 0 0 0 0 0 0 0
61300 -287.79 -0.824736 100 31 0 0 0 0 0 0 0 0 0 -1.54385 100 19 -1.96446 100 37 0 0 0 0 0 0 0 0
61400 -283.019 -1.09288 100 22 0 0 0 0 0 0 0 0 0 -1.6779 100 24 -1.06049 100 28 0 0 0 0 0 0 0 0
61500 -283.323 -0.579371 100 28 0 0 0 0 0 0 0 0 0 -1.72227 100 24 -0.50724 100 27 0 0 0 0 0 0 0 0
61600 -283.317 -1.17009 100 34 0 0 0 0 0 0 0 0 0 -1.52992 100 20 -1.18499 100 24 0 0 0 0 0 0 0 0
61700 -283.312 -1.22754 100 20 0 0 0 0 0 0 0 0 0 -1.78801 100 21 -0.738519 100 29 0 0 0 0 0 0 0 0
61800 -285.724 -1.91971 100 26 0 0 0 0 0 0 0 0 0 -1.44137 100 17 -1.29153 100 31 0 0 0 0 0 0 0 0
61900 -285.795 -1.86562 100 25 0 0 0 0 0 0 0 0 0 -1.45608 100 27 -1.39053 100 31 0 0 0 0 0 0 0 0
62000 -283.407 -1.27638 100 20 0 0 0 0 0 0 0 0 0 -1.66003 100 22 -1.12571 100 31 0 0 0 0 0 0 0 0
62100 -282.876 -1.01967 100 20 0 0 0 0 0 0 0 0 0 -1.61154 100 22 -0.578249 100 27 0 0 0 0 0 0 0 0
62200 -284.824 -1.47788 100 23 0 0 0 0 0 0 0 0 0 -1.4287 100 22 -1.40464 100 27 0 0 0 0 0 0 0 0
62300 -283.055 -1.17869 100 25 0 0 0 0 0 0 0 0 0 -1.71096 100 20 -0.968427 100 27 0 0 0 0 0 0 0 0
62400 -285.012 -1.18298 100 24 0 0 0 0 0 0 0 0 0 -1.58136 100 24 -0.257865 100 23 0 0 0 0 0 0 0 0
62500 -284.374 -0.906985 100 24 0 0 0 0 0 0 0 0 0 -1.42442 100 18 -1.12809 100 27 0 0 0 0 0 0 0 0
62600 -285.963 -1.59297 100 29 0 0 0 0 0 0 0 0 0 -1.91414 100 11 -0.564814 100 29 0 0 0 0 0 0 0 0
62700 -283.586 -0.604378 100 23 0 0 0 0 0 0 0 0 0 -1.67235 100 30 -1.06163 100 32 0 0 0 0 0 0 0 0
62800 -282.52 -0.937655 100 27 0 0 0 0 0 0 0 0 0 -1.64781 100 17 -0.83796 100 29 0 0 0 0 0 0 0 0
62900 -285.22 -1.36549 100 23 0 0 0 0 0 0 0 0 0 -1.32966 100 14 -1.14635 100 25 0 0 0 0 0 0 0 0
63000 -283.911 -0.696696 100 22 0 0 0 0 0 0 0 0 0 -1.5712 100 29 -0.550544 100 20 0 0 0 0 0 0 0 0
63100 -287.111 -0.121386 100 24 0 0 0 0 0 0 0 0 0 -1.68803 100 25 -1.1442 100 30 0 0 0 0 0 0 0 0
63200 -283.061 -1.06626 100 21 0 0 0 0 0 0 0 0 0 -1.70159 100 30 -1.0437 100 26 0 0 0 0 0 0 0 0
63300 -286.567 -2.0868 100 23 0 0 0 0 0 0 0 0 0 -1.72835 100 11 -0.514662 100 24 0 0 0 0 0 0 0 0
63400 -282.867 -1.07977 100 24 0 0 0 0 0 0 0 0 0 -1.63202 100 19 -0.552016 100 30 0 0 0 0 0 0 0 0
63500 -284.061 -1.3926 100 22 0 0 0 0 0 0 0 0 0 -1.80425 100 16 -0.812819 100 28 0 0 0 0 0 0 0 0
63600 -282.723 -1.24855 100 22 0 0 0 0 0 0 0 0 0 -1.62041 100 20 -0.874084 100 29 0 0 0 0 0 0 0 0
63700 -284.499 -1.50908 100 25 0 0 0 0 0 0 0 0 0 -1.82293 100 21 -0.665341 100 27 0 0 0 0 0 0 0 0
63800 -283.111 -0.902925 100 27 0 0 0 0 0 0 0 0 0 -1.62761 100 19 -1.12998 100 19 0 0 0 0 0 0 0 0
63900 -283.065 -1.05551 100 34 0 0 0 0 0 0 0 0 0 -1.64724 100 17 -1.11934 100 27 0 0 0 0 0 0 0 0
64000 -283.808 -1.04723 100 28 0 0 0 0 0 0 0 0 0 -1.45238 100 17 -0.796274 100 29 0 0 0 0 0 0 0 0
64100 -283.316 -0.679509 100 17 0 0 0 0 0 0 0 0 0 -1.81291 100 18 -0.392812 100 23 0 0 0 0 0 0 0 0
64200 -284.024 -1.05262 100 28 0 0 0 0 0 0 0 0 0 -1.55563 100 18 -1.39303 100 30 0 0 0 0 0 0 0 0
64300 -285.041 -1.12792 100 28 0 0 0 0 0 0 0 0 0 -1.48482 100 19 -1.5759 100 29 0 0 0 0 0 0 0 0
64400 -284.128 -0.574482 100 22 0 0 0 0 0 0 0 0 0 -1.75095 100 23 -0.272669 100 28 0 0 0 0 0 0 0 0
64500 -282.871 -1.2786 100 35 0 0 0 0 0 0 0 0 0 -1.69282 100 24 -0.77354 100 31 0 0 0 0 0 0 0 0
64600 -284.864 -0.383908 100 27 0 0 0 0 0 0 0 0 0 -1.98481 100 19 -0.548697 100 24 0 0 0 0 0 0 0 0
64700 -282.67 -1.01801 100 23 0 0 0 0 0 0 0 0 0 -1.66697 100 26 -0.579887 100 26 0 0 0 0 0 0 0 0
64800 -284.233 -0.928817 100 22 0 0 0 0 0 0 0 0 0 -1.90135 100 19 -0.852102 100 27 0 0 0 0 0 0 0 0
64900 -284.311 -1.29329 100 26 0 0 0 0 0 0 0 0 0 -1.8431 100 23 -0.86128 100 27 0 0 0 0 0 0 0 0
65000 -282.721 -0.778184 100 25 0 0 0 0 0 0 0 0 0 -1.73534 100 15 -0.586459 100 29 0 0 0 0 0 0 0 0
65100 -283.731 -0.575016 100 25 0 0 0 0 0 0 0 0 0 -1.59288 100 23 -0.756096 100 27 0 0 0 0 0 0 0 0
65200 -283.987 -0.397477 100 27 0 0 0 0 0 0 0 0 0 -1.7464 100 18 -0.52104 100 22 0 0 0 0 0 0 0 0
65300 -283.659 -0.758582 100 20 0 0 0 0 0 0 0 0 0 -1.64311 100 25 -1.21698 100 22 0 0 0 0 0 0 0 0
65400 -283.726 -0.42529 100 27 0 0 0 0 0 0 0 0 0 -1.75301 100 25 -0.75583 100 36 0 0 0 0 0 0 0 0
65500 -283.392 -0.970702 100 21 0 0 0 0 0 0 0 0 0 -1.53644 100 18 -1.19168 100 16 0 0 0 0 0 0 0 0
65600 -282.68 -1.13562 100 22 0 0 0 0 0 0 0 0 0 -1.57368 100 24 -0.874358 100 31 0 0 0 0 0 0 0 0
65700 -283.895 -0.523445 100 25 0 0 0 0 0 0 0 0 0 -1.73798 100 26 -0.371981 100 22 0 0 0 0 0 0 0 0
65800 -283.878 -1.31077 100 29 0 0 0 0 0 0 0 0 0 -1.71846 100 20 -1.12472 100 27 0 0 0 0 0 0 0 0
65900 -283.473 -1.35698 100 23 0 0 0 0 0 0 0 0 0 -1.62726 100 18 -1.13799 100 29 0 0 0 0 0 0 0 0
66000 -284.942 -1.85823 100 32 0 0 0 0 0 0 0 0 0 -1.49748 100 27 -0.730867 100 22 0 0 0 0 0 0 0 0
66100 -282.739 -1.02242 100 24 0 0 0 0 0 0 0 0 0 -1.64559 100 30 -0.573751 100 37 0 0 0 0 0 0 0 0
66200 -283.299 -0.871431 100 18 0 0 0 0 0 0 0 0 0 -1.56333 100 21 -1.14096 100 19 0 0 0 0 0 0 0 0
66300 -283.863 -1.17105 100 21 0 0 0 0 0 0 0 0 0 -1.42785 100 22 -0.897509 100 20 0 0 0 0 0 0 0 0
66400 -284.361 -1.34659 100 16 0 0 0 0 0 0 0 0 0 -1.4374 100 31 -1.34067 100 27 0 0 0 0 0 0 0 0
66500 -285.358 -1.37965 100 18 0 0 0 0 0 0 0 0 0 -1.49069 100 23 -1.60667 100 21 0 0 0 0 0 0 0 0
66600 -285.235 -1.20941 100 17 0 0 0 0 0 0 0 0 0 -1.82949 100 25 -1.20547 100 26 0 0 0 0 0 0 0 0
66700 -283.554 -1.06999 100 25 0 0 0 0 0 0 0 0 0 -1.8369 100 31 -0.805709 100 32 0 0 0 0 0 0 0 0
66800 -283.404 -1.28906 100 32 0 0 0 0 0 0 0 0 0 -1.52078 100 27 -0.660799 100 30 0 0 0 0 0 0 0 0
66900 -283.272 -0.596837 100 22 0 0 0 0 0 0 0 0 0 -1.64298 100 27 -0.810753 100 24 0 0 0 0 0 0 0 0
67000 -286.953 -1.84715 100 18 0 0 0 0 0 0 0 0 0 -1.30402 100 21 -0.851687 100 38 0 0 0 0 0 0 0 0
67100 -284.162 -1.10351 100 33 0 0 0 0 0 0 0 0 0 -1.71778 100 26 -1.28424 100 28 0 0 0 0 0 0 0 0
67200 -283.351 -0.77676 100 13 0 0 0 0 0 0 0 0 0 -1.86824 100 16 -0.466506 100 24 0 0 0 0 0 0 0 0
67300 -283.86 -1.06991 100 25 0 0 0 0 0 0 0 0 0 -1.8196 100 25 -0.272667 100 26 0 0 0 0 0 0 0 0
67400 -283.608 -1.20413 100 31 0 0 0 0 0 0 0 0 0 -1.60407 100 24 -1.26977 100 22 0 0 0 0 0 0 0 0
67500 -284.819 -1.69019 100 20 0 0 0 0 0 0 0 0 0 -1.4073 100 18 -1.14591 100 21 0 0 0 0 0 0 0 0
67600 -283.727 -0.721844 100 22 0 0 0 0 0 0 0 0 0 -1.82173 100 21 -0.985352 100 26 0 0 0 0 0 0 0 0
67700 -283.029 -1.36192 100 23 0 0 0 0 0 0 0 0 0 -1.59342 100 26 -0.972095 100 28 0 0 0 0 0 0 0 0
67800 -284.008 -0.567693 100 26 0 0 0 0 0 0 0 0 0 -1.56594 100 29 -0.789381 100 28 0 0 0 0 0 0 0 0
67900 -282.84 -0.728319 100 27 0 0 0 0 0 0 0 0 0 -1.70231 100 20 -0.577172 100 33 0 0 0 0 0 0 0 0
68000 -283.407 -1.38454 100 18 0 0 0 0 0 0 0 0 0 -1.74345 100 19 -0.7471 100 27 0 0 0 0 0 0 0 0
68100 -286.906 -2.10074 100 22 0 0 0 0 0 0 0 0 0 -1.51932 100 19 -0.480622 100 20 0 0 0 0 0 0 0 0
68200 -284.443 -0.628401 100 20 0 0 0 0 0 0 0 0 0 -1.82665 100 16 -1.12274 100 34 0 0 0 0 0 0 0 0
68300 -283.43 -1.11364 100 19 0 0 0 0 0 0 0 0 0 -1.74102 100 18 -1.05838 100 33 0 0 0 0 0 0 0 0
68400 -284.683 -1.54073 100 18 0 0 0 0 0 0 0 0 0 -1.51355 100 21 -1.3988 100 30 0 0 0 0 0 0 0 0
68500 -283.384 -1.20154 100 28 0 0 0 0 0 0 0 0 0 -1.80488 100 25 -0.520018 100 35 0 0 0 0 0 0 0 0
68600 -283.327 -0.57389 100 26 0 0 0 0 0 0 0 0 0 -1.71898 100 25 -0.518392 100 32 0 0 0 0 0 0 0 0
68700 -283.224 -1.46022 100 23 0 0 0 0 0 0 0 0 0 -1.56418 100 15 -0.928669 100 30 0 0 0 0 0 0 0 0
68800 -284.223 -0.66914 100 30 0 0 0 0 0 0 0 0 0 -1.60351 100 30 -1.28411 100 30 0 0 0 0 0 0 0 0
68900 -283.397 -0.716327 100 15 0 0 0 0 0 0 0 0 0 -1.63323 100 21 -1.10864 100 29 0 0 0 0 0 0 0 0
69000 -283.117 -1.43298 100 27 0 0 0 0 0 0 0 0 0 -1.5768 100 19 -0.886387 100 35 0 0 0 0 0 0 0 0
69100 -283.29 -0.665072 100 19 0 0 0 0 0 0 0 0 0 -1.83348 100 24 -0.436334 100 30 0 0 0 0 0 0 0 0
69200 -283.536 -1.52721 100 16 0 0 0 0 0 0 0 0 0 -1.64419 100 20 -0.941037 100 19 0 0 0 0 0 0 0 0
69300 -282.713 -0.840074 100 17 0 0 0 0 0 0 0 0 0 -1.64775 100 19 -0.927806 100 35 0 0 0 0 0 0 0 0
69400 -282.689 -1.16803 100 35 0 0 0 0 0 0 0 0 0 -1.62043 100 19 -0.940423 100 23 0 0 0 0 0 0 0 0
69500 -283.624 -0.602148 100 33 0 0 0 0 0 0 0 0 0 -1.88522 100 20 -0.655398 100 25 0 0 0 0 0 0 0 0
69600 -285.492 -0.623728 100 20 0 0 0 0 0 0 0 0 0 -2.02494 100 23 -0.733359 100 31 0 0 0 0 0 0 0 0
69700 -284.899 -1.71086 100 30 0 0 0 0 0 0 0 0 0 -1.6729 100 23 -0.413367 100 33 0 0 0 0 0 0 0 0
69800 -283.359 -0.557048 100 21 0 0 0 0 0 0 0 0 0 -1.83551 100 12 -0.567936 100 32 0 0 0 0 0 0 0 0
69900 -283.378 -1.33491 100 20 0 0 0 0 0 0 0 0 0 -1.74514 100 23 -0.83761 100 20 0 0 0 0 0 0 0 0
70000 -282.966 -0.719925 100 27 0 0 0 0 0 0 0 0 0 -1.62009 100 22 -0.856021 100 35 0 0 0 0 0 0 0 0
70100 -284.409 -0.439418 100 25 0 0 0 0 0 0 0 0 0 -1.93689 100 20 -0.327538 100 24 0 0 0 0 0 0 0 0
70200 -284.767 -1.04311 100 25 0 0 0 0 0 0 0 0 0 -1.55996 100 25 -0.314345 100 41 0 0 0 0 0 0 0 0
70300 -284.172 -0.725105 100 22 0 0 0 0 0 0 0 0 0 -1.51421 100 26 -0.655574 100 32 0 0 0 0 0 0 0 0
70400 -282.737 -1.06453 100 17 0 0 0 0 0 0 0 0 0 -1.55867 100 15 -0.889401 100 31 0 0 0 0 0 0 0 0
70500 -284.07 -1.56517 100 26 0 0 0 0 0 0 0 0 0 -1.74874 100 21 -0.614391 100 27 0 0 0 0 0 0 0 0
70600 -283.2 -1.27513 100 33 0 0 0 0 0 0 0 0 0 -1.75205 100 21 -0.786214 100 26 0 0 0 0 0 0 0 0
70700 -282.615 -0.93095 100 23 0 0 0 0 0 0 0 0 0 -1.64135 100 28 -0.653206 100 25 0 0 0 0 0 0 0 0
70800 -282.959 -0.945665 100 32 0 0 0 0 0 0 0 0 0 -1.56253 100 18 -0.697822 100 21 0 0 0 0 0 0 0 0
70900 -283.167 -0.700216 100 29 0 0 0 0 0 0 0 0 0 -1.7904 100 27 -0.426122 100 25 0 0 0 0 0 0 0 0
71000 -282.842 -1.02363 100 13 0 0 0 0 0 0 0 0 0 -1.66789 100 23 -1.02496 100 31 0 0 0 0 0 0 0 0
71100 -284.547 -1.7573 100 28 0 0 0 0 0 0 0 0 0 -1.50654 100 21 -0.710182 100 29 0 0 0 0 0 0 0 0
71200 -282.815 -1.2538 100 28 0 0 0 0 0 0 0 0 0 -1.62655 100 20 -0.944275 100 27 0 0 0 0 0 0 0 0
71300 -283.621 -1.56495 100 22 0 0 0 0 0 0 0 0 0 -1.57611 100 19 -0.691649 100 28 0 0 0 0 0 0 0 0
71400 -282.643 -0.818114 100 26 0 0 0 0 0 0 0 0 0 -1.74488 100 24 -0.660786 100 23 0 0 0 0 0 0 0 0
71500 -282.911 -1.19754 100 24 0 0 0 0 0 0 0 0 0 -1.55831 100 25 -1.02882 100 30 0 0 0 0 0 0 0 0
71600 -283.109 -1.02645 100 28 0 0 0 0 0 0 0 0 0 -1.73992 100 20 -0.409115 100 31 0 0 0 0 0 0 0 0
71700 -282.833 -1.20755 100 18 0 0 0 0 0 0 0 0 0 -1.69112 100 24 -0.8841 100 34 0 0 0 0 0 0 0 0
71800 -284.334 -0.895957 100 22 0 0 0 0 0 0 0 0 0 -1.51888 100 17 -1.39757 100 30 0 0 0 0 0 0 0 0
71900 -283.185 -1.40953 100 27 0 0 0 0 0 0 0 0 0 -1.53213 100 17 -0.896805 100 31 0 0 0 0 0 0 0 0
72000 -283.326 -0.650369 100 17 0 0 0 0 0 0 0 0 0 -1.81183 100 22 -0.839747 100 32 0 0 0 0 0 0 0 0
72100 -285.294 -1.21073 100 27 0 0 0 0 0 0 0 0 0 -1.70245 100 12 -1.48939 100 28 0 0 0 0 0 0 0 0
72200 -283.676 -0.514612 100 22 0 0 0 0 0 0 0 0 0 -1.87597 100 13 -0.601761 100 28 0 0 0 0 0 0 0 0
72300 -282.924 -1.30151 100 40 0 0 0 0 0 0 0 0 0 -1.66963 100 22 -0.877648 100 27 0 0 0 0 0 0 0 0
72400 -283.536 -0.637952 100 29 0 0 0 0 0 0 0 0 0 -1.77444 100 23 -0.990865 100 22 0 0 0 0 0 0 0 0
72500 -283.005 -0.630668 100 25 0 0 0 0 0 0 0 0 0 -1.69078 100 17 -0.807909 100 34 0 0 0 0 0 0 0 0
72600 -283.599 -1.31945 100 29 0 0 0 0 0 0 0 0 0 -1.7412 100 27 -0.972819 100 26 0 0 0 0 0 0 0 0
72700 -284.669 -1.66426 100 18 0 0 0 0 0 0 0 0 0 -1.75492 100 18 -0.852646 100 27 0 0 0 0 0 0 0 0
72800 -282.835 -1.20838 100 22 0 0 0 0 0 0 0 0 0 -1.68146 100 19 -0.588363 100 18 0 0 0 0 0 0 0 0
72900 -282.579 -0.904902 100 20 0 0 0 0 0 0 0 0 0 -1.73518 100 25 -0.691639 100 28 0 0 0 0 0 0 0 0
73000 -283.555 -0.739611 100 24 0 0 0 0 0 0 0 0 0 -1.82265 100 27 -0.305246 100 26 0 0 0 0 0 0 0 0
73100 -283.264 -0.954458 100 24 0 0 0 0 0 0 0 0 0 -1.7556 100 29 -1.02157 100 27 0 0 0 0 0 0 0 0
73200 -282.967 -1.19034 100 23 0 0 0 0 0 0 0 0 0 -1.63501 100 19 -1.05674 100 34 0 0 0 0 0 0 0 0
73300 -282.957 -1.17839 100 27 0 0 0 0 0 0 0 0 0 -1.5918 100 26 -1.07998 100 18 0 0 0 0 0 0 0 0
73400 -282.857 -0.708373 100 18 0 0 0 0 0 0 0 0 0 -1.77014 100 23 -0.586791 100 31 0 0 0 0 0 0 0 0
73500 -282.87 -1.29315 100 27 0 0 0 0 0 0 0 0 0 -1.6621 100 24 -0.868441 100 29 0 0 0 0 0 0 0 0
73600 -283.698 -1.4985 100 27 0 0 0 0 0 0 0 0 0 -1.69015 100 18 -0.53658 100 28 0 0 0 0 0 0 0 0
73700 -283.428 -1.44246 100 27 0 0 0 0 0 0 0 0 0 -1.50074 100 18 -0.861434 100 25 0 0 0 0 0 0 0 0
73800 -282.581 -1.12672 100 21 0 0 0 0 0 0 0 0 0 -1.6236 100 21 -0.732541 100 24 0 0 0 0 0 0 0 0
73900 -283.135 -0.829572 100 23 0 0 0 0 0 0 0 0 0 -1.66549 100 16 -1.09639 100 32 0 0 0 0 0 0 0 0
74000 -282.678 -0.981974 100 26 0 0 0 0 0 0 0 0 0 -1.59425 100 22 -0.944119 100 31 0 0 0 0 0 0 0 0
74100 -283.268 -1.38651 100 20 0 0 0 0 0 0 0 0 0 -1.71308 100 25 -0.807018 100 34 0 0 0 0 0 0 0 0
74200 -282.6 -0.812138 100 22 0 0 0 0 0 0 0 0 0 -1.69915 100 23 -0.78426 100 22 0 0 0 0 0 0 0 0
74300 -284.017 -1.64057 100 19 0 0 0 0 0 0 0 0 0 -1.54502 100 17 -1.10285 100 21 0 0 0 0 0 0 0 0
74400 -283.421 -0.960665 100 20 0 0 0 0 0 0 0 0 0 -1.66208 100 19 -1.20852 100 30 0 0 0 0 0 0 0 0
74500 -285.532 -1.36051 100 14 0 0 0 0 0 0 0 0 0 -1.95398 100 20 -0.474806 100 18 0 0 0 0 0 0 0 0
74600 -284.003 -1.45164 100 29 0 0 0 0 0 0 0 0 0 -1.72871 100 34 -0.411604 100 22 0 0 0 0 0 0 0 0
74700 -282.87 -1.22432 100 18 0 0 0 0 0 0 0 0 0 -1.68521 100 24 -0.904518 100 26 0 0 0 0 0 0 0 0
74800 -283.851 -0.646178 100 30 0 0 0 0 0 0 0 0 0 -1.79843 100 20 -0.263437 100 23 0 0 0 0 0 0 0 0
74900 -284.605 -1.72203 100 17 0 0 0 0 0 0 0 0 0 -1.51003 100 28 -1.21919 100 33 0 0 0 0 0 0 0 0
75000 -287.898 -1.93612 100 27 0 0 0 0 0 0 0 0 0 -1.72251 100 27 -0.111812 100 28 0 0 0 0 0 0 0 0
75100 -282.532 -0.90524 100 22 0 0 0 0 0 0 0 0 0 -1.67448 100 24 -0.830467 100 22 0 0 0 0 0 0 0 0
75200 -284.641 -1.00475 100 19 0 0 0 0 0 0 0 0 0 -1.92047 100 30 -0.856633 100 30 0 0 0 0 0 0 0 0
75300 -282.962 -1.32062 100 27 0 0 0 0 0 0 0 0 0 -1.59212 100 26 -0.982406 100 35 0 0 0 0 0 0 0 0
75400 -283.93 -0.999813 100 19 0 0 0 0 0 0 0 0 0 -1.4726 100 23 -0.677062 100 27 0 0 0 0 0 0 0 0
75500 -284.579 -1.28811 100 25 0 0 0 0 0 0 0 0 0 -1.60507 100 24 -1.45456 100 28 0 0 0 0 0 0 0 0
75600 -282.874 -1.12163 100 20 0 0 0 0 0 0 0 0 0 -1.71718 100 28 -0.910478 100 24 0 0 0 0 0 0 0 0
75700 -284.343 -0.455267 100 25 0 0 0 0 0 0 0 0 0 -1.65507 100 19 -0.49775 100 26 0 0 0 0 0 0 0 0
75800 -285.886 -1.62867 100 23 0 0 0 0 0 0 0 0 0 -1.74243 100 17 -0.184594 100 19 0 0 0 0 0 0 0 0
75900 -284.33 -0.806158 100 23 0 0 0 0 0 0 0 0 0 -1.61452 100 27 -0.321653 100 28 0 0 0 0 0 0 0 0
76000 -285.134 -1.61882 100 18 0 0 0 0 0 0 0 0 0 -1.83993 100 15 -0.541498 100 15 0 0 0 0 0 0 0 0
76100 -287.031 -0.76754 100 33 0 0 0 0 0 0 0 0 0 -1.32636 100 19 -0.887438 100 28 0 0 0 0 0 0 0 0
76200 -283.151 -0.850013 100 17 0 0 0 0 0 0 0 0 0 -1.75725 100 20 -0.38434 100 33 0 0 0 0 0 0 0 0
76300 -283.275 -1.1639 100 28 0 0 0 0 0 0 0 0 0 -1.71253 100 14 -1.05188 100 30 0 0 0 0 0 0 0 0
76400 -285.257 -1.05431 100 25 0 0 0 0 0 0 0 0 0 -1.42662 100 18 -0.545799 100 29 0 0 0 0 0 0 0 0
76500 -283.551 -0.575932 100 21 0 0 0 0 0 0 0 0 0 -1.84759 100 30 -0.403124 100 25 0 0 0 0 0 0 0 0
76600 -282.965 -0.631493 100 23 0 0 0 0 0 0 0 0 0 -1.76175 100 25 -0.632467 100 26 0 0 0 0 0 0 0 0
76700 -283.159 -0.898215 100 23 0 0 0 0 0 0 0 0 0 -1.84347 100 21 -0.542753 100 33 0 0 0 0 0 0 0 0
76800 -283.417 -1.03148 100 36 0 0 0 0 0 0 0 0 0 -1.79246 100 25 -0.949675 100 31 0 0 0 0 0 0 0 0
76900 -285.703 -1.70508 100 25 0 0 0 0 0 0 0 0 0 -1.84762 100 18 -0.450041 100 33 0 0 0 0 0 0 0 0
77000 -282.576 -0.84971 100 19 0 0 0 0 0 0 0 0 0 -1.72229 100 18 -0.672961 100 33 0 0 0 0 0 0 0 0
77100 -282.695 -1.01002 100 24 0 0 0 0 0 0 0 0 0 -1.71628 100 17 -0.87524 100 27 0 0 0 0 0 0 0 0
77200 -283.063 -1.3611 100 21 0 0 0 0 0 0 0 0 0 -1.67263 100 20 -0.86689 100 22 0 0 0 0 0 0 0 0
77300 -284.211 -1.61087 100 25 0 0 0 0 0 0 0 0 0 -1.62758 100 26 -1.13483 100 23 0 0 0 0 0 0 0 0
77400 -283.979 -0.778478 100 20 0 0 0 0 0 0 0 0 0 -1.55369 100 21 -0.520688 100 29 0 0 0 0 0 0 0 0
77500 -282.642 -0.786216 100 24 0 0 0 0 0 0 0 0 0 -1.71995 100 26 -0.654608 100 20 0 0 0 0 0 0 0 0
77600 -285.161 -0.628435 100 29 0 0 0 0 0 0 0 0 0 -1.96522 100 31 -0.0782924 100 27 0 0 0 0 0 0 0 0
77700 -282.664 -0.796844 100 24 0 0 0 0 0 0 0 0 0 -1.65268 100 22 -0.733077 100 29 0 0 0 0 0 0 0 0
77800 -284.394 -1.35129 100 23 0 0 0 0 0 0 0 0 0 -1.8472 100 25 -0.376154 100 36 0 0 0 0 0 0 0 0
77900 -282.612 -0.821525 100 31 0 0 0 0 0 0 0 0 0 -1.69532 100 22 -0.818952 100 27 0 0 0 0 0 0 0 0
78000 -285.544 -0.880752 100 26 0 0 0 0 0 0 0 0 0 -1.42002 100 21 -0.589446 100 25 0 0 0 0 0 0 0 0
78100 -283.61 -0.922656 100 27 0 0 0 0 0 0 0 0 0 -1.65584 100 21 -0.352574 100 24 0 0 0 0 0 0 0 0
78200 -283.369 -0.782053 100 26 0 0 0 0 0 0 0 0 0 -1.67317 100 21 -0.410365 100 24 0 0 0 0 0 0 0 0
78300 -285.158 -1.64978 100 28 0 0 0 0 0 0 0 0 0 -1.39827 100 17 -1.32623 100 37 0 0 0 0 0 0 0 0
78400 -286.837 -0.587785 100 24 0 0 0 0 0 0 0 0 0 -1.93109 100 18 -1.3206 100 28 0 0 0 0 0 0 0 0
78500 -284.189 -1.6034 100 24 0 0 0 0 0 0 0 0 0 -1.69427 100 23 -0.496188 100 37 0 0 0 0 0 0 0 0
78600 -283.045 -0.740392 100 24 0 0 0 0 0 0 0 0 0 -1.59317 100 23 -0.811277 100 28 0 0 0 0 0 0 0 0
78700 -282.944 -0.965814 100 26 0 0 0 0 0 0 0 0 0 -1.65325 100 16 -0.497399 100 19 0 0 0 0 0 0 0 0
78800 -284.15 -0.997104 100 30 0 0 0 0 0 0 0 0 0 -1.51238 100 24 -1.38689 100 32 0 0 0 0 0 0 0 0
78900 -285.188 -0.388558 100 17 0 0 0 0 0 0 0 0 0 -1.92464 100 21 -0.128087 100 34 0 0 0 0 0 0 0 0
79000 -283.749 -1.2728 100 19 0 0 0 0 0 0 0 0 0 -1.69967 100 20 -0.352583 100 24 0 0 0 0 0 0 0 0
79100 -282.823 -1.2585 100 24 0 0 0 0 0 0 0 0 0 -1.67996 100 19 -0.833368 100 28 0 0 0 0 0 0 0 0
79200 -285.491 -0.626227 100 30 0 0 0 0 0 0 0 0 0 -1.70552 100 27 -1.48437 100 33 0 0 0 0 0 0 0 0
79300 -283.562 -1.32406 100 28 0 0 0 0 0 0 0 0 0 -1.45743 100 20 -0.908613 100 22 0 0 0 0 0 0 0 0
79400 -284.408 -1.36479 100 25 0 0 0 0 0 0 0 0 0 -1.38368 100 26 -0.993714 100 25 0 0 0 0 0 0 0 0
79500 -283.266 -0.749221 100 26 0 0 0 0 0 0 0 0 0 -1.57045 100 29 -0.99077 100 30 0 0 0 0 0 0 0 0
79600 -283.33 -0.784975 100 25 0 0 0 0 0 0 0 0 0 -1.59563 100 24 -0.565161 100 32 0 0 0 0 0 0 0 0
79700 -282.926 -0.961809 100 19 0 0 0 0 0 0 0 0 0 -1.79005 100 24 -0.510694 100 30 0 0 0 0 0 0 0 0
79800 -285.465 -0.695745 100 27 0 0 0 0 0 0 0 0 0 -1.66736 100 29 -0.139682 100 28 0 0 0 0 0 0 0 0
79900 -283.191 -0.951374 100 29 0 0 0 0 0 0 0 0 0 -1.53678 100 26 -1.10104 100 24 0 0 0 0 0 0 0 0
80000 -284.925 -0.266685 100 25 0 0 0 0 0 0 0 0 0 -1.92103 100 26 -0.674853 100 31 0 0 0 0 0 0 0 0
80100 -283.393 -0.606261 100 23 0 0 0 0 0 0 0 0 0 -1.6753 100 24 -0.528448 100 36 0 0 0 0 0 0 0 0
80200 -282.76 -0.978471 100 18 0 0 0 0 0 0 0 0 0 -1.6156 100 23 -1.01533 100 38 0 0 0 0 0 0 0 0
80300 -283.345 -1.50302 100 24 0 0 0 0 0 0 0 0 0 -1.55015 100 26 -0.895525 100 35 0 0 0 0 0 0 0 0
80400 -282.951 -0.773483 100 24 0 0 0 0 0 0 0 0 0 -1.59359 100 14 -0.805334 100 32 0 0 0 0 0 0 0 0
80500 -286.098 -1.14763 100 21 0 0 0 0 0 0 0 0 0 -2.0351 100 22 -0.499357 100 30 0 0 0 0 0 0 0 0
80600 -282.652 -0.915565 100 30 0 0 0 0 0 0 0 0 0 -1.72859 100 25 -0.57137 100 25 0 0 0 0 0 0 0 0
80700 -283.041 -1.32631 100 30 0 0 0 0 0 0 0 0 0 -1.59232 100 23 -1.02257 100 23 0 0 0 0 0 0 0 0
80800 -284.507 -0.589619 100 30 0 0 0 0 0 0 0 0 0 -1.9355 100 29 -0.195632 100 26 0 0 0 0 0 0 0 0
80900 -286.192 -0.721562 100 24 0 0 0 0 0 0 0 0 0 -1.37324 100 21 -1.24073 100 27 0 0 0 0 0 0 0 0
81000 -282.841 -0.982521 100 22 0 0 0 0 0 0 0 0 0 -1.55025 100 23 -0.836244 100 32 0 0 0 0 0 0 0 0
81100 -284.588 -0.423847 100 23 0 0 0 0 0 0 0 0 0 -1.62627 100 14 -1.04066 100 28 0 0 0 0 0 0 0 0
81200 -284.12 -1.63406 100 27 0 0 0 0 0 0 0 0 0 -1.58765 100 17 -1.12929 100 21 0 0 0 0 0 0 0 0
81300 -283.25 -0.552381 100 22 0 0 0 0 0 0 0 0 0 -1.69307 100 17 -0.734555 100 29 0 0 0 0 0 0 0 0
81400 -283.811 -1.21635 100 23 0 0 0 0 0 0 0 0 0 -1.49379 100 20 -1.29664 100 29 0 0 0 0 0 0 0 0
81500 -283.69 -0.525178 100 21 0 0 0 0 0 0 0 0 0 -1.66745 100 18 -0.561999 100 29 0 0 0 0 0 0 0 0
81600 -284.286 -1.28014 100 22 0 0 0 0 0 0 0 0 0 -1.51949 100 24 -1.42313 100 34 0 0 0 0 0 0 0 0
81700 -283.181 -1.23871 100 26 0 0 0 0 0 0 0 0 0 -1.74346 100 22 -0.871128 100 29 0 0 0 0 0 0 0 0
81800 -283.761 -1.24314 100 29 0 0 0 0 0 0 0 0 0 -1.79219 100 23 -0.928093 100 30 0 0 0 0 0 0 0 0
81900 -284.073 -1.57003 100 28 0 0 0 0 0 0 0 0 0 -1.54742 100 14 -1.20785 100 26 0 0 0 0 0 0 0 0
82000 -284.477 -1.48979 100 21 0 0 0 0 0 0 0 0 0 -1.68939 100 19 -1.20705 100 28 0 0 0 0 0 0 0 0
82100 -283.099 -0.602886 100 14 0 0 0 0 0 0 0 0 0 -1.79325 100 26 -0.65562 100 30 0 0 0 0 0 0 0 0
82200 -283.197 -1.27951 100 26 0 0 0 0 0 0 0 0 0 -1.58071 100 20 -1.12711 100 37 0 0 0 0 0 0 0 0
82300 -284.852 -0.640811 100 27 0 0 0 0 0 0 0 0 0 -1.88981 100 24 -1.06776 100 26 0 0 0 0 0 0 0 0
82400 -283.586 -0.469151 100 27 0 0 0 0 0 0 0 0 0 -1.8298 100 32 -0.594299 100 29 0 0 0 0 0 0 0 0
82500 -284.132 -0.624071 100 24 0 0 0 0 0 0 0 0 0 -1.52505 100 28 -0.859024 100 30 0 0 0 0 0 0 0 0
82600 -284.236 -0.717389 100 27 0 0 0 0 0 0 0 0 0 -1.47989 100 21 -0.979105 100 28 0 0 0 0 0 0 0 0
82700 -282.9 -0.814587 100 28 0 0 0 0 0 0 0 0 0 -1.60483 100 24 -0.966282 100 27 0 0 0 0 0 0 0 0
82800 -283.074 -0.604676 100 26 0 0 0 0 0 0 0 0 0 -1.71423 100 15 -0.616182 100 28 0 0 0 0 0 0 0 0
82900 -284.053 -1.4812 100 18 0 0 0 0 0 0 0 0 0 -1.42651 100 23 -0.987125 100 32 0 0 0 0 0 0 0 0
83000 -283.855 -0.60773 100 32 0 0 0 0 0 0 0 0 0 -1.69199 100 22 -1.14324 100 25 0 0 0 0 0 0 0 0
83100 -283.069 -0.607814 100 30 0 0 0 0 0 0 0 0 0 -1.68518 100 22 -0.767164 100 24 0 0 0 0 0 0 0 0
83200 -283.072 -1.17864 100 24 0 0 0 0 0 0 0 0 0 -1.73129 100 20 -0.485976 100 24 0 0 0 0 0 0 0 0
83300 -284.737 -0.867842 100 24 0 0 0 0 0 0 0 0 0 -1.52456 100 20 -1.47775 100 28 0 0 0 0 0 0 0 0
83400 -285.629 -1.71347 100 31 0 0 0 0 0 0 0 0 0 -1.38968 100 24 -1.40059 100 32 0 0 0 0 0 0 0 0
83500 -282.699 -0.851936 100 24 0 0 0 0 0 0 0 0 0 -1.62083 100 14 -0.718279 100 27 0 0 0 0 0 0 0 0
83600 -283.087 -1.33016 100 19 0 0 0 0 0 0 0 0 0 -1.5857 100 24 -0.65048 100 33 0 0 0 0 0 0 0 0
83700 -284.783 -1.59021 100 27 0 0 0 0 0 0 0 0 0 -1.59356 100 17 -1.347 100 27 0 0 0 0 0 0 0 0
83800 -283.373 -0.688067 100 18 0 0 0 0 0 0 0 0 0 -1.64671 100 18 -1.0775 100 32 0 0 0 0 0 0 0 0
83900 -283.488 -0.981962 100 21 0 0 0 0 0 0 0 0 0 -1.48356 100 20 -0.806821 100 26 0 0 0 0 0 0 0 0
84000 -284.111 -1.66372 100 28 0 0 0 0 0 0 0 0 0 -1.62066 100 22 -1.03882 100 31 0 0 0 0 0 0 0 0
84100 -283.406 -1.25707 100 27 0 0 0 0 0 0 0 0 0 -1.49463 100 24 -0.736211 100 33 0 0 0 0 0 0 0 0
84200 -285.658 -1.40409 100 25 0 0 0 0 0 0 0 0 0 -1.72674 100 31 -1.42644 100 24 0 0 0 0 0 0 0 0
84300 -283.607 -0.469449 100 23 0 0 0 0 0 0 0 0 0 -1.71185 100 25 -0.807709 100 25 0 0 0 0 0 0 0 0
84400 -282.71 -1.11244 100 26 0 0 0 0 0 0 0 0 0 -1.71908 100 14 -0.613382 100 33 0 0 0 0 0 0 0 0
84500 -283.082 -0.855163 100 18 0 0 0 0 0 0 0 0 0 -1.80956 100 27 -0.441221 100 32 0 0 0 0 0 0 0 0
84600 -282.816 -0.890813 100 19 0 0 0 0 0 0 0 0 0 -1.68197 100 17 -0.990829 100 30 0 0 0 0 0 0 0 0
84700 -282.554 -0.841854 100 29 0 0 0 0 0 0 0 0 0 -1.69729 100 22 -0.70295 100 30 0 0 0 0 0 0 0 0
84800 -282.647 -1.0268 100 19 0 0 0 0 0 0 0 0 0 -1.71165 100 25 -0.849283 100 30 0 0 0 0 0 0 0 0
84900 -283.782 -0.503623 100 27 0 0 0 0 0 0 0 0 0 -1.64805 100 11 -0.924555 100 31 0 0 0 0 0 0 0 0
85000 -283.731 -0.909767 100 28 0 0 0 0 0 0 0 0 0 -1.51728 100 20 -1.23992 100 35 0 0 0 0 0 0 0 0
85100 -282.848 -1.31304 100 25 0 0 0 0 0 0 0 0 0 -1.62121 100 22 -0.725648 100 26 0 0 0 0 0 0 0 0
85200 -283.306 -1.18372 100 33 0 0 0 0 0 0 0 0 0 -1.50098 100 24 -1.12661 100 28 0 0 0 0 0 0 0 0
85300 -282.625 -1.11247 100 19 0 0 0 0 0 0 0 0 0 -1.70517 100 24 -0.763031 100 22 0 0 0 0 0 0 0 0
85400 -284.048 -0.820213 100 31 0 0 0 0 0 0 0 0 0 -1.89422 100 23 -0.853929 100 24 0 0 0 0 0 0 0 0
85500 -284.558 -0.679055 100 22 0 0 0 0 0 0 0 0 0 -1.83614 100 20 -1.14367 100 23 0 0 0 0 0 0 0 0
85600 -284.923 -0.536883 100 25 0 0 0 0 0 0 0 0 0 -2.00786 100 26 -0.260438 100 23 0 0 0 0 0 0 0 0
85700 -283.27 -0.904951 100 31 0 0 0 0 0 0 0 0 0 -1.85775 100 20 -0.576896 100 29 0 0 0 0 0 0 0 0
85800 -283.904 -1.31029 100 18 0 0 0 0 0 0 0 0 0 -1.62378 100 19 -0.386907 100 22 0 0 0 0 0 0 0 0
85900 -285.323 -0.918515 100 22 0 0 0 0 0 0 0 0 0 -1.97198 100 23 -0.094258 100 32 0 0 0 0 0 0 0 0
86000 -282.776 -1.22403 100 30 0 0 0 0 0 0 0 0 0 -1.69984 100 24 -0.746406 100 38 0 0 0 0 0 0 0 0
86100 -283.651 -0.794852 100 22 0 0 0 0 0 0 0 0 0 -1.90418 100 17 -0.445005 100 32 0 0 0 0 0 0 0 0
86200 -284.633 -1.69559 100 20 0 0 0 0 0 0 0 0 0 -1.75441 100 31 -0.691081 100 33 0 0 0 0 0 0 0 0
86300 -284.893 -1.8076 100 24 0 0 0 0 0 0 0 0 0 -1.64106 100 22 -0.521421 100 23 0 0 0 0 0 0 0 0
86400 -282.705 -0.963431 100 23 0 0 0 0 0 0 0 0 0 -1.74814 100 22 -0.566143 100 26 0 0 0 0 0 0 0 0
86500 -283.029 -0.731249 100 21 0 0 0 0 0 0 0 0 0 -1.80506 100 22 -0.757605 100 22 0 0 0 0 0 0 0 0
86600 -282.594 -0.849225 100 25 0 0 0 0 0 0 0 0 0 -1.72741 100 32 -0.649762 100 30 0 0 0 0 0 0 0 0
86700 -284.666 -0.652414 100 29 0 0 0 0 0 0 0 0 0 -1.61803 100 19 -1.37584 100 29 0 0 0 0 0 0 0 0
86800 -283.26 -0.766532 100 24 0 0 0 0 0 0 0 0 0 -1.55842 100 20 -0.772678 100 23 0 0 0 0 0 0 0 0
86900 -284.349 -0.484015 100 17 0 0 0 0 0 0 0 0 0 -1.76044 100 23 -1.1057 100 29 0 0 0 0 0 0 0 0
87000 -284.599 -1.33215 100 18 0 0 0 0 0 0 0 0 0 -1.85916 100 24 -0.843424 100 31 0 0 0 0 0 0 0 0
87100 -285.592 -1.38364 100 26 0 0 0 0 0 0 0 0 0 -1.95038 100 18 -0.413573 100 24 0 0 0 0 0 0 0 0
87200 -283.564 -1.02964 100 17 0 0 0 0 0 0 0 0 0 -1.54483 100 28 -1.27109 100 31 0 0 0 0 0 0 0 0
87300 -282.541 -0.97408 100 29 0 0 0 0 0 0 0 0 0 -1.68217 100 19 -0.848796 100 33 0 0 0 0 0 0 0 0
87400 -283.602 -1.04386 100 24 0 0 0 0 0 0 0 0 0 -1.47469 100 22 -0.759689 100 23 0 0 0 0 0 0 0 0
87500 -287.939 -0.146573 100 28 0 0 0 0 0 0 0 0 0 -1.79171 100 21 -0.0262942 100 23 0 0 0 0 0 0 0 0
87600 -283.631 -0.864045 100 22 0 0 0 0 0 0 0 0 0 -1.88614 100 15 -0.382795 100 28 0 0 0 0 0 0 0 0
87700 -285.27 -1.64665 100 33 0 0 0 0 0 0 0 0 0 -1.74963 100 19 -0.300429 100 25 0 0 0 0 0 0 0 0
87800 -283.276 -1.26509 100 26 0 0 0 0 0 0 0 0 0 -1.70157 100 15 -0.46304 100 30 0 0 0 0 0 0 0 0
87900 -285.749 -0.821252 100 25 0 0 0 0 0 0 0 0 0 -1.37258 100 18 -1.27596 100 28 0 0 0 0 0 0 0 0
88000 -283.124 -1.07828 100 21 0 0 0 0 0 0 0 0 0 -1.79621 100 24 -0.491959 100 23 0 0 0 0 0 0 0 0
88100 -282.812 -0.748023 100 24 0 0 0 0 0 0 0 0 0 -1.65148 100 21 -0.676262 100 25 0 0 0 0 0 0 0 0
88200 -283.404 -1.40845 100 23 0 0 0 0 0 0 0 0 0 -1.73413 100 19 -0.713651 100 34 0 0 0 0 0 0 0 0
88300 -283.157 -1.09089 100 25 0 0 0 0 0 0 0 0 0 -1.63327 100 24 -1.15383 100 32 0 0 0 0 0 0 0 0
88400 -282.834 -1.30491 100 22 0 0 0 0 0 0 0 0 0 -1.59345 100 21 -0.778783 100 28 0 0 0 0 0 0 0 0
88500 -283.768 -1.11881 100 19 0 0 0 0 0 0 0 0 0 -1.79908 100 24 -0.996046 100 33 0 0 0 0 0 0 0 0
88600 -284.004 -0.841699 100 33 0 0 0 0 0 0 0 0 0 -1.79804 100 26 -1.127 100 22 0 0 0 0 0 0 0 0
88700 -282.833 -0.811196 100 26 0 0 0 0 0 0 0 0 0 -1.64372 100 15 -0.606461 100 33 0 0 0 0 0 0 0 0
88800 -283.593 -0.978085 100 30 0 0 0 0 0 0 0 0 0 -1.46468 100 14 -0.945818 100 27 0 0 0 0 0 0 0 0
88900 -284.139 -0.807085 100 25 0 0 0 0 0 0 0 0 0 -1.48553 100 21 -1.20025 100 25 0 0 0 0 0 0 0 0
89000 -283.337 -0.655162 100 24 0 0 0 0 0 0 0 0 0 -1.6053 100 27 -0.700966 100 30 0 0 0 0 0 0 0 0
89100 -287.147 -0.935161 100 22 0 0 0 0 0 0 0 0 0 -2.08284 100 20 -0.782258 100 30 0 0 0 0 0 0 0 0
89200 -283.998 -1.47207 100 21 0 0 0 0 0 0 0 0 0 -1.67285 100 27 -1.12898 100 26 0 0 0 0 0 0 0 0
89300 -284.957 -1.8303 100 22 0 0 0 0 0 0 0 0 0 -1.5656 100 24 -1.17856 100 30 0 0 0 0 0 0 0 0
89400 -283.903 -1.10334 100 29 0 0 0 0 0 0 0 0 0 -1.74078 100 17 -0.257647 100 38 0 0 0 0 0 0 0 0
89500 -283.901 -1.23329 100 24 0 0 0 0 0 0 0 0 0 -1.59452 100 28 -0.399313 100 21 0 0 0 0 0 0 0 0
89600 -286.014 -1.95887 100 18 0 0 0 0 0 0 0 0 0 -1.38638 100 19 -0.882185 100 29 0 0 0 0 0 0 0 0
89700 -282.9 -0.667603 100 28 0 0 0 0 0 0 0 0 0 -1.676 100 30 -0.763253 100 32 0 0 0 0 0 0 0 0
89800 -283.795 -1.16332 100 23 0 0 0 0 0 0 0 0 0 -1.85215 100 22 -0.417343 100 30 0 0 0 0 0 0 0 0
89900 -284.294 -0.337725 100 22 0 0 0 0 0 0 0 0 0 -1.73175 100 19 -0.806926 100 24 0 0 0 0 0 0 0 0
90000 -282.909 -0.886905 100 20 0 0 0 0 0 0 0 0 0 -1.57178 100 19 -0.737447 100 39 0 0 0 0 0 0 0 0
90100 -282.973 -0.915091 100 21 0 0 0 0 0 0 0 0 0 -1.55781 100 28 -1.00789 100 27 0 0 0 0 0 0 0 0
90200 -284.184 -0.428779 100 27 0 0 0 0 0 0 0 0 0 -1.85016 100 24 -0.85413 100 29 0 0 0 0 0 0 0 0
90300 -283.335 -1.25194 100 24 0 0 0 0 0 0 0 0 0 -1.72275 100 28 -0.990589 100 33 0 0 0 0 0 0 0 0
90400 -284.122 -0.736643 100 25 0 0 0 0 0 0 0 0 0 -1.4986 100 24 -1.13096 100 42 0 0 0 0 0 0 0 0
90500 -284.857 -0.596708 100 23 0 0 0 0 0 0 0 0 0 -1.98897 100 27 -0.199017 100 24 0 0 0 0 0 0 0 0
90600 -283.031 -0.84615 100 21 0 0 0 0 0 0 0 0 0 -1.72698 100 17 -0.426338 100 30 0 0 0 0 0 0 0 0
90700 -288.018 0.0895334 100 26 0 0 0 0 0 0 0 0 0 -1.93378 100 19 -0.85804 100 29 0 0 0 0 0 0 0 0
90800 -283.109 -0.980995 100 28 0 0 0 0 0 0 0 0 0 -1.8043 100 18 -0.801968 100 30 0 0 0 0 0 0 0 0
90900 -283.215 -1.13286 100 23 0 0 0 0 0 0 0 0 0 -1.52813 100 17 -1.14627 100 35 0 0 0 0 0 0 0 0
91000 -286.247 -1.59103 100 22 0 0 0 0 0 0 0 0 0 -1.845 100 24 -1.08527 100 30 0 0 0 0 0 0 0 0
91100 -282.952 -1.16066 100 21 0 0 0 0 0 0 0 0 0 -1.67828 100 20 -1.00692 100 27 0 0 0 0 0 0 0 0
91200 -282.698 -0.950061 100 29 0 0 0 0 0 0 0 0 0 -1.76131 100 27 -0.7189 100 33 0 0 0 0 0 0 0 0
91300 -283.175 -0.588869 100 30 0 0 0 0 0 0 0 0 0 -1.80741 100 25 -0.599331 100 33 0 0 0 0 0 0 0 0
91400 -282.798 -0.805294 100 27 0 0 0 0 0 0 0 0 0 -1.6073 100 24 -0.816315 100 22 0 0 0 0 0 0 0 0
91500 -283.697 -0.972999 100 26 0 0 0 0 0 0 0 0 0 -1.65957 100 19 -0.330298 100 37 0 0 0 0 0 0 0 0
91600 -283.062 -1.00295 100 17 0 0 0 0 0 0 0 0 0 -1.81751 100 22 -0.581045 100 29 0 0 0 0 0 0 0 0
91700 -284.371 -0.753944 100 27 0 0 0 0 0 0 0 0 0 -1.45887 100 25 -1.01941 100 30 0 0 0 0 0 0 0 0
91800 -282.698 -1.08867 100 24 0 0 0 0 0 0 0 0 0 -1.66671 100 23 -0.584253 100 29 0 0 0 0 0 0 0 0
91900 -283.554 -1.58783 100 28 0 0 0 0 0 0 0 0 0 -1.59418 100 23 -0.784176 100 28 0 0 0 0 0 0 0 0
92000 -283.774 -0.472528 100 26 0 0 0 0 0 0 0 0 0 -1.6629 100 30 -0.831648 100 26 0 0 0 0 0 0 0 0
92100 -282.545 -1.11685 100 28 0 0 0 0 0 0 0 0 0 -1.63719 100 19 -0.830781 100 29 0 0 0 0 0 0 0 0
92200 -283.047 -1.25175 100 23 0 0 0 0 0 0 0 0 0 -1.6992 100 15 -0.533794 100 27 0 0 0 0 0 0 0 0
92300 -283.01 -0.721677 100 24 0 0 0 0 0 0 0 0 0 -1.80663 100 23 -0.728375 100 30 0 0 0 0 0 0 0 0
92400 -282.697 -1.20727 100 27 0 0 0 0 0 0 0 0 0 -1.60095 100 19 -0.906037 100 28 0 0 0 0 0 0 0 0
92500 -284.367 -0.863704 100 23 0 0 0 0 0 0 0 0 0 -1.54223 100 24 -0.436268 100 34 0 0 0 0 0 0 0 0
92600 -283.636 -1.31543 100 33 0 0 0 0 0 0 0 0 0 -1.80499 100 15 -0.600304 100 25 0 0 0 0 0 0 0 0
92700 -284.953 -1.09893 100 31 0 0 0 0 0 0 0 0 0 -1.9496 100 20 -0.735832 100 31 0 0 0 0 0 0 0 0
92800 -282.514 -1.05921 100 24 0 0 0 0 0 0 0 0 0 -1.64694 100 21 -0.723957 100 31 0 0 0 0 0 0 0 0
92900 -282.988 -1.314 100 19 0 0 0 0 0 0 0 0 0 -1.70417 100 19 -0.713774 100 22 0 0 0 0 0 0 0 0
93000 -282.584 -0.824388 100 15 0 0 0 0 0 0 0 0 0 -1.70098 100 14 -0.776588 100 30 0 0 0 0 0 0 0 0
93100 -283.177 -1.44525 100 19 0 0 0 0 0 0 0 0 0 -1.60159 100 27 -0.929597 100 22 0 0 0 0 0 0 0 0
93200 -284.469 -0.663495 100 23 0 0 0 0 0 0 0 0 0 -1.96503 100 25 -0.258679 100 27 0 0 0 0 0 0 0 0
93300 -283.981 -0.973705 100 24 0 0 0 0 0 0 0 0 0 -1.88127 100 18 -0.833804 100 28 0 0 0 0 0 0 0 0
93400 -283.304 -0.910946 100 31 0 0 0 0 0 0 0 0 0 -1.72109 100 25 -1.10176 100 24 0 0 0 0 0 0 0 0
93500 -284.369 -0.404461 100 20 0 0 0 0 0 0 0 0 0 -1.74572 100 25 -1.01879 100 27 0 0 0 0 0 0 0 0
93600 -283.968 -1.38542 100 25 0 0 0 0 0 0 0 0 0 -1.69353 100 28 -1.14988 100 27 0 0 0 0 0 0 0 0
93700 -282.627 -0.904529 100 21 0 0 0 0 0 0 0 0 0 -1.6135 100 29 -0.868513 100 23 0 0 0 0 0 0 0 0
93800 -283.135 -1.41654 100 25 0 0 0 0 0 0 0 0 0 -1.54995 100 19 -0.883069 100 26 0 0 0 0 0 0 0 0
93900 -284.188 -0.544718 100 26 0 0 0 0 0 0 0 0 0 -1.79695 100 16 -0.244386 100 32 0 0 0 0 0 0 0 0
94000 -284.865 -1.77174 100 23 0 0 0 0 0 0 0 0 0 -1.50589 100 22 -1.24511 100 32 0 0 0 0 0 0 0 0
94100 -283.917 -1.08032 100 31 0 0 0 0 0 0 0 0 0 -1.46615 100 21 -1.27078 100 32 0 0 0 0 0 0 0 0
94200 -282.998 -0.945932 100 28 0 0 0 0 0 0 0 0 0 -1.67845 100 20 -1.07011 100 28 0 0 0 0 0 0 0 0
94300 -284.769 -1.59835 100 30 0 0 0 0 0 0 0 0 0 -1.39776 100 26 -0.854359 100 25 0 0 0 0 0 0 0 0
94400 -286.179 -0.689543 100 25 0 0 0 0 0 0 0 0 0 -1.44804 100 24 -1.51729 100 23 0 0 0 0 0 0 0 0
94500 -282.628 -0.923358 100 28 0 0 0 0 0 0 0 0 0 -1.61109 100 22 -0.889089 100 23 0 0 0 0 0 0 0 0
94600 -285.131 -1.34768 100 24 0 0 0 0 0 0 0 0 0 -1.76427 100 19 -0.150623 100 37 0 0 0 0 0 0 0 0
94700 -283.719 -1.4092 100 25 0 0 0 0 0 0 0 0 0 -1.48841 100 24 -1.18128 100 25 0 0 0 0 0 0 0 0
94800 -286.194 -0.503355 100 18 0 0 0 0 0 0 0 0 0 -2.11038 100 26 -0.249802 100 25 0 0 0 0 0 0 0 0
94900 -282.898 -0.727302 100 22 0 0 0 0 0 0 0 0 0 -1.76508 100 18 -0.805338 100 28 0 0 0 0 0 0 0 0
95000 -283.723 -0.611845 100 24 0 0 0 0 0 0 0 0 0 -1.66381 100 25 -1.11346 100 25 0 0 0 0 0 0 0 0
95100 -283.335 -0.677196 100 30 0 0 0 0 0 0 0 0 0 -1.58305 100 21 -0.803553 100 22 0 0 0 0 0 0 0 0
95200 -283.705 -0.96969 100 26 0 0 0 0 0 0 0 0 0 -1.89252 100 23 -0.613314 100 26 0 0 0 0 0 0 0 0
95300 -285.158 -1.02601 100 18 0 0 0 0 0 0 0 0 0 -1.46219 100 19 -0.466975 100 37 0 0 0 0 0 0 0 0
95400 -283.905 -1.67472 100 26 0 0 0 0 0 0 0 0 0 -1.53541 100 19 -0.905612 100 28 0 0 0 0 0 0 0 0
95500 -284.571 -1.22637 100 28 0 0 0 0 0 0 0 0 0 -1.66986 100 23 -0.224696 100 30 0 0 0 0 0 0 0 0
95600 -283.874 -0.505614 100 28 0 0 0 0 0 0 0 0 0 -1.81241 100 18 -0.917396 100 25 0 0 0 0 0 0 0 0
95700 -282.89 -1.32849 100 23 0 0 0 0 0 0 0 0 0 -1.58144 100 31 -0.801307 100 36 0 0 0 0 0 0 0 0
95800 -282.727 -0.905204 100 25 0 0 0 0 0 0 0 0 0 -1.6075 100 22 -0.689644 100 22 0 0 0 0 0 0 0 0
95900 -285.438 -1.99815 100 26 0 0 0 0 0 0 0 0 0 -1.49036 100 17 -1.07271 100 22 0 0 0 0 0 0 0 0
96000 -282.93 -1.03673 100 19 0 0 0 0 0 0 0 0 0 -1.7058 100 23 -0.466805 100 32 0 0 0 0 0 0 0 0
96100 -284.714 -1.65166 100 28 0 0 0 0 0 0 0 0 0 -1.58621 100 24 -1.28774 100 27 0 0 0 0 0 0 0 0
96200 -282.908 -0.666401 100 29 0 0 0 0 0 0 0 0 0 -1.71015 100 33 -0.615401 100 22 0 0 0 0 0 0 0 0
96300 -283.265 -0.947062 100 23 0 0 0 0 0 0 0 0 0 -1.84758 100 22 -0.664066 100 39 0 0 0 0 0 0 0 0
96400 -283.36 -0.845382 100 18 0 0 0 0 0 0 0 0 0 -1.77499 100 17 -1.01033 100 35 0 0 0 0 0 0 0 0
96500 -285.994 -0.542017 100 24 0 0 0 0 0 0 0 0 0 -1.57518 100 20 -1.51448 100 26 0 0 0 0 0 0 0 0
96600 -282.69 -0.927047 100 22 0 0 0 0 0 0 0 0 0 -1.60173 100 18 -0.932129 100 28 0 0 0 0 0 0 0 0
96700 -283.254 -1.47577 100 33 0 0 0 0 0 0 0 0 0 -1.60131 100 25 -0.727749 100 22 0 0 0 0 0 0 0 0
96800 -282.902 -1.24512 100 24 0 0 0 0 0 0 0 0 0 -1.56223 100 17 -0.998414 100 17 0 0 0 0 0 0 0 0
96900 -283.057 -0.66586 100 20 0 0 0 0 0 0 0 0 0 -1.77782 100 17 -0.809053 100 26 0 0 0 0 0 0 0 0
97000 -282.973 -0.957048 100 19 0 0 0 0 0 0 0 0 0 -1.62915 100 16 -0.524029 100 32 0 0 0 0 0 0 0 0
97100 -282.675 -1.16114 100 19 0 0 0 0 0 0 0 0 0 -1.63935 100 17 -0.656323 100 28 0 0 0 0 0 0 0 0
97200 -284.417 -0.85433 100 18 0 0 0 0 0 0 0 0 0 -1.93891 100 28 -0.231234 100 20 0 0 0 0 0 0 0 0
97300 -284.152 -0.415066 100 29 0 0 0 0 0 0 0 0 0 -1.75872 100 13 -0.956976 100 26 0 0 0 0 0 0 0 0
97400 -284.232 -1.74588 100 31 0 0 0 0 0 0 0 0 0 -1.60489 100 19 -0.687881 100 32 0 0 0 0 0 0 0 0
97500 -284.92 -0.218607 100 21 0 0 0 0 0 0 0 0 0 -1.88658 100 19 -0.473752 100 25 0 0 0 0 0 0 0 0
97600 -282.956 -0.863578 100 28 0 0 0 0 0 0 0 0 0 -1.8052 100 31 -0.504511 100 27 0 0 0 0 0 0 0 0
97700 -282.778 -0.843613 100 24 0 0 0 0 0 0 0 0 0 -1.75192 100 21 -0.833995 100 28 0 0 0 0 0 0 0 0
97800 -283.835 -0.983985 100 25 0 0 0 0 0 0 0 0 0 -1.90487 100 27 -0.566785 100 19 0 0 0 0 0 0 0 0
97900 -286.407 -1.71027 100 21 0 0 0 0 0 0 0 0 0 -1.90522 100 31 -0.587196 100 25 0 0 0 0 0 0 0 0
98000 -284.362 -0.294242 100 23 0 0 0 0 0 0 0 0 0 -1.79254 100 18 -0.614857 100 23 0 0 0 0 0 0 0 0
98100 -283.572 -0.662022 100 23 0 0 0 0 0 0 0 0 0 -1.88156 100 18 -0.40443 100 29 0 0 0 0 0 0 0 0
98200 -282.931 -0.909406 100 25 0 0 0 0 0 0 0 0 0 -1.81019 100 18 -0.578811 100 25 0 0 0 0 0 0 0 0
98300 -282.689 -0.976469 100 32 0 0 0 0 0 0 0 0 0 -1.59649 100 28 -0.954704 100 32 0 0 0 0 0 0 0 0
98400 -288.096 -1.62087 100 22 0 0 0 0 0 0 0 0 0 -1.19861 100 16 -1.23908 100 31 0 0 0 0 0 0 0 0
98500 -285.26 -1.16275 100 18 0 0 0 0 0 0 0 0 0 -1.45098 100 21 -0.464793 100 25 0 0 0 0 0 0 0 0
98600 -283.577 -0.860565 100 23 0 0 0 0 0 0 0 0 0 -1.57767 100 23 -1.23772 100 23 0 0 0 0 0 0 0 0
98700 -284.336 -1.17441 100 26 0 0 0 0 0 0 0 0 0 -1.69324 100 25 -0.228559 100 31 0 0 0 0 0 0 0 0
98800 -283.391 -0.534227 100 22 0 0 0 0 0 0 0 0 0 -1.77999 100 17 -0.494137 100 40 0 0 0 0 0 0 0 0
98900 -283.334 -0.796106 100 20 0 0 0 0 0 0 0 0 0 -1.57424 100 30 -1.10552 100 31 0 0 0 0 0 0 0 0
99000 -284.782 -0.453788 100 24 0 0 0 0 0 0 0 0 0 -1.57387 100 20 -0.675122 100 26 0 0 0 0 0 0 0 0
99100 -282.653 -1.0445 100 28 0 0 0 0 0 0 0 0 0 -1.71416 100 26 -0.592988 100 34 0 0 0 0 0 0 0 0
99200 -283.231 -1.32879 100 25 0 0 0 0 0 0 0 0 0 -1.68943 100 16 -0.525781 100 24 0 0 0 0 0 0 0 0
99300 -286.85 -1.21498 100 24 0 0 0 0 0 0 0 0 0 -2.03115 100 21 -0.0705252 100 23 0 0 0 0 0 0 0 0
99400 -288.977 -1.70068 100 29 0 0 0 0 0 0 0 0 0 -1.37225 100 27 -2.02322 100 27 0 0 0 0 0 0 0 0
99500 -283.158 -0.876717 100 26 0 0 0 0 0 0 0 0 0 -1.53203 100 17 -0.82768 100 31 0 0 0 0 0 0 0 0
99600 -285.605 -1.0282 100 24 0 0 0 0 0 0 0 0 0 -2.01335 100 25 -0.642242 100 34 0 0 0 0 0 0 0 0
99700 -284.052 -0.365996 100 19 0 0 0 0 0 0 0 0 0 -1.79484 100 22 -0.505467 100 31 0 0 0 0 0 0 0 0
99800 -285.503 -1.52913 100 18 0 0 0 0 0 0 0 0 0 -1.59306 100 26 -1.53044 100 24 0 0 0 0 0 0 0 0
99900 -290.387 -1.22744 100 17 0 0 0 0 0 0 0 0 0 -1.12715 100 24 -1.31784 100 34 0 0 0 0 0 0 0 0
100000 -284.582 -1.80162 100 16 0 0 0 0 0 0 0 0 0 -1.60072 100 28 -1.03666 100 25 0 0 0 0 0 0 0 0
